nresidues = 228
0 46 0.149856
0 47 0.299713
0 48 1.49856
0 49 0.299713
0 71 3.74641
0 72 4.19598
1 45 0.599425
1 69 0.299713
1 70 0.149856
1 71 0.449569
2 6 0.0936602
2 7 0.18732
2 45 0.749282
2 63 0.149856
3 6 2.06052
3 7 0.4683
3 45 0.899138
4 7 1.96686
4 8 0.18732
4 68 0.149856
5 8 1.8732
5 9 0.280982
6 9 1.8732
6 10 0.374641
6 43 0.299713
6 45 0.599425
7 10 1.8732
7 11 0.18732
7 60 0.149856
8 11 1.8732
9 12 1.8732
9 13 0.4683
9 212 0.299713
9 213 0.149856
10 13 1.8732
10 14 0.18732
10 28 0.149856
10 56 0.149856
10 60 0.749282
11 14 1.77955
11 57 0.299713
11 60 0.149856
12 15 1.96686
12 16 0.0936602
12 187 0.599425
12 188 0.149856
12 189 0.449569
12 215 0.749282
13 16 1.96686
13 17 0.0936602
13 28 0.749282
13 29 0.299713
13 30 0.599425
13 39 0.899138
13 40 0.299713
14 17 2.06052
14 18 0.0936602
14 56 0.449569
15 187 0.149856
16 31 0.149856
16 32 0.299713
16 37 0.449569
16 39 0.149856
16 187 0.149856
17 30 0.149856
17 31 0.599425
17 100 0.599425
18 54 3.14698
18 55 2.84727
18 56 0.299713
19 53 2.99713
19 54 0.299713
20 29 0.299713
20 52 2.99713
20 53 0.299713
20 56 0.149856
20 99 0.299713
21 51 3.29684
21 101 0.749282
22 50 2.99713
22 51 0.449569
23 47 0.899138
23 50 0.599425
24 47 3.74641
24 48 1.04899
24 49 0.299713
24 50 0.899138
25 45 0.149856
25 46 4.19598
25 47 0.599425
26 42 2.99713
26 43 1.19885
26 44 0.149856
26 45 0.599425
26 46 0.749282
27 40 0.449569
27 41 2.99713
27 42 0.149856
28 40 2.99713
28 41 0.449569
28 43 0.299713
28 47 0.149856
29 38 0.299713
29 39 2.99713
29 40 0.149856
29 102 0.299713
29 104 0.749282
29 105 0.299713
30 38 3.14698
30 39 0.149856
30 102 1.04899
31 35 0.899138
31 37 2.99713
31 102 0.149856
32 35 0.149856
32 37 0.299713
36 185 0.899138
36 216 0.149856
36 217 2.99713
36 218 0.299713
37 185 1.04899
37 216 2.99713
38 105 0.749282
38 106 1.19885
38 215 3.29684
38 216 0.449569
39 214 2.84727
39 215 0.149856
40 213 2.99713
40 214 0.299713
41 212 0.149856
49 72 0.149856
49 73 0.599425
49 74 0.299713
50 74 0.149856
51 80 0.299713
51 93 0.149856
52 93 2.99713
52 94 0.749282
52 99 0.149856
53 59 0.299713
53 80 0.149856
53 91 0.299713
53 94 0.149856
53 99 0.149856
54 94 0.149856
54 98 0.449569
54 99 0.149856
55 58 2.3415
55 59 0.0936602
55 91 0.149856
56 59 1.8732
56 60 0.655623
57 60 1.8732
57 61 0.280982
58 61 1.8732
58 62 0.280982
58 91 1.19885
59 62 1.96686
59 63 0.18732
59 72 0.299713
59 91 1.34871
60 63 1.96686
61 64 1.96686
62 65 1.77955
62 82 0.149856
62 89 0.149856
62 91 0.299713
63 66 0.280982
66 70 0.149856
66 84 1.04899
67 70 0.299713
67 84 0.749282
67 85 0.149856
70 82 0.149856
70 83 2.99713
71 81 0.149856
71 82 2.99713
71 83 0.449569
72 80 0.299713
72 81 3.14698
73 80 3.14698
73 81 0.599425
74 78 0.299713
74 79 3.14698
75 78 0.149856
75 79 0.449569
75 90 0.749282
78 93 0.149856
79 91 2.99713
79 92 0.449569
79 93 0.449569
80 89 0.149856
80 90 3.14698
80 91 0.899138
81 88 0.299713
81 89 2.99713
82 88 2.99713
82 89 1.19885
83 87 2.54756
84 87 0.899138
94 98 0.149856
95 98 0.599425
96 99 0.299713
96 101 0.149856
108 196 0.299713
108 198 0.149856
108 205 0.299713
108 206 0.299713
108 207 0.749282
109 198 1.19885
110 198 0.149856
111 114 0.149856
111 196 0.149856
111 197 3.14698
112 197 3.14698
112 198 0.599425
112 199 0.149856
112 227 1.19885
113 171 0.149856
113 177 0.149856
113 195 0.149856
113 196 2.84727
113 197 0.449569
113 227 0.449569
114 195 3.14698
115 168 0.449569
115 169 0.749282
115 194 2.99713
115 195 1.49856
116 168 0.299713
116 169 0.149856
116 193 2.99713
116 194 0.149856
116 195 0.149856
117 121 0.280982
117 122 0.280982
117 166 0.149856
117 192 2.84727
117 193 0.449569
118 121 1.96686
118 122 0.18732
118 191 2.69741
118 192 0.749282
119 122 1.8732
119 123 0.18732
119 191 0.599425
119 192 0.299713
120 123 2.06052
120 124 0.18732
121 124 1.8732
121 125 0.18732
121 166 0.299713
122 125 1.8732
122 126 0.749282
122 188 0.149856
122 189 0.149856
122 191 0.149856
122 193 0.299713
123 126 1.8732
123 127 1.12392
124 127 1.8732
124 128 0.280982
124 164 0.899138
125 128 1.68588
125 129 0.4683
125 164 0.299713
126 129 1.68588
126 130 0.561961
127 130 1.68588
128 131 1.77955
128 132 0.280982
128 164 0.299713
129 132 1.68588
129 133 1.8732
129 134 1.03026
129 183 0.149856
132 163 0.749282
133 152 1.04899
133 163 0.149856
134 150 0.449569
134 151 3.14698
134 164 0.149856
134 183 0.149856
135 151 2.99713
135 152 0.749282
135 153 0.899138
135 154 0.149856
135 182 3.14698
135 183 0.449569
136 150 2.84727
136 151 1.04899
136 153 0.299713
136 181 2.99713
137 148 0.149856
137 149 3.14698
137 179 0.149856
137 180 2.99713
137 181 0.599425
137 183 0.599425
138 147 0.149856
138 148 2.99713
138 149 0.449569
138 151 0.149856
138 178 0.149856
138 179 3.14698
139 146 0.149856
139 147 2.99713
139 148 0.149856
139 177 0.299713
139 178 2.84727
139 179 0.749282
139 181 0.149856
139 197 0.149856
140 145 0.149856
140 146 3.14698
140 147 0.749282
140 149 0.149856
140 177 4.04612
140 178 0.449569
141 145 2.99713
141 171 0.299713
141 175 0.149856
141 176 1.34871
141 177 0.599425
142 145 0.899138
142 147 0.149856
144 170 3.29684
144 171 0.749282
145 167 0.149856
145 169 2.99713
145 170 0.599425
146 167 2.84727
146 168 2.99713
146 169 0.449569
146 171 0.599425
146 177 0.299713
147 166 2.99713
148 164 0.149856
148 165 2.99713
148 166 0.599425
148 168 0.299713
149 164 2.99713
149 165 0.299713
150 162 2.99713
150 163 2.69741
150 164 0.299713
151 156 0.449569
151 159 2.3977
151 160 0.299713
151 161 0.749282
151 162 0.599425
152 155 3.89626
152 156 0.449569
153 156 2.99713
153 157 0.599425
153 159 0.299713
153 222 0.149856
155 161 0.149856
155 163 0.149856
156 159 1.19885
156 160 0.599425
156 161 1.49856
159 180 0.149856
159 222 0.149856
171 174 0.149856
171 175 0.899138
171 177 0.299713
175 226 1.19885
175 227 1.19885
176 225 2.84727
176 226 2.24784
177 224 3.14698
177 225 0.149856
177 227 0.599425
178 223 2.99713
178 224 0.599425
179 197 0.299713
179 219 0.599425
179 223 0.599425
179 225 0.149856
180 219 3.29684
180 220 0.899138
180 222 0.599425
180 223 0.449569
181 186 0.149856
181 219 0.449569
181 220 0.149856
182 185 1.34871
182 220 0.149856
183 186 0.749282
184 187 0.449569
185 217 0.449569
186 208 0.299713
186 217 0.149856
187 215 0.449569
188 193 0.749282
188 215 1.34871
188 217 0.149856
189 193 0.749282
189 212 0.149856
189 213 0.149856
189 215 0.449569
190 193 0.149856
192 209 0.149856
192 210 0.299713
193 208 0.599425
193 209 3.59655
193 210 0.599425
193 215 0.299713
194 207 0.149856
194 208 2.84727
194 209 0.899138
195 207 2.99713
195 208 0.299713
196 206 2.99713
196 207 1.19885
196 209 0.149856
197 205 2.84727
197 206 0.149856
197 219 0.149856
198 203 0.449569
198 204 3.14698
198 205 0.749282
199 203 2.99713
199 225 1.34871
199 227 0.149856
200 203 0.899138
200 225 0.449569
201 225 0.599425
204 218 2.54756
204 219 0.749282
204 220 0.149856
205 217 2.99713
205 219 0.449569
206 215 0.149856
206 216 3.14698
206 217 0.599425
206 219 0.149856
207 214 0.149856
207 215 3.29684
208 213 0.149856
208 214 2.99713
208 215 0.599425
209 213 2.84727
209 214 0.599425
210 213 0.899138
219 223 0.299713
220 223 0.749282
