nresidues = 389
1 6 0.0911414
2 5 2.64309
2 6 0.364565
3 6 1.91397
3 7 0.182283
4 7 1.82283
4 8 0.455706
5 8 1.82283
5 9 0.182283
6 9 1.82283
6 10 0.182283
7 10 2.36966
7 11 0.729131
7 179 1.45826
8 11 0.0911414
9 181 0.437479
10 179 0.145826
10 180 2.91652
10 181 0.437479
11 178 2.47905
11 179 0.729131
11 180 0.583305
11 181 0.583305
12 177 0.145826
12 178 0.729131
12 180 0.145826
12 181 0.145826
12 225 0.145826
12 226 0.874957
13 226 1.74991
14 178 0.145826
14 225 0.583305
14 226 0.145826
15 178 0.729131
15 224 0.145826
15 225 0.729131
15 237 0.291652
15 238 0.145826
16 174 0.291652
16 177 0.145826
16 178 0.437479
16 224 2.91652
16 225 0.145826
16 237 2.7707
16 238 0.583305
17 222 0.145826
17 223 3.20818
17 224 0.729131
17 234 0.291652
17 236 3.06235
17 237 0.145826
18 21 0.145826
18 222 2.91652
18 234 2.7707
18 235 2.91652
18 236 0.437479
18 345 0.145826
19 184 0.145826
19 222 2.7707
19 223 0.145826
19 232 0.145826
19 233 0.583305
19 234 0.145826
19 235 0.437479
20 112 0.145826
20 115 1.31244
20 116 0.145826
20 220 0.145826
20 221 2.91652
20 235 0.145826
20 349 0.145826
21 112 0.145826
21 115 0.437479
21 220 2.91652
21 221 0.145826
21 346 0.583305
21 349 0.437479
22 108 0.437479
22 111 0.145826
22 219 3.06235
22 220 0.291652
23 108 0.437479
23 111 0.583305
23 218 2.91652
23 343 1.16661
23 346 0.145826
24 104 0.437479
24 107 0.437479
24 217 2.7707
24 218 0.437479
24 343 0.145826
25 68 0.291652
25 104 0.583305
25 216 0.291652
25 217 0.145826
25 333 0.874957
25 336 0.145826
25 343 0.583305
26 68 0.437479
26 69 0.583305
26 70 0.145826
26 100 0.145826
26 104 0.291652
26 216 0.583305
28 67 0.145826
28 68 3.06235
28 69 0.583305
28 71 0.291652
28 72 0.145826
29 66 0.291652
29 67 2.91652
29 68 0.583305
30 35 0.291652
30 66 2.91652
30 67 0.729131
31 34 2.7707
31 35 0.291652
31 65 3.06235
31 66 0.729131
32 35 0.437479
32 36 0.145826
32 59 0.437479
32 62 0.583305
32 64 0.583305
32 65 0.437479
32 67 0.729131
32 212 0.437479
33 56 0.145826
34 37 1.73169
34 38 0.0911414
35 38 2.00511
35 39 0.455706
35 55 0.437479
35 67 0.437479
35 69 0.145826
35 197 0.145826
35 211 0.145826
36 39 1.5494
36 40 0.364565
36 52 0.145826
36 55 0.437479
36 56 0.729131
36 59 0.291652
37 40 1.5494
37 41 0.182283
37 52 0.729131
38 41 1.82283
38 42 0.273425
39 42 1.82283
39 43 0.546848
39 55 0.291652
39 197 0.583305
39 198 0.583305
39 199 0.583305
39 200 1.02078
39 208 0.291652
39 211 0.145826
40 43 1.91397
40 44 1.73169
40 45 2.09625
40 46 0.0911414
40 48 0.145826
40 51 0.729131
40 52 1.16661
40 55 0.437479
40 200 0.437479
41 44 0.0911414
41 73 0.145826
42 76 0.291652
42 83 0.291652
43 83 0.291652
43 199 0.145826
43 200 0.437479
44 47 0.291652
45 48 0.729131
45 200 0.437479
46 52 0.145826
48 51 1.91397
48 52 0.182283
48 200 0.145826
49 52 1.82283
49 53 0.455706
50 53 1.82283
50 54 0.182283
51 54 1.82283
51 55 0.182283
51 200 0.437479
51 201 0.291652
51 202 0.437479
51 205 0.145826
51 208 0.145826
52 55 1.91397
52 56 0.182283
53 56 1.82283
53 57 0.0911414
54 57 1.82283
54 58 0.273425
55 58 1.91397
55 59 0.455706
55 208 0.437479
55 211 0.729131
55 212 0.437479
56 59 1.91397
56 60 0.820271
57 60 1.82283
57 61 0.637991
58 61 1.73169
58 62 0.182283
58 205 0.145826
58 208 0.291652
58 209 0.291652
59 62 0.455706
59 212 0.145826
60 63 0.0911414
61 306 0.145826
62 213 0.145826
62 306 0.729131
62 330 0.145826
63 306 0.145826
63 330 2.62487
63 331 0.291652
64 67 0.145826
64 212 0.145826
64 213 0.437479
64 330 0.874957
64 331 3.06235
64 334 0.291652
65 331 3.49983
66 331 0.145826
66 332 3.20818
66 333 2.7707
67 211 0.583305
67 212 1.31244
67 213 0.437479
67 214 0.874957
67 215 0.145826
67 333 0.437479
67 334 0.145826
68 215 2.47905
68 216 0.729131
68 332 0.145826
68 333 0.437479
69 216 0.583305
70 75 0.182283
70 96 0.874957
70 100 1.16661
70 192 0.145826
70 216 0.291652
71 75 0.0911414
71 96 0.145826
71 194 0.145826
71 197 0.437479
72 75 2.18739
72 76 0.364565
73 76 1.82283
73 77 0.182283
74 77 2.46082
74 78 0.546848
75 78 1.82283
75 79 0.455706
75 96 0.145826
76 79 1.82283
76 82 0.145826
76 83 0.437479
76 197 0.437479
79 82 3.20818
79 83 0.145826
79 92 0.145826
79 96 0.437479
80 83 2.91652
80 84 0.145826
81 84 0.437479
81 87 0.291652
81 88 0.437479
82 93 0.437479
82 197 0.437479
82 198 0.145826
83 198 2.62487
83 199 0.145826
84 87 0.583305
84 198 3.20818
84 199 0.437479
85 198 1.02078
85 199 0.729131
85 201 0.291652
85 204 1.60409
85 207 0.145826
86 198 0.145826
86 260 0.291652
87 260 0.437479
88 259 2.91652
89 92 1.82283
89 93 1.00256
89 259 2.91652
89 260 0.437479
90 93 1.91397
90 94 0.455706
90 257 0.145826
90 258 0.437479
90 259 0.437479
91 94 1.82283
91 95 0.455706
92 95 1.82283
92 96 0.364565
93 96 1.82283
93 97 0.273425
93 194 0.874957
93 195 0.729131
93 196 0.145826
93 197 0.583305
93 198 0.437479
93 260 0.437479
93 261 0.291652
94 97 2.00511
94 98 0.364565
94 133 0.729131
94 134 0.583305
95 99 0.0911414
96 99 1.82283
96 100 0.182283
96 194 0.145826
97 100 1.73169
97 101 0.273425
97 102 0.0911414
97 132 0.583305
97 133 0.145826
97 192 0.145826
97 194 0.145826
97 195 0.291652
98 102 0.273425
98 134 0.145826
98 135 0.291652
99 102 1.82283
99 103 0.182283
100 103 2.64309
100 104 0.182283
100 192 0.145826
101 104 1.73169
101 105 0.0911414
101 130 0.437479
101 132 0.291652
101 190 1.02078
101 192 0.145826
102 105 1.82283
102 106 0.182283
102 142 0.291652
102 143 0.145826
102 146 0.145826
103 106 1.82283
103 107 0.546848
104 107 1.82283
104 108 0.0911414
104 190 0.291652
104 217 0.291652
104 218 0.583305
105 108 1.91397
105 109 0.182283
105 143 0.291652
105 188 0.291652
105 218 0.145826
106 109 1.82283
106 110 0.273425
106 143 0.291652
106 146 0.291652
106 147 0.145826
107 110 1.73169
107 111 0.182283
108 111 1.82283
108 112 0.182283
108 218 0.291652
108 219 0.145826
108 220 0.437479
109 112 1.82283
109 113 0.364565
109 147 0.145826
109 220 0.145826
110 113 1.91397
110 114 0.182283
110 147 0.145826
111 114 1.82283
111 115 0.182283
112 115 1.82283
112 116 0.182283
112 220 0.291652
113 116 1.82283
113 117 0.0911414
113 123 0.145826
114 117 0.0911414
115 235 0.145826
115 349 1.16661
116 119 0.291652
116 122 0.145826
116 123 0.145826
116 184 0.145826
116 222 0.729131
116 232 0.874957
118 231 0.583305
119 122 0.437479
120 123 0.583305
120 147 0.437479
120 148 0.583305
121 150 0.583305
122 184 0.291652
123 149 0.145826
123 153 0.145826
123 184 2.91652
123 185 0.145826
123 186 0.145826
124 153 3.354
124 154 0.437479
124 183 0.583305
124 184 3.06235
125 153 0.437479
125 154 3.354
125 156 0.291652
125 183 0.291652
125 184 0.145826
125 185 3.06235
125 186 0.291652
126 140 0.145826
126 144 0.145826
126 153 0.145826
126 154 0.291652
126 155 2.7707
126 156 0.583305
126 186 3.354
127 156 2.7707
127 169 0.291652
127 172 0.437479
127 173 0.291652
127 176 0.291652
127 185 0.145826
127 186 0.291652
127 187 2.91652
127 188 0.291652
128 140 0.291652
128 143 0.291652
128 156 0.145826
128 157 3.20818
128 158 0.729131
128 188 2.91652
129 158 2.7707
129 165 0.145826
129 169 0.291652
129 188 0.437479
129 189 2.91652
129 190 0.145826
129 338 0.291652
130 133 0.145826
130 158 0.145826
130 159 3.06235
130 160 2.62487
130 190 0.583305
130 191 1.31244
131 160 0.583305
131 161 0.437479
131 162 0.291652
131 191 1.31244
131 262 0.145826
131 337 0.145826
132 191 0.291652
132 192 0.583305
132 195 0.583305
133 159 0.437479
134 159 1.45826
135 138 0.145826
135 159 0.437479
137 140 0.0911414
137 141 0.273425
138 141 1.82283
138 142 0.0911414
138 157 0.145826
138 159 0.583305
139 142 1.91397
139 143 0.364565
139 157 0.145826
139 159 0.145826
140 143 1.73169
140 144 0.364565
140 155 1.02078
140 157 1.16661
141 144 1.82283
141 145 0.182283
142 145 1.91397
142 146 0.364565
143 146 1.91397
143 147 0.364565
144 147 1.64054
144 148 1.73169
144 150 0.145826
144 153 0.291652
144 155 0.145826
145 148 0.0911414
147 186 0.145826
150 153 0.437479
156 172 0.145826
156 176 0.874957
158 161 2.04157
160 262 0.291652
161 165 0.145826
162 337 0.291652
162 372 2.62487
164 167 1.64054
164 168 0.273425
164 243 0.145826
164 371 0.874957
164 372 0.729131
164 373 0.437479
164 374 0.437479
164 377 0.874957
164 379 0.729131
165 168 2.36966
165 169 0.364565
165 338 2.91652
166 169 1.73169
166 170 0.273425
166 338 0.145826
167 170 1.82283
167 171 0.182283
167 379 0.437479
168 171 1.91397
168 172 0.182283
168 379 0.874957
169 172 1.91397
169 173 0.182283
169 187 0.291652
169 189 0.145826
170 173 1.82283
170 174 0.182283
170 221 0.145826
170 238 0.729131
170 369 0.145826
171 174 1.64054
171 241 0.437479
171 243 0.583305
171 379 1.31244
172 175 1.82283
172 176 0.182283
173 176 1.82283
173 177 0.182283
173 187 0.145826
173 238 0.145826
174 177 1.73169
174 178 1.18484
174 238 0.291652
174 239 0.583305
174 241 0.145826
175 178 1.5494
175 179 0.182283
176 179 1.5494
176 180 0.364565
176 183 0.145826
177 180 0.182283
177 224 0.145826
177 225 0.583305
178 225 0.291652
180 183 0.437479
183 224 0.145826
184 223 2.91652
184 224 0.437479
184 225 0.583305
184 226 0.437479
184 227 0.145826
184 232 1.31244
185 221 0.145826
185 222 2.91652
185 223 0.729131
186 221 3.06235
187 219 0.145826
187 220 3.06235
187 221 0.437479
188 219 2.7707
189 218 2.91652
189 219 0.291652
189 338 0.437479
189 339 0.291652
189 342 0.145826
190 217 2.7707
190 218 0.437479
191 216 3.06235
191 217 0.291652
191 336 0.291652
191 337 1.16661
191 338 0.729131
192 216 1.02078
193 196 3.354
193 197 0.291652
193 214 0.583305
193 215 0.437479
193 216 0.874957
195 198 0.145826
195 257 0.145826
195 261 3.06235
195 262 0.583305
196 211 0.145826
196 262 0.874957
197 211 0.874957
198 207 0.145826
198 211 0.729131
198 260 0.583305
198 261 0.437479
198 262 0.583305
200 208 0.145826
201 204 0.874957
204 207 1.82283
204 208 0.0911414
205 208 1.82283
205 209 0.273425
206 209 1.73169
206 264 2.7707
206 265 1.02078
206 266 0.729131
207 210 1.64054
207 211 0.182283
207 264 0.291652
208 211 2.00511
209 212 1.82283
209 213 0.364565
209 264 0.145826
210 213 1.73169
210 214 0.637991
210 264 0.291652
213 304 0.145826
213 334 2.7707
213 335 0.437479
214 264 0.145826
214 335 4.22896
215 335 0.145826
215 336 0.583305
216 336 0.583305
217 336 0.145826
217 339 0.145826
217 343 0.145826
218 343 0.437479
219 342 0.145826
219 343 0.145826
223 238 0.145826
227 232 0.729131
227 234 0.145826
228 231 3.20818
228 232 0.874957
234 386 0.729131
235 349 0.583305
235 360 0.583305
235 385 2.47905
235 386 0.437479
236 298 0.583305
236 345 0.291652
236 360 0.729131
236 384 2.91652
237 383 3.20818
237 384 1.16661
238 381 0.145826
238 382 2.7707
238 383 0.145826
239 366 0.145826
239 382 2.7707
240 284 0.874957
240 285 0.729131
240 381 2.91652
240 382 0.583305
241 380 2.91652
242 379 3.06235
242 380 0.437479
243 377 0.437479
243 378 2.91652
243 379 1.16661
244 376 0.145826
244 377 3.06235
244 378 0.291652
245 375 0.145826
245 376 2.91652
246 249 0.437479
246 273 0.145826
246 277 0.291652
246 376 0.291652
247 277 0.437479
248 268 0.145826
249 252 0.291652
249 268 0.437479
249 273 0.145826
249 375 3.20818
249 376 0.583305
250 268 0.874957
251 254 0.437479
251 266 2.47905
251 267 0.583305
252 265 0.145826
252 266 3.20818
252 267 2.47905
252 268 0.291652
253 265 2.7707
253 266 0.145826
253 270 0.291652
253 373 0.437479
253 374 0.729131
254 264 2.7707
254 265 0.583305
255 262 0.291652
255 263 2.91652
256 261 0.145826
256 262 3.20818
256 263 1.31244
256 265 0.291652
257 261 2.91652
258 261 0.874957
268 273 0.0911414
269 272 2.00511
269 273 0.364565
270 273 1.82283
270 274 0.273425
270 308 0.145826
270 376 0.145826
271 274 1.64054
271 275 0.364565
271 307 0.729131
271 311 1.02078
272 275 1.82283
272 276 0.273425
272 311 0.145826
273 276 1.82283
273 277 0.546848
273 376 0.145826
274 277 1.73169
274 278 0.182283
274 312 0.145826
274 372 0.291652
275 278 0.0911414
275 311 0.874957
275 312 0.291652
275 315 0.437479
277 280 1.73169
277 281 0.0911414
277 378 0.145826
278 281 1.82283
278 282 0.364565
278 370 0.874957
278 372 0.145826
279 282 1.91397
279 283 0.273425
279 316 0.145826
280 283 1.82283
280 284 0.182283
281 284 1.82283
281 285 0.182283
281 380 0.145826
282 285 1.91397
282 286 0.546848
282 294 0.874957
282 316 0.145826
282 370 0.437479
283 286 1.73169
283 287 0.182283
283 288 0.0911414
283 294 0.291652
284 288 0.182283
285 288 0.0911414
285 382 0.145826
286 289 1.82283
286 290 1.73169
286 291 0.455706
286 297 0.291652
286 367 0.291652
286 368 0.437479
287 290 0.0911414
289 366 0.291652
291 296 0.145826
291 297 0.145826
293 296 1.16661
294 297 0.291652
294 299 0.437479
294 318 0.145826
295 317 0.145826
295 318 0.874957
295 319 0.729131
295 322 0.729131
296 364 0.291652
297 322 0.437479
297 364 0.437479
297 366 3.354
297 367 0.145826
297 368 0.145826
298 348 0.437479
298 361 0.874957
298 365 0.145826
298 366 1.16661
298 367 3.79148
298 368 0.291652
298 383 0.145826
298 384 0.291652
298 385 0.145826
299 316 0.291652
299 318 0.583305
299 322 0.291652
299 323 0.145826
299 348 0.291652
299 368 2.91652
299 370 0.437479
300 326 0.291652
300 341 0.291652
300 344 0.437479
300 345 0.291652
300 348 0.145826
300 368 0.583305
300 369 3.06235
300 370 0.145826
301 326 0.291652
301 341 0.145826
301 344 0.145826
301 370 2.7707
301 372 0.145826
302 335 0.729131
302 336 0.145826
302 337 0.583305
302 340 0.291652
302 341 0.145826
302 370 0.291652
302 371 0.145826
302 372 0.583305
303 308 0.0911414
303 309 0.182283
303 326 0.145826
303 330 0.145826
303 335 0.145826
303 340 0.291652
303 344 0.145826
304 308 0.182283
304 335 0.729131
305 308 1.82283
306 309 1.82283
306 310 0.455706
307 310 1.82283
307 311 0.364565
308 311 1.73169
308 312 0.273425
308 372 0.145826
309 312 1.82283
309 313 0.182283
309 326 0.291652
309 327 0.874957
310 313 1.82283
310 314 0.820271
310 327 0.729131
311 314 1.82283
311 315 0.182283
312 315 1.82283
312 316 0.455706
312 323 0.145826
313 316 1.64054
313 317 1.73169
313 318 0.0911414
313 320 0.583305
313 327 0.145826
318 322 0.145826
318 323 0.145826
319 322 0.437479
320 324 0.145826
321 324 1.45826
322 364 0.145826
323 326 1.82283
323 327 0.455706
324 327 1.82283
324 328 0.182283
325 328 1.82283
325 329 0.182283
325 344 0.145826
325 347 0.145826
326 329 1.82283
326 330 0.182283
326 344 0.874957
327 330 1.91397
327 331 0.182283
328 331 1.82283
328 332 0.364565
328 347 0.291652
329 332 1.73169
329 333 2.09625
329 336 0.145826
329 340 0.145826
329 343 0.583305
329 344 0.583305
330 333 1.64054
330 334 0.0911414
333 336 0.583305
333 343 0.145826
334 340 0.145826
335 340 0.291652
336 339 2.7707
336 343 1.31244
337 340 0.291652
339 342 1.82283
339 343 0.0911414
340 343 1.82283
340 344 0.364565
341 344 1.82283
341 345 0.273425
341 369 0.437479
341 370 0.145826
342 345 1.82283
342 346 0.0911414
343 346 1.82283
343 347 0.182283
344 347 1.82283
344 348 0.182283
345 348 1.82283
345 349 0.273425
345 369 0.291652
345 383 0.145826
346 349 2.27853
346 350 1.18484
347 350 1.82283
347 351 0.911414
348 351 1.5494
348 352 0.364565
348 360 2.91652
348 361 0.145826
348 362 0.583305
349 352 1.82283
349 353 0.273425
349 360 0.145826
350 353 1.91397
350 354 0.182283
351 354 1.91397
351 355 0.364565
352 355 1.64054
352 356 1.73169
352 357 0.273425
352 359 0.291652
352 360 0.729131
352 361 0.291652
352 362 0.291652
353 356 0.0911414
357 362 0.273425
357 388 0.145826
358 362 0.0911414
358 363 0.0911414
358 387 3.06235
358 388 0.874957
359 362 1.64054
359 363 0.455706
359 364 0.364565
359 385 0.729131
359 386 2.91652
359 388 0.583305
360 385 0.729131
360 386 0.291652
361 364 0.729131
361 385 0.145826
364 385 0.437479
365 384 3.06235
365 385 0.729131
366 382 0.145826
366 383 3.06235
367 382 3.06235
367 383 0.729131
368 380 0.145826
368 381 2.91652
369 379 0.145826
369 380 2.7707
369 381 0.583305
370 378 0.145826
370 379 3.20818
370 380 0.437479
371 377 0.145826
371 378 2.91652
371 379 0.291652
372 377 2.7707
373 376 3.20818
373 377 0.291652
374 377 0.437479
