nresidues = 368
2 28 0.141373
3 355 0.141373
4 25 0.141373
4 26 0.565493
4 27 3.81708
4 28 0.42412
4 355 0.141373
5 28 2.68609
5 170 0.84824
5 171 0.282747
5 355 0.141373
6 27 0.141373
6 28 0.42412
6 29 2.96884
6 30 0.141373
6 171 0.42412
6 173 2.68609
6 355 0.141373
7 30 2.96884
7 32 0.141373
7 167 0.42412
7 169 0.141373
7 171 0.141373
7 173 0.141373
7 174 3.11021
7 175 0.141373
8 15 0.42412
8 29 0.141373
8 30 0.282747
8 31 2.82747
8 32 0.282747
8 175 2.68609
9 32 2.82747
9 161 0.141373
9 174 0.141373
9 175 0.565493
9 176 2.54472
9 177 2.96884
9 178 0.42412
10 15 0.0883583
10 31 0.141373
10 32 0.141373
10 33 0.42412
10 177 0.141373
11 16 0.353433
11 31 0.141373
11 33 0.141373
11 35 0.141373
11 36 0.282747
11 37 0.282747
11 156 0.141373
12 15 1.67881
12 16 0.353433
12 47 0.565493
13 16 1.67881
13 17 0.441791
13 47 0.42412
13 141 0.141373
13 336 0.141373
13 337 0.706867
13 340 0.282747
14 17 1.76717
14 18 0.353433
14 177 0.141373
14 329 0.282747
14 332 0.706867
14 336 0.141373
14 340 0.141373
15 18 1.76717
15 19 0.176717
15 177 0.141373
16 19 1.76717
16 20 0.176717
16 37 0.141373
16 142 0.42412
16 145 0.141373
16 149 0.282747
16 156 0.141373
17 20 1.76717
17 21 0.176717
17 145 0.141373
17 340 0.42412
17 344 0.565493
18 21 1.67881
18 22 0.353433
18 344 0.42412
18 347 0.42412
19 22 1.85552
19 23 0.176717
19 29 0.282747
19 31 0.141373
19 149 0.565493
20 23 1.76717
20 24 0.353433
20 145 0.141373
20 148 0.141373
20 149 0.141373
20 152 0.141373
21 24 1.76717
21 25 0.353433
21 341 0.706867
21 344 0.42412
21 345 0.282747
21 348 0.141373
22 25 1.76717
22 26 1.50209
22 27 0.53015
22 29 0.141373
22 348 0.282747
22 351 0.42412
23 26 0.0883583
23 27 0.0883583
23 152 0.282747
24 76 0.141373
24 152 0.141373
24 341 0.282747
25 348 0.282747
25 352 0.42412
27 351 0.84824
27 352 0.706867
27 355 0.84824
29 154 2.82747
29 155 0.282747
30 155 3.95845
30 156 0.141373
30 157 0.84824
31 149 0.141373
31 155 0.565493
31 156 3.39296
31 157 0.282747
32 157 3.25159
32 159 2.82747
33 157 0.141373
33 158 3.11021
33 159 2.82747
34 39 0.141373
34 44 0.565493
34 158 0.141373
34 159 0.141373
34 160 0.42412
35 39 0.565493
35 42 0.42412
35 44 0.84824
35 45 1.41373
36 39 0.706867
36 45 0.141373
36 158 0.42412
37 40 0.141373
37 143 0.42412
38 158 0.282747
39 42 0.141373
39 45 0.282747
39 48 0.141373
39 158 1.13099
40 48 0.282747
40 139 0.141373
40 143 0.141373
41 49 0.989613
41 278 0.141373
42 45 0.42412
42 48 0.141373
42 49 0.706867
43 49 0.282747
43 244 0.989613
43 281 0.706867
45 48 1.27236
45 49 0.282747
46 49 0.706867
46 283 0.141373
46 285 0.282747
47 138 0.141373
47 337 0.84824
48 139 0.282747
49 278 0.282747
49 280 0.42412
49 282 0.282747
50 138 0.42412
50 232 0.141373
50 337 0.282747
51 136 2.68609
51 224 0.141373
51 226 0.141373
51 232 0.42412
52 135 2.82747
52 136 0.565493
52 337 0.565493
53 89 0.141373
53 134 2.82747
53 135 0.282747
53 210 0.141373
53 212 0.141373
53 224 0.706867
53 338 0.42412
54 70 1.41373
54 73 0.141373
54 74 0.989613
54 107 0.282747
54 110 0.141373
54 111 0.282747
54 133 0.989613
54 134 0.141373
54 338 1.27236
55 94 0.42412
55 212 0.282747
55 338 1.13099
56 70 0.42412
56 94 0.565493
56 103 0.282747
56 106 0.565493
56 107 0.42412
56 338 0.141373
57 103 0.706867
57 334 0.42412
57 338 0.282747
58 62 0.353433
58 63 0.176717
58 66 0.565493
58 103 0.282747
58 106 0.282747
59 62 2.03224
59 63 0.265076
59 103 0.141373
60 63 1.59045
60 64 0.353433
60 67 0.141373
60 106 0.84824
61 64 0.0883583
63 66 2.20896
63 67 0.176717
64 67 1.76717
64 68 0.0883583
65 68 1.85552
65 69 1.14866
65 291 0.706867
66 69 1.94388
66 70 0.706867
66 291 0.282747
66 339 0.565493
67 70 1.76717
67 71 0.176717
67 106 0.989613
68 71 1.76717
68 72 0.176717
68 346 0.84824
69 72 1.76717
69 73 0.353433
69 291 0.141373
69 293 0.282747
69 332 0.141373
69 338 2.54472
69 339 0.84824
69 341 2.40335
69 342 1.41373
69 343 0.282747
69 346 0.565493
70 73 1.76717
70 74 0.176717
70 106 0.141373
70 338 0.989613
70 339 0.706867
71 74 1.67881
71 75 0.176717
71 110 0.706867
72 75 1.76717
72 76 0.0883583
72 341 0.141373
72 342 0.282747
72 345 0.565493
73 76 1.76717
73 77 0.53015
73 337 0.141373
73 338 0.84824
73 339 0.565493
73 340 0.141373
73 341 0.706867
74 77 1.76717
74 78 0.441791
74 88 0.141373
74 110 0.989613
74 111 0.141373
74 133 0.141373
74 134 0.706867
75 78 1.67881
75 79 0.0883583
76 79 1.76717
76 80 0.176717
76 341 1.41373
77 80 1.76717
77 81 0.0883583
77 86 0.141373
77 134 0.565493
77 136 0.706867
77 141 0.565493
77 337 0.706867
78 81 0.265076
78 82 0.0883583
78 134 0.141373
79 82 0.176717
80 83 1.67881
80 84 1.59045
80 85 1.67881
80 141 0.141373
80 144 0.141373
81 84 0.0883583
81 86 0.176717
81 88 0.282747
81 134 0.141373
85 136 0.42412
85 144 1.27236
85 147 0.141373
86 135 2.96884
87 134 3.25159
87 135 0.565493
87 208 0.141373
87 225 0.42412
87 226 0.84824
87 227 0.42412
88 112 0.42412
88 132 0.141373
88 133 3.11021
88 134 0.706867
89 92 0.565493
89 131 0.141373
89 132 2.68609
89 133 0.706867
89 135 0.565493
89 210 0.141373
89 225 0.565493
90 131 2.40335
90 132 0.84824
91 130 0.42412
91 131 2.68609
91 132 0.141373
92 129 0.141373
92 130 3.11021
92 131 0.989613
92 133 0.141373
92 210 3.39296
93 129 2.68609
93 209 0.989613
93 210 0.141373
93 211 3.25159
93 212 0.282747
93 261 0.42412
94 103 0.141373
94 107 0.706867
94 127 0.141373
94 128 2.68609
94 129 0.565493
94 131 0.42412
94 212 2.68609
95 117 0.141373
95 121 0.282747
95 122 0.42412
95 123 0.989613
95 127 2.82747
95 211 0.141373
95 212 0.282747
95 213 2.96884
95 214 3.11021
96 101 0.42412
96 102 0.141373
96 126 2.82747
96 127 0.565493
96 214 0.141373
96 215 0.565493
97 127 0.141373
97 214 0.282747
97 215 0.42412
97 217 0.42412
98 101 2.54472
98 127 0.42412
99 102 0.282747
99 105 0.565493
99 127 0.141373
100 103 0.141373
102 105 0.42412
102 127 0.141373
102 129 0.141373
103 106 0.141373
105 108 0.706867
105 114 0.989613
106 110 0.141373
107 110 2.82747
107 111 0.42412
107 114 0.282747
107 131 0.42412
108 111 0.141373
108 114 0.706867
111 114 0.282747
111 131 0.706867
111 132 2.96884
112 131 2.82747
112 132 0.84824
113 130 0.282747
113 131 0.141373
113 132 0.42412
114 129 0.565493
114 130 2.68609
114 131 0.565493
115 129 2.82747
115 130 0.84824
116 128 2.82747
116 129 0.141373
117 121 0.141373
117 122 0.141373
117 128 0.565493
117 129 0.565493
117 130 0.42412
118 121 3.39296
118 122 0.141373
119 122 0.565493
122 126 0.141373
122 127 0.282747
122 128 0.141373
123 126 0.42412
123 213 0.141373
123 215 0.141373
126 215 0.282747
135 225 0.282747
136 141 0.441791
136 227 0.282747
136 337 0.141373
137 140 2.82747
137 141 0.176717
137 226 1.55511
137 227 0.282747
138 141 1.76717
138 142 0.176717
138 337 1.13099
139 142 1.76717
139 143 0.441791
140 143 1.85552
140 144 0.176717
141 144 1.85552
141 145 0.353433
141 337 0.141373
142 145 1.76717
142 146 0.176717
142 337 0.141373
143 146 1.76717
143 147 0.53015
144 147 2.03224
144 148 0.61851
145 148 1.76717
145 149 0.353433
146 149 1.76717
146 150 0.265076
146 156 0.141373
147 150 1.76717
147 151 0.265076
148 151 2.29731
148 152 0.176717
149 152 1.76717
149 153 1.59045
149 154 0.441791
150 153 0.0883583
159 166 0.141373
159 169 0.706867
161 166 0.565493
161 185 0.141373
162 166 0.84824
162 185 2.82747
162 186 0.282747
162 311 0.141373
163 166 0.84824
163 186 3.25159
163 302 0.141373
163 311 0.141373
164 167 2.82747
164 168 0.141373
164 186 0.42412
164 187 0.42412
164 298 0.141373
164 326 0.282747
165 168 0.282747
166 169 0.141373
166 311 0.141373
167 174 0.282747
168 171 0.706867
168 172 0.706867
168 173 0.565493
168 174 1.13099
168 300 0.282747
168 322 0.141373
168 324 0.989613
168 325 0.42412
172 324 2.96884
172 325 0.282747
172 359 0.565493
173 325 3.39296
173 351 0.141373
173 354 0.141373
173 355 0.141373
174 325 0.141373
174 326 3.11021
174 327 0.42412
175 327 3.11021
175 347 0.282747
176 188 0.565493
176 326 0.141373
176 327 0.282747
176 328 3.39296
176 329 0.42412
176 330 0.42412
177 329 0.282747
178 181 0.42412
178 182 0.282747
178 185 0.141373
178 330 0.141373
179 182 0.141373
179 285 0.42412
179 330 0.141373
180 183 0.141373
180 194 0.42412
180 195 0.282747
180 242 0.282747
180 283 0.141373
180 285 0.42412
181 184 2.68609
181 185 0.282747
182 188 2.96884
182 189 2.82747
182 330 0.42412
183 189 2.82747
183 190 0.565493
183 191 0.42412
184 309 0.141373
185 188 2.96884
185 189 0.565493
186 189 0.706867
186 302 0.42412
186 307 0.706867
186 309 0.565493
187 302 0.141373
187 306 0.282747
188 330 0.141373
189 307 0.84824
189 308 0.141373
189 309 0.42412
190 193 0.141373
190 287 0.706867
190 330 0.706867
191 288 0.42412
192 287 3.11021
192 288 0.84824
193 286 2.82747
194 239 0.282747
194 284 0.141373
194 285 2.54472
194 286 0.565493
194 288 0.989613
195 238 0.141373
195 239 2.82747
195 240 0.282747
195 241 0.282747
195 242 1.13099
195 283 0.141373
195 284 2.68609
196 237 0.565493
196 238 2.82747
196 241 2.40335
196 283 2.68609
196 284 0.989613
196 286 0.282747
196 333 0.141373
197 236 3.53433
197 237 2.68609
197 238 0.42412
197 241 0.706867
197 243 0.84824
197 245 0.282747
197 281 0.706867
197 282 2.68609
197 283 0.42412
197 284 0.42412
198 236 0.565493
198 280 0.141373
198 281 2.68609
198 282 0.565493
198 284 0.42412
199 235 2.68609
199 246 0.565493
199 247 0.84824
199 250 0.989613
199 251 0.141373
199 254 0.141373
199 280 3.11021
200 222 0.141373
200 232 0.282747
200 233 3.11021
200 279 2.68609
200 280 0.989613
201 231 0.141373
201 232 2.68609
201 233 0.565493
201 255 0.141373
201 276 0.141373
201 278 2.82747
201 279 0.282747
201 280 0.141373
202 226 0.565493
202 230 0.42412
202 231 2.82747
202 232 0.141373
202 276 2.82747
202 277 3.25159
202 278 0.42412
202 280 0.141373
203 230 2.96884
203 231 0.84824
203 265 0.141373
203 274 0.282747
203 275 2.96884
203 277 0.42412
204 229 2.68609
204 275 1.27236
204 277 0.42412
205 229 0.42412
205 264 0.141373
205 265 0.565493
207 225 0.282747
207 231 0.141373
207 262 0.141373
207 264 0.141373
208 225 0.565493
209 223 0.141373
209 225 0.42412
209 262 1.55511
210 223 2.96884
210 225 0.282747
211 222 2.82747
211 223 0.282747
212 221 2.54472
212 222 0.282747
213 220 2.40335
213 221 0.565493
213 257 0.565493
213 261 0.282747
216 219 3.25159
219 253 1.41373
219 257 0.989613
220 234 2.82747
220 235 0.565493
220 237 0.141373
220 253 0.565493
221 234 3.25159
221 257 0.706867
221 261 0.141373
222 232 0.141373
222 233 3.11021
222 234 0.706867
222 237 0.141373
222 258 0.141373
222 284 0.141373
223 232 2.68609
223 258 0.42412
223 262 0.141373
223 265 0.141373
224 231 2.82747
224 232 0.565493
225 230 2.68609
225 231 0.141373
226 230 0.989613
226 232 0.141373
230 277 0.42412
233 254 0.42412
233 258 0.141373
234 254 0.84824
234 258 0.141373
235 253 0.565493
235 254 0.141373
236 250 0.141373
236 253 0.141373
236 284 0.565493
237 284 1.27236
238 241 0.565493
241 283 0.141373
242 283 0.42412
243 281 0.141373
244 281 0.565493
244 283 0.282747
245 281 0.282747
246 279 0.282747
247 250 2.20896
247 251 0.0883583
248 251 1.67881
248 252 0.353433
249 252 1.76717
249 253 0.0883583
250 253 1.76717
250 254 0.441791
251 254 1.76717
251 255 0.265076
251 279 0.42412
252 255 1.59045
252 256 0.441791
253 256 1.76717
253 257 0.176717
254 257 1.76717
254 258 0.265076
255 258 1.67881
255 259 0.176717
255 271 0.565493
256 259 1.76717
256 260 0.265076
256 271 0.282747
257 260 2.47403
257 261 0.353433
258 261 1.76717
258 262 0.265076
258 265 0.282747
259 262 1.76717
259 263 0.353433
259 269 0.565493
259 270 0.42412
262 265 0.42412
263 266 0.42412
263 269 0.141373
266 269 0.84824
266 270 0.565493
266 272 0.141373
266 273 3.81708
266 274 0.282747
267 273 0.706867
268 272 0.141373
268 273 0.282747
270 273 2.68609
270 274 0.141373
271 274 0.706867
276 279 0.141373
284 333 0.42412
284 334 0.282747
285 330 2.40335
285 331 2.82747
285 332 2.68609
285 333 0.282747
286 331 0.141373
286 332 0.141373
286 333 0.706867
287 290 1.13099
287 292 0.565493
287 330 0.141373
287 331 0.141373
290 331 2.40335
291 330 2.82747
291 331 0.84824
291 332 0.141373
292 296 0.141373
292 328 5.23081
292 329 2.68609
292 330 1.13099
293 328 2.68609
293 332 0.141373
293 350 0.141373
294 326 0.141373
294 327 2.82747
294 328 0.706867
294 350 0.282747
295 326 2.82747
296 306 0.141373
296 324 0.141373
296 325 2.82747
296 326 0.706867
296 328 0.565493
297 323 1.83785
297 324 3.53433
297 325 0.282747
297 358 2.26197
297 359 0.141373
298 322 0.141373
298 323 3.11021
298 324 0.565493
298 326 0.141373
299 321 0.141373
299 322 2.96884
300 320 2.40335
300 321 3.25159
300 322 0.84824
300 324 0.141373
301 319 0.141373
301 320 0.141373
301 321 0.141373
302 306 0.0883583
303 306 1.94388
303 307 0.0883583
303 310 0.441791
304 307 0.53015
304 308 0.353433
304 309 0.0883583
304 310 0.971943
304 312 0.282747
304 313 0.565493
304 314 0.706867
307 310 0.42412
313 316 0.282747
325 354 0.141373
325 358 0.141373
325 359 0.565493
327 350 0.141373
329 332 0.42412
329 347 0.141373
332 335 2.96884
332 336 0.141373
332 339 0.141373
332 343 0.282747
335 338 3.53433
335 339 0.989613
336 339 2.54472
336 340 0.42412
337 340 0.565493
339 342 1.67881
339 343 0.176717
340 343 1.76717
340 344 0.176717
341 344 1.76717
341 345 0.706867
342 345 1.85552
342 346 0.265076
343 346 1.76717
343 347 0.265076
344 347 1.76717
344 348 0.176717
345 348 1.76717
345 349 0.176717
346 349 1.76717
346 350 0.353433
347 350 1.76717
347 351 0.265076
348 351 1.76717
348 352 0.441791
349 352 1.76717
349 353 0.176717
350 353 1.85552
350 354 0.176717
351 354 1.76717
351 355 0.53015
352 355 1.76717
352 356 0.265076
353 356 1.76717
353 357 0.883583
354 357 1.76717
354 358 2.1206
354 359 0.265076
355 358 1.59045
355 359 2.20896
355 360 0.265076
356 360 0.265076
