L	Ls	nvertices	F_L	F_L_constrained	rho_sum	nloops	regions
  2	  0	  0	           0	           0	           0	 0	[(0, 2)]
  3	  0	  0	           0	           0	           0	 0	[(0, 3)]
  4	  0	  0	           0	           0	           0	 0	[(0, 4)]
  5	  0	  0	           0	           0	           0	 0	[(0, 5)]
  6	  0	  0	           0	           0	           0	 0	[(0, 6)]
  7	  0	  0	           0	           0	           0	 0	[(0, 7)]
  8	  0	  0	           0	           0	           0	 0	[(0, 8)]
  9	  0	  0	           0	           0	           0	 0	[(0, 9)]
 10	  0	  0	           0	           0	           0	 0	[(0, 10)]
 11	  0	  0	           0	           0	           0	 0	[(0, 11)]
 12	  0	  0	           0	           0	           0	 0	[(0, 12)]
 13	  0	  0	           0	           0	           0	 0	[(0, 13)]
 14	  0	  0	           0	           0	           0	 0	[(0, 14)]
 15	  0	  4	           0	     5.77907	    0.553174	 2	[(0, 15)]
 16	  0	  7	           0	     2.08257	    0.393795	 1	[(0, 16)]
 17	  0	  9	   -0.300321	   -0.300321	    0.299304	 0	[(0, 17)]
 18	  0	 10	   -0.300321	      5.2859	     6.32737	 0	[(0, 18)]
 19	  0	 11	   -0.300321	     5.20586	     6.70151	 0	[(0, 19)]
 20	  0	 12	   -0.300321	     5.17603	     7.09716	 0	[(0, 20)]
 21	  0	 13	   -0.300321	     5.24054	     7.54035	 0	[(0, 21)]
 22	  0	 14	   -0.300321	     5.13647	     8.05632	 0	[(0, 22)]
 23	  0	 15	   -0.300321	     5.17348	     8.67625	 0	[(0, 23)]
 24	  0	 16	   -0.300321	     5.10621	     9.83123	 0	[(0, 24)]
 25	 10	 16	   -0.300321	     5.15725	     10.2489	 0	[(10, 25)]
 26	 10	 17	   -0.300321	     5.29372	     10.8526	 0	[(10, 26)]
 27	 10	 18	   -0.300321	     5.65487	      10.178	 0	[(10, 27)]
 28	 10	 18	   -0.300321	     5.65487	      10.178	 0	[(10, 28)]
 29	 10	 19	   -0.300321	     8.03122	     10.3673	 1	[(10, 29)]
 30	 10	 19	   -0.300321	     8.03122	     10.3673	 1	[(10, 30)]
 31	  0	 28	   -0.300321	     8.73168	     22.4094	 1	[(0, 31)]
 32	  0	 30	   -0.300321	     7.89979	     23.6446	 0	[(0, 32)]
 33	  0	 31	   -0.300321	     8.39089	     22.9831	 0	[(0, 33)]
 34	  0	 31	   -0.300321	     8.39089	     22.9831	 0	[(0, 34)]
 35	  0	 32	   -0.300321	     8.25543	     22.9196	 0	[(0, 35)]
 36	  0	 33	   -0.300321	     8.25901	     22.9422	 0	[(0, 36)]
 37	  0	 34	   -0.300321	     8.26117	     22.8341	 0	[(0, 37)]
 38	  0	 34	   -0.300321	     8.26117	     22.8341	 0	[(0, 38)]
 39	  0	 36	   -0.300321	     8.19796	     22.4597	 0	[(0, 39)]
 40	  0	 37	   -0.300321	     8.20094	     22.4551	 0	[(0, 40)]
 41	  0	 37	   -0.300321	     8.20094	     22.4551	 0	[(0, 41)]
 42	  0	 38	   -0.300321	     8.07264	     22.5892	 0	[(0, 42)]
 43	  0	 38	   -0.300321	     8.07264	     22.5892	 0	[(0, 43)]
 44	  0	 39	   -0.300321	     7.94633	     22.7468	 0	[(0, 44)]
 45	  0	 40	   -0.300321	     7.94345	     22.7643	 0	[(0, 45)]
 46	  0	 40	   -0.300321	     7.94345	     22.7643	 0	[(0, 46)]
 47	  0	 41	   -0.300321	     7.77218	     23.1289	 0	[(0, 47)]
 48	  0	 42	   -0.300321	      7.7878	     23.0475	 0	[(0, 48)]
 49	  0	 46	   -0.300321	     8.10786	     22.5344	 0	[(0, 49)]
 50	  0	 46	   -0.300321	     8.10786	     22.5344	 0	[(0, 50)]
 51	  0	 46	   -0.300321	     8.10786	     22.5344	 0	[(0, 51)]
 52	  0	 46	   -0.300321	     8.10786	     22.5344	 0	[(0, 52)]
 53	  0	 46	   -0.300321	     8.10786	     22.5344	 0	[(0, 53)]
 54	  0	 46	   -0.300321	     8.10786	     22.5344	 0	[(0, 54)]
 55	  0	 46	   -0.300321	     8.10786	     22.5344	 0	[(0, 55)]
 56	  0	 46	   -0.300321	     8.10786	     22.5344	 0	[(0, 56)]
 57	  0	 46	   -0.300321	     8.10786	     22.5344	 0	[(0, 57)]
 58	  0	 46	   -0.300321	     8.10786	     22.5344	 0	[(0, 58)]
 59	  0	 46	   -0.300321	     8.10786	     22.5344	 0	[(0, 59)]
 60	  0	 46	   -0.300321	     8.10786	     22.5344	 0	[(0, 60)]
 61	  0	 46	   -0.300321	     8.10786	     22.5344	 0	[(0, 61)]
 62	 58	  3	   -0.300321	     3.90421	    0.291733	 1	[(58, 62)]
 63	 58	  5	   -0.300321	     2.37663	     0.26626	 1	[(58, 63)]
 64	 58	  7	   -0.300321	     5.99489	     5.75632	 0	[(58, 64)]
 65	 58	  7	   -0.300321	     5.99489	     5.75632	 0	[(58, 65)]
 66	 58	  8	   -0.300321	     1.89878	    0.303608	 1	[(58, 66)]
 67	 63	  4	   -0.300321	     2.24513	    0.295736	 1	[(63, 67)]
 68	 63	  6	   -0.300321	     4.53238	     5.23101	 0	[(63, 68)]
 69	 63	  7	   -0.300321	     3.77296	     5.57752	 0	[(63, 69)]
 70	 63	  8	   -0.300321	     3.47223	     6.90689	 0	[(63, 70)]
 71	 63	  9	   -0.300321	     3.43336	     7.87664	 0	[(63, 71)]
 72	 63	 10	   -0.300321	      3.3642	     8.70686	 0	[(63, 72)]
 73	 63	 11	   -0.300321	     3.22629	     9.65731	 0	[(63, 73)]
 74	 63	 12	   -0.300321	     3.28837	     10.5363	 0	[(63, 74)]
 75	 63	 13	   -0.300321	      3.3177	     11.4685	 0	[(63, 75)]
 76	 63	 14	   -0.300321	     3.39142	     12.3391	 0	[(63, 76)]
 77	 63	 15	   -0.300321	     3.22981	     13.5675	 0	[(63, 77)]
 78	 63	 16	   -0.300321	       3.128	     14.6361	 0	[(63, 78)]
 79	 63	 17	   -0.300321	     3.18904	     15.5354	 0	[(63, 79)]
 80	 63	 18	   -0.300321	     3.18687	     16.4274	 0	[(63, 80)]
 81	 63	 19	   -0.300321	     3.63169	     15.5952	 0	[(63, 81)]
 82	 63	 20	   -0.300321	     3.69458	     14.7532	 0	[(63, 82)]
 83	 63	 21	   -0.300321	      3.6816	     14.7775	 0	[(63, 83)]
 84	 63	 22	   -0.300321	      3.6666	     14.8283	 0	[(63, 84)]
 85	 63	 23	   -0.300321	     3.65087	     14.8915	 0	[(63, 85)]
 86	 63	 24	   -0.300321	     3.63967	     14.8352	 0	[(63, 86)]
 87	 63	 24	   -0.300321	     3.63967	     14.8352	 0	[(63, 87)]
 88	 63	 25	   -0.300321	     3.49451	     14.9822	 0	[(63, 88)]
 89	 63	 25	   -0.300321	     3.49451	     14.9822	 0	[(63, 89)]
 90	 63	 25	   -0.300321	     3.49451	     14.9822	 0	[(63, 90)]
 91	 63	 25	   -0.300321	     3.49451	     14.9822	 0	[(63, 91)]
 92	 63	 27	   -0.300321	      3.3747	     15.1058	 0	[(63, 92)]
 93	 63	 27	   -0.300321	      3.3747	     15.1058	 0	[(63, 93)]
 94	 63	 27	   -0.300321	      3.3747	     15.1058	 0	[(63, 94)]
 95	 63	 27	   -0.300321	      3.3747	     15.1058	 0	[(63, 95)]
 96	 63	 27	   -0.300321	      3.3747	     15.1058	 0	[(63, 96)]
 97	 63	 27	   -0.300321	      3.3747	     15.1058	 0	[(63, 97)]
 98	 63	 27	   -0.300321	      3.3747	     15.1058	 0	[(63, 98)]
 99	 63	 27	   -0.300321	      3.3747	     15.1058	 0	[(63, 99)]
100	 63	 27	   -0.300321	      3.3747	     15.1058	 0	[(63, 100)]
101	 63	 30	   -0.300321	     2.93305	     15.5941	 0	[(63, 101)]
102	 63	 32	   -0.300321	     2.98174	      15.518	 0	[(63, 102)]
103	 63	 35	   -0.300321	     2.97209	     15.4994	 0	[(63, 103)]
104	 63	 35	   -0.300321	     2.97209	     15.4994	 0	[(63, 104)]
105	 63	 36	   -0.300321	     2.84269	     15.6236	 0	[(63, 105)]
106	 63	 37	   -0.300321	     2.72431	     15.7577	 0	[(63, 106)]
107	 63	 38	   -0.300321	     2.79447	     15.6953	 0	[(63, 107)]
108	 63	 39	   -0.300321	     2.80624	     15.6795	 0	[(63, 108)]
109	 63	 39	   -0.300321	     2.80624	     15.6795	 0	[(63, 109)]
110	 63	 40	   -0.300321	     2.20295	     16.3682	 0	[(63, 110)]
111	 63	 41	   -0.300321	     2.39225	     16.2338	 0	[(63, 111)]
112	 63	 42	   -0.300321	     2.49842	     16.0877	 0	[(63, 112)]
113	 63	 42	   -0.300321	     2.49842	     16.0877	 0	[(63, 113)]
114	 63	 43	   -0.300321	     2.35769	     16.2395	 0	[(63, 114)]
115	 63	 43	   -0.300321	     2.35769	     16.2395	 0	[(63, 115)]
116	 63	 43	   -0.300321	     2.35769	     16.2395	 0	[(63, 116)]
117	 63	 45	   -0.300321	     2.37593	     16.2266	 0	[(63, 117)]
118	 63	 45	   -0.300321	     2.37593	     16.2266	 0	[(63, 118)]
119	 63	 45	   -0.300321	     2.37593	     16.2266	 0	[(63, 119)]
120	 63	 45	   -0.300321	     2.37593	     16.2266	 0	[(63, 120)]
121	 63	 47	   -0.300321	     2.21197	     16.4487	 0	[(63, 121)]
122	 63	 49	   -0.300321	     2.25541	     16.3759	 0	[(63, 122)]
123	 63	 50	   -0.300321	     2.27081	     16.3567	 0	[(63, 123)]
124	 63	 50	   -0.300321	     2.27081	     16.3567	 0	[(63, 124)]
125	 63	 50	   -0.300321	     2.27081	     16.3567	 0	[(63, 125)]
126	 85	 27	   -0.300321	     13.4342	     1.33835	 3	[(85, 126)]
127	 85	 29	   -0.300321	     11.1173	     1.25305	 2	[(85, 127)]
128	111	 12	   -0.300321	     9.98424	    0.625926	 2	[(111, 128)]
129	111	 14	   -0.300321	     16.0428	     7.75742	 2	[(111, 129)]
130	111	 16	   -0.300321	     12.7849	     6.73755	 2	[(111, 130)]
131	111	 18	   -0.300321	     11.5729	     8.15409	 1	[(111, 131)]
132	111	 19	   -0.300321	     10.2805	     8.29825	 1	[(111, 132)]
133	 85	 41	   -0.300321	     9.93282	     24.2787	 2	[(85, 133)]
134	 85	 43	   -0.300321	     9.91326	     26.2109	 2	[(85, 134)]
135	 85	 46	   -0.300321	     9.76217	     28.1554	 2	[(85, 135)]
136	111	 19	   -0.300321	     10.2805	     8.29825	 1	[(111, 136)]
137	111	 19	   -0.300321	     10.2805	     8.29825	 1	[(111, 137)]
138	111	 19	   -0.300321	     10.2805	     8.29825	 1	[(111, 138)]
139	111	 19	   -0.300321	     10.2805	     8.29825	 1	[(111, 139)]
140	136	  2	   -0.300321	     3.68544	    0.373126	 1	[(136, 140)]
141	136	  5	   -0.300321	     2.35497	    0.271579	 1	[(136, 141)]
142	136	  7	   -0.300321	     4.71578	     5.52685	 0	[(136, 142)]
143	136	  8	   -0.300321	     4.47648	     6.00301	 0	[(136, 143)]
144	136	  9	   -0.300321	     4.49183	      6.4953	 0	[(136, 144)]
145	136	 10	   -0.300321	     4.46311	     7.85461	 0	[(136, 145)]
146	136	 11	   -0.300321	     4.45368	     8.84053	 0	[(136, 146)]
147	136	 12	   -0.300321	     4.04187	     10.0843	 0	[(136, 147)]
148	136	 13	   -0.300321	     3.68863	     11.1587	 0	[(136, 148)]
149	136	 14	   -0.300321	     3.52597	     12.1195	 0	[(136, 149)]
150	136	 15	   -0.300321	     3.40785	      13.005	 0	[(136, 150)]
151	136	 16	   -0.300321	     2.93614	     14.1122	 0	[(136, 151)]
152	136	 17	   -0.300321	     2.88756	     15.0044	 0	[(136, 152)]
153	136	 18	   -0.300321	     2.97042	     15.6843	 0	[(136, 153)]
154	136	 19	   -0.300321	     3.39829	     15.2518	 0	[(136, 154)]
155	136	 19	   -0.300321	     3.39829	     15.2518	 0	[(136, 155)]
156	136	 20	   -0.300321	      3.2537	     15.3869	 0	[(136, 156)]
157	136	 20	   -0.300321	      3.2537	     15.3869	 0	[(136, 157)]
158	136	 20	   -0.300321	      3.2537	     15.3869	 0	[(136, 158)]
159	136	 20	   -0.300321	      3.2537	     15.3869	 0	[(136, 159)]
160	136	 20	   -0.300321	      3.2537	     15.3869	 0	[(136, 160)]
161	136	 20	   -0.300321	      3.2537	     15.3869	 0	[(136, 161)]
162	136	 20	   -0.300321	      3.2537	     15.3869	 0	[(136, 162)]
163	136	 20	   -0.300321	      3.2537	     15.3869	 0	[(136, 163)]
164	136	 20	   -0.300321	      3.2537	     15.3869	 0	[(136, 164)]
165	136	 20	   -0.300321	      3.2537	     15.3869	 0	[(136, 165)]
166	136	 25	   -0.300321	     2.87453	     15.7674	 0	[(136, 166)]
167	136	 27	   -0.300321	     2.86878	     15.7853	 0	[(136, 167)]
168	136	 29	   -0.300321	     2.95443	      15.684	 0	[(136, 168)]
169	136	 30	   -0.300321	     2.93853	     15.7032	 0	[(136, 169)]
170	136	 30	   -0.300321	     2.93853	     15.7032	 0	[(136, 170)]
171	136	 31	   -0.300321	     2.80983	      15.826	 0	[(136, 171)]
172	136	 32	   -0.300321	     2.81281	     15.8334	 0	[(136, 172)]
173	136	 33	   -0.300321	     2.82506	     15.8218	 0	[(136, 173)]
174	136	 34	   -0.300321	     2.81572	     15.8314	 0	[(136, 174)]
175	136	 34	   -0.300321	     2.81572	     15.8314	 0	[(136, 175)]
176	136	 34	   -0.300321	     2.81572	     15.8314	 0	[(136, 176)]
177	136	 34	   -0.300321	     2.81572	     15.8314	 0	[(136, 177)]
178	136	 34	   -0.300321	     2.81572	     15.8314	 0	[(136, 178)]
179	136	 34	   -0.300321	     2.81572	     15.8314	 0	[(136, 179)]
180	136	 34	   -0.300321	     2.81572	     15.8314	 0	[(136, 180)]
181	136	 36	   -0.300321	     2.55555	     16.0811	 0	[(136, 181)]
182	136	 38	   -0.300321	     2.56456	     16.0908	 0	[(136, 182)]
183	136	 40	   -0.300321	     9.36553	     22.5266	 0	[(136, 183)]
184	136	 41	   -0.300321	     2.65586	     15.9966	 0	[(136, 184)]
185	136	 42	   -0.300321	     9.79543	     23.5135	 0	[(136, 185)]
186	136	 43	   -0.300321	     8.62371	      23.693	 0	[(136, 186)]
187	136	 44	   -0.300321	     9.21372	     23.9812	 0	[(136, 187)]
188	136	 46	   -0.300321	     9.70431	     28.6967	 0	[(136, 188)]
189	136	 47	   -0.300321	     5.88386	     30.2519	 0	[(136, 189)]
190	136	 48	   -0.300321	     6.52592	     30.7381	 0	[(136, 190)]
191	136	 49	   -0.300321	     6.99175	     30.7725	 0	[(136, 191)]
192	136	 49	   -0.300321	     6.99175	     30.7725	 0	[(136, 192)]
193	136	 50	   -0.300321	     6.86077	     30.9027	 0	[(136, 193)]
194	136	 51	   -0.300321	     5.01164	     25.3287	 0	[(136, 194)]
195	136	 52	   -0.300321	     5.02473	     25.3152	 0	[(136, 195)]
196	136	 52	   -0.300321	     5.02473	     25.3152	 0	[(136, 196)]
197	136	 52	   -0.300321	     5.02473	     25.3152	 0	[(136, 197)]
198	136	 52	   -0.300321	     5.02473	     25.3152	 0	[(136, 198)]
199	136	 52	   -0.300321	     5.02473	     25.3152	 0	[(136, 199)]
200	136	 52	   -0.300321	     5.02473	     25.3152	 0	[(136, 200)]
201	136	 52	   -0.300321	     5.02473	     25.3152	 0	[(136, 201)]
202	136	 52	   -0.300321	     5.02473	     25.3152	 0	[(136, 202)]
203	136	 52	   -0.300321	     5.02473	     25.3152	 0	[(136, 203)]
204	136	 52	   -0.300321	     5.02473	     25.3152	 0	[(136, 204)]
205	136	 52	   -0.300321	     5.02473	     25.3152	 0	[(136, 205)]
206	136	 52	   -0.300321	     5.02473	     25.3152	 0	[(136, 206)]
207	136	 52	   -0.300321	     5.02473	     25.3152	 0	[(136, 207)]
208	136	 52	   -0.300321	     5.02473	     25.3152	 0	[(136, 208)]
209	136	 52	   -0.300321	     5.02473	     25.3152	 0	[(136, 209)]
210	136	 52	   -0.300321	     5.02473	     25.3152	 0	[(136, 210)]
211	136	 52	   -0.300321	     5.02473	     25.3152	 0	[(136, 211)]
212	136	 52	   -0.300321	     5.02473	     25.3152	 0	[(136, 212)]
213	136	 52	   -0.300321	     5.02473	     25.3152	 0	[(136, 213)]
214	136	 52	   -0.300321	     5.02473	     25.3152	 0	[(136, 214)]
215	136	 52	   -0.300321	     5.02473	     25.3152	 0	[(136, 215)]
216	136	 52	   -0.300321	     5.02473	     25.3152	 0	[(136, 216)]
217	136	 52	   -0.300321	     5.02473	     25.3152	 0	[(136, 217)]
218	136	 52	   -0.300321	     5.02473	     25.3152	 0	[(136, 218)]
219	136	 54	   -0.300321	     6.55206	     31.3509	 0	[(136, 219)]
220	136	 56	   -0.300321	     6.44647	     31.5134	 0	[(136, 220)]
221	136	 58	   -0.300321	     4.62414	     25.7631	 0	[(136, 221)]
222	136	 61	   -0.300321	      7.6649	     32.5535	 0	[(136, 222)]
223	136	 64	   -0.300321	     9.13952	     33.9869	 0	[(136, 223)]
224	136	 64	   -0.300321	     9.13952	     33.9869	 0	[(136, 224)]
225	136	 67	   -0.300321	     9.31773	     34.5163	 0	[(136, 225)]
226	136	 69	   -0.300321	     9.03014	     34.8858	 0	[(136, 226)]
227	136	 70	   -0.300321	     9.09796	     34.5003	 0	[(136, 227)]
228	136	 70	   -0.300321	     9.09796	     34.5003	 0	[(136, 228)]
229	200	 21	   -0.300321	     11.5547	     8.72021	 1	[(200, 229)]
230	220	  3	   -0.300321	      4.5045	    0.330358	 1	[(220, 230)]
231	220	  5	   -0.300321	     6.57299	     3.84265	 1	[(220, 231)]
232	220	  8	   -0.300321	     8.13447	     5.75833	 1	[(220, 232)]
233	220	  9	   -0.300321	     8.34424	     7.08817	 1	[(220, 233)]
234	200	 28	   -0.300321	     6.85802	     22.2517	 2	[(200, 234)]
235	194	 31	   -0.300321	     7.38394	     23.9861	 2	[(194, 235)]
236	200	 29	   -0.300321	     7.47711	     22.6957	 2	[(200, 236)]
237	200	 30	   -0.300321	     7.31215	     22.8482	 2	[(200, 237)]
238	200	 30	   -0.300321	     7.31215	     22.8482	 2	[(200, 238)]
239	200	 30	   -0.300321	     7.31215	     22.8482	 2	[(200, 239)]
240	200	 30	   -0.300321	     7.31215	     22.8482	 2	[(200, 240)]
241	200	 32	   -0.300321	     7.20144	     22.9711	 2	[(200, 241)]
242	200	 32	   -0.300321	     7.20144	     22.9711	 2	[(200, 242)]
243	200	 32	   -0.300321	     7.20144	     22.9711	 2	[(200, 243)]
244	200	 32	   -0.300321	     7.20144	     22.9711	 2	[(200, 244)]
245	200	 32	   -0.300321	     7.20144	     22.9711	 2	[(200, 245)]
246	200	 32	   -0.300321	     7.20144	     22.9711	 2	[(200, 246)]
247	200	 32	   -0.300321	     7.20144	     22.9711	 2	[(200, 247)]
248	200	 32	   -0.300321	     7.20144	     22.9711	 2	[(200, 248)]
249	200	 32	   -0.300321	     7.20144	     22.9711	 2	[(200, 249)]
250	247	  2	   -0.300321	     3.70408	    0.324494	 1	[(247, 250)]
251	247	  4	   -0.300321	     2.24394	     0.29342	 1	[(247, 251)]
252	247	  6	   -0.300321	     4.54885	     5.24733	 0	[(247, 252)]
253	247	  7	   -0.300321	     4.59225	     5.77211	 0	[(247, 253)]
254	247	  8	   -0.300321	     4.51661	     6.29585	 0	[(247, 254)]
255	247	  9	   -0.300321	     4.65034	      6.8221	 0	[(247, 255)]
256	247	 10	   -0.300321	     4.56975	     8.36869	 0	[(247, 256)]
257	247	 11	   -0.300321	     4.57059	     9.36055	 0	[(247, 257)]
258	247	 12	   -0.300321	     4.59739	     10.3248	 0	[(247, 258)]
259	247	 13	   -0.300321	     4.60906	     11.2553	 0	[(247, 259)]
260	247	 14	   -0.300321	      4.0944	      12.617	 0	[(247, 260)]
261	247	 15	   -0.300321	     3.93744	     13.6078	 0	[(247, 261)]
262	247	 16	   -0.300321	     3.85275	     14.5384	 0	[(247, 262)]
263	247	 17	   -0.300321	     4.39783	      14.369	 0	[(247, 263)]
264	247	 17	   -0.300321	     4.39783	      14.369	 0	[(247, 264)]
265	247	 18	   -0.300321	     4.19688	     14.6285	 0	[(247, 265)]
266	247	 19	   -0.300321	      4.2288	     14.5999	 0	[(247, 266)]
267	247	 19	   -0.300321	      4.2288	     14.5999	 0	[(247, 267)]
268	247	 19	   -0.300321	      4.2288	     14.5999	 0	[(247, 268)]
269	247	 20	   -0.300321	     4.00199	       14.86	 0	[(247, 269)]
270	247	 21	   -0.300321	      4.0131	     14.8708	 0	[(247, 270)]
271	247	 22	   -0.300321	     4.00543	     14.8682	 0	[(247, 271)]
272	266	  5	   -0.300321	     6.99779	    0.371735	 2	[(266, 272)]
273	266	  7	   -0.300321	     5.84285	     2.58594	 1	[(266, 273)]
274	266	  9	   -0.300321	     7.50516	     3.49605	 1	[(266, 274)]
275	266	  9	   -0.300321	     7.50516	     3.49605	 1	[(266, 275)]
276	266	  9	   -0.300321	     7.50516	     3.49605	 1	[(266, 276)]
277	266	  9	   -0.300321	     7.50516	     3.49605	 1	[(266, 277)]
278	266	  9	   -0.300321	     7.50516	     3.49605	 1	[(266, 278)]
279	266	 11	   -0.300321	     7.25104	     3.74143	 1	[(266, 279)]
280	266	 11	   -0.300321	     7.25104	     3.74143	 1	[(266, 280)]
281	266	 11	   -0.300321	     7.25104	     3.74143	 1	[(266, 281)]
282	266	 11	   -0.300321	     7.25104	     3.74143	 1	[(266, 282)]
283	266	 11	   -0.300321	     7.25104	     3.74143	 1	[(266, 283)]
284	194	 84	   -0.300321	     6.92958	     64.9729	 5	[(194, 284)]
285	194	 85	   -0.300321	     6.98262	     66.2307	 5	[(194, 285)]
286	266	 11	   -0.300321	     7.25104	     3.74143	 1	[(266, 286)]
287	266	 11	   -0.300321	     7.25104	     3.74143	 1	[(266, 287)]
288	266	 11	   -0.300321	     7.25104	     3.74143	 1	[(266, 288)]
289	266	 11	   -0.300321	     7.25104	     3.74143	 1	[(266, 289)]
290	266	 13	   -0.300321	     6.97364	     4.00423	 1	[(266, 290)]
291	266	 13	   -0.300321	     6.97364	     4.00423	 1	[(266, 291)]
292	266	 14	   -0.300321	     6.83741	     4.14371	 1	[(266, 292)]
293	266	 14	   -0.300321	     6.83741	     4.14371	 1	[(266, 293)]
294	266	 14	   -0.300321	     6.83741	     4.14371	 1	[(266, 294)]
295	266	 14	   -0.300321	     6.83741	     4.14371	 1	[(266, 295)]
296	266	 15	   -0.300321	     6.70868	     4.26729	 1	[(266, 296)]
297	266	 15	   -0.300321	     6.70868	     4.26729	 1	[(266, 297)]
298	266	 15	   -0.300321	     6.70868	     4.26729	 1	[(266, 298)]
299	266	 15	   -0.300321	     6.70868	     4.26729	 1	[(266, 299)]
300	266	 15	   -0.300321	     6.70868	     4.26729	 1	[(266, 300)]
301	266	 15	   -0.300321	     6.70868	     4.26729	 1	[(266, 301)]
302	266	 15	   -0.300321	     6.70868	     4.26729	 1	[(266, 302)]
303	266	 15	   -0.300321	     6.70868	     4.26729	 1	[(266, 303)]
304	266	 15	   -0.300321	     6.70868	     4.26729	 1	[(266, 304)]
305	266	 15	   -0.300321	     6.70868	     4.26729	 1	[(266, 305)]
306	302	  3	   -0.300321	     3.90587	    0.283996	 1	[(302, 306)]
307	302	  5	   -0.300321	     2.37317	    0.254504	 1	[(302, 307)]
308	302	  6	   -0.300321	     2.48394	    0.239774	 1	[(302, 308)]
309	302	  7	   -0.300321	     2.33931	    0.246413	 1	[(302, 309)]
310	302	  8	   -0.300321	     2.28542	    0.264168	 1	[(302, 310)]
311	302	  8	   -0.300321	     2.28542	    0.264168	 1	[(302, 311)]
312	302	  9	   -0.300321	     2.14713	    0.386509	 1	[(302, 312)]
313	302	 10	   -0.300321	     2.14346	    0.395704	 1	[(302, 313)]
314	302	 11	   -0.300321	     2.15341	    0.385496	 1	[(302, 314)]
315	302	 11	   -0.300321	     2.15341	    0.385496	 1	[(302, 315)]
316	302	 12	   -0.300321	     2.02522	    0.506896	 1	[(302, 316)]
317	302	 12	   -0.300321	     2.02522	    0.506896	 1	[(302, 317)]
318	302	 12	   -0.300321	     2.02522	    0.506896	 1	[(302, 318)]
319	302	 12	   -0.300321	     2.02522	    0.506896	 1	[(302, 319)]
320	302	 12	   -0.300321	     2.02522	    0.506896	 1	[(302, 320)]
321	302	 12	   -0.300321	     2.02522	    0.506896	 1	[(302, 321)]
322	302	 12	   -0.300321	     2.02522	    0.506896	 1	[(302, 322)]
323	302	 12	   -0.300321	     2.02522	    0.506896	 1	[(302, 323)]
324	302	 12	   -0.300321	     2.02522	    0.506896	 1	[(302, 324)]
325	302	 12	   -0.300321	     2.02522	    0.506896	 1	[(302, 325)]
326	302	 12	   -0.300321	     2.02522	    0.506896	 1	[(302, 326)]
327	302	 12	   -0.300321	     2.02522	    0.506896	 1	[(302, 327)]
328	302	 12	   -0.300321	     2.02522	    0.506896	 1	[(302, 328)]
329	302	 12	   -0.300321	     2.02522	    0.506896	 1	[(302, 329)]
330	302	 12	   -0.300321	     2.02522	    0.506896	 1	[(302, 330)]
331	302	 12	   -0.300321	     2.02522	    0.506896	 1	[(302, 331)]
332	302	 14	   -0.300321	     1.76505	     0.75665	 1	[(302, 332)]
333	302	 14	   -0.300321	     1.76505	     0.75665	 1	[(302, 333)]
334	302	 14	   -0.300321	     1.76505	     0.75665	 1	[(302, 334)]
335	302	 15	   -0.300321	     1.56814	     1.04012	 1	[(302, 335)]
336	302	 16	   -0.300321	     1.60722	    0.962278	 1	[(302, 336)]
337	  0	322	   -0.300321	    0.760114	     230.769	14	[(0, 337)]
338	  0	323	    -6.75563	    -6.75563	     233.903	14	[(0, 338)]
339	  0	324	    -6.75563	    -5.12618	     235.471	15	[(0, 339)]
340	  0	325	    -6.75563	    -5.33484	     236.293	15	[(0, 340)]
341	  0	326	    -8.80901	    -8.80901	     237.477	15	[(0, 341)]
342	  0	327	    -10.2116	    -10.2116	     238.447	15	[(0, 342)]
343	  0	328	    -10.7805	    -10.7805	     239.389	15	[(0, 343)]
344	  0	329	    -12.1017	    -12.1017	     240.417	15	[(0, 344)]
345	  0	330	    -13.4883	    -13.4883	     241.445	15	[(0, 345)]
346	  0	331	    -14.8952	    -14.8952	      242.49	15	[(0, 346)]
347	  0	332	    -15.8234	    -15.8234	     243.444	15	[(0, 347)]
348	  0	333	    -16.5177	    -16.5177	     244.397	15	[(0, 348)]
349	  0	334	    -16.6569	    -16.6569	     245.193	15	[(0, 349)]
350	  0	335	    -17.2859	    -17.2859	      246.22	15	[(0, 350)]
351	  0	336	    -18.6056	    -18.6056	     247.375	15	[(0, 351)]
352	  0	337	    -19.8457	    -19.8457	     248.494	15	[(0, 352)]
353	  0	338	     -20.056	     -20.056	     249.329	15	[(0, 353)]
354	  0	339	    -20.3721	    -20.3721	     250.198	15	[(0, 354)]
355	  4	339	    -21.7773	    -21.7773	     251.245	15	[(4, 355)]
356	  4	340	    -21.9433	    -21.9433	     252.124	15	[(4, 356)]
357	  4	341	    -22.5382	    -22.5382	     253.159	15	[(4, 357)]
358	  4	342	    -26.4784	    -26.4784	     254.363	15	[(4, 358)]
359	  4	343	     -28.233	     -28.233	     255.384	15	[(4, 359)]
360	  4	344	     -28.233	    -27.5984	     255.787	15	[(4, 360)]
361	  4	344	     -28.233	    -27.5984	     255.787	15	[(4, 361)]
362	  4	344	     -28.233	    -27.5984	     255.787	15	[(4, 362)]
363	  4	344	     -28.233	    -27.5984	     255.787	15	[(4, 363)]
364	  4	344	     -28.233	    -27.5984	     255.787	15	[(4, 364)]
365	  4	344	     -28.233	    -27.5984	     255.787	15	[(4, 365)]
366	  4	344	     -28.233	    -27.5984	     255.787	15	[(4, 366)]
367	  4	344	     -28.233	    -27.5984	     255.787	15	[(4, 367)]
368	  4	344	     -28.233	    -27.5984	     255.787	15	[(4, 368)]
