nresidues = 203
1 4 0.0625
1 48 0.375
2 47 1.3125
2 48 0.4375
2 68 0.1875
3 45 0.1875
3 46 1.4375
3 47 0.125
4 25 0.125
4 44 0.0625
4 45 1.1875
4 46 0.1875
4 59 0.0625
5 20 0.125
5 43 0.125
5 44 1.1875
5 45 0.0625
6 18 0.125
6 19 1.1875
6 42 0.0625
6 43 1.25
6 44 0.125
7 18 1.3125
7 19 0.125
7 41 0.1875
7 42 1.4375
7 43 0.125
8 11 0.0625
8 16 0.125
8 17 1.1875
8 18 0.125
8 39 0.0625
8 40 1.4375
8 41 0.0625
8 42 0.1875
8 44 0.125
9 17 1.25
9 18 0.0625
9 19 0.125
10 16 1.25
10 17 0.1875
11 15 1.25
11 34 0.0625
11 37 0.25
11 38 0.25
11 39 0.0625
12 15 1.5
12 34 0.0625
13 31 0.125
13 34 0.375
14 27 0.0625
14 28 1.1875
14 29 0.25
14 34 0.375
15 26 0.125
15 27 1.25
15 28 0.3125
15 34 0.1875
16 25 0.0625
16 26 1.1875
16 27 0.375
16 29 0.0625
16 37 0.125
17 24 0.1875
17 25 1.3125
18 23 0.0625
18 24 1.25
18 25 0.25
19 22 0.375
19 23 1.3125
20 23 0.375
26 59 0.0625
27 59 1.1875
27 60 0.0625
27 61 0.0625
28 58 0.0625
28 59 0.3125
28 60 1.5
28 61 0.0625
28 86 0.125
29 33 0.125
29 37 0.125
29 61 0.375
29 63 0.0625
29 86 0.125
30 33 1.25
30 34 0.125
30 61 0.0625
30 62 0.125
30 86 0.125
30 89 0.25
30 90 0.375
31 34 1.375
31 35 0.8125
31 89 1.0625
31 90 0.375
32 35 0.125
32 89 0.25
32 90 0.0625
32 92 0.1875
32 93 0.0625
33 36 1.25
33 63 0.3125
33 67 0.1875
34 37 0.25
36 63 0.0625
37 63 0.0625
38 42 0.125
38 43 0.0625
38 44 0.0625
39 42 0.3125
46 62 1.25
47 60 0.0625
47 61 1.25
47 62 0.375
47 63 0.0625
47 64 0.0625
47 65 0.125
47 68 0.0625
48 60 1.3125
48 68 0.3125
49 58 0.0625
49 59 1.25
49 60 0.25
49 71 0.0625
49 72 0.375
49 75 0.0625
50 57 0.3125
50 58 1.3125
50 59 0.125
51 56 0.0625
51 57 1.25
51 58 0.375
51 60 0.0625
52 56 1.25
53 56 0.375
53 83 0.125
60 71 0.1875
60 82 0.1875
60 83 0.0625
60 86 0.125
62 67 0.15625
62 68 0.195312
62 71 0.4375
63 67 0.15625
64 67 1.13281
65 68 0.859375
65 69 0.117188
66 69 0.78125
66 70 0.078125
66 136 0.1875
66 137 0.0625
66 138 0.125
66 139 0.125
67 70 0.78125
67 71 0.078125
68 71 0.820312
68 72 0.195312
69 72 0.820312
69 73 0.117188
69 139 0.1875
70 73 0.859375
70 74 0.15625
70 89 0.0625
70 94 0.1875
70 97 0.1875
70 131 0.0625
70 139 0.0625
71 74 0.78125
71 75 0.195312
71 82 0.125
71 85 0.125
72 75 0.820312
72 76 0.273438
73 76 0.742188
73 77 0.0390625
73 127 0.0625
73 134 0.0625
74 77 0.195312
74 80 0.1875
74 97 0.125
74 127 0.0625
75 80 0.1875
75 81 0.1875
75 82 0.0625
75 85 0.0625
77 80 0.25
80 84 0.0390625
81 84 0.78125
81 85 0.078125
82 85 0.78125
82 86 0.078125
83 86 0.78125
83 87 0.0390625
84 87 0.820312
84 88 0.15625
84 113 0.0625
84 114 0.0625
85 88 0.78125
85 89 0.078125
86 89 0.742188
86 90 0.195312
87 90 0.78125
87 112 0.0625
88 91 0.664062
88 92 0.117188
88 97 0.125
88 115 0.0625
89 92 0.820312
92 96 0.273438
92 97 0.078125
93 96 0.9375
93 97 0.078125
94 97 0.820312
94 98 0.117188
94 138 0.125
95 98 0.78125
95 99 0.351562
96 99 0.820312
96 100 0.078125
97 100 0.78125
97 101 0.15625
98 101 0.78125
98 102 0.117188
98 138 0.0625
99 102 0.820312
99 103 0.117188
99 105 0.0390625
100 103 0.78125
100 104 0.78125
100 105 0.195312
101 104 0.078125
101 124 0.125
101 127 0.125
101 128 0.125
101 131 0.0625
102 128 0.3125
102 131 0.0625
104 124 0.3125
104 128 0.3125
105 108 0.742188
105 109 0.0390625
105 124 0.125
106 109 0.78125
106 110 0.078125
106 120 0.25
106 121 0.125
106 124 0.0625
107 110 0.859375
107 111 0.0390625
108 111 0.117188
109 112 0.15625
109 115 0.375
109 124 0.125
110 115 0.0625
110 120 0.0625
112 115 0.75
115 119 0.078125
116 119 1.05469
116 120 0.117188
117 120 0.898438
117 121 0.273438
118 121 0.859375
118 122 0.078125
119 122 0.820312
119 123 0.078125
120 123 0.820312
120 124 0.117188
121 124 0.742188
121 125 0.078125
122 125 0.820312
122 126 0.078125
123 126 0.820312
123 127 0.117188
124 127 0.78125
124 128 0.078125
125 128 0.703125
125 129 0.0390625
126 129 0.78125
126 130 0.0390625
127 130 0.78125
127 131 0.273438
129 132 0.125
130 133 1.1875
130 134 0.1875
131 134 0.625
131 139 0.0625
134 139 0.375
136 139 1.3125
136 140 0.125
137 140 0.1875
156 159 0.742188
156 160 0.078125
157 160 0.78125
157 161 0.078125
158 161 0.898438
158 162 0.078125
158 189 0.0625
158 190 0.1875
158 193 0.1875
159 162 0.78125
159 163 0.15625
159 180 0.0625
159 193 0.0625
160 163 0.742188
160 164 0.0390625
161 164 0.78125
161 165 0.078125
161 190 0.0625
162 165 0.78125
162 166 0.15625
162 190 0.0625
162 193 0.0625
162 194 0.3125
163 166 0.820312
163 167 0.15625
163 180 0.0625
164 167 0.859375
164 168 0.078125
165 168 0.820312
165 169 0.15625
165 194 0.0625
166 169 0.820312
166 170 0.664062
166 171 0.15625
166 176 0.0625
166 197 0.0625
166 198 0.125
167 170 0.703125
167 171 0.195312
167 173 0.0625
167 176 0.0625
171 179 0.1875
171 198 0.0625
172 175 0.78125
172 176 0.0390625
173 176 0.78125
173 177 0.15625
174 177 0.898438
174 178 0.078125
175 178 0.820312
175 179 0.3125
176 179 0.976562
176 180 0.0390625
177 180 0.703125
177 181 0.195312
178 181 0.898438
178 182 0.078125
179 197 0.0625
179 201 0.0625
180 183 0.3125
180 184 0.0625
181 184 0.0625
185 188 0.0625
188 192 0.078125
188 193 0.0390625
189 192 1.05469
189 193 0.078125
190 193 0.859375
190 194 0.195312
191 194 0.78125
191 195 0.078125
192 195 0.859375
192 196 0.078125
193 196 0.820312
193 197 0.078125
194 197 0.78125
194 198 0.195312
195 198 0.78125
196 199 0.78125
196 200 0.078125
197 200 0.78125
197 201 0.0390625
198 201 0.78125
198 202 0.117188
199 202 0.117188
