nresidues = 388
215 343 1.3125
215 344 0.3125
216 219 0.125
216 342 1.3125
216 343 0.0625
216 344 0.1875
217 342 1.1875
217 343 0.25
217 344 0.1875
218 303 0.125
218 307 0.3125
218 311 0.125
218 340 0.0625
218 341 1.3125
218 342 0.0625
219 340 1.25
220 307 0.4375
220 310 0.4375
220 311 0.125
220 339 1.25
220 340 0.5625
221 310 0.25
221 338 1.25
221 351 0.125
222 225 0.0625
222 313 0.125
222 338 0.125
224 248 0.25
224 251 0.5625
225 244 0.125
225 248 0.0625
225 338 0.0625
225 353 0.125
225 360 0.1875
227 353 0.375
227 358 0.25
227 359 0.0625
227 360 0.125
228 247 0.1875
228 252 0.1875
228 253 0.1875
229 240 0.4375
229 256 0.375
229 257 0.125
229 353 0.125
230 240 0.3125
230 355 1.375
230 356 0.0625
230 357 0.125
231 234 0.375
231 235 0.0625
231 236 0.125
231 237 0.125
231 240 0.5
231 333 0.0625
231 355 0.3125
231 356 0.125
233 274 0.25
233 275 0.375
234 240 0.1875
234 274 1.3125
234 275 0.1875
235 274 0.0625
235 275 0.0625
235 276 1.125
235 277 0.0625
236 239 0.742188
236 240 0.195312
236 258 0.25
236 261 0.25
236 273 0.25
236 274 0.3125
237 240 0.78125
237 241 0.117188
237 333 0.25
237 334 0.125
237 355 0.0625
238 241 0.820312
238 242 0.15625
238 278 0.125
238 283 0.0625
238 334 0.0625
239 242 0.664062
239 243 0.15625
239 257 0.25
239 261 0.0625
240 243 0.742188
240 244 0.078125
240 257 0.4375
240 353 0.0625
240 355 0.125
241 244 0.78125
241 245 0.195312
241 317 0.0625
241 334 0.25
241 335 0.3125
241 355 0.0625
242 245 0.78125
242 246 0.15625
242 260 0.0625
242 278 0.0625
242 283 0.25
242 286 0.1875
242 387 0.3125
243 246 0.742188
243 247 0.195312
243 255 0.5625
243 256 0.375
243 257 0.0625
243 260 0.0625
244 247 0.703125
244 248 0.078125
244 353 0.0625
245 248 0.78125
245 249 0.15625
245 315 0.0625
245 316 0.25
245 336 0.0625
245 337 0.0625
245 387 0.0625
246 249 0.78125
246 250 0.117188
246 255 0.078125
246 286 0.0625
246 292 0.0625
246 387 0.0625
247 250 0.742188
247 251 0.78125
247 252 0.507812
247 253 0.15625
247 254 0.117188
247 255 0.351562
248 251 0.0390625
249 292 0.4375
249 313 0.5625
249 314 0.0625
249 387 0.5
250 290 0.25
250 291 0.1875
250 292 0.8125
253 256 0.125
254 290 0.0625
255 290 0.4375
256 259 0.78125
256 260 0.078125
257 260 0.78125
257 261 0.117188
258 261 0.78125
258 262 0.078125
259 262 0.78125
259 263 0.078125
260 263 0.78125
260 264 0.15625
260 286 0.125
261 264 0.742188
261 265 0.195312
261 273 0.375
261 276 0.0625
261 278 0.1875
262 265 0.820312
262 266 0.195312
262 268 0.25
262 269 0.0625
262 273 0.8125
263 266 0.0390625
263 286 0.1875
263 289 0.0625
264 278 0.125
264 282 0.0625
264 285 0.0625
265 268 0.1875
265 273 0.0625
265 276 0.1875
265 277 0.125
265 278 0.125
265 282 0.3125
268 272 0.078125
268 273 0.15625
268 276 0.0625
269 272 0.78125
269 273 0.117188
270 273 0.78125
270 274 0.078125
271 274 0.820312
271 275 0.15625
272 275 0.664062
272 276 0.15625
277 282 0.0390625
278 282 0.234375
278 283 0.0390625
279 282 1.09375
279 283 0.117188
280 283 0.78125
280 284 0.15625
281 284 1.01562
281 285 0.078125
281 288 0.1875
282 285 0.78125
282 286 0.078125
283 286 0.742188
283 317 0.0625
283 384 0.0625
283 387 0.4375
284 287 0.742188
284 288 0.195312
284 294 0.1875
285 288 0.820312
285 289 0.351562
286 289 0.9375
286 290 0.195312
287 290 0.78125
287 291 0.664062
287 292 0.859375
287 294 0.0625
287 387 0.0625
288 291 0.0390625
288 292 0.078125
292 386 0.1875
292 387 0.4375
294 384 0.0625
294 385 1.3125
294 387 0.0625
295 383 0.0625
295 384 1.25
295 385 0.4375
296 383 1.3125
296 384 0.0625
297 301 0.0625
297 382 1.3125
297 383 0.3125
298 381 1.1875
298 382 0.25
299 305 0.5
299 381 0.125
299 382 1.25
299 383 0.1875
300 350 0.0625
300 365 0.0625
300 367 0.125
300 368 0.125
300 380 0.8125
300 383 0.1875
301 305 0.234375
301 306 0.078125
301 350 0.0625
301 380 0.125
301 383 0.0625
302 305 1.09375
302 306 0.117188
303 306 0.78125
303 307 0.078125
303 340 0.3125
303 341 0.3125
303 342 0.0625
303 348 0.8125
303 349 0.125
303 365 0.0625
304 307 0.78125
304 308 0.15625
305 308 0.78125
305 309 0.15625
306 309 0.703125
306 310 0.195312
306 316 0.0625
306 337 0.0625
306 339 0.125
306 340 0.375
307 310 0.78125
307 311 0.351562
307 340 0.5625
308 311 0.78125
308 312 0.195312
309 312 0.78125
309 313 0.742188
309 314 0.15625
309 316 0.125
309 385 0.125
310 313 0.0390625
310 339 0.0625
313 387 0.0625
314 386 0.0625
314 387 0.25
315 384 0.0625
315 385 1.25
315 386 1.25
315 387 0.1875
316 336 1.1875
316 337 0.3125
316 384 1.1875
316 385 0.0625
317 335 1.25
317 383 1.3125
317 384 0.1875
318 333 0.0625
318 334 1.25
318 335 0.25
318 337 0.125
318 352 0.1875
318 380 0.5625
318 382 1.0625
319 333 1.0625
319 379 0.0625
319 380 1.25
319 381 1.625
319 382 0.3125
320 332 1.25
320 333 0.1875
320 378 0.1875
320 379 1.25
320 381 0.375
321 330 0.0625
321 331 1.1875
321 378 1.5
321 379 0.25
321 381 0.125
322 325 0.125
322 330 0.4375
322 331 0.125
322 376 0.5625
322 377 1.3125
322 378 0.4375
323 330 0.1875
323 377 0.25
324 330 0.0625
324 376 0.75
324 377 0.375
325 329 1.25
325 330 0.125
326 329 0.25
331 378 0.0625
333 354 0.25
333 356 0.4375
333 378 0.1875
334 355 0.125
335 353 1.25
335 354 0.1875
335 370 0.0625
336 352 1.25
336 353 0.25
337 351 1.3125
337 380 0.0625
338 351 1.25
338 352 0.0625
338 353 0.0625
338 360 0.125
339 350 1.3125
339 351 0.3125
340 349 1.3125
341 347 0.0625
341 348 1.1875
341 349 0.25
342 346 0.3125
342 347 1.3125
343 346 0.0625
343 347 0.25
347 364 0.1875
348 364 1.25
348 365 0.125
349 363 1.4375
350 361 0.0625
350 362 1.25
350 363 0.25
350 380 0.0625
351 360 0.0625
351 361 1.25
352 360 1.3125
352 361 0.25
352 363 0.0625
352 370 0.0625
353 357 0.25
353 359 0.0625
353 360 0.125
354 357 0.375
354 372 0.125
356 372 0.1875
356 373 0.0625
356 374 0.375
357 373 0.25
361 370 0.0625
361 371 0.0625
363 367 0.375
363 368 0.0625
363 369 0.25
363 370 0.1875
363 371 0.0625
364 367 0.1875
368 378 0.0625
368 379 1.3125
368 380 0.125
369 377 0.0625
369 378 1.3125
370 377 1.25
370 378 0.3125
371 376 1.1875
371 377 0.125
372 375 0.0625
372 376 0.25
372 378 0.125
380 383 0.3125
384 387 0.3125
