nresidues = 388
215 343 3.14225
215 344 0.748156
216 219 0.299262
216 342 3.14225
216 343 0.149631
216 344 0.448893
217 342 2.84299
217 343 0.598525
217 344 0.448893
218 303 0.299262
218 307 0.748156
218 311 0.299262
218 340 0.149631
218 341 3.14225
218 342 0.149631
219 340 2.99262
220 307 1.04742
220 310 1.04742
220 311 0.299262
220 339 2.99262
220 340 1.34668
221 310 0.598525
221 338 2.99262
221 351 0.299262
222 225 0.149631
222 313 0.299262
222 338 0.299262
224 248 0.598525
224 251 1.34668
225 244 0.299262
225 248 0.149631
225 338 0.149631
225 353 0.299262
225 360 0.448893
227 353 0.897787
227 358 0.598525
227 359 0.149631
227 360 0.299262
228 247 0.448893
228 252 0.448893
228 253 0.448893
229 240 1.04742
229 256 0.897787
229 257 0.299262
229 353 0.299262
230 240 0.748156
230 355 3.29189
230 356 0.149631
230 357 0.299262
231 234 0.897787
231 235 0.149631
231 236 0.299262
231 237 0.299262
231 240 1.19705
231 333 0.149631
231 355 0.748156
231 356 0.299262
233 274 0.598525
233 275 0.897787
234 240 0.448893
234 274 3.14225
234 275 0.448893
235 274 0.149631
235 275 0.149631
235 276 2.69336
235 277 0.149631
236 239 1.77687
236 240 0.467596
236 258 0.598525
236 261 0.598525
236 273 0.598525
236 274 0.748156
237 240 1.87039
237 241 0.28056
237 333 0.598525
237 334 0.299262
237 355 0.149631
238 241 1.96391
238 242 0.374078
238 278 0.299262
238 283 0.149631
238 334 0.149631
239 242 1.58983
239 243 0.374078
239 257 0.598525
239 261 0.149631
240 243 1.77687
240 244 0.187039
240 257 1.04742
240 353 0.149631
240 355 0.299262
241 244 1.87039
241 245 0.467596
241 317 0.149631
241 334 0.598525
241 335 0.748156
241 355 0.149631
242 245 1.87039
242 246 0.374078
242 260 0.149631
242 278 0.149631
242 283 0.598525
242 286 0.448893
242 387 0.748156
243 246 1.77687
243 247 0.467596
243 255 1.34668
243 256 0.897787
243 257 0.149631
243 260 0.149631
244 247 1.68335
244 248 0.187039
244 353 0.149631
245 248 1.87039
245 249 0.374078
245 315 0.149631
245 316 0.598525
245 336 0.149631
245 337 0.149631
245 387 0.149631
246 249 1.87039
246 250 0.28056
246 255 0.187039
246 286 0.149631
246 292 0.149631
246 387 0.149631
247 250 1.77687
247 251 1.87039
247 252 1.21575
247 253 0.374078
247 254 0.28056
247 255 0.841674
248 251 0.0935195
249 292 1.04742
249 313 1.34668
249 314 0.149631
249 387 1.19705
250 290 0.598525
250 291 0.448893
250 292 1.94521
253 256 0.299262
254 290 0.149631
255 290 1.04742
256 259 1.87039
256 260 0.187039
257 260 1.87039
257 261 0.28056
258 261 1.87039
258 262 0.187039
259 262 1.87039
259 263 0.187039
260 263 1.87039
260 264 0.374078
260 286 0.299262
261 264 1.77687
261 265 0.467596
261 273 0.897787
261 276 0.149631
261 278 0.448893
262 265 1.96391
262 266 0.467596
262 268 0.598525
262 269 0.149631
262 273 1.94521
263 266 0.0935195
263 286 0.448893
263 289 0.149631
264 278 0.299262
264 282 0.149631
264 285 0.149631
265 268 0.448893
265 273 0.149631
265 276 0.448893
265 277 0.299262
265 278 0.299262
265 282 0.748156
268 272 0.187039
268 273 0.374078
268 276 0.149631
269 272 1.87039
269 273 0.28056
270 273 1.87039
270 274 0.187039
271 274 1.96391
271 275 0.374078
272 275 1.58983
272 276 0.374078
277 282 0.0935195
278 282 0.561117
278 283 0.0935195
279 282 2.61855
279 283 0.28056
280 283 1.87039
280 284 0.374078
281 284 2.43149
281 285 0.187039
281 288 0.448893
282 285 1.87039
282 286 0.187039
283 286 1.77687
283 317 0.149631
283 384 0.149631
283 387 1.04742
284 287 1.77687
284 288 0.467596
284 294 0.448893
285 288 1.96391
285 289 0.841674
286 289 2.24447
286 290 0.467596
287 290 1.87039
287 291 1.58983
287 292 2.05743
287 294 0.149631
287 387 0.149631
288 291 0.0935195
288 292 0.187039
292 386 0.448893
292 387 1.04742
294 384 0.149631
294 385 3.14225
294 387 0.149631
295 383 0.149631
295 384 2.99262
295 385 1.04742
296 383 3.14225
296 384 0.149631
297 301 0.149631
297 382 3.14225
297 383 0.748156
298 381 2.84299
298 382 0.598525
299 305 1.19705
299 381 0.299262
299 382 2.99262
299 383 0.448893
300 350 0.149631
300 365 0.149631
300 367 0.299262
300 368 0.299262
300 380 1.94521
300 383 0.448893
301 305 0.561117
301 306 0.187039
301 350 0.149631
301 380 0.299262
301 383 0.149631
302 305 2.61855
302 306 0.28056
303 306 1.87039
303 307 0.187039
303 340 0.748156
303 341 0.748156
303 342 0.149631
303 348 1.94521
303 349 0.299262
303 365 0.149631
304 307 1.87039
304 308 0.374078
305 308 1.87039
305 309 0.374078
306 309 1.68335
306 310 0.467596
306 316 0.149631
306 337 0.149631
306 339 0.299262
306 340 0.897787
307 310 1.87039
307 311 0.841674
307 340 1.34668
308 311 1.87039
308 312 0.467596
309 312 1.87039
309 313 1.77687
309 314 0.374078
309 316 0.299262
309 385 0.299262
310 313 0.0935195
310 339 0.149631
313 387 0.149631
314 386 0.149631
314 387 0.598525
315 384 0.149631
315 385 2.99262
315 386 2.99262
315 387 0.448893
316 336 2.84299
316 337 0.748156
316 384 2.84299
316 385 0.149631
317 335 2.99262
317 383 3.14225
317 384 0.448893
318 333 0.149631
318 334 2.99262
318 335 0.598525
318 337 0.299262
318 352 0.448893
318 380 1.34668
318 382 2.54373
319 333 2.54373
319 379 0.149631
319 380 2.99262
319 381 3.89041
319 382 0.748156
320 332 2.99262
320 333 0.448893
320 378 0.448893
320 379 2.99262
320 381 0.897787
321 330 0.149631
321 331 2.84299
321 378 3.59115
321 379 0.598525
321 381 0.299262
322 325 0.299262
322 330 1.04742
322 331 0.299262
322 376 1.34668
322 377 3.14225
322 378 1.04742
323 330 0.448893
323 377 0.598525
324 330 0.149631
324 376 1.79557
324 377 0.897787
325 329 2.99262
325 330 0.299262
326 329 0.598525
331 378 0.149631
333 354 0.598525
333 356 1.04742
333 378 0.448893
334 355 0.299262
335 353 2.99262
335 354 0.448893
335 370 0.149631
336 352 2.99262
336 353 0.598525
337 351 3.14225
337 380 0.149631
338 351 2.99262
338 352 0.149631
338 353 0.149631
338 360 0.299262
339 350 3.14225
339 351 0.748156
340 349 3.14225
341 347 0.149631
341 348 2.84299
341 349 0.598525
342 346 0.748156
342 347 3.14225
343 346 0.149631
343 347 0.598525
347 364 0.448893
348 364 2.99262
348 365 0.299262
349 363 3.44152
350 361 0.149631
350 362 2.99262
350 363 0.598525
350 380 0.149631
351 360 0.149631
351 361 2.99262
352 360 3.14225
352 361 0.598525
352 363 0.149631
352 370 0.149631
353 357 0.598525
353 359 0.149631
353 360 0.299262
354 357 0.897787
354 372 0.299262
356 372 0.448893
356 373 0.149631
356 374 0.897787
357 373 0.598525
361 370 0.149631
361 371 0.149631
363 367 0.897787
363 368 0.149631
363 369 0.598525
363 370 0.448893
363 371 0.149631
364 367 0.448893
368 378 0.149631
368 379 3.14225
368 380 0.299262
369 377 0.149631
369 378 3.14225
370 377 2.99262
370 378 0.748156
371 376 2.84299
371 377 0.299262
372 375 0.149631
372 376 0.598525
372 378 0.299262
380 383 0.748156
384 387 0.748156
