nresidues = 939
657 683 0.125
657 684 1.3125
657 690 0.0625
658 682 0.0625
658 683 1.3125
658 684 0.1875
659 682 1.25
659 733 0.125
659 742 0.0625
660 682 1.125
660 684 0.1875
661 680 0.0625
661 681 1.3125
661 682 0.0625
662 680 1.1875
662 681 0.0625
662 742 0.125
662 743 0.1875
662 744 0.25
662 745 0.125
663 678 0.0625
663 679 1.375
663 680 0.1875
664 678 1.1875
664 679 0.0625
665 677 0.375
665 678 0.4375
666 675 0.1875
666 677 0.3125
666 747 0.0625
667 747 1.3125
667 748 0.125
668 748 1.25
668 750 0.125
668 827 0.25
669 675 0.4375
669 677 0.125
669 748 0.0625
669 749 1.4375
669 750 0.125
670 675 0.25
670 749 0.0625
670 750 1.3125
670 752 0.0625
670 829 0.1875
671 723 1.3125
671 724 0.3125
671 725 0.1875
671 750 0.125
672 675 0.125
672 723 1.1875
673 722 0.1875
673 723 0.0625
675 721 0.0625
675 722 0.1875
675 749 0.0625
676 720 0.0625
676 721 1.25
676 722 0.125
677 719 0.0625
677 720 1.3125
677 721 0.1875
677 747 0.1875
678 718 0.1875
678 719 1.3125
678 720 0.0625
679 717 0.0625
679 718 1.3125
679 719 0.1875
679 721 0.1875
679 731 0.375
679 744 0.125
679 747 0.1875
680 716 0.0625
680 717 1.25
680 718 0.1875
681 697 0.0625
681 715 0.0625
681 716 1.3125
681 717 0.25
682 714 0.0625
682 715 1.375
682 716 0.4375
683 689 0.78125
683 690 0.195312
683 695 0.0625
683 711 0.0625
683 715 0.1875
684 687 0.078125
684 688 0.976562
684 689 0.078125
684 690 0.078125
685 688 0.234375
685 690 0.0390625
689 714 0.1875
689 715 0.0625
690 693 0.125
690 711 0.3125
690 712 1.125
690 715 0.0625
691 711 1.375
691 712 1.3125
691 713 0.0625
692 710 0.0625
692 711 0.3125
693 709 0.0625
693 710 1.375
693 711 0.375
693 735 0.125
693 736 0.0625
694 708 0.125
694 709 1.25
694 710 0.4375
694 735 1.125
694 736 0.6875
695 707 0.0625
695 708 1.3125
695 709 0.3125
695 733 0.0625
695 734 1.25
696 707 1.375
696 732 0.0625
696 733 1.1875
696 734 0.3125
697 704 0.25
697 707 0.125
697 719 0.4375
697 732 1.25
697 733 0.125
698 704 0.1875
698 730 0.0625
698 731 1.3125
698 732 0.3125
699 704 0.1875
699 721 0.0625
699 729 0.0625
699 730 1.25
699 731 0.125
700 729 0.25
700 730 0.375
701 721 0.0625
701 723 0.0625
701 725 0.0625
701 727 0.1875
701 728 0.125
701 729 0.3125
702 721 0.125
702 722 1.25
703 720 0.0625
703 721 1.1875
703 722 0.25
704 720 1.3125
705 719 0.3125
705 720 0.3125
706 719 0.0625
709 717 0.0625
709 718 0.1875
711 715 0.4375
711 716 1.4375
711 717 0.0625
712 715 0.0625
712 716 0.375
721 729 0.0625
721 731 0.0625
721 749 0.25
722 749 0.1875
723 749 0.1875
725 749 0.0625
726 749 1.375
726 750 0.0625
726 751 0.1875
727 748 1.1875
727 749 0.125
728 746 0.25
728 747 1.25
729 746 1.25
729 747 0.25
729 749 0.0625
730 743 0.25
730 744 0.0625
731 743 1.1875
731 744 0.125
732 742 1.3125
732 743 0.3125
733 741 1.3125
733 742 0.375
734 738 0.1875
734 739 0.3125
734 740 0.1875
734 741 0.75
735 738 0.375
750 788 0.5
750 789 0.3125
750 827 0.375
751 787 1.375
751 788 0.0625
751 829 0.1875
752 786 0.0625
752 787 0.0625
752 829 0.3125
753 786 1.3125
753 787 0.125
753 792 0.125
753 823 0.0625
753 824 0.125
753 825 0.125
753 829 0.5
753 830 0.125
753 831 0.1875
754 785 1.3125
754 786 0.25
755 784 1.3125
755 794 0.0625
755 821 0.0625
755 823 0.125
755 831 0.1875
755 832 0.1875
755 833 0.0625
756 759 1.75
756 784 0.125
757 760 0.125
757 833 0.125
758 768 1.0625
758 769 1.3125
759 768 0.3125
759 769 1.25
760 767 0.0625
760 768 1.25
760 769 0.4375
760 781 0.125
760 782 1.125
760 783 0.1875
760 833 0.25
761 766 0.0625
761 767 1.1875
761 768 0.3125
761 781 1.375
761 782 0.4375
762 765 1.4375
762 766 0.125
762 767 0.1875
762 772 0.0625
762 780 1.0625
762 879 0.1875
762 880 0.125
762 886 0.0625
763 780 0.4375
763 781 0.125
763 782 0.1875
763 810 0.0625
763 886 0.25
764 885 0.1875
764 886 0.125
765 880 0.1875
765 881 0.0625
771 775 0.125
771 833 0.0625
771 835 0.0625
772 775 0.1875
772 880 0.0625
773 838 1.3125
773 839 1.3125
774 840 1.1875
774 880 0.3125
775 813 0.375
775 815 0.0625
775 817 0.0625
775 835 0.125
775 836 0.0625
775 838 1
775 840 0.125
775 841 1.375
775 842 0.1875
775 880 0.25
776 779 0.0625
776 842 1.25
776 880 0.125
776 883 0.0625
777 813 1.1875
777 814 0.1875
777 815 0.125
777 841 0.125
777 842 0.125
777 843 0.25
777 889 0.3125
778 812 0.125
778 813 1.25
778 814 0.0625
778 888 0.625
779 811 0.0625
779 812 1.25
779 880 0.0625
779 886 0.25
780 810 0.125
780 811 1.3125
780 812 0.1875
780 880 0.0625
780 886 0.3125
781 810 1.3125
781 811 0.25
781 880 0.125
782 809 1.0625
782 810 0.375
783 794 0.375
783 809 0.25
783 811 0.125
783 821 0.125
784 794 0.125
785 792 0.4375
785 794 0.125
786 792 0.1875
787 792 0.25
787 829 0.0625
788 825 0.0625
788 827 0.375
788 829 0.0625
789 825 0.125
789 826 0.5625
789 827 0.25
791 824 0.0625
791 825 1.25
791 826 0.1875
792 823 0.125
792 824 1.1875
793 806 1.3125
793 822 0.0625
793 823 1.25
793 824 0.3125
794 804 0.1875
794 805 0.0625
794 806 0.3125
794 808 0.125
794 809 0.3125
794 821 0.0625
794 822 1.3125
794 823 0.5625
795 804 0.25
795 821 1.25
795 822 0.4375
795 824 0.0625
796 799 0.1875
796 802 0.1875
796 819 0.0625
796 820 1.1875
796 821 0.1875
797 819 0.25
797 820 0.1875
798 801 1.375
798 802 1.1875
798 819 0.1875
799 802 1.375
799 814 0.25
800 814 1.125
800 815 0.125
801 813 1.1875
801 814 1.3125
801 815 0.25
801 816 0.0625
801 817 0.1875
801 819 0.0625
802 811 0.0625
802 812 1.25
802 813 0.0625
802 814 0.0625
802 835 0.0625
803 811 1.375
803 812 0.25
803 814 0.0625
804 809 0.1875
804 810 1.375
804 811 0.125
805 808 1.4375
805 809 0.0625
805 810 0.125
813 880 0.125
814 841 0.0625
815 841 0.0625
816 838 0.25
816 839 0.125
816 841 0.125
816 938 0.5
817 836 1.1875
817 837 0.375
817 838 0.0625
818 835 1.375
818 836 0.0625
818 837 0.1875
819 834 1.25
819 835 0.25
820 833 1.3125
820 834 0.1875
821 832 1.3125
821 833 0.375
821 835 0.125
822 831 1.25
822 832 0.25
823 830 1.25
823 831 0.25
824 829 1.3125
824 830 0.0625
825 828 1.25
825 829 0.25
840 938 0.3125
841 936 0.0625
841 937 1.25
841 938 0.3125
842 876 0.125
842 935 0.0625
842 936 1.25
843 934 0.0625
843 935 1.25
843 936 0.25
844 889 0.375
844 916 0.0625
844 934 1.1875
844 935 0.1875
845 848 0.0625
845 858 0.0625
845 862 0.125
845 933 0.125
845 934 0.3125
846 892 0.0625
846 894 0.0625
846 895 0.1875
846 933 0.5625
848 933 0.3125
849 894 0.0625
849 930 0.3125
849 932 1.4375
849 933 0.8125
850 854 0.078125
850 855 0.0390625
850 898 0.25
850 929 0.0625
850 930 1.4375
850 931 1.0625
850 932 0.25
850 934 0.0625
851 854 0.9375
851 855 0.078125
851 898 0.4375
851 927 1.25
851 928 0.125
851 929 0.25
852 855 0.78125
852 856 0.234375
852 866 0.1875
852 898 0.1875
852 899 0.0625
852 900 0.4375
852 901 0.6875
852 911 0.0625
852 927 0.1875
853 856 0.78125
853 857 0.117188
854 857 0.78125
854 858 0.15625
855 858 0.78125
855 859 0.117188
855 866 0.0625
855 898 0.0625
855 934 0.125
856 859 0.78125
856 860 0.078125
856 866 0.0625
857 860 0.78125
857 861 0.234375
858 861 0.78125
858 862 0.234375
859 862 0.78125
859 863 0.78125
859 864 0.859375
859 865 0.195312
859 866 0.0390625
859 935 0.125
859 936 0.3125
860 863 0.0390625
860 864 0.0390625
862 938 0.1875
863 936 0.0625
864 936 0.1875
864 937 1.1875
865 936 1.25
865 937 0.25
866 900 0.0625
867 872 0.15625
867 873 0.15625
867 898 0.125
867 899 1.3125
867 900 0.125
867 935 0.125
867 937 0.125
868 872 0.15625
868 900 0.125
869 872 0.742188
869 899 0.3125
870 873 0.78125
870 874 0.078125
870 912 0.1875
870 913 0.1875
870 921 0.375
870 922 0.125
870 923 0.25
871 874 0.78125
871 875 0.195312
872 875 0.703125
872 876 0.0390625
872 937 0.125
873 876 0.898438
873 877 0.0390625
873 897 0.0625
873 914 0.5
873 916 0.0625
874 877 0.820312
874 878 0.078125
874 914 0.3125
875 878 0.9375
875 879 0.0390625
876 879 0.78125
876 880 0.15625
876 916 0.0625
877 880 0.742188
877 881 0.273438
877 882 0.0390625
877 914 0.1875
877 916 0.0625
877 917 0.0625
877 919 0.75
880 886 0.5
882 885 0.1875
882 886 0.0625
882 916 1.1875
882 917 0.0625
883 886 0.375
883 889 0.125
883 895 0.0625
883 916 0.125
883 917 0.0625
884 889 0.1875
884 890 0.0625
884 892 0.1875
884 917 0.25
886 889 1.1875
886 890 0.0625
887 890 0.6875
889 892 0.1875
889 895 0.0625
892 895 0.0625
893 917 0.125
893 918 0.125
894 915 0.625
894 918 0.0625
894 933 0.0625
895 914 0.0625
895 915 1.75
895 917 0.125
896 913 0.1875
896 914 1.25
896 915 0.25
896 931 0.0625
896 932 1.3125
896 933 0.3125
897 913 1.375
897 914 0.25
897 932 0.0625
897 933 1.25
897 935 0.25
898 911 0.125
898 912 1.1875
898 926 0.0625
898 927 0.0625
898 929 0.125
898 930 0.0625
898 931 0.25
898 932 0.5625
898 933 0.0625
899 912 0.25
901 905 0.46875
901 906 0.15625
901 909 0.0625
901 910 0.25
901 911 0.0625
902 905 1.09375
902 906 0.078125
903 906 0.78125
903 907 0.0390625
904 907 0.820312
904 908 0.117188
905 908 0.742188
905 909 0.742188
905 910 0.351562
909 926 1.1875
909 927 0.1875
910 924 0.25
910 925 1.4375
910 926 0.0625
911 923 1.0625
911 924 1.0625
911 925 0.3125
912 922 1.375
912 923 0.3125
913 921 1.25
913 922 0.1875
914 919 1.625
915 918 1.5625
915 919 0.4375
925 931 0.25
926 929 0.5
926 931 0.25
