L	Ls	nvertices	F_L	F_L_constrained	rho_sum	nloops	regions
 19	  0	  0	           0	           0	           0	 0	[(0, 19)]
 20	  0	  0	           0	           0	           0	 0	[(0, 20)]
 21	  0	  0	           0	           0	           0	 0	[(0, 21)]
 22	  0	  0	           0	           0	           0	 0	[(0, 22)]
 23	  0	  0	           0	           0	           0	 0	[(0, 23)]
 24	  0	  0	           0	           0	           0	 0	[(0, 24)]
 25	  0	  0	           0	           0	           0	 0	[(0, 25)]
 26	  0	  0	           0	           0	           0	 0	[(0, 26)]
 27	  0	  0	           0	           0	           0	 0	[(0, 27)]
 28	  0	  0	           0	           0	           0	 0	[(0, 28)]
 29	  0	  2	    -0.27836	    -0.27836	    0.285312	 0	[(0, 29)]
 30	  0	  2	    -0.27836	    -0.27836	    0.285312	 0	[(0, 30)]
 31	  0	  2	    -0.27836	    -0.27836	    0.285312	 0	[(0, 31)]
 32	  0	  2	    -0.27836	    -0.27836	    0.285312	 0	[(0, 32)]
 33	  0	  2	    -0.27836	    -0.27836	    0.285312	 0	[(0, 33)]
 34	  0	  2	    -0.27836	    -0.27836	    0.285312	 0	[(0, 34)]
 35	  0	  2	    -0.27836	    -0.27836	    0.285312	 0	[(0, 35)]
 36	  0	  2	    -0.27836	    -0.27836	    0.285312	 0	[(0, 36)]
 37	  0	  2	    -0.27836	    -0.27836	    0.285312	 0	[(0, 37)]
 38	  0	  2	    -0.27836	    -0.27836	    0.285312	 0	[(0, 38)]
 39	  0	  2	    -0.27836	    -0.27836	    0.285312	 0	[(0, 39)]
 40	  0	  2	    -0.27836	    -0.27836	    0.285312	 0	[(0, 40)]
 41	  0	  4	   -0.545128	   -0.545128	    0.547452	 0	[(0, 41)]
 42	  0	  7	   -0.545128	   -0.344027	      2.6258	 0	[(0, 42)]
 43	  0	  8	    -3.85594	    -3.85594	     4.37575	 0	[(0, 43)]
 44	  0	  8	    -3.85594	    -3.85594	     4.37575	 0	[(0, 44)]
 45	  0	  8	    -3.85594	    -3.85594	     4.37575	 0	[(0, 45)]
 46	  0	  8	    -3.85594	    -3.85594	     4.37575	 0	[(0, 46)]
 47	  0	 10	    -3.85594	    -3.24246	     4.87503	 0	[(0, 47)]
 48	  0	 10	    -3.85594	    -3.24246	     4.87503	 0	[(0, 48)]
 49	  0	 12	    -3.85594	     3.43283	     5.33558	 1	[(0, 49)]
 50	  0	 14	    -3.85594	     3.53371	     7.60625	 1	[(0, 50)]
 51	  0	 16	    -3.85594	     1.87516	     10.3788	 1	[(0, 51)]
 52	  0	 18	    -3.85594	   -0.616261	      12.333	 1	[(0, 52)]
 53	  0	 19	    -3.85594	   -0.678485	     13.1026	 1	[(0, 53)]
 54	  0	 20	    -3.85594	  -0.0997842	     13.3403	 1	[(0, 54)]
 55	  0	 20	    -3.85594	  -0.0997842	     13.3403	 1	[(0, 55)]
 56	  0	 20	    -3.85594	  -0.0997842	     13.3403	 1	[(0, 56)]
 57	  0	 21	    -3.85594	   -0.378138	     13.8191	 1	[(0, 57)]
 58	  0	 21	    -3.85594	   -0.378138	     13.8191	 1	[(0, 58)]
 59	  0	 22	    -3.85594	    -1.61368	     14.5333	 1	[(0, 59)]
 60	  0	 22	    -3.85594	    -1.61368	     14.5333	 1	[(0, 60)]
 61	  0	 22	    -3.85594	    -1.61368	     14.5333	 1	[(0, 61)]
 62	  0	 22	    -3.85594	    -1.61368	     14.5333	 1	[(0, 62)]
 63	  0	 22	    -3.85594	    -1.61368	     14.5333	 1	[(0, 63)]
 64	  0	 22	    -3.85594	    -1.61368	     14.5333	 1	[(0, 64)]
 65	  0	 22	    -3.85594	    -1.61368	     14.5333	 1	[(0, 65)]
 66	  0	 23	    -3.85594	     1.97478	     15.8489	 3	[(0, 66)]
 67	  0	 25	    -4.38976	    -4.38976	     18.7182	 2	[(0, 67)]
 68	  0	 27	    -5.97505	    -5.97505	      20.076	 2	[(0, 68)]
 69	  0	 28	    -5.97505	    -5.65894	     20.8025	 2	[(0, 69)]
 70	  0	 28	    -5.97505	    -5.65894	     20.8025	 2	[(0, 70)]
 71	  0	 28	    -5.97505	    -5.65894	     20.8025	 2	[(0, 71)]
 72	  0	 28	    -5.97505	    -5.65894	     20.8025	 2	[(0, 72)]
 73	  0	 30	    -5.97505	    -5.06075	     21.0259	 2	[(0, 73)]
 74	 29	 26	    -5.97505	    -4.39864	     17.0229	 2	[(29, 74)]
 75	  0	 33	    -5.97505	     -5.7723	     23.9126	 3	[(0, 75)]
 76	  0	 34	    -5.97505	    -5.71306	     24.8579	 3	[(0, 76)]
 77	  0	 35	    -5.97505	    -5.12106	     24.9866	 3	[(0, 77)]
 78	  0	 36	    -5.97505	    -2.71573	     24.8908	 4	[(0, 78)]
 79	  0	 39	    -5.97505	     -1.2035	      27.444	 5	[(0, 79)]
 80	  0	 41	    -5.97505	    -3.06643	     31.1677	 5	[(0, 80)]
 81	  0	 42	    -7.61037	    -7.61037	     32.8068	 5	[(0, 81)]
 82	  0	 44	     -7.8741	     -7.8741	     33.6911	 5	[(0, 82)]
 83	  0	 45	    -7.94669	    -7.94669	      34.503	 5	[(0, 83)]
 84	  0	 46	    -8.09636	    -8.09636	     35.2196	 5	[(0, 84)]
 85	  0	 46	    -8.09636	    -8.09636	     35.2196	 5	[(0, 85)]
 86	  0	 46	    -8.09636	    -8.09636	     35.2196	 5	[(0, 86)]
 87	  0	 46	    -8.09636	    -8.09636	     35.2196	 5	[(0, 87)]
 88	  0	 46	    -8.09636	    -8.09636	     35.2196	 5	[(0, 88)]
 89	  0	 46	    -8.09636	    -8.09636	     35.2196	 5	[(0, 89)]
 90	  0	 46	    -8.09636	    -8.09636	     35.2196	 5	[(0, 90)]
 91	  0	 46	    -8.09636	    -8.09636	     35.2196	 5	[(0, 91)]
 92	  0	 46	    -8.09636	    -8.09636	     35.2196	 5	[(0, 92)]
 93	  0	 46	    -8.09636	    -8.09636	     35.2196	 5	[(0, 93)]
 94	  0	 48	    -8.35966	    -8.35966	     35.4752	 5	[(0, 94)]
 95	  0	 48	    -8.35966	    -8.35966	     35.4752	 5	[(0, 95)]
 96	  0	 50	    -8.61653	    -8.61653	     35.7189	 5	[(0, 96)]
 97	  0	 50	    -8.61653	    -8.61653	     35.7189	 5	[(0, 97)]
 98	  0	 50	    -8.61653	    -8.61653	     35.7189	 5	[(0, 98)]
 99	  0	 52	    -8.74683	    -8.74683	     35.8572	 5	[(0, 99)]
100	  0	 52	    -8.74683	    -8.74683	     35.8572	 5	[(0, 100)]
101	  0	 54	     -9.6125	     -9.6125	     37.9348	 5	[(0, 101)]
102	  0	 55	    -13.0157	    -13.0157	     39.3061	 5	[(0, 102)]
103	  0	 55	    -13.0157	    -13.0157	     39.3061	 5	[(0, 103)]
104	  0	 56	    -13.2773	    -13.2773	     39.5469	 5	[(0, 104)]
105	  0	 57	    -13.3271	    -13.3271	     39.6467	 5	[(0, 105)]
106	  0	 59	    -13.3271	    -13.2258	     39.5474	 5	[(0, 106)]
107	  0	 60	    -13.3271	    -6.62192	     39.5446	 6	[(0, 107)]
108	  0	 62	    -13.3271	    -6.42527	     39.4246	 6	[(0, 108)]
109	  0	 63	    -13.3271	    -5.32217	      43.646	 6	[(0, 109)]
110	  0	 65	    -13.3271	    -6.37253	     45.4911	 6	[(0, 110)]
111	  0	 65	    -13.3271	    -6.37253	     45.4911	 6	[(0, 111)]
112	  0	 67	    -13.3271	     -5.6951	     45.9206	 6	[(0, 112)]
113	  0	 67	    -13.3271	     -5.6951	     45.9206	 6	[(0, 113)]
114	  0	 67	    -13.3271	     -5.6951	     45.9206	 6	[(0, 114)]
115	  0	 68	    -13.3271	    -6.06793	     46.6621	 6	[(0, 115)]
116	  0	 68	    -13.3271	    -6.06793	     46.6621	 6	[(0, 116)]
117	  0	 70	    -13.3271	    -4.82002	     46.9658	 6	[(0, 117)]
118	  0	 70	    -13.3271	    -4.82002	     46.9658	 6	[(0, 118)]
119	  0	 70	    -13.3271	    -4.82002	     46.9658	 6	[(0, 119)]
120	  0	 70	    -13.3271	    -4.82002	     46.9658	 6	[(0, 120)]
121	  0	 71	    -13.3271	    -4.95489	     47.0999	 6	[(0, 121)]
122	  0	 72	    -13.3271	    -5.70233	     49.6188	 6	[(0, 122)]
123	  0	 73	    -13.3271	     5.35705	     52.5276	 8	[(0, 123)]
124	  0	 74	    -13.3271	     6.04049	      52.927	 8	[(0, 124)]
125	  0	 75	    -13.3271	     6.44797	     53.0627	 8	[(0, 125)]
126	105	 13	    -13.3271	     7.69268	     5.77239	 1	[(105, 126)]
127	105	 14	    -13.3271	     7.53348	     5.94796	 1	[(105, 127)]
128	105	 14	    -13.3271	     7.53348	     5.94796	 1	[(105, 128)]
129	  0	 84	    -13.3271	     3.96267	     61.9211	 8	[(0, 129)]
130	  0	 85	    -13.3271	    0.983848	     62.9159	 8	[(0, 130)]
131	  0	 86	    -13.3271	   -0.204887	      63.846	 8	[(0, 131)]
132	  0	 87	    -13.3271	    -2.03887	     65.0172	 8	[(0, 132)]
133	  0	 88	    -13.3271	    -1.32084	     65.4205	 8	[(0, 133)]
134	  0	 89	    -13.3271	    -2.92985	     68.0803	 8	[(0, 134)]
135	  0	 92	    -13.3271	    -9.25958	     70.3191	 8	[(0, 135)]
136	  0	 93	    -13.3271	    -8.84298	     70.8989	 8	[(0, 136)]
137	  0	 95	    -13.3271	    -9.70467	     72.0653	 8	[(0, 137)]
138	  0	 96	    -13.3271	    -9.22655	     72.4213	 8	[(0, 138)]
139	  0	 96	    -13.3271	    -9.22655	     72.4213	 8	[(0, 139)]
140	  0	 98	    -16.1925	    -16.1925	     72.5258	 7	[(0, 140)]
141	  0	101	    -16.1925	    0.259499	     76.2724	 9	[(0, 141)]
142	  0	102	    -16.1925	    0.643038	     79.5454	10	[(0, 142)]
143	  0	103	    -16.1925	    -2.71428	     80.5885	10	[(0, 143)]
144	  0	103	    -16.1925	    -2.71428	     80.5885	10	[(0, 144)]
145	  0	103	    -16.1925	    -2.71428	     80.5885	10	[(0, 145)]
146	  0	104	    -16.1925	    -3.34061	     81.0543	10	[(0, 146)]
147	  0	105	    -16.1925	     -3.1837	     81.0497	10	[(0, 147)]
148	  0	106	    -16.1925	    -3.21048	     81.1232	10	[(0, 148)]
149	  0	106	    -16.1925	    -3.21048	     81.1232	10	[(0, 149)]
150	  0	106	    -16.1925	    -3.21048	     81.1232	10	[(0, 150)]
151	  0	106	    -16.1925	    -3.21048	     81.1232	10	[(0, 151)]
152	  0	106	    -16.1925	    -3.21048	     81.1232	10	[(0, 152)]
153	  0	106	    -16.1925	    -3.21048	     81.1232	10	[(0, 153)]
154	  0	106	    -16.1925	    -3.21048	     81.1232	10	[(0, 154)]
155	  0	106	    -16.1925	    -3.21048	     81.1232	10	[(0, 155)]
156	  0	109	    -16.1925	     -3.5082	     81.4842	10	[(0, 156)]
157	  0	109	    -16.1925	     -3.5082	     81.4842	10	[(0, 157)]
158	  0	113	    -16.1925	     -3.4195	     81.3033	10	[(0, 158)]
159	  0	113	    -16.1925	     -3.4195	     81.3033	10	[(0, 159)]
160	  0	113	    -16.1925	     -3.4195	     81.3033	10	[(0, 160)]
161	  0	113	    -16.1925	     -3.4195	     81.3033	10	[(0, 161)]
162	  0	113	    -16.1925	     -3.4195	     81.3033	10	[(0, 162)]
163	  0	114	    -16.1925	    -3.58917	      81.539	10	[(0, 163)]
164	  0	115	    -16.1925	    -7.18232	     86.1872	10	[(0, 164)]
165	  0	119	    -16.1925	     -5.7458	     87.0385	10	[(0, 165)]
166	  0	121	    -16.1925	    -7.79557	     88.6527	10	[(0, 166)]
167	  0	123	    -16.1925	    -6.55969	     89.5605	10	[(0, 167)]
168	  0	123	    -16.1925	    -6.55969	     89.5605	10	[(0, 168)]
169	  0	124	    -16.1925	    -6.77454	      89.842	10	[(0, 169)]
170	  0	124	    -16.1925	    -6.77454	      89.842	10	[(0, 170)]
171	  0	125	    -16.1925	    -7.03341	     90.2003	10	[(0, 171)]
172	  0	126	    -16.1925	      -6.987	     90.1661	10	[(0, 172)]
173	  0	128	    -16.1925	     -4.8843	     94.8054	10	[(0, 173)]
174	  0	129	    -16.1925	    -8.13977	     98.9984	10	[(0, 174)]
175	  0	129	    -16.1925	    -8.13977	     98.9984	10	[(0, 175)]
176	  0	131	    -16.1925	    -8.15386	     99.9693	10	[(0, 176)]
177	  0	131	    -16.1925	    -8.15386	     99.9693	10	[(0, 177)]
178	  0	131	    -16.1925	    -8.15386	     99.9693	10	[(0, 178)]
179	  0	133	    -16.1925	     -7.0827	     100.903	10	[(0, 179)]
180	  0	134	    -16.1925	    -6.99847	     100.794	10	[(0, 180)]
181	  0	135	    -16.1925	    -7.02053	     100.809	10	[(0, 181)]
182	  0	135	    -16.1925	    -7.02053	     100.809	10	[(0, 182)]
183	  0	135	    -16.1925	    -7.02053	     100.809	10	[(0, 183)]
184	  0	135	    -16.1925	    -7.02053	     100.809	10	[(0, 184)]
185	  0	137	    -16.1925	     4.22285	     100.317	12	[(0, 185)]
186	167	 11	    -16.1925	     6.43131	    0.565703	 1	[(167, 186)]
187	167	 13	    -16.1925	     6.12731	     4.79279	 1	[(167, 187)]
188	  0	141	    -16.1925	     4.04197	     106.618	12	[(0, 188)]
189	  0	142	    -16.1925	   -0.357094	     109.244	12	[(0, 189)]
190	  0	143	    -16.1925	     0.40063	     109.593	12	[(0, 190)]
191	  0	144	    -16.1925	   -0.984731	     110.651	12	[(0, 191)]
192	  0	145	    -16.1925	   -0.363521	     110.695	12	[(0, 192)]
193	  0	146	    -16.1925	   -0.061986	      112.02	13	[(0, 193)]
194	  0	147	    -16.1925	     -4.4273	     114.415	13	[(0, 194)]
195	  0	148	    -16.1925	    -3.74813	     114.806	13	[(0, 195)]
196	  0	152	    -16.1925	     -3.1126	     115.172	13	[(0, 196)]
197	  0	153	    -16.1925	    -2.54555	     114.598	13	[(0, 197)]
198	  0	154	    -16.1925	    -2.67622	     114.821	13	[(0, 198)]
199	  0	155	    -16.1925	    -3.31678	     121.364	13	[(0, 199)]
200	  0	156	    -16.1925	    -6.87373	     123.829	13	[(0, 200)]
201	  0	157	    -16.1925	    -10.1302	     125.101	13	[(0, 201)]
202	  0	159	    -16.1925	    -8.53405	     125.883	13	[(0, 202)]
203	  0	160	    -16.1925	    -8.06589	     125.927	13	[(0, 203)]
204	  0	160	    -16.1925	    -8.06589	     125.927	13	[(0, 204)]
205	  0	160	    -16.1925	    -8.06589	     125.927	13	[(0, 205)]
206	  0	160	    -16.1925	    -8.06589	     125.927	13	[(0, 206)]
207	  0	160	    -16.1925	    -8.06589	     125.927	13	[(0, 207)]
208	  0	160	    -16.1925	    -8.06589	     125.927	13	[(0, 208)]
209	  0	160	    -16.1925	    -8.06589	     125.927	13	[(0, 209)]
210	  0	160	    -16.1925	    -8.06589	     125.927	13	[(0, 210)]
211	  0	160	    -16.1925	    -8.06589	     125.927	13	[(0, 211)]
212	  0	160	    -16.1925	    -8.06589	     125.927	13	[(0, 212)]
213	  0	162	    -16.1925	    -8.34016	     126.204	13	[(0, 213)]
214	  0	162	    -16.1925	    -8.34016	     126.204	13	[(0, 214)]
215	  0	164	    -16.1925	    -8.60017	     126.454	13	[(0, 215)]
216	  0	164	    -16.1925	    -8.60017	     126.454	13	[(0, 216)]
217	  0	164	    -16.1925	    -8.60017	     126.454	13	[(0, 217)]
218	  0	164	    -16.1925	    -8.60017	     126.454	13	[(0, 218)]
219	  0	166	    -16.1925	    -8.72922	      126.59	13	[(0, 219)]
220	  0	167	    -16.1925	    -8.72402	     126.594	13	[(0, 220)]
221	  0	168	    -16.1925	    -8.71412	     126.588	13	[(0, 221)]
222	  0	171	    -16.1925	     -1.3447	     126.423	14	[(0, 222)]
223	  0	174	    -16.1925	   -0.229202	     131.364	14	[(0, 223)]
224	  0	175	    -16.1925	    -2.41607	     132.657	14	[(0, 224)]
225	  0	176	    -16.1925	    -2.47347	     133.545	14	[(0, 225)]
226	  0	177	    -16.1925	    -2.57963	     136.963	14	[(0, 226)]
227	  0	178	    -16.1925	    -2.32214	     137.577	14	[(0, 227)]
228	  0	178	    -16.1925	    -2.32214	     137.577	14	[(0, 228)]
229	  0	180	    -16.1925	    -2.46178	     137.714	14	[(0, 229)]
230	  0	181	    -16.1925	    -2.77757	     139.788	14	[(0, 230)]
231	  0	183	    -16.1925	    -2.72592	     142.695	14	[(0, 231)]
232	  0	184	    -16.1925	    -5.67343	     144.419	14	[(0, 232)]
233	  0	186	    -16.1925	    -5.68287	     146.336	14	[(0, 233)]
234	  0	187	    -16.1925	    -5.17319	     146.833	14	[(0, 234)]
235	  0	187	    -16.1925	    -5.17319	     146.833	14	[(0, 235)]
236	  0	187	    -16.1925	    -5.17319	     146.833	14	[(0, 236)]
237	  0	188	    -16.1925	    -5.96892	     147.599	14	[(0, 237)]
238	  0	188	    -16.1925	    -5.96892	     147.599	14	[(0, 238)]
239	  0	189	    -16.1925	    -6.18928	     147.804	14	[(0, 239)]
240	  0	189	    -16.1925	    -6.18928	     147.804	14	[(0, 240)]
241	  0	189	    -16.1925	    -6.18928	     147.804	14	[(0, 241)]
242	  0	189	    -16.1925	    -6.18928	     147.804	14	[(0, 242)]
243	  0	190	    -16.1925	     2.45714	      148.03	16	[(0, 243)]
244	  0	192	    -16.1925	    -4.45937	     151.095	15	[(0, 244)]
245	  0	193	    -16.1925	    -11.7758	     152.452	15	[(0, 245)]
246	  0	194	    -16.1925	    -14.5376	     153.459	15	[(0, 246)]
247	  0	195	    -16.1925	    -15.2958	     154.432	15	[(0, 247)]
248	  0	196	    -16.1925	     -14.558	     154.668	15	[(0, 248)]
249	  0	197	    -16.1925	    -14.3265	     154.751	15	[(0, 249)]
250	  0	198	    -16.1925	    -14.2665	     154.673	15	[(0, 250)]
251	  0	199	    -16.1925	    -14.2386	     154.585	15	[(0, 251)]
252	  0	200	    -16.1925	    -10.2822	     155.836	16	[(0, 252)]
253	  0	201	    -16.1925	    -15.5513	      157.98	16	[(0, 253)]
254	  0	202	     -19.904	     -19.904	     160.531	16	[(0, 254)]
255	  0	204	     -19.904	    -18.5764	     160.889	16	[(0, 255)]
256	  0	205	     -19.904	    -18.2716	     161.102	16	[(0, 256)]
257	  0	207	     -19.904	     -17.536	     160.491	16	[(0, 257)]
258	  0	210	     -19.904	    -10.9739	     160.132	18	[(0, 258)]
259	  0	211	     -19.904	    -10.6531	     165.243	18	[(0, 259)]
260	  0	213	     -19.904	    -15.5782	     168.087	17	[(0, 260)]
261	  0	214	     -19.904	    -19.7254	     169.178	17	[(0, 261)]
262	  0	214	     -19.904	    -19.7254	     169.178	17	[(0, 262)]
263	  0	214	     -19.904	    -19.7254	     169.178	17	[(0, 263)]
