L	Ls	nvertices	F_L	F_L_constrained	rho_sum	nloops	regions
  2	  0	  0	           0	           0	           0	 0	[(0, 2)]
  3	  0	  0	           0	           0	           0	 0	[(0, 3)]
  4	  0	  0	           0	           0	           0	 0	[(0, 4)]
  5	  0	  0	           0	           0	           0	 0	[(0, 5)]
  6	  0	  0	           0	           0	           0	 0	[(0, 6)]
  7	  0	  0	           0	           0	           0	 0	[(0, 7)]
  8	  0	  0	           0	           0	           0	 0	[(0, 8)]
  9	  0	  0	           0	           0	           0	 0	[(0, 9)]
 10	  0	  0	           0	           0	           0	 0	[(0, 10)]
 11	  0	  0	           0	           0	           0	 0	[(0, 11)]
 12	  0	  2	   -0.263737	   -0.263737	    0.256384	 0	[(0, 12)]
 13	  0	  2	   -0.263737	   -0.263737	    0.256384	 0	[(0, 13)]
 14	  0	  6	   -0.380117	   -0.380117	    0.372763	 0	[(0, 14)]
 15	  0	  6	   -0.380117	   -0.380117	    0.372763	 0	[(0, 15)]
 16	  0	  8	   -0.380117	   -0.369915	    0.380094	 0	[(0, 16)]
 17	  0	  9	   -0.380117	     2.20644	    0.392838	 1	[(0, 17)]
 18	  0	 11	   -0.380117	   -0.282335	    0.292476	 0	[(0, 18)]
 19	  0	 12	   -0.380117	   -0.295273	      0.3062	 0	[(0, 19)]
 20	 13	  8	   -0.380117	     3.94995	     6.46857	 0	[(13, 20)]
 21	 13	  9	   -0.380117	     3.82562	     7.73317	 0	[(13, 21)]
 22	 13	 10	   -0.380117	     3.44547	     8.82696	 0	[(13, 22)]
 23	 13	 11	   -0.380117	     3.18685	     9.80456	 0	[(13, 23)]
 24	 13	 12	   -0.380117	     3.02256	     10.7551	 0	[(13, 24)]
 25	 13	 13	   -0.380117	     2.70976	     11.7633	 0	[(13, 25)]
 26	 13	 14	   -0.380117	     3.28482	     11.7391	 0	[(13, 26)]
 27	 13	 14	   -0.380117	     3.28482	     11.7391	 0	[(13, 27)]
 28	 13	 15	   -0.380117	     2.01537	     13.2215	 0	[(13, 28)]
 29	 13	 16	   -0.380117	      1.8016	     13.8788	 0	[(13, 29)]
 30	 13	 17	   -0.380117	     2.27091	     13.7788	 0	[(13, 30)]
 31	 13	 18	   -0.380117	     2.43154	     13.4825	 0	[(13, 31)]
 32	 13	 18	   -0.380117	     2.43154	     13.4825	 0	[(13, 32)]
 33	 13	 18	   -0.380117	     2.43154	     13.4825	 0	[(13, 33)]
 34	 13	 18	   -0.380117	     2.43154	     13.4825	 0	[(13, 34)]
 35	 13	 18	   -0.380117	     2.43154	     13.4825	 0	[(13, 35)]
 36	 13	 18	   -0.380117	     2.43154	     13.4825	 0	[(13, 36)]
 37	 13	 18	   -0.380117	     2.43154	     13.4825	 0	[(13, 37)]
 38	 13	 18	   -0.380117	     2.43154	     13.4825	 0	[(13, 38)]
 39	 13	 18	   -0.380117	     2.43154	     13.4825	 0	[(13, 39)]
 40	 13	 18	   -0.380117	     2.43154	     13.4825	 0	[(13, 40)]
 41	 13	 20	   -0.380117	     2.15624	     13.7615	 0	[(13, 41)]
 42	 13	 20	   -0.380117	     2.15624	     13.7615	 0	[(13, 42)]
 43	 13	 20	   -0.380117	     2.15624	     13.7615	 0	[(13, 43)]
 44	 13	 22	   -0.380117	     1.99853	     13.9664	 0	[(13, 44)]
 45	 13	 22	   -0.380117	     1.99853	     13.9664	 0	[(13, 45)]
 46	 13	 22	   -0.380117	     1.99853	     13.9664	 0	[(13, 46)]
 47	 13	 22	   -0.380117	     1.99853	     13.9664	 0	[(13, 47)]
 48	 44	  2	   -0.380117	     3.69809	     0.33922	 1	[(44, 48)]
 49	 44	  4	   -0.380117	     4.13288	    0.316763	 1	[(44, 49)]
 50	 44	  7	   -0.380117	     3.31282	     5.22972	 0	[(44, 50)]
 51	 44	  8	   -0.380117	     3.90203	     5.68655	 0	[(44, 51)]
 52	 44	  9	   -0.380117	     4.26574	     5.91082	 0	[(44, 52)]
 53	 44	  9	   -0.380117	     4.26574	     5.91082	 0	[(44, 53)]
 54	 44	  9	   -0.380117	     4.26574	     5.91082	 0	[(44, 54)]
 55	 44	  9	   -0.380117	     4.26574	     5.91082	 0	[(44, 55)]
 56	 44	  9	   -0.380117	     4.26574	     5.91082	 0	[(44, 56)]
 57	 53	  3	   -0.380117	     3.89752	    0.291923	 1	[(53, 57)]
 58	 53	  5	   -0.380117	     2.37033	    0.268947	 1	[(53, 58)]
 59	 53	  7	   -0.380117	     4.64185	     5.52855	 0	[(53, 59)]
 60	 53	  8	   -0.380117	     4.42844	     5.93943	 0	[(53, 60)]
 61	 53	  9	   -0.380117	     3.99338	     6.97004	 0	[(53, 61)]
 62	 53	 10	   -0.380117	     3.34362	     8.24202	 0	[(53, 62)]
 63	 53	 11	   -0.380117	     3.05731	     9.20356	 0	[(53, 63)]
 64	 53	 12	   -0.380117	     2.62078	     10.1862	 0	[(53, 64)]
 65	 53	 13	   -0.380117	     2.44787	     11.0115	 0	[(53, 65)]
 66	 53	 14	   -0.380117	     2.86417	     11.2432	 0	[(53, 66)]
 67	 53	 15	   -0.380117	     2.72662	     11.7269	 0	[(53, 67)]
 68	 53	 15	   -0.380117	     2.72662	     11.7269	 0	[(53, 68)]
 69	 53	 15	   -0.380117	     2.72662	     11.7269	 0	[(53, 69)]
 70	 53	 16	   -0.380117	     2.19016	     12.3852	 0	[(53, 70)]
 71	 53	 16	   -0.380117	     2.19016	     12.3852	 0	[(53, 71)]
 72	 53	 16	   -0.380117	     2.19016	     12.3852	 0	[(53, 72)]
 73	 53	 16	   -0.380117	     2.19016	     12.3852	 0	[(53, 73)]
 74	 53	 16	   -0.380117	     2.19016	     12.3852	 0	[(53, 74)]
 75	 53	 16	   -0.380117	     2.19016	     12.3852	 0	[(53, 75)]
 76	 66	  5	   -0.380117	     7.89195	    0.611971	 2	[(66, 76)]
 77	 53	 21	   -0.380117	     9.86528	     16.8882	 2	[(53, 77)]
 78	 34	 39	   -0.380117	     2.91129	     34.0095	 3	[(34, 78)]
 79	 34	 41	    -2.79188	    -2.79188	     36.3622	 3	[(34, 79)]
 80	 34	 43	    -7.81714	    -7.81714	     38.8112	 2	[(34, 80)]
 81	 34	 44	    -9.90779	    -9.90779	     40.1457	 2	[(34, 81)]
 82	 34	 45	    -9.90779	    -9.19577	     40.5095	 2	[(34, 82)]
 83	 34	 45	    -9.90779	    -9.19577	     40.5095	 2	[(34, 83)]
 84	 34	 46	    -9.90779	    -7.46516	     41.0131	 3	[(34, 84)]
 85	 34	 47	    -9.90779	     -7.5576	     41.5745	 3	[(34, 85)]
 86	 34	 49	    -9.90779	    -7.73631	     44.0778	 2	[(34, 86)]
 87	 34	 50	    -9.90779	     -7.7092	     45.1828	 2	[(34, 87)]
 88	 34	 51	    -9.90779	    -7.84396	     46.2835	 2	[(34, 88)]
 89	 34	 52	    -9.90779	    -8.34134	     47.5102	 2	[(34, 89)]
 90	 34	 53	    -9.90779	    -8.82358	     48.5909	 2	[(34, 90)]
 91	 34	 54	    -9.90779	    -9.32713	     49.6271	 2	[(34, 91)]
 92	 34	 55	    -9.90779	    -9.37093	     50.3884	 2	[(34, 92)]
 93	 34	 56	    -9.90779	    -8.78955	     50.2682	 2	[(34, 93)]
 94	 34	 57	    -9.90779	    -8.60514	     49.9332	 2	[(34, 94)]
 95	 13	 79	    -9.90779	    -8.67492	     71.0447	 2	[(13, 95)]
 96	 13	 80	    -9.95943	    -9.95943	     73.3338	 2	[(13, 96)]
 97	 13	 81	    -9.95943	    -9.23094	     73.6759	 2	[(13, 97)]
 98	 13	 82	    -9.95943	    -8.90045	     73.7979	 2	[(13, 98)]
 99	 13	 83	    -9.95943	    -8.77983	     73.5993	 2	[(13, 99)]
100	 13	 83	    -9.95943	    -8.77983	     73.5993	 2	[(13, 100)]
101	 13	 83	    -9.95943	    -8.77983	     73.5993	 2	[(13, 101)]
102	 13	 84	    -9.95943	     -4.3825	     73.7573	 3	[(13, 102)]
103	 13	 86	    -9.95943	    -6.32984	     73.7387	 3	[(13, 103)]
104	 13	 88	    -9.95943	    -8.81098	     73.5976	 2	[(13, 104)]
105	 13	 89	    -9.95943	    -4.07269	     79.9482	 2	[(13, 105)]
106	 13	 90	    -9.95943	    -4.49697	     79.3997	 2	[(13, 106)]
107	 13	 91	    -9.95943	    -4.72829	     79.5785	 2	[(13, 107)]
108	 13	 92	    -9.95943	    -5.06327	     81.1048	 2	[(13, 108)]
109	 13	 93	    -9.95943	    -5.25459	     82.0868	 2	[(13, 109)]
110	 13	 94	    -9.95943	    -4.82288	     82.3618	 2	[(13, 110)]
111	 13	 94	    -9.95943	    -4.82288	     82.3618	 2	[(13, 111)]
112	 13	 94	    -9.95943	    -4.82288	     82.3618	 2	[(13, 112)]
113	 13	 95	    -9.95943	    -4.98524	     82.5466	 2	[(13, 113)]
114	 13	 97	    -9.95943	     -4.6335	     81.9193	 2	[(13, 114)]
115	 13	 97	    -9.95943	     -4.6335	     81.9193	 2	[(13, 115)]
116	  0	108	    -9.95943	    -5.68495	     93.4626	 3	[(0, 116)]
117	  0	109	    -9.95943	    -8.00149	      94.738	 3	[(0, 117)]
118	  0	110	    -9.95943	    -9.72467	     95.8836	 3	[(0, 118)]
119	 13	 98	    -9.95943	    -4.87702	      82.209	 2	[(13, 119)]
120	 13	 98	    -9.95943	    -4.87702	      82.209	 2	[(13, 120)]
121	 13	 98	    -9.95943	    -4.87702	      82.209	 2	[(13, 121)]
122	 13	 98	    -9.95943	    -4.87702	      82.209	 2	[(13, 122)]
123	 13	 98	    -9.95943	    -4.87702	      82.209	 2	[(13, 123)]
124	 13	 98	    -9.95943	    -4.87702	      82.209	 2	[(13, 124)]
125	 13	 98	    -9.95943	    -4.87702	      82.209	 2	[(13, 125)]
126	 13	 98	    -9.95943	    -4.87702	      82.209	 2	[(13, 126)]
127	 13	101	    -9.95943	   -0.985272	     82.5115	 3	[(13, 127)]
128	 13	103	    -9.95943	    -2.52555	     82.4785	 3	[(13, 128)]
129	  0	123	    -9.95943	    -3.01154	     97.3231	 4	[(0, 129)]
130	 13	106	    -9.95943	   -0.621268	     88.1717	 2	[(13, 130)]
131	 13	107	    -9.95943	   -0.895125	     89.1583	 2	[(13, 131)]
132	 13	108	    -9.95943	    -1.35965	     90.3999	 2	[(13, 132)]
133	 13	109	    -9.95943	    -2.13437	     91.4955	 2	[(13, 133)]
134	 13	110	    -9.95943	    -2.29214	     92.3662	 2	[(13, 134)]
135	 13	111	    -9.95943	    -2.63264	     93.3239	 2	[(13, 135)]
136	 13	112	    -9.95943	    -1.99264	      93.225	 2	[(13, 136)]
137	 13	112	    -9.95943	    -1.99264	      93.225	 2	[(13, 137)]
138	 13	112	    -9.95943	    -1.99264	      93.225	 2	[(13, 138)]
139	 13	112	    -9.95943	    -1.99264	      93.225	 2	[(13, 139)]
140	 13	112	    -9.95943	    -1.99264	      93.225	 2	[(13, 140)]
141	 13	112	    -9.95943	    -1.99264	      93.225	 2	[(13, 141)]
142	 13	115	    -9.95943	     1.90401	     93.5392	 3	[(13, 142)]
143	138	128	    -9.95943	   -0.634681	     97.5982	 5	[(0, 129), (138, 143)]
144	  0	137	    -9.95943	     3.00314	     107.901	 5	[(0, 144)]
145	138	131	    -9.95943	     1.37883	     103.461	 4	[(0, 129), (138, 145)]
146	138	132	    -9.95943	     1.06787	     104.579	 4	[(0, 129), (138, 146)]
147	 13	122	    -9.95943	     3.52587	     102.019	 3	[(13, 147)]
148	 13	123	    -9.95943	     3.21807	     102.962	 3	[(13, 148)]
149	 13	124	    -9.95943	     2.91432	     103.869	 3	[(13, 149)]
150	 13	125	    -9.95943	     2.50338	     104.826	 3	[(13, 150)]
151	 13	126	    -9.95943	     2.24913	     105.792	 3	[(13, 151)]
152	 13	127	    -9.95943	     2.07819	      106.73	 3	[(13, 152)]
153	138	139	    -9.95943	   -0.727449	      111.79	 4	[(0, 129), (138, 153)]
154	138	140	    -9.95943	    -1.04737	      112.81	 4	[(0, 129), (138, 154)]
155	138	141	    -9.95943	    -1.21846	     113.758	 4	[(0, 129), (138, 155)]
156	138	142	    -9.95943	    -1.53644	     114.759	 4	[(0, 129), (138, 156)]
157	138	143	    -9.95943	    -1.78262	     115.737	 4	[(0, 129), (138, 157)]
158	138	144	    -9.95943	    -2.01318	     116.729	 4	[(0, 129), (138, 158)]
159	138	145	    -9.95943	    -1.48112	      116.81	 4	[(0, 129), (138, 159)]
160	138	146	    -9.95943	    -1.22264	     116.247	 4	[(0, 129), (138, 160)]
161	  0	154	    -9.95943	     1.05729	      128.05	 5	[(0, 161)]
162	  0	155	    -9.95943	    -1.20728	     129.447	 5	[(0, 162)]
163	  0	156	    -9.95943	    -3.78024	     130.666	 5	[(0, 163)]
164	  0	157	    -9.95943	    -5.65282	     131.705	 5	[(0, 164)]
165	  0	158	    -9.95943	    -7.07016	     132.712	 5	[(0, 165)]
166	  0	159	    -9.95943	    -7.91208	     134.722	 5	[(0, 166)]
167	  0	160	    -9.95943	    -7.76797	     136.824	 5	[(0, 167)]
168	  0	161	    -9.95943	    -7.21241	     137.454	 5	[(0, 168)]
169	  0	162	    -9.95943	    -6.79269	     136.324	 5	[(0, 169)]
170	  0	162	    -9.95943	    -6.79269	     136.324	 5	[(0, 170)]
171	  0	163	    -9.95943	    -4.18682	     136.642	 6	[(0, 171)]
172	  0	164	    -9.95943	    -3.90757	     136.586	 6	[(0, 172)]
173	  0	166	    -9.95943	    -6.81069	     135.559	 5	[(0, 173)]
174	  0	167	    -9.95943	    -2.96657	     144.195	 5	[(0, 174)]
175	  0	168	    -9.95943	    -5.60965	     143.373	 5	[(0, 175)]
176	  0	169	    -9.95943	    -5.96266	     144.853	 5	[(0, 176)]
177	  0	170	    -9.95943	     -7.0051	     146.051	 5	[(0, 177)]
178	  0	171	    -9.95943	    -7.72121	     146.991	 5	[(0, 178)]
179	  0	172	    -9.95943	     -9.0231	     148.101	 5	[(0, 179)]
180	  0	173	    -9.95943	    -9.79979	      149.06	 5	[(0, 180)]
181	  0	174	    -11.7017	    -11.7017	     150.168	 5	[(0, 181)]
182	  0	175	    -13.5607	    -13.5607	     151.197	 5	[(0, 182)]
183	  0	176	    -14.9793	    -14.9793	     152.201	 5	[(0, 183)]
184	  0	177	    -14.9793	    -14.3714	     152.592	 5	[(0, 184)]
185	  0	178	    -14.9793	    -14.0249	     152.678	 5	[(0, 185)]
186	  0	179	    -14.9793	    -13.9432	     152.574	 5	[(0, 186)]
187	  0	179	    -14.9793	    -13.9432	     152.574	 5	[(0, 187)]
