nresidues = 187
0 76 3.3059
0 77 3.59337
0 79 0.574939
0 82 1.43735
1 45 0.143735
1 75 3.01843
1 76 0.718674
1 100 0.574939
1 101 0.143735
1 102 0.143735
2 73 0.143735
2 74 2.8747
2 75 0.574939
2 77 0.143735
3 48 0.143735
3 72 0.574939
3 73 3.16217
3 74 0.431204
4 41 0.143735
4 71 0.143735
4 72 2.8747
4 73 0.574939
4 75 0.143735
5 51 0.143735
5 71 2.73096
5 72 0.862409
6 69 0.143735
6 70 2.8747
6 71 1.58108
6 73 0.143735
7 69 2.8747
8 33 0.718674
8 68 2.8747
8 69 1.14988
8 71 0.143735
9 66 0.28747
9 67 3.01843
10 25 0.143735
10 28 0.143735
10 29 0.28747
10 65 0.143735
10 66 2.73096
10 67 0.431204
10 69 0.143735
11 28 0.143735
11 64 0.574939
11 65 2.8747
11 66 0.718674
12 17 0.143735
12 64 3.44964
12 65 0.862409
12 67 0.143735
13 16 2.8747
13 17 0.718674
13 64 0.143735
14 17 1.58108
14 63 0.431204
16 19 1.29361
16 24 0.143735
17 63 0.143735
17 65 0.28747
19 24 0.0898343
20 23 1.97635
20 24 0.359337
21 24 1.79669
21 25 0.359337
21 53 0.143735
21 67 0.28747
22 25 1.79669
22 26 0.179669
22 49 0.574939
22 50 0.28747
22 53 0.143735
23 26 1.79669
23 27 0.179669
24 27 1.79669
24 28 0.359337
25 28 1.79669
25 29 0.44917
26 29 1.79669
26 30 0.359337
26 47 0.28747
26 48 0.143735
26 50 0.28747
27 30 1.79669
27 31 0.628841
28 31 1.88652
28 32 0.179669
29 32 1.79669
29 33 0.44917
29 47 0.574939
29 71 0.718674
30 33 1.52718
30 34 0.808507
30 47 0.431204
32 36 0.862409
33 36 1.43735
33 44 0.718674
33 71 0.28747
34 44 2.8747
34 46 0.862409
34 47 0.28747
35 43 0.574939
35 44 0.143735
36 42 0.143735
36 43 2.73096
36 44 0.431204
37 42 3.3059
37 43 0.28747
37 151 2.58723
37 152 0.28747
37 158 0.143735
38 41 2.8747
38 42 0.718674
41 75 0.143735
41 77 0.143735
42 76 2.8747
42 77 0.143735
43 75 3.01843
43 76 0.28747
43 102 0.862409
43 103 0.143735
44 73 0.143735
44 74 2.73096
45 74 2.8747
45 102 0.28747
46 73 3.16217
46 74 0.143735
47 71 0.143735
47 72 2.8747
48 72 3.16217
48 73 0.143735
49 71 2.8747
49 72 0.431204
50 53 0.28747
50 70 3.01843
51 70 2.8747
52 68 0.143735
52 69 3.01843
52 70 0.143735
53 67 0.28747
53 68 2.8747
54 67 0.431204
54 68 0.431204
55 66 0.143735
55 67 0.431204
55 68 0.143735
56 65 0.143735
56 66 2.8747
56 67 0.431204
57 64 0.143735
57 65 2.8747
57 66 0.862409
58 62 0.143735
58 64 0.143735
59 62 0.718674
62 66 0.862409
76 100 0.431204
76 102 0.718674
78 82 0.431204
78 145 0.143735
78 148 0.574939
78 160 0.28747
79 82 0.718674
79 145 0.431204
79 148 0.574939
80 145 2.73096
80 146 0.718674
80 147 0.143735
81 144 0.862409
81 145 0.28747
82 143 0.143735
82 144 3.16217
82 145 0.143735
83 142 0.28747
83 143 3.01843
83 169 0.143735
84 100 0.28747
84 141 0.143735
84 142 3.16217
84 143 0.718674
85 141 2.8747
85 142 0.143735
85 172 0.143735
86 98 0.431204
86 99 2.58723
86 139 0.143735
86 140 2.73096
86 141 0.431204
87 97 0.143735
87 98 3.01843
87 99 0.28747
87 138 0.28747
87 139 2.73096
88 91 0.143735
88 97 3.01843
88 136 0.28747
88 137 3.16217
88 138 0.143735
88 139 0.431204
89 97 2.73096
89 99 0.431204
90 96 3.01843
90 97 0.862409
90 137 0.28747
91 95 2.73096
91 119 0.574939
91 125 0.28747
91 126 0.28747
91 136 0.431204
91 137 0.143735
92 95 0.718674
92 119 0.862409
92 126 0.143735
93 109 0.431204
93 119 0.574939
94 97 0.28747
94 108 3.01843
94 109 0.718674
95 106 0.143735
95 107 2.73096
95 108 0.28747
95 109 0.143735
96 105 0.143735
96 106 3.01843
96 107 1.14988
96 135 0.28747
97 105 2.8747
97 106 0.431204
98 104 3.3059
98 105 0.431204
98 107 0.143735
98 141 0.143735
98 162 0.143735
99 103 2.44349
99 104 0.431204
100 103 2.8747
100 104 0.143735
104 160 0.143735
105 160 3.01843
105 162 0.28747
106 160 0.28747
106 161 2.8747
106 162 0.431204
107 111 0.431204
107 112 0.143735
107 162 0.574939
107 164 0.28747
108 111 2.8747
108 112 0.143735
109 112 0.28747
109 117 0.28747
110 165 0.718674
111 163 3.44964
111 164 2.8747
111 165 1.00614
112 126 0.431204
112 135 0.28747
112 164 0.431204
112 165 0.143735
112 174 0.143735
113 117 0.28747
113 127 0.143735
113 128 0.143735
113 131 0.143735
113 133 0.431204
113 165 0.862409
113 174 0.143735
114 165 0.431204
115 128 1.14988
115 129 0.574939
115 130 1.29361
115 131 0.862409
116 127 0.143735
116 128 2.8747
116 129 0.28747
117 126 0.28747
117 127 3.01843
118 125 0.143735
118 126 2.73096
118 127 0.28747
119 122 0.143735
119 125 2.8747
119 126 0.431204
120 125 0.431204
125 134 0.143735
125 135 2.8747
125 136 0.143735
126 133 0.143735
126 134 2.8747
126 135 0.431204
127 133 2.8747
127 134 0.143735
128 131 2.58723
128 132 0.28747
128 133 0.143735
133 174 1.00614
134 139 0.143735
134 171 0.28747
134 174 0.143735
135 139 0.718674
135 141 0.143735
136 139 1.43735
139 171 1.00614
140 171 2.8747
140 172 0.718674
141 164 0.28747
141 170 3.01843
141 171 0.143735
141 172 0.143735
142 164 0.28747
142 168 0.574939
142 169 3.01843
142 170 0.718674
142 172 0.143735
142 175 0.718674
143 163 2.8747
143 164 0.143735
143 169 0.143735
144 162 2.8747
144 163 0.28747
144 166 0.718674
144 169 0.143735
145 148 0.28747
145 161 2.8747
145 162 0.28747
146 161 3.01843
146 163 0.143735
147 159 0.143735
147 160 2.8747
147 161 0.431204
148 159 2.8747
149 158 3.16217
149 159 0.718674
150 158 0.431204
163 166 0.143735
163 169 0.143735
164 169 0.718674
164 170 0.574939
166 169 0.718674
168 175 0.143735
170 174 0.359337
170 175 0.0898343
171 174 2.60519
171 175 0.0898343
172 175 1.79669
172 176 0.269504
173 176 1.79669
173 177 0.179669
174 177 1.79669
174 178 0.808507
175 178 1.97635
175 179 0.269504
176 179 1.79669
176 180 0.179669
177 180 1.79669
177 181 0.269504
178 181 1.79669
178 182 0.179669
179 182 1.88652
179 183 0.0898343
180 183 0.44917
