L	Ls	nvertices	F_L	F_L_constrained	rho_sum	nloops	regions
  0	  0	  0	           0	           0	           0	 0	[(0, 0)]
  1	  0	  0	           0	           0	           0	 0	[(0, 1)]
  2	  0	  0	           0	           0	           0	 0	[(0, 2)]
  3	  0	  0	           0	           0	           0	 0	[(0, 3)]
  4	  0	  0	           0	           0	           0	 0	[(0, 4)]
  5	  0	  0	           0	           0	           0	 0	[(0, 5)]
  6	  0	  0	           0	           0	           0	 0	[(0, 6)]
  7	  0	  0	           0	           0	           0	 0	[(0, 7)]
  8	  0	  0	           0	           0	           0	 0	[(0, 8)]
  9	  0	  0	           0	           0	           0	 0	[(0, 9)]
 10	  0	  0	           0	           0	           0	 0	[(0, 10)]
 11	  0	  0	           0	           0	           0	 0	[(0, 11)]
 12	  0	  0	           0	           0	           0	 0	[(0, 12)]
 13	  0	  0	           0	           0	           0	 0	[(0, 13)]
 14	  0	  0	           0	           0	           0	 0	[(0, 14)]
 15	  0	  0	           0	           0	           0	 0	[(0, 15)]
 16	  0	  2	   -0.316227	   -0.316227	    0.377912	 0	[(0, 16)]
 17	  0	  5	   -0.316227	   -0.249115	    0.272073	 0	[(0, 17)]
 18	  0	  5	   -0.316227	   -0.249115	    0.272073	 0	[(0, 18)]
 19	  0	  6	   -0.388428	   -0.388428	    0.418709	 0	[(0, 19)]
 20	  0	  6	   -0.388428	   -0.388428	    0.418709	 0	[(0, 20)]
 21	  0	  6	   -0.388428	   -0.388428	    0.418709	 0	[(0, 21)]
 22	  0	  6	   -0.388428	   -0.388428	    0.418709	 0	[(0, 22)]
 23	  0	  8	   -0.388428	     3.70634	    0.570811	 1	[(0, 23)]
 24	  0	 10	   -0.388428	     2.11465	    0.549195	 1	[(0, 24)]
 25	  0	 13	   -0.388428	     4.75608	     6.19501	 0	[(0, 25)]
 26	  0	 14	   -0.388428	     4.69557	     6.60314	 0	[(0, 26)]
 27	  0	 15	   -0.388428	     4.66958	      7.0303	 0	[(0, 27)]
 28	  0	 17	   -0.388428	     4.70455	     7.38379	 0	[(0, 28)]
 29	  0	 18	   -0.388428	     4.55663	     8.60966	 0	[(0, 29)]
 30	  0	 19	   -0.388428	     4.41316	     9.76623	 0	[(0, 30)]
 31	  0	 20	   -0.388428	     3.98288	     10.9176	 0	[(0, 31)]
 32	  0	 21	   -0.388428	     3.90261	     11.8192	 0	[(0, 32)]
 33	  0	 23	   -0.388428	     3.65102	     12.9378	 0	[(0, 33)]
 34	  0	 24	   -0.388428	     4.09145	     12.9839	 0	[(0, 34)]
 35	  0	 24	   -0.388428	     4.09145	     12.9839	 0	[(0, 35)]
 36	  0	 25	   -0.388428	     3.53031	     14.1011	 0	[(0, 36)]
 37	  0	 25	   -0.388428	     3.53031	     14.1011	 0	[(0, 37)]
 38	  0	 25	   -0.388428	     3.53031	     14.1011	 0	[(0, 38)]
 39	  0	 25	   -0.388428	     3.53031	     14.1011	 0	[(0, 39)]
 40	  0	 25	   -0.388428	     3.53031	     14.1011	 0	[(0, 40)]
 41	 33	  4	   -0.388428	      7.8664	    0.662764	 2	[(33, 41)]
 42	 33	  6	   -0.388428	     9.58072	     3.63939	 2	[(33, 42)]
 43	 33	  8	   -0.388428	     8.06756	     5.88587	 2	[(33, 43)]
 44	 33	 10	   -0.388428	     6.75011	     8.55898	 1	[(33, 44)]
 45	 33	 10	   -0.388428	     6.75011	     8.55898	 1	[(33, 45)]
 46	 33	 11	   -0.388428	     6.50629	     8.88254	 1	[(33, 46)]
 47	 33	 12	   -0.388428	     6.54496	     8.84811	 1	[(33, 47)]
 48	 33	 12	   -0.388428	     6.54496	     8.84811	 1	[(33, 48)]
 49	 33	 12	   -0.388428	     6.54496	     8.84811	 1	[(33, 49)]
 50	 33	 12	   -0.388428	     6.54496	     8.84811	 1	[(33, 50)]
 51	 33	 12	   -0.388428	     6.54496	     8.84811	 1	[(33, 51)]
 52	 33	 12	   -0.388428	     6.54496	     8.84811	 1	[(33, 52)]
 53	 33	 14	   -0.388428	     6.28689	     9.09404	 1	[(33, 53)]
 54	 33	 14	   -0.388428	     6.28689	     9.09404	 1	[(33, 54)]
 55	 33	 14	   -0.388428	     6.28689	     9.09404	 1	[(33, 55)]
 56	 33	 14	   -0.388428	     6.28689	     9.09404	 1	[(33, 56)]
 57	 33	 14	   -0.388428	     6.28689	     9.09404	 1	[(33, 57)]
 58	 33	 14	   -0.388428	     6.28689	     9.09404	 1	[(33, 58)]
 59	 33	 14	   -0.388428	     6.28689	     9.09404	 1	[(33, 59)]
 60	 33	 14	   -0.388428	     6.28689	     9.09404	 1	[(33, 60)]
 61	 33	 14	   -0.388428	     6.28689	     9.09404	 1	[(33, 61)]
 62	 33	 17	   -0.388428	     6.02922	     9.35292	 1	[(33, 62)]
 63	 33	 17	   -0.388428	     6.02922	     9.35292	 1	[(33, 63)]
 64	 41	  7	   -0.388428	      8.8823	    0.610686	 2	[(41, 64)]
 65	 41	  9	   -0.388428	     9.17718	    0.633734	 2	[(41, 65)]
 66	 41	 11	   -0.388428	     12.8653	     5.14171	 2	[(41, 66)]
 67	 41	 13	   -0.388428	     14.3165	     5.77843	 2	[(41, 67)]
 68	 41	 15	   -0.388428	     14.4704	     8.93696	 2	[(41, 68)]
 69	 41	 16	   -0.388428	     14.3566	     9.97013	 2	[(41, 69)]
 70	 41	 19	   -0.388428	     12.3152	      12.823	 1	[(41, 70)]
 71	 41	 21	   -0.388428	     15.1412	     14.6532	 2	[(41, 71)]
 72	  0	 65	   -0.388428	     11.4169	     54.5937	 3	[(0, 72)]
 73	  0	 67	   -0.388428	     8.70466	     56.9965	 3	[(0, 73)]
 74	  0	 68	   -0.388428	     3.50571	     59.3938	 3	[(0, 74)]
 75	  0	 69	   -0.388428	   -0.258363	     61.1875	 3	[(0, 75)]
 76	  0	 71	    -3.42603	    -3.42603	     63.2185	 3	[(0, 76)]
 77	  0	 72	    -5.39764	    -5.39764	     64.2815	 3	[(0, 77)]
 78	  0	 72	    -5.39764	    -5.39764	     64.2815	 3	[(0, 78)]
 79	  0	 73	    -5.61286	    -5.61286	     64.4754	 3	[(0, 79)]
 80	  0	 73	    -5.61286	    -5.61286	     64.4754	 3	[(0, 80)]
 81	  0	 73	    -5.61286	    -5.61286	     64.4754	 3	[(0, 81)]
 82	  0	 75	    -5.61286	    -4.76202	     65.1485	 3	[(0, 82)]
 83	  0	 75	    -5.61286	    -4.76202	     65.1485	 3	[(0, 83)]
 84	  0	 75	    -5.61286	    -4.76202	     65.1485	 3	[(0, 84)]
 85	  0	 75	    -5.61286	    -4.76202	     65.1485	 3	[(0, 85)]
 86	  0	 75	    -5.61286	    -4.76202	     65.1485	 3	[(0, 86)]
 87	  0	 75	    -5.61286	    -4.76202	     65.1485	 3	[(0, 87)]
 88	  0	 75	    -5.61286	    -4.76202	     65.1485	 3	[(0, 88)]
 89	  0	 75	    -5.61286	    -4.76202	     65.1485	 3	[(0, 89)]
 90	  0	 75	    -5.61286	    -4.76202	     65.1485	 3	[(0, 90)]
 91	  0	 77	    -5.61286	    -5.01795	     65.3906	 3	[(0, 91)]
 92	  0	 77	    -5.61286	    -5.01795	     65.3906	 3	[(0, 92)]
 93	  0	 77	    -5.61286	    -5.01795	     65.3906	 3	[(0, 93)]
 94	  0	 77	    -5.61286	    -5.01795	     65.3906	 3	[(0, 94)]
 95	  0	 80	    -5.61286	     3.27127	     65.5958	 5	[(0, 95)]
 96	  0	 81	    -5.61286	     3.19616	     69.6369	 5	[(0, 96)]
 97	  0	 85	    -5.61286	     2.58965	     71.6089	 4	[(0, 97)]
 98	  0	 87	    -5.61286	     3.33488	     73.2398	 4	[(0, 98)]
 99	  0	 88	    -5.61286	     3.03869	      74.839	 4	[(0, 99)]
100	  0	 90	    -5.61286	     3.30267	      75.482	 4	[(0, 100)]
101	  0	 91	    -5.61286	     3.78712	     75.2891	 4	[(0, 101)]
102	  0	 92	    -5.61286	     3.60982	     75.4472	 4	[(0, 102)]
103	 93	  5	    -5.61286	     8.52849	     2.25199	 2	[(93, 103)]
104	 86	 16	    -5.61286	     7.15091	     13.0244	 2	[(86, 104)]
105	 86	 17	    -5.61286	     5.59864	     14.1828	 2	[(86, 105)]
106	 86	 18	    -5.61286	     3.87751	      15.689	 2	[(86, 106)]
107	 86	 19	    -5.61286	     1.83121	     17.1484	 2	[(86, 107)]
108	 86	 20	    -5.61286	     0.91104	     18.6176	 2	[(86, 108)]
109	 86	 22	    -5.61286	    0.663062	     19.5065	 1	[(86, 109)]
110	 86	 22	    -5.61286	    0.663062	     19.5065	 1	[(86, 110)]
111	 86	 23	    -5.61286	   -0.787903	     20.5084	 1	[(86, 111)]
112	 86	 24	    -5.61286	   -0.464876	     20.6641	 1	[(86, 112)]
113	 86	 24	    -5.61286	   -0.464876	     20.6641	 1	[(86, 113)]
114	 86	 24	    -5.61286	   -0.464876	     20.6641	 1	[(86, 114)]
115	 86	 24	    -5.61286	   -0.464876	     20.6641	 1	[(86, 115)]
116	 86	 24	    -5.61286	   -0.464876	     20.6641	 1	[(86, 116)]
117	 86	 26	    -5.61286	    -0.31871	     20.6222	 1	[(86, 117)]
118	 86	 26	    -5.61286	    -0.31871	     20.6222	 1	[(86, 118)]
119	 86	 27	    -5.61286	    -0.70085	     21.3446	 1	[(86, 119)]
120	 86	 27	    -5.61286	    -0.70085	     21.3446	 1	[(86, 120)]
121	 86	 27	    -5.61286	    -0.70085	     21.3446	 1	[(86, 121)]
122	 86	 28	    -5.61286	   -0.833834	     21.4784	 1	[(86, 122)]
123	 86	 28	    -5.61286	   -0.833834	     21.4784	 1	[(86, 123)]
124	 86	 28	    -5.61286	   -0.833834	     21.4784	 1	[(86, 124)]
125	115	 82	    -5.61286	   -0.121399	     65.7829	 4	[(0, 94), (115, 125)]
126	115	 84	    -5.61286	     2.37312	     69.7337	 4	[(0, 94), (115, 126)]
127	115	 86	    -5.61286	      3.0857	     71.0468	 4	[(0, 94), (115, 127)]
128	115	 88	    -5.61286	     3.71892	     73.3909	 4	[(0, 94), (115, 128)]
129	115	 89	    -5.61286	     4.32571	     73.8603	 4	[(0, 94), (115, 129)]
130	115	 90	    -5.61286	     4.68321	        73.5	 4	[(0, 94), (115, 130)]
131	125	 79	    -5.61286	    -1.32464	     65.7422	 4	[(0, 94), (125, 131)]
132	125	 80	    -5.61286	    -1.13153	     65.6981	 4	[(0, 94), (125, 132)]
133	125	 83	    -5.61286	   -0.543091	     65.6446	 4	[(0, 94), (125, 133)]
134	115	 94	    -5.61286	     2.87817	     78.3628	 4	[(0, 94), (115, 134)]
135	115	 95	    -5.61286	     1.66552	     79.7325	 4	[(0, 94), (115, 135)]
136	115	 96	    -5.61286	     2.40258	     79.9234	 4	[(0, 94), (115, 136)]
137	115	 96	    -5.61286	     2.40258	     79.9234	 4	[(0, 94), (115, 137)]
138	115	 96	    -5.61286	     2.40258	     79.9234	 4	[(0, 94), (115, 138)]
139	 86	 47	    -5.61286	     6.96379	     40.1279	 3	[(86, 139)]
140	 86	 48	    -5.61286	     6.30045	     41.1312	 3	[(86, 140)]
141	 86	 49	    -5.61286	     6.83242	     41.5014	 3	[(86, 141)]
142	 86	 49	    -5.61286	     6.83242	     41.5014	 3	[(86, 142)]
143	 86	 49	    -5.61286	     6.83242	     41.5014	 3	[(86, 143)]
144	  0	133	    -5.61286	      4.8625	     115.991	 7	[(0, 144)]
145	  0	135	    -5.61286	     3.71458	     118.658	 6	[(0, 145)]
146	  0	136	    -5.61286	     4.29657	     119.181	 6	[(0, 146)]
147	  0	137	    -5.61286	     4.74783	     118.486	 6	[(0, 147)]
148	  0	138	    -5.61286	     4.75529	     118.535	 6	[(0, 148)]
149	  0	138	    -5.61286	     4.75529	     118.535	 6	[(0, 149)]
150	  0	138	    -5.61286	     4.75529	     118.535	 6	[(0, 150)]
151	  0	139	    -5.61286	     3.75474	     119.213	 6	[(0, 151)]
152	  0	140	    -5.61286	     4.02879	     119.222	 6	[(0, 152)]
153	  0	140	    -5.61286	     4.02879	     119.222	 6	[(0, 153)]
154	  0	140	    -5.61286	     4.02879	     119.222	 6	[(0, 154)]
155	  0	140	    -5.61286	     4.02879	     119.222	 6	[(0, 155)]
156	  0	140	    -5.61286	     4.02879	     119.222	 6	[(0, 156)]
157	  0	140	    -5.61286	     4.02879	     119.222	 6	[(0, 157)]
158	141	 82	    -5.61286	     5.09471	     65.7869	 5	[(0, 94), (141, 158)]
159	141	 84	    -5.61286	       5.212	     69.5211	 5	[(0, 94), (141, 159)]
160	  0	145	    -5.61286	     8.44232	     126.783	 7	[(0, 160)]
161	  0	146	    -5.61286	     1.60429	     128.195	 7	[(0, 161)]
162	  0	147	    -5.61286	   -0.997223	     129.201	 7	[(0, 162)]
163	  0	148	    -7.12226	    -7.12226	     130.843	 8	[(0, 163)]
164	  0	149	    -9.25822	    -9.25822	     132.033	 8	[(0, 164)]
165	  0	152	    -10.7533	    -10.7533	     134.597	 6	[(0, 165)]
166	  0	153	    -10.7533	    -10.2857	     134.972	 6	[(0, 166)]
167	  0	153	    -10.7533	    -10.2857	     134.972	 6	[(0, 167)]
168	  0	154	    -10.7533	    -6.41529	     135.167	 7	[(0, 168)]
169	  0	155	    -10.7533	    -8.16512	     136.577	 7	[(0, 169)]
170	  0	156	    -10.7533	    -10.3043	     137.715	 7	[(0, 170)]
171	  0	157	    -12.5531	    -12.5531	     138.822	 7	[(0, 171)]
172	  0	158	    -12.5531	    -12.2278	     139.402	 7	[(0, 172)]
173	  0	158	    -12.5531	    -12.2278	     139.402	 7	[(0, 173)]
174	  0	159	    -12.5531	     -12.416	     140.649	 8	[(0, 174)]
175	  0	160	    -13.0882	    -13.0882	     141.755	 8	[(0, 175)]
176	  0	162	    -13.3965	    -13.3965	     143.483	 7	[(0, 176)]
177	  0	163	    -13.4927	    -13.4927	     144.336	 7	[(0, 177)]
178	  0	164	    -14.1449	    -14.1449	     145.542	 7	[(0, 178)]
179	  0	165	    -14.2687	    -14.2687	     146.521	 7	[(0, 179)]
180	  0	166	     -14.318	     -14.318	     147.421	 7	[(0, 180)]
181	  0	167	    -14.4444	    -14.4444	     148.315	 7	[(0, 181)]
182	  0	168	     -14.522	     -14.522	     149.291	 7	[(0, 182)]
183	  0	169	     -14.522	    -14.0253	     149.006	 7	[(0, 183)]
184	  0	169	     -14.522	    -14.0253	     149.006	 7	[(0, 184)]
185	  0	169	     -14.522	    -14.0253	     149.006	 7	[(0, 185)]
186	  0	169	     -14.522	    -14.0253	     149.006	 7	[(0, 186)]
187	  0	169	     -14.522	    -14.0253	     149.006	 7	[(0, 187)]
