nresidues = 344
0 34 0.125
0 37 0.4375
0 55 0.0625
0 98 0.0625
0 105 0.125
1 55 0.25
1 98 0.0625
1 99 0.1875
1 104 0.4375
1 105 0.0625
1 106 0.0625
2 54 0.1875
2 55 0.3125
2 98 0.125
5 9 0.125
5 104 0.0625
5 106 0.0625
6 26 0.0625
7 10 0.4375
8 12 0.0625
10 17 0.1875
10 19 0.9375
11 15 0.1875
11 16 0.3125
11 17 0.375
15 117 0.1875
17 22 0.0390625
17 117 0.0625
18 22 0.078125
19 22 0.820312
19 23 0.0390625
20 24 0.0390625
20 50 0.0625
21 24 0.9375
21 25 0.195312
21 116 0.125
22 25 0.742188
22 26 0.117188
22 113 0.0625
23 26 0.898438
23 27 0.15625
23 48 0.0625
23 50 0.3125
24 27 0.78125
24 28 0.078125
25 28 0.78125
25 29 0.078125
25 112 0.0625
26 29 0.820312
26 30 0.3125
26 109 0.3125
26 112 0.1875
27 30 0.859375
27 31 0.117188
27 46 0.25
27 47 0.1875
27 48 0.1875
28 31 0.78125
28 32 0.0390625
29 32 0.820312
29 33 0.078125
29 112 0.0625
30 33 0.898438
30 34 0.078125
30 46 0.125
30 48 0.0625
31 34 0.78125
31 35 0.078125
31 44 0.125
31 45 0.0625
31 46 0.0625
32 35 0.859375
32 36 0.078125
33 36 0.78125
33 37 0.0390625
33 108 0.0625
34 37 0.742188
34 38 0.117188
34 44 0.0625
34 57 0.0625
34 96 0.0625
35 38 0.703125
35 39 0.117188
35 40 0.15625
37 100 0.0625
37 105 0.1875
38 42 0.0625
38 99 0.125
42 59 0.3125
43 58 0.0625
43 59 1.1875
43 60 0.5
44 58 1.3125
44 60 0.1875
45 56 0.0625
45 57 1.25
45 58 0.1875
45 60 0.0625
45 93 0.3125
46 56 1.1875
47 54 0.0625
47 55 1.0625
47 56 0.0625
47 58 0.125
48 53 0.375
50 53 0.125
55 106 0.0625
56 95 0.5
57 95 1.25
57 96 0.4375
58 93 0.125
58 94 1.5625
58 95 0.375
59 71 0.25
59 92 0.0625
59 93 1.25
59 94 0.3125
59 96 0.125
60 92 1.1875
61 71 0.125
61 72 0.25
61 73 0.0625
61 74 0.1875
61 90 0.0625
61 91 1.25
61 92 0.1875
62 72 1.0625
62 73 1.3125
62 74 0.1875
62 90 1.1875
62 91 0.0625
63 74 1.3125
63 75 0.0625
63 76 0.0625
63 79 0.125
63 87 0.1875
63 88 1.25
63 90 0.3125
63 92 0.0625
64 67 0.0625
64 73 0.0625
64 74 0.1875
64 75 1.125
65 88 0.25
67 70 0.0625
67 73 0.375
67 74 0.1875
68 73 0.3125
69 72 1.625
69 73 0.4375
70 73 0.0625
74 78 0.15625
74 79 0.0390625
75 78 0.898438
75 79 0.078125
76 79 0.78125
76 80 0.351562
76 86 0.0625
76 87 0.1875
77 80 0.703125
77 81 0.0390625
78 81 0.976562
79 82 0.78125
79 83 0.117188
79 86 0.0625
79 92 0.125
80 83 0.9375
80 84 0.078125
80 86 0.125
82 92 0.1875
82 93 0.0625
83 86 0.125
86 90 0.25
86 92 0.0625
87 90 0.3125
100 103 0.125
104 107 0.078125
105 108 0.15625
106 109 0.0390625
107 110 0.15625
108 111 0.78125
108 112 0.078125
109 112 0.820312
109 113 0.234375
110 113 0.898438
110 114 0.15625
111 114 0.820312
111 115 0.195312
112 115 0.78125
112 116 0.078125
113 116 0.78125
113 117 0.078125
114 117 1.01562
114 118 0.0390625
115 118 0.703125
115 119 0.078125
116 119 0.703125
116 120 0.078125
117 120 0.78125
117 121 0.078125
118 121 0.820312
118 122 0.0390625
119 122 0.3125
119 124 0.390625
120 123 0.0390625
120 124 0.195312
121 128 0.125
121 155 0.0625
122 127 0.0625
122 186 0.125
122 189 0.0625
122 190 0.0625
122 191 0.125
123 127 0.0625
123 128 0.8125
123 129 0.125
126 186 0.5
127 131 0.375
127 186 0.4375
127 191 0.125
128 131 0.1875
128 156 0.0625
128 191 0.0625
130 184 0.0625
131 183 0.125
131 184 0.5625
132 135 0.5625
132 181 0.0625
133 181 1.3125
133 182 0.0625
133 183 0.4375
134 180 0.375
134 181 0.0625
135 179 0.0625
135 180 1.25
135 181 0.1875
136 178 0.1875
136 179 1.3125
136 202 0.0625
136 205 0.1875
136 209 0.125
137 177 0.0625
137 178 1.1875
137 179 0.125
138 177 1.25
138 178 0.125
139 151 0.1875
139 152 1.3125
139 153 0.0625
139 176 1.1875
139 177 0.1875
140 151 1.5
140 152 0.4375
140 174 0.1875
140 175 1.1875
140 176 0.0625
141 150 1.25
141 151 0.125
141 171 0.125
141 172 0.25
141 173 1.3125
141 174 0.0625
141 175 0.1875
141 177 0.0625
142 149 1.0625
142 150 0.4375
142 152 0.0625
142 157 0.0625
142 173 0.125
143 149 1.1875
143 150 0.5625
143 173 0.0625
144 148 1.25
144 149 0.0625
144 171 0.0625
144 172 0.125
145 148 1.625
145 150 0.125
146 162 0.3125
147 161 1.25
147 162 0.1875
148 159 0.25
148 160 1.375
148 161 0.125
149 158 0.0625
149 159 1.25
149 160 0.1875
149 165 0.0625
150 158 1.1875
150 159 0.125
151 157 1.3125
151 158 0.375
152 156 1.4375
153 156 0.4375
153 193 0.0625
156 191 0.125
156 193 0.0625
157 192 0.25
158 192 0.0625
158 193 0.25
159 195 0.0625
160 165 0.3125
161 164 1.25
161 165 0.4375
162 165 0.9375
163 198 0.375
164 195 0.0625
164 196 1.625
164 197 1.25
164 198 0.3125
165 169 0.375
165 198 0.125
166 169 0.5625
166 197 0.375
166 226 0.0625
166 228 0.0625
166 229 0.0625
166 263 0.0625
166 264 0.1875
166 267 0.0625
167 198 0.0625
167 228 0.4375
169 197 0.5625
169 265 0.3125
170 265 0.125
171 175 0.1875
171 177 0.0625
171 265 0.0625
172 175 0.5
177 197 0.125
177 263 0.25
178 197 0.375
178 202 0.375
178 206 0.0625
178 209 0.125
178 263 0.5
179 196 1.25
179 202 0.125
180 194 0.0625
180 195 1.3125
180 196 0.1875
180 199 0.0625
180 201 0.5625
180 202 0.125
181 184 0.0625
181 193 0.125
181 194 1.25
181 195 0.0625
182 194 1.3125
182 196 0.0625
183 192 0.0625
183 193 1.3125
183 194 0.25
184 192 1.3125
185 190 0.0625
185 191 1.25
185 192 0.25
186 189 0.0625
186 190 1.4375
186 191 0.1875
187 190 0.4375
196 199 0.0625
196 202 0.0625
197 202 0.5625
197 226 0.3125
197 263 0.3125
198 226 0.375
198 228 0.0625
199 202 0.078125
199 226 0.125
200 203 0.78125
200 204 0.0390625
200 224 0.0625
201 204 0.820312
201 205 0.0390625
202 205 0.742188
202 206 0.234375
202 226 0.125
202 263 0.0625
202 264 0.0625
203 206 0.78125
203 207 0.117188
203 224 0.125
203 226 0.1875
203 232 0.0625
204 207 0.78125
204 208 0.15625
204 221 0.0625
204 224 0.0625
205 208 0.78125
205 209 0.117188
206 209 0.78125
206 210 0.078125
206 260 0.25
206 263 0.1875
207 210 0.78125
207 211 0.234375
207 214 0.0625
207 221 0.125
207 234 0.125
208 211 0.0390625
208 214 0.125
208 215 0.375
210 256 0.3125
210 259 0.1875
210 260 0.0625
211 214 1.5
211 248 0.0625
211 249 0.3125
212 215 1.3125
212 216 0.25
212 256 0.25
213 216 1.4375
213 217 1.1875
213 218 1.375
213 219 0.375
213 248 0.1875
213 256 0.1875
214 219 0.0625
217 239 0.1875
218 237 0.0625
218 238 1.25
218 239 0.1875
218 243 0.0625
219 236 0.0625
219 237 1.3125
220 236 1.3125
220 237 0.25
220 239 0.0625
221 234 0.0625
221 235 1.1875
222 235 0.4375
222 237 0.0625
222 274 1.1875
223 234 1.25
223 235 0.125
223 330 0.375
224 232 0.125
224 233 1.25
224 330 0.1875
225 232 1.3125
225 233 0.25
225 326 0.25
225 329 0.0625
225 330 0.125
226 231 1.1875
226 232 0.3125
226 264 0.0625
226 267 0.6875
227 230 1.375
227 231 0.25
227 325 0.4375
227 326 0.0625
228 267 0.3125
229 267 0.1875
230 267 1.4375
230 268 0.1875
230 322 0.1875
231 267 0.125
231 268 2.0625
231 270 0.5
231 288 0.0625
231 322 0.3125
231 323 0.25
231 326 0.25
232 267 0.1875
232 268 0.1875
232 269 1.375
232 270 0.125
233 270 1.5625
233 272 0.0625
233 285 0.1875
233 287 0.0625
233 323 0.25
233 326 0.3125
233 330 0.125
234 269 0.0625
234 270 0.1875
234 271 1.25
234 272 0.25
235 272 1.25
235 273 0.0625
235 274 0.0625
236 245 0.0625
236 246 0.0625
236 249 0.0625
236 271 0.0625
236 272 0.1875
236 273 1.3125
236 274 0.1875
237 245 0.125
238 243 0.375
238 245 0.1875
240 243 0.25
244 247 0.820312
244 248 0.0390625
245 248 0.703125
245 249 0.078125
246 249 0.78125
246 250 0.117188
246 271 0.0625
246 272 0.1875
247 250 0.664062
247 251 0.0390625
248 256 0.4375
249 256 1.125
249 271 0.0625
250 253 1.125
250 254 1.3125
250 255 1.25
250 256 1.1875
250 257 0.125
251 254 0.0625
251 255 0.1875
251 256 0.125
252 255 0.0625
254 257 1.1875
254 258 0.125
256 259 0.820312
256 260 0.15625
257 260 0.859375
257 261 0.3125
258 261 0.78125
258 262 0.117188
259 262 0.742188
260 263 0.742188
260 264 0.15625
260 269 0.0625
261 264 0.78125
261 269 0.0625
262 265 0.0390625
264 267 0.25
268 322 0.0625
270 287 0.0625
272 284 0.3125
272 285 0.125
273 284 0.25
274 281 0.25
275 280 0.1875
275 281 0.0625
277 280 0.78125
277 281 0.078125
278 281 0.820312
278 282 0.15625
278 333 0.25
279 282 0.664062
279 283 0.078125
279 294 0.4375
279 296 0.0625
280 283 0.820312
280 284 0.234375
281 284 0.820312
281 285 0.078125
281 331 0.125
282 285 0.78125
282 286 0.15625
282 294 0.0625
282 306 0.0625
282 333 0.125
283 286 0.703125
284 287 0.0390625
285 327 0.125
286 289 0.0625
286 306 0.0625
286 316 0.0625
286 323 0.3125
286 324 0.0625
286 327 0.0625
287 323 0.0625
288 315 0.25
288 323 0.125
289 312 0.3125
289 315 0.1875
289 316 0.125
290 308 0.125
290 309 0.0625
290 312 0.125
291 306 0.125
291 307 1.3125
292 307 1.25
292 308 0.0625
292 309 0.125
292 340 0.1875
293 306 1.1875
293 307 0.3125
294 305 1.25
295 304 1.3125
295 305 0.875
295 307 0.1875
296 299 0.125
296 303 1.3125
296 333 0.125
297 303 1.25
297 304 0.25
297 305 0.125
298 301 1.4375
298 302 1.1875
298 303 0.0625
298 333 0.0625
302 332 0.125
302 333 2.625
303 333 0.3125
303 334 1.1875
304 334 0.125
304 335 1.1875
304 336 0.1875
305 336 1.375
306 335 0.0625
306 336 0.25
306 337 1.1875
306 338 0.25
307 338 1.375
307 340 0.375
308 312 0.0625
308 313 0.0625
308 337 0.0625
308 338 0.1875
308 339 1.3125
308 340 0.5
309 312 1.375
309 340 0.0625
312 315 0.859375
312 316 0.078125
313 316 0.78125
313 317 0.195312
314 317 0.78125
314 318 0.078125
315 318 0.0390625
315 323 0.0625
316 323 1.4375
316 337 0.125
317 320 1.125
317 321 1.3125
317 322 1.0625
317 323 1.4375
317 324 0.0625
318 321 0.0625
318 323 0.0625
319 322 0.3125
320 325 0.117188
321 324 0.820312
321 325 0.3125
322 325 0.859375
322 326 0.15625
323 326 0.703125
323 327 0.078125
324 327 0.820312
324 328 0.078125
324 337 0.0625
325 328 0.78125
325 329 0.078125
326 329 0.78125
326 330 0.078125
327 330 0.742188
327 331 0.195312
327 335 0.125
328 331 0.898438
328 332 0.742188
328 333 0.15625
328 335 0.0625
