nresidues = 249
1 202 0.125
2 202 0.5
4 36 0.0625
4 189 0.5
4 201 0.0625
4 202 0.375
4 203 0.1875
4 204 0.25
4 227 0.4375
5 36 1.4375
5 38 0.375
5 205 0.5
6 36 0.0625
6 37 1.4375
6 38 0.1875
6 227 1.625
6 228 0.125
6 229 0.0625
6 243 0.0625
6 244 0.0625
6 247 0.125
7 38 1.375
7 40 0.1875
7 90 0.125
7 124 0.125
7 205 0.25
7 207 0.125
7 227 1.1875
7 228 1.1875
8 38 0.0625
8 39 1.3125
8 229 1.3125
8 231 0.0625
8 240 0.125
8 243 0.0625
8 244 0.0625
9 39 0.0625
9 40 1.3125
9 229 0.1875
9 230 1.1875
9 231 0.1875
9 240 0.3125
10 40 0.125
10 41 1.25
10 42 0.125
10 231 1.1875
10 235 0.1875
10 240 0.125
11 42 1.1875
11 64 0.1875
11 95 0.1875
11 231 0.1875
11 232 0.1875
11 235 0.125
12 15 0.25
12 21 0.375
12 41 0.1875
12 42 0.1875
12 43 0.1875
12 64 0.0625
12 235 0.1875
12 236 0.0625
13 43 1.0625
13 44 0.25
13 64 0.5625
13 97 0.375
14 44 0.0625
15 21 0.0390625
15 44 0.125
15 236 0.0625
16 20 0.0390625
16 47 0.3125
17 20 0.742188
17 21 0.078125
17 47 0.4375
18 21 0.664062
18 22 0.0390625
18 47 0.125
18 50 0.375
19 22 0.742188
19 23 0.117188
20 23 0.859375
20 24 0.078125
21 24 0.78125
21 25 0.195312
21 47 0.0625
21 50 0.125
22 25 0.820312
22 26 0.0390625
22 50 0.0625
23 26 0.742188
23 27 0.0390625
24 27 0.78125
24 28 0.117188
24 235 0.125
24 236 0.1875
24 237 0.0625
25 28 0.820312
25 29 0.234375
25 50 0.0625
25 54 0.25
25 55 0.1875
26 29 0.78125
27 30 0.78125
27 31 0.078125
28 31 0.078125
28 41 0.0625
28 59 0.1875
28 240 0.125
29 54 0.0625
29 55 0.375
29 56 0.1875
31 58 0.25
31 241 0.125
32 58 0.1875
32 245 0.0625
33 37 0.1875
33 58 0.0625
34 37 0.5625
34 244 0.0625
34 245 0.125
34 248 0.1875
36 247 0.0625
38 90 0.0625
38 205 0.3125
39 59 1.3125
39 240 0.125
39 244 0.125
40 60 1.3125
40 62 0.0625
40 90 0.3125
41 59 0.0625
41 60 0.0625
41 61 1.1875
41 62 0.25
42 62 1.1875
42 64 0.25
43 47 0.0625
43 51 0.0625
43 62 0.0625
43 64 0.375
44 47 1.25
44 64 0.125
45 48 0.1875
45 78 0.125
47 50 0.742188
47 51 0.078125
48 51 0.664062
48 52 0.0390625
48 61 0.125
48 63 0.125
48 88 0.0625
49 52 0.78125
49 53 0.3125
50 53 0.78125
50 54 0.15625
51 54 0.742188
51 55 0.078125
52 55 0.15625
52 56 0.117188
52 57 0.0390625
52 59 0.3125
52 60 0.1875
52 61 0.1875
52 86 0.125
52 87 0.1875
55 61 0.0625
56 59 0.375
60 89 0.0625
60 90 0.0625
61 88 1.25
61 89 1.125
62 90 1.375
63 83 0.1875
63 90 0.0625
63 91 1.25
63 92 0.1875
64 91 0.0625
64 92 1.1875
65 78 0.0625
65 91 0.125
65 92 0.0625
65 93 0.125
65 98 0.1875
65 104 0.125
65 112 0.0625
66 78 1.3125
66 79 0.0625
66 80 0.125
66 83 0.0625
66 91 0.125
66 93 0.0625
66 112 0.1875
67 74 0.375
67 78 0.0625
67 80 0.0625
67 115 0.0625
68 111 0.3125
68 112 0.0625
68 115 0.75
69 79 0.0625
69 115 0.375
70 79 0.25
70 119 0.0625
71 82 0.0625
74 77 0.3125
78 82 0.078125
78 83 0.0390625
79 82 0.9375
79 83 0.0390625
80 83 0.859375
80 84 0.078125
80 115 0.0625
80 116 0.0625
80 119 0.25
80 121 0.125
81 84 0.820312
81 85 0.078125
82 85 0.78125
82 86 0.078125
83 86 0.78125
83 87 0.664062
83 88 0.9375
83 91 0.0625
83 121 0.0625
84 87 0.0390625
84 88 0.0390625
84 119 0.4375
88 121 0.0625
89 121 1.5
89 122 0.0625
90 122 1.625
90 123 0.0625
90 124 0.0625
90 161 0.125
91 121 0.125
91 122 0.0625
91 123 1.25
91 124 0.125
92 124 1.25
93 112 0.375
93 113 0.125
93 123 0.0625
93 124 0.0625
93 125 1.1875
93 126 0.1875
94 99 0.3125
94 109 0.125
94 126 0.4375
95 98 0.820312
95 99 0.0390625
95 126 0.125
95 165 0.625
96 99 0.820312
96 100 0.9375
96 165 0.4375
97 100 0.703125
97 101 0.820312
97 102 0.15625
98 101 0.703125
98 102 1.32812
98 103 0.78125
98 104 0.46875
99 103 0.0390625
99 104 0.117188
99 106 0.3125
99 109 0.1875
99 126 0.25
100 130 0.4375
100 167 0.0625
104 108 0.0390625
104 109 0.078125
104 112 0.25
105 108 0.859375
105 109 0.195312
106 109 0.820312
106 110 0.0390625
106 146 0.1875
106 149 0.125
107 110 0.742188
107 111 0.3125
107 149 0.0625
108 111 0.78125
108 112 0.195312
109 112 0.820312
109 113 0.117188
109 150 0.0625
110 113 0.820312
110 114 0.078125
110 149 0.0625
110 153 0.5
111 114 0.664062
111 115 0.0390625
112 115 0.78125
112 116 0.078125
113 116 0.664062
113 117 0.234375
113 150 0.125
113 153 1.25
113 154 0.0625
114 117 0.820312
114 118 0.078125
114 153 0.375
115 118 0.78125
115 119 0.078125
116 119 0.78125
116 120 0.664062
116 121 0.117188
116 123 0.0625
117 120 0.0390625
117 121 0.078125
117 123 0.125
117 153 0.0625
117 154 0.0625
117 159 0.125
120 159 0.1875
122 159 1.25
123 159 0.125
123 160 1.3125
123 161 0.0625
124 161 1.25
124 163 0.0625
124 207 0.0625
124 230 0.0625
125 150 0.0625
125 161 0.125
125 162 1.1875
125 163 0.0625
126 163 1.1875
126 165 0.0625
126 230 0.0625
127 146 0.375
127 162 0.0625
127 163 0.125
127 164 1.25
127 165 0.1875
127 188 0.0625
128 143 0.0625
128 146 0.125
128 164 0.0625
128 165 0.0625
128 167 0.1875
129 133 0.234375
129 134 0.234375
129 139 0.5
129 143 0.0625
129 164 0.375
129 166 1.0625
129 167 1.1875
129 168 0.4375
130 133 0.976562
130 134 0.0390625
130 167 0.0625
130 168 0.3125
131 134 0.78125
131 135 0.117188
131 168 0.25
131 172 0.0625
131 174 0.125
132 135 0.820312
132 136 0.078125
133 136 0.664062
133 137 0.664062
133 138 0.78125
133 139 0.078125
133 142 0.25
134 137 0.0390625
134 139 0.117188
134 164 0.0625
134 168 1.1875
134 180 0.1875
134 183 0.0625
138 141 0.820312
138 142 0.078125
139 142 0.820312
139 143 0.117188
140 143 0.78125
140 144 0.46875
140 187 0.625
141 144 0.820312
141 145 0.390625
142 145 0.820312
142 146 0.273438
143 146 0.820312
143 147 0.15625
143 188 0.0625
144 147 0.820312
144 148 0.078125
144 187 0.1875
144 191 0.4375
145 148 0.78125
145 149 0.078125
146 149 0.664062
146 150 0.0390625
147 150 0.820312
147 151 0.078125
147 162 0.0625
148 151 0.859375
148 152 0.273438
148 191 0.125
149 152 0.742188
149 153 0.117188
150 153 0.78125
150 154 0.117188
151 154 0.078125
151 157 0.25
151 191 0.125
154 157 0.8125
154 160 0.0625
156 159 0.25
157 160 0.3125
157 200 0.25
157 204 0.125
160 204 0.0625
161 205 1.375
161 207 0.125
162 205 1.25
162 206 1.3125
162 207 1.3125
163 207 1.5
164 168 0.125
164 184 0.1875
164 185 0.0625
164 208 1.3125
164 209 0.1875
165 209 0.125
166 169 1.25
166 170 0.0625
166 208 0.3125
166 209 0.1875
166 210 0.125
167 170 0.0625
168 172 0.375
168 174 0.1875
168 175 0.1875
168 176 0.125
168 180 0.1875
169 172 0.25
169 174 0.1875
169 175 0.0625
175 180 0.078125
176 180 0.234375
176 208 0.0625
177 180 1.09375
177 181 0.078125
178 181 0.78125
178 182 0.0390625
178 219 0.1875
178 220 0.25
178 223 0.125
179 182 0.742188
179 223 0.0625
180 183 0.078125
181 184 0.78125
181 185 0.078125
181 208 0.125
181 220 0.0625
182 185 0.78125
182 186 0.15625
182 223 0.625
182 224 0.625
182 225 0.5625
182 226 0.0625
183 186 0.742188
183 187 0.117188
184 187 0.703125
184 188 0.234375
185 188 0.664062
185 189 0.0390625
185 206 0.5625
185 207 0.125
185 208 0.0625
185 225 0.8125
185 226 0.125
186 189 0.78125
186 190 0.0390625
186 225 0.25
187 190 0.78125
187 191 0.078125
188 191 0.78125
188 192 0.078125
188 206 0.125
189 192 0.78125
189 193 0.078125
189 201 0.4375
189 204 0.0625
189 206 0.5
189 225 0.4375
189 227 0.25
190 193 0.664062
190 194 0.117188
191 194 0.820312
191 195 0.78125
191 196 0.078125
192 195 0.742188
192 196 0.820312
192 197 0.859375
192 200 0.125
192 201 0.1875
192 204 0.125
193 196 0.664062
193 197 0.15625
193 198 0.273438
193 201 0.0625
196 200 0.1875
197 200 1.5
198 201 1.0625
198 202 0.0625
199 203 0.125
200 203 1.25
200 204 0.1875
201 204 0.0625
205 227 0.5625
206 225 0.0625
206 226 1.0625
206 227 0.4375
207 227 0.1875
207 228 1.625
207 229 0.0625
208 220 0.0625
208 228 0.1875
208 229 1.3125
208 230 0.0625
209 230 0.0625
211 216 0.0390625
212 216 0.117188
212 217 0.078125
212 229 0.4375
212 231 0.0625
212 234 0.0625
212 243 0.0625
213 216 0.898438
213 217 0.078125
213 239 0.25
214 217 0.0390625
214 218 0.0390625
214 239 0.0625
215 219 0.117188
216 219 0.820312
216 220 0.0390625
217 220 0.78125
217 221 0.078125
217 229 0.0625
217 242 0.0625
217 243 0.0625
217 246 0.125
218 221 0.664062
218 222 0.078125
218 246 0.125
219 222 0.117188
219 223 0.0390625
220 223 0.117188
220 226 0.1875
220 229 0.125
221 226 0.0625
221 229 0.125
221 246 0.0625
221 247 0.125
223 226 0.25
231 234 0.0625
231 235 0.0625
231 240 0.0625
231 243 0.125
232 235 0.25
233 236 0.125
233 237 0.125
234 237 0.375
234 239 1.1875
234 243 0.0625
237 240 0.078125
238 241 0.78125
238 242 0.0390625
239 242 0.820312
239 243 0.15625
240 243 0.820312
240 244 0.234375
241 244 0.78125
241 245 0.15625
242 245 0.78125
242 246 0.0390625
243 246 0.117188
245 248 0.25
