L	Ls	nvertices	F_L	F_L_constrained	rho_sum	nloops	regions
  1	  0	  0	           0	           0	           0	 0	[(0, 1)]
  2	  0	  0	           0	           0	           0	 0	[(0, 2)]
  3	  0	  0	           0	           0	           0	 0	[(0, 3)]
  4	  0	  0	           0	           0	           0	 0	[(0, 4)]
  5	  0	  0	           0	           0	           0	 0	[(0, 5)]
  6	  0	  0	           0	           0	           0	 0	[(0, 6)]
  7	  0	  0	           0	           0	           0	 0	[(0, 7)]
  8	  0	  0	           0	           0	           0	 0	[(0, 8)]
  9	  0	  0	           0	           0	           0	 0	[(0, 9)]
 10	  0	  0	           0	           0	           0	 0	[(0, 10)]
 11	  0	  0	           0	           0	           0	 0	[(0, 11)]
 12	  0	  0	           0	           0	           0	 0	[(0, 12)]
 13	  0	  0	           0	           0	           0	 0	[(0, 13)]
 14	  0	  0	           0	           0	           0	 0	[(0, 14)]
 15	  0	  2	   -0.262618	   -0.262618	    0.254288	 0	[(0, 15)]
 16	  0	  2	   -0.262618	   -0.262618	    0.254288	 0	[(0, 16)]
 17	  0	  2	   -0.262618	   -0.262618	    0.254288	 0	[(0, 17)]
 18	  0	  2	   -0.262618	   -0.262618	    0.254288	 0	[(0, 18)]
 19	  0	  2	   -0.262618	   -0.262618	    0.254288	 0	[(0, 19)]
 20	 15	  3	   -0.262618	     3.91235	    0.278406	 1	[(15, 20)]
 21	  0	  7	   -0.262618	     2.11143	     0.40665	 1	[(0, 21)]
 22	  0	  9	   -0.304442	   -0.304442	    0.307399	 0	[(0, 22)]
 23	  0	 10	   -0.304442	     5.46243	     6.40067	 0	[(0, 23)]
 24	  0	 11	   -0.329792	   -0.329792	     0.33379	 0	[(0, 24)]
 25	  0	 12	   -0.329792	     4.85475	     6.80066	 0	[(0, 25)]
 26	  0	 13	   -0.329792	     4.88169	      7.1034	 0	[(0, 26)]
 27	  0	 14	   -0.329792	      4.9251	     7.45392	 0	[(0, 27)]
 28	  0	 15	   -0.329792	     4.83293	     7.83113	 0	[(0, 28)]
 29	  0	 16	   -0.329792	     4.61349	     9.61818	 0	[(0, 29)]
 30	  0	 17	   -0.329792	     4.69119	     10.5346	 0	[(0, 30)]
 31	  0	 18	   -0.329792	     5.19085	     10.0774	 0	[(0, 31)]
 32	  0	 18	   -0.329792	     5.19085	     10.0774	 0	[(0, 32)]
 33	  0	 18	   -0.329792	     5.19085	     10.0774	 0	[(0, 33)]
 34	  0	 18	   -0.329792	     5.19085	     10.0774	 0	[(0, 34)]
 35	  0	 18	   -0.329792	     5.19085	     10.0774	 0	[(0, 35)]
 36	 15	 17	   -0.329792	     5.44446	     9.55078	 0	[(15, 36)]
 37	 15	 20	   -0.329792	     5.17892	     9.82616	 0	[(15, 37)]
 38	 15	 20	   -0.329792	     5.17892	     9.82616	 0	[(15, 38)]
 39	 15	 20	   -0.329792	     5.17892	     9.82616	 0	[(15, 39)]
 40	 15	 20	   -0.329792	     5.17892	     9.82616	 0	[(15, 40)]
 41	 15	 21	   -0.329792	     5.03786	       9.983	 0	[(15, 41)]
 42	 15	 21	   -0.329792	     5.03786	       9.983	 0	[(15, 42)]
 43	 15	 21	   -0.329792	     5.03786	       9.983	 0	[(15, 43)]
 44	 15	 22	   -0.329792	     8.90932	     10.1065	 1	[(15, 44)]
 45	 15	 22	   -0.329792	     8.90932	     10.1065	 1	[(15, 45)]
 46	 15	 22	   -0.329792	     8.90932	     10.1065	 1	[(15, 46)]
 47	 15	 24	   -0.329792	     11.1843	     10.6791	 2	[(15, 47)]
 48	 15	 26	   -0.329792	      11.481	     10.4002	 2	[(15, 48)]
 49	 15	 26	   -0.329792	      11.481	     10.4002	 2	[(15, 49)]
 50	 47	  2	   -0.329792	     3.71593	    0.297467	 1	[(47, 50)]
 51	 47	  4	   -0.329792	     2.25016	    0.286398	 1	[(47, 51)]
 52	 47	  6	   -0.329792	     5.08365	      5.3806	 0	[(47, 52)]
 53	 47	  7	   -0.329792	     4.66181	     5.78392	 0	[(47, 53)]
 54	 47	  8	   -0.329792	     4.63049	     6.26801	 0	[(47, 54)]
 55	 47	  9	   -0.329792	     5.19012	     6.63448	 0	[(47, 55)]
 56	 47	 10	   -0.329792	     5.43588	     6.62181	 0	[(47, 56)]
 57	 47	 11	   -0.329792	      5.4563	     6.56042	 0	[(47, 57)]
 58	 47	 11	   -0.329792	      5.4563	     6.56042	 0	[(47, 58)]
 59	 47	 12	   -0.329792	     5.22609	     6.75746	 0	[(47, 59)]
 60	 47	 13	   -0.329792	     5.24514	      6.7676	 0	[(47, 60)]
 61	 47	 14	   -0.329792	     5.25938	     6.77951	 0	[(47, 61)]
 62	 47	 14	   -0.329792	     5.25938	     6.77951	 0	[(47, 62)]
 63	 47	 15	   -0.329792	      5.1036	     6.91776	 0	[(47, 63)]
 64	 47	 15	   -0.329792	      5.1036	     6.91776	 0	[(47, 64)]
 65	 47	 15	   -0.329792	      5.1036	     6.91776	 0	[(47, 65)]
 66	 47	 15	   -0.329792	      5.1036	     6.91776	 0	[(47, 66)]
 67	 47	 15	   -0.329792	      5.1036	     6.91776	 0	[(47, 67)]
 68	 47	 15	   -0.329792	      5.1036	     6.91776	 0	[(47, 68)]
 69	 47	 15	   -0.329792	      5.1036	     6.91776	 0	[(47, 69)]
 70	 47	 15	   -0.329792	      5.1036	     6.91776	 0	[(47, 70)]
 71	 47	 15	   -0.329792	      5.1036	     6.91776	 0	[(47, 71)]
 72	 47	 15	   -0.329792	      5.1036	     6.91776	 0	[(47, 72)]
 73	 47	 15	   -0.329792	      5.1036	     6.91776	 0	[(47, 73)]
 74	 47	 17	   -0.329792	     4.83155	     7.16742	 0	[(47, 74)]
 75	 47	 17	   -0.329792	     4.83155	     7.16742	 0	[(47, 75)]
 76	 47	 17	   -0.329792	     4.83155	     7.16742	 0	[(47, 76)]
 77	 47	 18	   -0.329792	     4.69524	     7.32044	 0	[(47, 77)]
 78	 65	  6	   -0.329792	     6.14913	    0.400241	 1	[(65, 78)]
 79	 65	  9	   -0.329792	     6.15461	    0.506158	 1	[(65, 79)]
 80	 65	 10	   -0.329792	     6.20962	    0.509868	 1	[(65, 80)]
 81	 65	 10	   -0.329792	     6.20962	    0.509868	 1	[(65, 81)]
 82	 78	  3	   -0.329792	     3.89947	    0.291977	 1	[(78, 82)]
 83	 78	  5	   -0.329792	     2.36743	    0.267387	 1	[(78, 83)]
 84	 78	  7	   -0.329792	     5.09674	     5.63696	 0	[(78, 84)]
 85	 78	  8	   -0.329792	     5.00823	     6.07575	 0	[(78, 85)]
 86	 78	  9	   -0.329792	     4.99296	     6.54104	 0	[(78, 86)]
 87	 78	 10	   -0.329792	      5.1309	     6.99319	 0	[(78, 87)]
 88	 78	 11	   -0.329792	     4.90729	      7.5712	 0	[(78, 88)]
 89	 78	 11	   -0.329792	     4.90729	      7.5712	 0	[(78, 89)]
 90	 78	 11	   -0.329792	     4.90729	      7.5712	 0	[(78, 90)]
 91	 78	 12	   -0.329792	      4.7612	     7.69059	 0	[(78, 91)]
 92	 78	 12	   -0.329792	      4.7612	     7.69059	 0	[(78, 92)]
 93	 78	 12	   -0.329792	      4.7612	     7.69059	 0	[(78, 93)]
 94	 78	 12	   -0.329792	      4.7612	     7.69059	 0	[(78, 94)]
 95	 78	 12	   -0.329792	      4.7612	     7.69059	 0	[(78, 95)]
 96	 78	 12	   -0.329792	      4.7612	     7.69059	 0	[(78, 96)]
 97	 78	 12	   -0.329792	      4.7612	     7.69059	 0	[(78, 97)]
 98	 94	  2	   -0.329792	     3.71181	    0.306579	 1	[(94, 98)]
 99	 94	  5	   -0.329792	     2.35798	    0.268345	 1	[(94, 99)]
100	 94	  7	   -0.329792	     3.79843	     5.27417	 0	[(94, 100)]
101	 94	  8	   -0.329792	     2.75673	     6.65356	 0	[(94, 101)]
102	 94	  9	   -0.329792	     1.35583	     7.77156	 0	[(94, 102)]
103	 94	 10	   -0.329792	     1.20636	     8.54251	 0	[(94, 103)]
104	 94	 11	   -0.329792	     1.44434	     9.08393	 0	[(94, 104)]
105	 94	 11	   -0.329792	     1.44434	     9.08393	 0	[(94, 105)]
106	 94	 12	   -0.329792	     3.39438	     9.31006	 1	[(94, 106)]
107	 94	 12	   -0.329792	     3.39438	     9.31006	 1	[(94, 107)]
108	104	  3	   -0.329792	     3.90457	    0.285202	 1	[(104, 108)]
109	104	  5	   -0.329792	     2.37566	     0.26784	 1	[(104, 109)]
110	 94	 17	   -0.329792	     5.21394	      14.572	 0	[(94, 110)]
111	104	  8	   -0.329792	     4.80547	     6.05397	 0	[(104, 111)]
112	 94	 19	   -0.329792	     4.30326	     17.0879	 0	[(94, 112)]
113	 94	 20	   -0.329792	      4.1006	     18.1086	 0	[(94, 113)]
114	 94	 21	   -0.329792	     4.17099	     18.8659	 0	[(94, 114)]
115	 94	 22	   -0.329792	     4.15679	     19.6413	 0	[(94, 115)]
116	 94	 23	   -0.329792	     4.29265	     20.3279	 0	[(94, 116)]
117	 94	 24	   -0.329792	     4.08503	     21.7096	 0	[(94, 117)]
118	 94	 25	   -0.329792	     4.07362	     22.7299	 0	[(94, 118)]
119	 94	 26	   -0.329792	     4.07462	     23.7186	 0	[(94, 119)]
120	 94	 27	   -0.329792	     4.20194	      24.351	 0	[(94, 120)]
121	 94	 28	   -0.329792	      4.5539	     23.3102	 0	[(94, 121)]
122	 94	 28	   -0.329792	      4.5539	     23.3102	 0	[(94, 122)]
123	104	 19	   -0.329792	     4.64202	      13.666	 0	[(104, 123)]
124	104	 19	   -0.329792	     4.64202	      13.666	 0	[(104, 124)]
125	104	 19	   -0.329792	     4.64202	      13.666	 0	[(104, 125)]
126	104	 19	   -0.329792	     4.64202	      13.666	 0	[(104, 126)]
127	104	 19	   -0.329792	     4.64202	      13.666	 0	[(104, 127)]
128	104	 19	   -0.329792	     4.64202	      13.666	 0	[(104, 128)]
129	104	 19	   -0.329792	     4.64202	      13.666	 0	[(104, 129)]
130	104	 19	   -0.329792	     4.64202	      13.666	 0	[(104, 130)]
131	104	 19	   -0.329792	     4.64202	      13.666	 0	[(104, 131)]
132	104	 19	   -0.329792	     4.64202	      13.666	 0	[(104, 132)]
133	129	  3	   -0.329792	     3.89779	    0.302704	 1	[(129, 133)]
134	129	  5	   -0.329792	     2.37613	    0.272366	 1	[(129, 134)]
135	129	  7	   -0.329792	     4.86446	     5.73782	 0	[(129, 135)]
136	129	  8	   -0.329792	     4.96446	     6.22778	 0	[(129, 136)]
137	129	  9	   -0.329792	     5.09542	     6.72476	 0	[(129, 137)]
138	129	 10	   -0.329792	     5.11925	     7.26498	 0	[(129, 138)]
139	129	 11	   -0.329792	     5.44974	     7.71576	 0	[(129, 139)]
140	129	 11	   -0.329792	     5.44974	     7.71576	 0	[(129, 140)]
141	138	  2	   -0.329792	     3.71181	    0.306579	 1	[(138, 141)]
142	138	  4	   -0.329792	     2.24641	    0.293256	 1	[(138, 142)]
143	138	  6	   -0.329792	     4.57546	     5.24873	 0	[(138, 143)]
144	138	  7	   -0.329792	     3.91538	     5.62153	 0	[(138, 144)]
145	138	  8	   -0.329792	     3.33964	     6.99215	 0	[(138, 145)]
146	138	  9	   -0.329792	     2.83289	     8.09929	 0	[(138, 146)]
147	138	 10	   -0.329792	     2.49083	     9.02152	 0	[(138, 147)]
148	138	 11	   -0.329792	     2.36948	     9.86227	 0	[(138, 148)]
149	138	 12	   -0.329792	     2.45463	     10.5835	 0	[(138, 149)]
150	138	 13	   -0.329792	     2.43674	     11.4613	 0	[(138, 150)]
151	138	 14	   -0.329792	     2.33798	     12.5594	 0	[(138, 151)]
152	138	 15	   -0.329792	     2.10047	     13.7485	 0	[(138, 152)]
153	138	 16	   -0.329792	      1.9939	     14.7416	 0	[(138, 153)]
154	138	 17	   -0.329792	     2.53584	     14.6264	 0	[(138, 154)]
155	138	 17	   -0.329792	     2.53584	     14.6264	 0	[(138, 155)]
156	138	 17	   -0.329792	     2.53584	     14.6264	 0	[(138, 156)]
157	138	 18	   -0.329792	     2.21452	     15.3861	 0	[(138, 157)]
158	138	 18	   -0.329792	     2.21452	     15.3861	 0	[(138, 158)]
159	138	 20	   -0.329792	     2.18352	     15.2242	 0	[(138, 159)]
160	138	 21	   -0.329792	     2.17794	     15.2699	 0	[(138, 160)]
161	138	 21	   -0.329792	     2.17794	     15.2699	 0	[(138, 161)]
162	138	 22	   -0.329792	     2.03283	     15.4053	 0	[(138, 162)]
163	138	 22	   -0.329792	     2.03283	     15.4053	 0	[(138, 163)]
164	138	 22	   -0.329792	     2.03283	     15.4053	 0	[(138, 164)]
165	 88	 76	   -0.329792	     1.32906	     70.7966	 1	[(88, 165)]
166	 88	 77	   -0.329792	    0.784724	     71.7431	 1	[(88, 166)]
167	 88	 78	   -0.547933	   -0.547933	     72.8601	 1	[(88, 167)]
168	 88	 79	    -3.71014	    -3.71014	     74.1423	 1	[(88, 168)]
169	 88	 80	    -4.64623	    -4.64623	     75.1085	 1	[(88, 169)]
170	 88	 81	    -4.64623	    -3.94673	     75.3936	 1	[(88, 170)]
171	 88	 81	    -4.64623	    -3.94673	     75.3936	 1	[(88, 171)]
172	 88	 82	    -4.64623	    -4.42101	     75.8191	 1	[(88, 172)]
173	 88	 82	    -4.64623	    -4.42101	     75.8191	 1	[(88, 173)]
174	 88	 83	    -4.75964	    -4.75964	     76.1346	 1	[(88, 174)]
175	 88	 84	    -4.75964	    0.931757	     76.1461	 2	[(88, 175)]
176	 88	 85	    -4.75964	     1.09484	     76.0787	 2	[(88, 176)]
177	 88	 85	    -4.75964	     1.09484	     76.0787	 2	[(88, 177)]
178	 88	 85	    -4.75964	     1.09484	     76.0787	 2	[(88, 178)]
179	 88	 85	    -4.75964	     1.09484	     76.0787	 2	[(88, 179)]
180	175	 87	    -4.75964	    -0.74061	     76.4111	 2	[(88, 174), (175, 180)]
181	175	 89	    -4.75964	    -2.53636	     76.4069	 2	[(88, 174), (175, 181)]
182	175	 91	     -4.9323	     -4.9323	     76.3132	 1	[(88, 174), (175, 182)]
183	175	 92	    -4.94425	    -4.94425	     76.3247	 1	[(88, 174), (175, 183)]
184	175	 93	    -4.94425	     1.48429	     82.8004	 1	[(88, 174), (175, 184)]
185	138	 41	    -4.94425	     1.41306	      16.031	 0	[(138, 185)]
186	175	 95	    -4.94425	     2.10041	     84.5199	 1	[(88, 174), (175, 186)]
187	 88	 96	    -4.94425	      5.5627	     85.3958	 2	[(88, 187)]
188	 88	 97	    -4.94425	     5.15808	     86.3728	 2	[(88, 188)]
189	 88	 98	    -4.94425	     5.12321	     87.2249	 2	[(88, 189)]
190	 88	 99	    -4.94425	     5.06517	     87.9841	 2	[(88, 190)]
191	 88	100	    -4.94425	      3.7648	     89.3373	 2	[(88, 191)]
192	 88	101	    -4.94425	     3.66571	     90.2506	 2	[(88, 192)]
193	 88	102	    -4.94425	     3.76782	     91.0107	 2	[(88, 193)]
194	 88	103	    -4.94425	     3.57131	     91.8944	 2	[(88, 194)]
195	 88	104	    -4.94425	     2.32872	     93.2988	 2	[(88, 195)]
196	 88	105	    -4.94425	    0.866599	     94.4963	 2	[(88, 196)]
197	 88	106	    -4.94425	    0.369993	     95.3598	 2	[(88, 197)]
198	 88	107	    -4.94425	    0.930332	     95.6806	 2	[(88, 198)]
199	 88	107	    -4.94425	    0.930332	     95.6806	 2	[(88, 199)]
200	 88	108	    -4.94425	    -1.47394	     97.2386	 2	[(88, 200)]
201	 88	109	    -4.94425	     -2.8504	      98.677	 2	[(88, 201)]
202	 88	110	    -4.94425	     -2.0946	     98.9315	 2	[(88, 202)]
203	 88	112	    -4.94425	    -1.30719	     100.637	 2	[(88, 203)]
204	175	 30	    -4.94425	     3.13512	     24.8767	 0	[(175, 204)]
205	 88	114	    -4.94425	     1.08145	      102.69	 3	[(88, 205)]
206	 88	115	    -4.94425	    -2.61581	     103.847	 3	[(88, 206)]
207	 88	116	    -7.81727	    -7.81727	      104.88	 3	[(88, 207)]
208	 88	117	     -10.045	     -10.045	     105.853	 3	[(88, 208)]
209	 88	118	     -10.045	    -9.72248	     106.443	 3	[(88, 209)]
210	 88	119	     -10.045	    -9.16377	     106.496	 3	[(88, 210)]
211	 88	119	     -10.045	    -9.16377	     106.496	 3	[(88, 211)]
212	 88	119	     -10.045	    -9.16377	     106.496	 3	[(88, 212)]
213	 88	119	     -10.045	    -9.16377	     106.496	 3	[(88, 213)]
214	 88	119	     -10.045	    -9.16377	     106.496	 3	[(88, 214)]
215	 88	119	     -10.045	    -9.16377	     106.496	 3	[(88, 215)]
216	 88	123	     -10.045	    -4.92027	     106.416	 4	[(88, 216)]
217	 88	125	     -10.045	    -6.64329	     106.412	 4	[(88, 217)]
218	 88	126	     -10.045	    -6.53931	     106.398	 4	[(88, 218)]
219	 88	128	     -10.045	    -9.05443	      106.34	 3	[(88, 219)]
220	 88	129	     -10.045	    -9.09311	     106.405	 3	[(88, 220)]
221	 88	130	     -10.045	    -9.08703	     106.399	 3	[(88, 221)]
222	 88	131	     -10.045	    -9.09535	     106.399	 3	[(88, 222)]
223	 88	132	     -10.045	    -9.27059	     106.558	 3	[(88, 223)]
224	 88	133	     -10.045	    -9.33865	     106.656	 3	[(88, 224)]
225	 88	134	     -10.045	    -9.35879	     107.785	 4	[(88, 225)]
226	 88	135	    -10.3033	    -10.3033	      109.03	 4	[(88, 226)]
227	 88	136	    -11.6306	    -11.6306	      110.08	 4	[(88, 227)]
228	  0	217	    -15.6431	    -15.6431	     171.442	 8	[(0, 228)]
229	  0	218	    -16.2921	    -16.2921	     180.403	 8	[(0, 229)]
230	  0	219	    -17.5631	    -17.5631	     181.292	 8	[(0, 230)]
231	  0	220	    -19.3177	    -19.3177	     182.493	 8	[(0, 231)]
232	  0	221	    -19.3177	    -18.6749	     182.779	 8	[(0, 232)]
233	  0	221	    -19.3177	    -18.6749	     182.779	 8	[(0, 233)]
234	  0	222	    -19.3177	    -18.8039	     182.918	 8	[(0, 234)]
235	  0	223	    -19.3177	    -19.0583	     183.305	 8	[(0, 235)]
236	  0	225	    -19.3177	    -18.2138	     182.669	 8	[(0, 236)]
237	  0	226	    -19.3177	    -16.6755	     174.884	 9	[(0, 237)]
238	  0	226	    -19.3177	    -16.6755	     174.884	 9	[(0, 238)]
239	  0	227	    -19.3177	    -10.0629	     182.707	10	[(0, 239)]
240	  0	228	    -19.3177	    -13.8588	     175.379	10	[(0, 240)]
241	  0	230	    -19.3177	    -16.5579	     175.066	 9	[(0, 241)]
242	  0	231	    -19.3177	    -7.93874	     191.083	 9	[(0, 242)]
243	  0	232	    -19.3177	    -9.04742	     190.408	 9	[(0, 243)]
244	  0	233	    -19.3177	    -10.0062	     189.057	 9	[(0, 244)]
245	  0	234	    -19.3177	    -10.2456	     190.011	 9	[(0, 245)]
246	  0	235	    -19.3177	    -9.82207	     190.304	 9	[(0, 246)]
247	  0	236	    -19.3177	    -9.49022	     190.289	 9	[(0, 247)]
248	  0	237	    -19.3177	    -9.10886	     193.535	 9	[(0, 248)]
249	  0	237	    -19.3177	    -9.10886	     193.535	 9	[(0, 249)]
