nresidues = 210
7 12 0.117188
8 11 0.976562
8 12 0.117188
8 115 0.25
9 12 0.78125
9 13 0.078125
10 13 0.820312
10 14 0.078125
10 109 0.125
11 14 0.820312
11 15 0.15625
11 41 0.0625
11 115 0.1875
12 15 0.820312
12 16 0.117188
13 16 0.859375
13 17 0.15625
13 105 0.3125
13 108 0.125
13 109 0.125
14 17 0.78125
14 18 0.117188
14 41 0.1875
14 69 0.125
14 102 0.1875
14 105 0.0625
14 112 0.125
15 18 0.15625
15 41 0.0625
15 95 0.0625
17 97 0.125
17 101 0.5625
17 105 0.3125
18 95 0.125
18 96 1.375
18 97 0.0625
19 94 0.0625
19 95 1.1875
19 96 0.8125
20 93 0.125
20 94 1.3125
20 95 0.125
21 92 0.0625
21 93 1.1875
21 94 0.125
22 92 1.3125
23 27 0.1875
23 29 0.4375
23 91 1.25
23 92 0.1875
23 94 0.125
24 27 0.3125
24 88 0.0625
24 90 1.0625
24 91 0.0625
25 88 1.25
25 89 0.0625
25 90 0.25
26 87 0.125
26 88 0.0625
27 87 1.3125
27 88 0.1875
28 31 0.375
28 86 1.3125
29 40 0.0625
29 47 0.0625
29 86 1.25
29 94 0.0625
30 34 0.25
30 40 0.1875
30 70 0.0625
30 82 0.1875
30 84 0.0625
30 85 1.375
30 86 0.25
31 34 0.8125
31 82 0.125
31 84 1.0625
31 85 0.375
32 51 0.0625
32 82 1.25
32 83 0.375
32 84 0.4375
32 85 0.6875
33 81 0.4375
33 82 0.0625
34 81 1.375
34 82 0.1875
35 79 0.0625
35 80 1.25
35 81 0.1875
36 80 0.125
36 82 0.4375
36 99 0.3125
37 82 0.0625
37 98 1.1875
37 99 1
38 71 0.0625
38 82 0.375
38 96 0.4375
38 97 1.25
38 99 0.625
39 69 0.0625
39 70 1.3125
39 71 0.0625
39 72 0.125
39 96 1.3125
39 97 0.3125
39 99 0.125
39 102 0.375
40 69 1.375
40 70 0.5
40 82 0.0625
40 94 0.125
40 95 1.375
40 96 0.5625
41 67 0.375
41 68 1.1875
41 69 0.1875
41 94 1.25
41 95 0.1875
42 45 0.0625
42 47 0.0625
42 64 0.1875
42 65 0.5
42 66 1.375
42 67 0.0625
42 68 0.1875
42 70 0.1875
42 93 1.1875
43 66 0.3125
43 93 1.4375
44 92 1.3125
44 93 0.1875
45 65 1.1875
45 90 0.1875
45 91 0.0625
45 92 0.1875
46 64 1.25
46 65 0.0625
46 88 1.25
46 89 1.375
46 90 0.1875
46 92 0.125
47 63 1.3125
47 64 0.25
47 86 0.125
47 87 1.3125
47 88 0.0625
47 92 0.0625
48 62 1.25
48 63 0.1875
48 85 0.0625
48 86 1.1875
48 87 0.1875
49 60 1.3125
49 61 1.1875
49 62 0.25
49 64 0.0625
49 84 0.0625
49 85 1.25
50 59 1.25
50 84 1.25
50 85 0.375
50 87 0.125
51 58 1.1875
51 59 0.1875
51 61 0.125
51 84 0.0625
51 85 0.0625
52 57 1.25
52 58 0.125
52 85 0.125
53 56 0.3125
53 57 0.375
57 177 0.1875
57 178 0.1875
58 87 0.375
58 173 0.0625
58 174 0.1875
58 177 0.0625
59 134 0.0625
59 174 1.375
59 175 0.125
59 176 0.25
59 177 0.125
60 63 0.1875
60 174 0.375
61 130 0.0625
63 89 0.125
63 171 0.125
64 68 0.375
64 123 0.1875
65 68 0.375
67 119 0.125
68 119 0.5625
68 123 0.25
69 72 0.0625
69 116 0.3125
69 119 0.3125
69 123 0.25
70 86 0.0625
71 82 0.1875
71 99 0.25
72 75 0.125
72 76 0.0625
72 116 0.125
72 120 0.1875
72 123 0.1875
73 80 0.0625
73 83 0.0625
73 99 0.0625
74 77 0.125
74 80 0.1875
74 99 0.625
75 99 0.4375
75 102 0.125
75 103 0.1875
75 116 0.0625
76 80 0.0625
76 103 0.0625
76 120 0.125
77 80 0.375
82 99 0.0625
87 174 0.0625
89 171 0.0625
97 101 0.234375
97 105 0.0625
98 101 0.859375
98 102 0.078125
99 102 0.78125
99 103 0.15625
100 103 0.742188
100 104 0.078125
101 104 0.78125
101 105 0.078125
102 105 0.78125
102 106 0.273438
102 112 0.125
102 116 0.0625
103 106 0.78125
103 107 0.078125
104 107 0.78125
104 108 0.0390625
105 108 0.78125
105 109 0.117188
106 109 0.820312
106 110 0.117188
106 112 0.0625
109 112 0.078125
110 113 0.78125
111 114 0.78125
111 115 0.15625
112 115 0.703125
112 116 0.0390625
113 116 0.78125
113 117 0.234375
114 117 0.78125
114 118 0.078125
115 118 0.742188
115 119 0.0390625
116 119 0.78125
116 120 0.078125
117 120 0.820312
117 121 0.078125
118 121 0.78125
118 122 0.0390625
119 122 0.78125
119 123 0.273438
120 123 0.78125
120 124 0.078125
121 124 0.78125
121 125 0.15625
122 125 0.976562
122 126 0.234375
123 126 0.78125
123 127 0.15625
124 127 0.703125
124 128 0.15625
125 128 0.78125
125 129 0.0390625
126 129 0.78125
126 130 0.0390625
127 130 0.78125
127 131 0.078125
128 131 0.78125
129 132 0.742188
129 133 0.15625
130 133 0.78125
130 134 0.15625
131 134 0.78125
131 135 0.078125
132 135 0.78125
132 136 0.273438
133 136 0.703125
133 137 0.15625
134 137 0.0390625
134 142 0.5
137 141 0.078125
137 142 0.234375
137 145 0.0625
138 141 0.78125
138 142 0.195312
139 142 0.78125
139 143 0.117188
139 182 0.0625
139 186 0.125
140 143 0.78125
140 144 0.078125
140 189 0.125
141 144 0.820312
141 145 0.078125
142 145 0.703125
142 146 0.15625
142 176 0.125
143 146 0.78125
143 147 0.15625
143 186 0.1875
144 147 0.78125
144 148 0.15625
145 148 0.859375
145 149 0.351562
146 149 0.78125
146 150 0.195312
146 175 0.125
146 176 0.0625
147 150 0.78125
147 151 0.078125
147 187 0.0625
148 151 0.820312
148 152 0.078125
148 205 0.0625
149 152 0.78125
149 153 0.0390625
150 153 0.273438
150 156 0.0625
150 165 0.3125
150 167 0.0625
151 156 0.1875
151 163 0.25
151 165 0.0625
152 163 0.0625
153 156 0.125
156 163 0.25
156 164 1.125
157 163 1.5625
157 164 0.4375
157 166 0.0625
158 162 1.1875
158 163 0.125
159 162 0.4375
159 164 0.0625
159 204 0.25
161 206 1.3125
162 205 1.1875
163 203 0.0625
163 204 1.25
163 205 0.1875
164 202 0.25
164 203 1.25
165 201 0.0625
165 202 1.1875
165 203 0.3125
166 201 1.25
167 171 0.3125
167 172 0.15625
167 175 0.0625
167 201 0.1875
168 171 0.859375
168 172 0.15625
168 201 0.3125
169 172 0.820312
169 173 0.0390625
169 180 0.125
169 183 0.3125
169 184 0.125
170 173 0.742188
170 174 0.195312
170 180 0.0625
171 174 0.820312
171 175 0.15625
172 175 0.78125
172 176 0.117188
172 183 0.25
172 203 0.0625
173 176 0.820312
173 177 0.78125
173 178 0.117188
173 183 0.0625
178 182 0.0390625
178 183 0.0390625
179 182 0.898438
179 183 0.078125
180 183 0.78125
180 184 0.0390625
181 184 0.742188
181 185 0.15625
182 185 0.9375
182 186 0.195312
183 186 0.742188
183 187 0.234375
184 187 0.703125
184 188 0.078125
185 188 0.78125
185 189 0.078125
186 189 0.78125
186 190 0.15625
187 190 0.78125
187 191 0.078125
187 196 0.125
188 191 0.78125
188 192 0.351562
189 192 0.78125
189 193 0.234375
190 193 0.820312
190 194 0.703125
190 195 0.78125
190 196 0.117188
191 194 0.0390625
191 196 0.117188
191 197 0.117188
191 198 0.078125
194 206 0.1875
195 205 1.0625
195 206 0.5625
196 204 1.375
196 206 0.1875
197 202 0.0625
197 203 1.3125
197 204 0.3125
197 206 0.3125
198 202 1.1875
199 202 0.375
