nresidues = 210
7 12 0.259044
8 11 2.15869
8 12 0.259044
8 115 0.552625
9 12 1.72695
9 13 0.172695
10 13 1.8133
10 14 0.172695
10 109 0.276312
11 14 1.8133
11 15 0.34539
11 41 0.138156
11 115 0.414468
12 15 1.8133
12 16 0.259044
13 16 1.89965
13 17 0.34539
13 105 0.690781
13 108 0.276312
13 109 0.276312
14 17 1.72695
14 18 0.259044
14 41 0.414468
14 69 0.276312
14 102 0.414468
14 105 0.138156
14 112 0.276312
15 18 0.34539
15 41 0.138156
15 95 0.138156
17 97 0.276312
17 101 1.24341
17 105 0.690781
18 95 0.276312
18 96 3.03944
18 97 0.138156
19 94 0.138156
19 95 2.62497
19 96 1.79603
20 93 0.276312
20 94 2.90128
20 95 0.276312
21 92 0.138156
21 93 2.62497
21 94 0.276312
22 92 2.90128
23 27 0.414468
23 29 0.967093
23 91 2.76312
23 92 0.414468
23 94 0.276312
24 27 0.690781
24 88 0.138156
24 90 2.34865
24 91 0.138156
25 88 2.76312
25 89 0.138156
25 90 0.552625
26 87 0.276312
26 88 0.138156
27 87 2.90128
27 88 0.414468
28 31 0.828937
28 86 2.90128
29 40 0.138156
29 47 0.138156
29 86 2.76312
29 94 0.138156
30 34 0.552625
30 40 0.414468
30 70 0.138156
30 82 0.414468
30 84 0.138156
30 85 3.03944
30 86 0.552625
31 34 1.79603
31 82 0.276312
31 84 2.34865
31 85 0.828937
32 51 0.138156
32 82 2.76312
32 83 0.828937
32 84 0.967093
32 85 1.51972
33 81 0.967093
33 82 0.138156
34 81 3.03944
34 82 0.414468
35 79 0.138156
35 80 2.76312
35 81 0.414468
36 80 0.276312
36 82 0.967093
36 99 0.690781
37 82 0.138156
37 98 2.62497
37 99 2.2105
38 71 0.138156
38 82 0.828937
38 96 0.967093
38 97 2.76312
38 99 1.38156
39 69 0.138156
39 70 2.90128
39 71 0.138156
39 72 0.276312
39 96 2.90128
39 97 0.690781
39 99 0.276312
39 102 0.828937
40 69 3.03944
40 70 1.10525
40 82 0.138156
40 94 0.276312
40 95 3.03944
40 96 1.24341
41 67 0.828937
41 68 2.62497
41 69 0.414468
41 94 2.76312
41 95 0.414468
42 45 0.138156
42 47 0.138156
42 64 0.414468
42 65 1.10525
42 66 3.03944
42 67 0.138156
42 68 0.414468
42 70 0.414468
42 93 2.62497
43 66 0.690781
43 93 3.17759
44 92 2.90128
44 93 0.414468
45 65 2.62497
45 90 0.414468
45 91 0.138156
45 92 0.414468
46 64 2.76312
46 65 0.138156
46 88 2.76312
46 89 3.03944
46 90 0.414468
46 92 0.276312
47 63 2.90128
47 64 0.552625
47 86 0.276312
47 87 2.90128
47 88 0.138156
47 92 0.138156
48 62 2.76312
48 63 0.414468
48 85 0.138156
48 86 2.62497
48 87 0.414468
49 60 2.90128
49 61 2.62497
49 62 0.552625
49 64 0.138156
49 84 0.138156
49 85 2.76312
50 59 2.76312
50 84 2.76312
50 85 0.828937
50 87 0.276312
51 58 2.62497
51 59 0.414468
51 61 0.276312
51 84 0.138156
51 85 0.138156
52 57 2.76312
52 58 0.276312
52 85 0.276312
53 56 0.690781
53 57 0.828937
57 177 0.414468
57 178 0.414468
58 87 0.828937
58 173 0.138156
58 174 0.414468
58 177 0.138156
59 134 0.138156
59 174 3.03944
59 175 0.276312
59 176 0.552625
59 177 0.276312
60 63 0.414468
60 174 0.828937
61 130 0.138156
63 89 0.276312
63 171 0.276312
64 68 0.828937
64 123 0.414468
65 68 0.828937
67 119 0.276312
68 119 1.24341
68 123 0.552625
69 72 0.138156
69 116 0.690781
69 119 0.690781
69 123 0.552625
70 86 0.138156
71 82 0.414468
71 99 0.552625
72 75 0.276312
72 76 0.138156
72 116 0.276312
72 120 0.414468
72 123 0.414468
73 80 0.138156
73 83 0.138156
73 99 0.138156
74 77 0.276312
74 80 0.414468
74 99 1.38156
75 99 0.967093
75 102 0.276312
75 103 0.414468
75 116 0.138156
76 80 0.138156
76 103 0.138156
76 120 0.276312
77 80 0.828937
82 99 0.138156
87 174 0.138156
89 171 0.138156
97 101 0.518086
97 105 0.138156
98 101 1.89965
98 102 0.172695
99 102 1.72695
99 103 0.34539
100 103 1.64061
100 104 0.172695
101 104 1.72695
101 105 0.172695
102 105 1.72695
102 106 0.604434
102 112 0.276312
102 116 0.138156
103 106 1.72695
103 107 0.172695
104 107 1.72695
104 108 0.0863476
105 108 1.72695
105 109 0.259044
106 109 1.8133
106 110 0.259044
106 112 0.138156
109 112 0.172695
110 113 1.72695
111 114 1.72695
111 115 0.34539
112 115 1.55426
112 116 0.0863476
113 116 1.72695
113 117 0.518086
114 117 1.72695
114 118 0.172695
115 118 1.64061
115 119 0.0863476
116 119 1.72695
116 120 0.172695
117 120 1.8133
117 121 0.172695
118 121 1.72695
118 122 0.0863476
119 122 1.72695
119 123 0.604434
120 123 1.72695
120 124 0.172695
121 124 1.72695
121 125 0.34539
122 125 2.15869
122 126 0.518086
123 126 1.72695
123 127 0.34539
124 127 1.55426
124 128 0.34539
125 128 1.72695
125 129 0.0863476
126 129 1.72695
126 130 0.0863476
127 130 1.72695
127 131 0.172695
128 131 1.72695
129 132 1.64061
129 133 0.34539
130 133 1.72695
130 134 0.34539
131 134 1.72695
131 135 0.172695
132 135 1.72695
132 136 0.604434
133 136 1.55426
133 137 0.34539
134 137 0.0863476
134 142 1.10525
137 141 0.172695
137 142 0.518086
137 145 0.138156
138 141 1.72695
138 142 0.431737
139 142 1.72695
139 143 0.259044
139 182 0.138156
139 186 0.276312
140 143 1.72695
140 144 0.172695
140 189 0.276312
141 144 1.8133
141 145 0.172695
142 145 1.55426
142 146 0.34539
142 176 0.276312
143 146 1.72695
143 147 0.34539
143 186 0.414468
144 147 1.72695
144 148 0.34539
145 148 1.89965
145 149 0.777127
146 149 1.72695
146 150 0.431737
146 175 0.276312
146 176 0.138156
147 150 1.72695
147 151 0.172695
147 187 0.138156
148 151 1.8133
148 152 0.172695
148 205 0.138156
149 152 1.72695
149 153 0.0863476
150 153 0.604434
150 156 0.138156
150 165 0.690781
150 167 0.138156
151 156 0.414468
151 163 0.552625
151 165 0.138156
152 163 0.138156
153 156 0.276312
156 163 0.552625
156 164 2.48681
157 163 3.4539
157 164 0.967093
157 166 0.138156
158 162 2.62497
158 163 0.276312
159 162 0.967093
159 164 0.138156
159 204 0.552625
161 206 2.90128
162 205 2.62497
163 203 0.138156
163 204 2.76312
163 205 0.414468
164 202 0.552625
164 203 2.76312
165 201 0.138156
165 202 2.62497
165 203 0.690781
166 201 2.76312
167 171 0.690781
167 172 0.34539
167 175 0.138156
167 201 0.414468
168 171 1.89965
168 172 0.34539
168 201 0.690781
169 172 1.8133
169 173 0.0863476
169 180 0.276312
169 183 0.690781
169 184 0.276312
170 173 1.64061
170 174 0.431737
170 180 0.138156
171 174 1.8133
171 175 0.34539
172 175 1.72695
172 176 0.259044
172 183 0.552625
172 203 0.138156
173 176 1.8133
173 177 1.72695
173 178 0.259044
173 183 0.138156
178 182 0.0863476
178 183 0.0863476
179 182 1.986
179 183 0.172695
180 183 1.72695
180 184 0.0863476
181 184 1.64061
181 185 0.34539
182 185 2.07234
182 186 0.431737
183 186 1.64061
183 187 0.518086
184 187 1.55426
184 188 0.172695
185 188 1.72695
185 189 0.172695
186 189 1.72695
186 190 0.34539
187 190 1.72695
187 191 0.172695
187 196 0.276312
188 191 1.72695
188 192 0.777127
189 192 1.72695
189 193 0.518086
190 193 1.8133
190 194 1.55426
190 195 1.72695
190 196 0.259044
191 194 0.0863476
191 196 0.259044
191 197 0.259044
191 198 0.172695
194 206 0.414468
195 205 2.34865
195 206 1.24341
196 204 3.03944
196 206 0.414468
197 202 0.138156
197 203 2.90128
197 204 0.690781
197 206 0.690781
198 202 2.62497
199 202 0.828937
