nresidues = 720
0 31 0.171233
0 32 2.0548
0 82 0.171233
0 250 0.684932
0 579 0.342466
1 31 0.342466
1 32 0.342466
2 31 0.684932
2 579 0.513699
2 580 0.342466
2 642 0.684932
3 30 3.08219
3 31 3.76713
3 32 0.513699
3 579 0.171233
3 580 3.42466
3 639 0.171233
4 32 3.42466
4 82 0.171233
4 435 0.342466
4 580 0.342466
4 581 4.45206
4 582 0.513699
5 25 0.342466
5 30 0.513699
5 33 3.42466
5 34 0.856165
5 582 3.25343
5 584 1.0274
5 587 1.0274
5 604 0.171233
6 34 4.79452
6 35 0.171233
6 36 0.684932
6 49 0.342466
6 84 0.684932
6 441 1.19863
6 582 0.342466
6 583 3.25343
6 584 0.513699
7 18 0.171233
7 25 0.171233
7 34 0.171233
7 35 3.08219
7 36 0.342466
7 584 0.684932
8 13 0.171233
8 36 0.513699
8 441 0.684932
8 583 0.513699
8 584 1.0274
8 599 0.171233
9 13 3.76713
9 15 0.171233
9 18 0.171233
9 36 0.856165
9 61 0.171233
10 13 3.59589
10 14 0.342466
10 61 0.513699
11 14 0.171233
11 60 0.171233
12 17 0.321063
13 17 0.642124
13 18 0.107021
13 604 0.684932
14 17 2.46148
14 18 0.107021
14 61 3.76713
15 18 2.14041
15 19 0.321063
15 38 0.342466
15 57 0.171233
15 61 1.71233
15 62 0.342466
15 63 0.342466
15 66 0.856165
15 67 1.0274
15 70 0.342466
16 19 2.14041
16 20 0.428082
17 20 2.14041
17 21 0.214041
18 21 2.14041
18 22 0.107021
18 33 0.171233
18 70 0.171233
19 22 0.535102
19 69 1.19863
19 70 0.513699
21 24 3.42466
21 25 1.19863
21 604 0.513699
21 608 0.684932
22 25 0.684932
22 33 0.171233
22 73 0.171233
22 77 0.513699
22 79 0.342466
23 27 0.342466
23 77 0.171233
24 28 0.342466
24 587 0.856165
24 607 0.684932
24 608 1.36986
24 611 0.342466
24 632 0.171233
25 29 2.91096
25 30 0.684932
25 33 0.342466
25 604 0.342466
27 611 0.171233
27 636 0.342466
28 587 0.342466
28 636 0.342466
28 639 0.342466
29 639 0.171233
29 643 0.171233
30 79 0.171233
31 79 3.42466
31 80 0.171233
32 80 3.59589
32 82 0.171233
33 81 3.25343
33 82 0.513699
34 82 3.25343
34 225 1.36986
34 271 0.171233
34 581 0.342466
35 81 0.171233
35 83 3.42466
35 84 0.342466
36 83 0.342466
36 84 0.171233
37 47 0.171233
37 48 0.342466
37 49 0.856165
37 83 0.342466
37 84 1.19863
37 86 0.171233
38 57 3.59589
38 58 0.342466
38 67 0.513699
38 83 1.0274
38 216 0.171233
39 53 3.08219
39 54 0.171233
39 56 3.76713
39 57 0.342466
39 58 0.171233
40 51 3.59589
40 52 3.76713
40 53 0.342466
40 56 1.0274
40 58 0.513699
40 59 0.171233
41 48 0.171233
41 50 3.59589
41 52 0.856165
41 58 0.171233
42 45 0.342466
42 50 0.513699
42 93 0.171233
43 60 1.19863
43 95 0.342466
44 60 0.171233
45 48 0.171233
45 50 0.684932
47 50 0.513699
47 599 0.171233
48 51 0.171233
49 84 0.856165
49 86 0.171233
49 89 0.342466
49 225 0.171233
49 227 0.856165
49 441 0.856165
50 91 0.513699
51 90 3.76713
51 91 0.342466
52 90 0.513699
52 95 0.171233
52 96 0.513699
53 56 1.19863
53 90 0.171233
53 97 0.856165
53 98 1.0274
54 90 0.856165
54 114 1.0274
54 212 1.5411
55 98 0.171233
57 63 0.321063
57 64 0.321063
57 219 0.171233
58 61 2.24743
58 62 1.81935
58 63 0.107021
59 62 2.14041
59 63 0.107021
62 65 1.81935
62 66 0.321063
63 66 2.14041
63 67 0.214041
64 67 2.14041
64 68 1.07021
65 68 1.92637
65 69 0.107021
66 69 2.99658
66 70 0.214041
67 70 2.14041
67 71 0.428082
67 83 1.0274
67 219 0.342466
67 221 0.171233
68 71 2.14041
68 72 0.321063
68 218 0.171233
68 219 0.684932
69 72 2.03339
69 73 0.428082
70 73 2.14041
70 74 0.214041
71 74 1.92637
71 75 0.856165
71 220 0.171233
71 221 0.171233
72 75 2.14041
72 76 0.321063
72 220 0.171233
73 76 2.14041
73 77 0.214041
74 77 2.14041
74 78 2.14041
74 79 2.46148
75 78 0.107021
75 79 0.214041
75 220 0.684932
75 222 0.856165
80 222 1.0274
81 221 3.42466
81 222 3.76713
81 223 0.171233
82 223 3.42466
83 224 3.76713
83 225 0.171233
84 225 5.47946
84 227 0.171233
85 216 0.171233
85 225 0.342466
85 226 3.42466
85 227 0.342466
85 238 0.171233
86 89 0.171233
86 227 0.171233
87 201 0.171233
87 213 0.171233
87 226 0.171233
87 227 0.171233
87 238 0.856165
88 190 0.513699
88 200 3.42466
88 201 0.684932
88 228 0.171233
88 231 0.684932
88 232 0.342466
89 192 0.856165
89 198 0.171233
89 199 3.59589
89 201 0.171233
90 96 0.342466
90 115 0.171233
90 198 3.59589
90 199 0.513699
91 96 0.513699
91 197 3.42466
91 198 0.171233
92 99 0.171233
92 158 0.342466
92 189 0.171233
92 196 0.171233
92 197 1.36986
93 96 0.513699
93 100 0.171233
94 100 0.342466
94 158 0.684932
94 159 0.684932
96 99 2.46148
96 100 0.321063
97 100 2.14041
97 101 0.214041
97 111 0.513699
98 101 2.03339
98 102 0.107021
98 111 1.71233
98 114 1.0274
98 211 1.0274
99 102 2.14041
99 103 0.214041
99 115 0.171233
100 103 0.428082
100 161 0.342466
101 104 0.321063
101 110 1.5411
102 109 0.684932
102 110 0.513699
102 111 0.684932
102 117 0.171233
102 124 0.171233
103 126 0.171233
103 177 0.171233
103 178 0.684932
104 177 0.513699
109 112 0.171233
109 177 0.513699
111 114 3.93836
111 115 0.342466
111 211 1.19863
112 115 0.171233
112 117 0.684932
113 202 0.684932
113 207 0.342466
113 208 0.171233
114 201 3.59589
114 208 0.171233
114 211 0.684932
114 212 0.342466
115 199 0.684932
115 200 3.76713
115 202 0.856165
116 189 3.42466
116 190 1.19863
116 200 0.171233
116 202 0.684932
116 378 0.513699
117 188 3.76713
117 189 0.171233
117 199 0.342466
118 121 0.684932
118 187 0.342466
118 188 1.88356
118 189 0.856165
118 326 1.5411
118 382 0.342466
120 326 1.5411
121 125 0.856165
121 188 0.856165
123 173 0.171233
123 174 0.171233
123 176 0.171233
123 177 3.42466
123 178 0.513699
123 188 0.171233
124 177 0.171233
124 178 3.59589
124 179 0.856165
124 188 0.856165
125 179 3.76713
125 181 0.342466
125 186 0.856165
125 187 3.76713
125 188 1.36986
125 189 0.171233
125 322 0.513699
126 179 0.513699
126 180 3.25343
126 181 0.171233
127 181 3.25343
127 182 0.342466
127 183 0.513699
127 185 0.342466
127 187 0.513699
127 196 0.684932
128 155 0.171233
128 158 0.513699
128 181 2.91096
129 132 0.171233
129 133 0.171233
129 155 0.513699
129 180 0.342466
129 181 0.856165
129 182 3.76713
129 183 0.513699
130 155 0.171233
130 183 0.684932
131 135 0.321063
131 136 0.321063
131 139 1.0274
131 182 0.684932
132 135 2.03339
132 181 0.342466
132 185 0.171233
133 136 2.14041
133 137 0.535102
133 142 0.171233
134 137 2.14041
134 138 0.214041
134 170 0.513699
135 138 2.14041
135 139 0.535102
136 139 2.03339
136 140 2.03339
136 141 2.24743
136 142 0.107021
136 155 0.342466
137 140 0.107021
137 142 0.107021
137 169 0.342466
137 170 0.171233
137 173 0.171233
140 143 0.171233
141 154 0.171233
141 155 0.171233
142 153 0.171233
142 154 3.42466
143 152 0.171233
143 153 3.59589
143 154 0.684932
144 152 3.42466
144 153 0.171233
144 162 0.171233
144 172 0.171233
145 151 3.42466
145 152 1.19863
145 154 0.684932
146 150 2.91096
146 151 0.856165
147 150 0.684932
147 152 0.171233
149 152 0.513699
151 161 2.91096
151 162 0.684932
151 165 0.684932
152 159 0.684932
152 160 3.59589
152 162 0.342466
153 158 3.08219
153 159 3.25343
153 160 0.513699
153 162 0.342466
153 173 0.171233
153 178 0.171233
154 158 3.59589
155 158 0.856165
160 178 0.171233
160 180 0.171233
161 178 0.684932
162 176 1.19863
162 178 0.171233
163 175 0.342466
163 176 0.856165
164 172 0.171233
164 175 0.856165
164 176 0.171233
165 172 0.513699
166 171 0.513699
166 172 0.513699
168 171 2.14041
168 172 0.428082
169 172 2.24743
169 173 0.535102
170 173 2.14041
170 174 0.107021
171 174 1.81935
171 175 0.428082
172 175 2.03339
172 176 0.428082
173 176 0.214041
181 185 1.0274
182 185 0.684932
183 196 0.684932
184 524 0.171233
186 322 0.513699
187 191 0.684932
189 196 0.684932
189 199 1.0274
190 199 3.25343
190 200 0.684932
190 201 0.171233
190 231 0.171233
190 381 0.684932
190 382 0.684932
191 194 0.513699
191 195 0.856165
191 196 0.684932
191 198 3.42466
191 319 0.171233
191 323 0.856165
192 195 0.684932
192 198 0.513699
192 228 0.684932
193 228 0.171233
193 320 0.342466
193 385 0.513699
193 388 0.342466
194 319 0.171233
194 524 0.171233
195 198 0.171233
201 208 0.171233
202 208 0.684932
203 209 0.171233
203 232 0.342466
203 238 0.342466
204 233 1.19863
204 237 0.342466
206 209 2.14041
206 210 0.321063
206 237 0.342466
207 210 1.92637
207 211 0.107021
208 211 1.92637
208 212 0.428082
209 212 2.35445
209 213 0.856165
209 238 0.171233
209 241 0.856165
209 245 0.171233
210 213 1.92637
210 214 0.214041
210 245 0.171233
211 214 0.321063
213 217 0.684932
213 238 1.0274
213 242 0.171233
214 218 0.171233
216 219 0.171233
216 224 0.171233
217 224 0.342466
217 245 0.171233
217 246 0.171233
221 224 0.513699
222 248 2.91096
223 250 3.42466
224 246 0.684932
224 250 0.342466
224 251 3.25343
224 252 0.513699
225 252 3.59589
225 254 0.856165
225 271 0.342466
225 441 0.171233
226 229 0.171233
226 238 0.171233
226 242 0.171233
226 252 0.342466
226 253 3.42466
226 254 0.342466
227 254 0.342466
228 231 0.513699
228 232 0.171233
228 254 3.08219
229 232 0.684932
229 235 0.171233
229 253 0.171233
229 254 0.171233
229 255 0.342466
229 265 0.171233
230 255 1.19863
230 348 0.171233
230 349 1.88356
230 351 0.856165
230 384 0.171233
231 381 0.684932
232 235 0.342466
232 238 0.684932
232 349 0.684932
232 381 0.684932
233 374 0.856165
233 377 0.684932
233 381 1.19863
234 237 2.56849
234 238 0.214041
235 238 2.14041
235 239 0.214041
235 265 0.171233
235 349 0.171233
236 239 2.14041
236 240 0.428082
236 266 0.513699
237 240 2.24743
237 241 1.07021
238 241 2.14041
238 242 0.642124
239 242 2.14041
239 243 0.321063
239 266 1.36986
240 243 2.14041
240 244 0.214041
240 266 0.513699
241 244 2.24743
241 245 0.107021
242 245 2.24743
242 246 0.321063
243 246 2.03339
243 247 0.963184
243 248 0.214041
243 251 0.856165
243 268 0.513699
244 247 0.107021
250 268 0.684932
250 433 0.513699
251 267 3.42466
251 268 3.76713
252 267 0.171233
252 269 3.42466
252 433 0.171233
252 435 0.342466
253 267 0.513699
253 269 0.342466
253 270 3.59589
254 271 0.171233
254 442 0.171233
255 351 0.513699
256 273 0.342466
256 348 1.0274
256 408 0.171233
256 409 0.171233
257 261 1.0274
257 262 0.342466
257 263 0.171233
258 261 0.856165
259 277 0.171233
259 278 0.684932
259 281 0.342466
259 411 0.342466
259 414 0.513699
261 347 0.342466
265 351 0.171233
268 433 3.42466
269 433 0.171233
269 434 0.856165
270 274 0.171233
270 434 3.42466
270 435 0.856165
271 435 3.25343
271 437 0.171233
272 275 2.14041
272 276 0.214041
272 435 0.342466
272 436 2.91096
272 437 0.342466
273 276 2.24743
273 277 0.428082
273 408 0.342466
273 440 0.684932
273 442 0.171233
273 443 0.171233
274 277 1.81935
274 278 0.428082
274 425 0.513699
274 429 0.684932
275 278 2.14041
275 279 0.642124
275 425 0.171233
275 429 0.342466
275 436 2.22603
275 437 3.08219
275 438 0.171233
275 572 0.171233
275 573 0.513699
275 576 0.171233
276 279 2.03339
276 280 0.214041
276 437 0.513699
276 443 0.171233
276 450 0.342466
277 280 2.03339
277 281 0.321063
277 407 0.171233
277 408 0.513699
277 409 1.71233
277 410 0.856165
278 281 2.03339
278 282 0.107021
278 417 0.171233
278 425 2.0548
279 282 0.535102
279 283 0.214041
279 569 0.171233
279 572 0.171233
280 283 0.214041
280 284 0.107021
280 404 0.342466
280 405 0.171233
280 451 0.171233
281 284 0.214041
281 414 0.171233
281 415 0.342466
281 416 4.10959
281 417 0.342466
282 417 0.513699
282 418 0.171233
282 422 0.513699
282 572 0.171233
282 678 0.513699
283 451 0.684932
283 454 0.342466
283 565 0.856165
283 569 0.171233
283 678 0.513699
284 402 0.342466
284 405 0.342466
284 415 1.0274
284 416 0.513699
284 454 0.171233
284 457 0.684932
285 415 0.856165
285 457 0.856165
285 458 0.342466
285 661 0.171233
285 678 1.0274
285 679 1.0274
286 289 2.46148
286 290 0.321063
286 415 0.171233
286 457 0.513699
287 290 2.14041
287 291 0.749146
287 415 1.71233
288 291 2.14041
288 292 0.214041
289 292 2.03339
289 293 0.321063
289 460 0.171233
289 461 0.171233
290 293 1.92637
290 294 0.214041
290 415 0.171233
290 457 0.171233
290 460 0.171233
291 294 2.14041
291 295 0.535102
291 399 0.171233
291 401 1.0274
292 295 2.14041
292 296 0.535102
293 296 2.03339
293 297 0.214041
293 460 0.342466
293 464 0.171233
293 484 0.171233
294 297 2.14041
294 298 0.856165
294 398 0.171233
294 399 0.856165
294 400 1.5411
294 401 0.171233
294 481 0.684932
294 484 0.513699
295 298 1.92637
295 299 2.14041
295 301 0.513699
296 299 0.214041
297 467 0.513699
297 480 1.19863
297 483 0.342466
297 484 0.342466
298 480 1.5411
298 481 0.342466
299 480 0.171233
302 307 0.342466
302 399 0.171233
303 306 2.91096
303 307 0.684932
304 307 3.42466
304 308 0.856165
304 395 0.171233
304 399 0.856165
304 413 0.171233
305 308 0.513699
305 413 0.171233
306 310 0.513699
307 311 0.684932
307 395 0.171233
308 312 0.856165
308 395 0.684932
310 313 2.14041
310 314 0.535102
311 314 2.14041
311 315 0.321063
311 390 0.171233
311 394 0.171233
311 395 0.513699
311 398 0.342466
312 315 2.14041
312 316 0.428082
312 343 1.19863
312 345 0.171233
312 387 0.342466
312 390 0.342466
313 316 2.03339
313 317 0.428082
313 339 0.171233
313 343 0.342466
314 317 2.14041
314 318 0.642124
315 318 1.81935
315 319 2.14041
315 320 0.214041
315 390 0.342466
316 319 1.92637
316 320 2.14041
316 321 0.214041
316 324 0.171233
316 335 0.342466
316 339 0.513699
316 342 0.171233
316 343 0.171233
316 386 0.171233
317 321 0.107021
317 335 0.856165
317 339 0.684932
320 323 3.59589
320 324 0.513699
320 385 0.171233
321 324 0.513699
321 335 0.342466
322 326 1.19863
323 327 0.342466
323 382 0.342466
324 328 0.342466
324 335 0.513699
324 338 0.342466
326 329 2.14041
326 330 0.535102
327 330 2.24743
327 331 0.428082
327 338 0.171233
327 375 0.171233
327 379 0.171233
327 382 0.342466
328 331 2.24743
328 332 2.03339
328 333 0.749146
328 338 0.342466
329 332 0.107021
330 372 0.684932
330 375 0.342466
331 368 0.342466
331 372 0.684932
331 375 0.342466
333 368 0.171233
334 337 2.24743
334 338 0.107021
335 338 2.24743
335 339 0.321063
336 339 2.14041
336 340 0.535102
337 340 1.81935
337 341 0.107021
337 364 0.171233
338 341 2.14041
338 342 0.428082
338 379 0.171233
339 342 2.14041
339 343 0.428082
340 343 2.14041
340 344 0.214041
341 344 2.14041
341 345 0.214041
341 355 0.856165
341 356 0.171233
341 359 0.684932
341 365 0.684932
341 376 0.684932
342 345 0.107021
342 383 0.171233
344 359 1.5411
345 356 0.342466
345 359 0.171233
346 387 0.342466
347 387 0.684932
348 383 3.59589
348 384 0.513699
348 387 1.88356
348 392 0.856165
349 380 1.5411
349 383 0.684932
349 384 0.171233
350 354 0.513699
350 356 0.171233
350 376 0.684932
350 380 2.0548
350 383 0.342466
351 354 0.856165
351 380 0.684932
352 380 0.171233
353 369 0.171233
353 373 0.856165
353 376 1.0274
353 377 0.856165
353 380 0.171233
354 376 0.171233
355 360 0.171233
355 366 0.513699
355 369 0.171233
355 376 0.684932
356 359 3.42466
356 360 0.171233
357 360 3.25343
357 361 3.08219
357 366 0.342466
360 363 0.963184
360 364 0.428082
360 365 1.07021
360 366 0.535102
361 364 0.214041
361 366 0.107021
362 366 0.214041
363 366 2.03339
363 367 0.428082
364 367 2.14041
364 368 0.214041
365 368 2.03339
365 369 0.428082
366 369 2.14041
366 370 0.321063
367 370 2.24743
367 371 1.39127
368 371 2.24743
368 372 0.428082
369 372 2.14041
369 373 0.321063
369 376 0.684932
370 373 0.107021
372 375 1.92637
373 376 2.14041
373 377 0.214041
374 377 2.14041
374 378 0.321063
375 378 2.14041
375 379 0.214041
376 379 2.24743
376 380 0.535102
376 383 0.342466
377 380 2.03339
377 381 0.107021
378 381 2.67551
378 382 0.214041
379 382 2.14041
379 383 0.107021
380 383 0.321063
380 384 0.107021
381 384 0.321063
382 385 2.03339
382 386 0.107021
383 386 2.03339
383 387 0.107021
384 387 2.14041
384 388 0.214041
386 390 0.342466
387 391 0.856165
388 392 3.93836
388 393 0.171233
390 393 1.81935
390 394 2.46148
390 395 0.214041
391 394 1.81935
391 395 2.14041
391 396 0.749146
391 410 1.19863
391 411 0.513699
391 412 0.513699
392 396 0.642124
392 397 0.107021
392 408 0.171233
392 444 0.342466
393 397 0.321063
393 444 0.171233
393 517 1.36986
394 397 2.14041
394 398 0.428082
394 517 0.342466
394 518 0.171233
395 398 2.03339
395 399 0.107021
395 412 0.342466
396 406 0.856165
396 407 0.342466
396 485 0.171233
397 400 0.171233
397 485 0.171233
397 512 1.19863
397 517 0.342466
397 518 0.171233
398 481 0.513699
398 518 1.0274
398 519 0.342466
399 406 0.684932
400 403 0.171233
400 481 0.856165
400 484 0.342466
400 485 1.19863
400 488 0.342466
401 412 0.171233
401 415 0.684932
401 488 0.171233
402 405 0.684932
402 406 0.342466
402 415 0.171233
402 453 0.342466
402 488 0.513699
403 406 1.19863
403 445 0.342466
403 453 0.342466
403 488 1.19863
403 489 0.171233
404 450 0.856165
404 453 0.684932
405 410 0.513699
405 412 0.171233
405 415 0.342466
406 410 0.342466
406 412 0.171233
406 444 0.342466
407 410 1.19863
407 443 2.0548
407 444 1.0274
407 445 0.171233
407 450 1.0274
408 442 0.171233
411 414 2.0548
415 457 0.171233
417 421 0.214041
418 421 2.03339
419 422 2.14041
419 423 1.17723
419 663 0.171233
420 423 2.14041
420 424 0.214041
421 424 1.92637
421 425 0.214041
422 425 2.24743
422 426 0.642124
422 572 0.342466
422 576 0.171233
423 426 2.14041
423 427 0.214041
423 654 1.36986
423 656 1.0274
423 657 0.171233
423 665 0.342466
424 427 2.14041
424 428 0.107021
425 428 2.03339
425 429 0.321063
426 429 2.24743
426 576 1.0274
426 577 0.684932
426 654 1.36986
427 430 0.107021
427 654 1.19863
429 432 0.513699
429 434 0.513699
429 435 0.513699
429 436 0.684932
429 577 0.342466
430 650 2.91096
430 651 0.684932
430 652 1.19863
430 653 0.342466
431 650 0.171233
431 651 0.684932
432 650 0.171233
433 579 0.342466
434 578 3.42466
434 579 0.684932
435 579 4.10959
436 573 1.0274
436 577 0.513699
436 578 0.856165
436 579 0.513699
436 580 3.25343
436 581 0.513699
438 446 2.91096
438 447 1.19863
438 450 0.684932
438 573 0.684932
439 443 0.171233
439 446 0.513699
439 447 1.0274
439 583 0.342466
440 443 1.0274
440 583 0.513699
440 598 0.171233
441 583 0.856165
441 598 0.856165
441 599 1.19863
442 599 0.171233
443 450 0.513699
443 598 0.171233
444 593 3.42466
444 594 1.0274
445 449 0.428082
445 450 0.428082
445 592 3.25343
445 593 0.342466
446 449 2.35445
446 450 0.428082
446 590 0.513699
446 591 0.684932
446 592 0.513699
447 450 2.24743
447 451 0.321063
447 586 0.171233
447 631 0.513699
448 451 1.81935
448 452 0.214041
448 566 0.684932
448 588 0.171233
448 589 0.856165
448 590 0.342466
448 591 0.513699
448 631 0.856165
449 452 2.14041
449 453 0.535102
449 492 0.342466
449 591 0.684932
449 592 0.171233
450 453 2.14041
450 454 0.321063
451 454 2.35445
451 455 0.107021
451 562 0.342466
451 565 0.171233
451 566 0.513699
452 455 0.321063
452 491 0.513699
452 492 0.342466
452 493 0.171233
452 494 0.342466
452 555 0.684932
452 558 0.342466
452 559 0.171233
452 591 0.171233
453 456 0.535102
453 488 0.513699
453 492 0.171233
454 457 0.428082
454 565 1.0274
455 458 2.24743
455 459 0.321063
455 558 0.171233
455 561 0.684932
455 562 0.171233
455 565 0.171233
456 459 2.14041
456 460 0.107021
456 463 0.856165
457 460 0.214041
458 565 0.684932
458 678 0.171233
458 679 1.36986
458 680 0.684932
458 681 0.856165
459 462 1.92637
459 463 0.214041
459 558 0.171233
459 561 0.342466
459 681 0.171233
460 463 2.14041
460 464 0.214041
461 464 2.03339
461 465 0.642124
462 465 0.321063
462 554 0.684932
463 467 1.36986
463 470 0.171233
463 484 1.0274
463 487 0.171233
463 488 0.342466
464 468 0.856165
465 469 0.342466
467 470 2.14041
467 471 0.214041
468 471 2.14041
468 472 0.321063
469 472 2.14041
469 473 0.321063
469 550 0.684932
470 473 2.14041
470 474 0.535102
470 487 1.19863
470 547 0.342466
470 550 0.513699
470 551 0.342466
470 554 0.171233
471 474 2.35445
471 475 0.107021
471 476 0.107021
471 483 1.19863
471 487 0.171233
473 544 0.513699
474 540 0.513699
474 541 0.513699
474 544 0.171233
474 547 0.513699
476 483 0.684932
476 537 0.171233
477 533 1.0274
478 530 1.19863
478 533 0.513699
478 534 0.342466
478 537 0.171233
479 482 2.56849
479 483 0.214041
479 530 0.513699
480 483 2.14041
480 484 0.214041
481 484 2.14041
481 485 0.107021
482 485 2.14041
482 486 0.214041
482 515 0.342466
482 530 0.856165
483 486 2.14041
483 487 1.28425
484 487 1.92637
484 488 0.428082
485 488 2.14041
485 489 0.428082
485 509 0.171233
485 512 0.171233
486 489 2.14041
486 490 0.535102
486 505 0.171233
486 510 0.342466
486 537 0.684932
486 538 0.171233
486 541 0.856165
486 542 0.342466
487 490 2.14041
487 491 0.321063
488 491 2.14041
488 492 0.107021
489 492 2.03339
489 493 0.428082
489 509 0.171233
490 493 1.81935
490 494 0.214041
490 502 0.171233
490 547 0.171233
490 551 0.513699
491 551 0.171233
492 591 0.171233
493 502 0.856165
493 505 0.171233
493 591 0.171233
493 593 0.171233
494 497 0.856165
494 498 0.856165
494 502 0.342466
494 551 0.856165
494 555 0.856165
494 559 0.342466
495 559 0.342466
495 563 0.171233
495 591 1.36986
495 626 0.684932
497 502 0.513699
498 541 0.171233
498 542 1.19863
498 548 0.171233
498 551 0.513699
499 502 0.856165
499 542 0.171233
500 503 0.171233
501 504 0.684932
502 505 1.19863
502 542 0.342466
503 506 0.684932
504 509 0.342466
504 591 0.171233
504 597 1.88356
505 510 0.513699
506 511 0.342466
509 512 1.19863
509 593 0.342466
509 594 0.342466
510 515 0.684932
510 534 0.171233
511 516 1.36986
512 517 3.42466
512 518 0.342466
515 518 0.342466
515 521 0.856165
516 521 0.171233
516 522 0.513699
516 523 2.22603
516 526 1.36986
516 531 1.88356
517 523 1.0274
518 521 2.91096
520 527 0.321063
520 530 0.856165
521 525 1.81935
521 526 0.428082
521 527 0.535102
521 531 0.856165
522 525 2.67551
522 526 0.321063
523 526 0.214041
526 531 0.214041
527 530 2.35445
527 531 0.321063
528 531 2.14041
528 532 0.535102
529 532 2.03339
529 533 0.214041
530 533 2.14041
530 534 0.321063
531 534 2.14041
531 535 0.321063
532 535 2.24743
532 536 0.535102
533 536 2.99658
533 537 0.107021
534 537 2.03339
534 538 0.107021
535 538 2.14041
535 539 0.214041
536 539 2.14041
536 540 0.214041
537 540 2.03339
537 541 0.321063
538 541 2.24743
538 542 0.642124
539 542 2.14041
539 543 0.535102
540 543 2.24743
540 544 0.535102
541 547 1.5411
541 548 0.171233
542 548 0.342466
544 547 2.46148
544 548 0.428082
545 548 1.92637
545 549 0.321063
546 549 1.92637
546 550 0.107021
547 550 2.14041
547 551 0.321063
548 551 2.14041
548 552 0.428082
549 552 1.81935
549 553 0.856165
550 553 2.03339
550 554 0.107021
551 554 2.14041
551 555 0.321063
552 555 1.81935
552 556 0.214041
553 556 0.107021
554 558 0.856165
555 559 2.0548
558 561 2.14041
558 562 0.107021
559 562 2.03339
559 563 0.535102
559 626 0.684932
560 563 2.14041
560 564 0.214041
560 622 0.342466
560 711 0.342466
561 564 2.14041
561 565 0.321063
561 680 0.513699
561 681 0.171233
562 565 2.14041
562 566 0.321063
563 566 2.14041
563 567 0.214041
563 589 1.88356
563 591 0.342466
563 625 0.171233
563 626 0.171233
564 567 2.03339
564 568 0.214041
564 677 0.171233
564 711 0.513699
565 568 2.14041
565 569 0.214041
565 678 0.342466
565 679 0.342466
565 680 0.171233
566 569 2.14041
566 570 0.321063
566 589 0.171233
567 570 2.14041
567 571 0.214041
567 589 0.171233
567 625 0.171233
567 634 0.342466
567 711 0.171233
567 712 0.171233
568 571 2.14041
568 572 0.214041
568 676 0.856165
568 677 0.342466
569 572 2.14041
569 573 0.214041
570 573 1.92637
570 574 0.321063
570 631 0.171233
570 634 0.342466
571 574 1.92637
571 575 0.321063
571 638 0.342466
571 676 0.342466
571 713 0.171233
572 575 1.81935
572 576 0.428082
572 666 0.171233
572 676 0.513699
573 580 0.684932
573 581 0.684932
573 582 0.684932
574 582 0.171233
574 638 0.342466
574 642 1.0274
575 638 0.342466
575 666 0.513699
575 668 0.856165
575 715 0.171233
576 642 0.171233
576 668 0.513699
578 642 0.513699
579 650 0.171233
580 642 0.342466
582 586 0.171233
582 635 0.171233
582 639 0.342466
583 586 0.856165
583 598 0.684932
584 587 0.171233
584 590 0.342466
584 602 0.171233
585 588 0.342466
585 590 0.856165
586 631 0.684932
587 607 0.171233
587 631 4.10959
587 632 0.684932
588 607 0.171233
588 628 0.171233
588 631 1.19863
589 625 0.684932
589 626 0.171233
589 627 0.342466
589 628 0.342466
589 630 0.171233
589 631 0.342466
590 600 0.342466
590 602 0.342466
592 597 0.535102
592 598 0.107021
593 597 2.56849
593 598 0.107021
594 597 0.214041
594 598 0.214041
595 598 0.214041
595 599 0.428082
596 599 0.321063
597 600 0.214041
602 607 0.107021
603 606 2.56849
603 607 0.321063
604 607 2.24743
604 608 0.642124
605 608 2.24743
605 609 0.107021
606 609 2.24743
606 610 0.321063
607 610 2.14041
607 611 0.214041
607 632 0.171233
608 611 2.14041
608 612 0.214041
609 612 2.14041
609 613 0.321063
610 613 2.14041
610 614 0.535102
610 632 0.513699
611 614 0.214041
611 632 0.684932
611 636 0.171233
614 629 0.856165
614 632 0.171233
614 633 1.36986
616 621 0.171233
616 633 1.0274
617 621 0.171233
617 633 0.684932
617 698 0.342466
618 621 0.684932
618 629 0.342466
619 622 3.25343
619 623 0.513699
620 623 3.76713
620 629 0.684932
621 624 3.25343
621 625 0.342466
621 629 0.513699
622 625 0.171233
622 630 0.171233
622 711 0.171233
622 712 0.513699
624 627 0.513699
625 628 0.171233
628 631 2.14041
628 632 0.107021
629 632 2.14041
629 633 0.214041
630 633 2.03339
630 634 0.214041
630 712 0.342466
631 634 1.92637
631 635 0.428082
632 635 2.14041
632 636 0.214041
633 636 0.321063
633 698 0.856165
634 638 0.856165
634 713 0.171233
635 639 0.856165
636 640 1.19863
638 641 2.14041
638 642 0.214041
638 715 0.171233
639 642 2.14041
639 643 0.321063
640 643 2.24743
640 644 0.107021
641 644 2.24743
641 645 0.535102
641 672 0.171233
642 645 2.24743
642 646 0.214041
642 649 1.36986
643 646 0.107021
645 648 2.24743
645 649 0.749146
645 669 0.171233
645 672 0.171233
646 649 2.14041
646 650 0.214041
647 650 2.14041
647 651 2.24743
648 651 2.03339
648 652 0.321063
648 668 0.171233
648 669 1.5411
649 668 0.856165
649 672 0.171233
652 668 0.342466
653 667 0.171233
653 668 4.28082
653 669 0.171233
653 670 0.171233
654 666 1.88356
654 667 3.42466
654 668 0.684932
655 666 3.76713
655 667 0.684932
655 670 0.171233
656 665 3.42466
657 665 0.856165
657 667 0.171233
657 673 0.171233
659 663 0.342466
659 664 0.342466
659 665 0.171233
659 686 0.171233
660 663 0.513699
660 684 0.856165
661 678 0.171233
661 679 0.171233
661 684 0.513699
662 677 3.59589
662 678 3.76713
662 679 0.171233
662 684 0.684932
663 676 3.59589
663 677 0.342466
663 684 0.856165
664 674 0.171233
664 675 3.25343
664 676 1.19863
665 674 3.25343
666 672 0.171233
666 673 3.42466
666 674 1.36986
667 670 0.171233
667 672 3.42466
668 671 3.08219
669 672 0.171233
670 718 0.342466
671 716 0.171233
671 717 3.25343
671 718 0.171233
672 715 0.171233
672 716 3.42466
673 694 0.342466
673 714 0.171233
673 715 3.42466
673 716 1.0274
674 714 3.42466
674 715 0.171233
675 709 0.171233
675 713 3.42466
675 714 0.684932
676 713 0.171233
677 680 0.684932
677 682 0.684932
677 683 0.171233
677 710 0.684932
679 682 0.342466
679 684 0.513699
683 709 3.59589
683 710 0.684932
684 708 3.42466
684 709 0.684932
685 706 0.513699
685 707 3.59589
686 706 3.59589
686 707 0.684932
687 705 4.45206
687 706 0.856165
688 694 0.342466
688 703 0.171233
688 705 0.684932
689 692 0.171233
689 694 0.171233
692 704 0.171233
693 702 0.342466
693 703 3.42466
693 718 3.25343
693 719 0.513699
694 701 0.171233
694 702 3.42466
694 703 1.0274
694 716 0.513699
694 717 3.59589
694 718 0.684932
695 701 3.25343
695 715 0.171233
695 716 3.25343
695 717 0.342466
695 719 0.342466
696 699 3.93836
696 700 0.342466
696 701 0.342466
696 714 0.856165
696 715 3.25343
696 716 0.171233
697 715 0.342466
698 713 0.171233
701 714 0.171233
703 707 0.342466
703 714 0.171233
707 714 0.684932
708 714 0.513699
