L	Ls	nvertices	F_L	F_L_constrained	rho_sum	nloops	regions
  0	  0	  0	           0	           0	           0	 0	[(0, 0)]
  1	  0	  0	           0	           0	           0	 0	[(0, 1)]
  2	  0	  0	           0	           0	           0	 0	[(0, 2)]
  3	  0	  0	           0	           0	           0	 0	[(0, 3)]
  4	  0	  0	           0	           0	           0	 0	[(0, 4)]
  5	  0	  0	           0	           0	           0	 0	[(0, 5)]
  6	  0	  0	           0	           0	           0	 0	[(0, 6)]
  7	  0	  0	           0	           0	           0	 0	[(0, 7)]
  8	  0	  0	           0	           0	           0	 0	[(0, 8)]
  9	  0	  0	           0	           0	           0	 0	[(0, 9)]
 10	  0	  0	           0	           0	           0	 0	[(0, 10)]
 11	  0	  0	           0	           0	           0	 0	[(0, 11)]
 12	  0	  0	           0	           0	           0	 0	[(0, 12)]
 13	  0	  4	   -0.815425	   -0.815425	     3.03455	 0	[(0, 13)]
 14	  0	  6	   -0.815425	    0.379569	     3.41937	 0	[(0, 14)]
 15	  0	  7	   -0.815425	    0.812512	     3.34055	 0	[(0, 15)]
 16	  0	  7	   -0.815425	    0.812512	     3.34055	 0	[(0, 16)]
 17	 12	  4	   -0.815425	     4.02263	    0.278098	 1	[(12, 17)]
 18	 12	  6	   -0.815425	     2.22706	    0.275902	 1	[(12, 18)]
 19	  0	 13	   -0.815425	     4.74512	     8.46822	 0	[(0, 19)]
 20	  0	 14	   -0.815425	     4.26126	     9.92025	 0	[(0, 20)]
 21	  0	 15	   -0.815425	     3.88926	     10.9637	 0	[(0, 21)]
 22	  0	 16	   -0.815425	     4.43739	     11.1878	 0	[(0, 22)]
 23	  0	 16	   -0.815425	     4.43739	     11.1878	 0	[(0, 23)]
 24	  0	 17	   -0.815425	     3.06603	     12.4697	 0	[(0, 24)]
 25	  0	 19	   -0.815425	     2.85932	     13.2863	 0	[(0, 25)]
 26	  0	 19	   -0.815425	     2.85932	     13.2863	 0	[(0, 26)]
 27	  0	 21	   -0.815425	     4.22474	     12.8545	 0	[(0, 27)]
 28	  0	 22	   -0.815425	     4.21667	     12.9024	 0	[(0, 28)]
 29	  0	 23	   -0.815425	     4.13181	     13.8205	 0	[(0, 29)]
 30	 12	 18	   -0.815425	     4.46501	     9.06959	 0	[(12, 30)]
 31	 12	 18	   -0.815425	     4.46501	     9.06959	 0	[(12, 31)]
 32	 12	 18	   -0.815425	     4.46501	     9.06959	 0	[(12, 32)]
 33	 12	 19	   -0.815425	     4.28513	     9.40721	 0	[(12, 33)]
 34	 12	 19	   -0.815425	     4.28513	     9.40721	 0	[(12, 34)]
 35	 12	 19	   -0.815425	     4.28513	     9.40721	 0	[(12, 35)]
 36	 12	 19	   -0.815425	     4.28513	     9.40721	 0	[(12, 36)]
 37	 12	 19	   -0.815425	     4.28513	     9.40721	 0	[(12, 37)]
 38	 12	 20	   -0.815425	     4.12137	     9.58866	 0	[(12, 38)]
 39	 12	 20	   -0.815425	     4.12137	     9.58866	 0	[(12, 39)]
 40	 12	 20	   -0.815425	     4.12137	     9.58866	 0	[(12, 40)]
 41	 12	 20	   -0.815425	     4.12137	     9.58866	 0	[(12, 41)]
 42	 12	 20	   -0.815425	     4.12137	     9.58866	 0	[(12, 42)]
 43	 12	 20	   -0.815425	     4.12137	     9.58866	 0	[(12, 43)]
 44	 12	 20	   -0.815425	     4.12137	     9.58866	 0	[(12, 44)]
 45	 12	 22	   -0.815425	     3.86246	     9.83611	 0	[(12, 45)]
 46	 12	 22	   -0.815425	     3.86246	     9.83611	 0	[(12, 46)]
 47	 12	 24	   -0.815425	     3.75452	     9.93928	 0	[(12, 47)]
 48	 12	 26	   -0.815425	     3.76021	     9.95525	 0	[(12, 48)]
 49	 12	 27	   -0.815425	     3.77172	     9.94566	 0	[(12, 49)]
 50	 12	 28	   -0.815425	     3.74522	     9.99618	 0	[(12, 50)]
 51	 12	 30	   -0.815425	      5.9194	     13.9259	 0	[(12, 51)]
 52	 12	 31	   -0.815425	     3.75181	     15.1526	 0	[(12, 52)]
 53	 12	 33	   -0.815425	     5.41351	     16.8908	 0	[(12, 53)]
 54	 12	 34	   -0.815425	     6.13562	     16.8949	 0	[(12, 54)]
 55	 12	 34	   -0.815425	     6.13562	     16.8949	 0	[(12, 55)]
 56	 38	 17	   -0.815425	     1.76003	     12.0594	 1	[(0, 13), (38, 56)]
 57	 38	 19	   -0.815425	     1.69554	     13.9169	 1	[(0, 13), (38, 57)]
 58	 38	 20	   -0.815425	     2.01004	     14.5116	 1	[(0, 13), (38, 58)]
 59	 38	 21	   -0.815425	     2.56736	     14.4495	 1	[(0, 13), (38, 59)]
 60	 38	 24	   -0.815425	     3.55918	     13.8302	 1	[(0, 13), (38, 60)]
 61	 57	  6	   -0.815425	     2.88764	      3.3615	 1	[(0, 13), (57, 61)]
 62	 57	  8	   -0.815425	     2.12578	     5.94295	 1	[(0, 13), (57, 62)]
 63	 57	 10	   -0.815425	     3.56014	     7.02489	 1	[(0, 13), (57, 63)]
 64	 57	 11	   -0.815425	     3.99401	     7.26722	 1	[(0, 13), (57, 64)]
 65	 62	  6	   -0.815425	     2.89821	     3.33705	 1	[(0, 13), (62, 65)]
 66	 62	  8	   -0.815425	     1.43288	     3.33201	 1	[(0, 13), (62, 66)]
 67	 62	 10	   -0.815425	     3.34655	     8.17212	 0	[(0, 13), (62, 67)]
 68	 62	 11	   -0.815425	     2.72922	      8.5592	 0	[(0, 13), (62, 68)]
 69	 62	 12	   -0.815425	     1.77114	     10.2536	 0	[(0, 13), (62, 69)]
 70	 62	 13	   -0.815425	      1.3525	     11.2222	 0	[(0, 13), (62, 70)]
 71	 62	 14	   -0.815425	    0.766956	     12.2009	 0	[(0, 13), (62, 71)]
 72	 62	 15	   -0.815425	    0.348215	     13.1277	 0	[(0, 13), (62, 72)]
 73	 62	 16	   -0.815425	    -0.19519	     14.1502	 0	[(0, 13), (62, 73)]
 74	 62	 17	   -0.815425	   -0.427776	     15.0505	 0	[(0, 13), (62, 74)]
 75	 62	 18	    -1.30381	    -1.30381	     16.1811	 0	[(0, 13), (62, 75)]
 76	 62	 19	    -1.79899	    -1.79899	      17.156	 0	[(0, 13), (62, 76)]
 77	 62	 20	    -2.17742	    -2.17742	     18.1263	 0	[(0, 13), (62, 77)]
 78	 62	 21	    -2.51752	    -2.51752	     19.0138	 0	[(0, 13), (62, 78)]
 79	 62	 22	    -3.18989	    -3.18989	     20.0038	 0	[(0, 13), (62, 79)]
 80	 62	 22	    -3.18989	    -3.18989	     20.0038	 0	[(0, 13), (62, 80)]
 81	 62	 22	    -3.18989	    -3.18989	     20.0038	 0	[(0, 13), (62, 81)]
 82	  0	 80	      -3.922	      -3.922	     65.1655	 4	[(0, 82)]
 83	  0	 81	    -7.86804	    -7.86804	     66.4616	 4	[(0, 83)]
 84	  0	 82	    -8.52965	    -8.52965	     68.0319	 4	[(0, 84)]
 85	  0	 82	    -8.52965	    -8.52965	     68.0319	 4	[(0, 85)]
 86	  0	 83	    -8.68927	    -8.68927	     68.2004	 4	[(0, 86)]
 87	  0	 83	    -8.68927	    -8.68927	     68.2004	 4	[(0, 87)]
 88	  0	 83	    -8.68927	    -8.68927	     68.2004	 4	[(0, 88)]
 89	  0	 84	    -8.84394	    -8.84394	     68.3796	 4	[(0, 89)]
 90	  0	 85	    -11.0759	    -11.0759	     69.7054	 4	[(0, 90)]
 91	  0	 86	    -11.0759	    -10.6472	     69.9728	 4	[(0, 91)]
 92	  0	 86	    -11.0759	    -10.6472	     69.9728	 4	[(0, 92)]
 93	  0	 87	    -11.0759	    -10.7782	     70.1009	 4	[(0, 93)]
 94	  0	 87	    -11.0759	    -10.7782	     70.1009	 4	[(0, 94)]
 95	  0	 88	    -11.0759	    -10.9308	     70.2501	 4	[(0, 95)]
 96	  0	 89	    -11.0759	    -3.89473	     70.4185	 5	[(0, 96)]
 97	  0	 90	    -11.0759	     -3.7492	     70.3909	 5	[(0, 97)]
 98	 62	 25	    -11.0759	    -3.19928	     17.7415	 0	[(62, 98)]
 99	  0	 94	    -11.0759	    -1.41006	     70.4485	 5	[(0, 99)]
100	 62	 30	    -11.0759	   -0.719664	     17.8284	 1	[(62, 100)]
101	 62	 32	    -11.0759	    -3.11747	     17.6731	 0	[(62, 101)]
102	 62	 33	    -11.0759	    0.618536	     23.1034	 0	[(62, 102)]
103	 62	 34	    -11.0759	     1.12853	     23.4812	 0	[(62, 103)]
104	 62	 35	    -11.0759	     1.39067	     23.4722	 0	[(62, 104)]
105	 62	 35	    -11.0759	     1.39067	     23.4722	 0	[(62, 105)]
106	 62	 35	    -11.0759	     1.39067	     23.4722	 0	[(62, 106)]
107	 62	 35	    -11.0759	     1.39067	     23.4722	 0	[(62, 107)]
108	 62	 35	    -11.0759	     1.39067	     23.4722	 0	[(62, 108)]
109	 62	 36	    -11.0759	     1.21539	     23.6399	 0	[(62, 109)]
110	 62	 37	    -11.0759	     1.07081	     23.8732	 0	[(62, 110)]
111	 62	 38	    -11.0759	    0.811706	      24.212	 0	[(62, 111)]
112	 62	 39	    -11.0759	     1.03106	     23.9969	 0	[(62, 112)]
113	 62	 39	    -11.0759	     1.03106	     23.9969	 0	[(62, 113)]
114	  0	105	    -11.0759	    -1.31622	     80.8323	 5	[(0, 114)]
115	  0	106	    -11.0759	   -0.995877	     81.2358	 5	[(0, 115)]
116	  0	106	    -11.0759	   -0.995877	     81.2358	 5	[(0, 116)]
117	  0	107	    -11.0759	    -1.16742	      81.443	 5	[(0, 117)]
118	  0	107	    -11.0759	    -1.16742	      81.443	 5	[(0, 118)]
119	  0	107	    -11.0759	    -1.16742	      81.443	 5	[(0, 119)]
120	  0	107	    -11.0759	    -1.16742	      81.443	 5	[(0, 120)]
121	  0	109	    -11.0759	    -1.27585	      81.543	 5	[(0, 121)]
122	  0	109	    -11.0759	    -1.27585	      81.543	 5	[(0, 122)]
123	  0	109	    -11.0759	    -1.27585	      81.543	 5	[(0, 123)]
124	  0	110	    -11.0759	    -1.42127	     81.6881	 5	[(0, 124)]
125	  0	111	    -11.0759	    -1.41686	     81.6995	 5	[(0, 125)]
126	  0	112	    -11.0759	    -1.39976	     81.6814	 5	[(0, 126)]
127	  0	112	    -11.0759	    -1.39976	     81.6814	 5	[(0, 127)]
128	  0	112	    -11.0759	    -1.39976	     81.6814	 5	[(0, 128)]
129	  0	112	    -11.0759	    -1.39976	     81.6814	 5	[(0, 129)]
130	  0	112	    -11.0759	    -1.39976	     81.6814	 5	[(0, 130)]
131	  0	112	    -11.0759	    -1.39976	     81.6814	 5	[(0, 131)]
132	  0	114	    -11.0759	    -1.65609	     81.9242	 5	[(0, 132)]
133	  0	115	    -11.0759	    -1.65315	     81.9317	 5	[(0, 133)]
134	  0	115	    -11.0759	    -1.65315	     81.9317	 5	[(0, 134)]
135	  0	117	    -11.0759	    0.572908	     82.0608	 6	[(0, 135)]
136	  0	118	    -11.0759	    0.818655	     82.0743	 6	[(0, 136)]
137	  0	120	    -11.0759	    -1.68836	     81.9697	 5	[(0, 137)]
138	  0	121	    -11.0759	     2.74459	     87.7498	 5	[(0, 138)]
139	  0	122	    -11.0759	     1.97355	     89.5637	 5	[(0, 139)]
140	  0	123	    -11.0759	     1.68349	     90.4696	 5	[(0, 140)]
141	  0	124	    -11.0759	      1.3322	     91.3484	 5	[(0, 141)]
142	  0	125	    -11.0759	     1.92195	      91.384	 5	[(0, 142)]
143	  0	126	    -11.0759	     2.18151	     91.0173	 5	[(0, 143)]
144	  0	126	    -11.0759	     2.18151	     91.0173	 5	[(0, 144)]
145	  0	126	    -11.0759	     2.18151	     91.0173	 5	[(0, 145)]
146	  0	126	    -11.0759	     2.18151	     91.0173	 5	[(0, 146)]
147	  0	126	    -11.0759	     2.18151	     91.0173	 5	[(0, 147)]
148	  0	126	    -11.0759	     2.18151	     91.0173	 5	[(0, 148)]
149	  0	126	    -11.0759	     2.18151	     91.0173	 5	[(0, 149)]
150	141	123	    -11.0759	     2.26829	     82.3005	 6	[(0, 137), (141, 150)]
151	141	125	    -11.0759	     3.60121	     85.4098	 6	[(0, 137), (141, 151)]
152	141	129	    -11.0759	     4.34966	      88.673	 6	[(0, 137), (141, 152)]
153	141	131	    -11.0759	     4.37188	     90.6718	 6	[(0, 137), (141, 153)]
154	141	133	    -11.0759	     3.42174	     92.7208	 6	[(0, 137), (141, 154)]
155	141	134	    -11.0759	     4.22149	     93.0232	 6	[(0, 137), (141, 155)]
156	141	134	    -11.0759	     4.22149	     93.0232	 6	[(0, 137), (141, 156)]
157	141	134	    -11.0759	     4.22149	     93.0232	 6	[(0, 137), (141, 157)]
158	151	124	    -11.0759	     2.09938	     85.0815	 6	[(0, 137), (151, 158)]
159	141	136	    -11.0759	     1.43608	     95.2715	 7	[(0, 137), (141, 159)]
160	141	137	    -11.0759	   -0.674109	     96.2711	 7	[(0, 137), (141, 160)]
161	141	138	    -11.0759	    -1.65925	     97.2161	 7	[(0, 137), (141, 161)]
162	141	139	    -11.0759	    -1.55941	     97.8843	 7	[(0, 137), (141, 162)]
163	141	139	    -11.0759	    -1.55941	     97.8843	 7	[(0, 137), (141, 163)]
164	141	139	    -11.0759	    -1.55941	     97.8843	 7	[(0, 137), (141, 164)]
165	141	140	    -11.0759	     -1.7971	     98.0961	 7	[(0, 137), (141, 165)]
166	141	140	    -11.0759	     -1.7971	     98.0961	 7	[(0, 137), (141, 166)]
167	141	140	    -11.0759	     -1.7971	     98.0961	 7	[(0, 137), (141, 167)]
168	141	140	    -11.0759	     -1.7971	     98.0961	 7	[(0, 137), (141, 168)]
169	141	140	    -11.0759	     -1.7971	     98.0961	 7	[(0, 137), (141, 169)]
170	141	140	    -11.0759	     -1.7971	     98.0961	 7	[(0, 137), (141, 170)]
171	131	 35	    -11.0759	     1.22084	     25.9598	 2	[(131, 171)]
172	168	124	    -11.0759	    0.559024	     82.2748	 6	[(0, 137), (168, 172)]
173	168	126	    -11.0759	     1.90871	     86.9848	 5	[(0, 137), (168, 173)]
174	168	127	    -11.0759	     1.96925	     87.4978	 5	[(0, 137), (168, 174)]
175	168	128	    -11.0759	     1.62187	     88.9612	 5	[(0, 137), (168, 175)]
176	168	129	    -11.0759	     2.14055	     89.0305	 5	[(0, 137), (168, 176)]
177	168	129	    -11.0759	     2.14055	     89.0305	 5	[(0, 137), (168, 177)]
178	168	129	    -11.0759	     2.14055	     89.0305	 5	[(0, 137), (168, 178)]
179	168	129	    -11.0759	     2.14055	     89.0305	 5	[(0, 137), (168, 179)]
180	168	129	    -11.0759	     2.14055	     89.0305	 5	[(0, 137), (168, 180)]
181	168	129	    -11.0759	     2.14055	     89.0305	 5	[(0, 137), (168, 181)]
182	168	129	    -11.0759	     2.14055	     89.0305	 5	[(0, 137), (168, 182)]
183	168	129	    -11.0759	     2.14055	     89.0305	 5	[(0, 137), (168, 183)]
184	168	129	    -11.0759	     2.14055	     89.0305	 5	[(0, 137), (168, 184)]
185	168	132	    -11.0759	      1.8754	      89.305	 5	[(0, 137), (168, 185)]
186	168	132	    -11.0759	      1.8754	      89.305	 5	[(0, 137), (168, 186)]
187	168	132	    -11.0759	      1.8754	      89.305	 5	[(0, 137), (168, 187)]
188	168	132	    -11.0759	      1.8754	      89.305	 5	[(0, 137), (168, 188)]
189	168	132	    -11.0759	      1.8754	      89.305	 5	[(0, 137), (168, 189)]
190	168	132	    -11.0759	      1.8754	      89.305	 5	[(0, 137), (168, 190)]
191	168	134	    -11.0759	     1.61104	     89.5625	 5	[(0, 137), (168, 191)]
192	168	134	    -11.0759	     1.61104	     89.5625	 5	[(0, 137), (168, 192)]
193	168	134	    -11.0759	     1.61104	     89.5625	 5	[(0, 137), (168, 193)]
194	168	135	    -11.0759	     1.47575	     89.6974	 5	[(0, 137), (168, 194)]
195	168	137	    -11.0759	     1.48593	     89.7079	 5	[(0, 137), (168, 195)]
196	168	140	    -11.0759	      1.3859	     89.7994	 5	[(0, 137), (168, 196)]
197	168	140	    -11.0759	      1.3859	     89.7994	 5	[(0, 137), (168, 197)]
198	168	141	    -11.0759	     1.20465	     90.0671	 5	[(0, 137), (168, 198)]
199	168	143	    -11.0759	     3.14783	      93.911	 5	[(0, 137), (168, 199)]
200	168	144	    -11.0759	     3.75222	     94.4374	 5	[(0, 137), (168, 200)]
201	168	145	    -11.0759	     4.19769	     94.6291	 5	[(0, 137), (168, 201)]
202	168	145	    -11.0759	     4.19769	     94.6291	 5	[(0, 137), (168, 202)]
203	168	145	    -11.0759	     4.19769	     94.6291	 5	[(0, 137), (168, 203)]
204	168	145	    -11.0759	     4.19769	     94.6291	 5	[(0, 137), (168, 204)]
205	168	145	    -11.0759	     4.19769	     94.6291	 5	[(0, 137), (168, 205)]
206	168	145	    -11.0759	     4.19769	     94.6291	 5	[(0, 137), (168, 206)]
207	168	145	    -11.0759	     4.19769	     94.6291	 5	[(0, 137), (168, 207)]
208	168	147	    -11.0759	     4.15014	     94.7321	 5	[(0, 137), (168, 208)]
209	206	142	    -11.0759	     1.90876	     98.4164	 8	[(0, 137), (141, 170), (206, 209)]
210	206	144	    -11.0759	    0.450386	     98.3951	 8	[(0, 137), (141, 170), (206, 210)]
211	206	146	    -11.0759	     2.52372	     103.284	 7	[(0, 137), (141, 170), (206, 211)]
212	206	147	    -11.0759	     1.97561	      103.69	 7	[(0, 137), (141, 170), (206, 212)]
213	206	148	    -11.0759	      1.4094	      105.07	 7	[(0, 137), (141, 170), (206, 213)]
214	206	149	    -11.0759	     2.01388	     105.311	 7	[(0, 137), (141, 170), (206, 214)]
215	206	149	    -11.0759	     2.01388	     105.311	 7	[(0, 137), (141, 170), (206, 215)]
216	206	149	    -11.0759	     2.01388	     105.311	 7	[(0, 137), (141, 170), (206, 216)]
217	206	150	    -11.0759	     1.80356	     105.563	 7	[(0, 137), (141, 170), (206, 217)]
218	206	151	    -11.0759	     1.84154	     105.528	 7	[(0, 137), (141, 170), (206, 218)]
219	206	153	    -11.0759	     1.87735	     105.466	 7	[(0, 137), (141, 170), (206, 219)]
220	206	153	    -11.0759	     1.87735	     105.466	 7	[(0, 137), (141, 170), (206, 220)]
221	206	153	    -11.0759	     1.87735	     105.466	 7	[(0, 137), (141, 170), (206, 221)]
222	206	153	    -11.0759	     1.87735	     105.466	 7	[(0, 137), (141, 170), (206, 222)]
223	206	153	    -11.0759	     1.87735	     105.466	 7	[(0, 137), (141, 170), (206, 223)]
224	206	155	    -11.0759	     1.61328	     105.724	 7	[(0, 137), (141, 170), (206, 224)]
225	206	155	    -11.0759	     1.61328	     105.724	 7	[(0, 137), (141, 170), (206, 225)]
226	206	155	    -11.0759	     1.61328	     105.724	 7	[(0, 137), (141, 170), (206, 226)]
227	206	155	    -11.0759	     1.61328	     105.724	 7	[(0, 137), (141, 170), (206, 227)]
228	206	155	    -11.0759	     1.61328	     105.724	 7	[(0, 137), (141, 170), (206, 228)]
229	206	157	    -11.0759	     1.35695	     105.967	 7	[(0, 137), (141, 170), (206, 229)]
230	206	157	    -11.0759	     1.35695	     105.967	 7	[(0, 137), (141, 170), (206, 230)]
231	206	159	    -11.0759	     1.23024	     106.099	 7	[(0, 137), (141, 170), (206, 231)]
232	206	160	    -11.0759	      1.2316	      106.11	 7	[(0, 137), (141, 170), (206, 232)]
233	206	160	    -11.0759	      1.2316	      106.11	 7	[(0, 137), (141, 170), (206, 233)]
234	206	160	    -11.0759	      1.2316	      106.11	 7	[(0, 137), (141, 170), (206, 234)]
235	206	161	    -11.0759	     1.10044	     106.238	 7	[(0, 137), (141, 170), (206, 235)]
236	206	161	    -11.0759	     1.10044	     106.238	 7	[(0, 137), (141, 170), (206, 236)]
237	234	142	    -11.0759	     1.89678	     98.4462	 8	[(0, 137), (141, 170), (234, 237)]
238	234	144	    -11.0759	    0.443308	      98.403	 8	[(0, 137), (141, 170), (234, 238)]
239	234	146	    -11.0759	     1.93382	     103.131	 7	[(0, 137), (141, 170), (234, 239)]
240	234	147	    -11.0759	     1.49559	     103.949	 7	[(0, 137), (141, 170), (234, 240)]
241	234	148	    -11.0759	    0.456907	     105.416	 7	[(0, 137), (141, 170), (234, 241)]
242	234	149	    -11.0759	   -0.307091	     106.477	 7	[(0, 137), (141, 170), (234, 242)]
243	234	150	    -11.0759	   -0.825193	     107.423	 7	[(0, 137), (141, 170), (234, 243)]
244	234	151	    -11.0759	    -1.33675	     108.361	 7	[(0, 137), (141, 170), (234, 244)]
245	234	152	    -11.0759	    -1.73912	     109.303	 7	[(0, 137), (141, 170), (234, 245)]
246	234	153	    -11.0759	     -2.1164	      110.27	 7	[(0, 137), (141, 170), (234, 246)]
247	234	154	    -11.0759	    -1.74131	     110.685	 7	[(0, 137), (141, 170), (234, 247)]
248	234	155	    -11.0759	    -1.34487	     110.283	 7	[(0, 137), (141, 170), (234, 248)]
249	234	155	    -11.0759	    -1.34487	     110.283	 7	[(0, 137), (141, 170), (234, 249)]
250	234	155	    -11.0759	    -1.34487	     110.283	 7	[(0, 137), (141, 170), (234, 250)]
251	234	156	    -11.0759	    -1.61777	     110.537	 7	[(0, 137), (141, 170), (234, 251)]
252	234	156	    -11.0759	    -1.61777	     110.537	 7	[(0, 137), (141, 170), (234, 252)]
253	234	156	    -11.0759	    -1.61777	     110.537	 7	[(0, 137), (141, 170), (234, 253)]
254	234	156	    -11.0759	    -1.61777	     110.537	 7	[(0, 137), (141, 170), (234, 254)]
255	234	156	    -11.0759	    -1.61777	     110.537	 7	[(0, 137), (141, 170), (234, 255)]
256	234	156	    -11.0759	    -1.61777	     110.537	 7	[(0, 137), (141, 170), (234, 256)]
257	234	156	    -11.0759	    -1.61777	     110.537	 7	[(0, 137), (141, 170), (234, 257)]
258	234	156	    -11.0759	    -1.61777	     110.537	 7	[(0, 137), (141, 170), (234, 258)]
259	234	156	    -11.0759	    -1.61777	     110.537	 7	[(0, 137), (141, 170), (234, 259)]
260	234	156	    -11.0759	    -1.61777	     110.537	 7	[(0, 137), (141, 170), (234, 260)]
261	234	159	    -11.0759	    -1.88453	     110.815	 7	[(0, 137), (141, 170), (234, 261)]
262	234	160	    -11.0759	    -1.87518	      110.81	 7	[(0, 137), (141, 170), (234, 262)]
263	234	161	    -11.0759	    -1.86016	     110.793	 7	[(0, 137), (141, 170), (234, 263)]
264	234	161	    -11.0759	    -1.86016	     110.793	 7	[(0, 137), (141, 170), (234, 264)]
265	234	162	    -11.0759	    -2.00631	     110.932	 7	[(0, 137), (141, 170), (234, 265)]
266	234	163	    -11.0759	    -2.48498	     111.385	 7	[(0, 137), (141, 170), (234, 266)]
267	234	166	    -11.0759	    -2.16583	     111.219	 7	[(0, 137), (141, 170), (234, 267)]
268	  0	248	    -11.0759	    -2.93553	     198.611	16	[(0, 268)]
269	  0	249	    -11.0759	     -4.7163	     199.617	16	[(0, 269)]
270	  0	250	    -11.0759	    -6.32697	     200.614	16	[(0, 270)]
271	  0	251	    -11.0759	    -5.76663	     201.055	16	[(0, 271)]
272	  0	251	    -11.0759	    -5.76663	     201.055	16	[(0, 272)]
273	  0	253	    -11.0759	    -5.22053	     200.744	16	[(0, 273)]
274	  0	254	    -11.0759	    -5.22767	     200.762	16	[(0, 274)]
275	  0	256	    -11.0759	    -4.49688	     200.393	16	[(0, 275)]
276	  0	257	    -11.0759	    -4.50841	     200.404	16	[(0, 276)]
277	272	  6	    -11.0759	     4.00854	      5.0957	 0	[(272, 277)]
278	272	  7	    -11.0759	     3.67514	     5.56758	 0	[(272, 278)]
279	272	  8	    -11.0759	     3.14628	     7.07073	 0	[(272, 279)]
280	272	  9	    -11.0759	     2.86624	     8.10219	 0	[(272, 280)]
281	272	 10	    -11.0759	     2.49351	     9.08514	 0	[(272, 281)]
282	272	 11	    -11.0759	     3.03019	      9.2757	 0	[(272, 282)]
283	272	 12	    -11.0759	     3.32124	      8.9042	 0	[(272, 283)]
284	272	 13	    -11.0759	     3.36123	     8.75392	 0	[(272, 284)]
285	272	 13	    -11.0759	     3.36123	     8.75392	 0	[(272, 285)]
286	272	 13	    -11.0759	     3.36123	     8.75392	 0	[(272, 286)]
287	272	 13	    -11.0759	     3.36123	     8.75392	 0	[(272, 287)]
288	272	 13	    -11.0759	     3.36123	     8.75392	 0	[(272, 288)]
289	286	259	    -11.0759	    -0.81132	     200.746	17	[(0, 276), (286, 289)]
290	286	261	    -11.0759	    -2.26494	     200.711	17	[(0, 276), (286, 290)]
291	286	263	    -11.0759	    -1.11657	     205.375	16	[(0, 276), (286, 291)]
292	286	264	    -11.0759	    -1.28569	     206.448	16	[(0, 276), (286, 292)]
293	286	265	    -11.0759	    -1.54431	     207.543	16	[(0, 276), (286, 293)]
294	286	266	    -11.0759	    -1.90627	     208.559	16	[(0, 276), (286, 294)]
295	286	267	    -11.0759	    -2.50652	      209.66	16	[(0, 276), (286, 295)]
296	286	268	    -11.0759	    -3.05421	     210.697	16	[(0, 276), (286, 296)]
297	286	269	    -11.0759	    -3.44414	     211.662	16	[(0, 276), (286, 297)]
298	286	270	    -11.0759	    -4.18071	     212.709	16	[(0, 276), (286, 298)]
299	286	271	    -11.0759	     -4.6235	     213.617	16	[(0, 276), (286, 299)]
300	286	271	    -11.0759	     -4.6235	     213.617	16	[(0, 276), (286, 300)]
301	286	272	    -11.0759	    -4.82726	     213.802	16	[(0, 276), (286, 301)]
302	286	272	    -11.0759	    -4.82726	     213.802	16	[(0, 276), (286, 302)]
303	286	272	    -11.0759	    -4.82726	     213.802	16	[(0, 276), (286, 303)]
304	286	272	    -11.0759	    -4.82726	     213.802	16	[(0, 276), (286, 304)]
305	286	272	    -11.0759	    -4.82726	     213.802	16	[(0, 276), (286, 305)]
306	286	274	    -11.0759	    -5.14479	     214.183	16	[(0, 276), (286, 306)]
307	286	277	    -11.0759	    -4.91231	     213.934	16	[(0, 276), (286, 307)]
308	286	279	    -11.0759	    -1.18405	     218.568	16	[(0, 276), (286, 308)]
309	286	279	    -11.0759	    -1.18405	     218.568	16	[(0, 276), (286, 309)]
310	286	280	    -11.0759	    -1.37486	     218.717	16	[(0, 276), (286, 310)]
311	286	281	    -11.0759	    -1.40139	     218.763	16	[(0, 276), (286, 311)]
312	286	282	    -11.0759	    -1.37312	      218.76	16	[(0, 276), (286, 312)]
313	286	283	    -11.0759	    -1.36453	     218.762	16	[(0, 276), (286, 313)]
314	310	281	    -11.0759	    -2.66174	     214.239	17	[(0, 276), (286, 307), (310, 314)]
315	310	283	    -11.0759	    -1.16654	     218.985	16	[(0, 276), (286, 307), (310, 315)]
316	310	284	    -11.0759	    -1.42353	     219.733	16	[(0, 276), (286, 307), (310, 316)]
317	310	285	    -11.0759	    -1.92032	     221.094	16	[(0, 276), (286, 307), (310, 317)]
318	310	286	    -11.0759	    -2.37936	     222.142	16	[(0, 276), (286, 307), (310, 318)]
319	310	287	    -11.0759	    -4.27255	     223.358	16	[(0, 276), (286, 307), (310, 319)]
320	310	288	    -11.0759	    -4.77082	     224.224	16	[(0, 276), (286, 307), (310, 320)]
321	310	289	    -11.0759	    -4.11093	     224.437	16	[(0, 276), (286, 307), (310, 321)]
322	310	289	    -11.0759	    -4.11093	     224.437	16	[(0, 276), (286, 307), (310, 322)]
323	310	290	    -11.0759	    -5.63876	     225.613	16	[(0, 276), (286, 307), (310, 323)]
324	310	291	    -11.0759	    -5.42075	     225.962	16	[(0, 276), (286, 307), (310, 324)]
325	310	291	    -11.0759	    -5.42075	     225.962	16	[(0, 276), (286, 307), (310, 325)]
326	310	293	    -11.0759	    -4.19603	     225.482	16	[(0, 276), (286, 307), (310, 326)]
327	310	294	    -11.0759	    -4.19777	     225.496	16	[(0, 276), (286, 307), (310, 327)]
328	310	295	    -11.0759	    -4.18001	     225.461	16	[(0, 276), (286, 307), (310, 328)]
329	310	296	    -11.0759	    -4.18977	     225.467	16	[(0, 276), (286, 307), (310, 329)]
330	326	295	    -11.0759	      -3.171	     226.269	17	[(0, 276), (286, 307), (310, 325), (326, 330)]
331	326	297	    -11.0759	    -1.89318	     230.957	16	[(0, 276), (286, 307), (310, 325), (326, 331)]
332	326	298	    -11.0759	    -1.97424	     231.751	16	[(0, 276), (286, 307), (310, 325), (326, 332)]
333	326	299	    -11.0759	    -1.50108	     231.781	16	[(0, 276), (286, 307), (310, 325), (326, 333)]
334	326	299	    -11.0759	    -1.50108	     231.781	16	[(0, 276), (286, 307), (310, 325), (326, 334)]
335	326	299	    -11.0759	    -1.50108	     231.781	16	[(0, 276), (286, 307), (310, 325), (326, 335)]
336	326	299	    -11.0759	    -1.50108	     231.781	16	[(0, 276), (286, 307), (310, 325), (326, 336)]
337	334	293	    -11.0759	    -1.71768	     226.289	17	[(0, 276), (286, 307), (310, 325), (334, 337)]
338	334	295	    -11.0759	      -3.181	     226.264	17	[(0, 276), (286, 307), (310, 325), (334, 338)]
339	334	297	    -11.0759	    -1.54068	     231.034	16	[(0, 276), (286, 307), (310, 325), (334, 339)]
340	334	298	    -11.0759	     -1.7374	     231.521	16	[(0, 276), (286, 307), (310, 325), (334, 340)]
341	334	299	    -11.0759	    -1.93167	     232.911	16	[(0, 276), (286, 307), (310, 325), (334, 341)]
342	334	300	    -11.0759	    -2.43216	     234.061	16	[(0, 276), (286, 307), (310, 325), (334, 342)]
343	334	301	    -11.0759	    -2.96833	     235.124	16	[(0, 276), (286, 307), (310, 325), (334, 343)]
344	334	302	    -11.0759	    -3.34668	     236.106	16	[(0, 276), (286, 307), (310, 325), (334, 344)]
345	334	303	    -11.0759	    -2.71729	     236.202	16	[(0, 276), (286, 307), (310, 325), (334, 345)]
346	334	303	    -11.0759	    -2.71729	     236.202	16	[(0, 276), (286, 307), (310, 325), (334, 346)]
347	334	303	    -11.0759	    -2.71729	     236.202	16	[(0, 276), (286, 307), (310, 325), (334, 347)]
348	334	303	    -11.0759	    -2.71729	     236.202	16	[(0, 276), (286, 307), (310, 325), (334, 348)]
349	334	303	    -11.0759	    -2.71729	     236.202	16	[(0, 276), (286, 307), (310, 325), (334, 349)]
350	334	303	    -11.0759	    -2.71729	     236.202	16	[(0, 276), (286, 307), (310, 325), (334, 350)]
351	334	303	    -11.0759	    -2.71729	     236.202	16	[(0, 276), (286, 307), (310, 325), (334, 351)]
352	334	303	    -11.0759	    -2.71729	     236.202	16	[(0, 276), (286, 307), (310, 325), (334, 352)]
353	334	303	    -11.0759	    -2.71729	     236.202	16	[(0, 276), (286, 307), (310, 325), (334, 353)]
354	334	306	    -11.0759	     -2.9793	     236.469	16	[(0, 276), (286, 307), (310, 325), (334, 354)]
355	334	307	    -11.0759	    -3.05156	     236.555	16	[(0, 276), (286, 307), (310, 325), (334, 355)]
356	334	308	    -11.0759	    -3.01003	     236.522	16	[(0, 276), (286, 307), (310, 325), (334, 356)]
357	334	308	    -11.0759	    -3.01003	     236.522	16	[(0, 276), (286, 307), (310, 325), (334, 357)]
358	334	308	    -11.0759	    -3.01003	     236.522	16	[(0, 276), (286, 307), (310, 325), (334, 358)]
359	334	309	    -11.0759	    -4.21945	     238.713	16	[(0, 276), (286, 307), (310, 325), (334, 359)]
360	334	311	    -11.0759	     3.54567	     240.505	17	[(0, 276), (286, 307), (310, 325), (334, 360)]
361	334	312	    -11.0759	        2.67	     242.154	17	[(0, 276), (286, 307), (310, 325), (334, 361)]
362	334	312	    -11.0759	        2.67	     242.154	17	[(0, 276), (286, 307), (310, 325), (334, 362)]
363	360	293	    -11.0759	    -1.68988	     226.229	17	[(0, 276), (286, 307), (310, 325), (360, 363)]
364	360	295	    -11.0759	    -3.15199	     226.229	17	[(0, 276), (286, 307), (310, 325), (360, 364)]
365	360	296	    -11.0759	    -3.03711	     226.219	17	[(0, 276), (286, 307), (310, 325), (360, 365)]
366	360	298	    -11.0759	    0.314665	     231.888	16	[(0, 276), (286, 307), (310, 325), (360, 366)]
367	360	299	    -11.0759	   -0.389057	     231.861	16	[(0, 276), (286, 307), (310, 325), (360, 367)]
368	360	300	    -11.0759	   -0.662784	     232.047	16	[(0, 276), (286, 307), (310, 325), (360, 368)]
369	360	301	    -11.0759	     -1.1603	     232.196	16	[(0, 276), (286, 307), (310, 325), (360, 369)]
370	360	302	    -11.0759	    -1.60696	      233.42	16	[(0, 276), (286, 307), (310, 325), (360, 370)]
371	360	303	    -11.0759	    -3.07263	      234.76	16	[(0, 276), (286, 307), (310, 325), (360, 371)]
372	360	304	    -11.0759	    -3.69451	      235.73	16	[(0, 276), (286, 307), (310, 325), (360, 372)]
373	360	305	    -11.0759	     -3.0585	     235.994	16	[(0, 276), (286, 307), (310, 325), (360, 373)]
374	360	305	    -11.0759	     -3.0585	     235.994	16	[(0, 276), (286, 307), (310, 325), (360, 374)]
375	372	293	    -11.0759	     -1.7096	      226.27	17	[(0, 276), (286, 307), (310, 325), (372, 375)]
376	372	295	    -11.0759	    -5.68721	     226.257	16	[(0, 276), (286, 307), (310, 325), (372, 376)]
377	360	309	    -11.0759	    -1.71576	     239.633	16	[(0, 276), (286, 307), (310, 325), (360, 377)]
378	360	310	    -11.0759	    -2.01681	     241.281	16	[(0, 276), (286, 307), (310, 325), (360, 378)]
379	360	311	    -11.0759	    -2.47412	     242.332	16	[(0, 276), (286, 307), (310, 325), (360, 379)]
380	360	312	    -11.0759	    -3.00791	     243.395	16	[(0, 276), (286, 307), (310, 325), (360, 380)]
381	360	313	    -11.0759	    -3.74185	     244.461	16	[(0, 276), (286, 307), (310, 325), (360, 381)]
382	360	314	    -11.0759	    -4.15133	     245.408	16	[(0, 276), (286, 307), (310, 325), (360, 382)]
383	360	315	    -11.0759	    -3.64839	     245.725	16	[(0, 276), (286, 307), (310, 325), (360, 383)]
384	360	316	    -11.0759	     -3.3021	     245.455	16	[(0, 276), (286, 307), (310, 325), (360, 384)]
385	360	317	    -11.0759	    -3.33827	     245.625	16	[(0, 276), (286, 307), (310, 325), (360, 385)]
386	360	318	    -11.0759	    -3.29544	     245.472	16	[(0, 276), (286, 307), (310, 325), (360, 386)]
387	  0	365	    -11.0759	     1.59981	     306.188	19	[(0, 387)]
388	  0	366	    -11.0759	      2.2894	     306.693	19	[(0, 388)]
389	  0	366	    -11.0759	      2.2894	     306.693	19	[(0, 389)]
390	  0	367	    -11.0759	     4.32212	     307.015	20	[(0, 390)]
391	  0	368	    -11.0759	     4.56423	     307.079	20	[(0, 391)]
392	  0	369	    -11.0759	     3.30279	     309.243	20	[(0, 392)]
393	  0	370	    -11.0759	     3.52539	     309.925	20	[(0, 393)]
394	  0	371	    -11.0759	     1.75504	     312.532	20	[(0, 394)]
395	  0	372	    -11.0759	     0.10241	     313.913	20	[(0, 395)]
396	  0	373	    -11.0759	    0.288753	     314.558	20	[(0, 396)]
397	  0	374	    -11.0759	   -0.234203	     315.501	20	[(0, 397)]
398	390	  9	    -11.0759	     2.11869	     7.77109	 0	[(390, 398)]
399	390	 10	    -11.0759	     2.75648	     7.50393	 0	[(390, 399)]
400	390	 11	    -11.0759	     2.93696	      6.3881	 0	[(390, 400)]
401	390	 11	    -11.0759	     2.93696	      6.3881	 0	[(390, 401)]
402	390	 11	    -11.0759	     2.93696	      6.3881	 0	[(390, 402)]
403	390	 12	    -11.0759	     2.80888	     6.51516	 0	[(390, 403)]
404	390	 12	    -11.0759	     2.80888	     6.51516	 0	[(390, 404)]
405	390	 14	    -11.0759	     2.68012	     6.64838	 0	[(390, 405)]
406	390	 15	    -11.0759	     2.63816	     7.12234	 0	[(390, 406)]
407	390	 16	    -11.0759	     2.66864	     6.96654	 0	[(390, 407)]
408	390	 17	    -11.0759	     2.66757	      6.8793	 0	[(390, 408)]
409	390	 17	    -11.0759	     2.66757	      6.8793	 0	[(390, 409)]
410	390	 18	    -11.0759	     2.28554	     7.39737	 0	[(390, 410)]
411	390	 19	    -11.0759	     2.35246	     7.35899	 0	[(390, 411)]
412	390	 21	    -11.0759	     2.48898	     7.01669	 0	[(390, 412)]
413	390	 21	    -11.0759	     2.48898	     7.01669	 0	[(390, 413)]
414	390	 22	    -11.0759	     2.34331	     7.19135	 0	[(390, 414)]
415	390	 23	    -11.0759	     2.35395	     7.17584	 0	[(390, 415)]
416	390	 23	    -11.0759	     2.35395	     7.17584	 0	[(390, 416)]
417	390	 23	    -11.0759	     2.35395	     7.17584	 0	[(390, 417)]
418	390	 23	    -11.0759	     2.35395	     7.17584	 0	[(390, 418)]
419	390	 23	    -11.0759	     2.35395	     7.17584	 0	[(390, 419)]
420	390	 23	    -11.0759	     2.35395	     7.17584	 0	[(390, 420)]
421	417	377	    -11.0759	     3.66948	     315.789	21	[(0, 397), (417, 421)]
422	417	379	    -11.0759	   -0.481384	     315.767	20	[(0, 397), (417, 422)]
423	390	 30	    -11.0759	     2.19293	     7.34367	 0	[(390, 423)]
424	417	382	    -11.0759	     3.84118	     321.233	20	[(0, 397), (417, 424)]
425	417	383	    -11.0759	     3.50183	      322.57	20	[(0, 397), (417, 425)]
426	417	384	    -11.0759	     2.77287	     323.709	20	[(0, 397), (417, 426)]
427	417	385	    -11.0759	     2.39544	     324.715	20	[(0, 397), (417, 427)]
428	417	386	    -11.0759	     2.17193	     325.621	20	[(0, 397), (417, 428)]
429	417	387	    -11.0759	     1.63708	     326.646	20	[(0, 397), (417, 429)]
430	417	388	    -11.0759	     2.31145	     326.634	20	[(0, 397), (417, 430)]
431	417	388	    -11.0759	     2.31145	     326.634	20	[(0, 397), (417, 431)]
432	417	389	    -11.0759	     2.13412	     326.843	20	[(0, 397), (417, 432)]
433	417	389	    -11.0759	     2.13412	     326.843	20	[(0, 397), (417, 433)]
434	417	390	    -11.0759	     1.95482	     327.052	20	[(0, 397), (417, 434)]
435	417	391	    -11.0759	     1.95284	      327.08	20	[(0, 397), (417, 435)]
436	417	392	    -11.0759	     1.96102	      327.08	20	[(0, 397), (417, 436)]
437	417	392	    -11.0759	     1.96102	      327.08	20	[(0, 397), (417, 437)]
438	417	392	    -11.0759	     1.96102	      327.08	20	[(0, 397), (417, 438)]
439	417	392	    -11.0759	     1.96102	      327.08	20	[(0, 397), (417, 439)]
440	417	392	    -11.0759	     1.96102	      327.08	20	[(0, 397), (417, 440)]
441	417	392	    -11.0759	     1.96102	      327.08	20	[(0, 397), (417, 441)]
442	417	392	    -11.0759	     1.96102	      327.08	20	[(0, 397), (417, 442)]
443	417	395	    -11.0759	     1.70038	     327.345	20	[(0, 397), (417, 443)]
444	417	395	    -11.0759	     1.70038	     327.345	20	[(0, 397), (417, 444)]
445	417	395	    -11.0759	     1.70038	     327.345	20	[(0, 397), (417, 445)]
446	417	397	    -11.0759	     1.56728	     327.495	20	[(0, 397), (417, 446)]
447	417	398	    -11.0759	      1.5748	     327.494	20	[(0, 397), (417, 447)]
448	417	398	    -11.0759	      1.5748	     327.494	20	[(0, 397), (417, 448)]
449	445	377	    -11.0759	     3.66022	     315.804	21	[(0, 397), (445, 449)]
450	445	379	    -11.0759	     2.13826	     315.778	21	[(0, 397), (445, 450)]
451	445	381	    -11.0759	      4.0784	     321.019	20	[(0, 397), (445, 451)]
452	417	404	    -11.0759	      3.7978	     335.674	20	[(0, 397), (417, 452)]
453	417	405	    -11.0759	     3.15121	     336.737	20	[(0, 397), (417, 453)]
454	417	406	    -11.0759	     2.53799	     337.843	20	[(0, 397), (417, 454)]
455	417	407	    -11.0759	     3.16873	      338.06	20	[(0, 397), (417, 455)]
456	417	408	    -11.0759	     3.48394	     337.856	20	[(0, 397), (417, 456)]
457	417	409	    -11.0759	      3.5362	     337.715	20	[(0, 397), (417, 457)]
458	417	410	    -11.0759	     3.53364	     337.714	20	[(0, 397), (417, 458)]
459	417	411	    -11.0759	     5.46603	      341.98	20	[(0, 397), (417, 459)]
460	417	412	    -11.0759	     3.51628	     337.713	20	[(0, 397), (417, 460)]
461	417	412	    -11.0759	     3.51628	     337.713	20	[(0, 397), (417, 461)]
462	459	376	    -11.0759	     3.47694	     315.809	21	[(0, 397), (459, 462)]
463	459	378	    -11.0759	     2.01099	     315.798	21	[(0, 397), (459, 463)]
464	459	380	    -11.0759	     4.00356	     320.657	20	[(0, 397), (459, 464)]
465	459	381	    -11.0759	     4.51969	     321.174	20	[(0, 397), (459, 465)]
466	459	381	    -11.0759	     4.51969	     321.174	20	[(0, 397), (459, 466)]
467	459	382	    -11.0759	     6.39348	     321.432	21	[(0, 397), (459, 467)]
468	459	383	    -11.0759	     6.61956	     321.504	21	[(0, 397), (459, 468)]
469	459	384	    -11.0759	     6.73879	     321.448	21	[(0, 397), (459, 469)]
470	467	376	    -11.0759	     3.47166	     315.821	21	[(0, 397), (467, 470)]
471	467	378	    -11.0759	     2.00939	     315.801	21	[(0, 397), (467, 471)]
472	467	380	    -11.0759	     3.72612	     320.599	20	[(0, 397), (467, 472)]
473	467	381	    -11.0759	     3.43987	     321.063	20	[(0, 397), (467, 473)]
474	467	382	    -11.0759	     2.74031	     322.639	20	[(0, 397), (467, 474)]
475	467	383	    -11.0759	     3.45181	     322.716	20	[(0, 397), (467, 475)]
476	467	384	    -11.0759	     3.76891	     322.381	20	[(0, 397), (467, 476)]
477	467	384	    -11.0759	     3.76891	     322.381	20	[(0, 397), (467, 477)]
478	467	384	    -11.0759	     3.76891	     322.381	20	[(0, 397), (467, 478)]
479	467	384	    -11.0759	     3.76891	     322.381	20	[(0, 397), (467, 479)]
480	467	384	    -11.0759	     3.76891	     322.381	20	[(0, 397), (467, 480)]
481	467	384	    -11.0759	     3.76891	     322.381	20	[(0, 397), (467, 481)]
482	479	376	    -11.0759	     3.45968	     315.851	21	[(0, 397), (479, 482)]
483	479	378	    -11.0759	     2.00621	     315.807	21	[(0, 397), (479, 483)]
484	479	380	    -11.0759	     3.49672	     320.536	20	[(0, 397), (479, 484)]
485	479	381	    -11.0759	     3.32035	     321.032	20	[(0, 397), (479, 485)]
486	479	382	    -11.0759	     3.07159	     322.472	20	[(0, 397), (479, 486)]
487	479	383	    -11.0759	     2.03294	     323.766	20	[(0, 397), (479, 487)]
488	479	384	    -11.0759	     1.45555	     324.779	20	[(0, 397), (479, 488)]
489	479	385	    -11.0759	    0.880209	     325.771	20	[(0, 397), (479, 489)]
490	479	386	    -11.0759	    0.193957	     326.757	20	[(0, 397), (479, 490)]
491	479	387	    -11.0759	   -0.301038	     327.722	20	[(0, 397), (479, 491)]
492	479	388	    -11.0759	   -0.537405	     328.613	20	[(0, 397), (479, 492)]
493	479	389	    -11.0759	   -0.827687	     329.543	20	[(0, 397), (479, 493)]
494	479	390	    -11.0759	   -0.216135	     329.464	20	[(0, 397), (479, 494)]
495	479	390	    -11.0759	   -0.216135	     329.464	20	[(0, 397), (479, 495)]
496	479	390	    -11.0759	   -0.216135	     329.464	20	[(0, 397), (479, 496)]
497	479	391	    -11.0759	   -0.365376	     329.654	20	[(0, 397), (479, 497)]
498	479	392	    -11.0759	   -0.364053	     329.672	20	[(0, 397), (479, 498)]
499	479	392	    -11.0759	   -0.364053	     329.672	20	[(0, 397), (479, 499)]
500	479	392	    -11.0759	   -0.364053	     329.672	20	[(0, 397), (479, 500)]
501	479	392	    -11.0759	   -0.364053	     329.672	20	[(0, 397), (479, 501)]
502	479	394	    -11.0759	   -0.621442	     330.085	20	[(0, 397), (479, 502)]
503	479	396	    -11.0759	   -0.550216	     329.945	20	[(0, 397), (479, 503)]
504	479	398	    -11.0759	   -0.414205	     329.717	20	[(0, 397), (479, 504)]
505	479	399	    -11.0759	   -0.440947	     329.754	20	[(0, 397), (479, 505)]
506	479	400	    -11.0759	    -0.44613	     329.754	20	[(0, 397), (479, 506)]
507	479	400	    -11.0759	    -0.44613	     329.754	20	[(0, 397), (479, 507)]
508	479	400	    -11.0759	    -0.44613	     329.754	20	[(0, 397), (479, 508)]
509	479	401	    -11.0759	   -0.620947	     329.917	20	[(0, 397), (479, 509)]
510	479	402	    -11.0759	    -0.62314	     329.939	20	[(0, 397), (479, 510)]
511	479	403	    -11.0759	   -0.589163	     329.905	20	[(0, 397), (479, 511)]
512	479	404	    -11.0759	   -0.603841	     329.922	20	[(0, 397), (479, 512)]
513	479	404	    -11.0759	   -0.603841	     329.922	20	[(0, 397), (479, 513)]
514	479	404	    -11.0759	   -0.603841	     329.922	20	[(0, 397), (479, 514)]
515	479	405	    -11.0759	   -0.781319	      330.09	20	[(0, 397), (479, 515)]
516	479	406	    -11.0759	   -0.756801	     330.083	20	[(0, 397), (479, 516)]
517	479	407	    -11.0759	   -0.744219	     330.082	20	[(0, 397), (479, 517)]
518	479	408	    -11.0759	   -0.748574	      330.08	20	[(0, 397), (479, 518)]
519	479	408	    -11.0759	   -0.748574	      330.08	20	[(0, 397), (479, 519)]
520	479	408	    -11.0759	   -0.748574	      330.08	20	[(0, 397), (479, 520)]
521	479	409	    -11.0759	   -0.903317	     330.261	20	[(0, 397), (479, 521)]
522	479	410	    -11.0759	   -0.886718	     330.239	20	[(0, 397), (479, 522)]
523	479	411	    -11.0759	     1.76987	     336.066	20	[(0, 397), (479, 523)]
524	479	411	    -11.0759	     1.76987	     336.066	20	[(0, 397), (479, 524)]
525	520	377	    -11.0759	     3.65109	     315.862	21	[(0, 397), (520, 525)]
526	520	379	    -11.0759	     2.16597	     315.776	21	[(0, 397), (520, 526)]
527	520	381	    -11.0759	     2.10586	     315.753	21	[(0, 397), (520, 527)]
528	520	381	    -11.0759	     2.10586	     315.753	21	[(0, 397), (520, 528)]
529	520	381	    -11.0759	     2.10586	     315.753	21	[(0, 397), (520, 529)]
530	526	412	    -11.0759	     2.81342	     330.573	21	[(0, 397), (479, 522), (526, 530)]
531	526	415	    -11.0759	     1.46267	      330.51	21	[(0, 397), (479, 522), (526, 531)]
532	526	417	    -11.0759	     3.48981	     335.677	20	[(0, 397), (479, 522), (526, 532)]
533	526	418	    -11.0759	     3.21584	     336.086	20	[(0, 397), (479, 522), (526, 533)]
534	526	419	    -11.0759	     2.85597	     337.436	20	[(0, 397), (479, 522), (526, 534)]
535	526	420	    -11.0759	     2.33037	     338.577	20	[(0, 397), (479, 522), (526, 535)]
536	526	421	    -11.0759	    0.941562	     339.764	20	[(0, 397), (479, 522), (526, 536)]
537	526	422	    -11.0759	    0.665615	     340.642	20	[(0, 397), (479, 522), (526, 537)]
538	526	423	    -11.0759	    0.354897	     341.549	20	[(0, 397), (479, 522), (526, 538)]
539	526	424	    -11.0759	  -0.0425392	     342.479	20	[(0, 397), (479, 522), (526, 539)]
540	526	425	    -11.0759	   -0.305471	     343.459	20	[(0, 397), (479, 522), (526, 540)]
541	526	426	    -11.0759	   -0.812992	     344.531	20	[(0, 397), (479, 522), (526, 541)]
542	526	427	    -11.0759	    -1.53212	     345.613	20	[(0, 397), (479, 522), (526, 542)]
543	526	428	    -11.0759	    -2.27485	     346.666	20	[(0, 397), (479, 522), (526, 543)]
544	526	429	    -11.0759	    -1.67716	     346.956	20	[(0, 397), (479, 522), (526, 544)]
545	526	429	    -11.0759	    -1.67716	     346.956	20	[(0, 397), (479, 522), (526, 545)]
546	526	429	    -11.0759	    -1.67716	     346.956	20	[(0, 397), (479, 522), (526, 546)]
547	526	430	    -11.0759	     1.11311	     348.468	21	[(0, 397), (479, 522), (526, 547)]
548	526	432	    -11.0759	    -0.04667	     349.761	21	[(0, 397), (479, 522), (526, 548)]
549	526	434	    -11.0759	   -0.365037	     351.965	20	[(0, 397), (479, 522), (526, 549)]
550	526	435	    -11.0759	   -0.652063	     353.017	20	[(0, 397), (479, 522), (526, 550)]
551	526	436	    -11.0759	    -1.08264	     354.115	20	[(0, 397), (479, 522), (526, 551)]
552	526	437	    -11.0759	     -1.3442	     355.136	20	[(0, 397), (479, 522), (526, 552)]
553	526	438	    -11.0759	    -2.11845	      356.28	20	[(0, 397), (479, 522), (526, 553)]
554	526	439	    -11.0759	    -2.43725	     357.216	20	[(0, 397), (479, 522), (526, 554)]
555	526	440	    -11.0759	    -2.64541	     358.129	20	[(0, 397), (479, 522), (526, 555)]
556	526	441	    -11.0759	    -2.05508	     358.106	20	[(0, 397), (479, 522), (526, 556)]
557	526	441	    -11.0759	    -2.05508	     358.106	20	[(0, 397), (479, 522), (526, 557)]
558	526	442	    -11.0759	    0.288813	     358.402	21	[(0, 397), (479, 522), (526, 558)]
559	526	443	    -11.0759	    0.524064	     358.901	21	[(0, 397), (479, 522), (526, 559)]
560	526	443	    -11.0759	    0.524064	     358.901	21	[(0, 397), (479, 522), (526, 560)]
561	526	444	    -11.0759	      2.3465	     359.227	22	[(0, 397), (479, 522), (526, 561)]
562	558	445	    -11.0759	    0.187067	     358.403	21	[(0, 397), (479, 522), (526, 557), (558, 562)]
563	526	447	    -11.0759	     2.21783	     363.555	21	[(0, 397), (479, 522), (526, 563)]
564	526	448	    -11.0759	      1.9779	     365.043	21	[(0, 397), (479, 522), (526, 564)]
565	526	449	    -11.0759	     1.55942	     366.159	21	[(0, 397), (479, 522), (526, 565)]
566	  0	537	    -11.0759	     1.89995	     455.866	30	[(0, 566)]
567	  0	538	    -11.0759	     1.51986	     456.744	30	[(0, 567)]
568	  0	539	    -11.0759	      1.0686	     457.619	30	[(0, 568)]
569	  0	540	    -11.0759	     0.39085	     458.624	30	[(0, 569)]
570	  0	541	    -11.0759	   -0.077155	     459.623	30	[(0, 570)]
571	  0	542	    -11.0759	   -0.461437	     460.589	30	[(0, 571)]
572	  0	543	    -11.0759	     -1.5483	     461.728	30	[(0, 572)]
573	  0	544	    -11.0759	    -3.78946	      462.88	30	[(0, 573)]
574	  0	545	    -11.0759	    -4.17025	      463.76	30	[(0, 574)]
575	  0	546	    -11.0759	    -4.43855	     464.606	30	[(0, 575)]
576	  0	547	    -11.0759	    -4.45989	     465.319	30	[(0, 576)]
577	  0	548	    -11.0759	    -4.32121	     465.819	30	[(0, 577)]
578	  0	549	    -11.0759	    -6.25448	     467.297	30	[(0, 578)]
579	  0	550	    -11.0759	     -10.489	     468.937	30	[(0, 579)]
580	  0	551	    -16.4085	    -16.4085	     470.131	30	[(0, 580)]
581	  0	552	     -20.392	     -20.392	     471.146	30	[(0, 581)]
582	  0	553	    -23.3504	    -23.3504	      472.16	30	[(0, 582)]
583	  0	554	    -26.5742	    -26.5742	      473.61	30	[(0, 583)]
584	  0	555	    -27.8321	    -27.8321	     474.613	30	[(0, 584)]
585	  0	555	    -27.8321	    -27.8321	     474.613	30	[(0, 585)]
586	  0	556	    -28.2008	    -28.2008	     474.924	30	[(0, 586)]
587	  0	557	    -28.5351	    -28.5351	     475.421	30	[(0, 587)]
588	  0	559	    -28.5351	    -26.8215	     475.022	30	[(0, 588)]
589	  0	560	    -28.5351	    -27.4385	     475.581	30	[(0, 589)]
590	  0	561	    -28.5351	    -27.3142	     475.675	30	[(0, 590)]
591	  0	562	    -28.5351	    -28.2174	     477.384	30	[(0, 591)]
592	  0	563	    -28.5351	     -23.373	     479.239	31	[(0, 592)]
593	  0	564	    -28.5351	    -25.2535	     480.716	31	[(0, 593)]
594	  0	565	    -28.5351	    -24.9332	     481.437	31	[(0, 594)]
595	  0	565	    -28.5351	    -24.9332	     481.437	31	[(0, 595)]
596	  0	565	    -28.5351	    -24.9332	     481.437	31	[(0, 596)]
597	  0	566	    -28.5351	    -22.3009	     482.474	32	[(0, 597)]
598	  0	568	    -28.5351	    -23.5392	     483.366	32	[(0, 598)]
599	  0	570	    -28.5351	    -24.8983	     482.634	31	[(0, 599)]
600	  0	571	    -28.5351	    -24.7036	     482.096	31	[(0, 600)]
601	  0	571	    -28.5351	    -24.7036	     482.096	31	[(0, 601)]
602	  0	572	    -28.5351	    -22.3603	     482.321	32	[(0, 602)]
603	  0	572	    -28.5351	    -22.3603	     482.321	32	[(0, 603)]
604	  0	573	    -28.5351	    -20.5187	     482.753	33	[(0, 604)]
605	  0	573	    -28.5351	    -20.5187	     482.753	33	[(0, 605)]
606	  0	575	    -28.5351	    -22.0574	     482.594	32	[(0, 606)]
607	  0	576	    -28.5351	    -19.5354	      482.98	33	[(0, 607)]
608	  0	578	    -28.5351	    -22.0228	     488.518	32	[(0, 608)]
609	  0	579	    -28.5351	    -22.4824	     489.536	32	[(0, 609)]
610	  0	580	    -28.5351	    -23.0125	     490.474	32	[(0, 610)]
611	  0	581	    -28.5351	     -23.748	     491.479	32	[(0, 611)]
612	  0	582	    -28.5351	    -24.1459	     492.441	32	[(0, 612)]
613	  0	583	    -28.5351	    -24.6142	     493.428	32	[(0, 613)]
614	  0	584	    -28.5351	     -24.108	     493.717	32	[(0, 614)]
615	  0	584	    -28.5351	     -24.108	     493.717	32	[(0, 615)]
616	  0	584	    -28.5351	     -24.108	     493.717	32	[(0, 616)]
617	  0	584	    -28.5351	     -24.108	     493.717	32	[(0, 617)]
618	  0	584	    -28.5351	     -24.108	     493.717	32	[(0, 618)]
619	  0	584	    -28.5351	     -24.108	     493.717	32	[(0, 619)]
620	  0	584	    -28.5351	     -24.108	     493.717	32	[(0, 620)]
621	  0	588	    -28.5351	     -24.352	     493.961	32	[(0, 621)]
622	  0	590	    -28.5351	     -24.392	     494.029	32	[(0, 622)]
623	  0	592	    -28.5351	    -21.6411	     497.988	32	[(0, 623)]
624	  0	593	    -28.5351	    -22.2971	      499.69	32	[(0, 624)]
625	  0	594	    -28.5351	    -22.1244	     500.761	32	[(0, 625)]
626	  0	595	    -28.5351	    -21.9744	     501.479	32	[(0, 626)]
627	  0	596	    -28.5351	    -21.6458	     501.182	32	[(0, 627)]
628	  0	597	    -28.5351	    -14.4642	     500.813	33	[(0, 628)]
629	  0	598	    -28.5351	    -14.6117	     500.979	33	[(0, 629)]
630	  0	599	    -28.5351	    -14.4978	     500.864	33	[(0, 630)]
631	  0	600	    -28.5351	    -18.8371	     505.695	33	[(0, 631)]
632	  0	601	    -28.5351	    -20.7417	      510.17	33	[(0, 632)]
633	  0	602	    -28.5351	    -21.9786	     512.134	33	[(0, 633)]
634	  0	603	    -28.5351	    -22.8842	     513.081	33	[(0, 634)]
635	  0	604	    -28.5351	    -23.6873	      514.02	33	[(0, 635)]
636	  0	605	    -28.5351	    -23.2138	      514.55	33	[(0, 636)]
637	  0	605	    -28.5351	    -23.2138	      514.55	33	[(0, 637)]
638	  0	606	    -28.5351	    -21.5204	     515.079	34	[(0, 638)]
639	  0	607	    -28.5351	    -21.4496	      515.49	34	[(0, 639)]
640	  0	608	    -28.5351	    -21.2304	     515.287	34	[(0, 640)]
641	  0	609	    -28.5351	    -21.2514	     515.213	34	[(0, 641)]
642	  0	610	    -28.5351	    -22.7737	     519.963	34	[(0, 642)]
643	  0	611	    -28.5351	    -23.3378	     521.391	34	[(0, 643)]
644	  0	612	    -28.5351	    -23.7409	     522.368	34	[(0, 644)]
645	  0	613	    -28.5351	    -24.5285	     523.355	34	[(0, 645)]
646	  0	614	    -28.5351	    -23.8719	     523.536	34	[(0, 646)]
647	  0	614	    -28.5351	    -23.8719	     523.536	34	[(0, 647)]
648	  0	615	    -28.5351	    -22.1353	     524.309	35	[(0, 648)]
649	  0	616	    -28.5351	    -23.5829	     525.945	35	[(0, 649)]
650	  0	619	     -28.751	     -28.751	     529.375	33	[(0, 650)]
651	  0	620	    -31.8613	    -31.8613	     531.033	33	[(0, 651)]
652	  0	621	    -31.8613	     -31.749	     531.751	33	[(0, 652)]
653	  0	622	    -31.8613	    -31.1513	     531.878	33	[(0, 653)]
654	  0	623	    -32.5112	    -32.5112	     533.128	33	[(0, 654)]
655	  0	623	    -32.5112	    -32.5112	     533.128	33	[(0, 655)]
656	  0	624	    -32.8317	    -32.8317	     533.403	33	[(0, 656)]
657	  0	625	    -32.8317	    -32.7563	     533.377	33	[(0, 657)]
658	  0	625	    -32.8317	    -32.7563	     533.377	33	[(0, 658)]
659	  0	625	    -32.8317	    -32.7563	     533.377	33	[(0, 659)]
660	  0	625	    -32.8317	    -32.7563	     533.377	33	[(0, 660)]
661	  0	626	    -32.8317	     -25.058	     533.516	34	[(0, 661)]
662	  0	626	    -32.8317	     -25.058	     533.516	34	[(0, 662)]
663	  0	629	    -32.8317	    -23.4936	     533.648	35	[(0, 663)]
664	  0	630	    -32.8317	    -23.1579	     533.646	35	[(0, 664)]
665	  0	632	    -32.8317	    -23.9312	     533.842	35	[(0, 665)]
666	  0	633	    -32.8317	    -24.3625	      538.28	35	[(0, 666)]
667	  0	634	    -32.8317	     -26.653	     539.473	35	[(0, 667)]
668	  0	635	    -32.8317	    -31.8011	     541.086	35	[(0, 668)]
669	  0	636	    -32.8317	     -31.968	      541.84	35	[(0, 669)]
670	  0	637	    -32.8317	    -31.3839	     542.088	35	[(0, 670)]
671	  0	638	    -32.8317	    -32.1506	     543.078	35	[(0, 671)]
672	  0	639	    -34.1391	    -34.1391	     544.448	35	[(0, 672)]
673	  0	640	    -35.6824	    -35.6824	     545.511	35	[(0, 673)]
674	  0	641	    -38.2968	    -38.2968	     546.695	35	[(0, 674)]
675	  0	642	    -38.7931	    -38.7931	     548.446	35	[(0, 675)]
676	  0	643	    -42.6874	    -42.6874	     550.328	35	[(0, 676)]
677	  0	645	    -43.9613	    -43.9613	     552.276	34	[(0, 677)]
678	  0	646	    -47.9343	    -47.9343	     553.734	34	[(0, 678)]
679	  0	647	    -48.9468	    -48.9468	     554.714	34	[(0, 679)]
680	  0	648	    -49.2066	    -49.2066	     555.514	34	[(0, 680)]
681	  0	649	    -49.2066	    -48.8975	     555.994	34	[(0, 681)]
682	  0	650	    -49.2066	    -48.6009	     555.998	34	[(0, 682)]
683	  0	651	    -49.2066	     -48.437	     555.648	34	[(0, 683)]
684	  0	652	    -49.2066	    -48.7165	     556.034	34	[(0, 684)]
685	  0	652	    -49.2066	    -48.7165	     556.034	34	[(0, 685)]
686	  0	653	    -49.2066	    -48.8461	     556.159	34	[(0, 686)]
687	  0	653	    -49.2066	    -48.8461	     556.159	34	[(0, 687)]
688	  0	653	    -49.2066	    -48.8461	     556.159	34	[(0, 688)]
689	  0	653	    -49.2066	    -48.8461	     556.159	34	[(0, 689)]
690	  0	653	    -49.2066	    -48.8461	     556.159	34	[(0, 690)]
691	  0	653	    -49.2066	    -48.8461	     556.159	34	[(0, 691)]
692	  0	655	    -49.2066	    -49.1024	     556.402	34	[(0, 692)]
693	  0	655	    -49.2066	    -49.1024	     556.402	34	[(0, 693)]
694	  0	657	    -49.2769	    -49.2769	     556.578	34	[(0, 694)]
695	  0	657	    -49.2769	    -49.2769	     556.578	34	[(0, 695)]
696	  0	657	    -49.2769	    -49.2769	     556.578	34	[(0, 696)]
697	  0	657	    -49.2769	    -49.2769	     556.578	34	[(0, 697)]
698	  0	658	    -49.5656	    -49.5656	     556.865	34	[(0, 698)]
699	  0	660	    -49.5656	    -35.7586	     557.095	37	[(0, 699)]
700	  0	661	    -49.5656	    -35.4297	     556.951	37	[(0, 700)]
701	  0	663	    -49.5656	    -34.6284	     556.764	37	[(0, 701)]
702	  0	665	    -49.5656	    -34.5694	     562.399	36	[(0, 702)]
703	  0	666	    -49.5656	    -35.5781	      565.08	36	[(0, 703)]
704	  0	667	    -49.5656	    -34.7821	      565.35	36	[(0, 704)]
705	  0	669	    -49.5656	    -28.7854	     565.132	38	[(0, 705)]
706	  0	671	    -49.5656	    -29.5074	     569.692	37	[(0, 706)]
707	  0	672	    -49.5656	     -30.963	     572.651	37	[(0, 707)]
708	  0	673	    -49.5656	    -32.1955	     574.497	37	[(0, 708)]
709	  0	674	    -49.5656	    -33.5208	     577.381	37	[(0, 709)]
710	  0	675	    -49.5656	    -33.3155	     578.041	37	[(0, 710)]
711	  0	676	    -49.5656	    -33.0069	     578.442	37	[(0, 711)]
712	  0	677	    -49.5656	    -32.7753	      578.34	37	[(0, 712)]
713	  0	678	    -49.5656	    -29.9032	     579.816	38	[(0, 713)]
714	  0	679	    -49.5656	    -34.3251	     581.511	38	[(0, 714)]
715	  0	681	    -49.5656	    -40.0277	     583.271	38	[(0, 715)]
716	  0	682	    -49.5656	    -46.5381	     584.376	38	[(0, 716)]
717	  0	683	    -51.6801	    -51.6801	     585.458	38	[(0, 717)]
718	  0	684	    -53.9975	    -53.9975	     586.613	38	[(0, 718)]
719	  0	685	    -53.9975	     -53.518	     587.117	38	[(0, 719)]
720	  0	685	    -53.9975	     -53.518	     587.117	38	[(0, 720)]
