nresidues = 420
22 116 0.1875
22 125 0.0625
23 116 0.125
23 117 1.0625
23 118 0.0625
25 37 0.0625
25 38 1.3125
25 39 0.125
26 36 0.0625
26 37 1.25
26 38 0.3125
27 35 0.25
27 36 1.3125
28 34 0.0625
28 35 1.375
28 36 0.375
29 33 0.1875
29 34 1.375
29 36 0.0625
30 36 0.3125
31 34 0.125
35 56 0.1875
36 54 0.0625
36 55 1.1875
36 56 0.125
36 75 0.0625
37 53 0.0625
37 54 1.25
37 55 0.5
38 52 0.0625
38 53 1.1875
38 54 0.3125
39 51 0.0625
39 52 1.3125
39 53 0.25
39 115 0.125
40 50 0.0625
40 51 1.1875
40 115 0.0625
41 50 1.1875
41 51 0.25
41 113 0.125
41 114 1.25
42 48 0.1875
42 113 1.3125
42 114 0.5625
43 47 0.125
43 48 0.125
43 49 0.25
43 51 0.125
43 112 1.3125
43 113 0.125
43 114 0.0625
44 101 0.3125
44 111 0.125
44 112 0.125
45 101 0.25
45 103 0.0625
51 113 0.3125
53 74 0.0625
53 113 0.3125
54 74 1.25
54 75 0.5
55 58 0.125
55 72 0.0625
55 73 1.375
55 75 0.0625
55 83 0.0625
55 115 0.0625
56 72 1.3125
56 73 0.3125
56 75 0.0625
57 71 0.0625
57 72 0.0625
57 73 0.125
58 70 0.0625
58 71 1.1875
58 72 0.0625
59 70 1.3125
59 71 0.5625
60 68 0.125
60 69 1.3125
60 70 0.125
61 69 1.4375
61 70 0.25
61 71 0.125
61 133 0.0625
62 68 1.3125
62 69 0.0625
63 67 1.3125
63 68 0.125
64 67 0.3125
67 85 1.1875
68 83 0.0625
68 84 1.1875
68 85 0.1875
69 83 1.25
70 81 0.0625
70 82 1.3125
70 83 0.25
71 80 0.3125
71 81 1.25
71 133 0.4375
72 79 0.0625
72 80 1.25
72 81 0.1875
72 83 0.0625
73 78 0.25
73 79 1.3125
74 77 1.3125
74 78 1.1875
74 79 0.1875
74 81 0.125
74 112 0.0625
74 113 0.0625
79 112 0.625
80 132 1.0625
80 133 0.1875
81 112 0.1875
81 131 1.375
81 132 0.0625
81 133 0.125
82 129 0.0625
82 130 1.25
82 131 0.3125
83 128 0.125
83 129 1.25
84 96 0.375
84 127 0.0625
84 128 1.25
84 129 0.1875
84 199 0.125
85 117 0.125
85 126 0.3125
85 127 1.1875
85 128 0.25
86 126 1.5
86 127 0.3125
87 124 0.0625
87 125 1.25
87 126 0.3125
88 92 0.0625
88 93 0.0625
88 94 0.1875
88 116 0.0625
88 125 0.1875
88 127 0.0625
89 92 0.25
90 123 0.0625
90 125 0.0625
93 98 0.0390625
94 97 0.898438
94 98 0.195312
94 127 0.25
95 98 0.78125
95 99 0.195312
95 203 0.125
95 204 0.4375
96 99 0.78125
96 100 0.117188
96 199 0.0625
96 200 0.5625
96 201 0.125
97 100 0.78125
97 101 0.3125
97 111 0.0625
97 114 0.25
97 127 0.125
97 129 0.0625
98 101 0.742188
98 102 0.078125
99 102 0.78125
99 103 0.15625
99 203 0.1875
100 103 0.078125
100 111 0.0625
100 131 0.0625
100 200 0.0625
101 111 0.0625
101 114 0.25
102 170 0.0625
103 170 0.375
103 200 0.125
104 170 0.375
105 108 0.25
105 166 0.25
105 170 0.3125
105 365 0.4375
106 166 0.0625
106 196 0.1875
107 163 0.6875
107 166 0.125
107 167 0.125
107 195 0.375
107 196 1.3125
107 197 0.125
108 167 0.0625
108 170 0.0625
108 171 0.0625
108 196 0.125
108 197 1.25
108 200 0.125
109 132 0.0625
109 197 0.1875
109 198 0.0625
110 131 1.3125
110 132 0.625
111 129 0.25
111 130 1.3125
111 131 0.125
112 130 1.25
112 132 0.375
113 129 1.1875
113 130 0.6875
114 127 0.0625
114 128 1.25
115 126 0.0625
115 127 1.25
115 128 1.125
115 130 0.0625
116 126 1.3125
116 127 0.3125
116 128 0.125
117 125 1.1875
117 126 0.375
117 128 0.25
118 124 1.125
118 126 0.0625
119 122 0.125
119 124 0.25
119 126 0.125
121 124 0.625
121 126 0.0625
134 187 0.375
134 188 0.25
134 196 0.0625
135 140 0.0390625
135 188 1.1875
135 190 0.0625
136 140 0.429688
136 187 1.375
136 188 0.3125
136 190 0.0625
137 140 0.9375
137 141 0.117188
137 183 1.0625
137 186 1.25
137 187 0.0625
137 188 0.25
138 141 0.78125
138 142 0.078125
138 183 1.25
138 186 0.3125
138 188 0.1875
138 195 0.0625
138 249 0.0625
139 142 0.78125
139 143 0.117188
139 183 0.3125
139 184 0.375
140 143 0.820312
140 144 0.234375
141 144 0.78125
141 145 0.0390625
141 152 0.0625
141 188 0.0625
142 145 0.78125
142 146 0.078125
142 249 0.0625
143 146 0.820312
143 147 0.390625
144 147 0.703125
144 148 0.0390625
145 148 0.78125
145 149 0.78125
145 150 0.9375
145 151 0.15625
145 152 0.195312
145 153 0.078125
146 149 0.0390625
146 252 0.1875
151 250 0.0625
151 305 0.125
152 156 0.078125
152 157 0.0390625
152 160 0.125
153 156 0.898438
153 157 0.0390625
154 157 0.820312
154 158 0.15625
154 338 0.0625
155 158 0.78125
155 159 0.15625
155 341 0.125
155 350 0.0625
156 159 0.820312
156 160 0.3125
156 350 0.375
157 160 0.664062
157 161 0.117188
157 246 0.0625
157 338 0.0625
158 161 0.703125
158 162 0.078125
158 338 0.5
158 339 0.25
158 341 0.3125
158 342 0.125
159 162 0.703125
159 163 0.234375
159 342 0.125
159 349 0.0625
159 356 0.0625
160 163 0.78125
160 164 0.078125
160 188 0.375
160 193 0.0625
160 195 0.125
161 164 0.78125
161 165 0.273438
161 242 0.125
161 245 0.1875
161 246 0.25
161 339 0.25
162 165 0.78125
162 166 0.195312
162 334 0.25
162 339 0.3125
162 342 0.1875
162 358 0.4375
162 361 0.125
163 166 0.78125
163 167 0.117188
163 193 0.25
163 194 0.3125
163 195 0.0625
164 167 0.9375
164 168 0.15625
164 186 0.0625
164 242 0.0625
165 168 0.78125
165 169 0.078125
165 242 0.125
165 319 0.125
165 330 0.125
165 333 0.375
165 334 0.1875
165 339 0.0625
166 169 0.78125
166 170 0.078125
166 334 0.0625
166 357 0.0625
166 358 0.25
166 360 0.375
166 361 0.25
166 365 0.75
167 170 0.78125
167 171 0.117188
167 197 0.125
168 171 0.820312
168 172 0.195312
168 181 0.0625
168 238 0.0625
168 330 0.3125
169 172 0.703125
169 173 0.117188
169 330 0.125
170 173 0.820312
170 174 0.273438
171 174 0.78125
171 175 0.664062
171 176 0.976562
171 177 0.0390625
171 178 0.0390625
172 175 0.0390625
172 176 0.078125
172 235 0.5625
172 238 0.375
172 330 0.125
173 364 0.5
173 367 0.0625
174 205 0.0625
174 364 0.625
175 204 0.0625
175 205 1.1875
176 204 1.1875
177 203 1.25
177 204 0.1875
177 206 0.125
177 235 0.125
177 237 0.125
177 238 0.5
178 181 0.25
178 185 0.0625
178 197 0.25
178 198 0.1875
178 199 0.25
178 200 0.0625
178 202 1.25
178 203 0.125
178 238 0.5625
179 202 0.4375
179 204 0.1875
179 212 0.0625
179 216 1.0625
179 217 0.1875
179 233 0.1875
179 238 0.0625
180 185 0.4375
180 199 0.0625
180 217 0.125
180 218 0.125
181 197 0.0625
181 221 0.125
181 238 0.0625
181 241 0.1875
182 185 1.5
182 186 0.125
182 218 0.25
182 221 0.0625
183 186 0.1875
183 221 0.375
185 197 1.25
185 198 0.375
185 199 0.5
186 196 1.1875
186 197 0.0625
187 194 0.0625
187 195 1.375
187 196 0.25
187 198 0.25
188 194 1.25
188 195 0.125
189 192 1.5
189 193 1.1875
191 349 0.0625
191 351 0.0625
191 353 0.4375
192 349 0.125
192 353 0.0625
192 356 0.1875
193 349 0.125
193 356 0.125
194 356 0.125
197 200 0.0625
200 203 0.1875
204 212 0.25
206 212 0.125
206 233 0.0625
206 234 0.25
207 210 0.8125
211 231 1.3125
212 231 0.375
212 233 0.4375
213 216 0.0625
213 233 0.3125
214 222 0.1875
214 226 0.125
214 229 0.3125
214 230 0.1875
216 222 0.1875
216 226 0.0625
216 233 0.125
217 221 0.125
217 222 0.3125
217 226 0.0625
217 241 0.0625
218 221 1.3125
218 222 0.0625
219 258 0.125
219 259 0.3125
219 264 0.0625
220 244 0.0625
220 254 0.1875
220 256 0.0625
220 257 0.1875
220 258 0.0625
221 240 0.0625
221 241 0.25
221 244 0.0625
221 248 0.3125
222 226 0.195312
222 227 0.078125
222 240 0.375
223 226 0.820312
223 227 0.0390625
223 240 0.3125
224 227 0.78125
224 228 0.234375
224 240 0.4375
224 283 0.1875
224 327 0.125
225 228 0.78125
225 229 0.742188
225 230 0.117188
225 237 0.125
225 283 0.3125
225 324 0.1875
225 327 0.5
226 229 0.0390625
226 233 0.1875
227 261 0.0625
227 264 0.0625
227 265 0.0625
228 265 0.125
228 283 0.125
228 284 0.125
228 287 0.75
229 287 0.1875
230 233 0.125
230 283 0.0625
230 284 0.1875
233 237 0.117188
234 237 0.117188
235 238 0.78125
236 239 0.78125
236 324 0.3125
236 327 0.25
237 240 0.742188
237 241 0.078125
238 241 0.78125
238 242 0.078125
239 242 0.78125
239 243 0.0390625
239 319 0.0625
239 328 0.1875
240 243 0.742188
240 244 0.195312
240 256 0.125
240 268 0.0625
240 272 0.0625
240 320 0.6875
240 321 0.1875
240 327 0.1875
241 244 0.78125
241 245 0.117188
242 245 0.78125
242 246 0.078125
243 246 0.78125
243 247 0.078125
243 319 0.0625
243 320 0.1875
244 247 0.742188
244 248 0.078125
244 256 0.0625
245 248 0.78125
245 249 0.15625
246 249 0.78125
246 250 0.195312
246 315 0.125
246 316 0.125
247 250 0.820312
247 251 0.15625
247 255 0.117188
247 304 0.0625
248 251 0.78125
248 252 0.742188
248 253 0.273438
248 254 0.273438
250 304 0.125
250 305 0.0625
250 312 0.0625
251 255 0.125
251 303 0.0625
251 304 0.1875
254 257 0.0625
255 300 0.125
256 264 0.0625
256 267 0.3125
256 268 0.375
256 271 0.0625
256 320 0.0625
257 263 0.0625
257 264 0.0625
257 267 0.0625
258 263 0.0625
258 264 0.25
260 263 0.9375
260 264 0.15625
261 264 0.78125
261 265 0.117188
262 265 0.78125
262 266 0.117188
262 292 0.0625
263 266 0.78125
263 267 0.078125
264 267 0.78125
264 268 0.15625
265 268 0.820312
265 269 0.15625
265 292 0.125
266 269 0.78125
266 270 0.117188
266 292 0.0625
267 270 0.859375
267 271 0.0390625
268 271 0.820312
268 272 0.117188
268 322 0.1875
269 272 0.78125
269 273 0.3125
269 274 0.078125
269 292 0.125
269 295 0.0625
269 322 0.125
270 297 1.0625
270 298 0.3125
271 297 1.1875
271 298 0.375
271 300 0.25
271 303 0.0625
272 300 0.0625
272 320 0.125
272 322 0.1875
273 295 1.1875
273 296 0.1875
273 297 0.0625
273 322 0.25
274 293 0.1875
274 294 0.1875
274 295 0.125
274 322 0.0625
275 279 0.195312
275 280 0.117188
275 322 0.375
276 279 1.09375
276 280 0.15625
277 280 0.78125
277 281 0.078125
278 281 0.820312
278 282 0.15625
279 282 0.859375
279 283 0.078125
279 322 0.3125
279 323 0.0625
280 283 0.78125
280 284 0.117188
280 290 0.0625
281 284 0.664062
281 285 0.117188
282 323 0.3125
283 322 0.5
284 287 0.3125
287 290 0.0625
289 292 0.375
298 302 0.195312
298 303 0.078125
299 302 0.820312
299 303 0.0390625
300 303 0.898438
300 304 0.15625
300 313 0.125
300 317 0.25
300 320 0.0625
301 304 0.0390625
304 308 0.3125
304 313 0.0625
304 316 0.0625
305 308 0.4375
308 313 0.0390625
309 312 0.78125
309 313 0.0390625
310 313 0.78125
310 314 0.078125
311 314 0.78125
311 315 0.078125
311 336 0.0625
311 337 0.0625
311 338 0.1875
312 315 0.78125
312 316 0.117188
312 338 0.25
313 316 0.78125
313 317 0.117188
314 317 0.898438
314 318 0.078125
314 336 0.125
315 318 0.78125
315 319 0.234375
315 328 0.0625
315 336 0.4375
315 338 0.125
315 339 0.125
316 319 0.78125
316 320 0.117188
317 320 0.0390625
317 321 0.117188
318 321 0.234375
318 326 0.1875
318 327 1.1875
318 328 0.25
319 327 0.25
321 327 0.4375
322 327 0.0625
323 326 1.3125
323 327 0.0625
324 327 0.4375
328 332 0.234375
329 332 1.09375
329 333 0.078125
330 333 0.78125
330 334 0.117188
331 334 0.78125
331 335 0.0390625
331 365 0.0625
331 366 0.125
331 368 0.1875
331 369 0.0625
331 372 0.25
331 376 0.125
332 335 0.78125
332 372 0.125
333 336 0.078125
333 339 0.1875
334 339 0.1875
334 343 0.1875
334 376 0.25
335 343 0.125
335 375 0.125
335 376 0.125
336 339 1.1875
336 340 0.0625
336 343 0.125
337 340 0.625
339 342 1.3125
339 343 0.375
340 343 1.5625
341 344 0.125
341 347 0.1875
342 347 0.0625
342 359 0.0625
343 359 0.0625
343 375 0.125
343 378 0.0625
343 380 0.125
344 347 0.1875
344 380 0.125
345 348 0.0625
345 380 0.25
347 355 0.0625
348 353 1.375
348 354 0.1875
349 352 1.1875
349 353 0.25
349 354 0.125
355 358 0.0625
357 360 0.125
358 361 0.0625
359 376 0.125
359 378 0.375
361 365 0.3125
361 366 0.195312
361 376 0.0625
362 365 0.820312
362 366 0.15625
363 366 0.820312
363 367 0.078125
364 367 0.15625
366 369 1.25
366 370 0.1875
366 376 0.0625
367 370 0.0625
369 372 0.4375
370 373 0.125
371 374 0.25
372 375 1.25
372 376 0.25
373 376 1.1875
373 377 0.25
373 382 0.0625
374 382 0.1875
377 381 0.0390625
377 382 0.234375
378 381 0.859375
378 382 0.078125
379 382 0.820312
379 383 0.0390625
380 383 0.15625
