L	Ls	nvertices	F_L	F_L_constrained	rho_sum	nloops	regions
  9	  0	  0	           0	           0	           0	 0	[(0, 9)]
 10	  0	  0	           0	           0	           0	 0	[(0, 10)]
 11	  0	  0	           0	           0	           0	 0	[(0, 11)]
 12	  0	  0	           0	           0	           0	 0	[(0, 12)]
 13	  0	  0	           0	           0	           0	 0	[(0, 13)]
 14	  0	  2	   -0.261066	   -0.261066	    0.251408	 0	[(0, 14)]
 15	  0	  4	   -0.261066	   -0.258366	    0.275565	 0	[(0, 15)]
 16	  0	  4	   -0.261066	   -0.258366	    0.275565	 0	[(0, 16)]
 17	  0	  4	   -0.261066	   -0.258366	    0.275565	 0	[(0, 17)]
 18	  0	  4	   -0.261066	   -0.258366	    0.275565	 0	[(0, 18)]
 19	  0	  4	   -0.261066	   -0.258366	    0.275565	 0	[(0, 19)]
 20	  0	  4	   -0.261066	   -0.258366	    0.275565	 0	[(0, 20)]
 21	  0	  7	   -0.261066	     3.62082	    0.596759	 1	[(0, 21)]
 22	  0	  9	   -0.261066	     2.09526	    0.548804	 1	[(0, 22)]
 23	  0	 11	   -0.261066	     4.17432	     5.75457	 0	[(0, 23)]
 24	  0	 12	   -0.261066	     4.03411	     6.24361	 0	[(0, 24)]
 25	  0	 13	   -0.261066	     4.61775	     6.56478	 0	[(0, 25)]
 26	  0	 13	   -0.261066	     4.61775	     6.56478	 0	[(0, 26)]
 27	  0	 13	   -0.261066	     4.61775	     6.56478	 0	[(0, 27)]
 28	  0	 13	   -0.261066	     4.61775	     6.56478	 0	[(0, 28)]
 29	  0	 14	   -0.261066	     4.41152	     6.72817	 0	[(0, 29)]
 30	  0	 14	   -0.261066	     4.41152	     6.72817	 0	[(0, 30)]
 31	  0	 14	   -0.261066	     4.41152	     6.72817	 0	[(0, 31)]
 32	  0	 14	   -0.261066	     4.41152	     6.72817	 0	[(0, 32)]
 33	  0	 16	   -0.261066	     4.29784	      6.9253	 0	[(0, 33)]
 34	  0	 18	   -0.261066	     4.34615	     6.86399	 0	[(0, 34)]
 35	  0	 18	   -0.261066	     4.34615	     6.86399	 0	[(0, 35)]
 36	  0	 18	   -0.261066	     4.34615	     6.86399	 0	[(0, 36)]
 37	 17	 14	   -0.261066	     4.60139	     6.57457	 0	[(17, 37)]
 38	 17	 14	   -0.261066	     4.60139	     6.57457	 0	[(17, 38)]
 39	 17	 14	   -0.261066	     4.60139	     6.57457	 0	[(17, 39)]
 40	 17	 14	   -0.261066	     4.60139	     6.57457	 0	[(17, 40)]
 41	 17	 14	   -0.261066	     4.60139	     6.57457	 0	[(17, 41)]
 42	 17	 14	   -0.261066	     4.60139	     6.57457	 0	[(17, 42)]
 43	 17	 14	   -0.261066	     4.60139	     6.57457	 0	[(17, 43)]
 44	 17	 14	   -0.261066	     4.60139	     6.57457	 0	[(17, 44)]
 45	 17	 14	   -0.261066	     4.60139	     6.57457	 0	[(17, 45)]
 46	 17	 14	   -0.261066	     4.60139	     6.57457	 0	[(17, 46)]
 47	 17	 17	   -0.261066	     4.24042	     8.56399	 0	[(17, 47)]
 48	 17	 19	   -0.261066	     5.23607	     8.91579	 0	[(17, 48)]
 49	 17	 19	   -0.261066	     5.23607	     8.91579	 0	[(17, 49)]
 50	 17	 19	   -0.261066	     5.23607	     8.91579	 0	[(17, 50)]
 51	 17	 19	   -0.261066	     5.23607	     8.91579	 0	[(17, 51)]
 52	 17	 19	   -0.261066	     5.23607	     8.91579	 0	[(17, 52)]
 53	 17	 19	   -0.261066	     5.23607	     8.91579	 0	[(17, 53)]
 54	 17	 19	   -0.261066	     5.23607	     8.91579	 0	[(17, 54)]
 55	 17	 19	   -0.261066	     5.23607	     8.91579	 0	[(17, 55)]
 56	 17	 19	   -0.261066	     5.23607	     8.91579	 0	[(17, 56)]
 57	 17	 19	   -0.261066	     5.23607	     8.91579	 0	[(17, 57)]
 58	 50	  5	   -0.261066	     4.28095	      2.7986	 1	[(50, 58)]
 59	 50	  7	   -0.261066	     5.52881	     4.72405	 1	[(50, 59)]
 60	 50	  8	   -0.261066	     4.84591	     6.96427	 1	[(50, 60)]
 61	 50	 10	   -0.261066	     5.12623	     8.93954	 1	[(50, 61)]
 62	 50	 11	   -0.261066	      3.9478	     9.99761	 1	[(50, 62)]
 63	 50	 12	   -0.261066	     4.29587	     10.5529	 1	[(50, 63)]
 64	 50	 12	   -0.261066	     4.29587	     10.5529	 1	[(50, 64)]
 65	 50	 12	   -0.261066	     4.29587	     10.5529	 1	[(50, 65)]
 66	 50	 12	   -0.261066	     4.29587	     10.5529	 1	[(50, 66)]
 67	 50	 12	   -0.261066	     4.29587	     10.5529	 1	[(50, 67)]
 68	 50	 12	   -0.261066	     4.29587	     10.5529	 1	[(50, 68)]
 69	 50	 12	   -0.261066	     4.29587	     10.5529	 1	[(50, 69)]
 70	 50	 12	   -0.261066	     4.29587	     10.5529	 1	[(50, 70)]
 71	 50	 12	   -0.261066	     4.29587	     10.5529	 1	[(50, 71)]
 72	 50	 15	   -0.261066	     3.17539	     13.0111	 1	[(50, 72)]
 73	 50	 17	   -0.261066	     3.92305	     13.2287	 1	[(50, 73)]
 74	 50	 17	   -0.261066	     3.92305	     13.2287	 1	[(50, 74)]
 75	 50	 17	   -0.261066	     3.92305	     13.2287	 1	[(50, 75)]
 76	 50	 17	   -0.261066	     3.92305	     13.2287	 1	[(50, 76)]
 77	 72	  4	   -0.261066	     4.03792	    0.265832	 1	[(72, 77)]
 78	 72	  6	   -0.261066	      2.2199	     0.27171	 1	[(72, 78)]
 79	 72	  8	   -0.261066	     5.28665	     5.72754	 0	[(72, 79)]
 80	 72	  9	   -0.261066	     4.97134	      6.0307	 0	[(72, 80)]
 81	 72	 10	   -0.261066	     4.53537	     6.32895	 0	[(72, 81)]
 82	 72	 11	   -0.261066	     4.38103	     6.99709	 0	[(72, 82)]
 83	 72	 12	   -0.261066	     3.95283	     8.40441	 0	[(72, 83)]
 84	 72	 13	   -0.261066	     3.90449	     9.28059	 0	[(72, 84)]
 85	 72	 14	   -0.261066	     3.90197	     10.0099	 0	[(72, 85)]
 86	 72	 15	   -0.261066	     3.44552	     11.0273	 0	[(72, 86)]
 87	 72	 16	   -0.261066	     4.01215	     10.7629	 0	[(72, 87)]
 88	 73	 16	   -0.261066	     4.00245	     10.5611	 0	[(73, 88)]
 89	 73	 17	   -0.261066	     4.00461	     10.4915	 0	[(73, 89)]
 90	 50	 37	   -0.261066	     2.97091	     34.7229	 2	[(50, 90)]
 91	 50	 39	   -0.261066	     3.00805	     36.3998	 2	[(50, 91)]
 92	 50	 39	   -0.261066	     3.00805	     36.3998	 2	[(50, 92)]
 93	 50	 40	   -0.261066	      2.8612	     36.5545	 2	[(50, 93)]
 94	 50	 41	   -0.261066	     6.89889	     36.5736	 3	[(50, 94)]
 95	 50	 41	   -0.261066	     6.89889	     36.5736	 3	[(50, 95)]
 96	 50	 41	   -0.261066	     6.89889	     36.5736	 3	[(50, 96)]
 97	 50	 41	   -0.261066	     6.89889	     36.5736	 3	[(50, 97)]
 98	 94	  3	   -0.261066	     3.89904	     0.29781	 1	[(94, 98)]
 99	 94	  5	   -0.261066	     2.36811	    0.270047	 1	[(94, 99)]
100	 94	  7	   -0.261066	     4.84042	     5.61542	 0	[(94, 100)]
101	 94	  8	   -0.261066	      4.6171	     6.03146	 0	[(94, 101)]
102	 94	  9	   -0.261066	     4.41426	      6.4483	 0	[(94, 102)]
103	 94	 10	   -0.261066	     4.33431	     7.80344	 0	[(94, 103)]
104	 94	 11	   -0.261066	      3.8363	      9.0249	 0	[(94, 104)]
105	 94	 12	   -0.261066	     3.11075	     10.1565	 0	[(94, 105)]
106	 94	 13	   -0.261066	     2.83831	        11.1	 0	[(94, 106)]
107	 94	 14	   -0.261066	     2.49441	     12.0456	 0	[(94, 107)]
108	 94	 15	   -0.261066	     2.07491	     13.0227	 0	[(94, 108)]
109	 94	 16	   -0.261066	     2.69827	     13.0595	 0	[(94, 109)]
110	 94	 16	   -0.261066	     2.69827	     13.0595	 0	[(94, 110)]
111	 94	 16	   -0.261066	     2.69827	     13.0595	 0	[(94, 111)]
112	 94	 16	   -0.261066	     2.69827	     13.0595	 0	[(94, 112)]
113	 94	 18	   -0.261066	     2.84082	     12.7913	 0	[(94, 113)]
114	 94	 18	   -0.261066	     2.84082	     12.7913	 0	[(94, 114)]
115	 94	 19	   -0.261066	     2.71206	     12.9173	 0	[(94, 115)]
116	 94	 20	   -0.261066	     2.66222	     12.9819	 0	[(94, 116)]
117	 94	 22	   -0.261066	     2.82083	     12.8194	 0	[(94, 117)]
118	 94	 22	   -0.261066	     2.82083	     12.8194	 0	[(94, 118)]
119	 94	 22	   -0.261066	     2.82083	     12.8194	 0	[(94, 119)]
120	 94	 22	   -0.261066	     2.82083	     12.8194	 0	[(94, 120)]
121	 94	 22	   -0.261066	     2.82083	     12.8194	 0	[(94, 121)]
122	 94	 22	   -0.261066	     2.82083	     12.8194	 0	[(94, 122)]
123	 94	 22	   -0.261066	     2.82083	     12.8194	 0	[(94, 123)]
124	 94	 24	   -0.261066	     2.68551	     12.9476	 0	[(94, 124)]
125	 94	 24	   -0.261066	     2.68551	     12.9476	 0	[(94, 125)]
126	 94	 24	   -0.261066	     2.68551	     12.9476	 0	[(94, 126)]
127	 94	 24	   -0.261066	     2.68551	     12.9476	 0	[(94, 127)]
128	 94	 24	   -0.261066	     2.68551	     12.9476	 0	[(94, 128)]
129	 94	 24	   -0.261066	     2.68551	     12.9476	 0	[(94, 129)]
130	 94	 24	   -0.261066	     2.68551	     12.9476	 0	[(94, 130)]
131	 94	 24	   -0.261066	     2.68551	     12.9476	 0	[(94, 131)]
132	 94	 24	   -0.261066	     2.68551	     12.9476	 0	[(94, 132)]
133	 94	 24	   -0.261066	     2.68551	     12.9476	 0	[(94, 133)]
134	 94	 24	   -0.261066	     2.68551	     12.9476	 0	[(94, 134)]
135	 94	 24	   -0.261066	     2.68551	     12.9476	 0	[(94, 135)]
136	 94	 24	   -0.261066	     2.68551	     12.9476	 0	[(94, 136)]
137	 94	 24	   -0.261066	     2.68551	     12.9476	 0	[(94, 137)]
138	 94	 24	   -0.261066	     2.68551	     12.9476	 0	[(94, 138)]
139	 94	 24	   -0.261066	     2.68551	     12.9476	 0	[(94, 139)]
140	 94	 24	   -0.261066	     2.68551	     12.9476	 0	[(94, 140)]
141	 94	 24	   -0.261066	     2.68551	     12.9476	 0	[(94, 141)]
142	 94	 27	   -0.261066	     2.52258	     13.1165	 0	[(94, 142)]
143	 94	 28	   -0.261066	      2.5307	     13.1128	 0	[(94, 143)]
144	 94	 29	   -0.261066	     2.54515	     13.0962	 0	[(94, 144)]
145	 94	 30	   -0.261066	     2.53689	     13.1032	 0	[(94, 145)]
146	 94	 31	   -0.261066	     2.52468	     13.1153	 0	[(94, 146)]
147	 94	 31	   -0.261066	     2.52468	     13.1153	 0	[(94, 147)]
148	 94	 31	   -0.261066	     2.52468	     13.1153	 0	[(94, 148)]
149	 94	 31	   -0.261066	     2.52468	     13.1153	 0	[(94, 149)]
150	 94	 31	   -0.261066	     2.52468	     13.1153	 0	[(94, 150)]
151	 94	 31	   -0.261066	     2.52468	     13.1153	 0	[(94, 151)]
152	 94	 31	   -0.261066	     2.52468	     13.1153	 0	[(94, 152)]
153	 94	 31	   -0.261066	     2.52468	     13.1153	 0	[(94, 153)]
154	 94	 31	   -0.261066	     2.52468	     13.1153	 0	[(94, 154)]
155	 94	 32	   -0.261066	     2.37183	     13.2957	 0	[(94, 155)]
156	 94	 33	   -0.261066	     2.35054	     13.3638	 0	[(94, 156)]
157	 94	 35	   -0.261066	     4.29706	     17.0757	 0	[(94, 157)]
158	 94	 35	   -0.261066	     4.29706	     17.0757	 0	[(94, 158)]
159	 94	 35	   -0.261066	     4.29706	     17.0757	 0	[(94, 159)]
160	 94	 35	   -0.261066	     4.29706	     17.0757	 0	[(94, 160)]
161	 94	 35	   -0.261066	     4.29706	     17.0757	 0	[(94, 161)]
162	 94	 35	   -0.261066	     4.29706	     17.0757	 0	[(94, 162)]
163	 94	 35	   -0.261066	     4.29706	     17.0757	 0	[(94, 163)]
164	 94	 35	   -0.261066	     4.29706	     17.0757	 0	[(94, 164)]
165	 94	 35	   -0.261066	     4.29706	     17.0757	 0	[(94, 165)]
166	 94	 35	   -0.261066	     4.29706	     17.0757	 0	[(94, 166)]
167	 94	 35	   -0.261066	     4.29706	     17.0757	 0	[(94, 167)]
168	 94	 35	   -0.261066	     4.29706	     17.0757	 0	[(94, 168)]
169	 94	 35	   -0.261066	     4.29706	     17.0757	 0	[(94, 169)]
170	 94	 35	   -0.261066	     4.29706	     17.0757	 0	[(94, 170)]
171	 94	 35	   -0.261066	     4.29706	     17.0757	 0	[(94, 171)]
172	 94	 35	   -0.261066	     4.29706	     17.0757	 0	[(94, 172)]
173	 94	 35	   -0.261066	     4.29706	     17.0757	 0	[(94, 173)]
174	 94	 35	   -0.261066	     4.29706	     17.0757	 0	[(94, 174)]
175	 94	 35	   -0.261066	     4.29706	     17.0757	 0	[(94, 175)]
176	 94	 35	   -0.261066	     4.29706	     17.0757	 0	[(94, 176)]
177	 94	 37	   -0.261066	     5.07447	     19.5199	 0	[(94, 177)]
178	 94	 39	   -0.261066	     5.67551	     21.4013	 0	[(94, 178)]
179	 94	 41	   -0.261066	     6.76039	     20.8625	 0	[(94, 179)]
180	 94	 42	   -0.261066	     5.60204	     19.0258	 0	[(94, 180)]
181	155	 11	   -0.261066	     12.7548	     7.61705	 1	[(155, 181)]
182	155	 12	   -0.261066	     10.7111	     8.76935	 1	[(155, 182)]
183	155	 13	   -0.261066	      11.472	     9.06825	 1	[(155, 183)]
184	155	 14	   -0.261066	       11.58	     9.47121	 1	[(155, 184)]
185	155	 14	   -0.261066	       11.58	     9.47121	 1	[(155, 185)]
186	155	 14	   -0.261066	       11.58	     9.47121	 1	[(155, 186)]
187	155	 14	   -0.261066	       11.58	     9.47121	 1	[(155, 187)]
188	155	 14	   -0.261066	       11.58	     9.47121	 1	[(155, 188)]
189	155	 14	   -0.261066	       11.58	     9.47121	 1	[(155, 189)]
190	155	 14	   -0.261066	       11.58	     9.47121	 1	[(155, 190)]
191	155	 16	   -0.261066	     11.3214	     9.71309	 1	[(155, 191)]
192	155	 16	   -0.261066	     11.3214	     9.71309	 1	[(155, 192)]
193	155	 16	   -0.261066	     11.3214	     9.71309	 1	[(155, 193)]
194	155	 16	   -0.261066	     11.3214	     9.71309	 1	[(155, 194)]
195	191	  3	   -0.261066	     3.90406	    0.309411	 1	[(191, 195)]
196	191	  5	   -0.261066	     2.37102	    0.273001	 1	[(191, 196)]
197	191	  7	   -0.261066	     4.99708	     5.77815	 0	[(191, 197)]
198	191	  8	   -0.261066	     5.60962	     6.24189	 0	[(191, 198)]
199	191	  9	   -0.261066	     5.52447	     6.79703	 0	[(191, 199)]
200	191	 10	   -0.261066	     5.60391	     7.44483	 0	[(191, 200)]
201	191	 11	   -0.261066	      5.8329	     8.27437	 0	[(191, 201)]
202	191	 12	   -0.261066	     5.76613	     9.28153	 0	[(191, 202)]
203	191	 13	   -0.261066	      5.7372	     10.2586	 0	[(191, 203)]
204	191	 14	   -0.261066	     5.69306	     11.0635	 0	[(191, 204)]
205	191	 15	   -0.261066	     6.17782	     10.2878	 0	[(191, 205)]
206	191	 16	   -0.261066	     6.24662	     9.65005	 0	[(191, 206)]
207	191	 17	   -0.261066	     6.23738	     9.73315	 0	[(191, 207)]
208	191	 18	   -0.261066	     6.15115	     9.84816	 0	[(191, 208)]
209	191	 18	   -0.261066	     6.15115	     9.84816	 0	[(191, 209)]
210	191	 18	   -0.261066	     6.15115	     9.84816	 0	[(191, 210)]
211	191	 18	   -0.261066	     6.15115	     9.84816	 0	[(191, 211)]
212	191	 18	   -0.261066	     6.15115	     9.84816	 0	[(191, 212)]
213	191	 18	   -0.261066	     6.15115	     9.84816	 0	[(191, 213)]
214	191	 18	   -0.261066	     6.15115	     9.84816	 0	[(191, 214)]
215	191	 21	   -0.261066	     5.89239	     9.92638	 0	[(191, 215)]
216	191	 22	   -0.261066	     5.88339	     9.98897	 0	[(191, 216)]
217	191	 22	   -0.261066	     5.88339	     9.98897	 0	[(191, 217)]
218	191	 24	   -0.261066	     5.90877	     10.0008	 0	[(191, 218)]
219	191	 24	   -0.261066	     5.90877	     10.0008	 0	[(191, 219)]
220	191	 24	   -0.261066	     5.90877	     10.0008	 0	[(191, 220)]
221	191	 24	   -0.261066	     5.90877	     10.0008	 0	[(191, 221)]
222	191	 24	   -0.261066	     5.90877	     10.0008	 0	[(191, 222)]
223	191	 25	   -0.261066	     5.46279	     11.0191	 0	[(191, 223)]
224	191	 26	   -0.261066	     6.78682	     16.9867	 0	[(191, 224)]
225	191	 27	   -0.261066	     7.53857	     17.6293	 0	[(191, 225)]
226	191	 28	   -0.261066	      7.6431	     18.1629	 0	[(191, 226)]
227	191	 29	   -0.261066	     7.77039	     18.1357	 0	[(191, 227)]
228	191	 29	   -0.261066	     7.77039	     18.1357	 0	[(191, 228)]
229	191	 29	   -0.261066	     7.77039	     18.1357	 0	[(191, 229)]
230	191	 29	   -0.261066	     7.77039	     18.1357	 0	[(191, 230)]
231	191	 29	   -0.261066	     7.77039	     18.1357	 0	[(191, 231)]
232	191	 29	   -0.261066	     7.77039	     18.1357	 0	[(191, 232)]
233	191	 29	   -0.261066	     7.77039	     18.1357	 0	[(191, 233)]
234	191	 29	   -0.261066	     7.77039	     18.1357	 0	[(191, 234)]
235	191	 31	   -0.261066	     7.51501	      18.372	 0	[(191, 235)]
236	191	 31	   -0.261066	     7.51501	      18.372	 0	[(191, 236)]
237	191	 31	   -0.261066	     7.51501	      18.372	 0	[(191, 237)]
238	191	 31	   -0.261066	     7.51501	      18.372	 0	[(191, 238)]
239	191	 31	   -0.261066	     7.51501	      18.372	 0	[(191, 239)]
240	191	 31	   -0.261066	     7.51501	      18.372	 0	[(191, 240)]
241	236	  3	   -0.261066	     3.94734	    0.263206	 1	[(236, 241)]
242	236	  4	   -0.261066	     4.77554	       2.415	 1	[(236, 242)]
243	236	  6	   -0.261066	     5.54908	      4.6156	 1	[(236, 243)]
244	236	  7	   -0.261066	     5.47532	     5.69462	 1	[(236, 244)]
245	236	  7	   -0.261066	     5.47532	     5.69462	 1	[(236, 245)]
246	236	  7	   -0.261066	     5.47532	     5.69462	 1	[(236, 246)]
247	236	  7	   -0.261066	     5.47532	     5.69462	 1	[(236, 247)]
248	236	  7	   -0.261066	     5.47532	     5.69462	 1	[(236, 248)]
249	236	  7	   -0.261066	     5.47532	     5.69462	 1	[(236, 249)]
250	236	  7	   -0.261066	     5.47532	     5.69462	 1	[(236, 250)]
251	236	  7	   -0.261066	     5.47532	     5.69462	 1	[(236, 251)]
252	236	  7	   -0.261066	     5.47532	     5.69462	 1	[(236, 252)]
253	236	  7	   -0.261066	     5.47532	     5.69462	 1	[(236, 253)]
254	236	  7	   -0.261066	     5.47532	     5.69462	 1	[(236, 254)]
255	249	  5	   -0.261066	     3.92484	    0.290651	 1	[(249, 255)]
256	249	  7	   -0.265199	   -0.265199	    0.280331	 0	[(249, 256)]
257	249	  9	   -0.265199	   -0.184266	    0.189453	 0	[(249, 257)]
258	249	 10	   -0.265199	   -0.197929	     0.20472	 0	[(249, 258)]
259	236	 18	   -0.265199	     5.26427	     5.91338	 1	[(236, 259)]
260	249	 12	   -0.265199	   -0.224047	     0.23254	 0	[(249, 260)]
261	249	 13	   -0.265199	      4.7775	      6.1695	 0	[(249, 261)]
262	249	 14	   -0.265199	     4.33421	     6.32361	 0	[(249, 262)]
263	249	 15	   -0.265199	     3.78187	      7.5941	 0	[(249, 263)]
264	249	 16	   -0.265199	     2.75725	     8.79771	 0	[(249, 264)]
265	249	 17	   -0.265199	     2.44294	     9.71303	 0	[(249, 265)]
266	249	 18	   -0.265199	     2.34372	       10.49	 0	[(249, 266)]
267	249	 19	   -0.265199	     2.88673	      10.446	 0	[(249, 267)]
268	249	 19	   -0.265199	     2.88673	      10.446	 0	[(249, 268)]
269	249	 19	   -0.265199	     2.88673	      10.446	 0	[(249, 269)]
270	244	 26	   -0.265199	     3.97454	     18.2066	 1	[(244, 270)]
271	244	 28	   -0.265199	     3.07502	     20.2078	 0	[(244, 271)]
272	244	 29	   -0.265199	     3.18269	     22.4843	 0	[(244, 272)]
273	244	 30	   -0.265199	     3.87679	      22.709	 0	[(244, 273)]
274	244	 30	   -0.265199	     3.87679	      22.709	 0	[(244, 274)]
275	244	 30	   -0.265199	     3.87679	      22.709	 0	[(244, 275)]
276	244	 30	   -0.265199	     3.87679	      22.709	 0	[(244, 276)]
277	244	 32	   -0.265199	     4.09283	     20.9865	 0	[(244, 277)]
278	244	 32	   -0.265199	     4.09283	     20.9865	 0	[(244, 278)]
279	244	 32	   -0.265199	     4.09283	     20.9865	 0	[(244, 279)]
280	244	 32	   -0.265199	     4.09283	     20.9865	 0	[(244, 280)]
281	244	 32	   -0.265199	     4.09283	     20.9865	 0	[(244, 281)]
282	279	  2	   -0.265199	     3.70674	    0.318205	 1	[(279, 282)]
283	279	  4	   -0.265199	     2.24889	    0.300681	 1	[(279, 283)]
284	279	  6	   -0.265199	     4.12355	     5.14218	 0	[(279, 284)]
285	279	  7	   -0.265199	     3.91949	     5.62514	 0	[(279, 285)]
286	279	  8	   -0.265199	       3.735	     6.72552	 0	[(279, 286)]
287	279	  9	   -0.265199	     3.39532	      7.9599	 0	[(279, 287)]
288	279	 10	   -0.265199	     3.15511	     8.94795	 0	[(279, 288)]
289	279	 11	   -0.265199	     2.77194	     9.97906	 0	[(279, 289)]
290	279	 12	   -0.265199	     2.52272	      10.936	 0	[(279, 290)]
291	279	 13	   -0.265199	     2.22166	     11.9391	 0	[(279, 291)]
292	279	 14	   -0.265199	     1.75223	     12.9868	 0	[(279, 292)]
293	279	 15	   -0.265199	     2.35724	     13.0882	 0	[(279, 293)]
294	279	 16	   -0.265199	     2.64301	     12.7205	 0	[(279, 294)]
295	279	 16	   -0.265199	     2.64301	     12.7205	 0	[(279, 295)]
296	279	 17	   -0.265199	     2.46054	     12.9508	 0	[(279, 296)]
297	279	 17	   -0.265199	     2.46054	     12.9508	 0	[(279, 297)]
298	279	 18	   -0.265199	     2.31371	       13.09	 0	[(279, 298)]
299	279	 18	   -0.265199	     2.31371	       13.09	 0	[(279, 299)]
300	279	 19	   -0.265199	     2.05256	     13.3254	 0	[(279, 300)]
301	279	 20	   -0.265199	     2.05618	     13.3621	 0	[(279, 301)]
302	279	 20	   -0.265199	     2.05618	     13.3621	 0	[(279, 302)]
303	279	 20	   -0.265199	     2.05618	     13.3621	 0	[(279, 303)]
304	279	 20	   -0.265199	     2.05618	     13.3621	 0	[(279, 304)]
305	279	 20	   -0.265199	     2.05618	     13.3621	 0	[(279, 305)]
306	279	 20	   -0.265199	     2.05618	     13.3621	 0	[(279, 306)]
307	279	 20	   -0.265199	     2.05618	     13.3621	 0	[(279, 307)]
308	303	  4	   -0.265199	       4.019	    0.293022	 1	[(303, 308)]
309	303	  6	   -0.265199	     2.21069	    0.280039	 1	[(303, 309)]
310	303	  8	   -0.265199	     4.88145	     5.79538	 0	[(303, 310)]
311	303	  9	   -0.265199	     4.86758	      6.2229	 0	[(303, 311)]
312	303	 10	   -0.265199	     4.79109	     6.67026	 0	[(303, 312)]
313	303	 11	   -0.265199	     4.58449	     7.71415	 0	[(303, 313)]
314	303	 12	   -0.265199	     3.95046	     9.14865	 0	[(303, 314)]
315	303	 13	   -0.265199	     3.68989	     10.1338	 0	[(303, 315)]
316	303	 14	   -0.265199	      3.6706	     10.8901	 0	[(303, 316)]
317	244	 72	   -0.265199	     3.26333	     62.5852	 2	[(244, 317)]
318	 50	211	    -3.18577	    -3.18577	     166.138	 9	[(50, 318)]
319	 50	212	    -5.07252	    -5.07252	     167.105	 9	[(50, 319)]
320	 50	213	    -6.32895	    -6.32895	     168.062	 9	[(50, 320)]
321	 50	214	    -12.9083	    -12.9083	     169.607	 9	[(50, 321)]
322	 50	215	    -14.4514	    -14.4514	     171.136	 9	[(50, 322)]
323	 50	216	    -14.4514	    -14.1232	      171.76	 9	[(50, 323)]
324	 50	218	    -14.4514	    -12.0271	     172.406	 9	[(50, 324)]
325	 50	218	    -14.4514	    -12.0271	     172.406	 9	[(50, 325)]
326	 50	219	    -14.4514	    -12.1647	     172.575	 9	[(50, 326)]
327	 50	219	    -14.4514	    -12.1647	     172.575	 9	[(50, 327)]
328	 50	220	    -14.4514	     -12.313	     172.686	 9	[(50, 328)]
329	 50	220	    -14.4514	     -12.313	     172.686	 9	[(50, 329)]
330	 50	220	    -14.4514	     -12.313	     172.686	 9	[(50, 330)]
331	 50	220	    -14.4514	     -12.313	     172.686	 9	[(50, 331)]
332	 50	220	    -14.4514	     -12.313	     172.686	 9	[(50, 332)]
333	 50	223	    -14.4514	    -12.0314	      174.84	 9	[(50, 333)]
334	 50	225	    -14.4514	    -12.5066	     170.634	 9	[(50, 334)]
335	 50	225	    -14.4514	    -12.5066	     170.634	 9	[(50, 335)]
336	 50	225	    -14.4514	    -12.5066	     170.634	 9	[(50, 336)]
337	 50	225	    -14.4514	    -12.5066	     170.634	 9	[(50, 337)]
338	 50	226	    -14.4514	    -12.5763	     173.067	 9	[(50, 338)]
339	 50	227	    -14.4514	    -11.1354	     177.409	 9	[(50, 339)]
340	 28	239	    -14.4514	    -5.98591	       173.8	10	[(28, 340)]
341	 50	228	    -14.4514	    -3.85633	     178.093	10	[(50, 341)]
342	 50	229	    -14.4514	    -1.80037	     176.688	11	[(50, 342)]
343	 50	229	    -14.4514	    -1.80037	     176.688	11	[(50, 343)]
344	 50	231	    -14.4514	    -3.26336	     173.327	11	[(50, 344)]
345	 50	232	    -14.4514	    -1.43141	     176.432	11	[(50, 345)]
346	 28	245	    -14.4514	    -1.71419	      190.96	11	[(28, 346)]
347	 28	246	    -14.4514	    -1.96598	     191.672	11	[(28, 347)]
348	 28	247	    -14.4514	    -2.23867	     192.304	11	[(28, 348)]
349	 28	248	    -14.4514	      -3.319	     193.877	11	[(28, 349)]
350	 28	249	    -14.4514	    -3.53146	     194.758	11	[(28, 350)]
351	 28	250	    -14.4514	    -4.17464	     195.703	11	[(28, 351)]
352	 28	251	    -14.4514	    -5.63261	     197.061	11	[(28, 352)]
353	 28	252	    -14.4514	    -5.88506	     197.791	11	[(28, 353)]
354	 28	253	    -14.4514	    -5.34344	     197.572	11	[(28, 354)]
355	 28	254	    -14.4514	    -5.04247	     196.704	11	[(28, 355)]
356	 28	255	    -14.4514	    -7.64375	     193.372	11	[(28, 356)]
357	 28	256	    -14.4514	     -7.6975	     191.281	11	[(28, 357)]
358	 28	257	    -14.4514	    -7.56205	     193.103	11	[(28, 358)]
359	 28	258	    -14.4514	    -6.82914	     198.144	11	[(28, 359)]
360	 28	259	    -14.4514	    -9.09363	     202.223	11	[(28, 360)]
361	 28	260	    -14.4514	    -11.5773	     203.317	11	[(28, 361)]
362	 28	261	    -14.4514	    -13.0438	     204.311	11	[(28, 362)]
363	 28	262	    -14.4514	    -13.7397	     205.221	11	[(28, 363)]
364	 28	264	     -15.354	     -15.354	     200.596	11	[(28, 364)]
365	 28	264	     -15.354	     -15.354	     200.596	11	[(28, 365)]
366	 50	253	     -15.354	    -11.7392	      194.21	10	[(50, 366)]
367	 50	253	     -15.354	    -11.7392	      194.21	10	[(50, 367)]
368	 50	253	     -15.354	    -11.7392	      194.21	10	[(50, 368)]
369	 50	253	     -15.354	    -11.7392	      194.21	10	[(50, 369)]
370	 50	253	     -15.354	    -11.7392	      194.21	10	[(50, 370)]
371	 28	270	     -15.354	    -8.04657	     199.782	13	[(28, 371)]
372	 28	272	     -15.354	    -9.80769	     199.861	13	[(28, 372)]
373	 28	274	     -15.354	    -12.1647	     199.723	12	[(28, 373)]
374	 28	275	     -15.354	    -7.54885	     203.614	12	[(28, 374)]
375	 28	276	     -15.354	    -7.98748	     206.692	12	[(28, 375)]
376	 28	277	     -15.354	    -8.50441	     207.918	12	[(28, 376)]
377	 28	279	     -15.354	    -8.92922	     209.038	12	[(28, 377)]
378	 28	280	     -15.354	    -9.75455	     210.203	12	[(28, 378)]
379	 28	281	     -15.354	    -11.8598	     211.392	12	[(28, 379)]
380	 28	282	     -15.354	    -14.1262	     212.449	12	[(28, 380)]
381	 28	283	    -18.6791	    -18.6791	     213.532	12	[(28, 381)]
382	 28	284	      -25.15	      -25.15	     214.755	12	[(28, 382)]
383	 28	285	    -31.0675	    -31.0675	     215.832	12	[(28, 383)]
384	 28	286	    -38.2823	    -38.2823	     217.298	12	[(28, 384)]
385	 28	287	    -40.4803	    -40.4803	     218.274	12	[(28, 385)]
386	 28	288	    -40.4803	     -39.897	     218.776	12	[(28, 386)]
387	 28	288	    -40.4803	     -39.897	     218.776	12	[(28, 387)]
388	 28	289	    -40.4803	     -40.094	     218.989	12	[(28, 388)]
389	 28	290	    -40.9608	    -40.9608	     220.312	12	[(28, 389)]
390	 28	292	    -40.9608	    -39.3487	      218.74	12	[(28, 390)]
391	 28	292	    -40.9608	    -39.3487	      218.74	12	[(28, 391)]
392	 28	293	    -40.9608	    -39.5088	     218.892	12	[(28, 392)]
393	 28	293	    -40.9608	    -39.5088	     218.892	12	[(28, 393)]
394	 28	294	    -41.2819	    -41.2819	     219.822	12	[(28, 394)]
395	 28	296	    -41.2819	    -39.2853	     220.619	12	[(28, 395)]
396	 28	297	    -41.2819	    -39.2098	     221.062	12	[(28, 396)]
397	 28	297	    -41.2819	    -39.2098	     221.062	12	[(28, 397)]
398	 28	299	    -41.2819	    -39.1807	     221.021	12	[(28, 398)]
399	 28	299	    -41.2819	    -39.1807	     221.021	12	[(28, 399)]
400	 28	299	    -41.2819	    -39.1807	     221.021	12	[(28, 400)]
401	 28	299	    -41.2819	    -39.1807	     221.021	12	[(28, 401)]
402	 28	299	    -41.2819	    -39.1807	     221.021	12	[(28, 402)]
403	 28	299	    -41.2819	    -39.1807	     221.021	12	[(28, 403)]
404	 28	299	    -41.2819	    -39.1807	     221.021	12	[(28, 404)]
405	 28	299	    -41.2819	    -39.1807	     221.021	12	[(28, 405)]
406	 28	299	    -41.2819	    -39.1807	     221.021	12	[(28, 406)]
407	 28	299	    -41.2819	    -39.1807	     221.021	12	[(28, 407)]
408	 28	299	    -41.2819	    -39.1807	     221.021	12	[(28, 408)]
409	 28	299	    -41.2819	    -39.1807	     221.021	12	[(28, 409)]
410	 28	299	    -41.2819	    -39.1807	     221.021	12	[(28, 410)]
411	 28	299	    -41.2819	    -39.1807	     221.021	12	[(28, 411)]
412	 28	299	    -41.2819	    -39.1807	     221.021	12	[(28, 412)]
413	 28	299	    -41.2819	    -39.1807	     221.021	12	[(28, 413)]
414	 28	299	    -41.2819	    -39.1807	     221.021	12	[(28, 414)]
415	 28	299	    -41.2819	    -39.1807	     221.021	12	[(28, 415)]
416	 28	299	    -41.2819	    -39.1807	     221.021	12	[(28, 416)]
417	 28	299	    -41.2819	    -39.1807	     221.021	12	[(28, 417)]
418	 28	299	    -41.2819	    -39.1807	     221.021	12	[(28, 418)]
419	 28	299	    -41.2819	    -39.1807	     221.021	12	[(28, 419)]
420	 28	299	    -41.2819	    -39.1807	     221.021	12	[(28, 420)]
421	 28	299	    -41.2819	    -39.1807	     221.021	12	[(28, 421)]
422	 28	299	    -41.2819	    -39.1807	     221.021	12	[(28, 422)]
423	 28	299	    -41.2819	    -39.1807	     221.021	12	[(28, 423)]
424	 28	299	    -41.2819	    -39.1807	     221.021	12	[(28, 424)]
425	 28	299	    -41.2819	    -39.1807	     221.021	12	[(28, 425)]
426	 28	299	    -41.2819	    -39.1807	     221.021	12	[(28, 426)]
427	 28	299	    -41.2819	    -39.1807	     221.021	12	[(28, 427)]
428	 28	299	    -41.2819	    -39.1807	     221.021	12	[(28, 428)]
429	 28	299	    -41.2819	    -39.1807	     221.021	12	[(28, 429)]
430	 28	299	    -41.2819	    -39.1807	     221.021	12	[(28, 430)]
431	 28	299	    -41.2819	    -39.1807	     221.021	12	[(28, 431)]
432	 28	299	    -41.2819	    -39.1807	     221.021	12	[(28, 432)]
433	 28	299	    -41.2819	    -39.1807	     221.021	12	[(28, 433)]
434	 28	299	    -41.2819	    -39.1807	     221.021	12	[(28, 434)]
435	 28	299	    -41.2819	    -39.1807	     221.021	12	[(28, 435)]
436	 28	299	    -41.2819	    -39.1807	     221.021	12	[(28, 436)]
437	 28	299	    -41.2819	    -39.1807	     221.021	12	[(28, 437)]
438	 28	299	    -41.2819	    -39.1807	     221.021	12	[(28, 438)]
439	 28	299	    -41.2819	    -39.1807	     221.021	12	[(28, 439)]
440	 28	299	    -41.2819	    -39.1807	     221.021	12	[(28, 440)]
441	 28	299	    -41.2819	    -39.1807	     221.021	12	[(28, 441)]
442	 28	299	    -41.2819	    -39.1807	     221.021	12	[(28, 442)]
443	 28	299	    -41.2819	    -39.1807	     221.021	12	[(28, 443)]
444	 28	299	    -41.2819	    -39.1807	     221.021	12	[(28, 444)]
445	 28	299	    -41.2819	    -39.1807	     221.021	12	[(28, 445)]
446	 28	299	    -41.2819	    -39.1807	     221.021	12	[(28, 446)]
447	 28	299	    -41.2819	    -39.1807	     221.021	12	[(28, 447)]
448	 28	299	    -41.2819	    -39.1807	     221.021	12	[(28, 448)]
449	 28	300	    -41.2819	    -39.3104	     221.069	12	[(28, 449)]
450	 28	302	    -41.2819	    -36.5435	     225.793	12	[(28, 450)]
451	 28	303	    -41.2819	    -27.1709	     228.458	13	[(28, 451)]
452	 28	304	    -41.2819	    -27.5267	     228.749	13	[(28, 452)]
453	 28	305	    -41.2819	    -26.9709	     229.052	13	[(28, 453)]
454	 28	306	    -41.2819	    -26.8682	     229.315	13	[(28, 454)]
455	 28	307	    -41.2819	    -26.9005	     231.025	13	[(28, 455)]
456	 28	308	    -41.2819	    -26.9113	     229.496	13	[(28, 456)]
457	 28	309	    -41.2819	    -26.9242	      234.77	13	[(28, 457)]
458	 28	310	    -41.2819	    -27.2766	     236.036	13	[(28, 458)]
459	 28	311	    -41.2819	    -27.6163	     237.225	13	[(28, 459)]
460	 28	312	    -41.2819	    -28.9636	     238.394	13	[(28, 460)]
461	 28	313	    -41.2819	    -29.1298	     239.304	13	[(28, 461)]
462	 28	314	    -41.2819	    -29.6509	     240.477	13	[(28, 462)]
463	 28	315	    -41.2819	    -30.6396	     241.557	13	[(28, 463)]
464	 28	317	    -41.2819	    -31.2623	      242.42	13	[(28, 464)]
465	 28	318	    -41.2819	    -31.8228	     243.489	13	[(28, 465)]
466	 28	319	    -41.2819	    -31.9867	     244.362	13	[(28, 466)]
467	 28	320	    -41.2819	    -32.3393	     245.239	13	[(28, 467)]
468	 28	322	    -41.2819	    -32.0559	     250.391	13	[(28, 468)]
469	 28	325	    -41.2819	     -33.342	     252.644	13	[(28, 469)]
470	 28	326	    -41.2819	    -33.7341	     253.338	13	[(28, 470)]
471	 28	328	    -41.2819	     -34.202	     254.562	13	[(28, 471)]
472	 28	329	    -41.2819	    -33.8732	      255.22	13	[(28, 472)]
473	 28	332	    -41.2819	    -32.6925	     257.913	13	[(28, 473)]
474	 28	333	    -41.2819	    -33.5119	     259.248	13	[(28, 474)]
475	 28	334	    -41.2819	    -33.6789	     260.026	13	[(28, 475)]
476	 28	334	    -41.2819	    -33.6789	     260.026	13	[(28, 476)]
477	 28	335	    -41.2819	    -32.5118	     260.733	14	[(28, 477)]
478	 28	336	    -41.2819	    -33.4919	     261.966	14	[(28, 478)]
479	 28	338	    -41.2819	    -35.4798	     264.181	13	[(28, 479)]
480	 28	339	    -41.2819	    -35.9637	     265.129	13	[(28, 480)]
481	 28	340	    -41.2819	    -36.9381	     266.199	13	[(28, 481)]
482	 28	341	    -41.2819	    -38.0236	     267.227	13	[(28, 482)]
483	 28	342	    -42.0403	    -42.0403	     269.953	13	[(28, 483)]
484	 28	343	    -42.5861	    -42.5861	     270.827	13	[(28, 484)]
485	 28	344	    -42.7153	    -42.7153	     271.591	13	[(28, 485)]
486	 28	345	    -42.9394	    -42.9394	       272.4	13	[(28, 486)]
487	  0	362	    -42.9394	    -36.0426	     278.793	15	[(0, 487)]
488	 28	348	    -42.9394	    -35.2424	     271.759	15	[(28, 488)]
489	 28	350	    -42.9394	     -35.571	     279.802	14	[(28, 489)]
490	 28	351	    -42.9394	    -37.1187	     282.139	14	[(28, 490)]
491	 28	352	    -42.9394	    -38.4415	     283.351	14	[(28, 491)]
492	 28	353	    -42.9394	     -38.213	     284.067	14	[(28, 492)]
493	 28	353	    -42.9394	     -38.213	     284.067	14	[(28, 493)]
494	 28	353	    -42.9394	     -38.213	     284.067	14	[(28, 494)]
495	 28	353	    -42.9394	     -38.213	     284.067	14	[(28, 495)]
496	 28	354	    -42.9394	    -38.3627	     284.314	14	[(28, 496)]
497	 28	354	    -42.9394	    -38.3627	     284.314	14	[(28, 497)]
498	 28	355	    -42.9394	    -38.5492	     284.303	14	[(28, 498)]
499	 28	355	    -42.9394	    -38.5492	     284.303	14	[(28, 499)]
500	 28	355	    -42.9394	    -38.5492	     284.303	14	[(28, 500)]
501	 28	355	    -42.9394	    -38.5492	     284.303	14	[(28, 501)]
502	 28	355	    -42.9394	    -38.5492	     284.303	14	[(28, 502)]
503	 28	355	    -42.9394	    -38.5492	     284.303	14	[(28, 503)]
504	 28	355	    -42.9394	    -38.5492	     284.303	14	[(28, 504)]
505	 28	355	    -42.9394	    -38.5492	     284.303	14	[(28, 505)]
506	 28	355	    -42.9394	    -38.5492	     284.303	14	[(28, 506)]
507	 28	355	    -42.9394	    -38.5492	     284.303	14	[(28, 507)]
508	 28	355	    -42.9394	    -38.5492	     284.303	14	[(28, 508)]
509	 28	355	    -42.9394	    -38.5492	     284.303	14	[(28, 509)]
510	 28	355	    -42.9394	    -38.5492	     284.303	14	[(28, 510)]
511	 28	355	    -42.9394	    -38.5492	     284.303	14	[(28, 511)]
512	 28	355	    -42.9394	    -38.5492	     284.303	14	[(28, 512)]
513	 28	355	    -42.9394	    -38.5492	     284.303	14	[(28, 513)]
514	 28	355	    -42.9394	    -38.5492	     284.303	14	[(28, 514)]
