L	Ls	nvertices	F_L	F_L_constrained	rho_sum	nloops	regions
 52	  0	  0	           0	           0	           0	 0	[(0, 52)]
 53	  0	  0	           0	           0	           0	 0	[(0, 53)]
 54	  0	  0	           0	           0	           0	 0	[(0, 54)]
 55	  0	  0	           0	           0	           0	 0	[(0, 55)]
 56	  0	  0	           0	           0	           0	 0	[(0, 56)]
 57	  0	  0	           0	           0	           0	 0	[(0, 57)]
 58	  0	  0	           0	           0	           0	 0	[(0, 58)]
 59	  0	  0	           0	           0	           0	 0	[(0, 59)]
 60	  0	  0	           0	           0	           0	 0	[(0, 60)]
 61	  0	  0	           0	           0	           0	 0	[(0, 61)]
 62	  0	  0	           0	           0	           0	 0	[(0, 62)]
 63	  0	  0	           0	           0	           0	 0	[(0, 63)]
 64	  0	  0	           0	           0	           0	 0	[(0, 64)]
 65	  0	  3	   -0.260127	   -0.260127	    0.263862	 0	[(0, 65)]
 66	  0	  4	   -0.260127	   -0.255945	    0.269923	 0	[(0, 66)]
 67	  0	  7	   -0.260127	   -0.235307	    0.244529	 0	[(0, 67)]
 68	  0	  8	   -0.260127	   -0.243361	    0.251201	 0	[(0, 68)]
 69	  0	  8	   -0.260127	   -0.243361	    0.251201	 0	[(0, 69)]
 70	  0	  8	   -0.260127	   -0.243361	    0.251201	 0	[(0, 70)]
 71	  0	  8	   -0.260127	   -0.243361	    0.251201	 0	[(0, 71)]
 72	  0	 10	   -0.500968	   -0.500968	    0.496294	 0	[(0, 72)]
 73	  0	 10	   -0.500968	   -0.500968	    0.496294	 0	[(0, 73)]
 74	  0	 12	   -0.758574	   -0.758574	    0.741387	 0	[(0, 74)]
 75	  0	 13	   -0.758574	     8.64599	    0.751362	 2	[(0, 75)]
 76	  0	 15	   -0.758574	     8.85806	    0.768167	 2	[(0, 76)]
 77	  0	 18	   -0.758574	     6.77874	    0.645425	 1	[(0, 77)]
 78	  0	 21	   -0.758574	     6.81476	    0.605829	 1	[(0, 78)]
 79	  0	 22	   -0.758574	     6.80318	    0.620042	 1	[(0, 79)]
 80	  0	 23	   -0.758574	     6.79144	    0.630078	 1	[(0, 80)]
 81	  0	 23	   -0.758574	     6.79144	    0.630078	 1	[(0, 81)]
 82	  0	 23	   -0.758574	     6.79144	    0.630078	 1	[(0, 82)]
 83	  0	 23	   -0.758574	     6.79144	    0.630078	 1	[(0, 83)]
 84	  0	 23	   -0.758574	     6.79144	    0.630078	 1	[(0, 84)]
 85	  0	 23	   -0.758574	     6.79144	    0.630078	 1	[(0, 85)]
 86	  0	 23	   -0.758574	     6.79144	    0.630078	 1	[(0, 86)]
 87	  0	 23	   -0.758574	     6.79144	    0.630078	 1	[(0, 87)]
 88	  0	 23	   -0.758574	     6.79144	    0.630078	 1	[(0, 88)]
 89	  0	 23	   -0.758574	     6.79144	    0.630078	 1	[(0, 89)]
 90	  0	 23	   -0.758574	     6.79144	    0.630078	 1	[(0, 90)]
 91	  0	 23	   -0.758574	     6.79144	    0.630078	 1	[(0, 91)]
 92	  0	 23	   -0.758574	     6.79144	    0.630078	 1	[(0, 92)]
 93	  0	 25	   -0.758574	     6.52986	     0.88243	 1	[(0, 93)]
 94	  0	 25	   -0.758574	     6.52986	     0.88243	 1	[(0, 94)]
 95	 82	  5	   -0.758574	     4.25095	    0.308356	 1	[(82, 95)]
 96	 82	  8	   -0.758574	     7.09425	      4.8369	 1	[(82, 96)]
 97	 82	 10	   -0.758574	       8.196	     6.31938	 1	[(82, 97)]
 98	 82	 12	   -0.758574	     9.08416	     7.67631	 1	[(82, 98)]
 99	 82	 13	   -0.758574	     7.35341	     10.5932	 1	[(82, 99)]
100	 82	 15	   -0.758574	     8.34712	     12.1434	 1	[(82, 100)]
101	 82	 18	   -0.758574	     9.23901	     14.5238	 1	[(82, 101)]
102	 82	 19	   -0.758574	     9.37509	     16.1191	 1	[(82, 102)]
103	 82	 21	   -0.758574	     10.6066	     15.8486	 1	[(82, 103)]
104	 82	 22	   -0.758574	     10.5112	     14.9393	 1	[(82, 104)]
105	 82	 23	   -0.758574	      9.9455	     18.2089	 1	[(82, 105)]
106	 82	 24	   -0.758574	     10.3365	     15.2765	 1	[(82, 106)]
107	 82	 24	   -0.758574	     10.3365	     15.2765	 1	[(82, 107)]
108	 82	 25	   -0.758574	     10.2023	     15.4773	 1	[(82, 108)]
109	 82	 26	   -0.758574	     10.2083	     15.4525	 1	[(82, 109)]
110	 82	 26	   -0.758574	     10.2083	     15.4525	 1	[(82, 110)]
111	 82	 26	   -0.758574	     10.2083	     15.4525	 1	[(82, 111)]
112	 82	 26	   -0.758574	     10.2083	     15.4525	 1	[(82, 112)]
113	 82	 26	   -0.758574	     10.2083	     15.4525	 1	[(82, 113)]
114	 82	 26	   -0.758574	     10.2083	     15.4525	 1	[(82, 114)]
115	 82	 26	   -0.758574	     10.2083	     15.4525	 1	[(82, 115)]
116	 75	 30	   -0.758574	     9.69497	     15.9393	 1	[(75, 116)]
117	 82	 29	   -0.758574	     9.94346	     15.7263	 1	[(82, 117)]
118	 82	 29	   -0.758574	     9.94346	     15.7263	 1	[(82, 118)]
119	 82	 29	   -0.758574	     9.94346	     15.7263	 1	[(82, 119)]
120	 82	 29	   -0.758574	     9.94346	     15.7263	 1	[(82, 120)]
121	 82	 30	   -0.758574	     9.81501	     15.8569	 1	[(82, 121)]
122	 82	 31	   -0.758574	     9.81801	     15.8647	 1	[(82, 122)]
123	 82	 32	   -0.758574	     9.82744	      18.326	 1	[(82, 123)]
124	 82	 33	   -0.758574	     9.28559	     21.3586	 1	[(82, 124)]
125	 82	 34	   -0.758574	     8.46207	     22.7932	 1	[(82, 125)]
126	 82	 35	   -0.758574	      8.9122	     23.1679	 1	[(82, 126)]
127	 82	 35	   -0.758574	      8.9122	     23.1679	 1	[(82, 127)]
128	 82	 35	   -0.758574	      8.9122	     23.1679	 1	[(82, 128)]
129	 82	 36	   -0.758574	     7.93141	     24.1629	 1	[(82, 129)]
130	 82	 37	   -0.758574	     8.05002	     24.3421	 1	[(82, 130)]
131	 82	 38	   -0.758574	     8.29923	     24.0729	 1	[(82, 131)]
132	 82	 39	   -0.758574	     8.33778	      23.983	 1	[(82, 132)]
133	 82	 40	   -0.758574	     8.09859	     24.3103	 1	[(82, 133)]
134	 82	 41	   -0.758574	     8.14252	     24.3065	 1	[(82, 134)]
135	 82	 42	   -0.758574	     8.18025	     24.2348	 1	[(82, 135)]
136	 82	 42	   -0.758574	     8.18025	     24.2348	 1	[(82, 136)]
137	 82	 43	   -0.758574	     8.01852	     24.4021	 1	[(82, 137)]
138	 82	 43	   -0.758574	     8.01852	     24.4021	 1	[(82, 138)]
139	 82	 43	   -0.758574	     8.01852	     24.4021	 1	[(82, 139)]
140	 82	 44	   -0.758574	     7.87921	     24.5448	 1	[(82, 140)]
141	 82	 44	   -0.758574	     7.87921	     24.5448	 1	[(82, 141)]
142	 82	 44	   -0.758574	     7.87921	     24.5448	 1	[(82, 142)]
143	 82	 44	   -0.758574	     7.87921	     24.5448	 1	[(82, 143)]
144	 82	 46	   -0.758574	     7.91179	     24.4698	 1	[(82, 144)]
145	 82	 48	   -0.758574	     7.77983	     24.6153	 1	[(82, 145)]
146	 82	 50	   -0.758574	      11.814	     30.8595	 1	[(82, 146)]
147	 82	 51	   -0.758574	     12.4808	     31.6964	 1	[(82, 147)]
148	 82	 51	   -0.758574	     12.4808	     31.6964	 1	[(82, 148)]
149	 82	 52	   -0.758574	     11.4368	      31.916	 1	[(82, 149)]
150	132	 14	   -0.758574	     9.10244	     8.28884	 1	[(132, 150)]
151	132	 17	   -0.758574	     11.5152	     9.92976	 1	[(132, 151)]
152	132	 18	   -0.758574	     11.6887	     12.5672	 1	[(132, 152)]
153	132	 18	   -0.758574	     11.6887	     12.5672	 1	[(132, 153)]
154	132	 18	   -0.758574	     11.6887	     12.5672	 1	[(132, 154)]
155	132	 18	   -0.758574	     11.6887	     12.5672	 1	[(132, 155)]
156	132	 20	   -0.758574	     11.4079	     13.9774	 1	[(132, 156)]
157	132	 20	   -0.758574	     11.4079	     13.9774	 1	[(132, 157)]
158	132	 21	   -0.758574	     11.1599	     14.2192	 1	[(132, 158)]
159	132	 21	   -0.758574	     11.1599	     14.2192	 1	[(132, 159)]
160	132	 22	   -0.758574	     10.8822	     14.4818	 1	[(132, 160)]
161	132	 22	   -0.758574	     10.8822	     14.4818	 1	[(132, 161)]
162	132	 23	   -0.758574	     10.7292	     14.7011	 1	[(132, 162)]
163	132	 23	   -0.758574	     10.7292	     14.7011	 1	[(132, 163)]
164	132	 23	   -0.758574	     10.7292	     14.7011	 1	[(132, 164)]
165	132	 25	   -0.758574	     10.8491	     12.5585	 1	[(132, 165)]
166	132	 25	   -0.758574	     10.8491	     12.5585	 1	[(132, 166)]
167	132	 25	   -0.758574	     10.8491	     12.5585	 1	[(132, 167)]
168	132	 25	   -0.758574	     10.8491	     12.5585	 1	[(132, 168)]
169	132	 25	   -0.758574	     10.8491	     12.5585	 1	[(132, 169)]
170	132	 30	   -0.758574	     3.95744	     12.0201	 0	[(132, 170)]
171	132	 31	   -0.758574	     18.6051	      12.041	 2	[(132, 171)]
172	132	 32	   -0.758574	     18.6982	     14.5861	 2	[(132, 172)]
173	132	 33	   -0.758574	     17.9478	     16.3701	 2	[(132, 173)]
174	132	 34	   -0.758574	     18.1913	     16.5921	 2	[(132, 174)]
175	132	 35	   -0.758574	     18.7421	     19.3164	 2	[(132, 175)]
176	132	 36	   -0.758574	     18.8325	      19.526	 2	[(132, 176)]
177	132	 36	   -0.758574	     18.8325	      19.526	 2	[(132, 177)]
178	132	 36	   -0.758574	     18.8325	      19.526	 2	[(132, 178)]
179	132	 37	   -0.758574	     23.0333	      19.704	 3	[(132, 179)]
180	132	 37	   -0.758574	     23.0333	      19.704	 3	[(132, 180)]
181	176	  4	   -0.758574	   -0.395243	    0.401022	 0	[(176, 181)]
182	176	  6	   -0.758574	     2.22405	    0.270361	 1	[(176, 182)]
183	176	  8	   -0.758574	   -0.173065	    0.179464	 0	[(176, 183)]
184	176	  9	   -0.758574	      5.8902	     6.35901	 0	[(176, 184)]
185	176	 10	   -0.758574	     5.91506	     6.76307	 0	[(176, 185)]
186	176	 11	   -0.758574	     5.14406	     6.95821	 0	[(176, 186)]
187	176	 12	   -0.758574	     5.80857	     7.27545	 0	[(176, 187)]
188	176	 13	   -0.758574	     6.13915	     7.36331	 0	[(176, 188)]
189	176	 13	   -0.758574	     6.13915	     7.36331	 0	[(176, 189)]
190	176	 13	   -0.758574	     6.13915	     7.36331	 0	[(176, 190)]
191	176	 13	   -0.758574	     6.13915	     7.36331	 0	[(176, 191)]
192	 75	116	   -0.758574	     5.69166	     88.1477	 5	[(75, 192)]
193	 75	117	   -0.758574	    0.606724	     95.5935	 5	[(75, 193)]
194	 75	118	    -1.53002	    -1.53002	     97.0781	 5	[(75, 194)]
195	 75	119	    -1.53002	   -0.887799	     97.5063	 5	[(75, 195)]
196	 75	120	    -1.53002	    -1.39114	     98.4564	 5	[(75, 196)]
197	 75	120	    -1.53002	    -1.39114	     98.4564	 5	[(75, 197)]
198	 75	121	    -1.58398	    -1.58398	     98.6625	 5	[(75, 198)]
199	 75	122	    -1.58398	    -1.56511	     98.6648	 5	[(75, 199)]
200	 75	122	    -1.58398	    -1.56511	     98.6648	 5	[(75, 200)]
201	 75	122	    -1.58398	    -1.56511	     98.6648	 5	[(75, 201)]
202	 75	122	    -1.58398	    -1.56511	     98.6648	 5	[(75, 202)]
203	 75	122	    -1.58398	    -1.56511	     98.6648	 5	[(75, 203)]
204	 75	122	    -1.58398	    -1.56511	     98.6648	 5	[(75, 204)]
205	 75	123	    -1.79136	    -1.79136	     98.8723	 5	[(75, 205)]
206	 75	123	    -1.79136	    -1.79136	     98.8723	 5	[(75, 206)]
207	 75	124	    -3.24593	    -3.24593	     101.079	 5	[(75, 207)]
208	 75	124	    -3.24593	    -3.24593	     101.079	 5	[(75, 208)]
209	 75	125	    -3.52603	    -3.52603	     101.348	 5	[(75, 209)]
210	 75	125	    -3.52603	    -3.52603	     101.348	 5	[(75, 210)]
211	 75	126	    -3.66914	    -3.66914	     101.481	 5	[(75, 211)]
212	 75	126	    -3.66914	    -3.66914	     101.481	 5	[(75, 212)]
213	 75	127	    -4.00072	    -4.00072	     101.848	 5	[(75, 213)]
214	 75	127	    -4.00072	    -4.00072	     101.848	 5	[(75, 214)]
215	 75	127	    -4.00072	    -4.00072	     101.848	 5	[(75, 215)]
216	 75	127	    -4.00072	    -4.00072	     101.848	 5	[(75, 216)]
217	 75	127	    -4.00072	    -4.00072	     101.848	 5	[(75, 217)]
218	 75	127	    -4.00072	    -4.00072	     101.848	 5	[(75, 218)]
219	 75	128	    -4.14139	    -4.14139	     101.987	 5	[(75, 219)]
220	 75	128	    -4.14139	    -4.14139	     101.987	 5	[(75, 220)]
221	 75	130	    -4.14139	     2.92288	      102.14	 6	[(75, 221)]
222	 75	132	    -4.14139	     1.64512	     104.585	 5	[(75, 222)]
223	 75	133	    -4.14139	    0.807916	     105.817	 5	[(75, 223)]
224	 75	134	    -4.14139	   -0.222416	     106.944	 5	[(75, 224)]
225	 75	138	    -4.14139	     5.46197	     107.583	 6	[(75, 225)]
226	214	  9	    -4.14139	     5.77491	    0.408832	 1	[(214, 226)]
227	214	 10	    -4.14139	     5.89134	    0.400989	 1	[(214, 227)]
228	214	 11	    -4.14139	     5.82007	    0.403833	 1	[(214, 228)]
229	214	 11	    -4.14139	     5.82007	    0.403833	 1	[(214, 229)]
230	214	 11	    -4.14139	     5.82007	    0.403833	 1	[(214, 230)]
231	227	136	    -4.14139	     3.48874	     107.252	 6	[(75, 224), (227, 231)]
232	227	139	    -4.14139	     2.12914	     107.205	 6	[(75, 224), (227, 232)]
233	227	141	    -4.14139	     5.72963	     112.796	 5	[(75, 224), (227, 233)]
234	227	142	    -4.14139	     5.68313	     113.236	 5	[(75, 224), (227, 234)]
235	227	143	    -4.14139	     5.72671	     113.707	 5	[(75, 224), (227, 235)]
236	227	144	    -4.14139	     6.33218	     114.012	 5	[(75, 224), (227, 236)]
237	227	144	    -4.14139	     6.33218	     114.012	 5	[(75, 224), (227, 237)]
238	227	145	    -4.14139	     6.08306	     114.188	 5	[(75, 224), (227, 238)]
239	227	145	    -4.14139	     6.08306	     114.188	 5	[(75, 224), (227, 239)]
240	227	147	    -4.14139	   -0.572544	     107.294	 5	[(75, 224), (227, 240)]
241	227	147	    -4.14139	   -0.572544	     107.294	 5	[(75, 224), (227, 241)]
242	227	147	    -4.14139	   -0.572544	     107.294	 5	[(75, 224), (227, 242)]
243	227	147	    -4.14139	   -0.572544	     107.294	 5	[(75, 224), (227, 243)]
244	227	149	    -4.14139	   -0.699228	     107.425	 5	[(75, 224), (227, 244)]
245	227	151	    -4.14139	   -0.683277	      107.42	 5	[(75, 224), (227, 245)]
246	227	153	    -4.14139	   -0.608372	     107.342	 5	[(75, 224), (227, 246)]
247	227	153	    -4.14139	   -0.608372	     107.342	 5	[(75, 224), (227, 247)]
248	 75	165	    -4.14139	     7.33205	     135.229	 6	[(75, 248)]
249	227	156	    -4.14139	   -0.670995	     107.406	 5	[(75, 224), (227, 249)]
250	227	158	    -4.14139	     6.34315	     114.056	 5	[(75, 224), (227, 250)]
251	227	158	    -4.14139	     6.34315	     114.056	 5	[(75, 224), (227, 251)]
252	227	158	    -4.14139	     6.34315	     114.056	 5	[(75, 224), (227, 252)]
253	227	159	    -4.14139	     6.82268	     116.611	 5	[(75, 224), (227, 253)]
254	227	161	    -4.14139	     7.85948	     117.016	 5	[(75, 224), (227, 254)]
255	227	162	    -4.14139	     8.39899	      117.39	 5	[(75, 224), (227, 255)]
256	227	162	    -4.14139	     8.39899	      117.39	 5	[(75, 224), (227, 256)]
257	227	162	    -4.14139	     8.39899	      117.39	 5	[(75, 224), (227, 257)]
258	227	162	    -4.14139	     8.39899	      117.39	 5	[(75, 224), (227, 258)]
259	227	162	    -4.14139	     8.39899	      117.39	 5	[(75, 224), (227, 259)]
260	227	162	    -4.14139	     8.39899	      117.39	 5	[(75, 224), (227, 260)]
261	227	165	    -4.14139	     8.14246	     117.675	 5	[(75, 224), (227, 261)]
262	227	165	    -4.14139	     8.14246	     117.675	 5	[(75, 224), (227, 262)]
263	227	165	    -4.14139	     8.14246	     117.675	 5	[(75, 224), (227, 263)]
264	227	165	    -4.14139	     8.14246	     117.675	 5	[(75, 224), (227, 264)]
265	227	165	    -4.14139	     8.14246	     117.675	 5	[(75, 224), (227, 265)]
266	227	165	    -4.14139	     8.14246	     117.675	 5	[(75, 224), (227, 266)]
267	227	165	    -4.14139	     8.14246	     117.675	 5	[(75, 224), (227, 267)]
268	227	165	    -4.14139	     8.14246	     117.675	 5	[(75, 224), (227, 268)]
269	227	165	    -4.14139	     8.14246	     117.675	 5	[(75, 224), (227, 269)]
270	227	165	    -4.14139	     8.14246	     117.675	 5	[(75, 224), (227, 270)]
271	227	165	    -4.14139	     8.14246	     117.675	 5	[(75, 224), (227, 271)]
272	227	165	    -4.14139	     8.14246	     117.675	 5	[(75, 224), (227, 272)]
273	227	166	    -4.14139	     7.95656	     117.859	 5	[(75, 224), (227, 273)]
274	227	168	    -4.14139	      7.8506	     117.973	 5	[(75, 224), (227, 274)]
275	227	169	    -4.14139	    -1.23317	     107.984	 5	[(75, 224), (227, 275)]
276	227	169	    -4.14139	    -1.23317	     107.984	 5	[(75, 224), (227, 276)]
277	227	169	    -4.14139	    -1.23317	     107.984	 5	[(75, 224), (227, 277)]
278	227	172	    -4.14139	    -1.62002	     108.352	 5	[(75, 224), (227, 278)]
279	227	172	    -4.14139	    -1.62002	     108.352	 5	[(75, 224), (227, 279)]
280	227	173	    -4.14139	    -1.74886	     108.475	 5	[(75, 224), (227, 280)]
281	227	173	    -4.14139	    -1.74886	     108.475	 5	[(75, 224), (227, 281)]
282	227	173	    -4.14139	    -1.74886	     108.475	 5	[(75, 224), (227, 282)]
283	227	174	    -4.14139	    -1.88572	     108.612	 5	[(75, 224), (227, 283)]
284	227	174	    -4.14139	    -1.88572	     108.612	 5	[(75, 224), (227, 284)]
285	227	176	    -4.14139	    0.312992	     111.773	 5	[(75, 224), (227, 285)]
286	227	176	    -4.14139	    0.312992	     111.773	 5	[(75, 224), (227, 286)]
287	227	176	    -4.14139	    0.312992	     111.773	 5	[(75, 224), (227, 287)]
288	227	177	    -4.14139	    -1.99247	      108.72	 5	[(75, 224), (227, 288)]
289	227	177	    -4.14139	    -1.99247	      108.72	 5	[(75, 224), (227, 289)]
290	227	177	    -4.14139	    -1.99247	      108.72	 5	[(75, 224), (227, 290)]
291	227	177	    -4.14139	    -1.99247	      108.72	 5	[(75, 224), (227, 291)]
292	227	179	    -4.14139	    -2.11638	     108.847	 5	[(75, 224), (227, 292)]
293	227	181	    -4.14139	    -2.10164	     108.844	 5	[(75, 224), (227, 293)]
294	227	181	    -4.14139	    -2.10164	     108.844	 5	[(75, 224), (227, 294)]
295	227	182	    -4.14139	     7.73776	     108.994	 7	[(75, 224), (227, 295)]
296	227	183	    -4.14139	     7.84738	      109.01	 7	[(75, 224), (227, 296)]
297	227	186	    -4.14139	     3.33683	     108.879	 6	[(75, 224), (227, 297)]
298	284	146	    -4.14139	     8.98444	     114.618	 6	[(75, 224), (284, 298)]
299	284	147	    -4.14139	     8.67597	     115.558	 6	[(75, 224), (284, 299)]
300	284	149	    -4.14139	     9.04682	     117.585	 6	[(75, 224), (284, 300)]
301	284	150	    -4.14139	     9.76858	      117.63	 6	[(75, 224), (284, 301)]
302	284	150	    -4.14139	     9.76858	      117.63	 6	[(75, 224), (284, 302)]
303	284	151	    -4.14139	      9.5675	     117.861	 6	[(75, 224), (284, 303)]
304	284	151	    -4.14139	      9.5675	     117.861	 6	[(75, 224), (284, 304)]
305	284	151	    -4.14139	      9.5675	     117.861	 6	[(75, 224), (284, 305)]
306	284	153	    -4.14139	     9.93605	     117.003	 6	[(75, 224), (284, 306)]
307	284	153	    -4.14139	     9.93605	     117.003	 6	[(75, 224), (284, 307)]
308	284	153	    -4.14139	     9.93605	     117.003	 6	[(75, 224), (284, 308)]
309	284	155	    -4.14139	     9.80729	     117.133	 6	[(75, 224), (284, 309)]
310	283	156	    -4.14139	     16.6622	     121.319	 7	[(75, 224), (283, 310)]
311	283	157	    -4.14139	     16.4575	     121.926	 7	[(75, 224), (283, 311)]
312	 75	229	    -4.14139	     13.4192	     188.283	 9	[(75, 312)]
313	 75	230	    -4.14139	     8.82375	     189.413	 9	[(75, 313)]
314	 75	231	    -4.14139	     1.92477	     190.529	 9	[(75, 314)]
315	 75	232	    -4.14139	   -0.900044	     191.828	 9	[(75, 315)]
316	 75	234	    -4.14139	    -1.45641	     193.126	 9	[(75, 316)]
317	 75	236	    -4.14139	    0.664472	     193.009	 9	[(75, 317)]
318	 75	237	    -4.14139	     1.02775	     192.634	 9	[(75, 318)]
319	 75	237	    -4.14139	     1.02775	     192.634	 9	[(75, 319)]
320	 75	238	    -4.14139	    0.899244	     192.766	 9	[(75, 320)]
321	 75	238	    -4.14139	    0.899244	     192.766	 9	[(75, 321)]
322	 75	238	    -4.14139	    0.899244	     192.766	 9	[(75, 322)]
323	 75	242	    -4.14139	      2.0588	     191.898	 9	[(75, 323)]
324	 75	243	    -4.14139	     3.32977	     196.869	 9	[(75, 324)]
325	 75	244	    -4.14139	     2.16763	     198.772	 9	[(75, 325)]
326	 75	245	    -4.14139	    0.601905	     199.858	 9	[(75, 326)]
327	 75	246	    -4.14139	    -2.44485	     200.976	 9	[(75, 327)]
328	 75	247	    -4.14139	    -1.80742	     201.376	 9	[(75, 328)]
329	 75	247	    -4.14139	    -1.80742	     201.376	 9	[(75, 329)]
330	 75	248	    -4.14139	    0.368162	     201.513	10	[(75, 330)]
331	 75	248	    -4.14139	    0.368162	     201.513	10	[(75, 331)]
332	 75	250	    -4.14139	    0.918205	     201.688	10	[(75, 332)]
333	329	  4	    -4.14139	   -0.258172	    0.274938	 0	[(329, 333)]
334	 75	253	    -4.14139	     -1.2652	     201.779	 9	[(75, 334)]
335	 75	254	    -4.14139	     1.59949	     207.232	 9	[(75, 335)]
336	 75	255	    -5.58854	    -5.58854	     208.831	 9	[(75, 336)]
337	 75	256	    -9.66602	    -9.66602	     209.962	 9	[(75, 337)]
338	 75	257	    -13.4797	    -13.4797	      210.99	 9	[(75, 338)]
339	 75	258	    -13.4797	    -10.4056	     211.484	10	[(75, 339)]
340	 75	259	    -14.5297	    -14.5297	     213.608	10	[(75, 340)]
341	 75	260	    -20.6424	    -20.6424	     215.889	10	[(75, 341)]
342	 75	263	    -25.6572	    -25.6572	     218.737	 9	[(75, 342)]
343	 75	264	    -26.8662	    -26.8662	      221.58	 9	[(75, 343)]
344	 75	265	    -28.4957	    -28.4957	     227.931	 9	[(75, 344)]
345	 75	266	    -29.3999	    -29.3999	     229.745	 9	[(75, 345)]
346	 75	267	    -29.3999	    -28.8577	     230.244	 9	[(75, 346)]
347	 75	268	    -29.3999	    -28.4493	     230.243	 9	[(75, 347)]
348	 75	269	    -29.3999	    -28.3101	     230.014	 9	[(75, 348)]
349	 75	270	    -29.3999	     -28.308	     230.004	 9	[(75, 349)]
350	 75	270	    -29.3999	     -28.308	     230.004	 9	[(75, 350)]
351	 75	270	    -29.3999	     -28.308	     230.004	 9	[(75, 351)]
352	 75	271	    -29.3999	    -28.5141	     230.373	 9	[(75, 352)]
353	 75	273	    -29.3999	    -28.4684	      230.22	 9	[(75, 353)]
354	 75	273	    -29.3999	    -28.4684	      230.22	 9	[(75, 354)]
355	 75	273	    -29.3999	    -28.4684	      230.22	 9	[(75, 355)]
356	 75	273	    -29.3999	    -28.4684	      230.22	 9	[(75, 356)]
357	 75	273	    -29.3999	    -28.4684	      230.22	 9	[(75, 357)]
358	 75	273	    -29.3999	    -28.4684	      230.22	 9	[(75, 358)]
359	 75	273	    -29.3999	    -28.4684	      230.22	 9	[(75, 359)]
360	 75	273	    -29.3999	    -28.4684	      230.22	 9	[(75, 360)]
361	 75	273	    -29.3999	    -28.4684	      230.22	 9	[(75, 361)]
362	 75	273	    -29.3999	    -28.4684	      230.22	 9	[(75, 362)]
363	 75	273	    -29.3999	    -28.4684	      230.22	 9	[(75, 363)]
364	 75	273	    -29.3999	    -28.4684	      230.22	 9	[(75, 364)]
365	 75	273	    -29.3999	    -28.4684	      230.22	 9	[(75, 365)]
366	 75	273	    -29.3999	    -28.4684	      230.22	 9	[(75, 366)]
367	 75	273	    -29.3999	    -28.4684	      230.22	 9	[(75, 367)]
368	 75	273	    -29.3999	    -28.4684	      230.22	 9	[(75, 368)]
369	 75	273	    -29.3999	    -28.4684	      230.22	 9	[(75, 369)]
370	 75	273	    -29.3999	    -28.4684	      230.22	 9	[(75, 370)]
371	 75	273	    -29.3999	    -28.4684	      230.22	 9	[(75, 371)]
372	 75	273	    -29.3999	    -28.4684	      230.22	 9	[(75, 372)]
373	 75	273	    -29.3999	    -28.4684	      230.22	 9	[(75, 373)]
374	 75	273	    -29.3999	    -28.4684	      230.22	 9	[(75, 374)]
375	 75	273	    -29.3999	    -28.4684	      230.22	 9	[(75, 375)]
376	 75	273	    -29.3999	    -28.4684	      230.22	 9	[(75, 376)]
377	 75	273	    -29.3999	    -28.4684	      230.22	 9	[(75, 377)]
378	 75	273	    -29.3999	    -28.4684	      230.22	 9	[(75, 378)]
379	 75	273	    -29.3999	    -28.4684	      230.22	 9	[(75, 379)]
380	 75	273	    -29.3999	    -28.4684	      230.22	 9	[(75, 380)]
381	 75	273	    -29.3999	    -28.4684	      230.22	 9	[(75, 381)]
382	 75	273	    -29.3999	    -28.4684	      230.22	 9	[(75, 382)]
383	 75	273	    -29.3999	    -28.4684	      230.22	 9	[(75, 383)]
384	 75	273	    -29.3999	    -28.4684	      230.22	 9	[(75, 384)]
385	 75	273	    -29.3999	    -28.4684	      230.22	 9	[(75, 385)]
386	 75	273	    -29.3999	    -28.4684	      230.22	 9	[(75, 386)]
387	 75	273	    -29.3999	    -28.4684	      230.22	 9	[(75, 387)]
388	 75	273	    -29.3999	    -28.4684	      230.22	 9	[(75, 388)]
389	 75	273	    -29.3999	    -28.4684	      230.22	 9	[(75, 389)]
390	 75	273	    -29.3999	    -28.4684	      230.22	 9	[(75, 390)]
391	 75	273	    -29.3999	    -28.4684	      230.22	 9	[(75, 391)]
392	 75	273	    -29.3999	    -28.4684	      230.22	 9	[(75, 392)]
