L	Ls	nvertices	F_L	F_L_constrained	rho_sum	nloops	regions
  6	  0	  0	           0	           0	           0	 0	[(0, 6)]
  7	  0	  0	           0	           0	           0	 0	[(0, 7)]
  8	  0	  0	           0	           0	           0	 0	[(0, 8)]
  9	  0	  0	           0	           0	           0	 0	[(0, 9)]
 10	  0	  0	           0	           0	           0	 0	[(0, 10)]
 11	  0	  0	           0	           0	           0	 0	[(0, 11)]
 12	  0	  0	           0	           0	           0	 0	[(0, 12)]
 13	  0	  0	           0	           0	           0	 0	[(0, 13)]
 14	  0	  0	           0	           0	           0	 0	[(0, 14)]
 15	  0	  0	           0	           0	           0	 0	[(0, 15)]
 16	  0	  0	           0	           0	           0	 0	[(0, 16)]
 17	  0	  0	           0	           0	           0	 0	[(0, 17)]
 18	  0	  0	           0	           0	           0	 0	[(0, 18)]
 19	  0	  0	           0	           0	           0	 0	[(0, 19)]
 20	  0	  6	   -0.384614	   -0.384614	    0.381686	 0	[(0, 20)]
 21	  0	  6	   -0.384614	   -0.384614	    0.381686	 0	[(0, 21)]
 22	  0	  9	   -0.384614	    -0.37641	    0.383315	 0	[(0, 22)]
 23	  0	 10	   -0.384614	     2.09026	    0.399083	 1	[(0, 23)]
 24	  0	 13	   -0.425028	   -0.425028	    0.430856	 0	[(0, 24)]
 25	  0	 14	    -0.43585	    -0.43585	    0.440495	 0	[(0, 25)]
 26	  0	 15	    -0.43585	     4.76422	     6.88907	 0	[(0, 26)]
 27	  0	 16	    -0.43585	     4.48345	     7.34775	 0	[(0, 27)]
 28	  0	 17	    -0.43585	     4.38489	     7.76441	 0	[(0, 28)]
 29	  0	 18	    -0.43585	     4.33999	     9.07469	 0	[(0, 29)]
 30	  0	 19	    -0.43585	     4.15882	     10.1823	 0	[(0, 30)]
 31	  0	 20	    -0.43585	     4.04769	     11.1995	 0	[(0, 31)]
 32	  0	 21	    -0.43585	      3.8838	     12.2376	 0	[(0, 32)]
 33	  0	 22	    -0.43585	     3.70059	     13.2504	 0	[(0, 33)]
 34	  0	 23	    -0.43585	     3.64073	     14.1816	 0	[(0, 34)]
 35	  0	 24	    -0.43585	      3.7502	     14.8275	 0	[(0, 35)]
 36	 18	 19	    -0.43585	     4.62596	     14.3337	 0	[(18, 36)]
 37	 18	 19	    -0.43585	     4.62596	     14.3337	 0	[(18, 37)]
 38	 18	 20	    -0.43585	     4.31696	     14.6421	 0	[(18, 38)]
 39	 18	 20	    -0.43585	     4.31696	     14.6421	 0	[(18, 39)]
 40	 18	 20	    -0.43585	     4.31696	     14.6421	 0	[(18, 40)]
 41	 18	 20	    -0.43585	     4.31696	     14.6421	 0	[(18, 41)]
 42	 18	 20	    -0.43585	     4.31696	     14.6421	 0	[(18, 42)]
 43	 18	 20	    -0.43585	     4.31696	     14.6421	 0	[(18, 43)]
 44	 18	 20	    -0.43585	     4.31696	     14.6421	 0	[(18, 44)]
 45	 18	 20	    -0.43585	     4.31696	     14.6421	 0	[(18, 45)]
 46	 41	  3	    -0.43585	     3.90417	     0.28557	 1	[(41, 46)]
 47	 41	  6	    -0.43585	     2.23721	     0.26985	 1	[(41, 47)]
 48	 41	  8	    -0.43585	   -0.172758	    0.178833	 0	[(41, 48)]
 49	 41	  9	    -0.43585	     5.36843	     6.18555	 0	[(41, 49)]
 50	 41	 10	    -0.43585	     5.26687	     6.57315	 0	[(41, 50)]
 51	 41	 11	    -0.43585	     4.91083	      6.9333	 0	[(41, 51)]
 52	 41	 12	    -0.43585	     4.62574	      7.2642	 0	[(41, 52)]
 53	 41	 13	    -0.43585	      4.5744	     8.58382	 0	[(41, 53)]
 54	 41	 14	    -0.43585	     4.55658	     9.51143	 0	[(41, 54)]
 55	 41	 15	    -0.43585	     5.06511	     9.03303	 0	[(41, 55)]
 56	 41	 15	    -0.43585	     5.06511	     9.03303	 0	[(41, 56)]
 57	 41	 16	    -0.43585	     4.84447	     9.59455	 0	[(41, 57)]
 58	 41	 17	    -0.43585	     4.85073	     9.62604	 0	[(41, 58)]
 59	 41	 18	    -0.43585	     4.86946	      9.5909	 0	[(41, 59)]
 60	 41	 19	    -0.43585	      10.723	     9.46579	 1	[(41, 60)]
 61	 41	 19	    -0.43585	      10.723	     9.46579	 1	[(41, 61)]
 62	 41	 19	    -0.43585	      10.723	     9.46579	 1	[(41, 62)]
 63	  0	 56	    -0.43585	     10.5943	     45.8543	 2	[(0, 63)]
 64	  0	 57	    -0.43585	     8.83083	     47.0063	 2	[(0, 64)]
 65	  0	 58	    -0.43585	     7.78222	     48.4282	 2	[(0, 65)]
 66	  0	 59	    -0.43585	     7.94341	     49.0998	 2	[(0, 66)]
 67	  0	 59	    -0.43585	     7.94341	     49.0998	 2	[(0, 67)]
 68	 64	  3	    -0.43585	     3.90179	    0.289854	 1	[(64, 68)]
 69	 64	  5	    -0.43585	      2.3561	    0.265529	 1	[(64, 69)]
 70	 64	  7	    -0.43585	     5.10704	     5.64284	 0	[(64, 70)]
 71	 64	  8	    -0.43585	     5.00045	      6.0676	 0	[(64, 71)]
 72	 64	  9	    -0.43585	     5.03482	      6.5322	 0	[(64, 72)]
 73	 64	 10	    -0.43585	      5.5983	     6.77659	 0	[(64, 73)]
 74	 64	 10	    -0.43585	      5.5983	     6.77659	 0	[(64, 74)]
 75	 64	 10	    -0.43585	      5.5983	     6.77659	 0	[(64, 75)]
 76	 64	 10	    -0.43585	      5.5983	     6.77659	 0	[(64, 76)]
 77	 64	 12	    -0.43585	     5.61389	     6.86804	 0	[(64, 77)]
 78	 64	 13	    -0.43585	     5.61954	      6.8433	 0	[(64, 78)]
 79	 64	 15	    -0.43585	     5.63699	     6.83648	 0	[(64, 79)]
 80	 64	 15	    -0.43585	     5.63699	     6.83648	 0	[(64, 80)]
 81	 64	 15	    -0.43585	     5.63699	     6.83648	 0	[(64, 81)]
 82	 64	 15	    -0.43585	     5.63699	     6.83648	 0	[(64, 82)]
 83	 64	 15	    -0.43585	     5.63699	     6.83648	 0	[(64, 83)]
 84	  0	 76	    -0.43585	     5.44626	     61.0569	 3	[(0, 84)]
 85	  0	 76	    -0.43585	     5.44626	     61.0569	 3	[(0, 85)]
 86	 64	 15	    -0.43585	     5.63699	     6.83648	 0	[(64, 86)]
 87	 64	 15	    -0.43585	     5.63699	     6.83648	 0	[(64, 87)]
 88	 64	 15	    -0.43585	     5.63699	     6.83648	 0	[(64, 88)]
 89	 64	 15	    -0.43585	     5.63699	     6.83648	 0	[(64, 89)]
 90	 64	 20	    -0.43585	     3.60299	    0.612456	 1	[(64, 90)]
 91	 64	 22	    -0.43585	     1.84929	    0.624882	 1	[(64, 91)]
 92	 84	  9	    -0.43585	   -0.185173	    0.191356	 0	[(84, 92)]
 93	 84	 10	    -0.43585	      5.5123	     6.11714	 0	[(84, 93)]
 94	 84	 11	    -0.43585	     5.46484	     6.53825	 0	[(84, 94)]
 95	 84	 12	    -0.43585	     5.34349	     6.94971	 0	[(84, 95)]
 96	 84	 13	    -0.43585	     5.24181	     7.37689	 0	[(84, 96)]
 97	 84	 14	    -0.43585	     4.96511	     7.78783	 0	[(84, 97)]
 98	 84	 15	    -0.43585	     4.89953	      7.9577	 0	[(84, 98)]
 99	 84	 16	    -0.43585	     5.02289	     8.05885	 0	[(84, 99)]
100	 84	 17	    -0.43585	     4.95113	     9.75012	 0	[(84, 100)]
101	 84	 18	    -0.43585	     4.88821	     10.9005	 0	[(84, 101)]
102	 84	 19	    -0.43585	     5.38709	      8.9552	 0	[(84, 102)]
103	 84	 19	    -0.43585	     5.38709	      8.9552	 0	[(84, 103)]
104	  0	 97	    -0.43585	      4.3367	     79.0219	 3	[(0, 104)]
105	  0	 98	    -0.43585	      2.9302	     80.4376	 3	[(0, 105)]
106	  0	 99	    -0.43585	     1.34855	     81.6473	 3	[(0, 106)]
107	  0	100	    -0.43585	    0.338566	     82.8759	 3	[(0, 107)]
108	  0	101	    -1.04374	    -1.04374	     85.5547	 3	[(0, 108)]
109	  0	102	    -1.43531	    -1.43531	      88.512	 3	[(0, 109)]
110	  0	103	    -1.43531	    -1.00591	     89.3266	 3	[(0, 110)]
111	  0	103	    -1.43531	    -1.00591	     89.3266	 3	[(0, 111)]
112	  0	103	    -1.43531	    -1.00591	     89.3266	 3	[(0, 112)]
113	  0	103	    -1.43531	    -1.00591	     89.3266	 3	[(0, 113)]
114	  0	103	    -1.43531	    -1.00591	     89.3266	 3	[(0, 114)]
115	  0	103	    -1.43531	    -1.00591	     89.3266	 3	[(0, 115)]
116	  0	106	    -1.43531	      3.4044	     89.3665	 4	[(0, 116)]
117	113	  4	    -1.43531	     2.24564	    0.294875	 1	[(113, 117)]
118	113	  6	    -1.43531	     4.54539	     5.24095	 0	[(113, 118)]
119	113	  7	    -1.43531	     4.40094	     5.74439	 0	[(113, 119)]
120	113	  8	    -1.43531	      4.2027	     6.21245	 0	[(113, 120)]
121	113	  9	    -1.43531	     4.04278	      7.6623	 0	[(113, 121)]
122	113	 10	    -1.43531	     3.64574	     8.81087	 0	[(113, 122)]
123	113	 11	    -1.43531	     3.54136	     9.71369	 0	[(113, 123)]
124	113	 12	    -1.43531	     3.40508	     10.6437	 0	[(113, 124)]
125	113	 13	    -1.43531	     3.27155	     11.5794	 0	[(113, 125)]
126	113	 14	    -1.43531	     2.76681	      12.759	 0	[(113, 126)]
127	113	 15	    -1.43531	     2.12692	     13.8919	 0	[(113, 127)]
128	113	 16	    -1.43531	     2.74507	     14.1107	 0	[(113, 128)]
129	113	 16	    -1.43531	     2.74507	     14.1107	 0	[(113, 129)]
130	  0	121	    -1.43531	     2.61941	     105.527	 5	[(0, 130)]
131	  0	122	    -1.43531	    0.930202	     106.562	 5	[(0, 131)]
132	  0	123	    -1.43531	   -0.129725	     107.575	 5	[(0, 132)]
133	  0	124	     -1.8779	     -1.8779	     108.638	 5	[(0, 133)]
134	  0	125	    -2.98323	    -2.98323	     109.616	 5	[(0, 134)]
135	  0	126	    -6.46676	    -6.46676	      111.63	 5	[(0, 135)]
136	  0	128	    -9.44134	    -9.44134	     113.722	 4	[(0, 136)]
137	  0	129	    -9.44134	    -8.84604	     114.228	 4	[(0, 137)]
138	  0	130	    -11.2374	    -11.2374	     117.684	 4	[(0, 138)]
139	  0	131	    -11.2374	      -10.76	     118.124	 4	[(0, 139)]
140	  0	132	    -11.2374	    -10.3046	     118.182	 4	[(0, 140)]
141	  0	133	    -11.2374	     -10.156	     117.989	 4	[(0, 141)]
142	  0	133	    -11.2374	     -10.156	     117.989	 4	[(0, 142)]
143	  0	134	    -11.2374	    -7.67495	     118.111	 5	[(0, 143)]
144	  0	135	    -11.2374	    -7.32179	     118.251	 5	[(0, 144)]
145	  0	137	    -11.2374	    -7.19676	     124.273	 4	[(0, 145)]
146	  0	138	    -11.2374	     -6.8757	     124.248	 4	[(0, 146)]
147	  0	139	    -11.2374	    -7.84199	     123.731	 4	[(0, 147)]
148	  0	140	    -11.2374	    -8.43373	     125.183	 4	[(0, 148)]
149	  0	141	    -11.2374	    -9.91773	     126.571	 4	[(0, 149)]
150	  0	142	    -11.2374	    -10.1862	     127.425	 4	[(0, 150)]
151	  0	143	    -11.2374	    -11.1302	     128.487	 4	[(0, 151)]
152	  0	144	     -12.557	     -12.557	     129.637	 4	[(0, 152)]
153	  0	145	     -12.557	    -12.0811	     130.134	 4	[(0, 153)]
154	  0	146	     -12.557	     -12.143	     130.839	 4	[(0, 154)]
155	  0	147	     -12.557	    -11.9201	     130.872	 4	[(0, 155)]
156	  0	148	     -12.557	    -11.7751	      130.49	 4	[(0, 156)]
157	  0	148	     -12.557	    -11.7751	      130.49	 4	[(0, 157)]
