nresidues = 312
0 130 0.44804
0 131 0.597386
3 27 0.149347
3 28 3.13628
3 29 1.04543
3 131 0.298693
4 7 1.86683
4 8 0.0933416
4 25 2.53889
4 26 0.149347
4 27 3.13628
4 28 0.298693
5 8 1.96017
5 9 0.0933416
5 25 3.13628
5 27 0.298693
5 84 0.149347
6 9 1.86683
6 10 0.0933416
6 25 0.896079
7 10 1.96017
7 11 0.373366
7 126 0.149347
8 11 1.86683
8 12 0.280026
8 126 0.298693
8 127 0.149347
9 12 1.86683
9 13 0.280026
9 18 0.298693
9 25 0.149347
9 110 0.149347
10 13 0.746733
11 126 0.44804
12 15 2.98693
12 16 0.746733
12 122 0.896079
12 123 0.44804
12 126 0.746733
15 111 0.149347
15 112 0.597386
15 114 0.746733
16 110 0.149347
16 111 3.13628
17 110 2.83758
17 111 0.746733
18 22 0.597386
18 109 2.98693
18 110 0.149347
19 22 0.44804
19 109 3.28562
19 111 0.149347
20 99 0.44804
20 102 0.597386
20 106 1.19477
20 107 2.83758
20 108 2.98693
20 109 0.44804
21 24 2.53889
21 106 0.597386
21 107 0.298693
21 108 0.597386
22 25 0.44804
23 26 0.149347
24 27 1.04543
24 106 0.746733
24 108 0.44804
27 84 0.746733
27 108 0.298693
28 84 0.149347
29 50 2.98693
29 52 0.298693
29 131 0.44804
30 49 0.149347
30 50 3.58432
30 131 0.746733
31 50 0.746733
31 51 0.746733
32 51 0.149347
32 127 0.149347
32 128 0.597386
32 131 0.896079
33 51 2.68824
33 52 0.149347
33 124 0.298693
33 128 0.149347
34 52 2.98693
34 54 0.44804
34 124 0.44804
34 127 0.149347
35 49 0.149347
35 51 0.44804
35 52 0.298693
35 53 3.13628
35 54 0.597386
36 40 0.0933416
36 54 0.597386
36 58 0.149347
36 59 0.746733
37 40 3.3603
37 41 0.560049
37 49 0.149347
37 78 0.298693
38 41 1.96017
38 42 0.280026
39 42 1.77349
39 43 1.68015
39 44 2.33354
39 45 0.746733
40 43 0.0933416
40 45 0.186683
40 77 0.149347
40 81 0.298693
41 59 0.149347
41 74 0.896079
41 77 0.149347
42 62 0.149347
46 81 0.44804
47 81 0.597386
48 81 3.43497
48 82 0.149347
49 78 0.149347
49 81 0.44804
49 82 0.298693
49 83 0.44804
49 84 0.149347
50 84 0.746733
51 84 0.746733
52 85 2.98693
53 86 2.98693
53 87 0.44804
54 87 3.43497
54 89 0.298693
54 119 0.149347
55 59 0.280026
55 87 0.149347
55 88 3.13628
55 89 0.298693
55 92 1.34412
56 59 2.14686
56 60 0.186683
56 89 0.597386
56 91 0.149347
56 92 0.149347
57 60 1.86683
57 61 0.0933416
57 91 0.597386
58 61 1.77349
58 62 0.186683
59 62 1.77349
59 63 0.466707
60 63 1.86683
60 64 0.653392
60 91 0.44804
60 92 1.64281
60 93 0.597386
60 94 0.597386
61 64 1.86683
61 65 0.466707
62 65 2.05351
62 66 0.0933416
62 74 0.149347
63 66 0.373366
63 71 0.597386
63 74 0.149347
63 92 0.149347
66 70 1.02676
66 71 0.373366
67 70 2.61356
67 71 0.280026
68 71 1.86683
68 72 0.933416
69 72 1.96017
69 73 0.186683
70 73 1.96017
70 74 0.373366
71 74 1.96017
71 75 0.373366
71 97 0.44804
72 75 1.58681
72 76 0.466707
72 100 0.896079
72 101 0.149347
73 76 1.86683
73 77 0.653392
74 77 2.05351
75 78 1.86683
75 79 0.373366
75 97 0.44804
75 98 0.44804
76 79 1.68015
76 80 0.186683
76 101 0.746733
76 105 1.04543
77 80 1.96017
77 81 0.280026
78 81 1.86683
78 83 0.0933416
79 82 0.186683
79 83 0.0933416
79 86 0.149347
79 101 0.44804
79 102 0.597386
79 105 0.597386
79 107 0.298693
83 107 0.298693
84 108 0.298693
85 107 0.149347
85 108 2.98693
86 108 0.149347
86 109 2.98693
86 110 0.597386
87 110 3.13628
88 92 0.44804
88 95 0.149347
88 109 0.149347
88 110 0.44804
88 111 2.98693
88 112 0.44804
89 92 0.44804
89 111 0.298693
89 112 2.98693
89 114 2.98693
90 93 0.149347
90 111 0.298693
90 112 0.298693
90 113 1.19477
90 114 0.149347
90 115 0.44804
91 115 0.149347
92 111 0.149347
95 98 1.86683
95 99 0.373366
96 99 1.86683
96 100 0.186683
97 100 1.86683
97 101 0.280026
98 101 1.96017
98 102 0.186683
99 102 1.86683
99 103 0.0933416
100 103 0.746733
101 104 0.0933416
101 105 0.186683
102 105 2.2402
102 106 1.21344
102 107 0.653392
102 109 0.298693
114 118 0.653392
114 119 0.186683
114 122 0.298693
115 118 2.2402
115 119 0.186683
116 119 1.86683
117 120 0.373366
117 121 0.186683
118 121 1.96017
118 122 0.466707
119 122 2.05351
119 123 1.77349
119 124 0.186683
120 124 1.77349
120 125 0.466707
121 125 0.560049
122 125 1.86683
122 126 0.186683
123 126 1.86683
123 127 0.280026
124 127 1.86683
124 128 0.560049
125 128 1.68015
125 129 0.653392
126 129 1.68015
126 130 0.653392
127 130 1.77349
127 131 0.186683
128 131 1.86683
129 132 0.0933416
129 184 0.896079
132 183 0.149347
132 184 0.149347
133 181 0.149347
133 182 0.298693
134 180 0.746733
134 181 2.98693
134 182 0.149347
135 180 2.98693
135 181 0.597386
135 255 0.149347
136 179 2.98693
136 180 0.44804
136 193 0.597386
137 150 0.149347
137 177 0.149347
137 178 2.53889
137 179 0.746733
137 181 0.149347
138 177 3.13628
138 179 0.298693
139 151 2.98693
139 176 2.68824
139 177 0.44804
139 179 0.746733
140 149 0.149347
140 150 3.13628
140 151 0.746733
140 159 0.149347
140 163 0.149347
140 175 2.98693
140 176 0.149347
141 149 2.98693
141 150 0.149347
141 173 2.83758
141 174 3.43497
141 175 0.298693
141 179 0.149347
141 190 0.44804
141 225 0.298693
142 147 0.149347
142 148 2.98693
142 149 0.597386
142 166 0.149347
142 172 3.43497
142 173 0.298693
143 146 0.896079
143 147 3.28562
143 171 3.13628
143 172 0.896079
143 220 0.746733
143 223 0.896079
144 147 0.896079
144 149 0.149347
144 171 1.04543
144 280 0.298693
145 171 0.44804
145 277 0.298693
145 280 0.298693
145 281 0.44804
145 284 0.149347
147 223 0.149347
147 224 2.53889
147 280 0.298693
147 283 0.298693
147 284 0.298693
148 223 0.149347
148 224 0.298693
148 225 2.83758
148 226 2.68824
148 227 0.298693
149 227 2.83758
149 229 0.149347
149 280 0.149347
150 179 0.149347
150 225 0.149347
150 227 0.44804
150 228 2.98693
150 229 0.44804
150 254 0.149347
151 159 0.149347
151 229 3.13628
152 159 0.44804
152 229 0.597386
152 230 4.4804
152 231 0.44804
153 159 0.44804
153 230 0.149347
153 231 0.149347
155 158 1.86683
155 159 0.560049
156 159 1.96017
156 160 0.280026
157 160 1.68015
157 161 0.653392
157 203 0.896079
158 161 1.58681
158 162 0.186683
158 266 0.149347
159 162 1.86683
159 163 0.186683
159 231 0.149347
160 163 1.96017
160 164 0.186683
160 176 0.44804
160 200 0.44804
160 201 0.298693
160 202 0.149347
161 164 1.86683
161 165 0.280026
161 203 0.597386
162 165 1.86683
162 166 0.373366
162 272 0.44804
162 273 0.149347
162 276 0.149347
163 166 1.86683
163 167 0.373366
163 200 0.149347
164 167 1.86683
164 168 0.560049
164 214 0.44804
165 168 1.86683
165 169 0.186683
165 273 0.44804
166 169 1.96017
166 170 1.58681
166 171 0.466707
166 273 0.597386
167 170 0.0933416
167 173 0.298693
167 210 0.298693
167 214 0.149347
169 274 0.44804
169 277 1.04543
171 218 0.44804
171 277 0.746733
172 217 0.149347
172 218 3.28562
172 219 0.149347
173 176 0.149347
173 198 0.597386
173 210 0.597386
173 218 0.44804
173 219 2.98693
173 220 0.149347
174 190 0.149347
174 191 0.149347
174 192 0.149347
174 197 0.149347
174 198 0.896079
174 220 0.597386
174 221 0.149347
175 179 0.298693
175 192 0.149347
176 200 0.298693
178 192 2.53889
178 193 1.9415
178 196 0.298693
179 191 2.98693
179 193 0.746733
180 190 2.83758
180 191 1.04543
180 193 0.597386
181 189 3.28562
181 225 0.149347
181 254 0.298693
181 255 0.149347
182 188 2.98693
182 189 0.896079
182 191 0.597386
182 222 0.746733
183 187 2.98693
183 255 0.298693
183 256 0.44804
183 257 0.149347
184 187 0.896079
184 189 0.149347
184 222 0.149347
187 224 1.04543
188 224 3.28562
188 225 0.44804
188 254 0.298693
188 255 0.149347
188 257 0.44804
188 259 0.149347
189 222 0.896079
189 223 3.58432
189 224 0.746733
189 225 0.298693
190 222 2.98693
190 223 0.149347
191 221 0.597386
192 196 0.0933416
192 197 0.186683
192 198 0.0933416
193 196 1.86683
193 197 0.0933416
194 197 0.373366
196 199 0.746733
198 208 0.149347
198 209 3.13628
198 210 0.44804
198 211 0.149347
198 219 0.298693
198 220 0.298693
199 207 0.149347
199 208 2.98693
199 209 0.44804
200 206 0.149347
200 207 3.13628
200 208 0.597386
200 210 0.149347
201 206 3.13628
201 207 0.298693
202 205 3.28562
202 206 0.746733
205 208 0.149347
208 213 0.896079
209 212 3.43497
209 213 0.597386
210 213 3.13628
210 214 2.98693
210 218 0.298693
211 214 2.83758
211 215 0.44804
211 216 0.597386
211 219 0.44804
214 218 0.597386
215 218 2.98693
215 219 0.149347
216 219 0.597386
225 259 0.298693
226 259 2.98693
226 260 0.149347
226 283 0.298693
227 260 3.13628
227 262 0.298693
227 280 0.298693
227 283 0.44804
228 252 0.298693
228 260 0.44804
228 261 3.13628
228 262 0.44804
229 262 2.83758
229 276 0.298693
230 261 0.298693
230 263 3.73366
230 264 0.149347
231 264 3.58432
231 272 0.149347
232 236 0.149347
232 263 1.04543
232 265 2.98693
233 266 0.149347
234 265 0.149347
239 244 0.44804
240 243 3.43497
241 244 2.68824
241 245 0.597386
242 245 2.68824
242 246 2.53889
242 247 1.04543
242 297 0.298693
245 293 0.298693
246 286 0.298693
246 291 0.298693
246 293 0.44804
247 291 0.597386
247 293 0.298693
247 297 0.149347
250 260 2.98693
250 261 0.597386
251 259 2.98693
251 260 0.149347
251 261 0.298693
252 257 0.149347
252 258 2.98693
252 259 0.896079
253 256 0.896079
253 257 3.28562
253 258 1.34412
254 257 0.746733
254 259 0.149347
260 283 0.44804
262 279 0.44804
262 282 1.04543
262 283 0.149347
264 275 0.298693
264 276 0.149347
265 270 0.149347
266 272 0.149347
267 270 0.746733
270 275 0.560049
271 274 1.96017
271 275 0.0933416
272 275 1.96017
272 276 0.186683
273 276 1.86683
273 277 0.280026
274 277 1.86683
274 278 0.186683
275 278 1.86683
275 279 0.186683
276 279 1.86683
276 280 0.186683
277 280 1.86683
277 281 0.280026
278 281 1.96017
278 282 0.186683
279 282 2.05351
279 283 0.186683
280 283 1.96017
280 284 0.373366
281 284 1.86683
281 285 0.466707
282 285 1.86683
282 286 1.21344
283 286 1.77349
283 287 0.186683
284 287 2.05351
284 288 0.280026
285 288 2.14686
285 289 1.86683
285 290 2.14686
286 289 0.0933416
286 290 0.373366
286 291 0.280026
290 295 0.840073
291 294 2.80026
291 295 0.186683
292 295 1.96017
292 296 0.186683
293 296 1.86683
293 297 0.373366
294 297 1.86683
294 298 0.280026
295 298 1.86683
295 299 0.186683
296 299 1.86683
296 300 0.560049
297 300 1.96017
297 301 0.186683
298 301 2.33354
298 302 0.186683
299 302 1.86683
299 303 0.746733
300 303 1.96017
300 304 0.186683
301 304 1.96017
301 305 0.186683
302 305 1.77349
302 306 0.933416
303 306 2.2402
303 307 0.186683
304 307 1.96017
304 308 0.186683
305 308 1.96017
305 309 0.653392
306 309 0.466707
