nresidues = 312
0 130 0.1875
0 131 0.25
3 27 0.0625
3 28 1.3125
3 29 0.4375
3 131 0.125
4 7 0.78125
4 8 0.0390625
4 25 1.0625
4 26 0.0625
4 27 1.3125
4 28 0.125
5 8 0.820312
5 9 0.0390625
5 25 1.3125
5 27 0.125
5 84 0.0625
6 9 0.78125
6 10 0.0390625
6 25 0.375
7 10 0.820312
7 11 0.15625
7 126 0.0625
8 11 0.78125
8 12 0.117188
8 126 0.125
8 127 0.0625
9 12 0.78125
9 13 0.117188
9 18 0.125
9 25 0.0625
9 110 0.0625
10 13 0.3125
11 126 0.1875
12 15 1.25
12 16 0.3125
12 122 0.375
12 123 0.1875
12 126 0.3125
15 111 0.0625
15 112 0.25
15 114 0.3125
16 110 0.0625
16 111 1.3125
17 110 1.1875
17 111 0.3125
18 22 0.25
18 109 1.25
18 110 0.0625
19 22 0.1875
19 109 1.375
19 111 0.0625
20 99 0.1875
20 102 0.25
20 106 0.5
20 107 1.1875
20 108 1.25
20 109 0.1875
21 24 1.0625
21 106 0.25
21 107 0.125
21 108 0.25
22 25 0.1875
23 26 0.0625
24 27 0.4375
24 106 0.3125
24 108 0.1875
27 84 0.3125
27 108 0.125
28 84 0.0625
29 50 1.25
29 52 0.125
29 131 0.1875
30 49 0.0625
30 50 1.5
30 131 0.3125
31 50 0.3125
31 51 0.3125
32 51 0.0625
32 127 0.0625
32 128 0.25
32 131 0.375
33 51 1.125
33 52 0.0625
33 124 0.125
33 128 0.0625
34 52 1.25
34 54 0.1875
34 124 0.1875
34 127 0.0625
35 49 0.0625
35 51 0.1875
35 52 0.125
35 53 1.3125
35 54 0.25
36 40 0.0390625
36 54 0.25
36 58 0.0625
36 59 0.3125
37 40 1.40625
37 41 0.234375
37 49 0.0625
37 78 0.125
38 41 0.820312
38 42 0.117188
39 42 0.742188
39 43 0.703125
39 44 0.976562
39 45 0.3125
40 43 0.0390625
40 45 0.078125
40 77 0.0625
40 81 0.125
41 59 0.0625
41 74 0.375
41 77 0.0625
42 62 0.0625
46 81 0.1875
47 81 0.25
48 81 1.4375
48 82 0.0625
49 78 0.0625
49 81 0.1875
49 82 0.125
49 83 0.1875
49 84 0.0625
50 84 0.3125
51 84 0.3125
52 85 1.25
53 86 1.25
53 87 0.1875
54 87 1.4375
54 89 0.125
54 119 0.0625
55 59 0.117188
55 87 0.0625
55 88 1.3125
55 89 0.125
55 92 0.5625
56 59 0.898438
56 60 0.078125
56 89 0.25
56 91 0.0625
56 92 0.0625
57 60 0.78125
57 61 0.0390625
57 91 0.25
58 61 0.742188
58 62 0.078125
59 62 0.742188
59 63 0.195312
60 63 0.78125
60 64 0.273438
60 91 0.1875
60 92 0.6875
60 93 0.25
60 94 0.25
61 64 0.78125
61 65 0.195312
62 65 0.859375
62 66 0.0390625
62 74 0.0625
63 66 0.15625
63 71 0.25
63 74 0.0625
63 92 0.0625
66 70 0.429688
66 71 0.15625
67 70 1.09375
67 71 0.117188
68 71 0.78125
68 72 0.390625
69 72 0.820312
69 73 0.078125
70 73 0.820312
70 74 0.15625
71 74 0.820312
71 75 0.15625
71 97 0.1875
72 75 0.664062
72 76 0.195312
72 100 0.375
72 101 0.0625
73 76 0.78125
73 77 0.273438
74 77 0.859375
75 78 0.78125
75 79 0.15625
75 97 0.1875
75 98 0.1875
76 79 0.703125
76 80 0.078125
76 101 0.3125
76 105 0.4375
77 80 0.820312
77 81 0.117188
78 81 0.78125
78 83 0.0390625
79 82 0.078125
79 83 0.0390625
79 86 0.0625
79 101 0.1875
79 102 0.25
79 105 0.25
79 107 0.125
83 107 0.125
84 108 0.125
85 107 0.0625
85 108 1.25
86 108 0.0625
86 109 1.25
86 110 0.25
87 110 1.3125
88 92 0.1875
88 95 0.0625
88 109 0.0625
88 110 0.1875
88 111 1.25
88 112 0.1875
89 92 0.1875
89 111 0.125
89 112 1.25
89 114 1.25
90 93 0.0625
90 111 0.125
90 112 0.125
90 113 0.5
90 114 0.0625
90 115 0.1875
91 115 0.0625
92 111 0.0625
95 98 0.78125
95 99 0.15625
96 99 0.78125
96 100 0.078125
97 100 0.78125
97 101 0.117188
98 101 0.820312
98 102 0.078125
99 102 0.78125
99 103 0.0390625
100 103 0.3125
101 104 0.0390625
101 105 0.078125
102 105 0.9375
102 106 0.507812
102 107 0.273438
102 109 0.125
114 118 0.273438
114 119 0.078125
114 122 0.125
115 118 0.9375
115 119 0.078125
116 119 0.78125
117 120 0.15625
117 121 0.078125
118 121 0.820312
118 122 0.195312
119 122 0.859375
119 123 0.742188
119 124 0.078125
120 124 0.742188
120 125 0.195312
121 125 0.234375
122 125 0.78125
122 126 0.078125
123 126 0.78125
123 127 0.117188
124 127 0.78125
124 128 0.234375
125 128 0.703125
125 129 0.273438
126 129 0.703125
126 130 0.273438
127 130 0.742188
127 131 0.078125
128 131 0.78125
129 132 0.0390625
129 184 0.375
132 183 0.0625
132 184 0.0625
133 181 0.0625
133 182 0.125
134 180 0.3125
134 181 1.25
134 182 0.0625
135 180 1.25
135 181 0.25
135 255 0.0625
136 179 1.25
136 180 0.1875
136 193 0.25
137 150 0.0625
137 177 0.0625
137 178 1.0625
137 179 0.3125
137 181 0.0625
138 177 1.3125
138 179 0.125
139 151 1.25
139 176 1.125
139 177 0.1875
139 179 0.3125
140 149 0.0625
140 150 1.3125
140 151 0.3125
140 159 0.0625
140 163 0.0625
140 175 1.25
140 176 0.0625
141 149 1.25
141 150 0.0625
141 173 1.1875
141 174 1.4375
141 175 0.125
141 179 0.0625
141 190 0.1875
141 225 0.125
142 147 0.0625
142 148 1.25
142 149 0.25
142 166 0.0625
142 172 1.4375
142 173 0.125
143 146 0.375
143 147 1.375
143 171 1.3125
143 172 0.375
143 220 0.3125
143 223 0.375
144 147 0.375
144 149 0.0625
144 171 0.4375
144 280 0.125
145 171 0.1875
145 277 0.125
145 280 0.125
145 281 0.1875
145 284 0.0625
147 223 0.0625
147 224 1.0625
147 280 0.125
147 283 0.125
147 284 0.125
148 223 0.0625
148 224 0.125
148 225 1.1875
148 226 1.125
148 227 0.125
149 227 1.1875
149 229 0.0625
149 280 0.0625
150 179 0.0625
150 225 0.0625
150 227 0.1875
150 228 1.25
150 229 0.1875
150 254 0.0625
151 159 0.0625
151 229 1.3125
152 159 0.1875
152 229 0.25
152 230 1.875
152 231 0.1875
153 159 0.1875
153 230 0.0625
153 231 0.0625
155 158 0.78125
155 159 0.234375
156 159 0.820312
156 160 0.117188
157 160 0.703125
157 161 0.273438
157 203 0.375
158 161 0.664062
158 162 0.078125
158 266 0.0625
159 162 0.78125
159 163 0.078125
159 231 0.0625
160 163 0.820312
160 164 0.078125
160 176 0.1875
160 200 0.1875
160 201 0.125
160 202 0.0625
161 164 0.78125
161 165 0.117188
161 203 0.25
162 165 0.78125
162 166 0.15625
162 272 0.1875
162 273 0.0625
162 276 0.0625
163 166 0.78125
163 167 0.15625
163 200 0.0625
164 167 0.78125
164 168 0.234375
164 214 0.1875
165 168 0.78125
165 169 0.078125
165 273 0.1875
166 169 0.820312
166 170 0.664062
166 171 0.195312
166 273 0.25
167 170 0.0390625
167 173 0.125
167 210 0.125
167 214 0.0625
169 274 0.1875
169 277 0.4375
171 218 0.1875
171 277 0.3125
172 217 0.0625
172 218 1.375
172 219 0.0625
173 176 0.0625
173 198 0.25
173 210 0.25
173 218 0.1875
173 219 1.25
173 220 0.0625
174 190 0.0625
174 191 0.0625
174 192 0.0625
174 197 0.0625
174 198 0.375
174 220 0.25
174 221 0.0625
175 179 0.125
175 192 0.0625
176 200 0.125
178 192 1.0625
178 193 0.8125
178 196 0.125
179 191 1.25
179 193 0.3125
180 190 1.1875
180 191 0.4375
180 193 0.25
181 189 1.375
181 225 0.0625
181 254 0.125
181 255 0.0625
182 188 1.25
182 189 0.375
182 191 0.25
182 222 0.3125
183 187 1.25
183 255 0.125
183 256 0.1875
183 257 0.0625
184 187 0.375
184 189 0.0625
184 222 0.0625
187 224 0.4375
188 224 1.375
188 225 0.1875
188 254 0.125
188 255 0.0625
188 257 0.1875
188 259 0.0625
189 222 0.375
189 223 1.5
189 224 0.3125
189 225 0.125
190 222 1.25
190 223 0.0625
191 221 0.25
192 196 0.0390625
192 197 0.078125
192 198 0.0390625
193 196 0.78125
193 197 0.0390625
194 197 0.15625
196 199 0.3125
198 208 0.0625
198 209 1.3125
198 210 0.1875
198 211 0.0625
198 219 0.125
198 220 0.125
199 207 0.0625
199 208 1.25
199 209 0.1875
200 206 0.0625
200 207 1.3125
200 208 0.25
200 210 0.0625
201 206 1.3125
201 207 0.125
202 205 1.375
202 206 0.3125
205 208 0.0625
208 213 0.375
209 212 1.4375
209 213 0.25
210 213 1.3125
210 214 1.25
210 218 0.125
211 214 1.1875
211 215 0.1875
211 216 0.25
211 219 0.1875
214 218 0.25
215 218 1.25
215 219 0.0625
216 219 0.25
225 259 0.125
226 259 1.25
226 260 0.0625
226 283 0.125
227 260 1.3125
227 262 0.125
227 280 0.125
227 283 0.1875
228 252 0.125
228 260 0.1875
228 261 1.3125
228 262 0.1875
229 262 1.1875
229 276 0.125
230 261 0.125
230 263 1.5625
230 264 0.0625
231 264 1.5
231 272 0.0625
232 236 0.0625
232 263 0.4375
232 265 1.25
233 266 0.0625
234 265 0.0625
239 244 0.1875
240 243 1.4375
241 244 1.125
241 245 0.25
242 245 1.125
242 246 1.0625
242 247 0.4375
242 297 0.125
245 293 0.125
246 286 0.125
246 291 0.125
246 293 0.1875
247 291 0.25
247 293 0.125
247 297 0.0625
250 260 1.25
250 261 0.25
251 259 1.25
251 260 0.0625
251 261 0.125
252 257 0.0625
252 258 1.25
252 259 0.375
253 256 0.375
253 257 1.375
253 258 0.5625
254 257 0.3125
254 259 0.0625
260 283 0.1875
262 279 0.1875
262 282 0.4375
262 283 0.0625
264 275 0.125
264 276 0.0625
265 270 0.0625
266 272 0.0625
267 270 0.3125
270 275 0.234375
271 274 0.820312
271 275 0.0390625
272 275 0.820312
272 276 0.078125
273 276 0.78125
273 277 0.117188
274 277 0.78125
274 278 0.078125
275 278 0.78125
275 279 0.078125
276 279 0.78125
276 280 0.078125
277 280 0.78125
277 281 0.117188
278 281 0.820312
278 282 0.078125
279 282 0.859375
279 283 0.078125
280 283 0.820312
280 284 0.15625
281 284 0.78125
281 285 0.195312
282 285 0.78125
282 286 0.507812
283 286 0.742188
283 287 0.078125
284 287 0.859375
284 288 0.117188
285 288 0.898438
285 289 0.78125
285 290 0.898438
286 289 0.0390625
286 290 0.15625
286 291 0.117188
290 295 0.351562
291 294 1.17188
291 295 0.078125
292 295 0.820312
292 296 0.078125
293 296 0.78125
293 297 0.15625
294 297 0.78125
294 298 0.117188
295 298 0.78125
295 299 0.078125
296 299 0.78125
296 300 0.234375
297 300 0.820312
297 301 0.078125
298 301 0.976562
298 302 0.078125
299 302 0.78125
299 303 0.3125
300 303 0.820312
300 304 0.078125
301 304 0.820312
301 305 0.078125
302 305 0.742188
302 306 0.390625
303 306 0.9375
303 307 0.078125
304 307 0.820312
304 308 0.078125
305 308 0.820312
305 309 0.273438
306 309 0.195312
