nresidues = 416
15 18 0.0625
15 97 0.0625
15 101 0.8125
16 100 0.0625
16 104 1
17 20 0.375
17 21 0.125
17 100 0.0625
18 21 1.25
18 97 0.625
18 100 0.0625
19 22 0.125
19 97 0.375
21 24 0.375
21 69 0.125
21 95 0.0625
21 96 1.1875
21 97 0.0625
21 100 0.0625
21 230 0.0625
21 231 0.375
22 72 0.0625
22 95 0.4375
22 97 0.3125
23 72 0.3125
23 75 0.0625
23 95 0.0625
24 69 0.375
24 70 1.3125
24 71 0.0625
24 94 1.1875
24 95 1.25
24 96 0.375
25 68 0.0625
25 69 1.1875
25 70 0.1875
25 75 0.1875
25 93 1.375
25 94 0.1875
26 52 0.0625
26 68 1.3125
26 91 1.1875
26 92 1.25
26 93 0.0625
27 66 0.0625
27 67 1.1875
27 68 0.1875
27 70 0.1875
27 79 0.125
27 89 0.0625
27 90 1.1875
27 91 0.0625
28 65 0.0625
28 66 1.1875
28 67 0.75
28 89 1.3125
28 90 0.25
28 92 0.125
28 380 0.25
28 381 0.0625
29 64 0.0625
29 65 1.25
29 66 0.25
29 68 0.125
29 82 0.125
29 88 1.25
29 89 0.0625
30 64 1.1875
30 65 0.125
30 88 0.625
31 36 0.351562
31 37 0.0390625
31 60 0.0625
31 61 0.0625
31 62 1.1875
31 63 1.1875
31 64 0.25
32 36 0.234375
32 62 1.1875
32 63 0.4375
33 36 1.09375
33 37 0.117188
34 37 0.898438
34 38 0.234375
35 38 0.78125
35 39 0.195312
36 39 0.78125
36 40 0.0390625
36 87 0.1875
37 40 0.78125
37 41 0.078125
37 60 0.125
37 61 0.125
38 41 0.859375
38 42 0.078125
39 42 0.78125
39 43 0.078125
39 81 0.0625
39 85 0.1875
40 43 0.898438
40 44 0.078125
40 51 0.125
41 44 0.78125
41 45 0.117188
41 57 0.25
42 45 0.898438
42 46 0.15625
43 46 0.78125
43 47 0.273438
43 78 0.0625
44 47 0.117188
44 49 0.0625
44 51 0.0625
48 71 0.5625
49 68 0.25
49 69 1.1875
49 70 0.0625
50 68 1.3125
50 69 1.0625
50 177 0.3125
50 231 0.0625
50 233 0.0625
51 54 1.1875
51 55 0.125
51 66 0.125
51 67 1.25
51 68 0.0625
51 177 0.125
51 233 0.1875
52 67 1.3125
52 69 0.0625
52 177 0.25
52 231 0.1875
52 304 0.125
52 385 0.5625
53 65 0.0625
53 66 1.25
53 67 0.1875
53 303 0.1875
53 304 0.625
53 376 0.25
54 59 0.1875
54 60 0.0625
54 354 0.3125
55 233 0.375
55 269 0.125
55 354 0.0625
56 59 1.25
56 60 0.0625
56 269 0.0625
57 60 0.25
59 260 0.375
59 354 1.125
59 355 0.0625
59 356 0.0625
60 64 0.125
60 66 0.25
61 64 0.25
61 353 0.0625
67 92 0.1875
67 304 0.3125
69 96 0.125
69 231 0.3125
70 74 0.25
70 75 0.125
70 78 0.0625
71 74 1.3125
71 75 0.0625
72 75 0.1875
74 77 0.78125
74 78 0.117188
75 78 0.78125
75 79 0.078125
76 79 0.78125
76 80 0.234375
77 80 0.78125
77 81 0.117188
78 81 0.78125
78 82 0.15625
79 82 0.820312
79 83 0.234375
79 89 0.5
80 83 0.78125
80 84 0.46875
81 84 0.976562
81 85 0.234375
82 85 0.742188
82 86 0.742188
82 87 0.117188
82 89 0.1875
83 86 0.078125
83 89 0.125
91 94 0.125
92 381 0.0625
93 96 0.125
93 99 0.0625
93 382 0.0625
95 98 0.742188
96 99 0.78125
96 100 0.117188
96 231 0.0625
96 386 0.0625
97 100 0.78125
97 101 0.507812
98 101 0.820312
98 102 0.078125
99 102 0.78125
99 383 0.0625
99 386 0.125
100 103 0.078125
100 104 0.078125
101 104 0.117188
102 105 0.078125
103 118 0.3125
103 179 0.125
103 230 0.3125
103 385 0.0625
103 386 0.6875
103 387 0.25
103 388 1.1875
103 389 0.3125
104 179 0.1875
104 226 0.0625
104 389 0.3125
105 388 0.3125
105 389 0.4375
105 390 0.4375
106 116 0.125
106 117 0.125
106 389 0.25
108 114 0.0625
108 117 0.25
110 117 0.0625
112 123 0.0625
113 119 0.5625
113 123 0.125
113 127 0.5625
113 186 0.25
114 117 0.25
114 119 0.25
115 127 0.5
115 186 0.25
115 187 0.1875
115 190 0.6875
115 392 0.0625
116 187 0.0625
116 389 0.125
116 392 0.1875
116 393 0.4375
117 389 0.5625
117 392 0.25
118 179 0.5625
118 180 0.125
118 226 0.25
118 387 0.3125
118 388 0.125
118 389 0.125
118 392 0.3125
119 123 0.078125
119 124 0.117188
119 186 0.0625
119 222 0.25
120 123 0.820312
120 124 0.078125
120 222 0.0625
120 226 0.3125
121 124 0.9375
121 125 0.15625
121 154 0.0625
121 216 0.1875
121 219 0.6875
121 223 0.125
122 125 0.78125
122 126 0.078125
123 126 0.78125
123 127 0.078125
124 127 0.820312
124 128 0.15625
124 186 0.25
124 222 0.125
125 128 0.859375
125 141 0.0625
125 154 0.375
126 129 0.78125
126 130 0.078125
127 130 0.820312
127 131 0.15625
127 156 0.125
127 186 0.25
127 189 0.25
128 131 0.703125
128 132 0.0390625
128 141 0.5625
128 154 0.0625
128 156 0.0625
129 132 0.78125
129 133 0.15625
129 141 0.375
130 133 0.898438
130 134 0.507812
131 134 0.664062
131 135 0.234375
131 139 0.125
131 189 0.0625
132 135 0.742188
132 136 0.117188
132 139 0.25
133 136 0.117188
135 138 1.25
135 139 0.1875
135 193 0.3125
136 139 0.125
137 159 0.0625
137 160 0.125
138 157 0.0625
138 158 1.25
138 159 0.3125
138 196 0.1875
139 156 0.0625
139 157 1.1875
139 189 0.0625
139 193 0.0625
140 155 0.0625
140 156 1.25
140 157 0.25
141 154 0.75
141 155 1.1875
141 156 0.0625
142 153 0.0625
142 154 1.3125
142 155 0.3125
143 152 0.0625
143 153 1.25
143 154 0.125
144 153 1.125
144 155 0.125
144 214 0.0625
144 283 0.1875
144 287 0.0625
145 152 1.25
145 153 0.4375
145 283 0.0625
146 150 0.3125
146 151 1.375
146 153 0.0625
146 279 0.125
147 150 0.25
147 151 0.5
147 153 0.0625
147 219 0.0625
147 220 0.5
147 279 0.0625
147 280 0.4375
148 220 0.375
148 236 0.125
148 237 0.5625
148 238 0.125
149 220 0.75
149 236 0.0625
151 220 0.0625
152 219 0.0625
153 214 0.0625
153 219 0.0625
153 280 0.125
154 214 0.125
154 215 0.0625
155 169 0.0625
155 212 0.0625
155 213 1.4375
155 214 0.1875
155 287 0.1875
156 189 0.0625
156 211 0.0625
156 212 1.25
156 213 0.3125
157 210 0.3125
157 211 1.25
157 212 0.25
158 192 0.0625
158 206 0.125
158 210 1.25
158 211 0.4375
159 165 0.1875
159 206 1.25
159 210 0.0625
160 165 0.25
160 196 0.1875
160 206 0.1875
160 207 0.125
161 165 0.0625
162 165 0.1875
165 206 0.125
165 207 0.1875
165 208 0.1875
165 209 0.4375
165 210 0.5
165 294 0.0625
166 208 0.125
166 209 1.3125
166 210 0.0625
166 294 1.25
166 296 0.0625
166 414 0.0625
167 210 1.25
167 212 0.125
167 294 0.1875
167 295 1.25
167 296 1.1875
168 209 0.0625
168 210 0.125
168 211 1.3125
168 212 0.125
168 297 1.1875
168 299 0.0625
168 407 0.125
169 212 1.25
169 284 0.125
169 287 0.1875
169 288 0.1875
169 297 0.1875
169 298 1.375
169 299 0.1875
170 184 0.125
170 188 0.125
170 212 0.25
170 213 1.1875
170 214 0.0625
170 299 1.3125
170 301 0.0625
171 174 0.375
171 185 0.0625
171 214 1.25
171 284 0.0625
171 298 0.3125
171 299 0.0625
171 300 1.4375
171 301 0.1875
172 181 0.625
172 182 0.1875
172 184 0.0625
172 185 0.3125
172 214 0.1875
172 215 1.375
172 216 1.1875
172 217 0.0625
172 301 0.125
173 182 0.0625
173 216 1.125
173 217 1.1875
173 218 0.125
174 217 0.1875
174 218 0.25
174 233 0.0625
174 248 0.125
174 249 0.1875
174 252 0.1875
174 284 0.125
174 298 0.0625
174 302 0.125
174 360 0.125
175 178 0.5625
175 218 0.0625
175 233 1.375
175 247 0.25
175 249 1.0625
175 302 0.25
176 179 0.125
176 221 0.25
176 222 0.0625
176 225 0.3125
176 232 1.1875
176 233 0.0625
177 230 0.4375
177 231 0.4375
177 232 0.25
177 233 0.5
177 385 0.5
178 181 0.078125
178 182 0.0390625
178 302 0.5
178 303 0.5
178 385 0.1875
179 182 0.742188
179 183 0.0390625
179 222 0.1875
179 225 0.3125
179 226 0.875
179 230 1.1875
180 183 0.78125
180 184 0.078125
180 303 0.125
180 387 0.125
180 395 0.0625
181 184 0.78125
181 301 0.5
182 185 0.78125
182 186 0.234375
182 215 0.1875
182 216 0.125
183 186 0.820312
183 187 0.078125
183 396 0.0625
184 187 0.78125
184 188 0.078125
184 377 0.0625
184 396 0.1875
184 399 0.5
184 400 0.0625
184 403 0.125
185 188 0.742188
185 189 0.0390625
185 213 0.125
185 214 0.0625
185 215 0.0625
186 189 0.78125
186 190 0.078125
187 190 1.17188
187 191 0.234375
187 393 0.4375
187 396 0.5625
187 397 0.0625
188 191 0.78125
188 192 0.078125
188 211 0.25
188 213 0.0625
188 400 0.1875
188 403 0.0625
189 192 0.78125
189 193 0.117188
190 193 0.78125
190 194 0.15625
190 393 0.3125
191 194 1.13281
191 195 0.195312
191 400 0.1875
192 195 0.664062
192 196 0.078125
192 206 0.0625
194 198 0.125
195 198 1.25
195 199 0.375
195 202 0.25
196 202 0.125
196 203 0.4375
196 206 0.1875
196 207 0.3125
197 203 0.125
199 202 0.78125
199 203 0.15625
200 203 0.78125
200 204 0.15625
201 204 0.820312
201 205 0.15625
201 404 0.25
201 408 0.1875
202 205 0.78125
202 206 0.117188
202 404 0.0625
203 206 0.703125
203 207 0.234375
204 207 0.78125
204 208 0.15625
205 208 0.78125
205 209 0.195312
205 407 0.0625
205 408 0.125
205 411 0.0625
206 209 0.117188
206 211 0.125
208 411 0.1875
209 407 0.125
209 411 0.25
211 407 0.125
212 287 0.25
212 291 0.0625
214 217 0.125
216 219 0.25
216 222 0.0625
217 280 0.25
217 284 0.0625
218 221 0.820312
218 222 0.078125
218 233 0.0625
218 234 0.3125
218 235 0.3125
219 222 0.78125
219 223 0.195312
220 223 0.78125
220 224 0.078125
220 236 0.25
220 280 0.0625
221 224 0.820312
221 225 0.078125
221 234 0.0625
222 225 0.898438
222 226 0.234375
223 226 0.78125
223 227 0.234375
224 227 0.898438
224 228 0.976562
224 229 0.15625
224 232 0.1875
224 236 1
225 229 0.820312
225 230 0.15625
225 232 0.0625
229 232 0.1875
230 385 0.125
230 386 0.1875
231 386 0.1875
232 235 0.1875
232 236 0.4375
232 244 0.125
233 268 0.6875
234 244 0.125
234 245 0.6875
234 246 1.6875
234 265 0.0625
234 267 0.25
234 268 0.25
235 244 1.0625
235 245 0.3125
235 246 0.375
235 278 0.25
235 280 0.0625
236 244 0.4375
237 244 1.3125
237 245 0.0625
237 246 0.0625
237 278 0.25
239 242 0.25
239 243 0.125
239 265 0.125
239 270 0.25
242 265 0.0625
243 265 0.25
243 266 0.3125
245 265 0.0625
245 270 0.0625
246 251 0.0625
246 270 1.375
246 271 0.1875
246 272 0.125
246 278 0.625
247 250 1.375
247 251 0.0625
247 268 0.125
247 269 0.125
247 270 0.1875
248 251 0.125
248 252 0.125
248 281 0.125
249 302 0.25
249 358 1.3125
249 359 0.0625
250 256 0.125
250 271 0.1875
250 356 0.25
250 357 0.1875
250 358 1.5
251 256 0.0625
251 271 0.25
251 274 0.0625
251 275 1.375
251 276 0.375
251 277 0.25
251 278 0.1875
251 281 0.25
251 358 1.25
252 256 0.25
252 281 0.1875
252 358 0.5
252 359 0.1875
252 360 0.5
252 363 0.125
253 363 0.125
254 314 0.0625
254 357 1.25
254 358 0.0625
254 362 0.0625
255 258 0.625
255 357 0.125
256 263 0.125
256 271 0.4375
256 272 0.1875
256 273 0.25
256 274 0.875
256 275 0.4375
257 263 0.5
257 271 0.25
257 357 0.0625
258 357 0.0625
259 314 0.125
259 355 0.0625
259 356 1.25
259 357 0.125
260 355 0.0625
261 269 1.375
261 271 0.0625
262 267 0.3125
262 269 0.3125
262 270 1.25
262 271 0.125
263 270 0.25
263 271 0.0625
264 267 0.25
264 270 0.375
265 270 0.625
267 270 0.125
270 273 0.3125
272 277 0.125
273 277 0.25
274 277 0.25
276 281 0.0390625
276 282 0.3125
276 285 0.1875
276 289 0.5
277 281 0.0390625
278 281 0.898438
278 282 0.078125
279 282 0.78125
279 283 0.078125
280 283 0.78125
280 284 0.0390625
281 284 0.78125
281 285 0.078125
282 285 0.820312
282 286 0.351562
283 286 0.78125
283 287 0.078125
284 287 0.78125
284 288 0.15625
285 288 0.78125
285 289 0.46875
285 363 0.1875
286 289 0.976562
286 290 0.078125
287 290 0.78125
287 291 0.234375
288 291 0.742188
288 292 0.078125
288 295 0.0625
288 363 0.25
288 369 0.0625
289 292 0.0390625
289 363 0.0625
291 294 1.4375
291 295 0.25
292 295 0.0625
292 367 0.25
293 296 0.125
295 369 0.125
296 369 0.1875
296 370 1.0625
296 371 0.0625
296 410 0.0625
296 415 0.625
297 369 0.1875
297 371 1.3125
298 360 0.5
298 361 0.125
298 364 0.1875
298 369 0.0625
298 371 0.125
298 372 1.3125
298 373 0.0625
299 373 1.25
299 403 0.0625
300 373 0.1875
300 374 1.375
300 375 0.125
301 375 1.375
301 377 0.0625
302 374 0.0625
302 375 0.3125
302 376 1.4375
302 377 0.1875
303 376 0.125
303 378 0.0625
303 385 0.125
304 376 0.125
304 377 1.25
304 378 0.1875
304 379 1.25
304 380 0.25
304 381 0.125
304 384 0.3125
304 385 0.3125
305 376 1.25
305 377 1.0625
305 379 1.1875
306 342 0.1875
306 343 0.125
306 344 2
306 345 0.125
306 376 1.25
306 377 0.125
306 378 0.25
306 379 0.3125
306 380 0.1875
307 344 0.25
307 345 1.375
307 353 0.125
307 374 0.0625
307 375 1.25
307 376 0.1875
308 329 0.1875
308 332 0.3125
308 345 0.125
308 346 1.25
308 347 0.0625
308 373 0.25
308 374 1.1875
308 375 0.25
309 347 1.3125
309 348 0.0625
309 349 0.0625
309 352 0.125
309 353 0.1875
309 373 1.3125
309 374 0.25
310 325 0.3125
310 326 0.4375
310 346 0.0625
310 347 0.8125
310 348 1.625
310 372 0.125
310 373 0.1875
311 317 1.0625
311 348 0.0625
311 361 0.0625
311 362 0.1875
311 365 0.375
311 372 0.0625
312 315 0.125
312 317 0.625
312 318 0.0625
312 348 1.0625
312 349 1.25
312 350 0.125
312 362 0.4375
312 365 0.375
312 366 0.375
313 349 0.1875
313 350 0.0625
313 355 1.3125
313 356 1.3125
313 362 0.25
314 317 0.375
314 356 0.1875
314 357 0.0625
314 362 0.4375
314 366 0.3125
315 350 0.0625
316 350 0.1875
316 351 0.125
316 355 0.1875
318 322 0.3125
318 348 0.125
318 365 0.0625
319 322 0.25
319 365 0.25
321 324 0.859375
321 325 0.195312
321 365 0.25
321 370 0.3125
322 325 0.78125
322 326 0.078125
323 326 0.78125
323 327 0.078125
324 327 0.78125
324 328 0.078125
324 371 0.5
324 409 0.3125
325 328 0.820312
325 329 0.078125
325 365 0.125
325 370 0.0625
325 371 0.0625
325 373 0.0625
326 329 0.78125
326 330 0.078125
326 346 0.3125
327 330 0.78125
327 331 0.078125
328 331 0.78125
328 332 0.195312
328 373 0.125
328 409 0.25
329 332 0.78125
329 333 0.15625
329 346 0.125
330 333 0.703125
330 334 0.0390625
330 346 0.4375
331 334 0.78125
331 335 0.078125
331 405 0.1875
332 335 0.78125
332 336 0.078125
332 402 0.1875
332 405 0.0625
332 406 0.125
333 336 0.78125
333 337 0.078125
333 344 0.125
333 346 0.0625
334 337 0.78125
334 338 0.078125
335 338 0.15625
335 401 0.0625
336 342 1.1875
336 344 0.3125
336 398 0.3125
336 402 0.0625
337 340 1.125
337 341 0.1875
337 342 0.125
339 397 0.1875
339 401 0.0625
340 378 0.0625
340 394 0.3125
340 397 0.1875
340 398 0.125
342 378 0.1875
342 398 0.4375
344 376 0.1875
344 377 0.25
346 352 0.0390625
347 352 0.15625
348 351 0.78125
348 352 0.195312
349 352 0.742188
349 353 0.78125
349 354 0.0390625
350 353 0.664062
350 354 0.742188
350 355 0.0390625
359 362 0.742188
359 363 0.078125
360 363 0.820312
360 364 0.078125
361 364 0.78125
361 365 0.078125
361 372 0.3125
361 374 0.25
362 365 0.78125
362 366 0.15625
363 366 0.78125
363 367 0.351562
364 367 0.78125
364 368 0.664062
364 369 0.15625
365 368 0.742188
365 369 0.195312
365 370 0.117188
368 415 0.125
369 415 0.25
370 415 1.25
371 409 0.1875
371 410 0.0625
371 413 0.125
371 415 0.0625
375 403 0.0625
377 399 0.125
378 391 0.1875
378 394 0.25
378 395 0.4375
378 398 0.6875
379 382 0.375
379 383 0.4375
379 384 0.0625
379 387 0.0625
383 386 0.375
383 387 0.0625
383 388 0.5
383 391 0.0625
384 387 0.0625
387 391 0.125
387 395 0.0625
388 391 1.25
389 392 0.4375
391 394 0.664062
391 395 0.15625
392 395 0.78125
392 396 0.117188
393 396 0.820312
393 397 0.390625
394 397 0.78125
394 398 0.15625
395 398 0.820312
395 399 0.15625
396 399 0.820312
396 400 0.078125
397 400 0.78125
397 401 0.0390625
398 401 0.78125
399 402 0.78125
399 403 0.117188
400 403 0.78125
400 404 0.390625
401 404 0.78125
401 405 0.078125
402 405 0.78125
402 406 0.117188
403 406 0.78125
403 407 0.078125
404 407 0.78125
404 408 0.117188
405 408 0.78125
405 409 0.078125
406 409 0.78125
406 410 0.117188
407 410 0.78125
407 411 0.117188
408 411 0.78125
408 412 0.0390625
409 412 0.78125
409 413 0.898438
410 413 0.78125
410 414 0.117188
411 414 0.078125
