nresidues = 150
1 6 0.0933522
2 5 2.24045
2 6 0.186704
3 6 1.86704
3 7 0.280058
4 7 1.9604
4 8 0.0933522
5 8 1.77369
5 9 0.373409
6 9 2.24045
6 10 0.373409
7 10 1.86704
7 11 0.186704
7 127 0.149364
8 11 1.86704
8 12 1.30693
9 12 1.9604
9 13 0.186704
10 13 1.86704
10 14 0.46676
11 14 1.86704
11 15 0.186704
12 15 1.86704
12 16 0.280058
13 16 1.86704
13 17 0.373409
14 17 1.86704
14 18 0.280058
15 18 1.86704
15 19 0.560113
15 29 0.149364
16 19 1.77369
16 20 0.186704
17 20 1.86704
17 21 0.186704
18 21 1.77369
18 22 0.653467
18 32 0.597454
19 23 0.0933522
19 28 1.34427
19 29 0.149364
20 23 0.0933522
21 103 1.49364
22 25 2.98727
22 26 2.53918
22 27 0.298727
22 28 0.448091
22 32 1.04554
22 100 0.448091
22 103 0.149364
23 28 0.149364
25 72 0.298727
25 99 0.149364
26 70 0.448091
26 72 0.597454
27 30 2.53918
27 31 3.43536
27 32 0.597454
27 35 0.149364
27 67 0.149364
27 72 0.298727
27 96 0.149364
27 100 0.149364
28 31 0.448091
30 33 2.05375
30 34 0.186704
31 34 1.9604
31 63 0.896181
31 66 0.448091
31 67 0.298727
32 35 1.86704
32 36 0.280058
32 100 0.149364
32 104 0.149364
33 36 1.77369
33 37 0.0933522
33 53 0.149364
34 37 1.86704
34 38 0.280058
34 49 0.149364
34 53 0.597454
34 55 0.149364
34 59 0.149364
34 60 0.448091
34 63 0.896181
34 67 0.298727
35 38 1.86704
35 39 0.280058
35 72 0.149364
35 93 0.149364
36 39 1.86704
36 40 0.840169
36 100 0.149364
37 40 2.1471
37 41 0.46676
37 49 0.149364
37 52 0.298727
38 41 1.86704
38 42 0.280058
38 49 0.149364
38 87 0.448091
38 88 0.448091
39 42 0.186704
39 89 0.149364
39 97 1.19491
40 97 0.149364
41 44 0.597454
42 87 2.83791
42 88 0.597454
43 86 1.04554
43 87 2.83791
43 88 0.746818
44 48 0.746818
44 49 0.0933522
44 52 0.149364
44 85 0.149364
44 86 2.98727
44 87 0.597454
45 48 1.86704
45 85 0.448091
45 87 0.149364
46 49 2.1471
46 50 0.0933522
46 57 0.149364
46 61 0.746818
47 50 1.68034
47 51 0.0933522
47 57 1.34427
48 51 1.86704
48 52 0.186704
49 52 1.86704
49 53 0.46676
50 53 1.77369
50 54 1.77369
50 55 0.46676
50 60 0.149364
50 138 0.149364
51 54 0.373409
51 138 0.149364
54 135 0.746818
54 138 1.34427
55 138 0.597454
56 59 2.42715
56 60 0.0933522
57 60 1.86704
57 61 0.186704
58 61 1.86704
58 62 0.280058
59 62 1.86704
59 63 0.186704
60 63 1.9604
60 64 0.280058
61 64 1.9604
61 65 0.186704
62 65 1.86704
62 66 0.186704
63 66 1.86704
63 67 0.280058
64 67 1.86704
64 68 0.186704
64 73 0.298727
64 75 0.149364
64 87 0.149364
65 68 1.86704
65 69 0.46676
66 69 2.1471
66 70 1.12023
67 70 1.77369
67 71 1.77369
67 72 2.05375
67 73 0.46676
68 71 0.0933522
68 73 0.280058
68 74 0.0933522
68 75 0.560113
70 92 0.448091
71 90 0.746818
71 92 0.298727
72 89 2.98727
72 90 1.34427
72 92 2.83791
72 93 0.149364
73 87 0.298727
73 88 3.13663
73 89 0.149364
73 90 0.597454
74 86 0.149364
74 87 2.83791
74 88 1.49364
74 89 0.149364
74 90 0.149364
75 85 0.448091
75 86 2.83791
75 87 0.149364
76 84 0.149364
76 85 2.83791
76 86 1.19491
76 88 0.896181
77 82 1.49364
77 84 2.83791
77 85 0.298727
78 81 3.13663
78 82 0.149364
78 84 0.448091
78 86 1.04554
81 84 1.34427
82 85 0.149364
89 94 0.186704
90 93 1.77369
90 94 0.560113
91 94 1.9604
91 95 0.560113
92 95 1.86704
92 96 0.280058
93 96 1.77369
93 97 0.186704
94 97 0.0933522
94 98 0.186704
95 98 0.280058
96 99 1.9604
96 100 0.0933522
97 100 1.9604
97 101 0.840169
98 101 1.86704
98 102 1.02688
99 102 1.86704
99 103 0.280058
100 103 1.86704
100 104 0.560113
101 104 1.86704
101 105 0.46676
102 105 1.9604
102 106 0.186704
103 106 1.86704
103 107 0.280058
104 107 1.86704
104 108 0.373409
105 108 1.86704
105 109 0.0933522
106 109 1.86704
106 110 0.560113
107 110 1.86704
107 111 0.186704
108 111 1.86704
108 112 0.373409
109 112 1.68034
109 113 0.186704
110 113 0.840169
112 115 0.746818
112 120 0.149364
112 123 0.149364
115 119 0.560113
115 120 0.186704
116 119 2.52052
116 120 0.373409
117 120 1.86704
117 121 0.46676
118 121 1.86704
118 122 0.186704
119 122 1.86704
119 123 0.186704
120 123 1.86704
120 124 0.186704
121 124 1.77369
121 125 0.0933522
122 125 1.86704
122 126 0.653467
123 126 1.86704
123 127 0.46676
124 127 1.86704
124 128 0.280058
125 128 1.77369
125 129 0.0933522
126 129 1.86704
126 130 0.653467
127 130 2.1471
127 131 0.186704
128 131 1.9604
128 132 0.46676
129 132 1.86704
129 133 0.560113
130 133 1.9604
130 134 0.373409
131 134 2.05375
131 135 0.560113
132 135 1.86704
132 136 0.186704
133 136 1.77369
133 137 0.0933522
134 137 1.86704
134 138 0.186704
135 138 1.86704
135 139 0.280058
136 139 1.86704
136 140 0.280058
137 140 1.86704
137 141 0.280058
138 141 1.86704
138 142 1.49364
139 142 2.3338
139 143 0.280058
140 143 1.86704
