nresidues = 191
1 111 0.407005
1 113 0.542673
2 64 1.35668
2 113 0.678342
3 6 0.81401
3 8 0.135668
3 9 0.542673
3 12 0.135668
3 62 0.135668
3 64 0.407005
3 113 0.949678
3 116 0.271337
4 9 0.949678
4 64 0.542673
4 65 0.271337
6 9 1.78065
6 10 0.0847927
6 111 1.22101
6 113 0.678342
7 10 1.69585
7 11 0.508756
7 107 0.542673
7 111 1.35668
8 11 1.78065
8 12 0.423962
8 107 0.135668
8 108 0.271337
8 111 0.542673
8 113 0.542673
8 116 0.135668
9 12 1.69585
9 13 0.0847927
9 68 0.407005
10 13 1.69585
10 14 0.339171
10 68 1.22101
10 69 0.542673
11 14 1.78065
11 15 0.169585
11 104 2.03502
11 107 0.271337
12 15 1.78065
12 16 0.169585
12 59 0.271337
12 62 0.135668
12 63 0.271337
12 116 0.135668
12 120 0.135668
13 16 1.78065
13 17 0.169585
13 68 0.271337
13 70 0.407005
14 17 1.69585
14 18 0.0847927
14 70 0.271337
15 18 1.69585
15 19 0.254379
15 59 0.135668
15 101 0.271337
16 19 1.69585
16 20 0.59355
16 56 0.949678
16 60 0.81401
17 20 1.69585
17 21 0.339171
17 70 0.135668
17 74 0.271337
18 21 1.69585
18 22 0.169585
18 74 0.135668
19 22 1.69585
19 23 0.169585
19 52 0.81401
19 55 0.949678
19 56 0.135668
19 59 0.135668
19 101 0.678342
19 127 0.271337
20 23 1.61106
21 24 1.69585
21 25 0.59355
21 74 1.49235
22 25 2.03502
22 26 0.423962
23 26 1.69585
23 27 0.339171
23 49 0.407005
23 53 0.949678
24 27 1.69585
24 28 1.52627
25 28 1.78065
25 29 0.59355
25 75 0.135668
26 29 1.78065
26 30 0.0847927
26 45 0.678342
26 48 0.407005
26 49 0.135668
26 52 0.407005
26 89 0.678342
26 93 0.678342
26 134 0.407005
27 30 1.61106
27 49 0.407005
28 31 1.61106
28 32 0.0847927
28 79 0.135668
29 32 1.78065
29 33 0.169585
29 45 1.62802
29 78 0.271337
29 85 1.35668
29 89 0.271337
30 33 1.69585
30 34 0.0847927
30 42 0.81401
30 45 0.135668
31 34 1.69585
31 35 0.254379
32 35 1.69585
32 36 0.847927
32 80 0.271337
32 82 0.407005
32 85 0.271337
33 36 1.69585
33 37 1.61106
33 38 0.508756
33 41 0.135668
33 42 0.407005
33 82 0.271337
34 37 0.0847927
34 39 0.0847927
34 42 0.678342
34 43 0.135668
36 81 0.271337
36 82 0.678342
37 147 0.271337
37 181 0.678342
38 41 1.86544
38 42 0.169585
38 82 0.271337
38 141 0.135668
38 146 0.135668
38 147 0.271337
38 181 2.30636
39 42 1.69585
39 43 0.508756
39 158 0.135668
39 181 0.81401
39 182 0.678342
40 43 1.69585
40 44 0.254379
40 137 0.542673
40 158 0.407005
40 184 0.81401
41 44 1.69585
41 45 0.508756
41 137 0.542673
41 141 0.135668
42 45 1.69585
42 46 0.169585
43 46 1.78065
43 47 0.169585
43 158 0.81401
44 47 1.78065
44 48 0.339171
44 133 0.81401
44 137 0.135668
45 48 1.69585
45 49 0.169585
45 86 0.407005
45 89 0.135668
45 134 0.542673
46 49 1.69585
46 50 0.423962
47 50 1.69585
47 51 0.508756
47 133 0.542673
48 51 1.69585
48 52 0.59355
48 130 0.678342
48 133 0.135668
48 134 0.407005
49 52 1.69585
49 53 0.169585
50 53 2.2046
50 54 0.0847927
51 54 1.69585
51 55 0.423962
51 130 0.678342
52 55 1.95023
52 56 0.169585
52 93 0.135668
52 127 0.678342
52 130 0.678342
53 56 1.69585
53 57 0.169585
54 57 1.69585
54 58 0.0847927
55 58 1.69585
55 59 0.254379
55 123 0.407005
55 126 0.271337
55 127 0.81401
55 130 0.135668
56 59 1.78065
56 60 0.169585
57 60 1.69585
57 61 0.339171
58 61 1.61106
58 62 0.423962
58 115 0.135668
58 119 0.542673
59 62 1.69585
59 120 0.135668
60 63 0.254379
62 116 0.271337
62 119 0.271337
79 85 0.339171
80 84 0.0847927
80 85 0.678342
81 84 2.03502
81 85 0.678342
82 85 1.78065
82 86 0.423962
82 141 0.135668
83 86 1.69585
83 87 0.339171
83 138 0.949678
84 87 1.69585
84 88 0.169585
85 88 1.69585
85 89 0.339171
86 89 1.69585
86 90 0.169585
86 134 0.542673
86 137 0.407005
86 138 0.271337
86 141 0.135668
87 90 1.69585
87 91 0.169585
87 138 0.135668
88 91 1.69585
89 92 1.61106
89 93 0.254379
89 134 0.271337
90 93 1.78065
90 94 0.169585
90 131 0.407005
90 135 0.271337
91 94 1.69585
91 95 0.0847927
92 95 1.69585
92 96 0.339171
93 96 1.86544
93 97 0.423962
93 127 1.22101
93 130 1.49235
93 131 0.135668
93 134 0.271337
94 97 1.95023
94 98 0.847927
94 131 0.407005
95 98 1.78065
95 99 1.95023
96 99 1.44147
96 100 1.52627
96 101 0.423962
96 102 0.0847927
96 127 0.678342
97 102 0.339171
97 124 0.135668
97 127 0.135668
97 128 1.49235
97 131 0.81401
98 102 0.169585
99 102 1.61106
99 103 0.339171
100 103 1.69585
100 104 0.763133
101 104 1.78065
101 105 0.169585
101 120 0.949678
101 123 0.271337
101 124 0.135668
101 127 0.135668
102 105 1.69585
102 106 0.169585
103 106 1.69585
103 107 0.339171
104 107 1.69585
104 108 0.169585
104 120 1.08535
105 108 1.69585
105 109 0.932721
105 117 0.271337
105 120 0.135668
106 109 2.11982
106 110 0.678342
107 110 1.69585
107 111 0.254379
108 111 1.69585
108 112 1.69585
108 113 0.59355
108 116 0.135668
108 117 0.407005
109 112 0.0847927
109 114 0.0847927
109 117 0.135668
113 116 1.69585
113 117 0.169585
114 117 1.69585
114 118 0.339171
115 118 1.69585
115 119 0.254379
116 119 1.69585
116 120 0.508756
117 120 1.69585
117 121 0.169585
118 121 1.78065
118 122 0.339171
119 122 1.69585
119 123 0.423962
120 123 1.69585
120 124 0.169585
121 124 1.69585
121 125 0.0847927
122 125 1.69585
123 126 1.69585
123 127 0.678342
124 127 1.69585
124 128 0.169585
125 128 1.61106
126 129 1.69585
126 130 0.423962
127 130 1.95023
127 131 0.169585
128 131 1.69585
128 132 0.0847927
129 132 1.69585
129 133 0.423962
130 133 1.69585
130 134 0.423962
131 134 1.69585
131 135 0.59355
132 135 1.69585
132 136 0.847927
133 136 1.69585
133 137 0.508756
134 137 1.69585
134 138 0.169585
135 138 1.69585
135 139 0.169585
136 139 1.95023
136 140 0.423962
137 140 1.69585
137 141 0.339171
138 141 1.69585
138 142 0.169585
139 142 1.69585
139 143 0.59355
140 143 1.61106
140 144 1.69585
140 145 1.69585
140 146 0.339171
140 149 0.271337
141 144 0.0847927
141 146 0.169585
144 148 0.135668
145 148 0.81401
145 149 1.49235
145 150 0.542673
146 155 0.271337
147 155 0.949678
147 168 2.5777
147 180 0.949678
147 181 0.135668
147 183 0.135668
148 167 3.25604
148 168 0.135668
149 155 0.271337
149 167 0.678342
149 185 0.407005
151 167 0.407005
152 166 3.12037
152 167 0.271337
153 164 0.135668
153 165 2.5777
153 166 0.81401
153 185 0.135668
154 164 2.71337
154 185 2.71337
154 186 0.542673
155 162 0.135668
155 163 2.84903
155 164 0.949678
155 166 0.407005
155 167 0.678342
155 168 1.49235
155 183 0.135668
155 184 3.12037
155 185 0.542673
156 161 0.135668
156 162 2.84903
156 182 0.135668
156 183 3.39171
156 184 1.08535
156 186 0.407005
157 160 2.71337
157 161 0.407005
157 162 0.271337
157 173 0.271337
157 176 0.135668
157 182 2.71337
157 183 0.542673
158 182 0.542673
158 184 1.49235
159 176 0.271337
159 178 1.08535
159 182 0.135668
160 173 0.135668
160 175 0.135668
160 176 0.407005
162 173 0.135668
162 174 0.949678
164 168 0.271337
164 170 0.271337
169 180 0.271337
169 183 0.271337
170 179 2.30636
170 180 0.407005
170 183 0.678342
171 179 2.71337
171 180 0.678342
172 177 0.135668
172 178 2.71337
173 176 2.71337
173 177 0.135668
173 178 0.271337
173 183 0.542673
178 182 0.407005
179 182 0.81401
180 183 0.542673
187 190 0.271337
