L	Ls	nvertices	F_L	F_L_constrained	rho_sum	nloops	regions
  1	  0	  0	           0	           0	           0	 0	[(0, 1)]
  2	  0	  0	           0	           0	           0	 0	[(0, 2)]
  3	  0	  0	           0	           0	           0	 0	[(0, 3)]
  4	  0	  0	           0	           0	           0	 0	[(0, 4)]
  5	  0	  0	           0	           0	           0	 0	[(0, 5)]
  6	  0	  2	   -0.266536	   -0.266536	    0.261694	 0	[(0, 6)]
  7	  0	  2	   -0.266536	   -0.266536	    0.261694	 0	[(0, 7)]
  8	  0	  3	   -0.266536	     1.60439	    0.384873	 1	[(0, 8)]
  9	  0	  5	   -0.266536	     1.98123	    0.443053	 1	[(0, 9)]
 10	  0	  7	   -0.266536	   -0.264292	     0.27817	 0	[(0, 10)]
 11	  0	  8	   -0.266536	     4.36696	     5.70563	 0	[(0, 11)]
 12	  0	  9	   -0.266536	     4.24155	     6.17925	 0	[(0, 12)]
 13	  0	 10	   -0.266536	     4.40488	     6.67673	 0	[(0, 13)]
 14	  0	 11	   -0.266536	     4.39306	     7.42011	 0	[(0, 14)]
 15	  0	 12	   -0.266536	     4.42644	     8.69757	 0	[(0, 15)]
 16	  0	 13	   -0.266536	      4.4731	     9.74443	 0	[(0, 16)]
 17	  0	 14	   -0.266536	     4.53912	     10.6474	 0	[(0, 17)]
 18	  0	 15	   -0.266536	     4.67096	     11.4712	 0	[(0, 18)]
 19	  0	 16	   -0.266536	     4.73328	      12.467	 0	[(0, 19)]
 20	  0	 17	   -0.266536	     4.59073	     13.7742	 0	[(0, 20)]
 21	  0	 18	   -0.266536	     4.56167	     14.8343	 0	[(0, 21)]
 22	  0	 19	   -0.266536	      4.6167	     15.7334	 0	[(0, 22)]
 23	  0	 20	   -0.266536	     4.71052	     16.5125	 0	[(0, 23)]
 24	  0	 21	   -0.266536	     4.88002	     17.1776	 0	[(0, 24)]
 25	  0	 22	   -0.266536	     4.55192	     18.7698	 0	[(0, 25)]
 26	  0	 23	   -0.266536	     4.44903	     19.8517	 0	[(0, 26)]
 27	  0	 24	   -0.266536	     4.39928	     20.8406	 0	[(0, 27)]
 28	  0	 25	   -0.266536	     3.30587	     22.1315	 0	[(0, 28)]
 29	  0	 26	   -0.266536	     2.90015	     23.1196	 0	[(0, 29)]
 30	  0	 27	   -0.266536	     2.99054	      23.886	 0	[(0, 30)]
 31	  0	 28	   -0.266536	     3.11582	     24.4757	 0	[(0, 31)]
 32	  0	 29	   -0.266536	     3.17742	     25.1835	 0	[(0, 32)]
 33	  0	 30	   -0.266536	     3.31806	     26.0316	 0	[(0, 33)]
 34	  0	 31	   -0.266536	     3.51072	     26.8785	 0	[(0, 34)]
 35	  0	 32	   -0.266536	      3.6086	     28.1167	 0	[(0, 35)]
 36	  0	 33	   -0.266536	     3.30265	     29.6748	 0	[(0, 36)]
 37	  0	 34	   -0.266536	     3.38162	     30.4366	 0	[(0, 37)]
 38	  0	 35	   -0.266536	     3.83614	      29.978	 0	[(0, 38)]
 39	  0	 36	   -0.266536	     3.93543	     28.9714	 0	[(0, 39)]
 40	  0	 36	   -0.266536	     3.93543	     28.9714	 0	[(0, 40)]
 41	 38	  2	   -0.266536	     3.71257	    0.304866	 1	[(38, 41)]
 42	 38	  4	   -0.266536	     2.24783	    0.290085	 1	[(38, 42)]
 43	 38	  6	   -0.266536	      4.6763	     5.28981	 0	[(38, 43)]
 44	 38	  7	   -0.266536	     4.68856	     5.80941	 0	[(38, 44)]
 45	  0	 42	   -0.266536	      3.9943	     38.3471	 0	[(0, 45)]
 46	  0	 43	   -0.266536	     3.88182	       39.24	 0	[(0, 46)]
 47	  0	 44	   -0.266536	     3.83091	     40.0964	 0	[(0, 47)]
 48	  0	 45	   -0.266536	     3.39608	     41.0563	 0	[(0, 48)]
 49	  0	 46	   -0.266536	     2.71795	     42.2363	 0	[(0, 49)]
 50	  0	 47	   -0.266536	     2.53185	     43.1835	 0	[(0, 50)]
 51	  0	 48	   -0.266536	     2.28493	     44.1206	 0	[(0, 51)]
 52	  0	 49	   -0.266536	    0.950477	     45.3313	 0	[(0, 52)]
 53	  0	 50	   -0.283004	   -0.283004	     46.4461	 0	[(0, 53)]
 54	  0	 51	   -0.294412	   -0.294412	      47.234	 0	[(0, 54)]
 55	  0	 52	    -1.49074	    -1.49074	     48.3336	 0	[(0, 55)]
 56	  0	 53	    -2.42848	    -2.42848	     49.3506	 0	[(0, 56)]
 57	  0	 54	    -2.45752	    -2.45752	     50.1887	 0	[(0, 57)]
 58	  0	 55	    -2.45752	    -2.44358	     50.9087	 0	[(0, 58)]
 59	  0	 56	    -2.92141	    -2.92141	      51.976	 0	[(0, 59)]
 60	  0	 57	    -3.48109	    -3.48109	       53.15	 0	[(0, 60)]
 61	  0	 58	    -3.53084	    -3.53084	     54.0559	 0	[(0, 61)]
 62	  0	 59	    -3.82319	    -3.82319	     55.0639	 0	[(0, 62)]
 63	  0	 60	    -3.82319	    -3.28585	     55.0655	 0	[(0, 63)]
 64	  0	 62	    -3.82319	    -2.90577	     54.3447	 0	[(0, 64)]
 65	  0	 63	    -3.82319	    -2.88371	     54.2188	 0	[(0, 65)]
 66	  0	 63	    -3.82319	    -2.88371	     54.2188	 0	[(0, 66)]
 67	  0	 63	    -3.82319	    -2.88371	     54.2188	 0	[(0, 67)]
 68	  0	 64	    -3.82319	    -3.50675	     54.7326	 0	[(0, 68)]
 69	  0	 65	    -3.82319	    -3.36696	     54.7398	 0	[(0, 69)]
 70	  0	 66	    -3.82319	    -3.29292	     54.6801	 0	[(0, 70)]
 71	  0	 66	    -3.82319	    -3.29292	     54.6801	 0	[(0, 71)]
 72	  0	 66	    -3.82319	    -3.29292	     54.6801	 0	[(0, 72)]
 73	  0	 66	    -3.82319	    -3.29292	     54.6801	 0	[(0, 73)]
 74	  0	 67	    -3.92922	    -3.92922	     55.1602	 0	[(0, 74)]
 75	  0	 68	    -3.92922	     -3.7358	     55.1116	 0	[(0, 75)]
 76	  0	 68	    -3.92922	     -3.7358	     55.1116	 0	[(0, 76)]
 77	  0	 68	    -3.92922	     -3.7358	     55.1116	 0	[(0, 77)]
 78	  0	 69	    -3.92922	    -3.89914	     55.2624	 0	[(0, 78)]
 79	  0	 70	    -3.92922	     4.11054	     55.2676	 1	[(0, 79)]
 80	  0	 71	    -3.92922	     4.27886	     55.2597	 1	[(0, 80)]
 81	  0	 72	    -3.92922	     4.33113	     55.2722	 1	[(0, 81)]
 82	  0	 73	    -3.92922	     4.15537	     55.4365	 1	[(0, 82)]
 83	  0	 73	    -3.92922	     4.15537	     55.4365	 1	[(0, 83)]
 84	 79	 72	    -3.92922	  0.00403574	     55.5487	 1	[(0, 78), (79, 84)]
 85	 79	 75	    -3.92922	    -1.65226	     55.5366	 1	[(0, 78), (79, 85)]
 86	 79	 77	    -3.92922	     1.32559	      61.132	 0	[(0, 78), (79, 86)]
 87	 79	 78	    -3.92922	     1.21203	     61.5214	 0	[(0, 78), (79, 87)]
 88	 79	 79	    -3.92922	     1.22281	      61.959	 0	[(0, 78), (79, 88)]
 89	 79	 80	    -3.92922	     1.22213	     62.4283	 0	[(0, 78), (79, 89)]
 90	 79	 81	    -3.92922	     1.33293	     62.9423	 0	[(0, 78), (79, 90)]
 91	 79	 82	    -3.92922	     1.44143	     64.3321	 0	[(0, 78), (79, 91)]
 92	  0	 83	    -3.92922	     5.54077	     65.9946	 1	[(0, 92)]
 93	  0	 84	    -3.92922	     4.99823	     67.4393	 1	[(0, 93)]
 94	  0	 85	    -3.92922	     5.04226	     68.3759	 1	[(0, 94)]
 95	  0	 86	    -3.92922	      5.1672	     69.2161	 1	[(0, 95)]
 96	  0	 87	    -3.92922	     4.99228	      70.218	 1	[(0, 96)]
 97	  0	 88	    -3.92922	     4.73441	     71.4167	 1	[(0, 97)]
 98	  0	 89	    -3.92922	     4.23341	     72.6117	 1	[(0, 98)]
 99	  0	 90	    -3.92922	     2.98748	     73.8034	 1	[(0, 99)]
100	  0	 91	    -3.92922	     3.11045	     74.4855	 1	[(0, 100)]
101	  0	 92	    -3.92922	     3.33357	      74.954	 1	[(0, 101)]
102	  0	 93	    -3.92922	     3.18329	     75.7569	 1	[(0, 102)]
103	  0	 94	    -3.92922	     3.24563	     76.8577	 1	[(0, 103)]
104	  0	 95	    -3.92922	     1.14302	     78.6737	 1	[(0, 104)]
105	  0	 96	    -3.92922	     1.08644	     79.5111	 1	[(0, 105)]
106	  0	 97	    -3.92922	     1.08855	     80.3186	 1	[(0, 106)]
107	  0	 98	    -3.92922	    0.314779	     81.5626	 1	[(0, 107)]
108	  0	 99	    -3.92922	    0.154672	       82.57	 1	[(0, 108)]
109	  0	100	    -3.92922	   -0.719345	     83.7935	 1	[(0, 109)]
110	  0	101	    -3.92922	    -1.16041	     84.7382	 1	[(0, 110)]
111	  0	103	    -3.92922	    -3.71676	     86.3035	 1	[(0, 111)]
112	  0	104	    -3.92922	    -3.78073	      87.051	 1	[(0, 112)]
113	  0	105	    -3.92922	    -3.92235	     88.1092	 1	[(0, 113)]
114	  0	106	    -3.92922	    -3.32946	     87.8381	 1	[(0, 114)]
115	  0	107	    -3.92922	    -3.15447	     87.4932	 1	[(0, 115)]
116	  0	108	    -3.92922	    -3.23599	     87.7408	 1	[(0, 116)]
117	  0	109	    -3.92922	    -3.26296	     87.7007	 1	[(0, 117)]
118	  0	110	    -3.92922	    -1.71118	      92.747	 1	[(0, 118)]
119	  0	111	    -3.92922	    -2.07517	     94.3228	 1	[(0, 119)]
120	  0	112	    -4.46742	    -4.46742	     95.8287	 1	[(0, 120)]
121	  0	113	    -4.58074	    -4.58074	     96.7186	 1	[(0, 121)]
122	  0	114	    -4.73098	    -4.73098	     97.5709	 1	[(0, 122)]
123	  0	115	    -5.46419	    -5.46419	     98.6132	 1	[(0, 123)]
124	  0	116	    -5.64995	    -5.64995	     99.5711	 1	[(0, 124)]
125	  0	117	    -5.64995	    -5.58718	     100.375	 1	[(0, 125)]
126	  0	118	    -5.64995	    -5.64352	     101.193	 1	[(0, 126)]
127	  0	119	    -9.55257	    -9.55257	     102.764	 1	[(0, 127)]
128	  0	120	    -10.7284	    -10.7284	     103.878	 1	[(0, 128)]
129	  0	121	    -10.7284	    -10.6739	     104.651	 1	[(0, 129)]
130	  0	122	    -14.4882	    -14.4882	     105.861	 1	[(0, 130)]
131	  0	123	    -16.0826	    -16.0826	     106.896	 1	[(0, 131)]
132	  0	124	    -16.0826	    -16.0773	     107.699	 1	[(0, 132)]
133	  0	125	    -17.5526	    -17.5526	     108.805	 1	[(0, 133)]
134	  0	126	     -20.019	     -20.019	     109.913	 1	[(0, 134)]
135	  0	127	    -20.6284	    -20.6284	     110.869	 1	[(0, 135)]
136	  0	128	    -21.2332	    -21.2332	     111.797	 1	[(0, 136)]
137	  0	129	    -22.9339	    -22.9339	     112.938	 1	[(0, 137)]
138	  0	130	    -24.0776	    -24.0776	     114.047	 1	[(0, 138)]
139	  0	131	    -24.3488	    -24.3488	     114.904	 1	[(0, 139)]
140	  0	132	     -24.595	     -24.595	     115.741	 1	[(0, 140)]
141	  0	133	     -25.138	     -25.138	     116.758	 1	[(0, 141)]
142	  0	134	    -25.1444	    -25.1444	     117.603	 1	[(0, 142)]
143	  0	135	    -25.3394	    -25.3394	     118.579	 1	[(0, 143)]
144	  0	136	    -25.3394	    -25.3155	     119.314	 1	[(0, 144)]
145	  0	137	    -25.3394	    -25.2511	     119.891	 1	[(0, 145)]
146	  0	138	    -25.3394	    -24.9303	     119.122	 1	[(0, 146)]
147	  0	139	    -25.3394	    -24.8723	      118.73	 1	[(0, 147)]
148	  0	140	    -25.3394	    -24.8633	     118.697	 1	[(0, 148)]
149	  0	141	    -25.3394	    -24.8912	     118.762	 1	[(0, 149)]
150	  0	142	    -25.3394	    -24.8928	      118.74	 1	[(0, 150)]
151	  0	142	    -25.3394	    -24.8928	      118.74	 1	[(0, 151)]
152	  0	142	    -25.3394	    -24.8928	      118.74	 1	[(0, 152)]
153	  0	142	    -25.3394	    -24.8928	      118.74	 1	[(0, 153)]
154	  0	142	    -25.3394	    -24.8928	      118.74	 1	[(0, 154)]
155	  0	143	    -25.3394	     -25.025	     118.875	 1	[(0, 155)]
156	  0	143	    -25.3394	     -25.025	     118.875	 1	[(0, 156)]
157	  0	143	    -25.3394	     -25.025	     118.875	 1	[(0, 157)]
158	  0	144	    -25.4325	    -25.4325	     119.229	 1	[(0, 158)]
159	  0	144	    -25.4325	    -25.4325	     119.229	 1	[(0, 159)]
160	  0	146	    -25.4325	    -14.5333	     119.373	 3	[(0, 160)]
161	  0	148	    -25.4325	    -13.8783	     119.119	 3	[(0, 161)]
162	  0	149	    -25.4325	    -11.1317	     124.736	 3	[(0, 162)]
163	  0	150	    -25.4325	    -13.7974	     119.127	 3	[(0, 163)]
164	  0	153	    -25.4325	    -9.70889	     127.137	 3	[(0, 164)]
165	  0	154	    -25.4325	      -9.335	     127.939	 3	[(0, 165)]
166	  0	156	    -25.4325	    -9.67181	     130.313	 3	[(0, 166)]
167	  0	158	    -25.4325	    -8.38558	     136.846	 3	[(0, 167)]
168	  0	159	    -25.4325	    -10.6082	     138.456	 3	[(0, 168)]
169	  0	159	    -25.4325	    -10.6082	     138.456	 3	[(0, 169)]
170	  0	160	    -25.4325	    -10.7713	     138.606	 3	[(0, 170)]
171	  0	160	    -25.4325	    -10.7713	     138.606	 3	[(0, 171)]
172	  0	160	    -25.4325	    -10.7713	     138.606	 3	[(0, 172)]
173	  0	161	    -25.4325	    -10.9522	     138.759	 3	[(0, 173)]
174	  0	162	    -25.4325	    -10.9829	     138.795	 3	[(0, 174)]
175	  0	163	    -25.4325	     -10.936	     138.773	 3	[(0, 175)]
176	  0	165	    -25.4325	      3.5819	     140.492	 6	[(0, 176)]
177	  0	167	    -25.4325	     1.34332	     135.126	 6	[(0, 177)]
178	  0	169	    -25.4325	     2.33459	     146.039	 5	[(0, 178)]
179	  0	170	    -25.4325	     2.76094	     147.988	 5	[(0, 179)]
180	  0	172	    -25.4325	     2.16372	     149.506	 5	[(0, 180)]
181	  0	173	    -25.4325	    0.431242	     150.734	 5	[(0, 181)]
182	  0	174	    -25.4325	    -4.71458	     151.943	 5	[(0, 182)]
183	  0	175	    -25.4325	    -8.64307	     152.586	 5	[(0, 183)]
184	  0	176	    -25.4325	    -13.0118	     153.766	 5	[(0, 184)]
185	  0	177	    -25.4325	    -14.7567	     154.929	 5	[(0, 185)]
186	  0	178	    -25.4325	    -14.3259	     155.457	 5	[(0, 186)]
187	  0	178	    -25.4325	    -14.3259	     155.457	 5	[(0, 187)]
188	  0	178	    -25.4325	    -14.3259	     155.457	 5	[(0, 188)]
189	  0	178	    -25.4325	    -14.3259	     155.457	 5	[(0, 189)]
190	  0	180	    -25.4325	    -13.8891	     155.509	 5	[(0, 190)]
191	  0	180	    -25.4325	    -13.8891	     155.509	 5	[(0, 191)]
