nresidues = 191
1 111 0.1875
1 113 0.25
2 64 0.625
2 113 0.3125
3 6 0.375
3 8 0.0625
3 9 0.25
3 12 0.0625
3 62 0.0625
3 64 0.1875
3 113 0.4375
3 116 0.125
4 9 0.4375
4 64 0.25
4 65 0.125
6 9 0.820312
6 10 0.0390625
6 111 0.5625
6 113 0.3125
7 10 0.78125
7 11 0.234375
7 107 0.25
7 111 0.625
8 11 0.820312
8 12 0.195312
8 107 0.0625
8 108 0.125
8 111 0.25
8 113 0.25
8 116 0.0625
9 12 0.78125
9 13 0.0390625
9 68 0.1875
10 13 0.78125
10 14 0.15625
10 68 0.5625
10 69 0.25
11 14 0.820312
11 15 0.078125
11 104 0.9375
11 107 0.125
12 15 0.820312
12 16 0.078125
12 59 0.125
12 62 0.0625
12 63 0.125
12 116 0.0625
12 120 0.0625
13 16 0.820312
13 17 0.078125
13 68 0.125
13 70 0.1875
14 17 0.78125
14 18 0.0390625
14 70 0.125
15 18 0.78125
15 19 0.117188
15 59 0.0625
15 101 0.125
16 19 0.78125
16 20 0.273438
16 56 0.4375
16 60 0.375
17 20 0.78125
17 21 0.15625
17 70 0.0625
17 74 0.125
18 21 0.78125
18 22 0.078125
18 74 0.0625
19 22 0.78125
19 23 0.078125
19 52 0.375
19 55 0.4375
19 56 0.0625
19 59 0.0625
19 101 0.3125
19 127 0.125
20 23 0.742188
21 24 0.78125
21 25 0.273438
21 74 0.6875
22 25 0.9375
22 26 0.195312
23 26 0.78125
23 27 0.15625
23 49 0.1875
23 53 0.4375
24 27 0.78125
24 28 0.703125
25 28 0.820312
25 29 0.273438
25 75 0.0625
26 29 0.820312
26 30 0.0390625
26 45 0.3125
26 48 0.1875
26 49 0.0625
26 52 0.1875
26 89 0.3125
26 93 0.3125
26 134 0.1875
27 30 0.742188
27 49 0.1875
28 31 0.742188
28 32 0.0390625
28 79 0.0625
29 32 0.820312
29 33 0.078125
29 45 0.75
29 78 0.125
29 85 0.625
29 89 0.125
30 33 0.78125
30 34 0.0390625
30 42 0.375
30 45 0.0625
31 34 0.78125
31 35 0.117188
32 35 0.78125
32 36 0.390625
32 80 0.125
32 82 0.1875
32 85 0.125
33 36 0.78125
33 37 0.742188
33 38 0.234375
33 41 0.0625
33 42 0.1875
33 82 0.125
34 37 0.0390625
34 39 0.0390625
34 42 0.3125
34 43 0.0625
36 81 0.125
36 82 0.3125
37 147 0.125
37 181 0.3125
38 41 0.859375
38 42 0.078125
38 82 0.125
38 141 0.0625
38 146 0.0625
38 147 0.125
38 181 1.0625
39 42 0.78125
39 43 0.234375
39 158 0.0625
39 181 0.375
39 182 0.3125
40 43 0.78125
40 44 0.117188
40 137 0.25
40 158 0.1875
40 184 0.375
41 44 0.78125
41 45 0.234375
41 137 0.25
41 141 0.0625
42 45 0.78125
42 46 0.078125
43 46 0.820312
43 47 0.078125
43 158 0.375
44 47 0.820312
44 48 0.15625
44 133 0.375
44 137 0.0625
45 48 0.78125
45 49 0.078125
45 86 0.1875
45 89 0.0625
45 134 0.25
46 49 0.78125
46 50 0.195312
47 50 0.78125
47 51 0.234375
47 133 0.25
48 51 0.78125
48 52 0.273438
48 130 0.3125
48 133 0.0625
48 134 0.1875
49 52 0.78125
49 53 0.078125
50 53 1.01562
50 54 0.0390625
51 54 0.78125
51 55 0.195312
51 130 0.3125
52 55 0.898438
52 56 0.078125
52 93 0.0625
52 127 0.3125
52 130 0.3125
53 56 0.78125
53 57 0.078125
54 57 0.78125
54 58 0.0390625
55 58 0.78125
55 59 0.117188
55 123 0.1875
55 126 0.125
55 127 0.375
55 130 0.0625
56 59 0.820312
56 60 0.078125
57 60 0.78125
57 61 0.15625
58 61 0.742188
58 62 0.195312
58 115 0.0625
58 119 0.25
59 62 0.78125
59 120 0.0625
60 63 0.117188
62 116 0.125
62 119 0.125
79 85 0.15625
80 84 0.0390625
80 85 0.3125
81 84 0.9375
81 85 0.3125
82 85 0.820312
82 86 0.195312
82 141 0.0625
83 86 0.78125
83 87 0.15625
83 138 0.4375
84 87 0.78125
84 88 0.078125
85 88 0.78125
85 89 0.15625
86 89 0.78125
86 90 0.078125
86 134 0.25
86 137 0.1875
86 138 0.125
86 141 0.0625
87 90 0.78125
87 91 0.078125
87 138 0.0625
88 91 0.78125
89 92 0.742188
89 93 0.117188
89 134 0.125
90 93 0.820312
90 94 0.078125
90 131 0.1875
90 135 0.125
91 94 0.78125
91 95 0.0390625
92 95 0.78125
92 96 0.15625
93 96 0.859375
93 97 0.195312
93 127 0.5625
93 130 0.6875
93 131 0.0625
93 134 0.125
94 97 0.898438
94 98 0.390625
94 131 0.1875
95 98 0.820312
95 99 0.898438
96 99 0.664062
96 100 0.703125
96 101 0.195312
96 102 0.0390625
96 127 0.3125
97 102 0.15625
97 124 0.0625
97 127 0.0625
97 128 0.6875
97 131 0.375
98 102 0.078125
99 102 0.742188
99 103 0.15625
100 103 0.78125
100 104 0.351562
101 104 0.820312
101 105 0.078125
101 120 0.4375
101 123 0.125
101 124 0.0625
101 127 0.0625
102 105 0.78125
102 106 0.078125
103 106 0.78125
103 107 0.15625
104 107 0.78125
104 108 0.078125
104 120 0.5
105 108 0.78125
105 109 0.429688
105 117 0.125
105 120 0.0625
106 109 0.976562
106 110 0.3125
107 110 0.78125
107 111 0.117188
108 111 0.78125
108 112 0.78125
108 113 0.273438
108 116 0.0625
108 117 0.1875
109 112 0.0390625
109 114 0.0390625
109 117 0.0625
113 116 0.78125
113 117 0.078125
114 117 0.78125
114 118 0.15625
115 118 0.78125
115 119 0.117188
116 119 0.78125
116 120 0.234375
117 120 0.78125
117 121 0.078125
118 121 0.820312
118 122 0.15625
119 122 0.78125
119 123 0.195312
120 123 0.78125
120 124 0.078125
121 124 0.78125
121 125 0.0390625
122 125 0.78125
123 126 0.78125
123 127 0.3125
124 127 0.78125
124 128 0.078125
125 128 0.742188
126 129 0.78125
126 130 0.195312
127 130 0.898438
127 131 0.078125
128 131 0.78125
128 132 0.0390625
129 132 0.78125
129 133 0.195312
130 133 0.78125
130 134 0.195312
131 134 0.78125
131 135 0.273438
132 135 0.78125
132 136 0.390625
133 136 0.78125
133 137 0.234375
134 137 0.78125
134 138 0.078125
135 138 0.78125
135 139 0.078125
136 139 0.898438
136 140 0.195312
137 140 0.78125
137 141 0.15625
138 141 0.78125
138 142 0.078125
139 142 0.78125
139 143 0.273438
140 143 0.742188
140 144 0.78125
140 145 0.78125
140 146 0.15625
140 149 0.125
141 144 0.0390625
141 146 0.078125
144 148 0.0625
145 148 0.375
145 149 0.6875
145 150 0.25
146 155 0.125
147 155 0.4375
147 168 1.1875
147 180 0.4375
147 181 0.0625
147 183 0.0625
148 167 1.5
148 168 0.0625
149 155 0.125
149 167 0.3125
149 185 0.1875
151 167 0.1875
152 166 1.4375
152 167 0.125
153 164 0.0625
153 165 1.1875
153 166 0.375
153 185 0.0625
154 164 1.25
154 185 1.25
154 186 0.25
155 162 0.0625
155 163 1.3125
155 164 0.4375
155 166 0.1875
155 167 0.3125
155 168 0.6875
155 183 0.0625
155 184 1.4375
155 185 0.25
156 161 0.0625
156 162 1.3125
156 182 0.0625
156 183 1.5625
156 184 0.5
156 186 0.1875
157 160 1.25
157 161 0.1875
157 162 0.125
157 173 0.125
157 176 0.0625
157 182 1.25
157 183 0.25
158 182 0.25
158 184 0.6875
159 176 0.125
159 178 0.5
159 182 0.0625
160 173 0.0625
160 175 0.0625
160 176 0.1875
162 173 0.0625
162 174 0.4375
164 168 0.125
164 170 0.125
169 180 0.125
169 183 0.125
170 179 1.0625
170 180 0.1875
170 183 0.3125
171 179 1.25
171 180 0.3125
172 177 0.0625
172 178 1.25
173 176 1.25
173 177 0.0625
173 178 0.125
173 183 0.25
178 182 0.1875
179 182 0.375
180 183 0.25
187 190 0.125
