L	Ls	nvertices	F_L	F_L_constrained	rho_sum	nloops	regions
  0	  0	  0	           0	           0	           0	 0	[(0, 0)]
  1	  0	  0	           0	           0	           0	 0	[(0, 1)]
  2	  0	  0	           0	           0	           0	 0	[(0, 2)]
  3	  0	  0	           0	           0	           0	 0	[(0, 3)]
  4	  0	  0	           0	           0	           0	 0	[(0, 4)]
  5	  0	  0	           0	           0	           0	 0	[(0, 5)]
  6	  0	  0	           0	           0	           0	 0	[(0, 6)]
  7	  0	  0	           0	           0	           0	 0	[(0, 7)]
  8	  0	  0	           0	           0	           0	 0	[(0, 8)]
  9	  0	  2	   -0.349825	   -0.349825	    0.499112	 0	[(0, 9)]
 10	  0	  5	   -0.398294	   -0.398294	    0.426772	 0	[(0, 10)]
 11	  0	  5	   -0.398294	   -0.398294	    0.426772	 0	[(0, 11)]
 12	  0	  5	   -0.398294	   -0.398294	    0.426772	 0	[(0, 12)]
 13	  0	  5	   -0.398294	   -0.398294	    0.426772	 0	[(0, 13)]
 14	  0	  5	   -0.398294	   -0.398294	    0.426772	 0	[(0, 14)]
 15	  0	  7	   -0.666329	   -0.666329	    0.691353	 0	[(0, 15)]
 16	  0	  8	   -0.667206	   -0.667206	    0.709381	 0	[(0, 16)]
 17	  0	  9	   -0.667206	   -0.649567	    0.686788	 0	[(0, 17)]
 18	  0	 11	   -0.667206	   -0.642726	    0.674577	 0	[(0, 18)]
 19	  0	 14	   -0.667206	     3.22345	     6.45492	 0	[(0, 19)]
 20	  0	 17	   -0.667206	     4.14831	     6.64043	 0	[(0, 20)]
 21	  0	 17	   -0.667206	     4.14831	     6.64043	 0	[(0, 21)]
 22	  0	 18	   -0.667206	       6.432	     6.77426	 1	[(0, 22)]
 23	 20	  2	   -0.667206	     3.71448	    0.300652	 1	[(20, 23)]
 24	 20	  4	   -0.667206	     2.24682	    0.287976	 1	[(20, 24)]
 25	  0	 22	   -0.667206	     4.41695	     12.9835	 0	[(0, 25)]
 26	  0	 23	   -0.667206	     4.09667	     14.8582	 0	[(0, 26)]
 27	  0	 24	   -0.667206	     4.05503	     16.1122	 0	[(0, 27)]
 28	  0	 25	   -0.667206	     4.63076	     15.6726	 0	[(0, 28)]
 29	  0	 25	   -0.667206	     4.63076	     15.6726	 0	[(0, 29)]
 30	 27	  2	   -0.667206	     3.71232	     0.30543	 1	[(27, 30)]
 31	 27	  4	   -0.667206	     2.25027	    0.296599	 1	[(27, 31)]
 32	 27	  6	   -0.667206	     4.41529	     5.21004	 0	[(27, 32)]
 33	 27	  7	   -0.667206	     4.37042	     5.72283	 0	[(27, 33)]
 34	 27	  8	   -0.667206	     4.33916	     6.22474	 0	[(27, 34)]
 35	 27	  9	   -0.667206	     4.36085	     6.71714	 0	[(27, 35)]
 36	 27	 10	   -0.667206	      4.8074	     6.84694	 0	[(27, 36)]
 37	 27	 10	   -0.667206	      4.8074	     6.84694	 0	[(27, 37)]
 38	 27	 10	   -0.667206	      4.8074	     6.84694	 0	[(27, 38)]
 39	 27	 10	   -0.667206	      4.8074	     6.84694	 0	[(27, 39)]
 40	 27	 10	   -0.667206	      4.8074	     6.84694	 0	[(27, 40)]
 41	  0	 42	   -0.667206	     4.15414	     35.3938	 0	[(0, 41)]
 42	 27	 10	   -0.667206	      4.8074	     6.84694	 0	[(27, 42)]
 43	 27	 10	   -0.667206	      4.8074	     6.84694	 0	[(27, 43)]
 44	 27	 10	   -0.667206	      4.8074	     6.84694	 0	[(27, 44)]
 45	 27	 10	   -0.667206	      4.8074	     6.84694	 0	[(27, 45)]
 46	 27	 10	   -0.667206	      4.8074	     6.84694	 0	[(27, 46)]
 47	 27	 10	   -0.667206	      4.8074	     6.84694	 0	[(27, 47)]
 48	 27	 10	   -0.667206	      4.8074	     6.84694	 0	[(27, 48)]
 49	 27	 10	   -0.667206	      4.8074	     6.84694	 0	[(27, 49)]
 50	 27	 10	   -0.667206	      4.8074	     6.84694	 0	[(27, 50)]
 51	 27	 12	   -0.667206	     4.54631	     7.09303	 0	[(27, 51)]
 52	 27	 15	   -0.667206	     4.28503	     7.36643	 0	[(27, 52)]
 53	 27	 17	   -0.667206	     4.30676	     7.35568	 0	[(27, 53)]
 54	 27	 18	   -0.667206	     4.29239	     7.37902	 0	[(27, 54)]
 55	 27	 21	   -0.667206	     4.29971	     7.37385	 0	[(27, 55)]
 56	 27	 22	   -0.667206	     5.80049	     10.1851	 0	[(27, 56)]
 57	 27	 23	   -0.667206	     6.23501	     11.2136	 0	[(27, 57)]
 58	 27	 24	   -0.667206	     6.68038	      11.957	 0	[(27, 58)]
 59	 27	 24	   -0.667206	     6.68038	      11.957	 0	[(27, 59)]
 60	 44	 13	   -0.667206	     6.36919	     6.92895	 1	[(44, 60)]
 61	 44	 15	   -0.667206	     3.30297	     8.93355	 1	[(44, 61)]
 62	 44	 16	   -0.667206	     3.90192	     9.43995	 1	[(44, 62)]
 63	 44	 16	   -0.667206	     3.90192	     9.43995	 1	[(44, 63)]
 64	 44	 16	   -0.667206	     3.90192	     9.43995	 1	[(44, 64)]
 65	 44	 17	   -0.667206	     2.85258	     10.8152	 1	[(44, 65)]
 66	 44	 19	   -0.667206	     8.69128	     10.9617	 2	[(44, 66)]
 67	 44	 19	   -0.667206	     8.69128	     10.9617	 2	[(44, 67)]
 68	 44	 20	   -0.667206	     11.3458	     11.1853	 3	[(44, 68)]
 69	 44	 20	   -0.667206	     11.3458	     11.1853	 3	[(44, 69)]
 70	 66	  3	   -0.667206	     3.88548	    0.313374	 1	[(66, 70)]
 71	 66	  5	   -0.667206	     2.35271	    0.272188	 1	[(66, 71)]
 72	 66	  7	   -0.667206	     4.53189	     5.51195	 0	[(66, 72)]
 73	 66	  8	   -0.667206	     4.53477	     5.99972	 0	[(66, 73)]
 74	 66	  9	   -0.667206	     4.42443	     6.47897	 0	[(66, 74)]
 75	 66	 10	   -0.667206	       4.389	     7.90083	 0	[(66, 75)]
 76	 66	 11	   -0.667206	     4.39039	     8.91938	 0	[(66, 76)]
 77	 66	 12	   -0.667206	     4.31052	     9.90643	 0	[(66, 77)]
 78	 66	 13	   -0.667206	     3.90849	     11.1091	 0	[(66, 78)]
 79	 66	 14	   -0.667206	     3.52201	     12.2033	 0	[(66, 79)]
 80	 66	 15	   -0.667206	     3.11197	     13.2508	 0	[(66, 80)]
 81	 66	 16	   -0.667206	     3.01136	     14.1084	 0	[(66, 81)]
 82	 66	 17	   -0.667206	     2.90209	     14.9083	 0	[(66, 82)]
 83	 66	 18	   -0.667206	     2.47441	      15.887	 0	[(66, 83)]
 84	 66	 18	   -0.667206	     2.47441	      15.887	 0	[(66, 84)]
 85	  0	 84	   -0.667206	     1.16643	     68.8222	 3	[(0, 85)]
 86	  0	 85	    -3.24861	    -3.24861	      69.871	 3	[(0, 86)]
 87	  0	 86	    -4.58127	    -4.58127	     70.8816	 3	[(0, 87)]
 88	  0	 87	    -4.79061	    -4.79061	     72.1196	 3	[(0, 88)]
 89	  0	 88	    -4.79061	     -4.1515	     72.2054	 3	[(0, 89)]
 90	  0	 89	    -4.79061	    -3.88764	     71.9429	 3	[(0, 90)]
 91	  0	 90	    -4.79061	    -3.84774	     71.8225	 3	[(0, 91)]
 92	  0	 90	    -4.79061	    -3.84774	     71.8225	 3	[(0, 92)]
 93	  0	 91	    -4.79061	    -3.98351	      71.976	 3	[(0, 93)]
 94	  0	 92	    -4.85728	    -4.85728	     72.9929	 3	[(0, 94)]
 95	  0	 93	    -4.85728	    -4.48444	     72.7886	 3	[(0, 95)]
 96	  0	 93	    -4.85728	    -4.48444	     72.7886	 3	[(0, 96)]
 97	  0	 95	    -4.85728	    -3.81113	     72.4503	 3	[(0, 97)]
 98	  0	 96	    -4.85728	     -4.4108	       73.16	 3	[(0, 98)]
 99	  0	 96	    -4.85728	     -4.4108	       73.16	 3	[(0, 99)]
100	  0	 96	    -4.85728	     -4.4108	       73.16	 3	[(0, 100)]
101	 96	  3	    -4.85728	     5.79219	    0.432991	 2	[(96, 101)]
102	 96	  6	    -4.85728	     2.21613	    0.271702	 1	[(96, 102)]
103	 96	  8	    -4.85728	   -0.173008	     0.17935	 0	[(96, 103)]
104	 66	 32	    -4.85728	     1.90353	     16.4368	 0	[(66, 104)]
105	 96	 10	    -4.85728	     4.77616	     6.35912	 0	[(96, 105)]
106	 96	 11	    -4.85728	     4.60989	     6.64172	 0	[(96, 106)]
107	 96	 12	    -4.85728	     4.54087	     6.99094	 0	[(96, 107)]
108	 96	 13	    -4.85728	     5.03895	     7.21727	 0	[(96, 108)]
109	 96	 13	    -4.85728	     5.03895	     7.21727	 0	[(96, 109)]
110	 96	 13	    -4.85728	     5.03895	     7.21727	 0	[(96, 110)]
111	 96	 14	    -4.85728	     3.09658	     10.4858	 0	[(96, 111)]
112	 96	 16	    -4.85728	     3.51564	     12.3223	 0	[(96, 112)]
113	 96	 16	    -4.85728	     3.51564	     12.3223	 0	[(96, 113)]
114	 96	 18	    -4.85728	     1.92751	      14.249	 0	[(96, 114)]
115	 96	 19	    -4.85728	     1.09467	     15.2024	 0	[(96, 115)]
116	 96	 19	    -4.85728	     1.09467	     15.2024	 0	[(96, 116)]
117	 96	 20	    -4.85728	    0.884467	     15.4084	 0	[(96, 117)]
118	 96	 20	    -4.85728	    0.884467	     15.4084	 0	[(96, 118)]
119	 96	 20	    -4.85728	    0.884467	     15.4084	 0	[(96, 119)]
120	 96	 20	    -4.85728	    0.884467	     15.4084	 0	[(96, 120)]
121	 96	 20	    -4.85728	    0.884467	     15.4084	 0	[(96, 121)]
122	 96	 23	    -4.85728	    0.817603	     15.4907	 0	[(96, 122)]
123	 96	 23	    -4.85728	    0.817603	     15.4907	 0	[(96, 123)]
124	 96	 24	    -4.85728	    0.690028	     15.6113	 0	[(96, 124)]
125	 96	 24	    -4.85728	    0.690028	     15.6113	 0	[(96, 125)]
126	 96	 26	    -4.85728	     0.70842	     15.6005	 0	[(96, 126)]
127	 96	 26	    -4.85728	     0.70842	     15.6005	 0	[(96, 127)]
128	 96	 26	    -4.85728	     0.70842	     15.6005	 0	[(96, 128)]
129	 96	 26	    -4.85728	     0.70842	     15.6005	 0	[(96, 129)]
130	 96	 26	    -4.85728	     0.70842	     15.6005	 0	[(96, 130)]
131	126	 98	    -4.85728	   -0.744473	     73.5938	 4	[(0, 100), (126, 131)]
132	126	101	    -4.85728	    -2.02359	     73.4273	 4	[(0, 100), (126, 132)]
133	126	102	    -4.85728	   -0.451518	     77.1481	 4	[(0, 100), (126, 133)]
134	126	104	    -4.85728	   -0.102735	     79.5451	 4	[(0, 100), (126, 134)]
135	126	105	    -4.85728	-0.000904204	     80.4098	 4	[(0, 100), (126, 135)]
136	126	106	    -4.85728	    0.586503	     80.3691	 4	[(0, 100), (126, 136)]
137	126	107	    -4.85728	    0.794254	      79.982	 4	[(0, 100), (126, 137)]
138	126	107	    -4.85728	    0.794254	      79.982	 4	[(0, 100), (126, 138)]
139	126	107	    -4.85728	    0.794254	      79.982	 4	[(0, 100), (126, 139)]
140	126	107	    -4.85728	    0.794254	      79.982	 4	[(0, 100), (126, 140)]
141	126	107	    -4.85728	    0.794254	      79.982	 4	[(0, 100), (126, 141)]
142	135	 98	    -4.85728	   -0.721132	     73.5213	 4	[(0, 100), (135, 142)]
143	135	101	    -4.85728	     1.01741	     76.6282	 4	[(0, 100), (135, 143)]
144	135	102	    -4.85728	  -0.0952293	     78.7027	 4	[(0, 100), (135, 144)]
145	135	104	    -4.85728	    -1.06393	     80.7658	 4	[(0, 100), (135, 145)]
146	135	106	    -4.85728	    -1.87057	     82.7648	 4	[(0, 100), (135, 146)]
147	135	107	    -4.85728	    -1.73913	     83.4554	 4	[(0, 100), (135, 147)]
148	135	108	    -4.85728	    -1.10806	     83.5093	 4	[(0, 100), (135, 148)]
149	135	108	    -4.85728	    -1.10806	     83.5093	 4	[(0, 100), (135, 149)]
150	135	109	    -4.85728	    -1.69839	      84.097	 4	[(0, 100), (135, 150)]
151	135	110	    -4.85728	    -2.29755	     84.8149	 4	[(0, 100), (135, 151)]
152	135	110	    -4.85728	    -2.29755	     84.8149	 4	[(0, 100), (135, 152)]
153	135	111	    -4.85728	    -2.45817	     84.9964	 4	[(0, 100), (135, 153)]
154	135	112	    -4.85728	    -3.17127	     85.6303	 4	[(0, 100), (135, 154)]
155	135	113	    -4.85728	     -3.0895	     85.9346	 4	[(0, 100), (135, 155)]
156	135	113	    -4.85728	     -3.0895	     85.9346	 4	[(0, 100), (135, 156)]
157	135	113	    -4.85728	     -3.0895	     85.9346	 4	[(0, 100), (135, 157)]
158	135	113	    -4.85728	     -3.0895	     85.9346	 4	[(0, 100), (135, 158)]
159	135	113	    -4.85728	     -3.0895	     85.9346	 4	[(0, 100), (135, 159)]
160	135	115	    -4.85728	    -3.35495	     86.1943	 4	[(0, 100), (135, 160)]
161	135	115	    -4.85728	    -3.35495	     86.1943	 4	[(0, 100), (135, 161)]
162	135	115	    -4.85728	    -3.35495	     86.1943	 4	[(0, 100), (135, 162)]
163	160	 98	    -4.85728	   -0.696328	     73.4606	 4	[(0, 100), (160, 163)]
164	160	100	    -4.85728	    -4.67509	     73.4491	 3	[(0, 100), (160, 164)]
165	135	121	    -4.85728	    -3.36435	     86.2211	 4	[(0, 100), (135, 165)]
166	160	103	    -4.85728	    0.245745	     78.9357	 3	[(0, 100), (160, 166)]
167	160	104	    -4.85728	    0.158604	     79.4202	 3	[(0, 100), (160, 167)]
168	160	105	    -4.85728	    0.305562	     79.9189	 3	[(0, 100), (160, 168)]
169	160	106	    -4.85728	    0.362026	     81.1292	 3	[(0, 100), (160, 169)]
170	160	107	    -4.85728	    0.435869	     82.1266	 3	[(0, 100), (160, 170)]
171	160	108	    -4.85728	    0.435504	     83.2685	 3	[(0, 100), (160, 171)]
172	160	109	    -4.85728	    0.452122	      84.282	 3	[(0, 100), (160, 172)]
173	160	110	    -4.85728	    0.358188	      85.403	 3	[(0, 100), (160, 173)]
174	160	111	    -4.85728	    0.158077	     86.5042	 3	[(0, 100), (160, 174)]
175	160	112	    -4.85728	   -0.271325	     87.6633	 3	[(0, 100), (160, 175)]
176	160	113	    -4.85728	   -0.542508	     88.6607	 3	[(0, 100), (160, 176)]
177	160	114	    -4.85728	   -0.955379	     89.6928	 3	[(0, 100), (160, 177)]
178	160	115	    -4.85728	    -2.19518	     90.8628	 3	[(0, 100), (160, 178)]
179	160	116	    -4.85728	     -1.6335	      91.234	 3	[(0, 100), (160, 179)]
180	  0	175	    -4.85728	    0.281256	     146.876	10	[(0, 180)]
181	  0	176	    -4.85728	     -1.2287	     147.823	10	[(0, 181)]
182	  0	177	    -4.85728	      -4.469	      149.26	10	[(0, 182)]
183	  0	178	    -9.74864	    -9.74864	     152.035	10	[(0, 183)]
184	  0	179	    -10.6198	    -10.6198	     153.659	10	[(0, 184)]
185	  0	180	    -10.6198	    -9.97592	     153.983	10	[(0, 185)]
186	  0	181	    -10.6198	     -9.6138	     153.923	10	[(0, 186)]
187	  0	182	    -10.6198	    -6.64875	     153.754	11	[(0, 187)]
188	  0	182	    -10.6198	    -6.64875	     153.754	11	[(0, 188)]
189	  0	183	    -10.6198	    -3.62926	     153.961	12	[(0, 189)]
190	  0	184	    -10.6198	    -3.50332	     154.123	12	[(0, 190)]
191	  0	186	    -10.6198	    -1.83218	      153.75	12	[(0, 191)]
192	  0	187	    -10.6198	    -1.98893	     153.695	12	[(0, 192)]
193	  0	187	    -10.6198	    -1.98893	     153.695	12	[(0, 193)]
194	  0	187	    -10.6198	    -1.98893	     153.695	12	[(0, 194)]
195	  0	187	    -10.6198	    -1.98893	     153.695	12	[(0, 195)]
196	  0	189	    -10.6198	     2.08089	     153.833	13	[(0, 196)]
197	  0	192	    -10.6198	    -2.09644	     153.664	12	[(0, 197)]
198	187	 12	    -10.6198	   -0.223775	    0.231933	 0	[(187, 198)]
199	  0	195	    -10.6198	    0.600948	     159.672	11	[(0, 199)]
200	  0	196	    -10.6198	   -0.148216	     161.093	11	[(0, 200)]
201	  0	197	    -10.6198	    -1.27755	     163.035	11	[(0, 201)]
202	  0	198	    -10.6198	    -1.53762	     164.111	11	[(0, 202)]
203	  0	199	    -10.6198	    -3.02935	     165.356	11	[(0, 203)]
204	  0	200	    -10.6198	    -5.29947	       166.5	11	[(0, 204)]
205	  0	201	    -10.6198	    -5.84617	     167.453	11	[(0, 205)]
206	  0	202	    -10.6198	    -5.41367	     167.908	11	[(0, 206)]
207	  0	202	    -10.6198	    -5.41367	     167.908	11	[(0, 207)]
208	  0	203	    -10.6198	    -5.67627	     168.175	11	[(0, 208)]
209	  0	203	    -10.6198	    -5.67627	     168.175	11	[(0, 209)]
210	  0	204	    -10.6198	    -0.83311	     168.909	12	[(0, 210)]
211	  0	205	    -10.6198	    -2.35415	     169.928	12	[(0, 211)]
212	  0	207	    -10.6198	    -2.47164	     171.131	12	[(0, 212)]
213	  0	208	    -10.6198	    -4.20867	     172.234	12	[(0, 213)]
214	  0	209	    -10.6198	    -3.42189	     172.474	12	[(0, 214)]
215	  0	210	    -10.6198	    -5.25205	     177.432	12	[(0, 215)]
216	  0	211	    -10.6198	   -0.704274	     178.066	13	[(0, 216)]
217	  0	212	    -10.6198	      -0.144	     177.986	13	[(0, 217)]
218	  0	212	    -10.6198	      -0.144	     177.986	13	[(0, 218)]
219	  0	212	    -10.6198	      -0.144	     177.986	13	[(0, 219)]
220	  0	212	    -10.6198	      -0.144	     177.986	13	[(0, 220)]
221	  0	212	    -10.6198	      -0.144	     177.986	13	[(0, 221)]
222	216	  2	    -10.6198	       4.353	    0.240788	 1	[(216, 222)]
223	  0	217	    -10.6198	     2.16128	     177.868	14	[(0, 223)]
224	216	  9	    -10.6198	   -0.184266	    0.189364	 0	[(216, 224)]
225	216	 10	    -10.6198	   -0.197678	    0.204077	 0	[(216, 225)]
226	  0	221	    -10.6198	   -0.297388	     177.997	13	[(0, 226)]
227	  0	222	    -10.6198	     2.85928	     185.129	13	[(0, 227)]
228	  0	223	    -10.6198	     2.69777	     184.908	13	[(0, 228)]
229	  0	224	    -10.6198	       2.025	     186.353	13	[(0, 229)]
230	  0	225	    -10.6198	   -0.478035	     188.217	13	[(0, 230)]
231	  0	226	    -10.6198	     -1.2244	     189.151	13	[(0, 231)]
232	  0	227	    -10.6198	    -2.95941	     190.321	13	[(0, 232)]
233	  0	228	    -10.6198	    -4.50886	     192.293	13	[(0, 233)]
234	  0	229	    -10.6198	    -4.12343	     192.848	13	[(0, 234)]
235	  0	229	    -10.6198	    -4.12343	     192.848	13	[(0, 235)]
236	  0	230	    -10.6198	     2.23092	     192.985	14	[(0, 236)]
237	  0	230	    -10.6198	     2.23092	     192.985	14	[(0, 237)]
238	  0	232	    -10.6198	    -3.55674	     192.788	13	[(0, 238)]
239	235	  4	    -10.6198	     2.25256	    0.298231	 1	[(235, 239)]
240	  0	235	    -10.6198	     3.15517	      192.62	14	[(0, 240)]
241	235	  7	    -10.6198	     4.16063	     5.68789	 0	[(235, 241)]
242	216	 25	    -10.6198	     4.71263	     7.70555	 0	[(216, 242)]
243	235	  9	    -10.6198	     4.86654	     6.53805	 0	[(235, 243)]
244	235	 10	    -10.6198	     4.97637	     7.33539	 0	[(235, 244)]
245	235	 11	    -10.6198	     5.43452	     8.67526	 0	[(235, 245)]
246	235	 12	    -10.6198	      5.5303	     9.84323	 0	[(235, 246)]
247	235	 13	    -10.6198	     5.31742	        11.3	 0	[(235, 247)]
248	235	 14	    -10.6198	     4.83581	     12.5669	 0	[(235, 248)]
249	235	 15	    -10.6198	      4.6482	     13.4533	 0	[(235, 249)]
250	235	 16	    -10.6198	     5.26528	     13.3741	 0	[(235, 250)]
251	235	 16	    -10.6198	     5.26528	     13.3741	 0	[(235, 251)]
252	235	 16	    -10.6198	     5.26528	     13.3741	 0	[(235, 252)]
253	235	 17	    -10.6198	     9.66249	     13.6007	 1	[(235, 253)]
254	251	234	    -10.6198	    0.155584	     193.093	14	[(0, 238), (251, 254)]
255	251	236	    -10.6198	    -1.29499	      193.09	14	[(0, 238), (251, 255)]
256	251	238	    -10.6198	    0.100551	     197.835	13	[(0, 238), (251, 256)]
257	251	239	    -10.6198	    0.210706	     198.364	13	[(0, 238), (251, 257)]
258	251	240	    -10.6198	   -0.101224	     199.746	13	[(0, 238), (251, 258)]
259	251	241	    -10.6198	   -0.236017	     200.728	13	[(0, 238), (251, 259)]
260	251	242	    -10.6198	   -0.880886	     201.961	13	[(0, 238), (251, 260)]
261	251	243	    -10.6198	    -2.22242	     203.132	13	[(0, 238), (251, 261)]
262	251	244	    -10.6198	    -2.34366	     203.907	13	[(0, 238), (251, 262)]
263	251	245	    -10.6198	    -1.71835	     203.993	13	[(0, 238), (251, 263)]
264	251	245	    -10.6198	    -1.71835	     203.993	13	[(0, 238), (251, 264)]
265	251	246	    -10.6198	    -1.94888	     204.231	13	[(0, 238), (251, 265)]
266	251	246	    -10.6198	    -1.94888	     204.231	13	[(0, 238), (251, 266)]
267	251	246	    -10.6198	    -1.94888	     204.231	13	[(0, 238), (251, 267)]
268	251	246	    -10.6198	    -1.94888	     204.231	13	[(0, 238), (251, 268)]
269	  0	263	    -10.6198	    0.891982	     222.962	14	[(0, 269)]
270	  0	264	    -10.6198	   -0.886276	     224.265	14	[(0, 270)]
271	  0	265	    -10.6198	   -0.478152	     224.825	14	[(0, 271)]
272	  0	266	    -10.6198	    -1.24574	     225.931	14	[(0, 272)]
273	  0	267	    -10.6198	    -0.67921	     225.983	14	[(0, 273)]
274	  0	267	    -10.6198	    -0.67921	     225.983	14	[(0, 274)]
275	  0	268	    -10.6198	   -0.883147	     226.201	14	[(0, 275)]
276	  0	269	    -10.6198	    -1.21415	     226.928	14	[(0, 276)]
277	  0	269	    -10.6198	    -1.21415	     226.928	14	[(0, 277)]
278	  0	271	    -10.6198	    -0.75105	     226.172	14	[(0, 278)]
279	  0	272	    -10.6198	    -0.73621	     226.164	14	[(0, 279)]
280	  0	273	    -10.6198	   -0.720233	     226.148	14	[(0, 280)]
281	  0	274	    -10.6198	   -0.742794	      226.17	14	[(0, 281)]
282	  0	274	    -10.6198	   -0.742794	      226.17	14	[(0, 282)]
283	  0	275	    -10.6198	   -0.879325	     226.311	14	[(0, 283)]
284	  0	276	    -10.6198	    -1.36023	     226.782	14	[(0, 284)]
285	  0	277	    -10.6198	    -1.46826	     227.188	14	[(0, 285)]
286	  0	278	    -10.6198	    -0.97212	     229.968	14	[(0, 286)]
287	  0	280	    -10.6198	  -0.0364904	     232.634	14	[(0, 287)]
288	251	 28	    -10.6198	     4.22441	     16.6997	 0	[(251, 288)]
289	251	 28	    -10.6198	     4.22441	     16.6997	 0	[(251, 289)]
290	251	 28	    -10.6198	     4.22441	     16.6997	 0	[(251, 290)]
291	251	 28	    -10.6198	     4.22441	     16.6997	 0	[(251, 291)]
292	288	282	    -10.6198	     3.66893	     232.955	15	[(0, 287), (288, 292)]
293	288	285	    -10.6198	     2.32247	     232.901	15	[(0, 287), (288, 293)]
294	251	 34	    -10.6198	      4.6717	     16.8865	 0	[(251, 294)]
295	288	288	    -10.6198	     4.96805	     238.772	14	[(0, 287), (288, 295)]
296	288	289	    -10.6198	     4.75477	      239.24	14	[(0, 287), (288, 296)]
297	288	290	    -10.6198	     4.79904	     239.725	14	[(0, 287), (288, 297)]
298	288	291	    -10.6198	     4.69236	     241.203	14	[(0, 287), (288, 298)]
299	288	292	    -10.6198	     4.47081	     242.323	14	[(0, 287), (288, 299)]
300	288	293	    -10.6198	     4.38012	     243.318	14	[(0, 287), (288, 300)]
301	288	294	    -10.6198	     4.08543	     244.389	14	[(0, 287), (288, 301)]
302	288	295	    -10.6198	     3.62002	     245.491	14	[(0, 287), (288, 302)]
303	288	296	    -10.6198	     4.23225	     245.574	14	[(0, 287), (288, 303)]
304	288	296	    -10.6198	     4.23225	     245.574	14	[(0, 287), (288, 304)]
305	288	296	    -10.6198	     4.23225	     245.574	14	[(0, 287), (288, 305)]
306	288	296	    -10.6198	     4.23225	     245.574	14	[(0, 287), (288, 306)]
307	288	297	    -10.6198	     4.00791	     245.836	14	[(0, 287), (288, 307)]
308	  0	301	    -10.6198	   -0.736208	     253.747	16	[(0, 308)]
309	  0	302	    -10.6198	    -2.31903	     255.039	16	[(0, 309)]
310	  0	303	    -10.6198	    -5.11723	     257.654	16	[(0, 310)]
311	  0	304	    -10.6198	     -6.9836	     258.836	16	[(0, 311)]
312	  0	305	    -10.6198	    -6.32203	     259.225	16	[(0, 312)]
313	  0	306	    -10.6198	    -6.83237	     261.249	16	[(0, 313)]
314	  0	307	    -10.6198	    -7.40484	     262.344	16	[(0, 314)]
315	  0	308	    -10.6198	    -7.19468	     263.399	16	[(0, 315)]
316	  0	309	    -10.6198	    -7.35142	     264.451	16	[(0, 316)]
317	  0	310	    -10.6198	    -6.97782	     264.632	16	[(0, 317)]
318	  0	311	    -10.6198	    -6.77221	     263.792	16	[(0, 318)]
319	  0	312	    -10.6198	    -7.07927	      265.87	16	[(0, 319)]
320	  0	313	    -10.6198	    -6.85161	     263.894	16	[(0, 320)]
321	  0	315	    -10.6198	    -5.28217	     269.167	16	[(0, 321)]
322	  0	315	    -10.6198	    -5.28217	     269.167	16	[(0, 322)]
323	  0	315	    -10.6198	    -5.28217	     269.167	16	[(0, 323)]
324	  0	315	    -10.6198	    -5.28217	     269.167	16	[(0, 324)]
325	  0	317	    -10.6198	    -4.91702	     271.437	16	[(0, 325)]
326	  0	318	    -10.6198	    -5.00429	     269.133	16	[(0, 326)]
327	  0	319	    -10.6198	    -4.98432	     269.073	16	[(0, 327)]
328	  0	320	    -10.6198	    -4.99328	     269.086	16	[(0, 328)]
329	  0	321	    -10.6198	    -5.10965	     268.933	16	[(0, 329)]
330	  0	322	    -10.6198	    -3.47849	     276.706	16	[(0, 330)]
331	  0	323	    -10.6198	    -3.28417	     277.519	16	[(0, 331)]
332	  0	324	    -10.6198	    -4.37942	     278.697	16	[(0, 332)]
333	  0	325	    -10.6198	    -5.07268	     279.822	16	[(0, 333)]
334	  0	326	    -10.6198	    -4.35396	     280.022	16	[(0, 334)]
335	  0	327	    -10.6198	     -4.8052	     280.817	16	[(0, 335)]
336	  0	327	    -10.6198	     -4.8052	     280.817	16	[(0, 336)]
337	  0	327	    -10.6198	     -4.8052	     280.817	16	[(0, 337)]
338	  0	327	    -10.6198	     -4.8052	     280.817	16	[(0, 338)]
339	  0	329	    -10.6198	    -4.58505	     280.593	16	[(0, 339)]
340	  0	330	    -10.6198	     -4.5578	     280.447	16	[(0, 340)]
341	  0	331	    -10.6198	    -4.54386	       280.6	16	[(0, 341)]
342	309	 27	    -10.6198	   -0.759627	    0.789482	 0	[(309, 342)]
343	309	 27	    -10.6198	   -0.759627	    0.789482	 0	[(309, 343)]
344	309	 29	    -10.6198	   -0.789145	    0.824786	 0	[(309, 344)]
345	309	 30	    -10.6198	   -0.780858	    0.821815	 0	[(309, 345)]
346	309	 31	    -10.6198	   -0.767308	    0.807396	 0	[(309, 346)]
347	309	 32	    -10.6198	   -0.775486	    0.814266	 0	[(309, 347)]
348	309	 32	    -10.6198	   -0.775486	    0.814266	 0	[(309, 348)]
349	309	 33	    -10.6198	   -0.903966	    0.936659	 0	[(309, 349)]
350	  0	339	    -10.6198	   -0.922501	     289.296	18	[(0, 350)]
351	309	 35	    -10.6198	   -0.889429	     0.93395	 0	[(309, 351)]
352	  0	341	    -10.6198	    -1.03962	     289.408	18	[(0, 352)]
353	  0	342	    -10.6198	    -1.41321	     291.072	18	[(0, 353)]
354	333	 13	    -10.6198	     10.7366	    0.786709	 2	[(333, 354)]
355	333	 15	    -10.6198	     8.77109	    0.798488	 2	[(333, 355)]
356	333	 17	    -10.6198	     6.45899	    0.714764	 1	[(333, 356)]
357	333	 18	    -10.6198	     6.42357	    0.727294	 1	[(333, 357)]
358	333	 19	    -10.6198	     6.40001	    0.739645	 1	[(333, 358)]
359	333	 20	    -10.6198	     6.38605	    0.753421	 1	[(333, 359)]
360	  0	351	    -10.6198	     7.36995	     292.299	20	[(0, 360)]
361	  0	352	    -10.6198	       5.492	     293.378	20	[(0, 361)]
362	  0	353	    -10.6198	     5.96667	     294.203	20	[(0, 362)]
363	  0	354	    -10.6198	     5.56977	     296.202	20	[(0, 363)]
364	358	348	    -10.6198	    0.803274	     291.345	19	[(0, 353), (358, 364)]
365	358	350	    -10.6198	    -1.58534	      291.25	18	[(0, 353), (358, 365)]
366	  0	357	    -10.6198	     5.25743	     299.136	20	[(0, 366)]
367	  0	358	    -10.6198	     5.58358	     298.437	20	[(0, 367)]
368	  0	358	    -10.6198	     5.58358	     298.437	20	[(0, 368)]
369	  0	359	    -10.6198	     5.09249	     298.893	20	[(0, 369)]
370	358	353	    -10.6198	      2.4713	     291.408	19	[(0, 353), (358, 370)]
371	358	354	    -10.6198	     2.75222	      291.41	19	[(0, 353), (358, 371)]
372	  0	362	    -10.6198	     8.17715	     302.186	21	[(0, 372)]
373	370	344	    -10.6198	     2.28974	       291.4	19	[(0, 353), (370, 373)]
374	370	346	    -10.6198	    0.830301	     291.372	19	[(0, 353), (370, 374)]
375	370	348	    -10.6198	     2.74869	     296.222	18	[(0, 353), (370, 375)]
376	370	349	    -10.6198	     2.42759	     296.694	18	[(0, 353), (370, 376)]
377	370	350	    -10.6198	     2.57376	     297.605	18	[(0, 353), (370, 377)]
378	370	351	    -10.6198	     2.39291	     298.863	18	[(0, 353), (370, 378)]
379	  0	370	    -10.6198	     3.13287	     309.946	21	[(0, 379)]
380	  0	371	    -10.6198	     3.00875	     310.904	21	[(0, 380)]
381	  0	372	    -10.6198	     2.42652	     311.903	21	[(0, 381)]
382	  0	373	    -10.6198	    0.391258	     313.578	21	[(0, 382)]
383	  0	374	    -10.6198	    0.188939	     314.476	21	[(0, 383)]
384	  0	375	    -10.6198	   -0.572736	     315.515	21	[(0, 384)]
385	  0	376	    -10.6198	    -1.08343	     316.443	21	[(0, 385)]
386	  0	377	    -10.6198	   -0.608047	     316.803	21	[(0, 386)]
387	  0	377	    -10.6198	   -0.608047	     316.803	21	[(0, 387)]
388	  0	378	    -10.6198	    -1.36745	     317.672	21	[(0, 388)]
389	  0	379	    -10.6198	    -4.55244	     319.815	21	[(0, 389)]
390	  0	381	    -10.6198	    -3.19893	     322.043	21	[(0, 390)]
391	  0	382	    -10.6198	    -3.01712	     322.822	21	[(0, 391)]
392	  0	382	    -10.6198	    -3.01712	     322.822	21	[(0, 392)]
393	  0	382	    -10.6198	    -3.01712	     322.822	21	[(0, 393)]
394	  0	382	    -10.6198	    -3.01712	     322.822	21	[(0, 394)]
395	  0	383	    -10.6198	    -3.29875	     323.113	21	[(0, 395)]
396	  0	383	    -10.6198	    -3.29875	     323.113	21	[(0, 396)]
397	  0	383	    -10.6198	    -3.29875	     323.113	21	[(0, 397)]
398	  0	384	    -10.6198	    -3.53094	     323.359	21	[(0, 398)]
399	  0	385	    -10.6198	    -3.52716	     323.395	21	[(0, 399)]
400	  0	386	    -10.6198	    -3.84971	      324.37	21	[(0, 400)]
401	  0	386	    -10.6198	    -3.84971	      324.37	21	[(0, 401)]
402	391	  5	    -10.6198	     6.27258	    0.419496	 2	[(391, 402)]
403	391	  6	    -10.6198	       7.023	     3.84895	 2	[(391, 403)]
404	391	  9	    -10.6198	     3.92726	      7.3701	 1	[(391, 404)]
405	391	 11	    -10.6198	     5.11508	     9.65831	 1	[(391, 405)]
406	  0	396	    -10.6198	     3.10105	     336.761	23	[(0, 406)]
407	  0	397	    -10.6198	     0.88149	     338.577	23	[(0, 407)]
408	  0	398	    -10.6198	    -2.39961	     339.765	23	[(0, 408)]
409	  0	399	    -10.6198	     -1.6225	     340.108	23	[(0, 409)]
410	  0	399	    -10.6198	     -1.6225	     340.108	23	[(0, 410)]
411	  0	399	    -10.6198	     -1.6225	     340.108	23	[(0, 411)]
412	  0	400	    -10.6198	    -4.58574	     341.412	24	[(0, 412)]
413	  0	401	    -10.6198	    -7.26596	     342.386	24	[(0, 413)]
414	  0	402	    -10.6198	    -9.62605	     343.379	24	[(0, 414)]
415	  0	403	    -10.6198	    -10.5788	     344.282	24	[(0, 415)]
416	  0	404	    -12.8871	    -12.8871	     345.322	24	[(0, 416)]
417	  0	405	    -14.2137	    -14.2137	     346.299	24	[(0, 417)]
418	  0	406	    -17.5654	    -17.5654	     347.363	24	[(0, 418)]
419	  0	408	    -18.4842	    -18.4842	      349.29	24	[(0, 419)]
420	  0	409	    -21.0058	    -21.0058	     350.471	24	[(0, 420)]
421	  0	410	    -21.0058	    -20.2983	     350.912	24	[(0, 421)]
422	  0	410	    -21.0058	    -20.2983	     350.912	24	[(0, 422)]
423	  0	411	    -21.0058	     -20.468	     351.138	24	[(0, 423)]
424	  0	411	    -21.0058	     -20.468	     351.138	24	[(0, 424)]
425	  0	412	    -21.0058	     -20.633	      351.22	24	[(0, 425)]
426	  0	412	    -21.0058	     -20.633	      351.22	24	[(0, 426)]
427	  0	413	    -21.0058	    -20.9557	     351.493	24	[(0, 427)]
428	  0	414	    -21.0058	    -20.9409	     351.538	24	[(0, 428)]
429	  0	416	    -21.0058	    -15.8543	     351.242	26	[(0, 429)]
430	  0	417	    -21.0058	    -12.8395	     351.244	27	[(0, 430)]
431	  0	418	    -21.0058	    -12.5358	     351.246	27	[(0, 431)]
432	  0	420	    -21.0058	    -13.2393	     357.757	26	[(0, 432)]
433	  0	421	    -21.0058	    -12.9615	     358.162	26	[(0, 433)]
434	  0	423	    -21.0058	    -17.4472	     360.801	25	[(0, 434)]
435	  0	424	    -22.5377	    -22.5377	     362.134	25	[(0, 435)]
436	  0	425	    -23.7465	    -23.7465	     363.069	25	[(0, 436)]
437	  0	426	    -27.2463	    -27.2463	     364.119	25	[(0, 437)]
438	  0	427	     -31.005	     -31.005	     365.479	25	[(0, 438)]
439	  0	428	    -33.0846	    -33.0846	     366.514	25	[(0, 439)]
440	  0	429	    -33.0846	    -33.0784	     367.225	25	[(0, 440)]
441	  0	429	    -33.0846	    -33.0784	     367.225	25	[(0, 441)]
