nresidues = 564
309 351 0.125
309 352 0.25
309 353 1
309 354 0.5
310 350 0.0625
310 351 1.1875
310 352 0.25
311 349 0.125
311 350 1.4375
311 351 0.3125
311 436 0.0625
312 349 1.375
312 350 0.4375
312 434 0.125
312 435 1.375
312 436 0.3125
313 340 0.125
313 342 0.1875
313 343 0.1875
313 348 0.1875
313 349 0.0625
313 434 1.1875
313 435 0.3125
313 436 0.4375
313 438 0.125
314 321 1.25
314 322 0.25
314 350 0.125
314 433 1.25
315 319 0.1875
315 320 1.3125
315 321 0.0625
315 432 1.5
315 433 0.25
315 438 0.1875
316 319 1.1875
316 320 0.1875
316 431 1.1875
316 432 0.125
316 479 0.1875
317 320 0.0625
317 410 0.1875
317 411 0.1875
317 412 0.6875
317 413 0.25
317 428 0.0625
317 429 0.0625
317 479 0.3125
317 483 0.0625
317 509 0.0625
317 510 0.125
318 413 0.25
318 477 0.3125
318 479 0.0625
318 483 0.3125
319 477 0.0625
320 337 0.375
320 338 1.5625
320 339 0.0625
320 413 0.125
320 414 0.1875
320 415 0.125
321 336 0.0625
321 337 1.1875
321 338 0.375
321 339 0.0625
321 340 0.1875
321 348 0.25
321 438 0.0625
322 335 0.0625
322 336 1.1875
322 347 0.0625
322 348 0.0625
322 350 0.375
322 432 0.125
323 335 1.25
323 336 0.625
323 338 0.3125
323 347 1.4375
323 348 0.25
324 327 0.0625
324 328 0.0625
324 329 0.0625
324 333 0.125
324 334 1.0625
324 335 0.0625
324 347 0.3125
324 350 0.125
324 360 0.0625
324 378 0.125
325 328 0.1875
325 333 0.125
325 334 0.25
325 336 0.75
325 416 0.1875
325 418 0.1875
326 347 0.0625
327 341 0.125
327 347 0.5
328 333 0.3125
329 346 0.0625
329 347 0.125
329 360 0.3125
329 361 0.1875
329 378 0.0625
330 333 0.5625
330 378 0.0625
331 378 1.25
331 379 0.5
331 380 0.1875
332 375 0.0625
332 377 0.1875
332 378 1.1875
333 377 1.25
333 378 0.1875
334 375 0.0625
334 376 1.25
334 418 0.4375
335 350 0.0625
335 365 0.0625
335 376 0.375
335 377 0.3125
335 418 1.375
335 419 0.25
336 416 0.25
336 417 1.25
336 419 0.125
337 410 0.0625
337 412 0.0625
337 415 1.1875
337 416 0.0625
337 417 0.0625
338 348 0.0625
338 415 0.1875
338 416 0.125
339 348 0.25
339 415 0.1875
340 348 0.4375
340 438 0.125
341 345 0.375
341 347 0.25
341 348 0.375
344 349 0.0625
345 349 0.125
346 349 0.25
346 360 0.25
346 361 0.1875
347 360 0.125
349 359 0.0625
349 360 0.1875
349 436 0.0625
350 358 0.375
350 359 1.5
350 360 0.375
350 365 0.125
351 357 0.0625
351 358 1.25
351 359 0.1875
352 357 1.0625
353 357 0.3125
353 359 0.1875
355 359 0.125
355 386 0.375
355 390 0.0625
356 389 0.0625
356 390 1.1875
356 391 0.25
357 364 0.125
357 386 0.0625
357 389 0.25
358 364 1.1875
358 365 0.125
358 391 0.0625
358 393 0.0625
359 363 1.3125
359 364 0.0625
359 381 0.4375
360 363 0.375
362 381 0.0625
363 378 0.25
363 379 1.375
363 381 0.1875
364 377 0.0625
364 378 1.3125
364 379 0.25
364 381 0.3125
364 389 0.125
365 376 0.125
365 377 1.1875
365 388 0.0625
365 389 0.1875
365 391 0.4375
366 376 1.375
366 377 0.5625
366 378 0.0625
366 379 0.125
366 388 1.3125
366 389 0.125
366 391 0.0625
367 374 0.0625
367 375 1.1875
367 388 0.25
367 401 0.0625
367 421 0.1875
368 374 0.0625
368 375 0.4375
369 374 0.1875
370 385 0.125
370 388 0.0625
370 403 0.0625
370 404 0.1875
370 406 0.1875
371 374 0.1875
371 406 0.25
371 421 0.0625
372 406 0.0625
372 421 1.1875
372 422 0.25
373 420 0.0625
373 421 0.0625
373 422 0.125
374 420 1.3125
374 421 0.125
375 418 0.0625
375 419 1.3125
376 408 0.0625
376 419 0.1875
376 420 0.125
376 421 0.0625
379 383 0.1875
379 384 0.125
380 383 1.375
380 384 0.125
384 389 0.0625
385 388 1.1875
385 389 0.0625
386 389 1.375
386 390 0.1875
387 401 0.125
387 403 0.1875
390 401 0.25
390 402 0.125
391 399 0.125
391 400 1.5
391 401 0.1875
391 421 0.0625
392 398 0.0625
392 399 1.25
392 400 0.3125
392 402 0.125
393 398 1.1875
394 397 0.0625
394 398 0.375
394 400 0.1875
396 516 0.25
396 528 0.1875
397 430 0.125
397 431 1.3125
397 432 0.5
397 516 0.1875
398 407 0.0625
398 424 0.0625
398 430 0.125
398 516 0.25
399 407 1.25
399 408 0.125
399 432 0.25
400 405 0.0625
400 406 1.25
400 407 0.0625
401 404 1.5
401 405 1.1875
401 406 0.1875
402 405 0.0625
406 421 0.25
406 422 1.5
406 423 0.0625
407 420 0.0625
407 421 1.3125
407 422 0.25
407 430 0.25
408 419 0.0625
408 420 1.1875
408 429 0.0625
408 430 0.125
408 432 0.625
409 419 1.3125
409 420 0.3125
409 422 0.0625
409 429 1.3125
409 430 0.0625
410 419 0.125
410 429 0.1875
411 417 0.0625
412 417 0.3125
413 417 0.0625
414 417 0.3125
419 432 0.125
422 430 0.0625
423 430 0.25
424 430 0.3125
425 430 0.6875
425 513 0.0625
426 513 0.125
426 516 0.375
426 528 0.125
426 529 0.4375
427 430 1.3125
427 511 1.375
427 516 0.375
428 431 0.125
428 479 0.5625
428 480 0.0625
428 481 0.0625
428 511 0.25
428 515 0.125
428 516 0.125
429 432 0.0625
430 516 0.5
431 478 1.125
431 479 0.25
431 516 0.25
432 478 1.1875
433 478 0.125
437 441 0.5
440 475 0.125
440 476 1.3125
440 477 0.4375
441 474 0.0625
441 475 1.25
441 476 0.25
442 473 0.75
442 474 1.25
442 485 0.5625
442 563 0.125
443 472 0.0625
443 473 1.5625
443 474 0.3125
443 561 0.1875
443 562 1.5625
444 452 0.0625
444 472 0.25
444 473 0.125
444 560 0.0625
444 561 1.1875
444 562 0.25
445 452 1.1875
445 453 0.1875
445 474 0.25
445 560 1.25
446 451 1.25
446 452 0.125
446 465 0.125
446 559 1.375
446 560 0.3125
446 562 0.1875
447 450 1.1875
447 451 0.1875
447 558 1.1875
447 559 0.0625
448 451 0.25
448 536 0.0625
448 539 0.375
448 555 0.4375
448 556 0.1875
449 539 0.0625
449 541 0.0625
450 465 0.0625
451 462 0.1875
451 463 1.5
451 464 0.0625
451 465 0.25
451 541 0.125
452 461 0.0625
452 462 1.3125
452 463 0.25
452 465 0.375
452 472 0.125
453 460 0.0625
453 461 1.25
453 471 0.0625
453 472 0.1875
453 474 0.3125
453 492 0.0625
453 546 0.0625
453 559 0.125
454 460 1.3125
454 461 0.3125
454 463 0.3125
454 469 0.1875
454 471 1.9375
454 472 0.3125
454 474 0.125
455 459 1.1875
455 471 0.25
455 474 0.125
455 484 0.0625
455 505 0.0625
456 459 0.375
457 505 0.1875
458 504 1.3125
458 505 0.4375
459 505 0.0625
460 474 0.125
460 492 0.125
460 503 0.0625
461 544 0.1875
461 546 0.1875
462 536 0.125
462 559 0.125
464 472 0.25
465 472 0.25
466 469 0.4375
466 472 0.125
469 472 1.3125
469 473 0.0625
470 473 0.3125
470 485 0.25
470 486 0.3125
471 486 0.125
473 484 1.1875
473 485 0.3125
473 562 0.0625
473 563 0.25
474 482 0.0625
474 483 1.5
474 484 0.25
474 492 0.125
475 481 0.0625
475 482 1.1875
475 483 0.3125
475 488 0.125
476 481 1.1875
476 482 0.125
476 519 0.0625
477 480 1.125
477 481 0.125
477 483 0.4375
477 488 0.3125
479 483 0.125
479 516 0.1875
480 515 0.0625
480 516 1.25
480 517 0.3125
481 491 0.0625
481 515 0.125
482 491 1.1875
482 492 0.25
482 517 0.125
482 519 0.125
483 488 0.3125
483 490 0.25
483 491 0.0625
483 508 0.375
484 487 1.375
484 488 0.125
484 490 0.125
485 488 0.375
487 490 0.375
489 507 1.3125
489 508 0.3125
490 505 0.25
490 506 1.6875
490 507 0.0625
490 508 0.25
491 504 0.0625
491 505 1.1875
491 506 0.1875
491 508 0.3125
491 515 0.125
492 503 0.0625
492 504 1.1875
492 505 0.0625
492 514 0.0625
492 515 0.0625
492 517 0.25
492 534 0.0625
493 503 1.25
493 504 0.25
493 506 0.1875
493 514 1.3125
493 515 0.3125
493 517 0.0625
494 514 0.4375
494 517 0.1875
494 527 0.4375
494 530 0.125
494 548 0.125
495 501 0.0625
496 501 0.3125
496 548 0.0625
497 501 0.0625
497 529 0.125
497 530 0.4375
497 532 0.0625
497 548 0.125
498 501 0.375
498 548 0.125
499 532 0.0625
499 548 1.25
499 549 0.125
499 550 0.1875
500 547 0.0625
500 548 1.1875
500 549 0.0625
501 547 1.3125
501 548 0.125
502 545 0.0625
502 546 1.3125
502 547 0.0625
503 517 0.0625
503 534 0.0625
503 546 0.3125
503 547 0.125
503 548 0.0625
506 515 0.125
507 515 0.25
508 511 0.0625
508 515 0.1875
510 515 0.0625
511 515 0.1875
512 515 1.5
513 516 0.125
513 527 0.25
513 529 0.4375
514 517 0.1875
514 527 0.1875
516 527 1.3125
516 528 0.375
517 526 1.5625
517 527 0.25
517 534 0.4375
517 548 0.0625
518 524 0.0625
518 525 1.1875
518 526 0.25
518 528 0.0625
519 524 1.1875
519 525 0.1875
519 561 0.125
520 523 0.125
520 524 0.375
520 526 0.125
522 558 0.125
523 557 0.0625
523 558 1.25
523 559 0.3125
524 557 0.0625
525 533 1.1875
525 534 0.3125
525 559 0.375
526 531 0.0625
526 532 1.4375
526 533 0.125
527 530 1.75
527 531 0.0625
530 548 0.0625
532 548 0.25
532 549 1.4375
532 550 0.0625
533 547 0.0625
533 548 1.1875
533 549 0.3125
533 557 0.125
534 546 0.0625
534 547 1.25
534 557 0.1875
534 559 0.25
535 545 0.0625
535 546 1.375
535 547 0.5
535 549 0.3125
535 556 1.375
535 557 0.4375
536 539 0.0625
536 545 1.1875
536 556 0.3125
536 559 0.0625
537 540 0.25
537 543 0.0625
537 545 0.3125
538 543 0.1875
538 545 0.0625
538 556 0.0625
539 556 0.125
540 543 0.25
541 544 0.125
549 557 0.1875
550 557 0.25
551 557 0.3125
552 557 0.4375
554 557 1.25
554 558 0.0625
555 558 0.25
