nresidues = 264
2 77 2.95452
3 38 0.73863
3 78 2.65907
3 79 0.443178
4 7 1.75425
4 79 0.147726
5 8 1.84658
5 9 0.0923288
5 175 0.443178
5 176 0.443178
6 9 1.84658
6 10 0.184658
7 10 2.03123
7 11 1.2926
8 11 1.84658
8 12 0.184658
8 18 0.443178
8 79 0.147726
8 176 0.147726
8 197 0.443178
9 12 1.84658
9 195 0.590904
9 196 0.147726
9 197 0.443178
10 13 1.84658
10 14 0.830958
11 14 1.9389
11 15 1.75425
11 16 0.73863
12 15 0.184658
12 191 0.590904
12 194 0.443178
12 195 0.295452
12 196 0.886356
12 197 0.147726
12 208 1.62499
16 251 0.147726
17 205 0.73863
17 207 0.295452
17 208 3.10225
17 250 2.80679
17 251 0.443178
17 252 0.443178
17 253 0.443178
18 199 0.295452
18 208 0.443178
18 209 2.80679
18 210 0.147726
18 250 0.443178
19 37 0.295452
19 210 2.80679
19 246 0.590904
19 250 0.147726
20 39 3.54542
20 210 1.18181
20 211 3.24997
20 246 0.590904
21 32 0.73863
21 37 0.590904
21 39 0.147726
21 40 2.95452
21 212 2.95452
21 214 0.295452
22 32 0.147726
22 41 3.10225
22 212 0.295452
22 213 0.73863
22 214 0.443178
23 40 0.147726
23 41 0.147726
23 42 0.443178
23 71 0.590904
24 42 0.147726
24 43 0.147726
24 45 0.73863
24 46 0.295452
24 49 0.147726
24 50 0.295452
24 67 0.886356
24 71 0.443178
24 213 0.147726
24 215 0.443178
25 28 1.84658
25 29 0.184658
25 70 2.51134
26 29 1.84658
26 30 0.369315
26 70 0.295452
26 73 0.886356
26 74 0.443178
27 30 1.66192
27 31 0.184658
28 31 1.84658
28 32 0.923288
28 214 1.32953
28 218 0.147726
29 32 1.84658
29 33 0.184658
29 40 0.443178
29 71 0.443178
29 74 2.65907
29 75 0.147726
30 33 1.9389
30 34 0.923288
30 74 0.590904
31 34 1.84658
31 35 0.184658
31 239 0.147726
31 240 1.18181
31 243 0.147726
32 35 1.84658
32 36 1.84658
32 37 2.12356
32 40 0.295452
32 214 0.295452
32 218 0.443178
32 243 0.295452
33 36 0.0923288
33 38 0.184658
33 75 0.147726
35 240 0.73863
35 243 0.147726
35 244 1.03408
35 247 0.295452
36 247 0.443178
37 40 0.147726
37 243 0.147726
37 247 0.147726
38 78 3.10225
38 79 0.443178
39 79 2.80679
40 75 0.147726
40 78 0.147726
40 79 0.147726
40 80 2.95452
40 81 0.443178
41 81 3.3977
41 83 0.147726
41 111 0.147726
41 211 0.295452
42 64 0.295452
42 67 0.443178
42 68 0.590904
42 71 0.147726
42 80 0.147726
42 81 0.295452
42 82 2.80679
42 83 0.147726
43 46 0.369315
43 83 0.886356
44 47 0.0923288
44 56 1.47726
44 59 0.147726
44 83 0.590904
44 141 0.590904
45 48 1.84658
45 49 0.369315
46 49 1.75425
46 50 1.9389
46 51 0.461643
46 59 0.147726
46 64 0.147726
46 67 0.295452
47 50 1.56959
47 51 1.9389
47 52 1.75425
47 53 0.461643
47 59 0.147726
48 51 1.66192
48 52 0.0923288
48 53 0.276987
48 54 0.276987
48 55 0.461643
48 149 0.147726
49 213 0.147726
50 67 0.147726
51 59 0.147726
51 63 0.590904
53 58 0.443178
54 149 0.147726
55 58 0.295452
55 149 0.295452
56 59 0.443178
56 141 0.147726
57 86 1.18181
57 141 0.147726
57 144 0.147726
59 63 0.461643
59 64 0.184658
59 85 0.295452
60 63 2.58521
60 64 0.0923288
60 85 0.443178
61 64 1.84658
61 65 0.184658
61 85 0.295452
61 88 0.147726
61 98 0.590904
61 101 0.147726
62 65 1.84658
62 66 0.184658
63 66 1.84658
63 67 0.276987
64 67 1.84658
64 68 0.461643
64 82 0.147726
64 83 0.590904
64 102 0.147726
65 68 1.84658
65 69 0.184658
65 105 0.295452
66 69 1.66192
66 70 0.0923288
67 70 1.84658
67 71 0.276987
68 71 1.84658
68 72 0.184658
68 80 0.147726
68 82 0.147726
68 102 0.147726
68 105 3.10225
68 106 0.443178
69 72 1.84658
69 73 0.830958
69 105 0.295452
70 73 1.9389
71 74 1.75425
71 75 0.184658
71 80 0.295452
72 75 2.03123
72 76 0.73863
72 77 0.0923288
72 78 0.461643
72 80 0.147726
72 106 0.443178
72 108 0.590904
75 78 0.590904
78 108 0.147726
79 108 0.886356
80 106 0.147726
80 107 3.10225
80 108 3.3977
80 109 0.147726
81 109 2.95452
82 107 0.147726
82 109 0.147726
82 110 3.10225
83 111 3.9886
84 88 0.147726
84 89 0.295452
84 98 0.443178
84 99 0.147726
84 111 0.295452
84 112 0.295452
84 141 0.147726
85 88 0.590904
85 89 0.295452
85 141 1.03408
86 141 0.295452
87 90 0.147726
88 94 2.80679
88 95 0.147726
88 98 0.886356
89 95 0.147726
89 112 0.590904
89 113 0.886356
89 117 0.147726
89 118 0.147726
89 141 0.590904
91 94 2.40054
91 95 0.184658
92 95 1.84658
92 96 1.20027
92 120 0.147726
92 121 0.147726
93 96 1.84658
93 97 0.0923288
94 97 1.84658
94 98 0.369315
95 98 1.75425
95 99 0.184658
95 121 0.147726
95 125 0.147726
96 99 1.84658
96 100 0.184658
96 124 0.73863
96 125 0.147726
96 128 0.886356
97 100 1.84658
97 101 0.276987
98 101 1.75425
98 102 0.184658
99 102 1.84658
99 103 0.369315
99 125 0.147726
100 103 1.84658
100 104 0.830958
101 104 1.75425
101 105 0.184658
102 105 1.84658
102 106 1.56959
102 107 0.276987
102 110 0.0923288
103 106 1.84658
103 107 0.461643
103 108 0.553973
103 109 0.0923288
108 131 0.443178
109 131 3.3977
109 132 0.147726
109 133 0.147726
109 175 0.147726
109 176 0.147726
110 130 0.147726
110 131 0.295452
110 132 2.80679
110 133 0.443178
111 133 3.24997
111 135 0.73863
111 178 0.147726
112 118 0.443178
112 133 0.147726
112 134 2.80679
112 135 0.147726
113 118 0.443178
113 135 3.24997
113 139 1.62499
113 140 0.886356
113 141 1.92044
114 117 0.147726
114 118 0.443178
114 135 0.147726
114 136 0.443178
114 169 0.295452
115 118 0.443178
115 136 0.147726
115 165 1.03408
115 169 0.147726
116 119 0.443178
116 165 0.295452
116 168 0.147726
118 121 1.84658
118 122 0.276987
119 122 1.84658
119 123 0.646303
119 168 0.147726
119 172 0.295452
120 123 1.9389
120 124 0.369315
121 124 1.75425
121 125 0.461643
122 125 1.84658
122 126 0.369315
122 172 3.3977
122 173 0.295452
123 126 1.9389
123 127 0.184658
123 172 0.73863
124 127 2.03123
124 128 1.20027
125 128 1.9389
125 129 1.66192
125 130 2.12356
125 132 0.295452
126 129 0.0923288
126 130 0.184658
126 173 0.295452
131 175 0.295452
132 174 2.95452
132 175 2.65907
132 176 0.147726
133 176 3.3977
133 177 0.147726
133 178 0.147726
134 176 0.147726
134 177 3.54542
134 178 0.443178
135 138 0.147726
135 139 0.147726
135 140 0.295452
135 178 3.10225
135 180 0.590904
136 162 0.295452
136 165 0.590904
136 166 0.295452
136 169 0.147726
136 177 0.295452
136 178 0.295452
136 179 3.10225
136 180 0.295452
137 152 0.886356
137 162 0.147726
137 180 2.95452
137 182 0.147726
138 146 0.147726
138 149 0.73863
138 150 0.443178
138 152 0.147726
138 180 1.03408
138 181 0.147726
139 142 0.590904
139 146 0.443178
140 143 0.443178
140 180 0.295452
142 145 3.10225
142 146 0.886356
143 146 3.10225
143 147 2.95452
143 148 0.590904
143 149 1.18181
146 150 0.443178
146 152 0.147726
147 150 0.590904
151 154 0.73863
151 181 3.10225
151 262 0.443178
152 181 0.295452
152 182 0.443178
152 183 0.147726
153 158 1.66192
153 159 0.0923288
153 186 0.295452
154 158 0.0923288
154 183 0.147726
154 263 0.73863
155 158 1.66192
155 159 0.0923288
156 159 1.75425
156 160 0.461643
157 160 1.66192
157 161 0.184658
158 161 1.84658
158 162 0.276987
159 162 1.84658
159 163 0.184658
159 186 0.590904
159 189 0.295452
160 163 1.84658
160 164 0.184658
160 189 0.443178
161 164 1.84658
161 165 0.73863
162 165 1.9389
162 166 0.184658
163 166 1.84658
163 167 0.369315
163 189 0.443178
163 190 0.147726
163 193 0.147726
164 167 1.84658
164 168 0.184658
165 168 1.84658
165 169 0.369315
166 169 1.84658
166 170 0.184658
166 177 0.147726
166 190 0.147726
166 194 0.147726
167 170 1.9389
167 171 0.184658
167 193 0.147726
167 194 0.295452
168 171 1.84658
168 172 0.184658
169 172 1.84658
169 173 1.56959
169 174 0.276987
170 173 1.66192
170 194 1.32953
170 195 0.590904
170 196 0.443178
174 196 0.295452
175 196 0.295452
175 197 0.147726
176 196 0.295452
176 197 3.3977
177 190 0.147726
177 194 0.147726
177 197 0.147726
177 198 3.10225
177 199 0.443178
178 199 3.10225
179 187 0.295452
179 190 0.295452
179 198 0.147726
179 199 0.295452
179 200 2.80679
179 201 0.147726
179 203 0.147726
180 201 3.24997
180 202 2.65907
181 201 0.147726
181 202 2.95452
181 228 0.295452
182 202 0.147726
182 203 0.147726
183 186 1.84658
183 187 0.0923288
183 262 2.95452
183 263 0.443178
184 187 1.84658
184 188 0.184658
184 203 0.295452
184 204 0.147726
184 206 0.443178
184 261 0.295452
184 262 0.443178
184 263 0.295452
185 188 1.75425
185 189 0.184658
185 263 1.18181
186 189 1.84658
186 190 0.553973
187 190 1.9389
187 191 0.369315
187 203 0.295452
187 206 0.443178
188 191 1.84658
188 192 0.923288
188 206 0.295452
189 192 1.84658
189 193 0.184658
190 193 1.84658
190 194 0.276987
191 194 0.0923288
191 198 0.295452
191 206 0.443178
191 207 0.295452
191 208 0.443178
194 198 0.147726
196 208 0.147726
197 208 0.73863
198 207 2.95452
198 208 3.3977
198 209 0.147726
199 207 0.443178
199 209 3.10225
199 210 0.443178
199 211 0.295452
200 207 0.295452
200 209 0.295452
200 210 3.24997
200 211 0.295452
201 211 0.73863
201 228 0.73863
202 228 0.295452
202 262 0.295452
203 206 0.147726
204 207 0.147726
204 210 0.590904
204 256 0.73863
204 261 0.147726
205 210 0.147726
205 253 0.590904
205 256 0.443178
207 210 0.295452
210 246 0.590904
210 250 0.147726
210 256 1.03408
211 246 0.443178
212 255 0.73863
213 216 1.9389
213 217 0.0923288
214 217 1.84658
214 218 0.276987
214 220 0.0923288
215 218 1.56959
215 219 1.66192
215 220 2.03123
215 221 0.369315
216 219 0.0923288
216 221 0.276987
216 226 0.147726
216 230 0.147726
216 231 0.295452
217 230 0.295452
217 231 3.10225
217 232 2.80679
218 231 0.73863
218 233 0.295452
218 239 0.295452
218 242 0.147726
218 243 0.147726
219 231 0.295452
225 229 0.590904
225 230 0.443178
226 229 0.590904
227 259 0.443178
227 260 0.590904
227 261 0.443178
227 262 0.295452
228 255 0.590904
228 260 1.32953
229 255 0.443178
229 260 0.443178
230 235 0.147726
230 245 0.295452
230 249 0.590904
230 255 0.147726
230 260 0.147726
231 234 0.147726
232 235 2.51134
232 236 0.590904
232 242 1.03408
232 245 0.443178
232 246 0.73863
232 249 0.147726
232 255 0.147726
233 236 3.24997
233 237 0.443178
233 238 0.590904
233 242 0.147726
236 241 1.03408
236 242 0.295452
236 245 0.590904
238 241 2.21589
238 242 0.184658
239 242 1.84658
239 243 0.276987
240 243 1.84658
240 244 0.830958
241 244 2.12356
241 245 0.184658
242 245 1.84658
242 246 0.184658
243 246 1.84658
243 247 0.461643
244 247 1.84658
244 248 0.184658
245 248 1.84658
245 249 0.646303
246 249 1.75425
246 250 0.461643
246 255 0.295452
247 250 1.84658
247 251 0.0923288
248 251 1.84658
248 252 0.276987
249 252 1.84658
249 253 1.75425
249 254 2.21589
249 255 0.553973
250 253 0.0923288
250 255 0.0923288
253 256 0.147726
254 257 0.147726
255 260 0.73863
256 260 0.295452
257 260 3.10225
257 261 0.443178
258 261 0.443178
258 263 0.590904
