nresidues = 232
26 31 0.339555
28 31 0.339555
39 42 0.169777
40 193 0.509332
40 196 0.339555
41 224 0.169777
44 161 0.848887
44 163 0.169777
44 221 0.848887
45 167 0.339555
45 203 0.169777
47 166 1.18844
47 203 1.528
48 53 0.169777
48 166 0.848887
50 53 1.01866
50 166 0.169777
51 54 0.339555
52 210 0.339555
53 166 1.35822
53 204 0.848887
54 165 0.509332
54 166 1.18844
54 204 1.528
55 165 0.339555
55 204 3.56532
55 216 0.169777
56 59 2.88622
56 60 0.169777
57 60 0.169777
57 61 0.169777
58 61 0.169777
59 216 0.339555
60 65 0.106111
60 216 0.169777
61 64 1.91
61 65 0.106111
62 65 2.22833
62 66 0.424443
62 80 0.339555
62 168 0.169777
63 66 2.12222
63 67 0.212222
64 67 2.54666
64 68 0.212222
65 68 2.12222
65 69 0.212222
65 168 2.71644
65 202 0.169777
65 216 0.339555
66 69 1.91
66 70 0.106111
66 73 3.05599
67 70 0.106111
68 216 0.169777
69 72 1.35822
69 73 0.339555
69 78 0.169777
69 200 0.339555
69 202 0.848887
70 73 0.339555
72 78 0.169777
72 200 1.35822
73 78 0.509332
73 169 0.169777
74 77 3.56532
74 78 0.339555
76 173 0.339555
77 158 0.169777
77 160 1.01866
77 172 3.56532
77 173 1.528
77 199 0.169777
77 223 0.339555
78 160 0.169777
78 169 0.339555
78 171 3.39555
78 200 0.169777
78 201 0.169777
79 169 3.22577
79 170 2.88622
79 171 1.18844
80 168 0.169777
80 171 0.679109
82 85 0.679109
82 171 1.528
83 160 1.18844
84 159 1.01866
84 160 1.69777
88 98 2.88622
88 99 0.509332
89 99 3.56532
97 100 2.12222
97 101 0.212222
98 101 2.12222
98 102 0.106111
99 102 2.22833
99 103 0.212222
100 103 2.12222
100 104 0.212222
101 104 2.01611
101 105 0.212222
101 178 0.339555
102 105 2.12222
102 106 0.424443
103 106 2.12222
103 107 0.636665
104 107 2.12222
104 108 1.06111
104 155 0.339555
104 178 1.69777
104 181 0.169777
105 108 2.44055
105 109 0.318334
106 109 2.01611
107 110 2.01611
107 155 0.169777
107 157 0.169777
108 111 0.212222
108 150 1.528
108 153 0.339555
108 155 0.339555
108 181 2.20711
109 150 0.339555
111 149 1.01866
111 153 1.01866
112 149 0.169777
112 153 0.339555
114 149 1.01866
115 119 0.318334
115 120 0.318334
115 145 0.169777
115 146 0.169777
115 149 1.528
116 119 2.12222
116 120 0.212222
116 149 0.509332
117 120 2.22833
117 121 0.106111
118 122 0.212222
119 122 0.318334
119 145 0.679109
119 148 0.679109
119 149 0.169777
119 152 0.169777
120 141 0.169777
120 145 0.509332
121 145 0.169777
122 141 0.509332
122 145 0.679109
122 148 0.169777
123 141 1.35822
124 134 2.88622
124 135 3.22577
124 136 1.528
124 141 0.169777
124 144 1.528
124 145 0.339555
125 131 1.91
125 132 0.106111
125 134 2.88622
125 135 0.339555
126 129 0.106111
126 130 1.69777
126 131 2.65277
126 135 0.169777
127 130 0.318334
127 131 2.12222
127 135 1.86755
128 131 0.742777
128 132 0.636665
128 135 0.339555
134 137 0.509332
136 140 0.212222
137 140 2.12222
137 141 0.212222
138 141 2.22833
138 142 0.106111
139 142 1.91
140 143 1.91
140 144 0.318334
141 144 2.12222
141 145 1.06111
142 145 2.22833
142 146 0.318334
143 146 2.01611
143 147 0.212222
144 147 2.12222
144 148 0.636665
145 148 2.12222
145 149 0.212222
146 149 2.54666
146 150 0.212222
147 150 2.01611
147 151 0.212222
147 185 0.169777
148 151 2.12222
148 152 0.530553
149 152 2.33444
149 153 0.212222
151 181 0.679109
151 182 0.169777
151 183 3.7351
151 184 0.169777
152 183 0.509332
152 229 0.169777
154 191 1.01866
154 227 0.679109
154 228 0.339555
154 229 0.169777
155 176 0.169777
156 175 0.339555
156 176 3.7351
156 224 0.169777
156 225 0.169777
157 174 0.169777
157 175 3.39555
157 176 0.848887
158 173 0.509332
158 174 3.56532
158 175 0.339555
159 172 0.169777
159 173 3.56532
159 174 1.01866
160 171 0.169777
160 172 4.24443
160 173 1.528
161 170 0.169777
161 171 3.39555
161 172 0.509332
161 221 0.169777
162 170 5.77243
162 171 0.509332
163 167 1.528
163 170 0.848887
163 221 0.509332
164 167 0.679109
164 170 1.01866
165 216 0.169777
166 202 0.169777
166 203 4.24443
166 204 0.339555
166 216 0.169777
167 170 0.339555
167 201 0.169777
167 202 3.7351
167 203 0.848887
167 216 0.339555
167 219 0.339555
168 201 3.22577
168 202 1.01866
168 216 0.339555
172 199 0.169777
173 223 0.169777
175 224 0.679109
176 227 0.169777
177 192 0.679109
177 193 0.509332
177 227 0.679109
178 191 0.339555
179 190 0.169777
181 190 0.169777
182 187 0.509332
182 188 0.339555
182 189 3.90488
183 189 0.509332
183 190 0.679109
183 191 0.169777
183 229 1.528
184 187 0.679109
184 188 0.169777
184 189 1.18844
189 229 0.339555
189 230 4.24443
189 231 0.169777
190 228 0.169777
190 229 3.39555
190 230 1.01866
191 228 3.22577
192 227 3.56532
192 228 0.679109
192 231 0.509332
193 224 0.169777
193 226 3.39555
194 226 4.07466
194 227 0.679109
194 228 0.169777
195 224 3.39555
195 225 3.90488
195 226 1.01866
196 223 3.56532
196 224 0.169777
196 225 0.339555
197 222 3.22577
197 223 0.679109
198 220 0.169777
198 221 3.56532
198 222 0.509332
199 219 0.169777
199 220 3.22577
199 221 0.848887
199 223 0.169777
200 219 3.39555
201 217 0.169777
201 218 3.39555
201 219 0.679109
202 216 1.01866
202 217 3.39555
203 215 3.39555
203 216 4.24443
203 217 0.169777
203 219 0.169777
204 214 1.35822
204 215 4.07466
204 216 0.509332
205 213 0.169777
205 214 3.39555
205 215 0.509332
205 217 0.169777
206 211 0.848887
206 212 3.22577
206 213 3.22577
206 214 0.679109
207 212 2.88622
207 213 0.339555
208 211 3.05599
208 212 0.339555
209 212 0.848887
211 214 0.339555
