L	Ls	nvertices	F_L	F_L_constrained	rho_sum	nloops	regions
  8	  0	  0	           0	           0	           0	 0	[(0, 8)]
  9	  0	  0	           0	           0	           0	 0	[(0, 9)]
 10	  0	  0	           0	           0	           0	 0	[(0, 10)]
 11	  0	  0	           0	           0	           0	 0	[(0, 11)]
 12	  0	  0	           0	           0	           0	 0	[(0, 12)]
 13	  0	  0	           0	           0	           0	 0	[(0, 13)]
 14	  0	  0	           0	           0	           0	 0	[(0, 14)]
 15	  0	  2	   -0.256066	   -0.256066	    0.242326	 0	[(0, 15)]
 16	  0	  2	   -0.256066	   -0.256066	    0.242326	 0	[(0, 16)]
 17	  0	  2	   -0.256066	   -0.256066	    0.242326	 0	[(0, 17)]
 18	  0	  2	   -0.256066	   -0.256066	    0.242326	 0	[(0, 18)]
 19	  0	  2	   -0.256066	   -0.256066	    0.242326	 0	[(0, 19)]
 20	  0	  2	   -0.256066	   -0.256066	    0.242326	 0	[(0, 20)]
 21	  0	  2	   -0.256066	   -0.256066	    0.242326	 0	[(0, 21)]
 22	  0	  2	   -0.256066	   -0.256066	    0.242326	 0	[(0, 22)]
 23	  0	  2	   -0.256066	   -0.256066	    0.242326	 0	[(0, 23)]
 24	  0	  4	   -0.592802	   -0.592802	    0.687365	 0	[(0, 24)]
 25	  0	  6	   -0.592802	    0.457856	     3.30553	 0	[(0, 25)]
 26	  0	  8	   -0.592802	     1.99248	      5.7101	 0	[(0, 26)]
 27	  0	  9	   -0.592802	     2.62187	      5.9319	 0	[(0, 27)]
 28	  0	  9	   -0.592802	     2.62187	      5.9319	 0	[(0, 28)]
 29	  0	  9	   -0.592802	     2.62187	      5.9319	 0	[(0, 29)]
 30	  0	  9	   -0.592802	     2.62187	      5.9319	 0	[(0, 30)]
 31	  0	  9	   -0.592802	     2.62187	      5.9319	 0	[(0, 31)]
 32	  0	  9	   -0.592802	     2.62187	      5.9319	 0	[(0, 32)]
 33	  0	  9	   -0.592802	     2.62187	      5.9319	 0	[(0, 33)]
 34	  0	  9	   -0.592802	     2.62187	      5.9319	 0	[(0, 34)]
 35	  0	  9	   -0.592802	     2.62187	      5.9319	 0	[(0, 35)]
 36	  0	  9	   -0.592802	     2.62187	      5.9319	 0	[(0, 36)]
 37	  0	  9	   -0.592802	     2.62187	      5.9319	 0	[(0, 37)]
 38	  0	  9	   -0.592802	     2.62187	      5.9319	 0	[(0, 38)]
 39	  0	  9	   -0.592802	     2.62187	      5.9319	 0	[(0, 39)]
 40	  0	 10	   -0.592802	      2.4891	     6.06525	 0	[(0, 40)]
 41	  0	 10	   -0.592802	      2.4891	     6.06525	 0	[(0, 41)]
 42	  0	 10	   -0.592802	      2.4891	     6.06525	 0	[(0, 42)]
 43	  0	 10	   -0.592802	      2.4891	     6.06525	 0	[(0, 43)]
 44	  0	 10	   -0.592802	      2.4891	     6.06525	 0	[(0, 44)]
 45	  0	 10	   -0.592802	      2.4891	     6.06525	 0	[(0, 45)]
 46	  0	 10	   -0.592802	      2.4891	     6.06525	 0	[(0, 46)]
 47	  0	 10	   -0.592802	      2.4891	     6.06525	 0	[(0, 47)]
 48	  0	 10	   -0.592802	      2.4891	     6.06525	 0	[(0, 48)]
 49	  0	 10	   -0.592802	      2.4891	     6.06525	 0	[(0, 49)]
 50	  0	 10	   -0.592802	      2.4891	     6.06525	 0	[(0, 50)]
 51	  0	 10	   -0.592802	      2.4891	     6.06525	 0	[(0, 51)]
 52	 44	  2	   -0.592802	     3.68262	    0.381288	 1	[(44, 52)]
 53	 44	  4	   -0.592802	     4.95656	     3.06113	 1	[(44, 53)]
 54	 44	  6	   -0.592802	     5.96728	     4.67343	 1	[(44, 54)]
 55	 44	  9	   -0.592802	     6.95541	     7.41134	 1	[(44, 55)]
 56	 44	 11	   -0.592802	     7.57512	     9.29504	 1	[(44, 56)]
 57	 44	 12	   -0.592802	     8.16581	     9.66283	 1	[(44, 57)]
 58	 44	 12	   -0.592802	     8.16581	     9.66283	 1	[(44, 58)]
 59	 39	 13	   -0.592802	     9.46127	     11.4524	 2	[(39, 59)]
 60	 39	 15	   -0.592802	     9.50299	     13.4784	 2	[(39, 60)]
 61	 44	 14	   -0.592802	     9.75517	     11.6526	 2	[(44, 61)]
 62	 44	 14	   -0.592802	     9.75517	     11.6526	 2	[(44, 62)]
 63	 44	 14	   -0.592802	     9.75517	     11.6526	 2	[(44, 63)]
 64	 44	 14	   -0.592802	     9.75517	     11.6526	 2	[(44, 64)]
 65	 44	 14	   -0.592802	     9.75517	     11.6526	 2	[(44, 65)]
 66	 44	 14	   -0.592802	     9.75517	     11.6526	 2	[(44, 66)]
 67	 44	 14	   -0.592802	     9.75517	     11.6526	 2	[(44, 67)]
 68	 44	 14	   -0.592802	     9.75517	     11.6526	 2	[(44, 68)]
 69	 44	 14	   -0.592802	     9.75517	     11.6526	 2	[(44, 69)]
 70	 44	 14	   -0.592802	     9.75517	     11.6526	 2	[(44, 70)]
 71	 44	 14	   -0.592802	     9.75517	     11.6526	 2	[(44, 71)]
 72	 44	 14	   -0.592802	     9.75517	     11.6526	 2	[(44, 72)]
 73	 44	 14	   -0.592802	     9.75517	     11.6526	 2	[(44, 73)]
 74	 44	 16	   -0.592802	     9.49911	      11.895	 2	[(44, 74)]
 75	 44	 16	   -0.592802	     9.49911	      11.895	 2	[(44, 75)]
 76	 44	 16	   -0.592802	     9.49911	      11.895	 2	[(44, 76)]
 77	 44	 16	   -0.592802	     9.49911	      11.895	 2	[(44, 77)]
 78	 44	 19	   -0.592802	     9.35613	     12.0725	 2	[(44, 78)]
 79	 44	 21	   -0.592802	     9.36501	     12.0609	 2	[(44, 79)]
 80	 44	 23	   -0.592802	     9.25607	     12.1562	 2	[(44, 80)]
 81	 44	 23	   -0.592802	     9.25607	     12.1562	 2	[(44, 81)]
 82	 44	 23	   -0.592802	     9.25607	     12.1562	 2	[(44, 82)]
 83	 44	 23	   -0.592802	     9.25607	     12.1562	 2	[(44, 83)]
 84	 44	 23	   -0.592802	     9.25607	     12.1562	 2	[(44, 84)]
 85	 44	 23	   -0.592802	     9.25607	     12.1562	 2	[(44, 85)]
 86	 44	 23	   -0.592802	     9.25607	     12.1562	 2	[(44, 86)]
 87	 44	 25	   -0.592802	     8.99772	     12.4027	 2	[(44, 87)]
 88	 44	 25	   -0.592802	     8.99772	     12.4027	 2	[(44, 88)]
 89	 44	 25	   -0.592802	     8.99772	     12.4027	 2	[(44, 89)]
 90	 44	 27	   -0.592802	     8.85789	     12.5635	 2	[(44, 90)]
 91	 44	 27	   -0.592802	     8.85789	     12.5635	 2	[(44, 91)]
 92	 89	  2	   -0.592802	     3.71147	    0.307333	 1	[(89, 92)]
 93	 89	  4	   -0.592802	     2.24239	    0.296386	 1	[(89, 93)]
 94	 89	  6	   -0.592802	     4.43402	     5.19169	 0	[(89, 94)]
 95	 89	  7	   -0.592802	     4.36166	     5.69645	 0	[(89, 95)]
 96	 89	  8	   -0.592802	      4.2489	      6.1819	 0	[(89, 96)]
 97	 89	  9	   -0.592802	     4.09201	     7.58094	 0	[(89, 97)]
 98	 89	 10	   -0.592802	     3.90203	     8.67487	 0	[(89, 98)]
 99	 89	 11	   -0.592802	     3.76099	     9.64663	 0	[(89, 99)]
100	 89	 12	   -0.592802	     3.62274	      10.602	 0	[(89, 100)]
101	 89	 13	   -0.592802	     3.36248	     11.6467	 0	[(89, 101)]
102	 89	 14	   -0.592802	      3.2279	      12.619	 0	[(89, 102)]
103	 89	 15	   -0.592802	     3.03384	     13.6231	 0	[(89, 103)]
104	 89	 16	   -0.592802	      2.9556	     14.5353	 0	[(89, 104)]
105	 89	 17	   -0.592802	     3.52563	     14.1538	 0	[(89, 105)]
106	 89	 18	   -0.592802	     3.65812	     13.6058	 0	[(89, 106)]
107	 89	 18	   -0.592802	     3.65812	     13.6058	 0	[(89, 107)]
108	 89	 18	   -0.592802	     3.65812	     13.6058	 0	[(89, 108)]
109	 89	 18	   -0.592802	     3.65812	     13.6058	 0	[(89, 109)]
110	 89	 19	   -0.592802	     3.53019	      13.728	 0	[(89, 110)]
111	 89	 19	   -0.592802	     3.53019	      13.728	 0	[(89, 111)]
112	 89	 20	   -0.592802	     3.38593	     13.8753	 0	[(89, 112)]
113	 89	 20	   -0.592802	     3.38593	     13.8753	 0	[(89, 113)]
114	 89	 21	   -0.592802	     3.19253	     14.0524	 0	[(89, 114)]
115	 89	 21	   -0.592802	     3.19253	     14.0524	 0	[(89, 115)]
116	 89	 21	   -0.592802	     3.19253	     14.0524	 0	[(89, 116)]
117	 89	 21	   -0.592802	     3.19253	     14.0524	 0	[(89, 117)]
118	 89	 21	   -0.592802	     3.19253	     14.0524	 0	[(89, 118)]
119	 89	 21	   -0.592802	     3.19253	     14.0524	 0	[(89, 119)]
120	 89	 21	   -0.592802	     3.19253	     14.0524	 0	[(89, 120)]
121	 89	 21	   -0.592802	     3.19253	     14.0524	 0	[(89, 121)]
122	117	  3	   -0.592802	     3.93761	    0.259852	 1	[(117, 122)]
123	117	  4	   -0.592802	      4.9164	     2.51295	 1	[(117, 123)]
124	117	  6	   -0.592802	     5.83901	     4.22309	 1	[(117, 124)]
125	117	  7	   -0.592802	     6.46322	     4.63631	 1	[(117, 125)]
126	117	  7	   -0.592802	     6.46322	     4.63631	 1	[(117, 126)]
127	117	  7	   -0.592802	     6.46322	     4.63631	 1	[(117, 127)]
128	124	  2	   -0.592802	     3.70434	    0.323884	 1	[(124, 128)]
129	124	  5	   -0.592802	     2.35181	    0.267661	 1	[(124, 129)]
130	124	  7	   -0.592802	     4.81004	     5.56054	 0	[(124, 130)]
131	124	  8	   -0.592802	     4.55959	     5.97034	 0	[(124, 131)]
132	124	  9	   -0.592802	     4.48889	     6.42087	 0	[(124, 132)]
133	124	 10	   -0.592802	     4.40277	     7.77301	 0	[(124, 133)]
134	124	 11	   -0.592802	     4.21679	     8.86316	 0	[(124, 134)]
135	124	 12	   -0.592802	     4.02664	     9.90002	 0	[(124, 135)]
136	124	 13	   -0.592802	     3.89647	     10.8768	 0	[(124, 136)]
137	124	 14	   -0.592802	     3.69988	     11.8797	 0	[(124, 137)]
138	124	 15	   -0.592802	     3.62905	     12.8025	 0	[(124, 138)]
139	124	 16	   -0.592802	     3.57956	     13.7354	 0	[(124, 139)]
140	124	 17	   -0.592802	     3.27257	     14.8478	 0	[(124, 140)]
141	124	 18	   -0.592802	     3.87457	     14.6085	 0	[(124, 141)]
142	124	 18	   -0.592802	     3.87457	     14.6085	 0	[(124, 142)]
143	124	 18	   -0.592802	     3.87457	     14.6085	 0	[(124, 143)]
144	124	 19	   -0.592802	     3.51671	     15.0811	 0	[(124, 144)]
145	124	 20	   -0.592802	      9.1379	     15.1066	 1	[(124, 145)]
146	124	 21	   -0.592802	     9.37559	     14.9777	 1	[(124, 146)]
147	124	 21	   -0.592802	     9.37559	     14.9777	 1	[(124, 147)]
148	124	 21	   -0.592802	     9.37559	     14.9777	 1	[(124, 148)]
149	145	  3	   -0.592802	      3.8989	    0.295089	 1	[(145, 149)]
150	145	  5	   -0.592802	     2.35314	    0.268455	 1	[(145, 150)]
151	145	  7	   -0.592802	     4.91004	     5.59727	 0	[(145, 151)]
152	145	  8	   -0.592802	     4.81448	     6.03464	 0	[(145, 152)]
153	145	  9	   -0.592802	     4.61346	     6.46915	 0	[(145, 153)]
154	145	 10	   -0.592802	     4.37179	     7.72535	 0	[(145, 154)]
155	145	 11	   -0.592802	     3.95991	     8.93485	 0	[(145, 155)]
156	145	 12	   -0.592802	     3.78347	     9.87884	 0	[(145, 156)]
157	145	 13	   -0.592802	     3.55442	     10.8361	 0	[(145, 157)]
158	145	 14	   -0.592802	     3.25851	     11.8316	 0	[(145, 158)]
159	145	 15	   -0.592802	     3.11498	      12.787	 0	[(145, 159)]
160	145	 16	   -0.592802	     2.97734	     13.7366	 0	[(145, 160)]
161	145	 17	   -0.592802	     2.70646	     14.7615	 0	[(145, 161)]
162	145	 18	   -0.592802	     2.57984	     15.6188	 0	[(145, 162)]
163	145	 19	   -0.592802	     3.13042	     15.3747	 0	[(145, 163)]
164	145	 19	   -0.592802	     3.13042	     15.3747	 0	[(145, 164)]
165	145	 19	   -0.592802	     3.13042	     15.3747	 0	[(145, 165)]
166	145	 19	   -0.592802	     3.13042	     15.3747	 0	[(145, 166)]
167	145	 19	   -0.592802	     3.13042	     15.3747	 0	[(145, 167)]
168	145	 21	   -0.592802	     8.47145	     15.6837	 1	[(145, 168)]
169	145	 21	   -0.592802	     8.47145	     15.6837	 1	[(145, 169)]
170	145	 23	   -0.592802	     2.69504	     15.8236	 0	[(145, 170)]
171	166	  5	   -0.592802	     2.34945	    0.264705	 1	[(166, 171)]
172	166	  7	   -0.592802	     5.14163	     5.61899	 0	[(166, 172)]
173	166	  8	   -0.592802	      4.7189	     5.96382	 0	[(166, 173)]
174	166	  9	   -0.592802	      4.6176	     6.37693	 0	[(166, 174)]
175	166	 10	   -0.592802	     4.41876	     7.46163	 0	[(166, 175)]
176	166	 11	   -0.592802	       4.066	     8.65847	 0	[(166, 176)]
177	166	 12	   -0.592802	     3.91353	     9.63431	 0	[(166, 177)]
178	166	 13	   -0.592802	     4.51678	     9.48562	 0	[(166, 178)]
179	166	 13	   -0.592802	     4.51678	     9.48562	 0	[(166, 179)]
180	166	 13	   -0.592802	     4.51678	     9.48562	 0	[(166, 180)]
181	166	 13	   -0.592802	     4.51678	     9.48562	 0	[(166, 181)]
182	166	 15	   -0.592802	     4.58228	      9.1331	 0	[(166, 182)]
183	166	 15	   -0.592802	     4.58228	      9.1331	 0	[(166, 183)]
184	166	 16	   -0.592802	     3.94543	      9.9251	 0	[(166, 184)]
185	166	 16	   -0.592802	     3.94543	      9.9251	 0	[(166, 185)]
186	166	 17	   -0.592802	     3.79699	     10.0971	 0	[(166, 186)]
187	166	 17	   -0.592802	     3.79699	     10.0971	 0	[(166, 187)]
188	166	 17	   -0.592802	     3.79699	     10.0971	 0	[(166, 188)]
189	166	 17	   -0.592802	     3.79699	     10.0971	 0	[(166, 189)]
190	166	 17	   -0.592802	     3.79699	     10.0971	 0	[(166, 190)]
191	166	 17	   -0.592802	     3.79699	     10.0971	 0	[(166, 191)]
192	166	 17	   -0.592802	     3.79699	     10.0971	 0	[(166, 192)]
193	166	 17	   -0.592802	     3.79699	     10.0971	 0	[(166, 193)]
194	166	 17	   -0.592802	     3.79699	     10.0971	 0	[(166, 194)]
195	179	  7	   -0.592802	     11.7428	     0.51515	 3	[(179, 195)]
196	179	  9	   -0.592802	     9.94806	    0.426072	 2	[(179, 196)]
197	179	 10	   -0.592802	     11.5397	     4.01092	 2	[(179, 197)]
198	179	 12	   -0.592802	     8.23566	     6.33913	 1	[(179, 198)]
199	179	 14	   -0.592802	      9.6096	     7.40002	 1	[(179, 199)]
200	179	 14	   -0.592802	      9.6096	     7.40002	 1	[(179, 200)]
201	179	 14	   -0.592802	      9.6096	     7.40002	 1	[(179, 201)]
202	199	  2	   -0.592802	     3.71147	    0.307333	 1	[(199, 202)]
203	199	  4	   -0.592802	     2.24643	    0.293772	 1	[(199, 203)]
204	199	  6	   -0.592802	     4.46719	     5.22323	 0	[(199, 204)]
205	199	  7	   -0.592802	     4.39765	     5.73371	 0	[(199, 205)]
206	199	  8	   -0.592802	     4.80801	     6.20691	 0	[(199, 206)]
207	199	  8	   -0.592802	     4.80801	     6.20691	 0	[(199, 207)]
208	199	  8	   -0.592802	     4.80801	     6.20691	 0	[(199, 208)]
209	199	  8	   -0.592802	     4.80801	     6.20691	 0	[(199, 209)]
210	199	  8	   -0.592802	     4.80801	     6.20691	 0	[(199, 210)]
211	199	  8	   -0.592802	     4.80801	     6.20691	 0	[(199, 211)]
212	199	  8	   -0.592802	     4.80801	     6.20691	 0	[(199, 212)]
213	199	  8	   -0.592802	     4.80801	     6.20691	 0	[(199, 213)]
214	199	  8	   -0.592802	     4.80801	     6.20691	 0	[(199, 214)]
215	199	  8	   -0.592802	     4.80801	     6.20691	 0	[(199, 215)]
216	199	 11	   -0.592802	     4.53023	     6.50707	 0	[(199, 216)]
217	199	 12	   -0.592802	     4.54474	      6.4895	 0	[(199, 217)]
218	199	 13	   -0.592802	     4.56162	     6.46742	 0	[(199, 218)]
219	199	 13	   -0.592802	     4.56162	     6.46742	 0	[(199, 219)]
220	199	 14	   -0.592802	     4.43189	     6.58612	 0	[(199, 220)]
221	199	 14	   -0.592802	     4.43189	     6.58612	 0	[(199, 221)]
222	199	 14	   -0.592802	     4.43189	     6.58612	 0	[(199, 222)]
223	199	 14	   -0.592802	     4.43189	     6.58612	 0	[(199, 223)]
224	199	 14	   -0.592802	     4.43189	     6.58612	 0	[(199, 224)]
225	199	 14	   -0.592802	     4.43189	     6.58612	 0	[(199, 225)]
226	199	 14	   -0.592802	     4.43189	     6.58612	 0	[(199, 226)]
227	199	 14	   -0.592802	     4.43189	     6.58612	 0	[(199, 227)]
228	199	 14	   -0.592802	     4.43189	     6.58612	 0	[(199, 228)]
229	199	 14	   -0.592802	     4.43189	     6.58612	 0	[(199, 229)]
230	227	  2	   -0.592802	     3.70178	    0.330056	 1	[(227, 230)]
231	227	  4	   -0.592802	     2.24373	    0.299093	 1	[(227, 231)]
232	227	  6	   -0.592802	     4.26238	     5.17081	 0	[(227, 232)]
233	227	  7	   -0.592802	     4.11504	     5.67033	 0	[(227, 233)]
234	227	  8	   -0.592802	     4.09891	     6.18484	 0	[(227, 234)]
235	227	  9	   -0.592802	     3.78107	     7.83706	 0	[(227, 235)]
236	227	 10	   -0.592802	     3.19359	     9.00609	 0	[(227, 236)]
237	227	 11	   -0.592802	     3.01286	     9.94207	 0	[(227, 237)]
238	227	 12	   -0.592802	     2.40179	     11.0102	 0	[(227, 238)]
239	227	 13	   -0.592802	     1.82752	     12.0277	 0	[(227, 239)]
240	227	 14	   -0.592802	     1.34749	     13.0384	 0	[(227, 240)]
241	227	 15	   -0.592802	     1.97543	     13.1965	 0	[(227, 241)]
242	227	 16	   -0.592802	     2.29433	     12.8782	 0	[(227, 242)]
243	227	 17	   -0.592802	     2.32272	     12.7858	 0	[(227, 243)]
244	227	 17	   -0.592802	     2.32272	     12.7858	 0	[(227, 244)]
245	227	 17	   -0.592802	     2.32272	     12.7858	 0	[(227, 245)]
246	227	 18	   -0.592802	     2.15274	     12.9996	 0	[(227, 246)]
247	227	 18	   -0.592802	     2.15274	     12.9996	 0	[(227, 247)]
248	227	 18	   -0.592802	     2.15274	     12.9996	 0	[(227, 248)]
249	227	 18	   -0.592802	     2.15274	     12.9996	 0	[(227, 249)]
250	227	 20	   -0.592802	     8.08331	      13.245	 1	[(227, 250)]
251	227	 22	   -0.592802	     10.7913	     13.2674	 2	[(227, 251)]
252	227	 23	   -0.592802	     10.9637	     13.3478	 2	[(227, 252)]
253	227	 24	   -0.592802	     10.8285	     13.2388	 2	[(227, 253)]
254	248	  4	   -0.592802	     5.92879	    0.460621	 2	[(248, 254)]
255	248	  7	   -0.592802	     2.18422	    0.284516	 1	[(248, 255)]
256	248	  9	   -0.592802	     5.35251	     5.85833	 0	[(248, 256)]
257	248	 10	   -0.592802	     5.04516	     6.12262	 0	[(248, 257)]
258	248	 11	   -0.592802	     4.88095	     6.46433	 0	[(248, 258)]
259	248	 12	   -0.592802	     4.71789	     6.85232	 0	[(248, 259)]
260	248	 13	   -0.592802	     4.63786	     7.97149	 0	[(248, 260)]
261	248	 14	   -0.592802	     4.46269	     9.13673	 0	[(248, 261)]
262	248	 15	   -0.592802	     4.39608	     10.0922	 0	[(248, 262)]
263	248	 16	   -0.592802	      4.2845	      11.081	 0	[(248, 263)]
264	248	 17	   -0.592802	     4.22957	     12.0188	 0	[(248, 264)]
265	248	 18	   -0.592802	     4.00389	      13.114	 0	[(248, 265)]
266	248	 19	   -0.592802	     4.46023	     13.2608	 0	[(248, 266)]
267	248	 19	   -0.592802	     4.46023	     13.2608	 0	[(248, 267)]
268	248	 19	   -0.592802	     4.46023	     13.2608	 0	[(248, 268)]
269	248	 20	   -0.592802	      4.1005	     13.8225	 0	[(248, 269)]
270	248	 20	   -0.592802	      4.1005	     13.8225	 0	[(248, 270)]
271	248	 20	   -0.592802	      4.1005	     13.8225	 0	[(248, 271)]
272	248	 20	   -0.592802	      4.1005	     13.8225	 0	[(248, 272)]
273	248	 20	   -0.592802	      4.1005	     13.8225	 0	[(248, 273)]
274	248	 20	   -0.592802	      4.1005	     13.8225	 0	[(248, 274)]
275	271	  3	   -0.592802	      3.8998	    0.301561	 1	[(271, 275)]
276	271	  5	   -0.592802	     2.35358	    0.269693	 1	[(271, 276)]
277	271	  7	   -0.592802	     4.84241	     5.63783	 0	[(271, 277)]
278	271	  8	   -0.592802	     4.57667	      6.0516	 0	[(271, 278)]
279	271	  9	   -0.592802	     4.51734	     6.50143	 0	[(271, 279)]
280	271	 10	   -0.592802	     4.44603	     7.83653	 0	[(271, 280)]
281	271	 11	   -0.592802	     4.32631	     8.88928	 0	[(271, 281)]
282	271	 12	   -0.592802	     4.14658	     9.93757	 0	[(271, 282)]
283	271	 13	   -0.592802	     3.67085	     11.0952	 0	[(271, 283)]
284	271	 14	   -0.592802	     3.50904	     12.0487	 0	[(271, 284)]
285	271	 15	   -0.592802	     3.15094	     13.0809	 0	[(271, 285)]
286	271	 16	   -0.592802	     3.03711	     13.9595	 0	[(271, 286)]
287	271	 17	   -0.592802	     2.77368	     14.9814	 0	[(271, 287)]
288	271	 18	   -0.592802	      2.3396	     16.0535	 0	[(271, 288)]
289	271	 19	   -0.592802	     2.86613	     16.2555	 0	[(271, 289)]
290	271	 19	   -0.592802	     2.86613	     16.2555	 0	[(271, 290)]
291	271	 19	   -0.592802	     2.86613	     16.2555	 0	[(271, 291)]
292	271	 20	   -0.592802	      2.6027	     16.6214	 0	[(271, 292)]
293	271	 21	   -0.592802	     2.65905	     16.5459	 0	[(271, 293)]
294	271	 21	   -0.592802	     2.65905	     16.5459	 0	[(271, 294)]
295	271	 22	   -0.592802	     1.21065	     17.3554	 0	[(271, 295)]
296	271	 22	   -0.592802	     1.21065	     17.3554	 0	[(271, 296)]
297	271	 23	   -0.592802	    0.836194	     17.6792	 0	[(271, 297)]
298	271	 24	   -0.592802	    0.780226	     17.8325	 0	[(271, 298)]
299	271	 25	   -0.592802	     0.90586	     17.7024	 0	[(271, 299)]
300	271	 25	   -0.592802	     0.90586	     17.7024	 0	[(271, 300)]
301	290	  4	   -0.592802	     3.95421	    0.333005	 1	[(290, 301)]
302	290	  5	   -0.592802	     5.92361	      3.7504	 1	[(290, 302)]
303	290	  8	   -0.592802	     6.75519	      5.2018	 1	[(290, 303)]
304	290	  9	   -0.592802	     7.54019	     7.26521	 1	[(290, 304)]
305	248	 52	   -0.592802	     7.13152	     43.5313	 3	[(248, 305)]
306	199	 98	   -0.592802	     3.66463	     83.0136	 5	[(199, 306)]
307	199	100	    -1.09911	    -1.09911	     85.3006	 4	[(199, 307)]
308	199	101	    -2.72023	    -2.72023	     86.3901	 4	[(199, 308)]
309	199	102	    -2.72023	      -2.271	     86.8989	 4	[(199, 309)]
310	199	103	    -2.72023	    -2.56262	     87.6992	 4	[(199, 310)]
311	199	104	    -2.72023	    -2.10785	     87.5611	 4	[(199, 311)]
312	199	105	    -2.72023	    -2.32341	     84.8739	 4	[(199, 312)]
313	199	106	    -2.72023	      0.8631	     84.8339	 5	[(199, 313)]
314	199	106	    -2.72023	      0.8631	     84.8339	 5	[(199, 314)]
315	199	106	    -2.72023	      0.8631	     84.8339	 5	[(199, 315)]
316	313	107	    -2.72023	     1.38093	     85.1977	 5	[(199, 312), (313, 316)]
317	313	109	    -2.72023	  -0.0790099	     85.1716	 5	[(199, 312), (313, 317)]
318	313	111	    -2.72023	     2.01077	      90.066	 4	[(199, 312), (313, 318)]
319	313	112	    -2.72023	     1.80527	      90.548	 4	[(199, 312), (313, 319)]
320	313	113	    -2.72023	      1.6674	     91.3019	 4	[(199, 312), (313, 320)]
321	199	114	    -2.72023	     3.83265	     93.0754	 5	[(199, 321)]
322	199	115	    -2.72023	     3.34448	     94.1481	 5	[(199, 322)]
323	199	116	    -2.72023	     2.39875	     95.2599	 5	[(199, 323)]
324	199	117	    -2.72023	     1.52346	      96.416	 5	[(199, 324)]
325	199	118	    -2.72023	     1.21603	     97.3168	 5	[(199, 325)]
326	199	119	    -2.72023	    0.783955	     98.2541	 5	[(199, 326)]
327	199	120	    -2.72023	   -0.991172	     99.4462	 5	[(199, 327)]
328	199	122	    -2.72023	  -0.0572707	     99.6465	 5	[(199, 328)]
329	199	123	    -2.72023	    -2.23898	     101.138	 5	[(199, 329)]
330	199	124	    -2.72023	    -1.53333	     101.375	 5	[(199, 330)]
331	199	124	    -2.72023	    -1.53333	     101.375	 5	[(199, 331)]
332	313	 17	    -2.72023	      2.6623	     13.8616	 0	[(313, 332)]
333	313	 17	    -2.72023	      2.6623	     13.8616	 0	[(313, 333)]
334	313	 17	    -2.72023	      2.6623	     13.8616	 0	[(313, 334)]
335	313	 18	    -2.72023	     2.53304	     13.9853	 0	[(313, 335)]
336	199	130	    -2.72023	    0.675431	     107.762	 6	[(199, 336)]
337	  0	299	    -2.72023	    -1.58657	     249.183	14	[(0, 337)]
338	  0	301	    -5.43757	    -5.43757	     251.049	13	[(0, 338)]
339	  0	302	    -5.43757	    -5.29912	      251.98	13	[(0, 339)]
340	  0	303	    -7.91651	    -7.91651	     253.835	13	[(0, 340)]
341	  0	304	    -11.1684	    -11.1684	     255.143	13	[(0, 341)]
342	  0	305	    -15.6074	    -15.6074	     256.501	13	[(0, 342)]
343	  0	306	    -17.7781	    -17.7781	     257.612	13	[(0, 343)]
344	  0	306	    -17.7781	    -17.7781	     257.612	13	[(0, 344)]
345	  0	307	    -22.4676	    -22.4676	     258.661	13	[(0, 345)]
346	  0	308	    -24.4749	    -24.4749	     259.634	13	[(0, 346)]
347	  0	309	    -25.8753	    -25.8753	     260.599	13	[(0, 347)]
348	  0	310	    -27.4943	    -27.4943	     261.662	13	[(0, 348)]
349	  0	311	    -27.4943	    -27.0427	     262.163	13	[(0, 349)]
350	  0	312	    -27.4943	    -26.5331	     262.157	13	[(0, 350)]
351	  0	313	    -27.4943	    -26.4044	     261.991	13	[(0, 351)]
352	  0	314	    -27.5043	    -27.5043	       265.3	13	[(0, 352)]
353	  0	315	    -27.5043	    -27.1821	     266.002	13	[(0, 353)]
354	  0	316	    -27.5043	    -26.6256	     265.882	13	[(0, 354)]
355	  0	316	    -27.5043	    -26.6256	     265.882	13	[(0, 355)]
