nresidues = 309
2 85 0.125
2 266 0.0625
2 267 0.3125
2 268 1.1875
2 269 1.375
3 76 0.0625
3 82 0.125
3 83 0.125
3 84 1.5
3 85 0.125
3 268 0.0625
3 270 1.25
3 272 0.3125
4 84 0.0625
4 86 1.25
4 263 0.0625
4 268 0.0625
4 270 0.0625
4 271 1.25
4 272 0.125
5 73 0.25
5 76 0.5
5 84 0.1875
5 86 0.0625
5 87 1.25
5 88 0.0625
5 272 1.375
5 274 0.25
6 88 1.3125
6 89 0.0625
6 256 0.1875
6 263 0.0625
6 272 0.1875
6 273 1.25
6 274 0.0625
7 69 0.125
7 87 0.0625
7 88 0.0625
7 89 1.1875
7 93 0.1875
7 96 0.25
7 97 0.25
7 100 0.125
7 274 0.25
7 280 0.1875
8 12 0.125
8 90 1.0625
8 92 1.0625
8 93 0.0625
8 273 0.125
8 274 0.0625
8 275 0.125
8 276 0.0625
8 280 0.0625
9 12 0.1875
9 65 0.1875
9 90 0.0625
10 13 0.25
10 58 0.3125
10 61 0.1875
10 62 0.1875
10 65 0.0625
12 276 0.25
12 279 0.125
13 17 0.125
13 55 0.125
13 56 0.25
13 61 0.25
13 65 0.0625
14 17 0.3125
14 55 0.1875
15 47 1.3125
15 48 0.1875
15 49 0.1875
15 50 0.0625
15 51 0.0625
15 52 0.0625
15 55 0.125
16 19 0.125
16 47 0.0625
16 48 0.1875
17 47 0.0625
17 48 0.1875
17 276 0.125
18 21 0.78125
18 22 0.078125
18 44 0.0625
18 68 0.125
18 72 0.0625
19 22 0.78125
19 23 0.0390625
19 48 0.125
20 23 0.78125
20 24 0.0390625
20 299 0.0625
21 24 0.78125
21 25 0.273438
21 72 0.0625
21 297 0.125
21 298 0.1875
21 299 0.125
21 302 0.0625
22 25 0.15625
22 28 0.125
22 44 0.125
24 299 0.125
25 28 0.117188
25 75 0.1875
25 79 0.125
25 302 0.0625
26 29 0.664062
26 30 0.15625
27 30 0.78125
27 31 0.15625
27 74 0.0625
27 75 0.0625
27 78 0.1875
28 31 0.820312
28 32 0.078125
28 75 0.0625
29 32 0.78125
29 33 0.078125
29 44 0.3125
30 33 0.78125
30 34 0.0390625
31 34 0.78125
31 35 0.0390625
31 70 0.0625
31 71 0.125
31 74 0.3125
31 106 0.125
32 35 0.78125
32 36 0.15625
32 43 0.125
32 44 0.4375
32 47 0.0625
32 67 0.5
32 68 0.0625
33 36 0.78125
33 37 0.078125
34 37 0.78125
34 38 0.0390625
34 74 0.375
34 106 0.3125
35 38 0.78125
35 39 0.15625
35 43 0.0390625
35 67 0.125
35 106 0.0625
36 39 0.78125
36 40 0.742188
36 41 0.195312
36 42 0.117188
36 43 0.078125
38 111 0.5625
39 63 0.0625
39 110 0.1875
39 114 0.1875
41 60 0.1875
42 45 0.976562
42 46 0.0390625
43 46 0.78125
43 47 0.117188
43 63 0.0625
43 67 0.125
44 47 0.9375
44 48 0.546875
45 48 0.78125
45 49 0.78125
46 49 0.703125
46 50 0.078125
46 54 0.0625
46 60 0.0625
47 64 0.0625
51 54 1.3125
52 55 1.25
52 56 0.3125
53 56 1.5625
53 57 0.125
54 57 0.5
54 60 0.234375
55 60 0.664062
55 61 0.195312
55 64 0.0625
56 61 0.15625
57 60 0.78125
57 61 0.195312
58 61 0.820312
58 62 0.3125
58 117 0.1875
58 121 0.0625
59 63 0.117188
59 114 0.3125
59 117 0.125
59 118 0.0625
59 121 0.1875
60 63 0.742188
60 64 0.078125
61 64 0.78125
61 65 0.117188
62 65 0.742188
62 66 0.078125
62 92 0.125
62 113 0.3125
62 116 0.5
62 117 0.0625
62 120 0.0625
63 66 0.78125
63 67 0.15625
63 113 0.0625
63 114 0.125
64 67 0.78125
64 68 0.078125
65 68 0.78125
65 69 0.117188
65 92 0.125
65 276 0.125
66 69 0.78125
66 70 0.117188
66 95 0.25
66 96 0.1875
66 109 0.1875
66 110 0.125
67 70 0.742188
67 71 0.078125
67 106 0.1875
67 110 0.0625
68 71 0.78125
68 72 0.117188
69 72 0.78125
69 73 0.078125
69 96 0.125
69 274 0.3125
69 275 0.0625
70 73 0.78125
70 74 0.195312
70 99 0.0625
70 106 0.125
71 74 0.78125
71 75 0.117188
72 75 0.78125
72 76 0.0390625
72 274 0.1875
72 275 0.1875
72 296 0.125
72 302 0.0625
73 76 0.78125
73 77 0.3125
73 87 0.125
73 100 0.5625
74 77 0.820312
74 78 0.078125
74 106 0.1875
75 78 0.78125
75 79 0.117188
75 302 0.125
76 79 0.78125
76 80 0.742188
76 81 0.507812
76 82 0.195312
76 305 0.1875
76 306 0.0625
77 80 0.0390625
79 306 0.1875
80 306 0.0625
81 306 0.0625
84 87 0.0625
84 225 0.125
85 225 0.1875
85 226 0.0625
86 225 0.125
86 226 1.25
86 228 0.0625
86 262 0.0625
86 263 0.0625
87 97 0.0625
87 100 0.0625
87 226 0.1875
87 227 1.25
87 228 0.0625
88 228 0.0625
88 256 0.1875
89 93 0.976562
89 94 0.078125
89 230 0.25
89 256 0.1875
90 93 0.0390625
90 159 0.125
90 161 0.25
90 230 0.1875
90 254 0.125
90 256 0.1875
91 94 0.078125
91 116 0.0625
91 200 0.1875
91 230 0.0625
91 249 0.25
92 95 0.78125
92 113 0.125
93 96 0.820312
93 97 0.078125
94 97 0.78125
94 98 0.15625
94 229 0.5625
94 230 0.3125
94 246 0.0625
94 249 0.1875
95 98 0.78125
95 99 0.078125
95 112 0.125
95 113 0.125
95 116 0.375
95 211 0.0625
95 246 0.25
96 99 0.78125
96 100 0.117188
97 100 0.78125
97 101 0.078125
97 227 0.0625
98 101 0.703125
98 102 0.703125
98 103 0.820312
98 242 0.0625
98 246 0.0625
99 102 0.0390625
99 104 0.15625
99 106 0.0625
99 109 0.0625
101 223 1.1875
101 224 0.3125
101 225 0.0625
101 227 0.0625
102 221 0.1875
103 219 0.0625
103 220 1.3125
103 221 0.5
103 222 0.0625
103 223 0.1875
103 242 0.0625
104 108 0.0390625
104 218 0.0625
105 108 0.859375
105 109 0.078125
106 109 0.78125
106 110 0.195312
107 110 0.742188
107 111 0.117188
108 111 0.78125
108 112 0.078125
108 218 0.0625
109 112 0.78125
109 113 0.15625
110 113 0.703125
110 114 0.0390625
111 114 0.742188
111 115 0.117188
112 115 0.859375
112 116 0.078125
112 215 0.125
113 116 0.820312
113 117 0.0390625
114 117 0.742188
114 118 0.15625
115 118 0.78125
115 119 0.234375
115 214 0.25
116 119 0.78125
116 120 0.234375
116 249 0.125
116 250 0.1875
117 120 0.78125
117 121 0.078125
118 121 0.78125
118 122 0.15625
119 122 0.898438
119 123 0.078125
119 207 0.1875
119 210 0.8125
119 211 0.125
119 214 0.125
120 123 0.0390625
120 197 0.125
120 199 0.0625
120 204 0.1875
120 250 0.0625
121 124 0.0390625
121 126 0.0625
122 210 0.3125
124 128 0.0625
124 198 0.0625
125 128 0.5
126 196 0.25
127 172 0.25
128 171 1.25
128 172 0.125
129 170 1.1875
129 171 0.125
129 196 0.1875
130 169 1.25
130 170 0.0625
130 172 0.125
130 175 0.0625
130 198 0.0625
131 158 0.0625
131 167 0.0625
131 168 1.25
131 169 0.0625
131 192 1.25
131 193 0.1875
131 195 0.1875
131 197 0.125
131 199 0.0625
132 167 1.25
132 168 0.1875
132 191 1.3125
133 166 1.1875
133 189 0.0625
133 190 1.25
133 191 0.1875
134 142 0.0625
134 164 0.0625
134 165 1.125
134 166 0.25
134 168 0.0625
134 182 0.125
134 187 0.0625
134 189 1.1875
134 190 0.0625
135 164 1.25
135 187 1.3125
135 188 1.375
135 189 0.125
136 164 0.0625
136 186 0.0625
137 141 0.117188
137 142 0.15625
137 182 0.0625
137 185 0.0625
137 186 0.0625
137 187 0.0625
138 141 1.01562
138 142 0.117188
139 142 0.78125
139 143 0.078125
139 160 0.3125
139 166 0.0625
140 143 0.78125
140 144 0.117188
141 144 0.78125
141 145 0.078125
142 145 0.78125
142 146 0.117188
142 166 0.125
142 168 0.0625
143 146 0.78125
143 147 0.078125
144 147 0.78125
144 148 0.195312
145 148 0.78125
145 149 0.078125
145 181 0.125
145 182 0.0625
146 149 0.78125
146 150 0.078125
146 155 0.125
146 157 0.0625
146 168 0.0625
147 150 0.0390625
149 177 0.4375
149 178 0.125
150 153 0.375
150 155 0.0625
150 177 0.125
151 177 0.375
153 171 0.5625
153 173 0.3125
153 174 0.1875
153 177 0.1875
154 170 1.1875
154 171 0.1875
154 174 0.0625
154 201 0.0625
155 169 1.25
155 174 0.125
155 178 0.0625
156 168 1.3125
156 169 0.0625
157 160 0.1875
157 166 0.0625
157 167 1.25
157 168 0.0625
157 253 0.125
158 167 1.3125
158 169 0.125
158 199 0.1875
158 200 0.3125
158 201 0.0625
158 253 1.375
158 254 0.125
159 166 1.3125
159 167 0.25
159 200 0.0625
159 254 1.3125
160 165 1.0625
160 253 0.0625
160 254 0.25
160 255 1.25
160 256 1.25
160 257 0.3125
161 165 1.4375
161 167 0.0625
161 256 0.0625
161 257 0.1875
161 283 0.125
161 287 0.0625
162 165 0.25
162 257 0.125
162 283 0.0625
162 286 0.1875
163 286 0.125
165 283 0.0625
165 286 0.0625
167 193 0.0625
168 178 0.0625
169 175 0.078125
169 198 0.0625
169 199 0.0625
170 175 0.0390625
170 198 0.0625
170 201 0.0625
170 203 0.0625
171 174 0.78125
171 175 0.117188
171 203 0.125
172 175 0.78125
172 176 0.15625
173 176 0.820312
173 177 0.3125
174 177 0.9375
174 178 0.078125
175 178 0.78125
175 179 0.0390625
176 179 0.742188
176 180 0.0390625
177 180 0.78125
177 181 0.078125
178 181 0.820312
178 182 0.117188
179 182 0.78125
179 183 0.078125
180 183 0.78125
180 184 0.078125
181 184 0.78125
181 185 0.078125
182 185 0.78125
182 186 0.742188
182 187 0.195312
183 186 0.703125
183 187 0.117188
198 201 0.0625
198 204 0.125
199 204 0.125
199 250 1.0625
200 249 0.25
200 250 0.1875
200 251 1.6875
200 252 1.5625
200 254 0.3125
201 204 0.117188
201 251 1.5625
202 205 0.078125
203 206 0.078125
204 207 0.78125
204 208 0.0390625
204 250 0.125
204 251 0.125
205 208 0.78125
205 209 0.390625
205 251 0.25
206 209 0.78125
206 210 0.117188
207 210 0.859375
207 211 0.078125
207 250 0.1875
208 211 0.78125
208 212 0.078125
208 247 0.125
208 250 0.0625
208 251 0.0625
209 212 0.703125
209 213 0.0390625
210 213 0.742188
210 214 0.0390625
211 214 0.78125
211 215 0.15625
211 246 0.0625
212 215 0.742188
212 216 0.0390625
212 247 0.125
213 216 0.703125
213 217 0.0390625
214 217 0.976562
214 218 0.0390625
215 218 0.117188
215 220 0.0625
215 243 0.3125
215 246 0.0625
215 247 0.0625
216 243 0.0625
218 243 0.25
219 243 0.0625
220 239 0.0625
220 242 0.125
220 243 0.375
223 236 0.0625
223 237 0.125
226 235 0.0625
227 234 0.0625
227 235 0.25
228 233 0.1875
228 234 1.25
228 235 0.125
228 262 0.125
229 232 1.3125
229 233 0.25
229 234 0.3125
229 236 0.0625
229 245 0.0625
230 249 0.125
230 253 0.0625
230 254 1.25
230 255 0.1875
231 245 0.0625
231 248 0.125
231 252 0.0625
232 248 0.5
233 255 0.0625
233 258 0.25
233 259 0.125
236 241 0.0390625
236 242 0.078125
237 242 0.078125
238 241 0.78125
238 242 0.15625
239 242 0.78125
239 243 0.3125
240 243 0.859375
240 244 0.078125
241 244 0.78125
241 245 0.078125
242 245 0.78125
242 246 0.15625
243 246 0.78125
243 247 0.078125
244 247 0.78125
244 248 0.390625
245 248 0.742188
245 249 0.078125
246 249 0.78125
247 250 0.078125
247 251 0.078125
248 251 0.820312
248 252 0.273438
249 252 0.0390625
255 258 0.820312
255 259 0.15625
256 259 0.78125
256 260 0.15625
256 280 0.125
257 260 0.78125
257 261 0.195312
257 287 0.0625
258 261 0.820312
258 262 0.078125
259 262 0.78125
259 263 0.15625
260 263 0.820312
260 264 0.0390625
260 287 0.25
260 291 0.0625
261 264 0.78125
261 265 0.078125
261 287 0.0625
262 265 0.78125
262 266 0.15625
263 266 0.78125
263 267 0.664062
263 268 0.15625
263 271 0.0625
264 267 0.0390625
264 268 0.0390625
268 271 0.0625
268 291 0.0625
269 291 1.375
269 292 0.125
270 292 2
270 293 0.4375
270 294 0.1875
271 284 0.125
271 293 1.25
271 294 0.0625
272 294 1.375
272 296 0.125
273 277 0.125
273 278 0.3125
273 279 0.1875
273 280 0.5625
273 281 0.3125
273 294 0.125
273 295 1.25
273 296 0.125
275 297 0.1875
276 297 0.125
277 295 0.0625
277 297 0.125
278 281 0.78125
278 295 0.0625
278 298 0.125
279 282 0.703125
279 283 0.0390625
280 283 0.742188
280 284 0.117188
281 284 0.117188
281 285 0.117188
281 293 0.1875
281 294 0.25
282 285 0.117188
282 286 0.195312
283 286 0.9375
283 287 0.078125
284 287 0.78125
284 288 0.078125
284 291 0.125
284 293 0.1875
285 288 0.78125
285 289 0.078125
285 291 0.125
288 291 0.25
295 301 0.0625
296 301 0.0625
296 302 0.125
296 305 0.0625
298 301 0.78125
298 302 0.078125
299 302 0.78125
299 303 0.078125
300 303 0.820312
300 304 0.078125
301 304 0.78125
301 305 0.078125
302 305 0.78125
302 306 0.117188
303 306 0.078125
