nresidues = 309
2 85 0.305247
2 266 0.152624
2 267 0.763118
2 268 2.89985
2 269 3.35772
3 76 0.152624
3 82 0.305247
3 83 0.305247
3 84 3.66297
3 85 0.305247
3 268 0.152624
3 270 3.05247
3 272 0.763118
4 84 0.152624
4 86 3.05247
4 263 0.152624
4 268 0.152624
4 270 0.152624
4 271 3.05247
4 272 0.305247
5 73 0.610494
5 76 1.22099
5 84 0.457871
5 86 0.152624
5 87 3.05247
5 88 0.152624
5 272 3.35772
5 274 0.610494
6 88 3.2051
6 89 0.152624
6 256 0.457871
6 263 0.152624
6 272 0.457871
6 273 3.05247
6 274 0.152624
7 69 0.305247
7 87 0.152624
7 88 0.152624
7 89 2.89985
7 93 0.457871
7 96 0.610494
7 97 0.610494
7 100 0.305247
7 274 0.610494
7 280 0.457871
8 12 0.305247
8 90 2.5946
8 92 2.5946
8 93 0.152624
8 273 0.305247
8 274 0.152624
8 275 0.305247
8 276 0.152624
8 280 0.152624
9 12 0.457871
9 65 0.457871
9 90 0.152624
10 13 0.610494
10 58 0.763118
10 61 0.457871
10 62 0.457871
10 65 0.152624
12 276 0.610494
12 279 0.305247
13 17 0.305247
13 55 0.305247
13 56 0.610494
13 61 0.610494
13 65 0.152624
14 17 0.763118
14 55 0.457871
15 47 3.2051
15 48 0.457871
15 49 0.457871
15 50 0.152624
15 51 0.152624
15 52 0.152624
15 55 0.305247
16 19 0.305247
16 47 0.152624
16 48 0.457871
17 47 0.152624
17 48 0.457871
17 276 0.305247
18 21 1.9078
18 22 0.19078
18 44 0.152624
18 68 0.305247
18 72 0.152624
19 22 1.9078
19 23 0.0953898
19 48 0.305247
20 23 1.9078
20 24 0.0953898
20 299 0.152624
21 24 1.9078
21 25 0.66773
21 72 0.152624
21 297 0.305247
21 298 0.457871
21 299 0.305247
21 302 0.152624
22 25 0.381559
22 28 0.305247
22 44 0.305247
24 299 0.305247
25 28 0.286171
25 75 0.457871
25 79 0.305247
25 302 0.152624
26 29 1.62162
26 30 0.381559
27 30 1.9078
27 31 0.381559
27 74 0.152624
27 75 0.152624
27 78 0.457871
28 31 2.00318
28 32 0.19078
28 75 0.152624
29 32 1.9078
29 33 0.19078
29 44 0.763118
30 33 1.9078
30 34 0.0953898
31 34 1.9078
31 35 0.0953898
31 70 0.152624
31 71 0.305247
31 74 0.763118
31 106 0.305247
32 35 1.9078
32 36 0.381559
32 43 0.305247
32 44 1.06837
32 47 0.152624
32 67 1.22099
32 68 0.152624
33 36 1.9078
33 37 0.19078
34 37 1.9078
34 38 0.0953898
34 74 0.915742
34 106 0.763118
35 38 1.9078
35 39 0.381559
35 43 0.0953898
35 67 0.305247
35 106 0.152624
36 39 1.9078
36 40 1.81241
36 41 0.476948
36 42 0.286171
36 43 0.19078
38 111 1.37361
39 63 0.152624
39 110 0.457871
39 114 0.457871
41 60 0.457871
42 45 2.38474
42 46 0.0953898
43 46 1.9078
43 47 0.286171
43 63 0.152624
43 67 0.305247
44 47 2.28935
44 48 1.33546
45 48 1.9078
45 49 1.9078
46 49 1.71702
46 50 0.19078
46 54 0.152624
46 60 0.152624
47 64 0.152624
51 54 3.2051
52 55 3.05247
52 56 0.763118
53 56 3.81559
53 57 0.305247
54 57 1.22099
54 60 0.572339
55 60 1.62162
55 61 0.476948
55 64 0.152624
56 61 0.381559
57 60 1.9078
57 61 0.476948
58 61 2.00318
58 62 0.763118
58 117 0.457871
58 121 0.152624
59 63 0.286171
59 114 0.763118
59 117 0.305247
59 118 0.152624
59 121 0.457871
60 63 1.81241
60 64 0.19078
61 64 1.9078
61 65 0.286171
62 65 1.81241
62 66 0.19078
62 92 0.305247
62 113 0.763118
62 116 1.22099
62 117 0.152624
62 120 0.152624
63 66 1.9078
63 67 0.381559
63 113 0.152624
63 114 0.305247
64 67 1.9078
64 68 0.19078
65 68 1.9078
65 69 0.286171
65 92 0.305247
65 276 0.305247
66 69 1.9078
66 70 0.286171
66 95 0.610494
66 96 0.457871
66 109 0.457871
66 110 0.305247
67 70 1.81241
67 71 0.19078
67 106 0.457871
67 110 0.152624
68 71 1.9078
68 72 0.286171
69 72 1.9078
69 73 0.19078
69 96 0.305247
69 274 0.763118
69 275 0.152624
70 73 1.9078
70 74 0.476948
70 99 0.152624
70 106 0.305247
71 74 1.9078
71 75 0.286171
72 75 1.9078
72 76 0.0953898
72 274 0.457871
72 275 0.457871
72 296 0.305247
72 302 0.152624
73 76 1.9078
73 77 0.763118
73 87 0.305247
73 100 1.37361
74 77 2.00318
74 78 0.19078
74 106 0.457871
75 78 1.9078
75 79 0.286171
75 302 0.305247
76 79 1.9078
76 80 1.81241
76 81 1.24007
76 82 0.476948
76 305 0.457871
76 306 0.152624
77 80 0.0953898
79 306 0.457871
80 306 0.152624
81 306 0.152624
84 87 0.152624
84 225 0.305247
85 225 0.457871
85 226 0.152624
86 225 0.305247
86 226 3.05247
86 228 0.152624
86 262 0.152624
86 263 0.152624
87 97 0.152624
87 100 0.152624
87 226 0.457871
87 227 3.05247
87 228 0.152624
88 228 0.152624
88 256 0.457871
89 93 2.38474
89 94 0.19078
89 230 0.610494
89 256 0.457871
90 93 0.0953898
90 159 0.305247
90 161 0.610494
90 230 0.457871
90 254 0.305247
90 256 0.457871
91 94 0.19078
91 116 0.152624
91 200 0.457871
91 230 0.152624
91 249 0.610494
92 95 1.9078
92 113 0.305247
93 96 2.00318
93 97 0.19078
94 97 1.9078
94 98 0.381559
94 229 1.37361
94 230 0.763118
94 246 0.152624
94 249 0.457871
95 98 1.9078
95 99 0.19078
95 112 0.305247
95 113 0.305247
95 116 0.915742
95 211 0.152624
95 246 0.610494
96 99 1.9078
96 100 0.286171
97 100 1.9078
97 101 0.19078
97 227 0.152624
98 101 1.71702
98 102 1.71702
98 103 2.00318
98 242 0.152624
98 246 0.152624
99 102 0.0953898
99 104 0.381559
99 106 0.152624
99 109 0.152624
101 223 2.89985
101 224 0.763118
101 225 0.152624
101 227 0.152624
102 221 0.457871
103 219 0.152624
103 220 3.2051
103 221 1.22099
103 222 0.152624
103 223 0.457871
103 242 0.152624
104 108 0.0953898
104 218 0.152624
105 108 2.09857
105 109 0.19078
106 109 1.9078
106 110 0.476948
107 110 1.81241
107 111 0.286171
108 111 1.9078
108 112 0.19078
108 218 0.152624
109 112 1.9078
109 113 0.381559
110 113 1.71702
110 114 0.0953898
111 114 1.81241
111 115 0.286171
112 115 2.09857
112 116 0.19078
112 215 0.305247
113 116 2.00318
113 117 0.0953898
114 117 1.81241
114 118 0.381559
115 118 1.9078
115 119 0.572339
115 214 0.610494
116 119 1.9078
116 120 0.572339
116 249 0.305247
116 250 0.457871
117 120 1.9078
117 121 0.19078
118 121 1.9078
118 122 0.381559
119 122 2.19397
119 123 0.19078
119 207 0.457871
119 210 1.98411
119 211 0.305247
119 214 0.305247
120 123 0.0953898
120 197 0.305247
120 199 0.152624
120 204 0.457871
120 250 0.152624
121 124 0.0953898
121 126 0.152624
122 210 0.763118
124 128 0.152624
124 198 0.152624
125 128 1.22099
126 196 0.610494
127 172 0.610494
128 171 3.05247
128 172 0.305247
129 170 2.89985
129 171 0.305247
129 196 0.457871
130 169 3.05247
130 170 0.152624
130 172 0.305247
130 175 0.152624
130 198 0.152624
131 158 0.152624
131 167 0.152624
131 168 3.05247
131 169 0.152624
131 192 3.05247
131 193 0.457871
131 195 0.457871
131 197 0.305247
131 199 0.152624
132 167 3.05247
132 168 0.457871
132 191 3.2051
133 166 2.89985
133 189 0.152624
133 190 3.05247
133 191 0.457871
134 142 0.152624
134 164 0.152624
134 165 2.74723
134 166 0.610494
134 168 0.152624
134 182 0.305247
134 187 0.152624
134 189 2.89985
134 190 0.152624
135 164 3.05247
135 187 3.2051
135 188 3.35772
135 189 0.305247
136 164 0.152624
136 186 0.152624
137 141 0.286171
137 142 0.381559
137 182 0.152624
137 185 0.152624
137 186 0.152624
137 187 0.152624
138 141 2.48012
138 142 0.286171
139 142 1.9078
139 143 0.19078
139 160 0.763118
139 166 0.152624
140 143 1.9078
140 144 0.286171
141 144 1.9078
141 145 0.19078
142 145 1.9078
142 146 0.286171
142 166 0.305247
142 168 0.152624
143 146 1.9078
143 147 0.19078
144 147 1.9078
144 148 0.476948
145 148 1.9078
145 149 0.19078
145 181 0.305247
145 182 0.152624
146 149 1.9078
146 150 0.19078
146 155 0.305247
146 157 0.152624
146 168 0.152624
147 150 0.0953898
149 177 1.06837
149 178 0.305247
150 153 0.915742
150 155 0.152624
150 177 0.305247
151 177 0.915742
153 171 1.37361
153 173 0.763118
153 174 0.457871
153 177 0.457871
154 170 2.89985
154 171 0.457871
154 174 0.152624
154 201 0.152624
155 169 3.05247
155 174 0.305247
155 178 0.152624
156 168 3.2051
156 169 0.152624
157 160 0.457871
157 166 0.152624
157 167 3.05247
157 168 0.152624
157 253 0.305247
158 167 3.2051
158 169 0.305247
158 199 0.457871
158 200 0.763118
158 201 0.152624
158 253 3.35772
158 254 0.305247
159 166 3.2051
159 167 0.610494
159 200 0.152624
159 254 3.2051
160 165 2.5946
160 253 0.152624
160 254 0.610494
160 255 3.05247
160 256 3.05247
160 257 0.763118
161 165 3.51034
161 167 0.152624
161 256 0.152624
161 257 0.457871
161 283 0.305247
161 287 0.152624
162 165 0.610494
162 257 0.305247
162 283 0.152624
162 286 0.457871
163 286 0.305247
165 283 0.152624
165 286 0.152624
167 193 0.152624
168 178 0.152624
169 175 0.19078
169 198 0.152624
169 199 0.152624
170 175 0.0953898
170 198 0.152624
170 201 0.152624
170 203 0.152624
171 174 1.9078
171 175 0.286171
171 203 0.305247
172 175 1.9078
172 176 0.381559
173 176 2.00318
173 177 0.763118
174 177 2.28935
174 178 0.19078
175 178 1.9078
175 179 0.0953898
176 179 1.81241
176 180 0.0953898
177 180 1.9078
177 181 0.19078
178 181 2.00318
178 182 0.286171
179 182 1.9078
179 183 0.19078
180 183 1.9078
180 184 0.19078
181 184 1.9078
181 185 0.19078
182 185 1.9078
182 186 1.81241
182 187 0.476948
183 186 1.71702
183 187 0.286171
198 201 0.152624
198 204 0.305247
199 204 0.305247
199 250 2.5946
200 249 0.610494
200 250 0.457871
200 251 4.12084
200 252 3.81559
200 254 0.763118
201 204 0.286171
201 251 3.81559
202 205 0.19078
203 206 0.19078
204 207 1.9078
204 208 0.0953898
204 250 0.305247
204 251 0.305247
205 208 1.9078
205 209 0.953898
205 251 0.610494
206 209 1.9078
206 210 0.286171
207 210 2.09857
207 211 0.19078
207 250 0.457871
208 211 1.9078
208 212 0.19078
208 247 0.305247
208 250 0.152624
208 251 0.152624
209 212 1.71702
209 213 0.0953898
210 213 1.81241
210 214 0.0953898
211 214 1.9078
211 215 0.381559
211 246 0.152624
212 215 1.81241
212 216 0.0953898
212 247 0.305247
213 216 1.71702
213 217 0.0953898
214 217 2.38474
214 218 0.0953898
215 218 0.286171
215 220 0.152624
215 243 0.763118
215 246 0.152624
215 247 0.152624
216 243 0.152624
218 243 0.610494
219 243 0.152624
220 239 0.152624
220 242 0.305247
220 243 0.915742
223 236 0.152624
223 237 0.305247
226 235 0.152624
227 234 0.152624
227 235 0.610494
228 233 0.457871
228 234 3.05247
228 235 0.305247
228 262 0.305247
229 232 3.2051
229 233 0.610494
229 234 0.763118
229 236 0.152624
229 245 0.152624
230 249 0.305247
230 253 0.152624
230 254 3.05247
230 255 0.457871
231 245 0.152624
231 248 0.305247
231 252 0.152624
232 248 1.22099
233 255 0.152624
233 258 0.610494
233 259 0.305247
236 241 0.0953898
236 242 0.19078
237 242 0.19078
238 241 1.9078
238 242 0.381559
239 242 1.9078
239 243 0.763118
240 243 2.09857
240 244 0.19078
241 244 1.9078
241 245 0.19078
242 245 1.9078
242 246 0.381559
243 246 1.9078
243 247 0.19078
244 247 1.9078
244 248 0.953898
245 248 1.81241
245 249 0.19078
246 249 1.9078
247 250 0.19078
247 251 0.19078
248 251 2.00318
248 252 0.66773
249 252 0.0953898
255 258 2.00318
255 259 0.381559
256 259 1.9078
256 260 0.381559
256 280 0.305247
257 260 1.9078
257 261 0.476948
257 287 0.152624
258 261 2.00318
258 262 0.19078
259 262 1.9078
259 263 0.381559
260 263 2.00318
260 264 0.0953898
260 287 0.610494
260 291 0.152624
261 264 1.9078
261 265 0.19078
261 287 0.152624
262 265 1.9078
262 266 0.381559
263 266 1.9078
263 267 1.62162
263 268 0.381559
263 271 0.152624
264 267 0.0953898
264 268 0.0953898
268 271 0.152624
268 291 0.152624
269 291 3.35772
269 292 0.305247
270 292 4.88396
270 293 1.06837
270 294 0.457871
271 284 0.305247
271 293 3.05247
271 294 0.152624
272 294 3.35772
272 296 0.305247
273 277 0.305247
273 278 0.763118
273 279 0.457871
273 280 1.37361
273 281 0.763118
273 294 0.305247
273 295 3.05247
273 296 0.305247
275 297 0.457871
276 297 0.305247
277 295 0.152624
277 297 0.305247
278 281 1.9078
278 295 0.152624
278 298 0.305247
279 282 1.71702
279 283 0.0953898
280 283 1.81241
280 284 0.286171
281 284 0.286171
281 285 0.286171
281 293 0.457871
281 294 0.610494
282 285 0.286171
282 286 0.476948
283 286 2.28935
283 287 0.19078
284 287 1.9078
284 288 0.19078
284 291 0.305247
284 293 0.457871
285 288 1.9078
285 289 0.19078
285 291 0.305247
288 291 0.610494
295 301 0.152624
296 301 0.152624
296 302 0.305247
296 305 0.152624
298 301 1.9078
298 302 0.19078
299 302 1.9078
299 303 0.19078
300 303 2.00318
300 304 0.19078
301 304 1.9078
301 305 0.19078
302 305 1.9078
302 306 0.286171
303 306 0.19078
