L	Ls	nvertices	F_L	F_L_constrained	rho_sum	nloops	regions
 70	  0	  0	           0	           0	           0	 0	[(0, 70)]
 71	  0	  0	           0	           0	           0	 0	[(0, 71)]
 72	  0	  0	           0	           0	           0	 0	[(0, 72)]
 73	  0	  0	           0	           0	           0	 0	[(0, 73)]
 74	  0	  0	           0	           0	           0	 0	[(0, 74)]
 75	  0	  0	           0	           0	           0	 0	[(0, 75)]
 76	  0	  0	           0	           0	           0	 0	[(0, 76)]
 77	  0	  0	           0	           0	           0	 0	[(0, 77)]
 78	  0	  0	           0	           0	           0	 0	[(0, 78)]
 79	  0	  0	           0	           0	           0	 0	[(0, 79)]
 80	  0	  0	           0	           0	           0	 0	[(0, 80)]
 81	  0	  0	           0	           0	           0	 0	[(0, 81)]
 82	  0	  2	           0	     3.67418	    0.407253	 1	[(0, 82)]
 83	  0	  5	           0	     3.39654	      2.8103	 1	[(0, 83)]
 84	  0	  7	           0	     2.60932	     4.97222	 1	[(0, 84)]
 85	  0	  9	           0	      3.9614	      7.2031	 1	[(0, 85)]
 86	  0	 11	           0	     3.26549	     8.91505	 1	[(0, 86)]
 87	  0	 12	           0	     4.81856	     9.33346	 1	[(0, 87)]
 88	  0	 14	           0	     5.53053	     8.44545	 1	[(0, 88)]
 89	  0	 14	           0	     5.53053	     8.44545	 1	[(0, 89)]
 90	  0	 14	           0	     5.53053	     8.44545	 1	[(0, 90)]
 91	  0	 14	           0	     5.53053	     8.44545	 1	[(0, 91)]
 92	  0	 14	           0	     5.53053	     8.44545	 1	[(0, 92)]
 93	  0	 14	           0	     5.53053	     8.44545	 1	[(0, 93)]
 94	  0	 14	           0	     5.53053	     8.44545	 1	[(0, 94)]
 95	 84	  4	           0	     4.10031	    0.266803	 1	[(84, 95)]
 96	 84	  6	           0	     6.59646	     4.09886	 1	[(84, 96)]
 97	 84	  7	           0	     6.75662	     5.02705	 1	[(84, 97)]
 98	 84	 10	           0	     8.36941	      6.8501	 1	[(84, 98)]
 99	 84	 11	           0	     8.52296	     9.15286	 1	[(84, 99)]
100	 84	 14	           0	     9.21177	     11.1543	 1	[(84, 100)]
101	  0	 25	           0	     10.3641	     20.8678	 2	[(0, 101)]
102	  0	 26	           0	     10.9114	     21.2929	 2	[(0, 102)]
103	  0	 26	           0	     10.9114	     21.2929	 2	[(0, 103)]
104	  0	 26	           0	     10.9114	     21.2929	 2	[(0, 104)]
105	  0	 26	           0	     10.9114	     21.2929	 2	[(0, 105)]
106	  0	 28	           0	     11.2743	     21.3077	 2	[(0, 106)]
107	  0	 28	           0	     11.2743	     21.3077	 2	[(0, 107)]
108	  0	 28	           0	     11.2743	     21.3077	 2	[(0, 108)]
109	  0	 29	           0	     11.1305	     21.4437	 2	[(0, 109)]
110	  0	 30	           0	     11.1324	     21.4546	 2	[(0, 110)]
111	  0	 31	           0	     11.1218	      21.472	 2	[(0, 111)]
112	  0	 31	           0	     11.1218	      21.472	 2	[(0, 112)]
113	  0	 31	           0	     11.1218	      21.472	 2	[(0, 113)]
114	  0	 31	           0	     11.1218	      21.472	 2	[(0, 114)]
115	  0	 31	           0	     11.1218	      21.472	 2	[(0, 115)]
116	  0	 33	           0	     10.8638	     21.7178	 2	[(0, 116)]
117	  0	 33	           0	     10.8638	     21.7178	 2	[(0, 117)]
118	  0	 33	           0	     10.8638	     21.7178	 2	[(0, 118)]
119	  0	 33	           0	     10.8638	     21.7178	 2	[(0, 119)]
120	116	  3	           0	     3.90394	    0.292027	 1	[(116, 120)]
121	116	  5	           0	     2.41703	    0.262987	 1	[(116, 121)]
122	116	  6	           0	     2.56541	    0.253447	 1	[(116, 122)]
123	116	  7	           0	     2.38944	    0.254055	 1	[(116, 123)]
124	116	  7	           0	     2.38944	    0.254055	 1	[(116, 124)]
125	116	  7	           0	     2.38944	    0.254055	 1	[(116, 125)]
126	116	  7	           0	     2.38944	    0.254055	 1	[(116, 126)]
127	116	  9	           0	     2.21221	    0.388732	 1	[(116, 127)]
128	116	  9	           0	     2.21221	    0.388732	 1	[(116, 128)]
129	116	  9	           0	     2.21221	    0.388732	 1	[(116, 129)]
130	116	  9	           0	     2.21221	    0.388732	 1	[(116, 130)]
131	116	  9	           0	     2.21221	    0.388732	 1	[(116, 131)]
132	116	 11	           0	     1.89202	    0.778387	 1	[(116, 132)]
133	116	 13	           0	     1.94808	    0.678798	 1	[(116, 133)]
134	116	 13	           0	     1.94808	    0.678798	 1	[(116, 134)]
135	116	 13	           0	     1.94808	    0.678798	 1	[(116, 135)]
136	116	 15	           0	     1.95096	    0.665851	 1	[(116, 136)]
137	116	 15	           0	     1.95096	    0.665851	 1	[(116, 137)]
138	116	 15	           0	     1.95096	    0.665851	 1	[(116, 138)]
139	116	 15	           0	     1.95096	    0.665851	 1	[(116, 139)]
140	116	 15	           0	     1.95096	    0.665851	 1	[(116, 140)]
141	116	 15	           0	     1.95096	    0.665851	 1	[(116, 141)]
142	116	 15	           0	     1.95096	    0.665851	 1	[(116, 142)]
143	116	 15	           0	     1.95096	    0.665851	 1	[(116, 143)]
144	116	 15	           0	     1.95096	    0.665851	 1	[(116, 144)]
145	116	 15	           0	     1.95096	    0.665851	 1	[(116, 145)]
146	116	 15	           0	     1.95096	    0.665851	 1	[(116, 146)]
147	116	 15	           0	     1.95096	    0.665851	 1	[(116, 147)]
148	116	 15	           0	     1.95096	    0.665851	 1	[(116, 148)]
149	116	 15	           0	     1.95096	    0.665851	 1	[(116, 149)]
150	141	  3	           0	     3.96069	    0.330496	 1	[(141, 150)]
151	141	  5	           0	     5.99755	     3.75725	 1	[(141, 151)]
152	116	 23	           0	     6.26422	    0.935314	 2	[(116, 152)]
153	141	  9	           0	     7.59608	     7.20172	 1	[(141, 153)]
154	141	 11	           0	     7.91558	     9.41026	 1	[(141, 154)]
155	141	 13	           0	     8.85317	     11.1039	 1	[(141, 155)]
156	141	 14	           0	      8.6867	     12.1407	 1	[(141, 156)]
157	141	 14	           0	      8.6867	     12.1407	 1	[(141, 157)]
158	141	 14	           0	      8.6867	     12.1407	 1	[(141, 158)]
159	141	 14	           0	      8.6867	     12.1407	 1	[(141, 159)]
160	141	 14	           0	      8.6867	     12.1407	 1	[(141, 160)]
161	141	 14	           0	      8.6867	     12.1407	 1	[(141, 161)]
162	141	 14	           0	      8.6867	     12.1407	 1	[(141, 162)]
163	141	 14	           0	      8.6867	     12.1407	 1	[(141, 163)]
164	141	 14	           0	      8.6867	     12.1407	 1	[(141, 164)]
165	150	  2	           0	     3.74198	    0.245835	 1	[(150, 165)]
166	150	  5	           0	     2.41887	    0.263214	 1	[(150, 166)]
167	150	  7	           0	      5.4846	     4.50831	 1	[(150, 167)]
168	150	  9	           0	     5.76488	     5.44275	 1	[(150, 168)]
169	150	 10	           0	     6.86642	      6.9438	 1	[(150, 169)]
170	150	 12	           0	      6.6282	     9.58939	 1	[(150, 170)]
171	150	 14	           0	     5.86909	     11.4685	 1	[(150, 171)]
172	150	 16	           0	      6.0073	     13.2202	 1	[(150, 172)]
173	150	 17	           0	     4.49567	     15.0905	 1	[(150, 173)]
174	150	 19	           0	     4.41524	     16.9703	 1	[(150, 174)]
175	150	 21	           0	     4.25647	     18.9282	 1	[(150, 175)]
176	135	 38	           0	     4.01679	     33.8582	 3	[(135, 176)]
177	135	 39	           0	     3.33772	     34.7379	 3	[(135, 177)]
178	135	 40	           0	     1.57294	     35.8272	 3	[(135, 178)]
179	135	 41	           0	     0.70714	     36.8912	 3	[(135, 179)]
180	135	 42	   -0.786076	   -0.786076	     38.1466	 3	[(135, 180)]
181	135	 42	   -0.786076	   -0.786076	     38.1466	 3	[(135, 181)]
182	135	 42	   -0.786076	   -0.786076	     38.1466	 3	[(135, 182)]
183	135	 43	   -0.786076	     3.10027	     38.2757	 4	[(135, 183)]
184	179	  5	   -0.786076	     2.37605	    0.254926	 1	[(179, 184)]
185	179	  7	   -0.786076	   -0.159531	    0.164526	 0	[(179, 185)]
186	179	  8	   -0.786076	    -0.17175	    0.176654	 0	[(179, 186)]
187	179	  8	   -0.786076	    -0.17175	    0.176654	 0	[(179, 187)]
188	179	  8	   -0.786076	    -0.17175	    0.176654	 0	[(179, 188)]
189	179	  8	   -0.786076	    -0.17175	    0.176654	 0	[(179, 189)]
190	179	 10	   -0.786076	   -0.312299	    0.310652	 0	[(179, 190)]
191	179	 10	   -0.786076	   -0.312299	    0.310652	 0	[(179, 191)]
192	179	 11	   -0.786076	    -0.43957	    0.430533	 0	[(179, 192)]
193	179	 13	   -0.786076	   -0.450549	    0.453812	 0	[(179, 193)]
194	179	 14	   -0.786076	   -0.437653	    0.440897	 0	[(179, 194)]
195	179	 14	   -0.786076	   -0.437653	    0.440897	 0	[(179, 195)]
196	179	 14	   -0.786076	   -0.437653	    0.440897	 0	[(179, 196)]
197	179	 14	   -0.786076	   -0.437653	    0.440897	 0	[(179, 197)]
198	  0	115	    -1.31243	    -1.31243	     84.5646	11	[(0, 198)]
199	  0	117	    -5.28219	    -5.28219	      87.445	10	[(0, 199)]
200	  0	118	    -6.52155	    -6.52155	     88.5408	10	[(0, 200)]
201	  0	121	    -7.67461	    -7.67461	     89.7307	 9	[(0, 201)]
202	  0	122	    -7.67461	    -7.15962	      89.648	 9	[(0, 202)]
203	  0	122	    -7.67461	    -7.15962	      89.648	 9	[(0, 203)]
204	  0	122	    -7.67461	    -7.15962	      89.648	 9	[(0, 204)]
205	  0	123	    -7.67461	    -7.34136	     89.8744	 9	[(0, 205)]
206	 84	112	    -7.67461	    -4.67568	     82.8529	 9	[(84, 206)]
207	 84	113	    -7.67461	    -4.45991	     82.8376	 9	[(84, 207)]
208	 84	114	    -7.67461	    -4.35606	     82.8933	 9	[(84, 208)]
209	 84	116	    -7.67461	    -4.16377	     82.6264	 9	[(84, 209)]
210	 84	117	    -7.67461	    -4.18323	     82.6128	 9	[(84, 210)]
211	  0	131	    -7.67461	    -1.40942	     89.6406	10	[(0, 211)]
212	 84	119	    -7.67461	    -5.89299	     89.1172	 9	[(84, 212)]
213	 84	120	    -7.67461	    -5.90189	       89.85	 9	[(84, 213)]
214	 84	121	    -7.67461	    -6.78281	     90.8524	 9	[(84, 214)]
215	 74	132	    -7.67461	    -5.65572	     98.7648	10	[(74, 215)]
216	 84	123	    -7.67461	    -6.90735	     92.4395	 9	[(84, 216)]
217	 84	124	    -7.67461	    -6.43987	     92.1462	 9	[(84, 217)]
218	 84	125	    -7.67461	    -6.30463	     91.7976	 9	[(84, 218)]
219	 84	126	    -7.67461	    -6.35384	     91.7547	 9	[(84, 219)]
220	 84	127	    -7.67461	    -6.33208	     91.7223	 9	[(84, 220)]
221	  0	141	    -7.67461	    -3.47901	     98.6389	10	[(0, 221)]
222	 84	129	    -7.67461	    -4.52877	     97.7896	 9	[(84, 222)]
223	 84	130	    -7.67461	    -4.50239	     98.9162	 9	[(84, 223)]
224	 84	131	    -7.67461	    -4.41389	     99.9379	 9	[(84, 224)]
225	 84	132	    -7.67461	    -4.45479	     100.821	 9	[(84, 225)]
226	 84	133	    -7.67461	     -5.4515	      102.26	 9	[(84, 226)]
227	 84	134	    -7.67461	    -5.46019	     103.046	 9	[(84, 227)]
228	 84	135	    -7.67461	    -6.16137	     104.079	 9	[(84, 228)]
229	 84	136	    -7.67461	    -5.61675	     104.269	 9	[(84, 229)]
230	 84	137	    -7.67461	    -5.29146	     103.911	 9	[(84, 230)]
231	 84	138	    -7.67461	    -5.25896	      103.77	 9	[(84, 231)]
232	 84	138	    -7.67461	    -5.25896	      103.77	 9	[(84, 232)]
233	 84	138	    -7.67461	    -5.25896	      103.77	 9	[(84, 233)]
234	 84	139	    -7.67461	    -5.59382	     104.083	 9	[(84, 234)]
235	 84	139	    -7.67461	    -5.59382	     104.083	 9	[(84, 235)]
236	 84	140	    -7.67461	    -5.82509	     104.308	 9	[(84, 236)]
237	 84	141	    -7.67461	    -5.81959	     104.336	 9	[(84, 237)]
238	 84	142	    -7.67461	    -5.79575	     104.314	 9	[(84, 238)]
239	 84	142	    -7.67461	    -5.79575	     104.314	 9	[(84, 239)]
240	 84	142	    -7.67461	    -5.79575	     104.314	 9	[(84, 240)]
241	 84	142	    -7.67461	    -5.79575	     104.314	 9	[(84, 241)]
242	 84	144	    -7.67461	     -5.9298	     104.461	 9	[(84, 242)]
243	 84	145	    -7.67461	    -5.91737	     104.447	 9	[(84, 243)]
244	 84	146	    -7.67461	    -5.90215	     104.428	 9	[(84, 244)]
245	 74	158	    -7.67461	     1.48955	     119.348	13	[(74, 245)]
246	 74	160	    -7.67461	    -3.34302	     122.053	12	[(74, 246)]
247	 74	161	    -7.67461	    -3.04157	     124.213	12	[(74, 247)]
248	 74	162	    -7.67461	    -4.30553	     125.797	12	[(74, 248)]
249	  0	169	    -7.92212	    -7.92212	     133.153	12	[(0, 249)]
250	  0	170	    -7.92212	    -7.71327	     133.947	12	[(0, 250)]
251	  0	171	    -7.92212	    -7.37484	     134.294	12	[(0, 251)]
252	  0	172	    -7.92212	    -7.05055	     134.006	12	[(0, 252)]
253	  0	173	    -7.92212	    -7.01346	     133.921	12	[(0, 253)]
254	  0	173	    -7.92212	    -7.01346	     133.921	12	[(0, 254)]
255	  0	173	    -7.92212	    -7.01346	     133.921	12	[(0, 255)]
256	  0	174	    -7.92212	    -7.21549	     134.126	12	[(0, 256)]
257	  0	176	    -7.92212	    -7.15122	     134.055	12	[(0, 257)]
258	  0	176	    -7.92212	    -7.15122	     134.055	12	[(0, 258)]
259	  0	176	    -7.92212	    -7.15122	     134.055	12	[(0, 259)]
260	  0	176	    -7.92212	    -7.15122	     134.055	12	[(0, 260)]
261	  0	176	    -7.92212	    -7.15122	     134.055	12	[(0, 261)]
262	  0	176	    -7.92212	    -7.15122	     134.055	12	[(0, 262)]
263	  0	176	    -7.92212	    -7.15122	     134.055	12	[(0, 263)]
264	  0	176	    -7.92212	    -7.15122	     134.055	12	[(0, 264)]
265	  0	176	    -7.92212	    -7.15122	     134.055	12	[(0, 265)]
266	  0	177	    -7.92212	    -7.28043	     134.178	12	[(0, 266)]
267	  0	177	    -7.92212	    -7.28043	     134.178	12	[(0, 267)]
268	  0	177	    -7.92212	    -7.28043	     134.178	12	[(0, 268)]
269	  0	177	    -7.92212	    -7.28043	     134.178	12	[(0, 269)]
270	  0	177	    -7.92212	    -7.28043	     134.178	12	[(0, 270)]
271	  0	177	    -7.92212	    -7.28043	     134.178	12	[(0, 271)]
272	  0	180	    -7.92212	    -7.57044	     134.515	12	[(0, 272)]
273	  0	181	    -7.92212	    0.326568	     134.513	13	[(0, 273)]
274	  0	184	    -7.92212	    0.407027	     134.716	13	[(0, 274)]
275	  0	185	    -7.92212	    0.459251	     134.552	13	[(0, 275)]
276	  0	186	    -7.92212	    0.409951	     134.593	13	[(0, 276)]
277	  0	189	    -7.92212	     4.68802	     148.536	13	[(0, 277)]
278	  0	190	    -7.92212	      10.569	     157.553	13	[(0, 278)]
279	 74	187	    -7.92212	     2.48507	     128.412	13	[(74, 279)]
280	 74	187	    -7.92212	     2.48507	     128.412	13	[(74, 280)]
281	 74	187	    -7.92212	     2.48507	     128.412	13	[(74, 281)]
282	 74	187	    -7.92212	     2.48507	     128.412	13	[(74, 282)]
283	 74	187	    -7.92212	     2.48507	     128.412	13	[(74, 283)]
284	 74	187	    -7.92212	     2.48507	     128.412	13	[(74, 284)]
285	 74	187	    -7.92212	     2.48507	     128.412	13	[(74, 285)]
286	 74	187	    -7.92212	     2.48507	     128.412	13	[(74, 286)]
287	280	182	    -7.92212	    -3.82635	     134.757	13	[(0, 272), (280, 287)]
288	280	184	    -7.92212	    -5.21526	     134.815	13	[(0, 272), (280, 288)]
289	280	186	    -7.92212	    -2.47023	     138.683	13	[(0, 272), (280, 289)]
290	280	187	    -7.92212	    -2.69935	     139.152	13	[(0, 272), (280, 290)]
291	280	190	    -7.92212	    -2.13997	     141.356	13	[(0, 272), (280, 291)]
292	280	191	    -7.92212	    -1.09401	     143.021	13	[(0, 272), (280, 292)]
293	280	193	    -7.92212	   0.0843018	     143.431	13	[(0, 272), (280, 293)]
294	280	193	    -7.92212	   0.0843018	     143.431	13	[(0, 272), (280, 294)]
295	280	193	    -7.92212	   0.0843018	     143.431	13	[(0, 272), (280, 295)]
296	280	194	    -7.92212	     4.26039	     143.925	14	[(0, 272), (280, 296)]
297	280	195	    -7.92212	     4.47565	     143.797	14	[(0, 272), (280, 297)]
298	280	195	    -7.92212	     4.47565	     143.797	14	[(0, 272), (280, 298)]
299	275	201	    -7.92212	      5.8532	     151.872	14	[(0, 272), (275, 299)]
300	275	203	    -7.92212	      6.1601	     153.775	14	[(0, 272), (275, 300)]
301	280	196	    -7.92212	     6.56104	     144.165	15	[(0, 272), (280, 301)]
302	280	196	    -7.92212	     6.56104	     144.165	15	[(0, 272), (280, 302)]
303	280	196	    -7.92212	     6.56104	     144.165	15	[(0, 272), (280, 303)]
304	280	196	    -7.92212	     6.56104	     144.165	15	[(0, 272), (280, 304)]
305	280	198	    -7.92212	     6.28939	     144.431	15	[(0, 272), (280, 305)]
306	280	198	    -7.92212	     6.28939	     144.431	15	[(0, 272), (280, 306)]
307	280	198	    -7.92212	     6.28939	     144.431	15	[(0, 272), (280, 307)]
308	280	199	    -7.92212	     6.15827	     144.564	15	[(0, 272), (280, 308)]
309	280	199	    -7.92212	     6.15827	     144.564	15	[(0, 272), (280, 309)]
310	280	199	    -7.92212	     6.15827	     144.564	15	[(0, 272), (280, 310)]
311	280	199	    -7.92212	     6.15827	     144.564	15	[(0, 272), (280, 311)]
312	280	199	    -7.92212	     6.15827	     144.564	15	[(0, 272), (280, 312)]
313	280	199	    -7.92212	     6.15827	     144.564	15	[(0, 272), (280, 313)]
314	310	183	    -7.92212	    -3.65973	     134.795	13	[(0, 272), (310, 314)]
315	310	185	    -7.92212	    -7.81541	     134.777	12	[(0, 272), (310, 315)]
316	310	187	    -7.92212	    -1.73163	     140.318	12	[(0, 272), (310, 316)]
317	310	188	    -7.92212	    -1.84777	     140.735	12	[(0, 272), (310, 317)]
318	310	189	    -7.92212	     -1.9133	     141.158	12	[(0, 272), (310, 318)]
319	310	190	    -7.92212	     -2.0437	     141.593	12	[(0, 272), (310, 319)]
320	310	191	    -7.92212	    -1.96349	     142.022	12	[(0, 272), (310, 320)]
321	310	192	    -7.92212	    -1.91609	     142.453	12	[(0, 272), (310, 321)]
322	310	193	    -7.92212	    -1.86227	      142.89	12	[(0, 272), (310, 322)]
323	310	194	    -7.92212	     -1.9283	     143.315	12	[(0, 272), (310, 323)]
324	310	195	    -7.92212	    -1.49802	      143.16	12	[(0, 272), (310, 324)]
325	310	195	    -7.92212	    -1.49802	      143.16	12	[(0, 272), (310, 325)]
326	310	196	    -7.92212	    -1.65131	     143.329	12	[(0, 272), (310, 326)]
327	310	196	    -7.92212	    -1.65131	     143.329	12	[(0, 272), (310, 327)]
328	310	197	    -7.92212	    -1.79697	      143.45	12	[(0, 272), (310, 328)]
329	310	197	    -7.92212	    -1.79697	      143.45	12	[(0, 272), (310, 329)]
330	310	197	    -7.92212	    -1.79697	      143.45	12	[(0, 272), (310, 330)]
331	310	197	    -7.92212	    -1.79697	      143.45	12	[(0, 272), (310, 331)]
332	326	184	    -7.92212	    -3.47522	      134.78	13	[(0, 272), (326, 332)]
333	326	185	    -7.92212	    -1.73186	     138.076	13	[(0, 272), (326, 333)]
334	326	187	    -7.92212	   -0.853552	     139.551	13	[(0, 272), (326, 334)]
335	326	188	    -7.92212	   -0.206222	     139.983	13	[(0, 272), (326, 335)]
336	326	188	    -7.92212	   -0.206222	     139.983	13	[(0, 272), (326, 336)]
337	326	188	    -7.92212	   -0.206222	     139.983	13	[(0, 272), (326, 337)]
338	326	188	    -7.92212	   -0.206222	     139.983	13	[(0, 272), (326, 338)]
339	326	190	    -7.92212	  -0.0108754	     140.204	13	[(0, 272), (326, 339)]
340	326	192	    -7.92212	   0.0141971	     140.191	13	[(0, 272), (326, 340)]
341	326	194	    -7.92212	   0.0993452	     140.075	13	[(0, 272), (326, 341)]
342	326	194	    -7.92212	   0.0993452	     140.075	13	[(0, 272), (326, 342)]
343	326	195	    -7.92212	  -0.0270346	     140.196	13	[(0, 272), (326, 343)]
344	326	195	    -7.92212	  -0.0270346	     140.196	13	[(0, 272), (326, 344)]
345	326	195	    -7.92212	  -0.0270346	     140.196	13	[(0, 272), (326, 345)]
346	326	195	    -7.92212	  -0.0270346	     140.196	13	[(0, 272), (326, 346)]
347	326	195	    -7.92212	  -0.0270346	     140.196	13	[(0, 272), (326, 347)]
348	326	195	    -7.92212	  -0.0270346	     140.196	13	[(0, 272), (326, 348)]
349	326	195	    -7.92212	  -0.0270346	     140.196	13	[(0, 272), (326, 349)]
350	326	195	    -7.92212	  -0.0270346	     140.196	13	[(0, 272), (326, 350)]
351	326	195	    -7.92212	  -0.0270346	     140.196	13	[(0, 272), (326, 351)]
352	326	195	    -7.92212	  -0.0270346	     140.196	13	[(0, 272), (326, 352)]
353	326	195	    -7.92212	  -0.0270346	     140.196	13	[(0, 272), (326, 353)]
354	326	195	    -7.92212	  -0.0270346	     140.196	13	[(0, 272), (326, 354)]
355	326	195	    -7.92212	  -0.0270346	     140.196	13	[(0, 272), (326, 355)]
356	326	198	    -7.92212	    -0.28347	     140.449	13	[(0, 272), (326, 356)]
357	326	199	    -7.92212	   -0.278394	     140.466	13	[(0, 272), (326, 357)]
358	326	199	    -7.92212	   -0.278394	     140.466	13	[(0, 272), (326, 358)]
359	345	185	    -7.92212	    -2.48306	     134.987	13	[(0, 272), (345, 359)]
360	345	188	    -7.92212	    0.170265	     139.038	13	[(0, 272), (345, 360)]
361	345	190	    -7.92212	    0.856263	     140.265	13	[(0, 272), (345, 361)]
362	345	191	    -7.92212	     1.02439	     141.964	13	[(0, 272), (345, 362)]
363	345	194	    -7.92212	     2.07328	     144.284	13	[(0, 272), (345, 363)]
364	345	195	    -7.92212	     1.88919	      146.11	13	[(0, 272), (345, 364)]
365	345	198	    -7.92212	     2.30333	     148.085	13	[(0, 272), (345, 365)]
366	345	199	    -7.92212	     3.27643	     149.795	13	[(0, 272), (345, 366)]
367	345	200	    -7.92212	     3.87509	     149.962	13	[(0, 272), (345, 367)]
368	345	200	    -7.92212	     3.87509	     149.962	13	[(0, 272), (345, 368)]
369	345	201	    -7.92212	     2.98276	     151.157	13	[(0, 272), (345, 369)]
370	345	202	    -7.92212	     1.54365	     152.864	13	[(0, 272), (345, 370)]
371	345	204	    -7.92212	     3.81902	     153.727	13	[(0, 272), (345, 371)]
372	345	204	    -7.92212	     3.81902	     153.727	13	[(0, 272), (345, 372)]
373	345	204	    -7.92212	     3.81902	     153.727	13	[(0, 272), (345, 373)]
374	345	204	    -7.92212	     3.81902	     153.727	13	[(0, 272), (345, 374)]
375	345	204	    -7.92212	     3.81902	     153.727	13	[(0, 272), (345, 375)]
376	345	204	    -7.92212	     3.81902	     153.727	13	[(0, 272), (345, 376)]
377	345	204	    -7.92212	     3.81902	     153.727	13	[(0, 272), (345, 377)]
378	370	182	    -7.92212	    -3.83764	     134.778	13	[(0, 272), (370, 378)]
379	370	183	    -7.92212	    -3.63042	     134.792	13	[(0, 272), (370, 379)]
380	370	186	    -7.92212	    -1.69829	     137.836	13	[(0, 272), (370, 380)]
381	370	189	    -7.92212	   -0.348674	     139.768	13	[(0, 272), (370, 381)]
382	370	191	    -7.92212	   -0.232834	     142.476	13	[(0, 272), (370, 382)]
383	370	192	    -7.92212	   -0.450582	     144.226	13	[(0, 272), (370, 383)]
384	370	193	    -7.92212	  0.00152947	     144.764	13	[(0, 272), (370, 384)]
385	370	193	    -7.92212	  0.00152947	     144.764	13	[(0, 272), (370, 385)]
386	370	193	    -7.92212	  0.00152947	     144.764	13	[(0, 272), (370, 386)]
387	370	193	    -7.92212	  0.00152947	     144.764	13	[(0, 272), (370, 387)]
388	370	193	    -7.92212	  0.00152947	     144.764	13	[(0, 272), (370, 388)]
389	370	193	    -7.92212	  0.00152947	     144.764	13	[(0, 272), (370, 389)]
390	370	193	    -7.92212	  0.00152947	     144.764	13	[(0, 272), (370, 390)]
391	370	193	    -7.92212	  0.00152947	     144.764	13	[(0, 272), (370, 391)]
392	370	193	    -7.92212	  0.00152947	     144.764	13	[(0, 272), (370, 392)]
393	370	193	    -7.92212	  0.00152947	     144.764	13	[(0, 272), (370, 393)]
394	370	193	    -7.92212	  0.00152947	     144.764	13	[(0, 272), (370, 394)]
395	370	193	    -7.92212	  0.00152947	     144.764	13	[(0, 272), (370, 395)]
396	370	193	    -7.92212	  0.00152947	     144.764	13	[(0, 272), (370, 396)]
397	370	193	    -7.92212	  0.00152947	     144.764	13	[(0, 272), (370, 397)]
398	  0	300	    -7.92212	     10.1597	     230.694	23	[(0, 398)]
399	395	183	    -7.92212	     -3.6565	     134.796	13	[(0, 272), (395, 399)]
400	395	185	    -7.92212	    -5.19449	      134.78	13	[(0, 272), (395, 400)]
401	395	187	    -7.92212	    -1.46858	     140.424	12	[(0, 272), (395, 401)]
402	395	188	    -7.92212	     -7.7424	     134.692	12	[(0, 272), (395, 402)]
403	395	189	    -7.92212	    -7.75511	     134.706	12	[(0, 272), (395, 403)]
404	395	189	    -7.92212	    -7.75511	     134.706	12	[(0, 272), (395, 404)]
405	395	190	    -7.92212	      -7.883	     134.827	12	[(0, 272), (395, 405)]
406	395	190	    -7.92212	      -7.883	     134.827	12	[(0, 272), (395, 406)]
407	395	190	    -7.92212	      -7.883	     134.827	12	[(0, 272), (395, 407)]
408	395	190	    -7.92212	      -7.883	     134.827	12	[(0, 272), (395, 408)]
409	  0	313	    -7.92212	    -1.26356	     257.403	22	[(0, 409)]
410	  0	314	    -7.92212	   -0.508668	     258.595	22	[(0, 410)]
411	  0	315	    -7.92212	    -1.45812	     258.422	22	[(0, 411)]
412	 74	311	    -7.92212	    -6.83409	     248.288	22	[(74, 412)]
413	 74	312	    -13.2724	    -13.2724	      250.22	22	[(74, 413)]
414	 74	313	    -18.7366	    -18.7366	     251.322	22	[(74, 414)]
415	 74	314	    -23.0845	    -23.0845	     253.132	22	[(74, 415)]
416	 74	316	     -26.709	     -26.709	     254.864	22	[(74, 416)]
417	  0	323	     -26.709	    -22.3995	     275.646	23	[(0, 417)]
418	  0	325	    -29.9454	    -29.9454	     265.571	22	[(0, 418)]
419	  0	326	    -32.0338	    -32.0338	      268.29	22	[(0, 419)]
420	  0	327	    -32.0338	    -31.7471	     268.979	22	[(0, 420)]
421	  0	327	    -32.0338	    -31.7471	     268.979	22	[(0, 421)]
422	  0	327	    -32.0338	    -31.7471	     268.979	22	[(0, 422)]
423	  0	329	    -32.0338	    -27.0998	     269.863	23	[(0, 423)]
424	  0	332	    -32.0338	    -25.7901	     270.192	23	[(0, 424)]
425	  0	333	    -32.0338	    -26.8128	     272.354	23	[(0, 425)]
426	  0	334	    -32.0338	    -26.2413	     271.954	23	[(0, 426)]
427	  0	334	    -32.0338	    -26.2413	     271.954	23	[(0, 427)]
