nresidues = 282
0 60 3.36089
0 61 1.06938
0 62 0.611072
0 67 0.305536
1 58 0.152768
1 59 3.05536
1 60 0.76384
1 62 0.152768
1 67 0.611072
1 70 0.305536
1 74 0.611072
2 57 0.305536
2 58 2.90259
2 59 0.305536
3 57 3.20813
3 58 0.611072
3 74 0.152768
3 83 0.305536
4 56 3.8192
4 83 0.152768
5 9 0.76384
5 11 1.52768
5 51 0.305536
5 52 0.458304
5 53 0.152768
5 56 3.36089
5 57 1.06938
5 58 0.305536
6 85 0.152768
6 87 0.458304
6 88 0.611072
6 105 0.458304
7 56 0.458304
7 87 0.458304
7 88 0.458304
8 87 0.305536
8 88 0.152768
8 102 0.458304
8 103 0.458304
8 105 0.611072
9 14 0.19096
9 81 1.22214
9 103 3.20813
9 105 1.06938
10 13 2.29152
10 14 0.19096
10 103 0.611072
11 14 2.00508
11 15 0.38192
11 51 0.916607
11 53 0.458304
11 58 0.305536
11 81 0.611072
12 15 1.81412
12 16 0.0954799
13 16 1.9096
13 17 0.38192
13 101 0.152768
13 104 1.22214
13 105 0.305536
13 107 0.305536
13 272 1.83321
14 17 1.9096
14 18 0.38192
14 81 0.152768
14 105 0.152768
14 106 0.152768
14 107 0.611072
15 18 2.00508
15 19 0.19096
15 29 0.152768
15 30 0.305536
15 31 0.305536
15 34 0.152768
16 19 1.9096
16 20 0.0954799
17 20 1.81412
17 21 2.10056
17 107 0.916607
17 225 0.458304
17 272 0.611072
18 21 2.00508
18 22 0.19096
18 29 0.611072
18 34 0.305536
18 81 0.152768
19 22 0.0954799
19 29 0.611072
20 127 0.305536
21 27 0.152768
21 118 0.152768
21 127 0.305536
21 225 0.152768
21 272 0.458304
22 27 0.76384
22 29 0.152768
22 131 0.152768
23 26 3.20813
23 27 0.916607
23 118 0.611072
23 134 0.611072
23 135 0.152768
25 150 0.305536
25 151 3.36089
25 152 0.76384
26 36 3.36089
26 37 0.305536
26 138 0.152768
26 151 0.305536
26 152 0.611072
27 34 0.76384
27 35 3.05536
27 36 0.305536
27 118 0.611072
28 33 0.152768
28 34 2.90259
28 35 1.06938
28 151 0.611072
29 33 2.90259
29 34 0.305536
30 33 1.06938
32 50 0.152768
32 51 0.305536
33 49 3.05536
34 48 3.20813
34 49 0.611072
34 80 0.305536
34 81 0.458304
35 47 3.05536
35 48 0.152768
35 151 0.152768
36 46 3.20813
36 47 0.305536
36 114 1.37491
36 118 0.152768
36 151 0.152768
37 45 3.05536
37 152 0.611072
37 153 0.152768
38 43 0.152768
38 44 3.05536
38 45 0.305536
38 47 0.305536
38 66 0.152768
38 73 0.152768
38 110 0.152768
39 43 3.20813
39 44 0.152768
40 43 0.916607
40 69 0.152768
40 76 0.152768
43 65 3.20813
43 66 0.305536
43 68 0.76384
43 69 0.458304
44 65 3.05536
44 66 0.916607
44 143 0.458304
44 145 0.305536
45 63 0.611072
45 66 0.76384
45 145 0.305536
46 61 0.152768
46 62 2.90259
46 63 0.458304
46 66 0.305536
46 145 0.152768
46 151 0.305536
47 60 0.152768
47 61 3.20813
47 62 0.305536
47 66 0.152768
47 77 0.305536
48 59 0.152768
48 60 3.20813
48 61 0.611072
49 58 0.305536
49 59 3.05536
49 60 0.152768
49 81 0.152768
50 58 3.51366
50 59 0.916607
51 57 2.90259
51 58 0.458304
52 55 3.36089
52 56 2.90259
52 57 0.611072
52 59 0.458304
53 56 0.152768
58 81 0.152768
60 74 0.458304
60 77 0.152768
62 67 0.0954799
62 70 0.305536
62 73 0.305536
63 66 1.81412
63 67 0.0954799
63 148 0.305536
64 67 0.286441
64 68 0.0954799
65 68 0.0954799
66 69 2.00508
66 70 0.0954799
66 73 0.305536
67 70 0.286441
69 72 1.9096
69 73 0.19096
70 73 1.9096
70 74 0.286441
71 74 1.9096
71 75 0.19096
72 75 2.00508
72 76 0.859318
72 79 0.305536
73 76 1.9096
73 77 0.286441
74 77 1.9096
74 78 0.286441
75 78 2.19604
75 79 0.954799
76 79 2.10056
76 80 0.19096
76 109 0.152768
76 110 1.06938
77 80 1.9096
77 81 0.477398
77 110 0.152768
78 81 1.71864
78 82 1.81412
78 83 0.19096
79 107 2.59705
79 108 2.74982
79 109 2.90259
79 228 0.76384
80 106 0.152768
80 107 3.20813
80 108 0.916607
80 109 0.305536
80 110 0.152768
82 85 0.611072
82 105 1.52768
82 106 0.611072
82 230 0.152768
82 265 0.76384
84 230 0.305536
84 265 0.152768
85 105 1.37491
85 265 0.458304
86 89 2.19604
86 90 0.0954799
87 90 2.00508
87 91 0.668361
87 102 0.152768
87 105 0.305536
88 91 1.81412
88 92 0.0954799
89 92 1.81412
89 93 0.0954799
90 93 1.9096
90 94 0.38192
90 265 0.458304
91 94 1.62316
91 95 0.0954799
91 98 0.152768
91 102 1.22214
93 262 0.305536
94 97 0.152768
94 259 0.152768
94 265 0.152768
94 269 0.152768
95 98 2.74982
96 99 0.305536
97 259 0.305536
97 266 0.458304
97 269 0.458304
97 270 0.152768
97 276 0.305536
98 101 3.05536
98 102 0.305536
98 269 0.611072
99 102 0.152768
101 104 0.305536
101 269 0.611072
101 272 0.458304
104 268 0.305536
104 269 0.76384
105 265 0.152768
105 268 0.152768
106 224 0.458304
106 228 0.458304
106 229 0.152768
106 230 0.305536
106 265 0.152768
106 268 0.305536
107 225 0.76384
107 268 0.152768
108 115 0.152768
108 225 3.36089
108 228 0.305536
109 115 0.458304
109 225 0.305536
109 226 0.305536
109 228 0.152768
111 114 2.10056
111 115 0.19096
111 195 0.305536
112 115 2.00508
112 116 0.0954799
112 194 0.152768
112 195 1.06938
112 222 0.458304
113 116 1.81412
113 117 0.38192
113 155 0.152768
113 156 0.305536
113 157 0.916607
113 160 0.152768
113 184 0.305536
113 185 0.305536
113 188 0.152768
113 193 0.152768
114 117 1.9096
114 118 0.76384
114 154 2.13875
115 118 2.10056
115 119 0.19096
115 221 0.152768
115 222 0.458304
115 225 0.76384
115 226 0.305536
116 119 1.9096
116 120 0.38192
116 184 0.611072
116 222 0.305536
117 120 1.9096
117 121 0.477398
117 154 0.305536
117 160 0.152768
117 181 0.305536
117 184 0.305536
118 121 2.00508
118 122 0.0954799
119 122 1.81412
119 123 0.0954799
119 217 0.152768
119 218 0.76384
119 221 0.305536
120 123 0.57288
120 177 0.458304
120 180 0.152768
120 181 0.458304
121 125 0.152768
121 130 0.152768
121 133 0.305536
121 134 0.458304
121 173 0.152768
122 125 0.305536
122 217 0.76384
123 177 1.52768
123 213 0.305536
123 218 0.76384
124 177 0.152768
125 129 0.0954799
125 130 0.0954799
126 129 2.10056
126 130 0.19096
127 130 1.9096
127 131 0.19096
128 131 1.81412
128 132 0.0954799
129 132 1.9096
129 133 0.19096
130 133 2.00508
130 134 0.38192
131 134 1.9096
131 135 0.19096
132 135 1.9096
132 136 0.286441
133 136 1.9096
133 137 0.19096
133 171 0.305536
133 172 0.458304
134 137 1.9096
134 138 0.19096
134 154 0.152768
135 138 2.00508
135 139 0.19096
136 139 1.9096
136 140 0.19096
136 171 0.916607
137 140 1.9096
137 141 0.286441
137 155 0.152768
137 171 0.305536
138 141 1.81412
138 142 0.0954799
138 152 0.458304
138 155 0.305536
139 144 0.152768
139 152 0.305536
140 159 0.458304
141 155 1.06938
141 159 1.37491
141 160 0.305536
141 163 0.458304
141 167 0.152768
141 168 0.152768
142 152 1.06938
142 153 2.90259
143 152 3.36089
143 153 0.458304
144 149 0.611072
144 150 0.152768
144 151 3.05536
144 152 0.152768
145 148 3.20813
145 149 0.152768
145 151 0.458304
145 153 0.152768
146 149 0.305536
148 151 0.611072
155 160 0.19096
156 159 2.10056
156 160 0.0954799
157 160 1.81412
157 161 0.19096
157 185 0.305536
157 188 0.305536
157 189 0.458304
158 161 1.71864
158 162 0.0954799
158 189 0.458304
159 162 1.9096
159 163 0.19096
160 163 0.286441
160 182 0.305536
160 185 0.458304
161 182 0.152768
161 185 0.305536
161 186 0.152768
161 189 0.152768
163 182 0.152768
164 167 2.00508
164 182 0.152768
165 168 1.9096
165 169 0.19096
165 175 0.458304
165 178 0.152768
165 182 0.458304
166 169 2.10056
166 170 0.19096
166 175 0.305536
167 170 1.9096
167 171 0.0954799
168 171 1.9096
168 173 0.38192
168 178 0.458304
168 181 0.152768
168 182 0.152768
169 172 1.71864
169 173 0.57288
173 177 0.19096
173 178 0.19096
173 181 0.305536
174 177 2.387
174 178 0.0954799
175 178 1.9096
175 179 0.57288
176 179 2.19604
176 180 0.19096
177 180 1.9096
177 181 0.19096
178 181 1.9096
178 182 0.286441
179 182 1.9096
179 183 0.19096
180 183 1.9096
180 184 0.19096
180 212 0.305536
180 213 0.152768
181 184 1.9096
181 185 0.19096
182 185 1.9096
182 186 0.286441
183 186 1.9096
183 187 0.19096
183 211 0.916607
183 212 0.916607
184 187 1.9096
184 188 0.0954799
184 193 0.305536
185 188 1.9096
185 189 0.19096
186 189 1.9096
186 190 0.477398
187 190 1.71864
187 191 1.9096
187 192 2.29152
187 211 0.152768
192 211 0.152768
193 208 0.152768
193 222 0.305536
194 227 1.37491
196 227 0.611072
197 201 0.305536
197 227 0.916607
197 229 0.152768
198 204 0.152768
198 227 0.458304
200 203 2.48247
200 204 0.19096
201 204 1.9096
201 205 0.286441
201 229 0.152768
202 205 2.10056
202 206 0.19096
203 206 2.29152
203 207 0.38192
204 207 1.9096
204 208 0.286441
204 227 0.305536
205 208 1.9096
205 209 0.477398
205 219 0.458304
205 220 0.305536
205 223 0.305536
206 209 1.81412
206 210 0.0954799
207 210 0.477398
207 211 0.19096
208 211 0.38192
208 214 0.305536
208 222 0.305536
208 227 0.152768
209 214 0.611072
209 215 0.305536
209 216 0.611072
209 219 0.458304
211 214 0.152768
214 218 0.286441
215 218 1.9096
215 219 0.19096
216 219 1.9096
216 220 0.57288
216 235 0.305536
216 236 1.68045
216 249 0.152768
216 253 0.305536
217 220 2.00508
217 221 0.477398
217 234 0.305536
217 236 0.152768
217 237 1.06938
218 221 1.9096
218 222 0.19096
219 222 1.9096
219 223 0.19096
220 223 1.9096
220 224 0.19096
220 232 0.152768
220 233 0.458304
220 234 0.152768
221 224 1.9096
221 225 0.954799
222 225 1.81412
222 226 1.81412
222 227 0.38192
223 226 1.71864
223 227 2.19604
223 228 1.9096
223 229 0.286441
224 227 1.71864
224 228 1.9096
224 229 0.0954799
224 232 0.76384
224 264 0.458304
224 267 0.152768
225 228 0.38192
229 232 0.152768
229 264 0.611072
230 261 0.305536
230 262 3.36089
230 263 2.74982
230 264 1.22214
230 265 0.76384
231 260 0.305536
231 261 1.68045
231 262 0.305536
231 263 2.74982
231 264 0.458304
232 263 3.05536
232 264 1.06938
233 240 0.0954799
233 252 0.152768
233 256 0.611072
233 259 0.458304
233 263 0.152768
233 266 0.152768
233 267 0.611072
233 270 0.305536
234 237 0.458304
234 240 0.286441
234 267 0.458304
234 271 0.305536
235 241 0.0954799
235 249 0.611072
235 252 0.458304
236 241 0.477398
236 249 0.305536
237 240 2.19604
237 241 0.286441
237 271 1.52768
238 241 1.81412
239 242 2.00508
239 243 0.38192
239 271 0.305536
240 243 1.9096
240 244 0.57288
240 252 0.152768
240 267 0.305536
240 270 0.152768
240 271 0.611072
241 244 1.9096
241 245 0.0954799
241 249 0.152768
242 245 0.19096
243 270 1.37491
243 271 0.611072
243 273 0.611072
243 274 0.458304
243 276 0.305536
243 278 0.152768
244 247 1.06938
244 252 0.458304
244 255 0.458304
244 276 0.76384
246 251 0.0954799
247 251 0.859318
247 252 0.19096
247 278 0.152768
248 251 2.387
248 252 0.38192
249 252 1.9096
249 253 0.19096
250 253 1.9096
250 254 0.19096
251 254 1.9096
251 255 0.19096
252 255 1.9096
252 256 0.19096
253 256 1.9096
253 257 0.0954799
254 257 0.286441
255 258 1.9096
255 259 0.38192
255 276 0.152768
255 278 1.37491
255 279 0.76384
256 259 0.954799
256 263 0.458304
257 260 0.286441
258 279 0.152768
259 262 3.20813
259 263 0.152768
259 266 0.611072
259 270 0.305536
259 276 0.305536
260 263 0.611072
262 265 1.9096
262 266 0.0954799
263 266 2.00508
263 267 0.19096
264 267 1.81412
264 268 0.286441
265 268 1.9096
265 269 0.38192
266 269 1.9096
266 270 0.38192
267 270 1.9096
267 271 0.286441
268 271 2.00508
268 272 0.38192
269 272 1.9096
269 273 0.38192
270 273 0.0954799
270 276 0.152768
273 276 0.611072
