L	Ls	nvertices	F_L	F_L_constrained	rho_sum	nloops	regions
  5	  0	  0	           0	           0	           0	 0	[(0, 5)]
  6	  0	  0	           0	           0	           0	 0	[(0, 6)]
  7	  0	  0	           0	           0	           0	 0	[(0, 7)]
  8	  0	  0	           0	           0	           0	 0	[(0, 8)]
  9	  0	  0	           0	           0	           0	 0	[(0, 9)]
 10	  0	  0	           0	           0	           0	 0	[(0, 10)]
 11	  0	  0	           0	           0	           0	 0	[(0, 11)]
 12	  0	  0	           0	           0	           0	 0	[(0, 12)]
 13	  0	  0	           0	           0	           0	 0	[(0, 13)]
 14	  0	  0	           0	           0	           0	 0	[(0, 14)]
 15	  0	  2	   -0.255896	   -0.255896	    0.242022	 0	[(0, 15)]
 16	  0	  2	   -0.255896	   -0.255896	    0.242022	 0	[(0, 16)]
 17	  0	  2	   -0.255896	   -0.255896	    0.242022	 0	[(0, 17)]
 18	  0	  2	   -0.255896	   -0.255896	    0.242022	 0	[(0, 18)]
 19	  0	  5	   -0.255896	     8.03765	      0.4374	 2	[(0, 19)]
 20	  0	  6	   -0.255896	     6.53376	    0.400685	 2	[(0, 20)]
 21	  0	  8	   -0.255896	     6.56578	     5.73465	 1	[(0, 21)]
 22	  0	 11	   -0.255896	     8.01342	     7.67098	 1	[(0, 22)]
 23	  0	 13	   -0.255896	     7.94768	     10.2521	 1	[(0, 23)]
 24	  0	 15	   -0.255896	     9.46167	     12.1593	 2	[(0, 24)]
 25	  0	 18	   -0.255896	     7.32332	     15.3069	 1	[(0, 25)]
 26	  0	 20	   -0.255896	     8.00934	     16.9515	 1	[(0, 26)]
 27	  0	 21	   -0.255896	     8.57968	     17.6363	 1	[(0, 27)]
 28	  0	 21	   -0.255896	     8.57968	     17.6363	 1	[(0, 28)]
 29	  0	 21	   -0.255896	     8.57968	     17.6363	 1	[(0, 29)]
 30	  0	 21	   -0.255896	     8.57968	     17.6363	 1	[(0, 30)]
 31	  0	 21	   -0.255896	     8.57968	     17.6363	 1	[(0, 31)]
 32	  0	 21	   -0.255896	     8.57968	     17.6363	 1	[(0, 32)]
 33	  0	 22	   -0.255896	     8.43553	     17.7718	 1	[(0, 33)]
 34	 19	  4	   -0.255896	     5.78251	    0.277333	 1	[(19, 34)]
 35	 19	  6	   -0.255896	      7.8552	     4.00294	 1	[(19, 35)]
 36	 19	  8	   -0.255896	     8.37965	     5.80708	 1	[(19, 36)]
 37	 19	  9	   -0.255896	     8.42692	     7.70189	 1	[(19, 37)]
 38	  0	 27	   -0.255896	     6.42669	     23.1357	 2	[(0, 38)]
 39	  0	 28	   -0.255896	     5.15096	     24.4445	 2	[(0, 39)]
 40	  0	 29	   -0.255896	     2.82726	     25.7318	 2	[(0, 40)]
 41	  0	 29	   -0.255896	     2.82726	     25.7318	 2	[(0, 41)]
 42	  0	 29	   -0.255896	     2.82726	     25.7318	 2	[(0, 42)]
 43	  0	 29	   -0.255896	     2.82726	     25.7318	 2	[(0, 43)]
 44	  0	 29	   -0.255896	     2.82726	     25.7318	 2	[(0, 44)]
 45	  0	 29	   -0.255896	     2.82726	     25.7318	 2	[(0, 45)]
 46	  0	 29	   -0.255896	     2.82726	     25.7318	 2	[(0, 46)]
 47	  0	 29	   -0.255896	     2.82726	     25.7318	 2	[(0, 47)]
 48	  0	 29	   -0.255896	     2.82726	     25.7318	 2	[(0, 48)]
 49	  0	 29	   -0.255896	     2.82726	     25.7318	 2	[(0, 49)]
 50	  0	 29	   -0.255896	     2.82726	     25.7318	 2	[(0, 50)]
 51	  0	 29	   -0.255896	     2.82726	     25.7318	 2	[(0, 51)]
 52	  0	 29	   -0.255896	     2.82726	     25.7318	 2	[(0, 52)]
 53	  0	 29	   -0.255896	     2.82726	     25.7318	 2	[(0, 53)]
 54	 48	  3	   -0.255896	     3.94239	      0.2562	 1	[(48, 54)]
 55	 48	  5	   -0.255896	     4.29311	    0.273762	 1	[(48, 55)]
 56	 48	  7	   -0.255896	      7.1297	     4.85892	 1	[(48, 56)]
 57	 48	  8	   -0.255896	       7.825	     5.37933	 1	[(48, 57)]
 58	 48	  8	   -0.255896	       7.825	     5.37933	 1	[(48, 58)]
 59	 48	  8	   -0.255896	       7.825	     5.37933	 1	[(48, 59)]
 60	 48	  8	   -0.255896	       7.825	     5.37933	 1	[(48, 60)]
 61	 48	  8	   -0.255896	       7.825	     5.37933	 1	[(48, 61)]
 62	 48	  8	   -0.255896	       7.825	     5.37933	 1	[(48, 62)]
 63	 48	  8	   -0.255896	       7.825	     5.37933	 1	[(48, 63)]
 64	 48	  8	   -0.255896	       7.825	     5.37933	 1	[(48, 64)]
 65	 48	  8	   -0.255896	       7.825	     5.37933	 1	[(48, 65)]
 66	 58	  2	   -0.255896	     3.68031	    0.388152	 1	[(58, 66)]
 67	 58	  5	   -0.255896	     3.48074	     2.86057	 1	[(58, 67)]
 68	 58	  7	   -0.255896	     3.17308	     5.29193	 1	[(58, 68)]
 69	 58	  9	   -0.255896	     2.18119	     7.81244	 1	[(58, 69)]
 70	 58	 11	   -0.255896	     1.42739	     9.41129	 1	[(58, 70)]
 71	 58	 13	   -0.322181	   -0.322181	     11.5364	 1	[(58, 71)]
 72	 58	 14	    -3.49651	    -3.49651	     13.1177	 1	[(58, 72)]
 73	 58	 14	    -3.49651	    -3.49651	     13.1177	 1	[(58, 73)]
 74	 58	 14	    -3.49651	    -3.49651	     13.1177	 1	[(58, 74)]
 75	 58	 14	    -3.49651	    -3.49651	     13.1177	 1	[(58, 75)]
 76	 58	 14	    -3.49651	    -3.49651	     13.1177	 1	[(58, 76)]
 77	 58	 14	    -3.49651	    -3.49651	     13.1177	 1	[(58, 77)]
 78	 58	 14	    -3.49651	    -3.49651	     13.1177	 1	[(58, 78)]
 79	 58	 14	    -3.49651	    -3.49651	     13.1177	 1	[(58, 79)]
 80	 58	 14	    -3.49651	    -3.49651	     13.1177	 1	[(58, 80)]
 81	 58	 14	    -3.49651	    -3.49651	     13.1177	 1	[(58, 81)]
 82	 58	 14	    -3.49651	    -3.49651	     13.1177	 1	[(58, 82)]
 83	 58	 16	    -3.78013	    -3.78013	     13.4142	 1	[(58, 83)]
 84	 58	 16	    -3.78013	    -3.78013	     13.4142	 1	[(58, 84)]
 85	 58	 18	    -4.03602	    -4.03602	     13.6562	 1	[(58, 85)]
 86	 58	 18	    -4.03602	    -4.03602	     13.6562	 1	[(58, 86)]
 87	 58	 20	    -4.03602	    -4.01014	     13.6348	 1	[(58, 87)]
 88	 58	 22	    -4.03602	    -1.34464	      13.661	 2	[(58, 88)]
 89	 58	 24	    -4.03602	     1.11282	     19.4173	 1	[(58, 89)]
 90	 58	 25	    -4.03602	     1.08758	     19.8219	 1	[(58, 90)]
 91	 58	 26	    -4.03602	    0.513478	     21.3351	 1	[(58, 91)]
 92	 58	 30	    -4.03602	    0.439558	      22.447	 1	[(58, 92)]
 93	 58	 31	    -4.03602	    0.415054	     23.3751	 1	[(58, 93)]
 94	 58	 32	    -4.03602	    0.244187	     24.3087	 1	[(58, 94)]
 95	 58	 33	    -4.03602	   -0.266492	     25.5193	 1	[(58, 95)]
 96	 58	 34	    -4.03602	   -0.527495	     26.5754	 1	[(58, 96)]
 97	 58	 35	    -4.03602	    -1.86657	     27.8269	 1	[(58, 97)]
 98	 58	 36	    -4.03602	    -1.97032	     28.5935	 1	[(58, 98)]
 99	 58	 37	    -4.03602	     -2.2132	     29.4104	 1	[(58, 99)]
100	 58	 37	    -4.03602	     -2.2132	     29.4104	 1	[(58, 100)]
101	 58	 37	    -4.03602	     -2.2132	     29.4104	 1	[(58, 101)]
102	 58	 37	    -4.03602	     -2.2132	     29.4104	 1	[(58, 102)]
103	 58	 37	    -4.03602	     -2.2132	     29.4104	 1	[(58, 103)]
104	 58	 39	    -4.03602	    -2.87709	     30.0016	 1	[(58, 104)]
105	 58	 39	    -4.03602	    -2.87709	     30.0016	 1	[(58, 105)]
106	 58	 39	    -4.03602	    -2.87709	     30.0016	 1	[(58, 106)]
107	 58	 39	    -4.03602	    -2.87709	     30.0016	 1	[(58, 107)]
108	 58	 39	    -4.03602	    -2.87709	     30.0016	 1	[(58, 108)]
109	 58	 39	    -4.03602	    -2.87709	     30.0016	 1	[(58, 109)]
110	 58	 39	    -4.03602	    -2.87709	     30.0016	 1	[(58, 110)]
111	 58	 39	    -4.03602	    -2.87709	     30.0016	 1	[(58, 111)]
112	 58	 39	    -4.03602	    -2.87709	     30.0016	 1	[(58, 112)]
113	 58	 39	    -4.03602	    -2.87709	     30.0016	 1	[(58, 113)]
114	 58	 41	    -4.03602	    -3.13509	     30.2474	 1	[(58, 114)]
115	 58	 41	    -4.03602	    -3.13509	     30.2474	 1	[(58, 115)]
116	 58	 43	    -4.03602	    -3.28984	     30.4463	 1	[(58, 116)]
117	 58	 44	    -4.03602	     -3.2732	      30.423	 1	[(58, 117)]
118	 58	 44	    -4.03602	     -3.2732	      30.423	 1	[(58, 118)]
119	 98	  9	    -4.03602	     9.13355	    0.687806	 2	[(98, 119)]
120	 58	 48	    -4.03602	     9.55221	     30.4352	 4	[(58, 120)]
121	 58	 51	    -4.03602	     13.2195	     36.0171	 4	[(58, 121)]
122	 58	 53	    -4.03602	      14.401	      36.336	 5	[(58, 122)]
123	 58	 56	    -4.03602	     11.6157	     39.6038	 4	[(58, 123)]
124	 58	 57	    -4.03602	     10.7658	     42.1462	 4	[(58, 124)]
125	 58	 59	    -4.03602	     8.92482	     43.7017	 4	[(58, 125)]
126	  0	108	    -4.03602	     5.62475	     95.1748	 8	[(0, 126)]
127	  0	110	    -4.03602	     1.54282	     97.9341	 7	[(0, 127)]
128	  0	112	    -4.03602	     -0.2808	     99.5497	 6	[(0, 128)]
129	  0	113	    -4.03602	    -2.16383	     101.344	 6	[(0, 129)]
130	  0	114	    -4.03602	    -3.49881	      102.43	 6	[(0, 130)]
131	  0	115	    -4.43696	    -4.43696	     103.464	 6	[(0, 131)]
132	  0	116	    -4.43696	    -3.89284	     103.865	 6	[(0, 132)]
133	  0	116	    -4.43696	    -3.89284	     103.865	 6	[(0, 133)]
134	  0	116	    -4.43696	    -3.89284	     103.865	 6	[(0, 134)]
135	  0	116	    -4.43696	    -3.89284	     103.865	 6	[(0, 135)]
136	  0	116	    -4.43696	    -3.89284	     103.865	 6	[(0, 136)]
137	  0	116	    -4.43696	    -3.89284	     103.865	 6	[(0, 137)]
138	  0	116	    -4.43696	    -3.89284	     103.865	 6	[(0, 138)]
139	  0	116	    -4.43696	    -3.89284	     103.865	 6	[(0, 139)]
140	  0	116	    -4.43696	    -3.89284	     103.865	 6	[(0, 140)]
141	  0	116	    -4.43696	    -3.89284	     103.865	 6	[(0, 141)]
142	  0	116	    -4.43696	    -3.89284	     103.865	 6	[(0, 142)]
143	  0	116	    -4.43696	    -3.89284	     103.865	 6	[(0, 143)]
144	  0	116	    -4.43696	    -3.89284	     103.865	 6	[(0, 144)]
145	  0	117	    -5.38739	    -5.38739	     104.654	 6	[(0, 145)]
146	  0	118	    -5.38739	    0.390187	     105.703	 7	[(0, 146)]
147	  0	119	    -5.38739	   -0.814192	     107.056	 7	[(0, 147)]
148	  0	120	    -5.38739	    -4.60843	     108.295	 7	[(0, 148)]
149	  0	121	    -7.27205	    -7.27205	     109.315	 7	[(0, 149)]
150	  0	122	    -8.00007	    -8.00007	      110.69	 7	[(0, 150)]
151	  0	123	    -8.00007	     -7.5682	     111.215	 7	[(0, 151)]
152	  0	123	    -8.00007	     -7.5682	     111.215	 7	[(0, 152)]
153	  0	124	    -8.00007	     -6.1794	     111.925	 8	[(0, 153)]
154	  0	125	    -8.00007	     -6.1468	     112.393	 8	[(0, 154)]
155	  0	127	    -8.00007	    -6.18171	     114.663	 7	[(0, 155)]
156	  0	128	    -8.00007	    -6.53755	     116.061	 7	[(0, 156)]
157	  0	129	    -8.25073	    -8.25073	     117.486	 7	[(0, 157)]
158	  0	130	    -8.35221	    -8.35221	     118.363	 7	[(0, 158)]
159	  0	131	     -8.4424	     -8.4424	     119.171	 7	[(0, 159)]
160	  0	132	    -8.83188	    -8.83188	     120.116	 7	[(0, 160)]
161	  0	133	    -8.87861	    -8.87861	     120.876	 7	[(0, 161)]
162	  0	134	    -9.08754	    -9.08754	     121.718	 7	[(0, 162)]
163	 43	101	    -9.38092	    -9.38092	     88.9966	 5	[(43, 163)]
164	 43	102	    -9.38092	    -9.17874	     88.2752	 5	[(43, 164)]
165	 43	103	    -9.38092	     -9.1825	     88.1554	 5	[(43, 165)]
166	 43	104	    -9.38092	    -9.20233	     88.1639	 5	[(43, 166)]
167	 43	105	    -9.38092	    -9.25741	     88.2221	 5	[(43, 167)]
168	 43	106	    -9.38092	    -9.25355	     88.2245	 5	[(43, 168)]
169	  0	141	    -9.38092	    -5.05627	     128.375	 7	[(0, 169)]
170	 43	108	    -9.38092	    -5.88557	     95.5072	 5	[(43, 170)]
171	 43	109	    -9.38092	    -6.22659	     94.6377	 5	[(43, 171)]
172	 43	110	    -9.38092	     -6.7691	     96.4833	 5	[(43, 172)]
173	 43	111	    -9.38092	    -6.77549	     97.4337	 5	[(43, 173)]
174	 43	112	    -9.38092	    -7.21321	     98.5224	 5	[(43, 174)]
175	 43	113	    -9.38092	    -8.36105	     99.7389	 5	[(43, 175)]
176	 43	114	    -9.38092	    -9.05592	     100.811	 5	[(43, 176)]
177	 43	115	    -9.38092	    -9.17071	     101.643	 5	[(43, 177)]
178	 43	116	    -9.55124	    -9.55124	     102.571	 5	[(43, 178)]
179	 43	117	    -10.3534	    -10.3534	     103.684	 5	[(43, 179)]
180	 43	118	    -10.8917	    -10.8917	     104.724	 5	[(43, 180)]
181	 43	119	    -10.9012	    -10.9012	     105.476	 5	[(43, 181)]
182	 43	120	    -10.9435	    -10.9435	     106.189	 5	[(43, 182)]
183	 43	121	    -10.9435	    -10.4918	     105.934	 5	[(43, 183)]
184	 43	121	    -10.9435	    -10.4918	     105.934	 5	[(43, 184)]
185	 43	122	    -10.9435	    -10.0894	     106.877	 6	[(43, 185)]
186	 43	123	    -12.4249	    -12.4249	     107.904	 6	[(43, 186)]
187	 43	124	    -12.4249	    -11.7081	     108.224	 6	[(43, 187)]
188	 43	125	    -12.4249	    -11.5415	     108.513	 6	[(43, 188)]
189	 43	125	    -12.4249	    -11.5415	     108.513	 6	[(43, 189)]
190	 43	126	    -12.4249	    -12.0645	     109.074	 6	[(43, 190)]
191	 43	127	    -12.4249	    -11.9571	     109.037	 6	[(43, 191)]
192	 43	128	    -13.0186	    -13.0186	     110.053	 6	[(43, 192)]
193	 43	128	    -13.0186	    -13.0186	     110.053	 6	[(43, 193)]
194	 43	129	    -13.5638	    -13.5638	     110.838	 6	[(43, 194)]
195	 43	130	    -13.8317	    -13.8317	     111.563	 6	[(43, 195)]
196	  0	165	    -13.8317	    -13.2197	     144.564	 8	[(0, 196)]
197	  0	165	    -13.8317	    -13.2197	     144.564	 8	[(0, 197)]
198	  0	166	    -13.8317	    -13.5265	     144.834	 8	[(0, 198)]
199	  0	168	    -14.3207	    -14.3207	     146.305	 8	[(0, 199)]
200	  0	170	    -14.3207	    -12.3849	     148.587	 8	[(0, 200)]
201	  0	171	    -14.3207	    -13.2908	     150.753	 8	[(0, 201)]
202	  0	172	    -16.6923	    -16.6923	     151.937	 8	[(0, 202)]
203	  0	173	    -16.6923	    -16.0131	     152.329	 8	[(0, 203)]
204	  0	174	    -16.6923	    -15.5185	     152.316	 8	[(0, 204)]
205	  0	174	    -16.6923	    -15.5185	     152.316	 8	[(0, 205)]
206	  0	174	    -16.6923	    -15.5185	     152.316	 8	[(0, 206)]
207	  0	174	    -16.6923	    -15.5185	     152.316	 8	[(0, 207)]
