nresidues = 293
3 48 0.25
4 19 0.0625
4 20 1.375
4 21 0.375
4 48 0.3125
5 18 0.0625
5 19 1.3125
5 20 0.5625
6 17 0.4375
6 18 1.1875
6 19 0.0625
7 16 0.0625
7 17 1.25
7 18 0.5
8 15 0.5625
8 16 1.1875
8 67 0.0625
9 14 0.0625
9 15 1.375
9 16 0.1875
9 18 0.0625
9 91 0.0625
10 14 1.25
10 15 0.125
11 14 0.25
11 16 0.125
11 84 0.0625
11 87 0.125
12 80 0.0625
12 87 0.0625
14 63 0.0625
14 69 0.625
14 71 0.1875
14 80 0.125
14 84 0.0625
15 68 1.25
15 69 0.4375
16 60 0.0625
16 61 0.0625
16 62 0.0625
16 63 0.0625
16 68 0.4375
16 84 0.1875
17 41 0.125
17 60 1.25
17 61 0.1875
17 67 0.5
17 68 0.125
18 58 0.0625
18 59 1.3125
18 60 0.1875
18 92 0.3125
19 41 0.25
19 45 0.125
19 57 0.0625
19 58 1.3125
19 59 0.4375
20 56 0.0625
20 57 1.1875
21 48 0.1875
21 51 0.0625
21 56 1.3125
21 57 0.3125
21 59 0.0625
22 26 0.25
22 56 0.25
23 26 0.0625
23 51 0.25
23 54 0.1875
23 55 0.0625
25 54 0.1875
26 29 0.1875
26 54 1.25
26 56 0.3125
27 53 0.0625
27 54 1.3125
27 289 0.0625
27 292 0.125
28 54 0.0625
28 55 1.1875
28 56 0.1875
28 99 0.125
28 288 0.0625
28 292 0.0625
29 56 1.25
29 93 0.125
29 96 0.4375
29 98 1.4375
29 99 0.25
30 50 0.0625
30 55 0.0625
30 56 0.1875
30 57 1.1875
30 58 0.1875
30 99 1.4375
30 100 0.0625
30 101 0.0625
31 58 1.25
31 89 0.1875
31 93 0.125
31 99 0.1875
31 100 1.375
31 101 0.1875
32 58 0.3125
32 59 0.125
32 60 0.125
32 101 1.1875
33 44 0.0625
33 60 0.0625
33 62 0.25
33 85 0.0625
33 100 0.1875
33 101 0.125
33 102 1.1875
33 103 0.0625
33 106 0.25
33 109 0.4375
33 110 0.125
34 39 0.375
34 40 0.625
34 43 0.375
34 44 0.0625
34 60 0.125
34 61 0.3125
34 62 1.0625
34 65 0.1875
34 103 1.125
34 105 1.0625
34 106 0.0625
35 38 1.0625
35 39 0.375
35 43 0.0625
35 103 0.0625
35 104 0.0625
35 105 0.125
36 39 0.0625
36 105 0.25
36 208 0.0625
37 65 0.0625
37 105 1
37 203 1.1875
37 204 0.25
37 207 0.0625
37 208 0.125
37 219 0.125
38 65 0.125
38 197 1.0625
38 198 0.125
38 203 0.1875
39 43 0.0625
39 65 1.25
40 43 0.125
40 61 0.25
40 193 0.0625
40 194 0.375
40 197 0.125
41 44 1.25
41 45 0.125
41 59 0.3125
41 60 0.125
41 61 0.4375
41 67 0.25
41 194 0.0625
42 45 0.375
42 67 0.5
42 190 1.375
42 193 0.125
42 194 0.25
42 197 0.125
43 103 0.3125
43 190 0.0625
43 194 0.25
43 271 0.125
43 274 0.3125
44 47 0.15625
44 59 0.1875
44 273 0.0625
45 48 0.078125
45 59 0.0625
45 190 0.0625
45 274 0.125
46 49 0.15625
46 273 0.3125
46 274 0.5
46 277 0.3125
46 281 0.25
47 50 0.273438
47 57 0.0625
47 59 0.0625
47 273 0.125
47 280 0.0625
47 281 0.125
48 51 0.15625
49 52 0.117188
49 277 0.625
49 281 0.1875
50 53 0.820312
50 54 0.664062
50 55 0.898438
50 281 0.0625
50 284 0.125
51 54 0.703125
51 55 0.117188
53 289 0.0625
55 285 0.125
55 288 0.1875
58 92 0.125
58 93 0.125
60 85 0.0625
60 88 0.25
61 65 0.0625
61 66 0.3125
61 67 0.5
61 68 0.3125
62 65 0.3125
62 68 0.125
62 84 0.375
62 105 0.0625
62 109 0.125
63 69 1.1875
63 70 0.0625
63 71 0.25
63 75 0.125
63 76 0.1875
63 77 0.125
63 80 0.25
63 81 0.0625
63 84 0.5
63 203 0.0625
63 207 0.125
64 69 0.125
64 70 0.125
64 201 0.6875
64 203 0.1875
65 68 0.25
65 201 0.25
66 197 0.5
66 201 0.25
67 193 0.0625
67 197 0.5625
68 201 0.25
69 201 0.0625
70 76 0.25
70 201 0.0625
70 202 0.25
71 75 0.0625
71 76 0.125
72 75 1.25
72 76 0.125
73 76 0.5625
73 206 0.1875
74 77 0.0625
75 80 0.625
76 206 0.125
76 207 0.375
77 80 0.859375
77 81 0.0390625
78 81 0.742188
78 82 0.117188
78 105 0.1875
78 109 0.125
78 112 0.0625
78 222 0.375
79 82 0.742188
79 83 0.0390625
80 83 0.78125
80 84 0.117188
81 84 0.78125
81 85 0.078125
81 109 0.1875
82 85 0.78125
82 86 0.078125
82 109 0.0625
82 112 0.125
82 113 0.125
82 117 0.125
83 86 0.78125
83 87 0.078125
83 116 0.3125
83 117 0.4375
84 87 0.78125
84 88 0.078125
85 88 0.78125
85 89 0.078125
85 113 0.0625
86 89 1.13281
86 90 0.078125
86 113 0.375
86 117 0.25
86 120 0.375
87 90 0.742188
87 91 0.078125
88 91 0.78125
88 92 0.15625
89 92 0.78125
89 93 0.859375
89 94 0.15625
89 96 0.0625
89 113 0.125
89 120 0.5625
90 93 0.78125
90 94 0.117188
93 96 0.125
93 98 0.0625
97 119 0.125
97 120 1.25
97 121 0.25
97 122 0.125
98 120 0.0625
98 121 1.375
98 122 1.125
99 122 0.5
99 123 1.375
99 288 0.5
99 291 0.125
100 110 0.25
100 113 0.1875
100 121 0.0625
100 123 0.0625
100 124 1.3125
100 125 0.1875
101 125 1.5
101 280 0.0625
102 106 0.3125
102 107 0.15625
102 125 0.125
102 126 1.1875
102 127 0.1875
103 106 0.898438
103 127 1.3125
103 128 1.125
103 270 0.125
104 107 0.742188
104 128 0.25
104 129 0.0625
104 130 0.0625
104 270 0.25
105 108 0.78125
105 109 0.078125
105 207 0.0625
106 109 0.820312
106 110 0.078125
107 110 0.78125
107 111 0.15625
107 130 1.0625
108 111 0.78125
108 112 0.078125
108 130 0.125
108 222 0.3125
109 112 0.820312
109 113 0.078125
110 113 0.820312
110 114 0.078125
110 124 0.0625
111 114 0.78125
111 115 0.117188
111 124 0.0625
111 130 0.125
111 224 0.0625
111 231 0.125
111 257 0.0625
112 115 0.742188
112 224 0.0625
113 116 0.78125
113 117 0.351562
113 120 0.0625
113 121 0.25
114 117 0.78125
114 118 0.234375
114 231 0.125
115 227 0.0625
117 120 1.4375
118 121 0.25
118 230 0.25
118 231 0.375
118 232 0.1875
118 233 0.125
121 233 0.1875
122 234 0.125
122 291 0.125
122 292 0.25
123 234 1.1875
124 234 0.125
124 235 1.5
124 236 0.125
124 287 0.125
125 236 1.25
125 284 0.125
125 287 0.1875
126 129 0.0625
126 236 0.125
126 237 1.3125
126 238 0.1875
127 238 1.4375
127 280 0.25
128 238 0.0625
128 243 0.0625
128 245 0.1875
128 270 0.0625
129 245 0.125
129 249 0.0625
129 253 0.1875
130 133 0.125
130 136 0.25
130 222 0.0625
130 249 0.125
130 253 0.0625
131 222 0.1875
131 223 1.375
131 224 1.25
131 225 0.375
131 228 0.0625
131 252 0.0625
132 135 0.898438
132 136 0.117188
132 222 1.1875
132 223 0.375
132 225 0.0625
133 136 0.78125
133 137 0.117188
133 219 0.1875
133 220 1.3125
133 222 0.3125
134 137 0.78125
134 138 0.078125
134 220 0.125
134 222 0.0625
135 138 0.859375
135 139 0.117188
135 249 0.0625
135 252 0.0625
136 139 0.78125
136 140 0.15625
136 249 0.0625
137 140 0.820312
137 141 0.234375
137 215 0.0625
138 141 0.78125
139 142 0.898438
139 143 0.078125
139 246 0.4375
139 248 0.375
139 249 0.0625
140 143 0.820312
140 144 0.15625
140 212 0.1875
140 213 0.125
140 215 0.0625
140 244 0.125
141 144 0.78125
141 145 0.15625
142 145 0.820312
142 146 0.390625
142 246 0.125
143 146 0.78125
143 147 0.117188
143 176 0.0625
143 180 0.0625
143 243 0.0625
143 244 0.125
144 147 0.117188
144 152 0.25
144 155 0.125
144 213 0.0625
145 152 0.25
145 156 0.1875
147 152 0.0390625
147 155 0.0625
147 180 0.0625
148 151 0.859375
148 152 0.0390625
148 175 0.1875
149 152 0.976562
149 153 0.3125
150 153 0.703125
150 154 0.0390625
150 171 0.25
151 154 0.78125
151 155 0.15625
151 171 0.125
151 172 0.125
151 175 0.75
152 155 0.78125
152 156 0.390625
153 156 0.703125
153 157 0.078125
154 157 0.664062
154 158 0.234375
154 168 0.0625
154 169 0.0625
155 158 0.703125
155 159 0.0390625
155 169 0.1875
155 172 0.125
155 213 0.125
156 159 0.664062
156 160 0.117188
157 160 0.78125
157 161 0.0390625
158 161 0.859375
158 162 0.78125
158 163 0.117188
158 166 1.25
158 168 0.3125
158 169 0.1875
159 162 0.0390625
163 166 0.125
164 169 0.4375
164 170 0.1875
164 210 0.1875
164 214 0.0625
166 169 0.820312
166 170 0.117188
167 170 0.78125
167 171 0.078125
168 171 0.78125
168 172 0.078125
169 172 0.78125
169 173 0.234375
169 211 0.25
169 213 0.125
169 214 0.0625
170 173 0.78125
170 174 0.078125
171 174 0.78125
171 175 0.078125
172 175 0.78125
172 176 0.078125
173 176 0.78125
173 177 0.273438
173 213 0.1875
174 177 0.78125
174 178 0.429688
175 178 0.78125
175 179 0.46875
176 179 0.859375
176 180 0.3125
176 213 0.375
177 180 0.742188
177 181 0.9375
177 182 0.0390625
177 187 0.1875
177 204 0.0625
177 211 0.25
177 212 0.375
178 182 0.820312
178 183 0.117188
178 187 0.625
179 183 0.3125
179 242 0.125
179 269 0.0625
180 242 0.5
180 243 1.1875
180 244 0.3125
180 269 1.4375
180 270 0.125
181 244 0.125
181 269 1.3125
181 270 1.375
181 271 0.1875
181 275 0.0625
182 185 0.0625
182 187 0.375
182 188 0.0625
182 269 0.1875
182 275 0.3125
183 242 1.0625
183 267 0.0625
183 269 0.1875
183 275 0.125
185 274 0.0625
185 275 0.125
187 192 0.0390625
187 195 0.125
188 191 0.859375
188 192 0.078125
188 274 0.125
189 192 0.820312
189 193 0.078125
190 193 0.742188
190 194 0.078125
190 274 0.1875
191 194 0.78125
191 195 0.15625
191 271 0.125
191 274 0.125
192 195 0.78125
192 196 0.078125
193 196 0.820312
193 197 0.390625
194 197 0.78125
194 198 0.078125
195 198 0.78125
196 199 0.78125
196 200 0.585938
197 200 0.78125
197 201 0.117188
198 201 0.0390625
198 204 0.0625
202 205 0.976562
202 206 0.15625
203 206 0.78125
203 207 0.820312
204 207 0.703125
204 208 0.976562
204 209 0.15625
204 210 0.0390625
204 211 0.195312
204 212 0.234375
205 208 0.664062
205 209 0.0390625
206 217 1.1875
206 218 0.0625
207 217 1.375
207 218 1.25
207 219 0.3125
208 211 0.125
208 214 0.125
208 215 1.3125
208 216 1.25
208 217 0.125
209 214 1.1875
209 216 0.0625
210 214 1.25
210 216 0.125
211 214 0.6875
212 215 0.125
212 244 0.5
215 219 0.0625
215 220 0.0625
217 220 0.25
219 222 0.125
224 227 1.25
224 228 0.1875
225 228 0.0625
225 252 0.0625
225 256 0.125
227 230 0.125
228 231 0.25
228 253 0.0625
228 256 0.125
228 257 0.0625
229 232 0.1875
229 256 0.375
231 235 0.0625
231 257 0.125
234 287 0.25
234 291 0.375
235 257 0.125
235 260 1.3125
235 261 0.125
235 287 0.25
236 261 1.25
236 263 0.125
236 284 0.0625
236 287 0.375
237 253 0.125
237 254 0.125
237 260 0.125
237 261 0.3125
237 262 1.3125
237 263 0.125
238 263 1.1875
238 265 0.0625
238 280 0.0625
238 283 0.0625
239 243 0.5
239 245 0.0625
239 246 0.125
239 247 0.1875
239 250 0.125
239 263 0.125
239 264 1.3125
239 265 0.0625
239 269 1.0625
240 243 0.25
240 247 0.0625
240 264 0.0625
240 265 1.25
240 268 1.1875
240 269 0.0625
241 247 0.0625
241 264 0.0625
241 265 0.125
241 266 0.4375
241 267 0.0625
241 268 1.1875
242 267 0.0625
242 268 0.1875
242 269 0.3125
243 246 0.125
243 269 0.4375
243 270 0.5625
244 270 0.1875
245 249 0.0390625
245 270 0.0625
246 249 0.859375
247 250 0.820312
247 251 0.078125
248 251 1.05469
248 252 0.0390625
249 252 0.742188
249 253 0.0390625
250 253 0.78125
250 254 0.078125
250 262 0.0625
251 254 0.78125
251 255 0.507812
252 255 0.664062
252 256 0.078125
253 256 0.78125
253 257 0.15625
254 257 0.078125
254 260 0.6875
254 262 0.25
257 260 0.4375
263 283 0.0625
265 268 0.3125
265 276 0.125
265 283 0.125
268 275 0.375
269 272 0.0625
269 275 0.5
271 274 0.78125
271 275 0.234375
272 275 0.742188
272 276 0.78125
272 280 0.25
273 276 0.664062
273 277 0.15625
273 280 0.1875
274 277 0.0390625
276 279 0.898438
276 280 0.078125
277 280 0.78125
277 281 0.195312
278 281 0.742188
278 282 0.078125
279 282 0.78125
279 283 0.078125
280 283 0.78125
280 284 0.3125
281 284 0.703125
281 285 0.15625
282 285 0.820312
282 286 0.078125
283 286 0.78125
283 287 0.078125
284 287 0.78125
284 288 0.15625
285 288 0.78125
285 289 0.15625
286 289 0.742188
286 290 0.429688
287 290 0.78125
287 291 0.273438
288 291 0.742188
288 292 0.0390625
