nresidues = 182
0 49 0.25
0 50 1.375
0 51 0.25
0 56 0.0625
0 89 0.25
1 48 0.0625
1 49 1.1875
1 50 0.125
2 47 0.0625
2 48 1.25
2 49 0.125
2 89 0.125
2 90 0.125
2 93 0.3125
3 47 1.375
3 48 0.1875
3 93 0.1875
4 46 1.25
4 47 0.0625
4 93 0.0625
4 97 0.5
5 12 0.1875
5 13 0.1875
5 40 0.125
5 46 0.25
5 48 0.0625
5 58 0.1875
6 9 0.3125
7 13 0.1875
7 40 0.3125
7 41 0.0625
7 42 0.125
7 44 0.125
9 12 1.13281
9 13 0.117188
10 13 0.78125
10 14 0.195312
11 14 0.820312
11 15 0.117188
12 15 0.78125
12 16 0.078125
13 16 0.742188
13 17 0.078125
14 17 0.78125
14 18 0.15625
15 18 0.820312
15 19 0.078125
15 53 0.0625
15 54 0.25
15 55 0.25
16 19 0.78125
16 20 0.195312
16 36 0.0625
16 55 0.125
16 58 0.1875
17 20 0.78125
17 21 0.351562
17 32 0.375
17 36 0.0625
18 21 0.820312
18 22 0.195312
19 22 0.664062
19 23 0.15625
19 76 0.125
19 77 0.0625
19 78 0.125
20 23 0.742188
20 24 0.15625
20 28 0.3125
20 36 0.0625
21 24 0.742188
21 25 0.117188
21 28 0.1875
21 32 0.625
22 25 0.0390625
23 76 0.1875
24 27 1.375
24 28 0.4375
24 75 0.0625
24 76 0.0625
25 28 1.125
25 29 0.0625
27 35 0.0625
28 32 0.0625
28 35 0.375
28 39 0.0625
29 32 0.0625
31 34 0.9375
31 35 0.117188
32 35 0.78125
32 36 0.117188
33 36 0.820312
34 37 0.78125
34 38 0.0390625
35 38 0.859375
35 39 0.117188
36 39 0.78125
36 40 0.117188
37 40 0.859375
38 41 0.0390625
38 44 0.5
39 44 0.125
39 74 0.25
41 44 0.25
42 101 0.0625
43 63 0.1875
43 70 0.125
43 101 0.125
44 61 1.3125
44 62 0.5
44 101 0.125
45 60 1.1875
45 61 0.0625
45 70 0.125
45 94 0.0625
45 97 0.3125
45 98 0.125
45 101 0.1875
46 58 0.125
46 59 1.1875
47 58 1.375
47 59 0.375
47 93 0.25
48 55 0.0625
48 57 1.25
49 54 0.0625
49 55 1.25
49 56 1.4375
49 57 0.3125
49 86 0.0625
49 90 0.0625
50 53 0.1875
50 54 1.4375
50 55 0.0625
51 54 0.25
51 81 0.125
54 78 0.25
54 81 0.0625
55 78 0.1875
56 77 1.3125
56 78 0.625
56 81 0.125
57 76 1.1875
57 90 0.125
58 74 0.125
58 75 1.25
58 76 0.25
59 73 0.0625
59 74 1.3125
59 75 0.1875
59 90 0.3125
59 91 0.125
59 94 0.1875
60 72 1.25
60 73 1.4375
60 74 0.0625
61 70 0.25
61 71 1.3125
61 94 0.0625
62 70 1.625
62 71 0.1875
63 66 0.0625
63 69 1.1875
63 70 0.625
64 69 1.3125
64 71 0.1875
64 107 0.25
65 68 1.5
65 69 0.3125
65 107 0.125
67 70 0.25
67 101 0.0625
67 102 1.1875
67 103 0.0625
68 103 1.25
68 104 1.5
68 105 0.125
69 105 1.25
70 98 0.1875
70 101 0.0625
70 103 0.0625
70 105 0.1875
70 106 1.3125
70 107 0.4375
71 106 0.0625
71 107 1.625
72 75 0.0625
72 94 0.0625
72 106 0.0625
72 107 0.125
72 108 0.0625
72 146 0.0625
75 90 0.0625
75 91 0.0625
75 145 0.0625
75 146 0.25
77 81 0.0625
77 82 0.4375
77 86 0.125
78 81 1.3125
78 82 0.3125
79 82 0.5
81 86 0.125
85 88 0.898438
85 89 0.15625
86 89 0.78125
86 90 0.15625
87 90 0.78125
87 91 0.117188
87 145 0.3125
88 91 0.78125
88 92 0.234375
88 149 0.125
89 92 0.703125
89 93 0.078125
90 93 0.78125
90 94 0.078125
91 94 0.78125
91 95 0.195312
91 145 0.0625
91 149 0.1875
91 151 0.125
92 95 0.78125
92 96 0.351562
93 96 0.78125
93 97 0.3125
94 97 0.78125
94 98 0.15625
95 98 0.78125
95 99 0.078125
95 106 0.0625
95 151 0.3125
95 172 0.4375
95 174 0.25
96 99 0.78125
96 100 0.117188
97 100 0.898438
97 101 0.0390625
98 101 0.78125
98 102 0.664062
98 103 0.078125
98 106 0.125
98 174 0.1875
99 102 0.703125
99 103 0.0390625
99 175 0.0625
103 175 0.0625
104 173 1.3125
104 174 0.1875
105 171 0.0625
105 172 1.375
106 151 0.1875
106 171 1.25
106 172 0.125
107 170 1.25
107 171 0.0625
108 146 0.25
108 168 0.0625
108 169 1.25
108 170 0.3125
109 167 0.3125
109 168 1.25
110 141 0.1875
110 142 0.0625
110 167 1.4375
110 168 0.5
111 141 0.25
111 161 0.3125
111 166 1.25
111 167 0.6875
112 115 0.3125
112 116 0.3125
112 117 0.4375
112 119 0.0625
112 120 0.4375
112 141 0.0625
112 165 1.25
112 166 0.1875
113 161 0.25
113 165 0.1875
114 120 0.0625
114 139 0.375
115 120 0.5625
115 121 0.9375
115 138 0.3125
115 139 0.25
116 137 1.25
116 138 1.4375
116 139 0.0625
116 141 0.0625
117 120 0.0625
117 135 0.125
117 136 1.25
117 138 0.25
117 141 0.25
117 143 0.125
118 122 0.0625
118 135 0.25
118 136 0.1875
118 138 0.0625
119 122 0.125
119 124 0.1875
119 131 0.1875
119 132 0.0625
119 135 0.1875
119 156 0.0625
119 166 0.0625
119 168 0.125
120 164 1.375
120 166 0.125
121 164 0.25
122 131 0.125
122 164 0.1875
123 126 0.25
123 131 0.125
124 127 1.0625
124 128 0.3125
124 158 0.125
124 166 0.125
125 128 0.1875
125 158 0.3125
125 159 0.0625
126 131 0.195312
127 130 0.78125
127 131 0.15625
128 131 0.78125
128 132 0.078125
128 156 0.0625
129 132 0.820312
129 133 0.078125
130 133 0.78125
130 134 0.15625
131 134 0.859375
131 135 0.078125
132 135 0.117188
132 153 0.125
132 156 0.0625
135 143 0.4375
135 153 0.125
136 143 0.1875
137 140 0.5
137 141 0.375
137 143 0.5
137 144 0.3125
141 144 0.0390625
142 145 0.820312
142 146 0.078125
143 146 0.78125
143 147 0.351562
143 153 0.0625
143 170 0.25
144 147 0.78125
144 148 0.117188
145 148 0.78125
145 149 0.15625
146 149 0.78125
146 150 0.664062
146 151 0.273438
146 170 0.1875
147 150 0.703125
147 151 0.078125
147 170 0.0625
149 172 0.1875
150 172 0.25
151 170 0.0625
151 171 1.375
151 172 0.4375
152 170 1.25
152 171 0.125
153 168 0.125
153 169 1.3125
154 169 1.25
154 171 0.0625
155 168 1.25
155 169 0.4375
156 167 1.25
156 169 0.375
157 160 0.25
157 166 1.25
157 167 0.1875
157 169 0.125
159 162 0.234375
159 163 0.273438
159 164 0.078125
159 165 0.664062
160 165 0.703125
160 166 0.0390625
161 165 0.234375
161 166 0.078125
162 165 0.117188
