nresidues = 447
0 22 0.304336
0 25 3.19553
0 26 0.456504
0 104 0.913009
1 26 3.3477
1 28 0.608673
1 101 0.456504
1 102 0.456504
1 103 2.89119
1 104 3.65204
1 105 0.152168
2 18 0.152168
2 26 0.304336
2 27 2.89119
2 28 0.152168
2 105 3.19553
3 28 3.19553
3 30 0.304336
3 78 0.152168
3 88 0.152168
3 101 0.152168
3 102 0.152168
3 103 0.152168
3 105 0.152168
3 106 3.3477
3 107 0.304336
4 11 0.456504
4 18 0.152168
4 28 0.456504
4 29 3.3477
4 30 0.304336
4 107 3.04336
5 30 2.73903
5 78 0.152168
5 108 3.19553
5 109 0.760841
5 110 0.152168
5 249 0.304336
6 11 0.304336
6 29 0.608673
6 30 0.304336
6 31 0.304336
7 29 0.760841
7 31 0.760841
7 36 3.3477
7 37 0.608673
7 59 0.152168
8 11 1.807
8 12 0.19021
8 59 0.760841
9 12 1.71189
9 13 0.19021
9 39 0.304336
9 59 1.06518
9 109 0.152168
9 298 0.760841
9 301 0.304336
9 302 0.913009
10 13 1.61679
10 14 0.0951051
10 109 0.760841
10 278 0.456504
10 301 0.456504
10 305 0.152168
11 14 1.9021
11 15 0.19021
12 15 1.9021
12 16 0.951051
12 29 0.152168
12 59 0.608673
12 60 0.608673
12 65 0.152168
12 302 0.304336
13 16 1.99721
13 17 0.19021
13 302 1.67385
13 306 0.913009
14 17 1.807
14 18 0.38042
14 305 0.304336
14 309 0.304336
15 18 1.9021
15 19 0.285317
15 29 0.608673
15 65 0.304336
16 19 1.9021
16 20 0.19021
16 60 0.152168
16 65 0.152168
16 68 1.21735
17 20 2.47272
17 21 0.475524
17 306 0.760841
17 309 0.913009
17 310 0.456504
18 21 1.807
18 22 1.99721
18 27 0.152168
18 309 0.608673
18 312 0.152168
19 22 1.61679
19 23 0.285317
19 27 0.152168
19 65 0.152168
19 68 0.152168
19 70 0.152168
22 25 0.304336
22 313 0.152168
26 71 0.152168
27 70 3.04336
27 71 0.456504
28 71 2.89119
28 73 0.456504
28 101 0.608673
29 36 0.304336
29 37 0.152168
29 65 0.152168
29 71 0.456504
29 72 3.04336
29 73 0.608673
30 73 3.8042
30 76 2.89119
30 78 0.456504
30 90 0.152168
30 99 0.304336
30 101 0.456504
31 36 0.152168
31 73 0.456504
31 74 3.04336
31 75 3.04336
31 76 3.04336
32 74 2.58686
32 75 0.608673
32 76 0.456504
32 77 0.608673
32 93 0.152168
33 74 3.19553
33 75 0.608673
34 75 0.304336
35 38 0.608673
35 55 0.304336
35 58 1.52168
35 133 0.456504
36 58 0.608673
36 60 0.152168
36 61 0.152168
36 72 0.152168
37 58 3.04336
37 59 1.06518
37 60 0.456504
38 54 0.304336
38 57 3.65204
38 132 0.760841
38 133 0.913009
39 42 2.73903
39 57 0.456504
39 59 0.304336
40 43 0.913009
40 131 0.304336
40 132 0.152168
42 45 1.807
42 46 0.0951051
42 57 0.304336
43 46 1.9021
43 47 0.285317
43 130 0.152168
43 131 0.152168
43 132 0.152168
43 136 0.152168
44 47 1.9021
44 48 0.665737
44 162 1.36951
44 165 0.456504
45 48 1.71189
45 49 1.71189
45 50 2.18742
45 51 0.0951051
46 49 0.0951051
46 51 0.285317
46 52 0.0951051
46 53 0.0951051
46 54 0.475524
46 136 0.304336
46 140 1.36951
47 136 0.152168
47 139 0.304336
47 140 0.456504
48 140 0.152168
48 165 0.913009
48 166 0.152168
48 169 0.913009
49 52 0.456504
49 140 0.152168
51 56 0.152168
51 57 0.152168
53 56 3.49987
53 57 0.152168
54 57 0.456504
55 58 0.304336
55 133 0.304336
58 61 0.760841
59 302 0.304336
60 64 0.19021
60 65 0.19021
60 68 0.152168
61 64 1.99721
61 65 0.0951051
62 65 1.9021
62 66 0.285317
62 72 0.152168
63 66 1.9021
63 67 0.38042
64 67 1.99721
64 68 0.0951051
65 68 1.99721
65 69 1.61679
65 70 2.09231
65 72 0.0951051
66 69 0.0951051
66 70 0.38042
66 71 0.0951051
66 72 0.0951051
73 76 0.456504
73 99 0.456504
75 92 2.89119
75 93 0.456504
75 94 0.152168
76 91 3.04336
77 90 3.19553
77 91 0.456504
77 93 0.152168
78 88 0.152168
78 89 2.89119
78 249 0.456504
79 89 3.04336
79 249 0.304336
80 88 3.19553
80 89 0.456504
81 87 3.04336
81 103 0.152168
81 106 0.304336
81 250 0.152168
81 253 0.304336
82 85 2.89119
82 86 2.89119
82 87 1.21735
82 89 0.304336
83 86 0.608673
83 103 0.152168
83 253 0.152168
83 272 0.456504
86 102 3.04336
86 103 2.73903
86 104 0.152168
86 274 0.760841
87 100 0.608673
87 101 3.04336
87 102 0.456504
87 103 0.456504
88 99 0.152168
88 100 3.04336
88 101 0.456504
88 103 0.304336
89 98 0.152168
89 99 3.19553
90 97 0.152168
90 98 3.19553
90 99 1.06518
91 97 3.04336
91 98 0.304336
92 95 3.49987
92 96 2.89119
92 97 0.304336
103 106 0.608673
104 274 0.456504
105 274 3.49987
105 312 0.608673
106 274 0.456504
106 275 2.89119
106 276 0.608673
107 276 2.89119
107 309 0.152168
107 312 0.152168
108 254 0.152168
108 262 0.152168
108 276 0.456504
108 277 3.04336
108 278 0.152168
109 278 0.913009
110 246 0.913009
110 281 0.152168
111 245 3.04336
111 246 0.456504
111 281 0.152168
112 131 0.608673
112 243 0.304336
112 244 3.19553
112 245 0.152168
113 243 3.49987
113 244 1.21735
114 129 0.304336
114 131 0.152168
114 242 3.04336
115 239 0.152168
115 241 0.152168
115 242 0.608673
116 123 0.152168
116 129 0.152168
117 122 0.152168
117 216 0.304336
118 122 0.608673
119 122 0.456504
119 213 0.152168
119 214 0.456504
119 215 0.152168
119 216 0.760841
120 214 0.152168
120 215 3.19553
120 216 0.608673
121 124 0.608673
121 127 0.152168
121 216 0.608673
122 127 0.152168
122 216 0.152168
123 127 0.152168
124 127 0.304336
124 217 0.456504
124 218 0.152168
124 219 0.152168
124 220 3.49987
124 221 0.456504
124 222 0.152168
125 220 0.304336
125 221 3.3477
125 222 0.456504
126 142 0.304336
126 221 0.152168
126 222 0.152168
126 235 0.456504
126 236 3.19553
126 237 0.304336
127 216 0.456504
127 237 3.04336
127 239 0.152168
128 135 1.21735
128 138 0.456504
128 139 0.304336
128 142 0.456504
128 236 0.304336
128 237 0.456504
128 238 2.89119
128 239 0.456504
129 135 1.06518
129 139 0.152168
130 163 0.152168
131 135 0.285317
131 243 0.304336
131 280 0.304336
132 135 1.807
132 136 0.19021
133 136 1.9021
133 137 0.475524
134 137 1.807
134 138 0.38042
135 138 2.18742
135 139 0.475524
136 139 1.9021
136 140 0.19021
137 140 1.9021
137 141 0.570631
138 141 1.9021
138 142 0.19021
139 142 1.9021
139 143 0.0951051
139 167 0.152168
140 143 1.99721
141 144 1.807
141 145 0.0951051
142 145 0.38042
142 167 0.152168
142 172 0.152168
143 167 0.456504
143 170 0.304336
143 172 0.304336
145 148 0.913009
145 172 0.304336
146 149 0.152168
147 235 0.456504
148 151 0.152168
148 172 0.456504
148 235 0.760841
149 172 3.04336
149 173 0.456504
149 235 0.760841
150 173 3.04336
150 233 0.304336
150 234 3.04336
150 235 3.49987
150 236 0.152168
151 172 0.304336
151 173 0.304336
151 174 3.04336
151 175 0.152168
151 236 3.04336
152 175 3.04336
152 177 0.152168
152 233 0.152168
152 234 0.152168
152 236 0.152168
152 237 3.19553
152 238 0.152168
153 160 0.304336
153 175 0.152168
153 176 3.04336
153 177 0.304336
153 238 3.04336
154 177 2.89119
154 216 0.304336
154 237 0.152168
154 238 0.152168
154 239 2.89119
154 240 3.19553
154 241 0.304336
155 160 0.0951051
155 176 0.152168
155 177 0.152168
155 178 0.608673
155 240 0.152168
156 161 0.0951051
156 176 0.152168
156 178 0.760841
156 182 0.152168
156 183 3.3477
156 184 0.152168
157 160 1.807
157 161 0.285317
157 184 0.304336
157 187 0.152168
158 161 1.9021
158 162 0.475524
158 187 0.304336
158 327 0.456504
158 328 0.456504
159 162 1.9021
159 163 0.0951051
159 240 0.304336
160 163 1.9021
160 164 0.19021
160 240 0.152168
161 164 1.9021
161 165 0.19021
161 184 0.152168
161 200 0.152168
162 165 1.9021
162 166 0.19021
162 328 0.152168
163 166 1.9021
163 167 0.285317
164 167 1.71189
164 168 0.19021
164 174 0.456504
164 176 0.152168
164 205 0.152168
165 168 1.9021
165 169 0.855945
165 329 0.152168
165 330 0.608673
165 331 0.608673
166 169 1.9021
166 170 0.19021
167 170 1.9021
167 171 1.61679
167 172 0.38042
167 174 0.304336
167 236 0.152168
168 171 1.71189
168 172 0.0951051
168 203 0.152168
168 205 0.304336
172 204 0.152168
173 204 3.3477
174 204 0.152168
174 205 2.89119
174 206 0.304336
175 206 3.19553
175 232 0.152168
176 205 0.152168
176 206 0.456504
176 207 3.04336
176 208 0.608673
177 208 2.89119
177 211 0.152168
177 213 0.152168
177 225 0.152168
177 232 0.304336
178 208 0.152168
178 209 3.04336
178 210 3.04336
178 211 2.89119
179 209 2.73903
179 210 0.456504
179 211 0.304336
179 212 0.152168
180 209 3.19553
181 209 0.913009
182 185 0.608673
182 188 0.608673
182 189 0.760841
182 190 0.608673
182 193 0.760841
182 342 0.152168
182 343 0.152168
183 193 0.304336
183 197 0.304336
184 187 3.19553
184 188 0.304336
185 188 0.456504
185 343 0.456504
186 341 0.608673
187 326 0.304336
187 337 0.608673
187 341 0.456504
188 192 0.19021
188 193 0.0951051
188 196 0.152168
188 335 1.06518
188 389 0.608673
189 192 1.99721
189 193 0.475524
189 341 0.913009
189 342 0.456504
189 375 0.760841
189 389 1.52168
190 193 2.09231
190 194 1.14126
191 194 1.61679
191 195 0.0951051
191 356 0.152168
191 375 0.456504
192 195 1.9021
192 196 0.19021
192 373 0.304336
192 374 0.152168
192 375 0.304336
192 389 1.21735
192 390 0.456504
192 391 0.152168
193 196 1.99721
193 197 0.38042
194 197 1.71189
194 198 0.285317
195 198 1.9021
195 199 0.19021
195 333 0.304336
195 391 0.304336
196 199 1.9021
196 200 0.475524
196 333 0.152168
196 391 0.152168
197 200 1.9021
197 201 0.475524
198 201 1.9021
198 202 0.19021
199 202 1.9021
199 203 0.285317
199 331 0.456504
199 332 0.456504
199 333 0.760841
200 203 1.99721
200 204 1.61679
200 205 2.18742
200 207 0.152168
201 204 0.0951051
201 205 0.285317
201 207 0.152168
203 331 1.36951
205 331 0.304336
208 211 0.152168
208 232 0.152168
211 227 0.913009
211 228 0.760841
211 229 0.304336
211 230 0.152168
211 232 0.760841
212 227 3.3477
212 228 0.304336
213 225 0.152168
213 226 3.19553
213 227 0.152168
214 226 3.04336
214 227 0.760841
214 228 0.760841
215 225 2.89119
215 226 1.06518
216 224 3.04336
216 239 0.152168
217 222 3.19553
217 223 3.19553
217 224 0.608673
217 226 0.304336
218 221 2.89119
218 222 0.152168
218 223 1.06518
219 223 0.304336
222 234 2.89119
223 233 3.04336
223 234 0.456504
224 232 3.19553
224 233 0.608673
225 231 2.89119
225 232 0.760841
225 234 0.152168
225 237 0.152168
226 230 3.19553
227 230 1.06518
227 232 0.152168
245 259 0.152168
245 260 0.608673
245 261 0.304336
246 249 0.456504
247 250 3.19553
247 256 0.152168
247 260 0.760841
247 262 0.304336
248 251 0.456504
250 253 3.19553
250 254 0.152168
250 262 0.152168
251 256 0.152168
253 272 0.456504
254 270 0.152168
254 271 0.608673
254 272 0.304336
255 262 2.89119
255 263 0.913009
255 271 0.760841
256 261 3.19553
256 262 0.304336
256 263 0.304336
257 260 0.152168
257 261 0.760841
257 262 0.304336
257 263 0.913009
257 283 0.304336
261 280 0.152168
261 281 3.49987
261 283 0.608673
261 294 0.304336
262 277 0.304336
262 281 0.456504
263 269 0.0951051
263 270 0.0951051
264 268 0.0951051
264 269 1.99721
264 277 0.304336
265 268 0.285317
265 269 1.33147
266 318 3.04336
266 319 0.304336
267 276 0.304336
267 311 1.36951
267 315 1.67385
267 316 0.304336
267 317 0.760841
267 318 0.304336
268 276 3.49987
268 277 0.304336
268 304 0.608673
268 307 0.152168
268 308 0.152168
268 319 0.304336
269 275 2.73903
269 276 0.152168
269 315 0.456504
270 275 1.36951
270 276 0.304336
270 277 0.152168
272 275 0.608673
276 311 0.304336
276 312 0.456504
277 282 0.456504
278 282 0.608673
278 301 0.152168
278 304 1.21735
278 305 0.152168
279 282 0.760841
279 301 0.152168
279 304 0.456504
280 294 0.152168
280 296 0.913009
282 294 0.456504
282 304 0.456504
283 292 0.152168
283 293 3.49987
283 304 0.152168
284 291 0.152168
284 292 3.19553
284 293 0.608673
284 300 0.304336
284 304 0.304336
284 319 0.456504
284 322 0.152168
285 291 2.89119
285 319 0.304336
285 320 0.152168
285 321 3.3477
285 322 0.456504
286 289 2.73903
286 290 2.89119
286 291 0.608673
286 295 0.304336
286 322 3.04336
286 323 0.304336
286 339 0.608673
286 340 0.304336
286 344 0.152168
286 348 0.152168
287 320 0.456504
287 321 0.913009
287 322 0.304336
287 323 0.456504
288 322 0.152168
288 323 0.152168
288 339 0.152168
288 340 0.456504
288 386 0.304336
288 407 0.152168
289 348 0.152168
295 300 0.913009
297 300 1.9021
297 325 0.152168
298 301 1.9021
298 302 0.38042
299 302 1.807
299 303 0.570631
300 303 1.9021
300 304 0.570631
300 322 0.456504
301 304 1.99721
301 305 0.0951051
302 305 1.71189
302 306 0.0951051
303 306 1.9021
303 307 0.38042
303 319 0.760841
304 307 1.9021
304 308 0.19021
305 308 1.807
305 309 0.0951051
306 309 1.9021
306 310 0.19021
307 310 1.9021
307 311 0.38042
307 317 0.304336
307 318 0.152168
307 319 0.456504
307 320 0.456504
308 311 1.9021
308 312 0.19021
309 312 0.19021
310 316 0.152168
311 314 1.06518
311 315 0.456504
311 316 0.760841
311 317 1.06518
323 338 3.04336
323 339 0.152168
323 404 1.21735
323 407 0.304336
324 338 0.152168
325 337 3.04336
325 338 0.608673
325 404 0.304336
326 336 3.04336
326 337 0.304336
327 335 2.89119
327 336 0.152168
328 334 2.89119
328 335 1.06518
329 333 3.04336
330 333 0.760841
330 335 0.152168
332 393 0.913009
333 373 0.152168
333 391 0.152168
333 392 2.89119
333 393 0.608673
334 391 2.89119
334 392 0.608673
334 393 0.608673
334 394 0.152168
334 395 0.304336
335 390 3.04336
335 397 0.304336
336 389 2.89119
336 390 0.152168
336 397 0.152168
336 400 0.608673
337 388 3.04336
337 389 0.152168
337 400 0.304336
338 387 2.89119
338 388 0.152168
338 400 0.152168
338 403 0.304336
339 386 3.04336
339 387 0.304336
340 344 0.19021
340 345 0.19021
340 352 0.152168
340 377 0.456504
340 386 0.304336
340 387 0.152168
341 344 2.18742
341 345 0.19021
341 389 0.152168
342 345 1.9021
342 346 0.760841
343 346 1.9021
343 347 0.19021
344 347 1.9021
344 348 0.38042
345 348 1.9021
345 349 1.9021
345 350 0.38042
350 379 0.152168
351 380 0.304336
352 377 0.456504
352 378 3.04336
352 380 0.304336
352 386 0.152168
353 376 0.152168
353 377 3.04336
353 378 2.13035
353 380 0.152168
353 444 0.304336
353 445 0.608673
354 375 0.152168
354 376 3.04336
354 444 0.304336
355 374 0.152168
355 375 3.19553
355 376 0.304336
355 437 0.152168
355 440 0.152168
355 441 0.152168
355 444 0.304336
356 374 3.04336
356 375 0.608673
357 372 0.152168
357 373 2.89119
357 374 0.456504
357 437 0.152168
357 440 0.152168
358 371 0.152168
358 372 3.04336
358 373 0.760841
359 371 2.89119
359 372 0.304336
359 429 0.456504
359 436 0.152168
360 369 0.304336
360 370 3.8042
360 371 0.304336
360 429 0.456504
361 369 0.304336
361 370 0.152168
361 394 0.456504
361 396 0.456504
361 427 0.304336
361 428 2.89119
361 429 0.456504
362 366 0.304336
362 368 0.608673
362 369 0.608673
362 425 0.152168
362 426 0.456504
362 427 0.456504
362 428 0.152168
362 429 0.608673
363 366 0.456504
363 369 0.152168
363 423 0.304336
363 429 0.152168
363 430 0.152168
364 369 0.913009
366 369 0.608673
366 425 0.152168
366 426 0.152168
370 393 0.304336
370 394 0.152168
371 392 0.608673
372 391 3.04336
372 396 0.152168
372 433 0.152168
373 390 3.04336
373 391 0.913009
374 389 2.89119
374 390 0.304336
374 403 0.152168
374 433 0.304336
374 434 0.152168
374 437 0.304336
375 388 3.04336
375 389 0.304336
376 387 3.04336
376 438 0.152168
377 385 3.04336
377 386 3.19553
377 387 0.608673
378 384 3.04336
378 386 0.760841
378 413 0.304336
378 441 0.152168
378 444 0.608673
378 445 1.21735
379 382 3.65204
379 383 0.304336
379 384 0.304336
379 386 0.152168
382 412 0.152168
383 412 3.19553
383 413 0.608673
384 410 0.456504
384 411 3.19553
384 412 0.152168
385 407 0.760841
385 411 0.608673
385 412 0.760841
385 413 0.304336
385 416 0.304336
386 407 0.456504
387 407 0.152168
388 400 0.456504
388 403 0.304336
390 396 0.608673
390 397 0.152168
390 399 0.152168
392 396 0.152168
396 399 0.475524
396 433 0.152168
397 400 0.285317
398 401 0.475524
399 402 1.807
399 403 0.0951051
399 433 0.152168
399 434 0.304336
400 403 1.9021
400 404 0.19021
401 404 1.807
401 405 0.0951051
402 405 1.9021
402 406 0.19021
402 434 0.152168
403 406 1.9021
403 407 0.38042
403 416 0.152168
403 434 0.152168
404 407 1.9021
404 408 0.0951051
405 408 1.99721
405 409 0.19021
406 409 1.9021
406 410 1.807
406 411 0.19021
406 416 0.152168
407 410 0.0951051
411 415 0.570631
412 415 2.47272
412 416 0.0951051
413 416 1.807
413 417 0.19021
413 438 0.152168
413 441 0.608673
413 445 0.152168
414 417 1.807
414 418 0.0951051
415 418 1.71189
415 419 0.19021
416 419 0.0951051
416 434 0.152168
416 435 0.304336
416 438 0.456504
417 431 0.304336
417 435 0.608673
417 438 0.304336
417 439 0.152168
418 435 0.152168
418 439 0.152168
419 435 0.456504
421 432 1.06518
421 434 0.304336
421 435 0.608673
422 428 0.608673
423 428 0.913009
423 429 0.760841
423 430 0.760841
424 427 3.49987
424 428 0.456504
425 428 0.152168
428 432 0.152168
429 432 0.152168
431 435 0.665737
431 436 0.285317
431 439 0.304336
432 435 2.18742
432 436 0.38042
433 436 1.61679
433 437 0.0951051
434 437 1.9021
434 438 0.19021
435 438 1.9021
435 439 0.38042
436 439 1.9021
436 440 0.19021
437 440 1.9021
437 441 0.0951051
438 441 1.9021
438 442 0.285317
439 442 1.9021
439 443 0.19021
440 443 1.99721
440 444 0.19021
441 444 1.9021
441 445 0.285317
442 445 1.9021
442 446 0.285317
443 446 0.0951051
