L	Ls	nvertices	F_L	F_L_constrained	rho_sum	nloops	regions
  0	  0	  0	           0	           0	           0	 0	[(0, 0)]
  1	  0	  0	           0	           0	           0	 0	[(0, 1)]
  2	  0	  0	           0	           0	           0	 0	[(0, 2)]
  3	  0	  0	           0	           0	           0	 0	[(0, 3)]
  4	  0	  0	           0	           0	           0	 0	[(0, 4)]
  5	  0	  2	   -0.256027	   -0.256027	    0.242257	 0	[(0, 5)]
  6	  0	  2	   -0.256027	   -0.256027	    0.242257	 0	[(0, 6)]
  7	  0	  2	   -0.256027	   -0.256027	    0.242257	 0	[(0, 7)]
  8	  0	  2	   -0.256027	   -0.256027	    0.242257	 0	[(0, 8)]
  9	  0	  2	   -0.256027	   -0.256027	    0.242257	 0	[(0, 9)]
 10	  0	  2	   -0.256027	   -0.256027	    0.242257	 0	[(0, 10)]
 11	  0	  2	   -0.256027	   -0.256027	    0.242257	 0	[(0, 11)]
 12	  0	  2	   -0.256027	   -0.256027	    0.242257	 0	[(0, 12)]
 13	  0	  2	   -0.256027	   -0.256027	    0.242257	 0	[(0, 13)]
 14	  0	  2	   -0.256027	   -0.256027	    0.242257	 0	[(0, 14)]
 15	  0	  2	   -0.256027	   -0.256027	    0.242257	 0	[(0, 15)]
 16	  0	  2	   -0.256027	   -0.256027	    0.242257	 0	[(0, 16)]
 17	  0	  2	   -0.256027	   -0.256027	    0.242257	 0	[(0, 17)]
 18	  0	  2	   -0.256027	   -0.256027	    0.242257	 0	[(0, 18)]
 19	  0	  5	   -0.256027	     3.69616	    0.491949	 1	[(0, 19)]
 20	  0	  7	   -0.256027	      4.0674	    0.503853	 1	[(0, 20)]
 21	  0	  9	   -0.256027	     7.00033	     4.94665	 1	[(0, 21)]
 22	  0	 10	   -0.256027	      5.8699	     6.11602	 1	[(0, 22)]
 23	  0	 13	   -0.256027	     7.95173	     8.27963	 2	[(0, 23)]
 24	  0	 15	   -0.256027	     5.44411	     11.1839	 1	[(0, 24)]
 25	  0	 18	   -0.256027	     6.58646	     13.1898	 1	[(0, 25)]
 26	  0	 19	   -0.256027	     6.59329	     14.0909	 1	[(0, 26)]
 27	  0	 19	   -0.256027	     6.59329	     14.0909	 1	[(0, 27)]
 28	 20	  2	   -0.256027	     3.74397	    0.242257	 1	[(20, 28)]
 29	 20	  4	   -0.256027	     4.23929	     0.29977	 1	[(20, 29)]
 30	  8	 20	   -0.256027	     6.70767	     15.9456	 2	[(8, 30)]
 31	  8	 21	   -0.256027	     4.53871	     17.0713	 2	[(8, 31)]
 32	  8	 22	   -0.256027	     5.19831	      17.464	 2	[(8, 32)]
 33	  8	 22	   -0.256027	     5.19831	      17.464	 2	[(8, 33)]
 34	  8	 22	   -0.256027	     5.19831	      17.464	 2	[(8, 34)]
 35	  8	 22	   -0.256027	     5.19831	      17.464	 2	[(8, 35)]
 36	  0	 31	   -0.256027	     10.5419	     24.3315	 4	[(0, 36)]
 37	  0	 31	   -0.256027	     10.5419	     24.3315	 4	[(0, 37)]
 38	  0	 31	   -0.256027	     10.5419	     24.3315	 4	[(0, 38)]
 39	  0	 31	   -0.256027	     10.5419	     24.3315	 4	[(0, 39)]
 40	 36	  3	   -0.256027	     3.90502	    0.284878	 1	[(36, 40)]
 41	 36	  5	   -0.256027	   -0.245795	    0.263632	 0	[(36, 41)]
 42	 36	  7	   -0.256027	     5.13271	     5.60985	 0	[(36, 42)]
 43	 36	  8	   -0.256027	     4.78343	     5.96549	 0	[(36, 43)]
 44	 36	  9	   -0.256027	     4.64885	     6.36011	 0	[(36, 44)]
 45	 36	 10	   -0.256027	     4.59949	     7.10996	 0	[(36, 45)]
 46	 36	 11	   -0.256027	     4.45057	     8.38481	 0	[(36, 46)]
 47	 36	 12	   -0.256027	     4.15812	     9.51889	 0	[(36, 47)]
 48	 36	 13	   -0.256027	     3.97949	     10.5249	 0	[(36, 48)]
 49	 36	 14	   -0.256027	     3.66457	     11.5747	 0	[(36, 49)]
 50	 36	 15	   -0.256027	     3.39026	       12.56	 0	[(36, 50)]
 51	 36	 16	   -0.256027	     3.19594	     13.5208	 0	[(36, 51)]
 52	 36	 17	   -0.256027	     3.08761	     14.3487	 0	[(36, 52)]
 53	 36	 18	   -0.256027	     2.91258	     15.1772	 0	[(36, 53)]
 54	 36	 19	   -0.256027	     3.40934	     14.8996	 0	[(36, 54)]
 55	 36	 19	   -0.256027	     3.40934	     14.8996	 0	[(36, 55)]
 56	 36	 20	   -0.256027	     3.21765	     15.0752	 0	[(36, 56)]
 57	 36	 20	   -0.256027	     3.21765	     15.0752	 0	[(36, 57)]
 58	 36	 20	   -0.256027	     3.21765	     15.0752	 0	[(36, 58)]
 59	 36	 21	   -0.256027	     3.07186	     15.2116	 0	[(36, 59)]
 60	 36	 21	   -0.256027	     3.07186	     15.2116	 0	[(36, 60)]
 61	 36	 21	   -0.256027	     3.07186	     15.2116	 0	[(36, 61)]
 62	 36	 21	   -0.256027	     3.07186	     15.2116	 0	[(36, 62)]
 63	 36	 21	   -0.256027	     3.07186	     15.2116	 0	[(36, 63)]
 64	 36	 21	   -0.256027	     3.07186	     15.2116	 0	[(36, 64)]
 65	 36	 21	   -0.256027	     3.07186	     15.2116	 0	[(36, 65)]
 66	 36	 21	   -0.256027	     3.07186	     15.2116	 0	[(36, 66)]
 67	 36	 24	   -0.256027	     2.81391	      15.471	 0	[(36, 67)]
 68	 36	 24	   -0.256027	     2.81391	      15.471	 0	[(36, 68)]
 69	 36	 24	   -0.256027	     2.81391	      15.471	 0	[(36, 69)]
 70	 36	 24	   -0.256027	     2.81391	      15.471	 0	[(36, 70)]
 71	 68	  2	   -0.256027	     3.73452	    0.259678	 1	[(68, 71)]
 72	 68	  4	   -0.256027	     2.25488	    0.279827	 1	[(68, 72)]
 73	 68	  6	   -0.256027	     4.97991	     5.21333	 0	[(68, 73)]
 74	 68	  7	   -0.256027	     4.87683	     5.72276	 0	[(68, 74)]
 75	 68	  8	   -0.256027	     4.77911	     6.16719	 0	[(68, 75)]
 76	 68	  9	   -0.256027	     4.60975	     6.59146	 0	[(68, 76)]
 77	 68	 10	   -0.256027	     4.43368	     7.88543	 0	[(68, 77)]
 78	 68	 11	   -0.256027	     4.45339	     8.84392	 0	[(68, 78)]
 79	 68	 12	   -0.256027	     4.99516	     8.29165	 0	[(68, 79)]
 80	 68	 12	   -0.256027	     4.99516	     8.29165	 0	[(68, 80)]
 81	 68	 12	   -0.256027	     4.99516	     8.29165	 0	[(68, 81)]
 82	 79	  2	   -0.256027	     3.71224	    0.305603	 1	[(79, 82)]
 83	 79	  4	   -0.256027	     2.24815	    0.290453	 1	[(79, 83)]
 84	 79	  6	   -0.256027	     4.86137	     5.31854	 0	[(79, 84)]
 85	 79	  7	   -0.256027	     4.89795	      5.8385	 0	[(79, 85)]
 86	 79	  8	   -0.256027	     5.39807	     6.30724	 0	[(79, 86)]
 87	 79	  8	   -0.256027	     5.39807	     6.30724	 0	[(79, 87)]
 88	 79	  8	   -0.256027	     5.39807	     6.30724	 0	[(79, 88)]
 89	 79	  8	   -0.256027	     5.39807	     6.30724	 0	[(79, 89)]
 90	 79	  8	   -0.256027	     5.39807	     6.30724	 0	[(79, 90)]
 91	 79	  8	   -0.256027	     5.39807	     6.30724	 0	[(79, 91)]
 92	 79	  8	   -0.256027	     5.39807	     6.30724	 0	[(79, 92)]
 93	 79	  8	   -0.256027	     5.39807	     6.30724	 0	[(79, 93)]
 94	 79	  8	   -0.256027	     5.39807	     6.30724	 0	[(79, 94)]
 95	 79	  8	   -0.256027	     5.39807	     6.30724	 0	[(79, 95)]
 96	 79	  8	   -0.256027	     5.39807	     6.30724	 0	[(79, 96)]
 97	 79	  8	   -0.256027	     5.39807	     6.30724	 0	[(79, 97)]
 98	 79	  8	   -0.256027	     5.39807	     6.30724	 0	[(79, 98)]
 99	 79	 10	   -0.256027	      5.0437	      7.6613	 0	[(79, 99)]
100	 68	 24	   -0.256027	     5.77067	     15.4935	 0	[(68, 100)]
101	 68	 24	   -0.256027	     5.77067	     15.4935	 0	[(68, 101)]
102	 98	  3	   -0.256027	     3.88758	    0.301423	 1	[(98, 102)]
103	 98	  5	   -0.256027	     2.36603	    0.276428	 1	[(98, 103)]
104	 98	  7	   -0.256027	      3.7068	     5.22838	 0	[(98, 104)]
105	 98	  8	   -0.256027	     3.33009	     6.54856	 0	[(98, 105)]
106	 98	  9	   -0.256027	     3.21044	     7.44672	 0	[(98, 106)]
107	 98	 10	   -0.256027	     3.77839	     7.40053	 0	[(98, 107)]
108	 98	 10	   -0.256027	     3.77839	     7.40053	 0	[(98, 108)]
109	 98	 10	   -0.256027	     3.77839	     7.40053	 0	[(98, 109)]
110	107	  2	   -0.256027	      3.7144	    0.300808	 1	[(107, 110)]
111	107	  4	    -0.26432	    -0.26432	    0.289227	 0	[(107, 111)]
112	107	  6	    -0.26432	     4.43576	     5.19697	 0	[(107, 112)]
113	107	  7	    -0.26432	     4.38508	     5.68663	 0	[(107, 113)]
114	107	  8	    -0.26432	     4.32489	     6.18067	 0	[(107, 114)]
115	107	  9	    -0.26432	     4.38528	     7.20222	 0	[(107, 115)]
116	107	 10	    -0.26432	     4.27792	     8.41128	 0	[(107, 116)]
117	107	 11	    -0.26432	     4.79799	     7.36886	 0	[(107, 117)]
118	107	 11	    -0.26432	     4.79799	     7.36886	 0	[(107, 118)]
119	107	 11	    -0.26432	     4.79799	     7.36886	 0	[(107, 119)]
120	107	 12	    -0.26432	     4.66927	     7.54515	 0	[(107, 120)]
121	107	 12	    -0.26432	     4.66927	     7.54515	 0	[(107, 121)]
122	107	 12	    -0.26432	     4.66927	     7.54515	 0	[(107, 122)]
123	 90	 34	    -0.26432	     3.84803	      31.167	 0	[(90, 123)]
124	 90	 35	    -0.26432	     3.59465	     32.0152	 0	[(90, 124)]
125	 90	 35	    -0.26432	     3.59465	     32.0152	 0	[(90, 125)]
126	 90	 35	    -0.26432	     3.59465	     32.0152	 0	[(90, 126)]
127	 90	 36	    -0.26432	     2.66694	     32.9394	 0	[(90, 127)]
128	 90	 38	    -0.26432	     3.71396	     33.1669	 0	[(90, 128)]
129	 90	 38	    -0.26432	     3.71396	     33.1669	 0	[(90, 129)]
130	 90	 38	    -0.26432	     3.71396	     33.1669	 0	[(90, 130)]
131	 90	 38	    -0.26432	     3.71396	     33.1669	 0	[(90, 131)]
132	 90	 38	    -0.26432	     3.71396	     33.1669	 0	[(90, 132)]
133	130	  2	    -0.26432	     3.73912	    0.251074	 1	[(130, 133)]
134	130	  4	    -0.26432	   -0.258097	    0.274969	 0	[(130, 134)]
135	 90	 44	    -0.26432	      3.5302	     33.3716	 0	[(90, 135)]
136	130	  7	    -0.26432	     4.80328	     5.59761	 0	[(130, 136)]
137	130	  8	    -0.26432	     4.72921	     6.05862	 0	[(130, 137)]
138	130	  9	    -0.26432	     4.53705	     6.48804	 0	[(130, 138)]
139	130	 10	    -0.26432	     4.62978	      7.5929	 0	[(130, 139)]
140	130	 11	    -0.26432	     4.17605	     8.98647	 0	[(130, 140)]
141	130	 12	    -0.26432	     3.83907	     10.0476	 0	[(130, 141)]
142	130	 13	    -0.26432	     3.37095	     11.1427	 0	[(130, 142)]
143	130	 14	    -0.26432	     4.03528	     11.1882	 0	[(130, 143)]
144	130	 14	    -0.26432	     4.03528	     11.1882	 0	[(130, 144)]
145	130	 15	    -0.26432	     3.84598	     11.4149	 0	[(130, 145)]
146	130	 15	    -0.26432	     3.84598	     11.4149	 0	[(130, 146)]
147	130	 15	    -0.26432	     3.84598	     11.4149	 0	[(130, 147)]
148	130	 15	    -0.26432	     3.84598	     11.4149	 0	[(130, 148)]
149	130	 16	    -0.26432	     3.67876	     11.5708	 0	[(130, 149)]
150	130	 16	    -0.26432	     3.67876	     11.5708	 0	[(130, 150)]
151	130	 16	    -0.26432	     3.67876	     11.5708	 0	[(130, 151)]
152	130	 16	    -0.26432	     3.67876	     11.5708	 0	[(130, 152)]
153	130	 16	    -0.26432	     3.67876	     11.5708	 0	[(130, 153)]
154	130	 16	    -0.26432	     3.67876	     11.5708	 0	[(130, 154)]
155	130	 18	    -0.26432	      3.5725	     11.6856	 0	[(130, 155)]
156	130	 18	    -0.26432	      3.5725	     11.6856	 0	[(130, 156)]
157	130	 18	    -0.26432	      3.5725	     11.6856	 0	[(130, 157)]
158	130	 18	    -0.26432	      3.5725	     11.6856	 0	[(130, 158)]
159	130	 20	    -0.26432	     3.44328	     11.8223	 0	[(130, 159)]
160	130	 22	    -0.26432	     3.45255	     11.8333	 0	[(130, 160)]
161	130	 24	    -0.26432	     3.54071	     11.7294	 0	[(130, 161)]
162	130	 24	    -0.26432	     3.54071	     11.7294	 0	[(130, 162)]
163	130	 25	    -0.26432	      3.4134	     11.8494	 0	[(130, 163)]
164	130	 25	    -0.26432	      3.4134	     11.8494	 0	[(130, 164)]
165	130	 27	    -0.26432	     3.76904	     11.3307	 0	[(130, 165)]
166	130	 27	    -0.26432	     3.76904	     11.3307	 0	[(130, 166)]
167	130	 29	    -0.26432	     3.77927	     11.3364	 0	[(130, 167)]
168	130	 29	    -0.26432	     3.77927	     11.3364	 0	[(130, 168)]
169	130	 30	    -0.26432	     3.65053	     11.4608	 0	[(130, 169)]
170	130	 30	    -0.26432	     3.65053	     11.4608	 0	[(130, 170)]
171	130	 30	    -0.26432	     3.65053	     11.4608	 0	[(130, 171)]
172	130	 31	    -0.26432	     3.51946	     11.5897	 0	[(130, 172)]
173	143	 17	    -0.26432	     7.04121	    0.956896	 1	[(143, 173)]
174	143	 20	    -0.26432	     8.21059	     3.64495	 1	[(143, 174)]
175	143	 21	    -0.26432	     8.89907	     4.13724	 1	[(143, 175)]
176	143	 22	    -0.26432	     9.23931	     4.30722	 1	[(143, 176)]
177	143	 22	    -0.26432	     9.23931	     4.30722	 1	[(143, 177)]
178	143	 22	    -0.26432	     9.23931	     4.30722	 1	[(143, 178)]
179	143	 22	    -0.26432	     9.23931	     4.30722	 1	[(143, 179)]
180	143	 22	    -0.26432	     9.23931	     4.30722	 1	[(143, 180)]
181	143	 22	    -0.26432	     9.23931	     4.30722	 1	[(143, 181)]
182	143	 22	    -0.26432	     9.23931	     4.30722	 1	[(143, 182)]
183	143	 22	    -0.26432	     9.23931	     4.30722	 1	[(143, 183)]
184	143	 24	    -0.26432	     8.98712	     4.55807	 1	[(143, 184)]
185	143	 27	    -0.26432	     8.99393	     4.58221	 1	[(143, 185)]
186	143	 29	    -0.26432	     9.08231	     4.47704	 1	[(143, 186)]
187	143	 30	    -0.26432	     9.06783	     4.48399	 1	[(143, 187)]
188	143	 30	    -0.26432	     9.06783	     4.48399	 1	[(143, 188)]
189	140	 34	    -0.26432	     6.66791	      1.2568	 1	[(140, 189)]
190	143	 30	    -0.26432	     9.06783	     4.48399	 1	[(143, 190)]
191	 90	 90	    -0.26432	     14.6529	      57.975	 3	[(90, 191)]
192	 90	 90	    -0.26432	     14.6529	      57.975	 3	[(90, 192)]
193	 90	 92	    -0.26432	     14.5738	     57.9905	 3	[(90, 193)]
194	 90	 92	    -0.26432	     14.5738	     57.9905	 3	[(90, 194)]
195	 90	 93	    -0.26432	     14.4414	     58.1246	 3	[(90, 195)]
196	 90	 93	    -0.26432	     14.4414	     58.1246	 3	[(90, 196)]
197	 90	 93	    -0.26432	     14.4414	     58.1246	 3	[(90, 197)]
198	 90	 93	    -0.26432	     14.4414	     58.1246	 3	[(90, 198)]
199	 90	 93	    -0.26432	     14.4414	     58.1246	 3	[(90, 199)]
200	 90	 93	    -0.26432	     14.4414	     58.1246	 3	[(90, 200)]
201	 90	 93	    -0.26432	     14.4414	     58.1246	 3	[(90, 201)]
202	 90	 93	    -0.26432	     14.4414	     58.1246	 3	[(90, 202)]
203	 90	 93	    -0.26432	     14.4414	     58.1246	 3	[(90, 203)]
204	200	  2	    -0.26432	     3.68238	     0.38199	 1	[(200, 204)]
205	200	  5	    -0.26432	     2.34828	    0.270713	 1	[(200, 205)]
206	200	  7	    -0.26432	     4.34708	     5.39599	 0	[(200, 206)]
207	200	  8	    -0.26432	     4.23253	     5.86051	 0	[(200, 207)]
208	200	  9	    -0.26432	     4.18035	     6.80064	 0	[(200, 208)]
209	200	 10	    -0.26432	     4.21405	     7.86711	 0	[(200, 209)]
210	200	 11	    -0.26432	     4.21043	     8.83529	 0	[(200, 210)]
211	200	 12	    -0.26432	     3.44542	     10.2179	 0	[(200, 211)]
212	200	 13	    -0.26432	     3.24918	     11.2149	 0	[(200, 212)]
213	200	 14	    -0.26432	     2.77604	     12.2848	 0	[(200, 213)]
214	200	 15	    -0.26432	     2.52232	     13.1847	 0	[(200, 214)]
215	200	 16	    -0.26432	     2.51432	     14.0193	 0	[(200, 215)]
216	200	 17	    -0.26432	     2.67441	     14.6501	 0	[(200, 216)]
217	200	 18	    -0.26432	     3.06828	     13.9393	 0	[(200, 217)]
218	200	 18	    -0.26432	     3.06828	     13.9393	 0	[(200, 218)]
219	200	 19	    -0.26432	     2.45573	     16.2139	 0	[(200, 219)]
220	200	 20	    -0.26432	     2.68098	     16.2765	 0	[(200, 220)]
221	200	 20	    -0.26432	     2.68098	     16.2765	 0	[(200, 221)]
222	200	 20	    -0.26432	     2.68098	     16.2765	 0	[(200, 222)]
223	200	 21	    -0.26432	     2.45524	      16.502	 0	[(200, 223)]
224	200	 21	    -0.26432	     2.45524	      16.502	 0	[(200, 224)]
225	200	 21	    -0.26432	     2.45524	      16.502	 0	[(200, 225)]
226	200	 21	    -0.26432	     2.45524	      16.502	 0	[(200, 226)]
227	200	 21	    -0.26432	     2.45524	      16.502	 0	[(200, 227)]
228	200	 22	    -0.26432	     9.69772	     16.6312	 1	[(200, 228)]
229	197	 26	    -0.26432	     8.40886	     21.2756	 1	[(197, 229)]
230	197	 27	    -0.26432	     8.94774	      21.738	 1	[(197, 230)]
231	197	 27	    -0.26432	     8.94774	      21.738	 1	[(197, 231)]
232	197	 28	    -0.26432	     8.80318	     21.8751	 1	[(197, 232)]
233	197	 28	    -0.26432	     8.80318	     21.8751	 1	[(197, 233)]
234	197	 28	    -0.26432	     8.80318	     21.8751	 1	[(197, 234)]
235	220	  7	    -0.26432	     9.15417	    0.802392	 2	[(220, 235)]
236	220	  9	    -0.26432	     10.9456	     3.93954	 2	[(220, 236)]
237	220	 10	    -0.26432	     11.0924	     5.99039	 2	[(220, 237)]
238	220	 12	    -0.26432	       9.249	     8.39213	 2	[(220, 238)]
239	220	 13	    -0.26432	      8.0874	     9.96125	 2	[(220, 239)]
240	220	 15	    -0.26432	     4.52967	     11.9972	 2	[(220, 240)]
241	220	 17	    -0.26432	     3.55783	     13.9936	 1	[(220, 241)]
242	220	 18	    -0.26432	     4.11197	     14.4596	 1	[(220, 242)]
243	220	 18	    -0.26432	     4.11197	     14.4596	 1	[(220, 243)]
244	233	  3	    -0.26432	     3.95068	    0.342172	 1	[(233, 244)]
245	220	 20	    -0.26432	     2.78885	     16.4196	 2	[(220, 245)]
246	220	 21	    -0.26432	     1.18871	     17.4326	 2	[(220, 246)]
247	220	 22	    -0.26432	    0.137237	     18.3928	 2	[(220, 247)]
248	220	 23	    -1.58316	    -1.58316	     19.4399	 2	[(220, 248)]
249	220	 25	    -2.39735	    -2.39735	     21.0426	 2	[(220, 249)]
250	220	 26	    -4.14783	    -4.14783	     22.6044	 2	[(220, 250)]
251	220	 27	    -6.57252	    -6.57252	     23.6941	 2	[(220, 251)]
252	220	 29	    -6.57252	    -5.95471	     25.7242	 2	[(220, 252)]
253	220	 31	    -6.57252	    -4.66877	     26.7539	 2	[(220, 253)]
254	220	 31	    -6.57252	    -4.66877	     26.7539	 2	[(220, 254)]
255	220	 31	    -6.57252	    -4.66877	     26.7539	 2	[(220, 255)]
256	220	 32	    -6.57252	    -5.56732	     27.4709	 2	[(220, 256)]
257	220	 33	    -6.57252	    -5.29403	     27.4191	 2	[(220, 257)]
258	197	 59	    -6.57252	    -1.81223	     51.0759	 3	[(197, 258)]
259	197	 60	    -6.57252	    -3.76469	     52.2331	 3	[(197, 259)]
260	197	 61	    -6.57252	    -6.11142	     53.2579	 3	[(197, 260)]
261	197	 62	    -7.60974	    -7.60974	     54.2213	 3	[(197, 261)]
262	188	 69	    -10.6357	    -10.6357	     60.1246	 4	[(188, 262)]
263	188	 70	    -14.4079	    -14.4079	     61.8295	 4	[(188, 263)]
264	188	 73	    -20.6843	    -20.6843	     63.7825	 3	[(188, 264)]
265	188	 74	    -26.5769	    -26.5769	     67.3995	 3	[(188, 265)]
266	188	 76	    -29.0101	    -29.0101	      69.736	 3	[(188, 266)]
267	188	 77	    -31.0355	    -31.0355	     71.6937	 3	[(188, 267)]
268	188	 78	    -31.0355	    -30.8085	     72.3518	 3	[(188, 268)]
269	188	 79	    -31.0355	    -30.7314	     72.9555	 3	[(188, 269)]
270	188	 80	    -31.0355	     -30.299	     72.6922	 3	[(188, 270)]
271	188	 81	    -31.0355	    -30.2138	     72.5283	 3	[(188, 271)]
272	188	 81	    -31.0355	    -30.2138	     72.5283	 3	[(188, 272)]
273	188	 82	    -31.0355	    -27.9262	     72.7133	 4	[(188, 273)]
274	188	 83	    -31.0355	    -27.2205	     76.2495	 4	[(188, 274)]
275	188	 85	    -31.0355	    -27.9994	     78.6222	 3	[(188, 275)]
276	188	 86	    -31.0355	    -28.1361	     79.7273	 3	[(188, 276)]
277	188	 87	    -31.0355	    -28.5084	     80.7357	 3	[(188, 277)]
278	188	 88	    -31.0355	    -30.7854	     82.1479	 3	[(188, 278)]
279	188	 89	     -31.312	     -31.312	     83.1624	 3	[(188, 279)]
280	188	 89	     -31.312	     -31.312	     83.1624	 3	[(188, 280)]
281	188	 90	    -32.2729	    -32.2729	     83.8488	 3	[(188, 281)]
282	188	 91	    -32.3307	    -32.3307	     84.3093	 3	[(188, 282)]
283	188	 92	    -32.3307	    -32.0577	     84.1125	 3	[(188, 283)]
284	188	 92	    -32.3307	    -32.0577	     84.1125	 3	[(188, 284)]
