nresidues = 128
53 56 0.4375
54 57 0.125
55 58 0.125
62 97 0.0625
62 98 1.375
62 99 0.0625
63 96 0.0625
63 97 1.3125
63 98 0.3125
64 96 1.25
64 97 0.0625
64 109 0.0625
64 116 0.0625
65 95 1.25
65 96 0.3125
65 98 0.125
65 100 0.0625
65 101 0.0625
66 87 0.0625
66 90 0.1875
66 94 0.0625
66 95 0.0625
66 109 0.0625
67 87 0.1875
67 88 1.1875
67 90 0.0625
68 87 1.25
68 88 0.4375
69 86 0.125
71 75 0.234375
72 75 1.13281
72 76 0.078125
73 76 0.78125
73 77 0.15625
74 77 0.820312
74 78 0.15625
75 78 0.78125
75 79 0.078125
76 79 0.0390625
79 83 0.125
79 85 0.1875
80 83 0.3125
91 94 0.4375
93 108 1.3125
93 109 0.1875
94 107 1.3125
94 108 0.125
94 109 0.0625
95 106 1.1875
95 107 0.1875
95 109 0.0625
95 118 0.0625
96 103 0.125
96 105 1.3125
97 103 1.1875
97 104 1.25
97 105 0.25
98 102 1.3125
98 103 0.0625
99 102 0.375
103 124 0.0625
104 123 1.25
104 124 0.1875
105 122 1.25
105 123 0.0625
106 120 1.3125
106 121 1.375
106 122 0.75
107 118 0.1875
107 119 1.3125
107 120 0.0625
107 121 0.0625
108 117 0.0625
108 118 1.375
108 119 0.3125
109 116 0.0625
109 117 1.25
110 115 0.0625
110 116 1.3125
110 117 0.4375
111 114 0.25
111 115 1.25
112 115 0.75
120 123 0.125
