nresidues = 370
24 27 0.1875
29 134 0.1875
30 134 0.3125
30 137 0.0625
30 166 0.1875
31 134 0.125
31 166 0.25
32 35 0.859375
32 36 0.078125
32 166 0.3125
32 228 1.1875
32 229 0.125
33 36 0.78125
33 37 0.15625
33 165 0.25
33 166 0.4375
33 227 0.125
33 228 1.625
34 37 0.78125
34 38 0.078125
34 228 0.125
35 38 0.78125
35 39 0.273438
36 39 0.820312
36 40 0.078125
36 137 0.125
36 138 0.0625
36 141 0.25
36 166 0.0625
37 40 0.742188
37 41 0.0390625
37 141 0.25
37 165 0.0625
37 166 0.0625
37 169 0.125
37 228 0.3125
38 41 0.0390625
40 138 0.125
40 141 0.4375
40 142 0.0625
41 141 0.0625
41 145 0.0625
42 46 0.078125
42 47 0.0390625
42 170 0.0625
43 46 0.898438
43 47 0.078125
43 149 0.3125
44 47 0.78125
44 48 0.078125
45 48 0.78125
45 49 0.15625
45 148 0.0625
45 149 0.1875
46 49 0.78125
46 50 0.078125
46 145 0.25
46 148 0.6875
46 149 0.125
46 170 0.0625
47 50 0.78125
47 51 0.15625
48 51 0.820312
48 52 0.078125
48 55 0.1875
49 52 0.78125
49 53 0.0390625
49 148 0.1875
49 150 0.0625
49 151 0.375
49 152 0.1875
49 153 0.25
49 172 0.0625
50 53 0.742188
50 54 0.15625
50 169 0.0625
50 170 0.125
50 172 0.25
51 54 0.78125
51 55 0.195312
52 55 0.898438
52 56 0.351562
52 151 0.125
52 153 0.0625
53 56 0.742188
53 57 0.078125
53 153 0.125
53 172 0.375
54 57 0.78125
54 58 0.195312
54 168 0.125
54 169 0.1875
54 171 0.1875
54 172 0.125
54 194 0.25
54 195 0.1875
55 58 0.78125
55 59 0.195312
56 59 0.78125
56 60 0.117188
56 67 0.375
56 102 0.25
57 60 0.78125
57 61 0.15625
57 69 0.125
58 61 0.742188
58 62 0.195312
58 196 0.0625
58 242 0.375
59 62 0.820312
59 63 0.78125
59 64 1.05469
59 65 0.078125
60 63 0.0390625
60 65 0.117188
60 67 0.25
60 68 0.1875
60 69 0.0625
60 102 0.0625
60 310 0.25
61 242 0.0625
61 244 0.0625
61 273 1.4375
61 274 0.0625
61 310 0.0625
62 273 0.0625
66 360 0.0625
66 363 0.125
66 364 0.5
67 98 0.3125
67 99 0.3125
67 100 1.5625
67 101 0.125
67 102 0.3125
67 364 0.0625
68 101 1.25
68 102 0.125
68 310 1.3125
68 311 0.0625
68 360 0.125
68 363 0.0625
69 102 1.25
69 104 0.0625
69 276 0.0625
69 310 0.125
69 311 1.1875
69 312 0.0625
70 102 0.125
70 103 1.1875
70 104 0.25
70 312 1.3125
70 353 0.0625
70 356 0.0625
71 104 1.25
71 106 0.125
71 173 0.1875
71 276 0.125
71 312 0.125
71 313 1.3125
71 314 0.0625
72 86 0.1875
72 90 0.1875
72 103 0.0625
72 104 0.0625
72 105 1.3125
72 106 0.3125
72 314 1.3125
72 316 0.0625
72 349 0.0625
73 86 0.1875
73 106 1.4375
73 314 0.0625
73 315 1.25
73 316 1.5
74 77 0.125
74 106 0.4375
74 316 0.25
74 317 0.25
74 343 0.0625
75 106 0.1875
75 108 0.125
75 111 0.375
75 315 0.3125
75 340 0.375
75 341 0.3125
76 108 1.1875
76 111 0.125
76 118 0.125
76 340 0.25
77 83 0.0625
77 107 0.1875
77 118 0.0625
77 121 0.0625
77 143 0.0625
78 118 0.0625
78 327 0.0625
78 333 0.125
78 337 0.0625
78 339 0.25
79 82 0.9375
79 83 0.078125
80 83 0.78125
80 84 0.078125
80 139 0.125
80 143 0.125
81 84 0.78125
81 85 0.0390625
81 335 0.125
82 85 0.78125
82 86 0.078125
82 318 0.0625
82 335 0.375
83 86 0.820312
83 87 0.078125
83 105 0.0625
83 143 0.0625
83 147 0.0625
84 87 0.78125
84 88 0.15625
84 146 0.4375
84 147 0.0625
84 150 0.0625
85 88 0.742188
85 89 0.234375
85 318 0.0625
85 335 0.3125
86 89 0.78125
86 90 0.117188
86 105 0.125
86 316 0.5625
86 317 0.375
86 346 0.1875
87 90 0.78125
87 91 0.078125
87 105 0.0625
87 147 0.0625
87 150 0.1875
87 152 0.1875
88 91 0.78125
88 92 0.078125
88 150 0.0625
89 92 0.78125
89 93 0.078125
89 318 0.125
89 346 0.875
90 93 0.820312
90 94 0.078125
90 103 0.1875
90 105 0.125
90 346 0.0625
91 94 0.78125
91 95 0.351562
91 150 0.1875
91 151 0.25
92 95 0.742188
92 96 0.0390625
93 96 0.820312
93 97 0.195312
93 353 0.0625
93 354 0.125
94 97 0.742188
94 98 0.078125
94 103 0.1875
95 98 0.117188
96 354 0.625
97 100 1.25
97 101 0.25
97 353 0.125
98 101 0.1875
99 364 0.25
100 357 0.375
100 360 0.1875
100 361 0.5625
100 364 0.1875
101 353 0.0625
101 356 0.125
103 153 0.0625
104 153 1.4375
104 154 0.25
105 152 0.125
105 153 0.125
105 154 1.25
105 155 0.125
106 111 0.0625
106 155 1.1875
106 313 0.125
106 314 0.0625
106 315 0.1875
107 144 0.1875
107 147 0.0625
107 155 0.25
107 156 0.125
108 111 0.0625
108 155 0.125
108 156 0.75
108 157 0.125
108 173 0.0625
108 175 0.0625
108 313 0.125
109 119 0.0625
109 120 1.1875
109 121 1.125
109 122 0.125
109 140 0.125
109 144 0.375
109 156 0.0625
109 167 0.0625
110 119 1.25
110 122 0.0625
110 157 0.0625
110 158 0.0625
110 159 0.375
110 160 0.25
110 163 0.25
111 119 0.3125
111 159 0.1875
112 157 0.25
112 159 0.125
113 116 0.1875
113 117 0.25
113 118 0.3125
118 121 0.0625
118 124 0.4375
118 127 0.25
118 325 0.0625
118 339 0.3125
118 340 0.0625
119 123 0.25
120 123 1.125
120 124 0.1875
121 124 1.125
121 125 0.25
121 136 0.0625
121 139 0.0625
121 140 0.0625
122 125 0.0625
122 133 0.25
122 136 0.3125
122 137 0.0625
122 140 0.0625
123 131 0.375
123 133 0.1875
124 127 0.4375
124 128 0.3125
124 129 0.3125
124 130 0.3125
124 131 0.125
125 132 0.125
125 135 0.0625
125 136 0.1875
125 327 0.0625
126 130 0.0625
126 135 0.3125
126 327 0.1875
127 325 0.1875
127 327 0.0625
127 339 0.0625
132 135 0.976562
132 136 0.0390625
133 136 0.742188
133 137 0.15625
134 137 0.78125
134 138 0.15625
135 138 0.859375
135 139 0.15625
136 139 0.820312
136 140 0.078125
137 140 0.78125
137 141 0.078125
137 166 0.1875
138 141 0.742188
138 142 0.078125
139 142 0.820312
139 143 0.078125
140 143 0.78125
140 144 0.15625
140 167 0.125
141 144 0.78125
141 145 0.117188
141 166 0.25
141 167 0.125
141 169 0.5
141 170 0.125
142 145 0.820312
142 146 0.351562
143 146 0.78125
143 147 0.234375
144 147 0.664062
144 148 0.195312
144 154 0.4375
144 170 0.125
144 171 0.0625
145 148 0.820312
145 149 0.078125
145 170 0.0625
146 149 0.703125
146 150 0.0390625
147 150 0.742188
147 151 0.664062
147 152 0.78125
147 154 0.125
148 151 0.0390625
148 152 0.078125
148 154 0.125
148 170 0.125
153 172 0.0625
154 170 0.125
154 171 1.125
154 172 1.25
155 173 1.1875
156 173 0.0625
156 174 1.1875
157 175 1.3125
157 176 0.125
157 177 0.125
157 180 0.0625
158 174 0.0625
158 175 0.125
158 176 0.125
158 186 0.0625
158 189 0.0625
158 193 0.0625
159 180 0.0625
159 186 0.25
160 163 0.15625
160 164 0.078125
161 164 0.117188
162 165 0.117188
162 166 0.0390625
162 226 0.125
163 166 0.859375
163 167 0.078125
164 167 0.78125
164 168 0.078125
165 226 0.25
165 227 0.0625
165 228 0.1875
167 170 1.1875
167 171 0.0625
168 171 0.1875
168 195 0.0625
171 195 0.375
172 195 0.125
172 196 0.0625
173 195 0.25
173 196 1.25
173 197 0.0625
173 244 0.0625
173 313 0.125
174 195 0.0625
174 196 0.125
174 197 1.3125
174 198 0.0625
175 198 1.25
176 180 0.3125
176 181 0.1875
176 186 0.0625
176 197 0.0625
176 198 0.125
176 199 1.625
176 200 0.1875
177 180 1.375
177 181 0.25
177 200 0.1875
178 200 0.0625
178 201 0.125
178 203 0.0625
178 248 0.125
179 203 0.0625
180 183 0.1875
180 186 0.390625
181 187 0.234375
181 199 0.375
181 200 0.3125
181 209 0.1875
181 210 0.0625
181 213 0.125
182 187 0.273438
182 209 0.25
183 186 0.9375
183 187 0.117188
184 187 0.78125
184 188 0.234375
185 188 0.898438
185 189 0.078125
186 189 0.78125
186 190 0.078125
187 190 0.78125
187 191 0.117188
187 209 0.0625
187 212 0.1875
187 213 0.3125
187 216 0.0625
187 217 0.125
188 191 0.859375
188 221 0.125
188 223 0.5
189 192 0.742188
189 193 0.0390625
190 193 0.078125
190 199 0.0625
190 217 0.0625
190 240 0.1875
191 217 0.125
191 219 0.125
191 221 0.25
191 237 1.6875
191 238 1.0625
191 239 1.3125
191 240 0.0625
192 237 0.125
193 240 0.0625
195 240 0.0625
196 242 1.3125
197 240 0.0625
197 242 0.0625
197 243 1.3125
197 244 0.25
198 244 1.3125
198 246 0.1875
199 210 0.0625
199 213 0.375
199 214 0.0625
199 217 0.125
199 243 0.125
199 244 0.125
199 245 1.25
199 246 0.1875
200 210 0.0625
200 246 1.375
200 248 0.125
200 278 0.1875
200 281 0.0625
200 313 0.125
201 205 0.125
201 206 1.3125
201 207 0.0625
201 209 0.0625
201 246 0.0625
201 247 0.25
201 248 0.4375
201 249 0.1875
201 255 0.1875
202 205 0.0625
202 209 0.0625
202 249 0.0625
203 248 0.0625
203 250 1.1875
203 251 0.0625
204 250 1.3125
204 251 1.375
204 252 0.1875
205 249 0.1875
205 250 0.0625
205 255 0.0625
207 210 0.78125
207 211 0.078125
207 264 0.125
207 267 0.5625
208 211 0.78125
208 212 0.234375
208 267 0.25
209 212 0.820312
209 213 0.078125
210 213 0.78125
210 214 0.117188
210 245 0.3125
211 214 0.78125
211 215 0.0390625
211 267 0.0625
211 269 0.0625
212 215 0.78125
212 216 0.078125
213 216 0.78125
213 217 0.078125
214 217 0.742188
214 218 0.078125
214 243 0.1875
214 244 0.1875
215 218 0.742188
215 219 0.195312
216 219 0.15625
216 221 0.25
217 239 1.25
217 240 1.3125
217 243 0.0625
218 239 0.25
218 240 0.125
219 238 1.125
219 239 0.125
220 236 0.0625
220 237 1.5
221 235 0.0625
221 236 1.1875
221 237 0.3125
222 235 1.25
222 236 0.3125
223 233 0.0625
223 234 1.25
223 235 0.4375
223 237 0.125
224 233 1.1875
224 235 0.0625
225 231 0.0625
225 232 1.25
225 233 0.3125
226 230 0.125
226 231 1.1875
227 230 0.125
227 231 0.3125
227 233 0.0625
240 243 0.1875
241 273 0.1875
242 273 0.1875
243 273 0.25
244 274 0.1875
244 276 0.3125
245 275 1.1875
245 276 0.1875
246 276 1.4375
246 278 0.0625
247 255 0.5
247 276 0.125
247 277 1.25
247 278 0.1875
247 283 0.1875
248 255 0.25
248 278 0.1875
248 281 1.125
248 282 1.25
248 283 0.4375
249 253 1.1875
249 255 0.125
249 282 0.1875
249 283 0.125
250 253 0.25
254 257 0.0625
254 260 0.0625
254 282 0.0625
254 283 0.5
254 285 0.1875
255 260 0.4375
255 283 0.3125
256 277 0.0625
256 283 0.25
256 294 0.4375
256 297 0.3125
256 301 0.1875
257 260 1.05469
257 261 0.117188
257 301 0.375
258 261 0.820312
258 262 0.078125
258 301 0.1875
259 262 0.78125
259 263 0.078125
260 263 0.78125
260 264 0.078125
261 264 0.78125
261 265 0.195312
261 277 0.0625
261 301 0.1875
262 265 0.78125
262 266 0.078125
263 266 0.78125
263 267 0.117188
264 267 0.78125
264 268 0.0390625
264 275 0.0625
265 268 0.117188
265 306 0.3125
265 308 0.1875
268 272 0.3125
268 273 0.0625
268 275 0.0625
269 272 0.4375
274 308 1.1875
274 310 0.3125
275 308 0.25
275 309 1.1875
275 310 1.25
275 311 0.0625
276 311 1.6875
276 312 0.1875
277 298 0.125
277 309 0.125
277 312 1.3125
277 313 0.0625
278 281 0.375
278 283 0.1875
278 313 1.5
279 283 1.1875
279 284 0.25
279 291 0.25
279 294 0.3125
279 295 0.75
279 298 0.1875
279 312 0.375
279 313 0.25
279 314 0.1875
280 283 1.25
280 284 0.125
280 291 0.25
280 315 0.5
281 284 1.1875
281 315 0.5625
281 341 0.125
282 285 0.0625
283 294 0.0625
284 287 0.375
284 290 0.5
284 291 0.125
285 290 0.0625
287 290 0.195312
288 291 0.117188
288 292 0.0390625
288 320 0.5
288 321 0.0625
288 342 0.1875
288 343 0.3125
288 344 0.0625
289 292 0.078125
289 293 0.078125
290 293 0.898438
290 294 0.117188
291 294 0.78125
291 295 0.078125
291 314 0.375
291 315 0.375
291 343 0.0625
291 344 0.0625
292 295 0.859375
292 296 0.195312
292 348 0.0625
292 352 0.0625
293 296 0.742188
293 297 0.0390625
294 297 0.78125
294 298 0.15625
295 298 0.820312
295 299 0.234375
295 352 0.5
295 355 0.0625
295 356 0.0625
296 299 0.78125
296 300 0.078125
297 300 0.742188
297 301 0.234375
298 301 0.78125
298 302 0.195312
299 302 0.820312
299 303 0.078125
299 355 0.1875
299 356 0.0625
299 359 0.25
300 303 0.703125
300 304 0.351562
301 304 0.742188
301 305 0.664062
301 306 0.15625
301 309 0.0625
302 305 0.703125
302 356 0.0625
302 359 1.1875
302 363 0.375
303 359 0.0625
303 362 0.3125
303 366 0.0625
304 366 0.0625
305 366 0.0625
306 309 0.125
306 363 0.3125
307 310 0.0625
307 363 0.25
307 367 0.5
309 363 0.125
312 356 0.0625
314 344 0.0625
314 352 0.0625
314 353 0.0625
315 341 0.1875
315 343 1.5
315 344 0.0625
316 343 0.1875
316 344 1.25
316 349 0.3125
317 336 1.3125
317 337 0.0625
317 338 0.0625
317 343 0.0625
317 344 0.125
317 345 1.1875
317 346 0.125
318 335 0.0625
318 336 1.1875
318 345 1.25
318 346 0.125
319 335 0.0625
319 336 0.3125
319 337 0.0625
319 344 0.0625
319 345 0.125
320 342 0.0625
320 343 1.3125
320 344 0.125
320 345 0.0625
321 338 0.0625
321 342 1.5
321 343 0.0625
322 337 0.25
322 338 1.25
322 340 0.1875
322 341 0.125
322 342 0.0625
323 333 0.5
323 334 0.4375
323 337 0.25
323 338 0.1875
323 339 0.25
324 333 0.0625
326 333 0.0625
327 333 0.4375
333 339 0.125
338 341 0.1875
344 348 0.0390625
344 349 0.117188
345 348 0.78125
345 349 0.15625
346 349 0.898438
346 350 0.117188
347 350 0.742188
347 351 0.0390625
348 351 0.78125
348 352 0.117188
349 352 0.78125
349 353 0.195312
350 353 0.742188
350 354 0.390625
351 354 0.78125
351 355 0.351562
352 355 0.78125
352 356 0.078125
353 356 0.78125
353 357 0.078125
354 357 0.78125
354 358 0.078125
355 358 0.78125
355 359 0.078125
356 359 0.78125
356 360 0.078125
357 360 0.78125
357 361 0.351562
358 361 0.9375
358 362 0.078125
359 362 0.78125
359 363 0.078125
360 363 0.78125
360 364 0.078125
361 364 0.78125
361 365 0.0390625
362 365 0.78125
362 366 0.078125
363 366 0.78125
363 367 0.195312
364 367 0.78125
364 368 0.117188
365 368 0.078125
