nresidues = 689
29 210 2.99728
29 211 0.315504
30 528 0.157752
30 531 0.157752
32 179 0.157752
33 172 0.157752
33 176 0.473255
33 179 0.157752
33 532 0.157752
34 38 0.295786
34 175 0.631007
34 178 0.315504
34 179 0.157752
35 38 0.19719
35 175 0.315504
35 539 0.473255
35 563 0.788759
36 39 0.19719
36 171 0.157752
36 175 0.473255
36 536 0.946511
37 40 0.0985949
37 579 0.473255
38 41 1.9719
38 42 0.39438
38 175 0.157752
38 178 0.473255
38 638 0.631007
39 42 1.9719
39 43 0.492973
39 165 0.788759
39 167 0.157752
39 170 0.631007
39 171 0.315504
40 44 0.19719
40 560 0.157752
40 561 1.57752
41 44 1.9719
41 45 0.19719
41 561 0.157752
41 638 0.315504
41 641 0.315504
42 45 1.9719
42 46 0.591569
42 174 0.157752
42 178 0.631007
42 637 0.157752
43 46 1.9719
43 47 0.492973
43 165 0.157752
44 47 1.9719
44 48 0.492973
44 559 0.315504
44 641 0.788759
44 645 0.315504
45 48 1.8733
45 49 1.9719
45 181 0.157752
45 637 0.788759
45 641 0.631007
46 49 1.9719
46 50 1.8733
46 51 0.19719
46 52 0.295786
47 52 0.19719
48 641 0.631007
48 644 0.631007
48 645 0.157752
50 53 0.157752
50 56 0.157752
51 56 0.315504
51 57 0.315504
51 177 0.157752
52 165 0.157752
52 170 0.157752
53 56 2.07049
53 57 0.295786
53 161 1.10426
54 57 1.8733
54 58 1.08454
54 67 0.315504
54 153 0.157752
54 156 0.788759
54 157 0.473255
54 161 0.473255
55 58 1.67611
55 59 0.39438
56 59 0.0985949
56 60 0.39438
57 60 0.39438
57 63 3.15504
57 170 0.157752
57 173 0.157752
58 64 0.788759
58 67 0.631007
58 85 0.315504
60 63 1.8733
60 64 0.19719
60 173 0.631007
60 177 0.631007
60 517 0.946511
61 64 1.77471
61 65 0.295786
61 517 0.473255
61 518 0.788759
61 521 0.157752
62 65 1.77471
62 66 0.39438
62 173 0.315504
62 516 0.157752
62 517 1.73527
62 525 0.157752
63 66 2.07049
63 67 0.19719
63 173 0.315504
64 67 2.07049
64 68 0.591569
64 85 0.157752
64 86 0.788759
65 68 2.07049
65 69 0.39438
65 525 0.473255
66 69 1.9719
66 70 0.19719
66 164 0.631007
66 169 0.315504
66 172 0.315504
66 173 0.315504
67 70 1.9719
67 71 0.690165
67 164 0.788759
68 71 2.07049
68 72 0.39438
68 82 0.157752
68 86 1.41977
69 72 1.8733
69 73 1.9719
70 73 1.67611
70 74 2.07049
70 75 0.0985949
70 160 0.157752
70 163 1.10426
70 164 1.26201
70 167 0.315504
70 169 0.157752
71 74 1.67611
71 75 0.19719
71 78 2.83953
71 79 0.157752
71 82 0.157752
72 79 0.631007
72 83 0.315504
74 169 0.315504
75 78 2.68178
75 160 0.157752
75 163 0.157752
76 80 0.0985949
77 80 0.19719
77 159 0.157752
77 160 0.157752
78 81 1.8733
78 82 0.0985949
78 160 0.157752
79 82 1.9719
79 83 0.591569
80 83 1.67611
80 84 0.0985949
80 111 0.157752
80 115 0.315504
81 84 2.07049
81 85 0.19719
81 123 0.315504
81 152 0.157752
81 155 0.473255
81 156 0.315504
82 85 2.26768
82 86 0.295786
83 86 1.8733
83 87 0.19719
83 111 0.631007
84 87 1.9719
84 88 0.788759
84 107 0.157752
84 111 1.26201
84 148 0.631007
85 88 1.9719
85 89 0.591569
86 89 2.07049
86 90 0.492973
87 90 1.9719
87 91 0.19719
87 107 0.631007
87 111 0.157752
88 91 2.07049
88 92 0.295786
88 145 0.315504
88 152 0.157752
89 92 2.85925
89 93 0.19719
89 149 0.157752
90 93 1.9719
90 94 0.0985949
91 94 0.0985949
91 100 1.10426
91 103 0.157752
91 104 0.157752
91 140 0.631007
91 141 0.631007
91 142 0.631007
91 144 0.315504
91 145 0.315504
92 142 0.315504
92 149 0.157752
94 99 0.295786
94 458 0.788759
95 99 0.39438
95 100 0.295786
95 458 0.473255
95 459 0.157752
95 464 0.315504
96 99 2.36628
96 100 1.08454
97 100 2.26768
97 101 0.19719
97 138 0.157752
97 140 0.315504
98 101 1.77471
99 102 1.9719
99 103 0.19719
100 103 1.8733
100 104 0.295786
100 140 0.946511
100 142 0.157752
101 104 2.07049
101 105 0.19719
101 138 0.315504
101 140 0.157752
102 105 1.9719
103 106 1.9719
103 107 0.39438
104 107 1.77471
104 108 0.19719
104 135 0.157752
104 140 0.157752
104 144 0.315504
104 145 0.157752
105 108 1.9719
105 109 0.492973
105 138 0.157752
106 109 1.67611
106 110 0.295786
107 110 1.8733
107 111 2.07049
107 145 0.473255
108 111 1.67611
108 112 2.36628
108 113 0.19719
108 131 0.315504
108 132 0.315504
108 135 0.473255
109 112 1.67611
109 113 2.16909
109 114 0.19719
110 113 1.67611
110 114 2.26768
111 115 0.492973
111 121 0.473255
112 115 1.77471
112 116 0.295786
112 121 0.473255
112 148 0.788759
113 116 2.07049
113 117 0.492973
114 117 1.9719
114 118 0.19719
115 118 1.9719
115 119 1.9719
115 120 2.66207
115 121 0.591569
115 122 0.0985949
116 121 0.39438
116 128 0.157752
121 128 0.315504
121 148 0.473255
122 155 0.788759
123 127 0.0985949
123 148 1.10426
123 151 1.89302
123 152 0.473255
123 155 0.157752
124 127 2.07049
124 128 0.295786
124 151 0.946511
125 128 1.67611
125 129 0.39438
126 129 1.9719
126 130 0.0985949
127 130 1.8733
127 131 0.0985949
127 148 1.26201
127 151 0.157752
128 131 1.67611
128 132 0.19719
128 148 0.473255
129 132 1.67611
129 133 0.0985949
130 133 1.67611
130 134 0.295786
130 144 0.315504
130 147 0.473255
131 134 1.9719
131 135 0.492973
131 144 0.157752
131 148 0.315504
132 135 1.67611
132 136 0.295786
133 136 1.67611
133 137 0.295786
134 137 1.9719
134 138 1.8733
134 139 1.18314
135 138 0.0985949
141 144 0.315504
143 146 0.157752
145 148 1.9719
146 149 2.46487
146 150 0.19719
147 150 1.67611
147 151 0.19719
148 151 1.67611
148 152 0.492973
149 152 1.9719
149 153 0.0985949
150 153 1.9719
151 154 2.07049
151 155 0.39438
152 155 2.07049
152 156 0.591569
153 156 2.07049
153 157 0.788759
154 157 0.887353
155 160 0.0985949
156 160 1.8733
156 161 0.19719
157 161 0.19719
158 161 1.9719
158 162 0.295786
159 162 1.9719
159 163 0.39438
160 163 1.9719
160 164 0.0985949
161 164 2.07049
161 165 0.39438
162 165 1.9719
162 166 0.19719
163 166 1.9719
163 167 0.0985949
164 167 0.295786
164 169 2.83953
164 170 0.157752
165 170 0.946511
167 170 1.8733
167 171 0.295786
168 171 2.36628
168 172 0.19719
169 172 1.9719
169 173 0.19719
170 173 2.16909
170 174 0.492973
171 174 1.9719
171 175 0.591569
172 175 2.85925
172 176 0.591569
172 529 1.10426
172 532 0.157752
172 533 0.631007
172 536 0.473255
173 176 1.9719
173 177 0.591569
174 177 1.9719
174 178 0.19719
175 178 1.8733
175 179 0.0985949
175 536 0.473255
176 179 1.9719
176 180 0.19719
176 516 0.315504
176 520 0.315504
176 525 1.26201
176 528 0.315504
176 529 0.631007
177 180 2.46487
177 181 0.39438
177 517 0.157752
178 181 1.8733
178 182 0.19719
178 635 0.631007
178 638 0.315504
179 182 1.9719
179 183 0.0985949
179 516 0.315504
180 183 0.19719
180 513 1.26201
180 516 0.473255
180 517 0.473255
181 637 0.473255
182 634 0.157752
182 635 1.41977
182 636 0.315504
183 511 0.157752
184 189 0.157752
184 636 0.946511
185 189 0.946511
185 258 0.631007
185 260 0.631007
186 189 0.157752
186 190 0.315504
186 260 0.788759
187 190 0.157752
187 262 0.157752
187 267 0.315504
189 209 2.99728
190 207 0.157752
190 208 3.31279
190 209 0.473255
190 218 0.315504
190 260 0.157752
190 269 0.473255
191 207 3.15504
191 208 0.631007
192 206 2.68178
193 206 2.99728
193 208 0.473255
194 205 3.31279
194 206 0.315504
195 204 3.15504
195 205 0.157752
196 204 3.15504
196 205 0.315504
196 206 0.157752
196 272 0.157752
196 273 0.157752
197 203 3.31279
197 204 0.631007
198 202 2.99728
199 202 0.473255
200 225 0.315504
201 221 2.68178
201 222 0.157752
201 225 0.473255
201 226 0.473255
201 229 0.157752
201 231 0.157752
201 234 0.315504
202 220 2.99728
203 218 0.157752
203 219 2.99728
203 220 0.157752
203 265 0.157752
204 218 3.15504
205 217 2.99728
205 218 0.788759
206 216 3.15504
207 215 3.15504
207 216 1.41977
208 213 0.788759
208 214 3.15504
208 215 0.473255
209 212 3.31279
209 213 2.99728
209 258 0.788759
209 519 0.788759
212 519 0.788759
212 523 0.631007
212 524 0.315504
214 519 0.315504
214 522 0.631007
216 257 0.473255
216 269 0.473255
216 270 2.99728
216 272 0.315504
216 519 1.10426
217 268 0.157752
217 269 3.31279
217 270 0.946511
217 271 0.157752
217 272 0.157752
218 260 0.157752
218 268 3.15504
218 269 0.473255
219 238 0.315504
219 266 0.157752
219 267 3.15504
219 268 0.946511
219 270 0.157752
219 334 0.157752
220 266 3.31279
221 226 0.0985949
221 265 2.83953
221 266 0.315504
221 268 0.157752
222 225 2.16909
222 226 0.295786
222 264 2.68178
222 265 0.157752
223 226 1.77471
223 227 0.19719
223 261 0.157752
223 262 0.315504
223 263 0.157752
223 264 0.157752
223 266 0.315504
223 502 0.315504
223 505 0.631007
224 227 1.67611
224 228 0.19719
224 474 0.315504
224 496 0.157752
225 228 2.36628
225 229 0.295786
226 229 1.9719
226 230 1.8733
226 231 0.19719
226 232 0.295786
226 235 0.157752
226 505 0.157752
227 232 0.492973
227 496 0.315504
227 501 1.41977
231 234 2.07049
231 235 0.19719
232 235 1.9719
232 236 0.19719
233 236 2.07049
233 237 0.19719
234 237 1.9719
234 238 0.0985949
234 336 0.473255
234 337 0.157752
235 238 1.8733
236 239 1.9719
236 240 0.591569
237 240 2.07049
237 241 0.788759
237 335 0.157752
237 336 0.631007
237 337 0.157752
237 338 0.631007
238 241 2.07049
238 242 0.39438
238 268 0.315504
238 334 0.473255
238 335 0.315504
238 336 0.157752
239 242 1.67611
239 243 0.19719
239 268 0.788759
239 507 0.315504
239 508 1.57752
239 510 0.157752
240 243 2.07049
240 244 0.0985949
241 244 1.9719
241 245 0.295786
241 338 0.473255
241 339 0.631007
241 340 0.157752
242 245 1.77471
242 246 0.39438
242 254 0.157752
242 256 0.631007
242 268 0.315504
242 270 0.157752
242 335 0.157752
243 510 0.157752
244 310 0.315504
244 312 0.157752
244 340 0.157752
245 253 0.315504
245 306 0.315504
245 307 0.157752
246 255 1.26201
246 256 0.631007
246 512 0.157752
246 515 0.473255
247 306 0.315504
247 310 0.631007
247 514 1.10426
248 306 0.157752
248 515 0.157752
249 515 0.315504
249 518 0.157752
250 253 0.473255
250 306 0.946511
251 330 0.157752
251 331 1.26201
251 461 0.157752
251 463 0.157752
252 299 0.946511
252 302 0.631007
252 303 0.157752
252 330 0.315504
252 331 3.78604
252 332 0.631007
252 460 0.315504
252 461 0.946511
252 463 0.315504
253 271 0.157752
253 303 0.157752
253 306 0.473255
253 331 1.10426
253 332 3.15504
254 270 0.315504
254 271 0.315504
254 331 0.157752
254 332 0.473255
255 270 3.31279
255 271 0.157752
255 515 0.315504
256 259 0.157752
256 268 0.157752
256 269 3.15504
256 270 0.157752
256 512 0.315504
256 515 0.315504
257 269 2.83953
257 511 2.99728
257 512 0.473255
257 515 0.946511
258 268 2.83953
258 269 0.473255
258 510 3.15504
258 511 0.157752
258 516 0.157752
258 519 0.788759
259 267 3.15504
259 508 0.157752
259 509 3.15504
259 510 0.473255
260 266 2.99728
260 267 1.41977
260 269 0.157752
260 508 0.157752
261 265 2.99728
261 266 0.157752
261 509 0.157752
262 265 1.26201
263 502 0.157752
266 508 0.315504
271 331 0.157752
271 515 0.473255
273 323 0.315504
273 324 3.31279
273 325 0.157752
273 330 0.157752
273 331 0.946511
274 324 2.68178
275 281 0.315504
275 324 0.631007
276 323 2.99728
276 324 0.315504
277 280 2.07049
277 281 0.39438
277 319 2.68178
277 320 0.631007
277 322 3.15504
278 281 1.9719
278 282 0.19719
278 296 0.788759
278 319 3.47054
278 320 0.157752
278 322 0.631007
278 324 0.157752
279 282 1.67611
279 283 0.0985949
279 319 0.157752
279 320 0.315504
280 283 2.26768
280 284 0.39438
281 284 1.67611
281 285 0.19719
281 288 0.0985949
281 469 0.473255
282 285 1.67611
282 286 0.19719
282 287 0.0985949
282 288 0.19719
282 382 0.315504
282 383 0.315504
285 288 0.631007
285 469 0.157752
287 383 3.47054
287 384 0.946511
287 385 0.315504
287 386 0.157752
288 292 0.0985949
288 383 0.157752
288 384 0.315504
289 292 1.9719
289 384 0.157752
290 293 1.67611
290 294 0.19719
290 384 0.157752
290 416 0.157752
290 417 1.10426
290 420 0.631007
290 451 0.157752
291 294 1.8733
292 295 1.8733
292 296 0.19719
292 468 0.473255
293 296 1.9719
293 297 0.295786
293 380 0.315504
293 451 0.473255
294 297 1.77471
294 298 0.0985949
294 451 2.36628
294 452 0.157752
294 454 0.315504
295 298 1.8733
295 299 0.591569
295 328 0.157752
295 329 0.157752
295 465 0.157752
295 467 0.631007
295 468 0.473255
296 299 1.9719
296 300 0.39438
296 330 0.315504
296 468 0.473255
296 469 0.157752
297 300 1.9719
297 301 0.492973
297 380 0.315504
297 452 0.157752
298 301 1.67611
298 302 0.19719
298 455 0.157752
298 457 0.631007
298 460 0.631007
299 302 1.9719
299 329 1.41977
299 330 0.631007
300 303 1.9719
300 304 0.295786
300 317 0.157752
300 322 0.473255
300 332 0.315504
300 376 0.157752
301 304 2.07049
301 305 0.19719
301 376 0.315504
301 452 0.157752
302 305 1.9719
302 306 0.0985949
302 447 0.157752
302 460 0.473255
302 461 0.473255
303 306 1.8733
303 307 0.0985949
303 332 0.631007
304 307 1.9719
304 308 0.690165
304 317 0.157752
304 372 0.315504
304 373 0.473255
305 308 1.9719
305 309 0.591569
305 443 0.157752
305 447 0.946511
306 309 1.67611
306 310 1.47892
307 310 2.16909
307 311 1.9719
307 312 2.36628
307 314 0.315504
307 335 0.157752
308 312 0.19719
308 369 0.946511
308 372 0.788759
308 373 0.157752
311 339 3.15504
311 340 2.99728
311 341 1.57752
311 342 0.631007
312 338 0.315504
312 339 3.47054
312 341 0.473255
313 338 3.15504
313 339 0.157752
313 341 0.473255
313 368 0.473255
313 371 0.157752
313 372 1.26201
314 317 0.315504
314 321 0.631007
314 332 0.946511
314 333 0.315504
314 334 1.10426
314 337 2.99728
314 338 0.473255
314 372 1.10426
315 337 0.631007
315 339 0.315504
315 346 0.157752
315 350 1.89302
315 351 0.157752
315 367 0.473255
315 372 0.157752
316 321 1.26201
316 351 0.473255
316 352 0.315504
317 355 0.315504
317 376 0.315504
318 321 1.26201
318 322 0.315504
318 352 0.473255
318 355 0.157752
318 379 0.788759
319 322 0.473255
319 355 0.157752
319 379 0.315504
319 383 0.315504
321 331 0.157752
321 332 2.99728
321 333 0.157752
321 334 0.157752
322 330 0.473255
322 331 2.99728
322 379 0.315504
323 329 0.157752
323 330 3.31279
323 331 0.157752
323 333 0.473255
324 329 3.47054
324 330 0.315504
324 469 0.157752
325 328 0.788759
325 329 0.788759
325 471 0.315504
326 471 0.157752
327 467 0.315504
327 470 0.315504
327 471 0.157752
328 467 0.788759
328 469 0.157752
329 463 1.41977
329 465 0.157752
329 467 0.631007
335 338 0.315504
337 350 0.157752
340 344 0.157752
341 344 0.157752
341 346 0.157752
341 368 0.315504
345 367 0.157752
345 368 0.631007
346 366 2.99728
346 367 2.05077
347 362 0.157752
347 363 2.68178
347 364 0.157752
347 365 0.473255
347 367 0.631007
348 360 3.15504
348 367 0.631007
349 360 0.788759
349 361 0.315504
350 356 0.473255
352 355 3.15504
352 356 0.631007
353 356 0.473255
353 398 0.946511
353 401 0.157752
353 402 0.788759
354 378 0.315504
354 388 0.315504
354 401 0.157752
355 374 2.68178
355 375 0.788759
355 378 1.10426
355 379 0.315504
355 382 0.473255
355 388 0.315504
356 360 0.19719
356 361 0.295786
356 374 0.631007
356 405 0.157752
357 360 2.07049
357 361 0.0985949
357 374 0.946511
357 435 0.157752
358 361 1.67611
358 362 0.591569
358 374 0.473255
358 406 0.315504
358 430 0.788759
358 435 0.157752
359 362 0.295786
359 365 0.157752
359 367 0.315504
359 370 0.631007
359 430 0.157752
359 432 0.631007
359 435 0.946511
360 367 0.157752
360 371 0.157752
361 405 0.157752
362 365 0.157752
367 370 0.0985949
367 371 0.0985949
368 371 0.0985949
369 372 1.77471
369 373 0.295786
370 373 1.67611
370 435 0.315504
370 438 0.315504
371 374 1.67611
371 375 0.39438
372 375 2.46487
372 376 0.19719
373 376 1.77471
373 427 3.31279
373 436 0.473255
373 437 0.946511
373 442 0.157752
373 443 0.631007
374 377 1.8733
374 378 0.492973
374 390 0.473255
374 405 0.315504
374 427 0.473255
374 428 0.946511
374 429 0.157752
374 435 0.631007
375 378 1.9719
375 379 0.19719
376 379 1.67611
376 380 0.690165
377 380 1.67611
377 381 0.19719
377 424 0.157752
377 427 0.157752
377 428 0.315504
378 381 1.77471
378 382 0.0985949
378 389 0.788759
378 390 0.157752
378 428 0.157752
379 382 2.16909
379 383 0.39438
380 383 1.8733
380 384 0.19719
381 384 1.9719
381 385 0.39438
381 387 1.9719
381 388 0.492973
381 389 0.887353
382 385 1.8733
382 386 1.9719
382 387 0.690165
384 416 0.315504
384 420 0.473255
385 413 0.315504
385 416 0.315504
387 391 0.473255
388 391 0.788759
389 408 0.157752
389 410 0.315504
390 401 0.315504
390 404 1.10426
390 405 1.10426
390 408 0.473255
390 410 0.157752
391 394 0.631007
391 395 0.315504
392 404 0.157752
394 397 0.157752
395 398 0.157752
397 400 1.9719
397 401 0.0985949
398 401 2.07049
398 402 0.591569
399 402 1.9719
399 403 0.19719
400 403 1.8733
400 404 0.19719
401 404 1.9719
401 405 0.295786
402 405 1.8733
402 406 0.295786
403 406 1.67611
403 407 0.295786
404 407 1.77471
404 408 0.39438
405 430 0.315504
407 430 0.157752
408 430 0.473255
409 430 0.315504
410 428 0.157752
412 416 0.157752
412 421 0.315504
413 416 0.631007
416 420 0.492973
416 424 0.315504
417 420 2.26768
417 421 0.19719
418 421 1.9719
418 422 0.19719
419 422 1.77471
419 423 0.0985949
419 450 2.99728
419 451 0.946511
420 423 1.77471
420 424 0.591569
420 451 0.631007
421 424 1.77471
421 425 0.591569
422 425 1.77471
422 426 0.0985949
423 426 1.9719
423 427 0.591569
423 449 0.473255
423 451 0.157752
423 452 0.315504
424 427 1.77471
424 428 0.39438
425 428 1.77471
425 429 0.295786
426 429 0.0985949
426 435 3.31279
426 436 0.157752
427 435 0.315504
427 436 0.157752
429 434 0.788759
429 435 0.631007
430 435 0.631007
431 434 2.83953
432 438 0.315504
433 439 0.315504
435 438 0.788759
436 445 0.631007
437 441 2.68178
437 442 0.788759
437 445 0.473255
439 445 0.295786
440 445 0.591569
441 444 0.0985949
441 445 0.591569
441 448 0.157752
442 445 0.0985949
443 446 1.8733
443 447 0.19719
444 447 2.07049
444 448 0.591569
445 448 1.9719
446 449 0.19719
446 452 0.315504
447 457 2.36628
449 452 2.99728
450 453 0.315504
452 455 0.473255
452 457 0.473255
455 460 0.0985949
455 465 0.473255
456 459 2.16909
456 460 0.0985949
456 465 0.315504
457 460 2.16909
457 461 0.19719
458 461 1.9719
458 462 0.295786
459 462 1.67611
459 463 1.67611
459 464 2.26768
460 463 0.0985949
460 465 0.19719
498 501 2.99728
498 502 0.315504
499 502 2.68178
500 504 0.157752
501 504 0.315504
501 505 0.315504
502 505 2.99728
503 506 0.788759
505 508 0.473255
512 515 2.07049
513 516 1.9719
513 517 0.39438
514 517 1.67611
514 518 0.19719
515 518 1.9719
515 519 0.19719
516 519 1.9719
516 520 0.788759
517 520 1.67611
517 521 0.19719
518 521 1.9719
518 522 0.492973
519 522 1.9719
519 523 0.492973
520 523 2.07049
520 524 1.67611
520 525 0.492973
521 525 0.0985949
524 527 2.16909
524 528 0.295786
525 528 1.9719
525 529 0.985949
526 529 1.9719
526 530 0.19719
527 530 1.8733
527 531 0.295786
528 531 2.16909
528 532 0.492973
529 532 1.67611
529 533 0.492973
530 533 1.77471
530 534 0.0985949
531 534 1.9719
531 535 0.0985949
532 535 2.07049
532 536 0.591569
533 536 1.9719
533 537 0.19719
534 537 1.77471
534 538 0.690165
535 538 2.07049
535 539 0.19719
536 539 1.9719
536 540 0.19719
537 540 1.8733
537 541 0.39438
538 541 1.8733
538 542 0.19719
539 542 2.07049
539 543 0.887353
540 543 1.77471
540 544 0.0985949
541 544 1.9719
541 545 0.492973
542 545 1.8733
542 546 0.19719
543 546 1.67611
543 547 2.07049
543 548 0.19719
549 581 0.157752
549 590 0.315504
551 554 0.631007
551 581 0.157752
552 556 1.57752
552 581 0.473255
552 588 0.788759
552 596 0.631007
553 558 0.157752
553 561 0.315504
553 581 0.157752
556 583 0.157752
557 583 0.473255
557 584 1.26201
558 582 3.15504
558 583 0.473255
559 582 2.99728
559 583 0.315504
559 584 0.157752
560 581 3.15504
560 582 0.631007
560 641 0.473255
560 642 0.788759
560 645 0.473255
561 579 1.73527
561 580 3.15504
561 581 0.315504
561 642 0.315504
562 579 3.78604
562 580 0.157752
562 642 0.157752
563 577 1.57752
563 578 3.31279
563 579 0.946511
563 580 0.157752
563 592 0.788759
563 634 0.315504
564 576 0.157752
564 577 2.99728
564 578 0.631007
564 580 0.631007
564 631 0.315504
564 632 3.31279
564 633 0.315504
564 642 1.89302
565 575 0.631007
565 576 3.62829
565 577 0.788759
565 630 0.157752
565 631 3.31279
565 632 0.631007
566 575 3.9438
566 576 0.473255
566 589 0.315504
566 629 0.315504
566 630 3.15504
567 630 0.315504
575 630 0.157752
575 632 1.57752
577 634 0.946511
578 589 0.157752
578 590 3.62829
578 591 0.315504
579 589 3.15504
579 590 1.10426
580 587 0.473255
580 588 3.47054
580 589 0.631007
580 631 0.315504
580 642 0.157752
581 586 0.157752
581 587 3.62829
581 588 0.631007
581 590 0.631007
582 586 3.15504
582 587 0.157752
582 602 0.157752
582 642 0.157752
582 645 0.315504
582 646 0.315504
583 586 2.68178
583 588 0.315504
584 602 0.157752
584 649 0.157752
584 653 0.157752
585 601 3.15504
585 602 0.946511
586 600 3.31279
586 601 0.315504
586 602 0.315504
587 599 3.15504
587 600 0.946511
588 596 0.315504
588 598 2.83953
588 599 0.157752
589 596 3.31279
589 598 0.631007
589 599 1.10426
589 600 0.157752
589 629 0.631007
590 594 0.473255
590 595 0.157752
590 596 0.157752
591 594 0.315504
600 604 1.26201
600 605 0.315504
600 623 0.157752
601 604 4.2593
601 605 0.157752
602 605 0.631007
602 649 0.473255
602 650 0.315504
602 653 0.157752
602 654 0.157752
603 654 0.157752
603 663 0.157752
604 623 3.62829
604 624 0.315504
605 608 0.157752
605 621 0.157752
605 622 3.31279
605 650 0.315504
605 654 0.157752
606 622 3.15504
606 624 0.315504
607 620 0.157752
607 621 3.15504
607 622 0.788759
607 650 0.157752
608 620 3.15504
608 621 0.473255
608 647 0.788759
608 650 0.315504
609 619 3.31279
609 620 0.946511
610 618 3.31279
610 643 0.157752
610 647 0.157752
611 616 0.157752
611 617 2.68178
611 618 1.10426
612 616 2.99728
613 616 0.315504
613 618 0.157752
616 632 1.26201
616 633 0.157752
617 639 0.473255
618 631 3.15504
618 632 0.631007
619 630 3.31279
619 631 0.473255
619 642 0.157752
619 643 0.157752
620 628 0.157752
620 629 2.83953
621 627 0.157752
621 628 2.99728
621 629 1.26201
622 627 2.83953
623 626 2.99728
623 627 0.946511
623 629 0.157752
624 665 0.315504
633 638 0.295786
633 639 0.19719
633 642 0.157752
634 638 0.591569
635 638 2.76066
636 639 1.9719
636 640 0.19719
637 640 1.8733
637 641 0.0985949
638 641 1.8733
638 642 0.39438
639 642 1.9719
639 643 0.19719
640 643 1.8733
640 644 0.19719
641 644 1.9719
641 645 0.690165
642 645 1.67611
642 646 0.39438
643 646 1.67611
643 647 0.591569
644 647 1.9719
644 648 0.39438
645 648 1.8733
645 649 0.19719
646 649 1.77471
646 650 0.295786
647 650 2.07049
647 651 0.690165
648 651 1.67611
648 652 0.19719
649 652 2.07049
649 653 0.19719
650 653 1.9719
650 654 0.690165
651 654 1.9719
651 655 0.0985949
652 655 1.77471
652 656 0.19719
653 656 1.9719
653 657 0.0985949
654 657 1.67611
654 658 0.0985949
655 658 0.0985949
655 659 0.788759
656 659 1.9719
656 660 0.0985949
657 660 0.39438
657 663 0.315504
657 664 0.315504
658 664 0.473255
660 663 2.83953
660 664 0.473255
661 664 0.315504
661 666 0.315504
