nresidues = 689
29 210 1.1875
29 211 0.125
30 528 0.0625
30 531 0.0625
32 179 0.0625
33 172 0.0625
33 176 0.1875
33 179 0.0625
33 532 0.0625
34 38 0.117188
34 175 0.25
34 178 0.125
34 179 0.0625
35 38 0.078125
35 175 0.125
35 539 0.1875
35 563 0.3125
36 39 0.078125
36 171 0.0625
36 175 0.1875
36 536 0.375
37 40 0.0390625
37 579 0.1875
38 41 0.78125
38 42 0.15625
38 175 0.0625
38 178 0.1875
38 638 0.25
39 42 0.78125
39 43 0.195312
39 165 0.3125
39 167 0.0625
39 170 0.25
39 171 0.125
40 44 0.078125
40 560 0.0625
40 561 0.625
41 44 0.78125
41 45 0.078125
41 561 0.0625
41 638 0.125
41 641 0.125
42 45 0.78125
42 46 0.234375
42 174 0.0625
42 178 0.25
42 637 0.0625
43 46 0.78125
43 47 0.195312
43 165 0.0625
44 47 0.78125
44 48 0.195312
44 559 0.125
44 641 0.3125
44 645 0.125
45 48 0.742188
45 49 0.78125
45 181 0.0625
45 637 0.3125
45 641 0.25
46 49 0.78125
46 50 0.742188
46 51 0.078125
46 52 0.117188
47 52 0.078125
48 641 0.25
48 644 0.25
48 645 0.0625
50 53 0.0625
50 56 0.0625
51 56 0.125
51 57 0.125
51 177 0.0625
52 165 0.0625
52 170 0.0625
53 56 0.820312
53 57 0.117188
53 161 0.4375
54 57 0.742188
54 58 0.429688
54 67 0.125
54 153 0.0625
54 156 0.3125
54 157 0.1875
54 161 0.1875
55 58 0.664062
55 59 0.15625
56 59 0.0390625
56 60 0.15625
57 60 0.15625
57 63 1.25
57 170 0.0625
57 173 0.0625
58 64 0.3125
58 67 0.25
58 85 0.125
60 63 0.742188
60 64 0.078125
60 173 0.25
60 177 0.25
60 517 0.375
61 64 0.703125
61 65 0.117188
61 517 0.1875
61 518 0.3125
61 521 0.0625
62 65 0.703125
62 66 0.15625
62 173 0.125
62 516 0.0625
62 517 0.6875
62 525 0.0625
63 66 0.820312
63 67 0.078125
63 173 0.125
64 67 0.820312
64 68 0.234375
64 85 0.0625
64 86 0.3125
65 68 0.820312
65 69 0.15625
65 525 0.1875
66 69 0.78125
66 70 0.078125
66 164 0.25
66 169 0.125
66 172 0.125
66 173 0.125
67 70 0.78125
67 71 0.273438
67 164 0.3125
68 71 0.820312
68 72 0.15625
68 82 0.0625
68 86 0.5625
69 72 0.742188
69 73 0.78125
70 73 0.664062
70 74 0.820312
70 75 0.0390625
70 160 0.0625
70 163 0.4375
70 164 0.5
70 167 0.125
70 169 0.0625
71 74 0.664062
71 75 0.078125
71 78 1.125
71 79 0.0625
71 82 0.0625
72 79 0.25
72 83 0.125
74 169 0.125
75 78 1.0625
75 160 0.0625
75 163 0.0625
76 80 0.0390625
77 80 0.078125
77 159 0.0625
77 160 0.0625
78 81 0.742188
78 82 0.0390625
78 160 0.0625
79 82 0.78125
79 83 0.234375
80 83 0.664062
80 84 0.0390625
80 111 0.0625
80 115 0.125
81 84 0.820312
81 85 0.078125
81 123 0.125
81 152 0.0625
81 155 0.1875
81 156 0.125
82 85 0.898438
82 86 0.117188
83 86 0.742188
83 87 0.078125
83 111 0.25
84 87 0.78125
84 88 0.3125
84 107 0.0625
84 111 0.5
84 148 0.25
85 88 0.78125
85 89 0.234375
86 89 0.820312
86 90 0.195312
87 90 0.78125
87 91 0.078125
87 107 0.25
87 111 0.0625
88 91 0.820312
88 92 0.117188
88 145 0.125
88 152 0.0625
89 92 1.13281
89 93 0.078125
89 149 0.0625
90 93 0.78125
90 94 0.0390625
91 94 0.0390625
91 100 0.4375
91 103 0.0625
91 104 0.0625
91 140 0.25
91 141 0.25
91 142 0.25
91 144 0.125
91 145 0.125
92 142 0.125
92 149 0.0625
94 99 0.117188
94 458 0.3125
95 99 0.15625
95 100 0.117188
95 458 0.1875
95 459 0.0625
95 464 0.125
96 99 0.9375
96 100 0.429688
97 100 0.898438
97 101 0.078125
97 138 0.0625
97 140 0.125
98 101 0.703125
99 102 0.78125
99 103 0.078125
100 103 0.742188
100 104 0.117188
100 140 0.375
100 142 0.0625
101 104 0.820312
101 105 0.078125
101 138 0.125
101 140 0.0625
102 105 0.78125
103 106 0.78125
103 107 0.15625
104 107 0.703125
104 108 0.078125
104 135 0.0625
104 140 0.0625
104 144 0.125
104 145 0.0625
105 108 0.78125
105 109 0.195312
105 138 0.0625
106 109 0.664062
106 110 0.117188
107 110 0.742188
107 111 0.820312
107 145 0.1875
108 111 0.664062
108 112 0.9375
108 113 0.078125
108 131 0.125
108 132 0.125
108 135 0.1875
109 112 0.664062
109 113 0.859375
109 114 0.078125
110 113 0.664062
110 114 0.898438
111 115 0.195312
111 121 0.1875
112 115 0.703125
112 116 0.117188
112 121 0.1875
112 148 0.3125
113 116 0.820312
113 117 0.195312
114 117 0.78125
114 118 0.078125
115 118 0.78125
115 119 0.78125
115 120 1.05469
115 121 0.234375
115 122 0.0390625
116 121 0.15625
116 128 0.0625
121 128 0.125
121 148 0.1875
122 155 0.3125
123 127 0.0390625
123 148 0.4375
123 151 0.75
123 152 0.1875
123 155 0.0625
124 127 0.820312
124 128 0.117188
124 151 0.375
125 128 0.664062
125 129 0.15625
126 129 0.78125
126 130 0.0390625
127 130 0.742188
127 131 0.0390625
127 148 0.5
127 151 0.0625
128 131 0.664062
128 132 0.078125
128 148 0.1875
129 132 0.664062
129 133 0.0390625
130 133 0.664062
130 134 0.117188
130 144 0.125
130 147 0.1875
131 134 0.78125
131 135 0.195312
131 144 0.0625
131 148 0.125
132 135 0.664062
132 136 0.117188
133 136 0.664062
133 137 0.117188
134 137 0.78125
134 138 0.742188
134 139 0.46875
135 138 0.0390625
141 144 0.125
143 146 0.0625
145 148 0.78125
146 149 0.976562
146 150 0.078125
147 150 0.664062
147 151 0.078125
148 151 0.664062
148 152 0.195312
149 152 0.78125
149 153 0.0390625
150 153 0.78125
151 154 0.820312
151 155 0.15625
152 155 0.820312
152 156 0.234375
153 156 0.820312
153 157 0.3125
154 157 0.351562
155 160 0.0390625
156 160 0.742188
156 161 0.078125
157 161 0.078125
158 161 0.78125
158 162 0.117188
159 162 0.78125
159 163 0.15625
160 163 0.78125
160 164 0.0390625
161 164 0.820312
161 165 0.15625
162 165 0.78125
162 166 0.078125
163 166 0.78125
163 167 0.0390625
164 167 0.117188
164 169 1.125
164 170 0.0625
165 170 0.375
167 170 0.742188
167 171 0.117188
168 171 0.9375
168 172 0.078125
169 172 0.78125
169 173 0.078125
170 173 0.859375
170 174 0.195312
171 174 0.78125
171 175 0.234375
172 175 1.13281
172 176 0.234375
172 529 0.4375
172 532 0.0625
172 533 0.25
172 536 0.1875
173 176 0.78125
173 177 0.234375
174 177 0.78125
174 178 0.078125
175 178 0.742188
175 179 0.0390625
175 536 0.1875
176 179 0.78125
176 180 0.078125
176 516 0.125
176 520 0.125
176 525 0.5
176 528 0.125
176 529 0.25
177 180 0.976562
177 181 0.15625
177 517 0.0625
178 181 0.742188
178 182 0.078125
178 635 0.25
178 638 0.125
179 182 0.78125
179 183 0.0390625
179 516 0.125
180 183 0.078125
180 513 0.5
180 516 0.1875
180 517 0.1875
181 637 0.1875
182 634 0.0625
182 635 0.5625
182 636 0.125
183 511 0.0625
184 189 0.0625
184 636 0.375
185 189 0.375
185 258 0.25
185 260 0.25
186 189 0.0625
186 190 0.125
186 260 0.3125
187 190 0.0625
187 262 0.0625
187 267 0.125
189 209 1.1875
190 207 0.0625
190 208 1.3125
190 209 0.1875
190 218 0.125
190 260 0.0625
190 269 0.1875
191 207 1.25
191 208 0.25
192 206 1.0625
193 206 1.1875
193 208 0.1875
194 205 1.3125
194 206 0.125
195 204 1.25
195 205 0.0625
196 204 1.25
196 205 0.125
196 206 0.0625
196 272 0.0625
196 273 0.0625
197 203 1.3125
197 204 0.25
198 202 1.1875
199 202 0.1875
200 225 0.125
201 221 1.0625
201 222 0.0625
201 225 0.1875
201 226 0.1875
201 229 0.0625
201 231 0.0625
201 234 0.125
202 220 1.1875
203 218 0.0625
203 219 1.1875
203 220 0.0625
203 265 0.0625
204 218 1.25
205 217 1.1875
205 218 0.3125
206 216 1.25
207 215 1.25
207 216 0.5625
208 213 0.3125
208 214 1.25
208 215 0.1875
209 212 1.3125
209 213 1.1875
209 258 0.3125
209 519 0.3125
212 519 0.3125
212 523 0.25
212 524 0.125
214 519 0.125
214 522 0.25
216 257 0.1875
216 269 0.1875
216 270 1.1875
216 272 0.125
216 519 0.4375
217 268 0.0625
217 269 1.3125
217 270 0.375
217 271 0.0625
217 272 0.0625
218 260 0.0625
218 268 1.25
218 269 0.1875
219 238 0.125
219 266 0.0625
219 267 1.25
219 268 0.375
219 270 0.0625
219 334 0.0625
220 266 1.3125
221 226 0.0390625
221 265 1.125
221 266 0.125
221 268 0.0625
222 225 0.859375
222 226 0.117188
222 264 1.0625
222 265 0.0625
223 226 0.703125
223 227 0.078125
223 261 0.0625
223 262 0.125
223 263 0.0625
223 264 0.0625
223 266 0.125
223 502 0.125
223 505 0.25
224 227 0.664062
224 228 0.078125
224 474 0.125
224 496 0.0625
225 228 0.9375
225 229 0.117188
226 229 0.78125
226 230 0.742188
226 231 0.078125
226 232 0.117188
226 235 0.0625
226 505 0.0625
227 232 0.195312
227 496 0.125
227 501 0.5625
231 234 0.820312
231 235 0.078125
232 235 0.78125
232 236 0.078125
233 236 0.820312
233 237 0.078125
234 237 0.78125
234 238 0.0390625
234 336 0.1875
234 337 0.0625
235 238 0.742188
236 239 0.78125
236 240 0.234375
237 240 0.820312
237 241 0.3125
237 335 0.0625
237 336 0.25
237 337 0.0625
237 338 0.25
238 241 0.820312
238 242 0.15625
238 268 0.125
238 334 0.1875
238 335 0.125
238 336 0.0625
239 242 0.664062
239 243 0.078125
239 268 0.3125
239 507 0.125
239 508 0.625
239 510 0.0625
240 243 0.820312
240 244 0.0390625
241 244 0.78125
241 245 0.117188
241 338 0.1875
241 339 0.25
241 340 0.0625
242 245 0.703125
242 246 0.15625
242 254 0.0625
242 256 0.25
242 268 0.125
242 270 0.0625
242 335 0.0625
243 510 0.0625
244 310 0.125
244 312 0.0625
244 340 0.0625
245 253 0.125
245 306 0.125
245 307 0.0625
246 255 0.5
246 256 0.25
246 512 0.0625
246 515 0.1875
247 306 0.125
247 310 0.25
247 514 0.4375
248 306 0.0625
248 515 0.0625
249 515 0.125
249 518 0.0625
250 253 0.1875
250 306 0.375
251 330 0.0625
251 331 0.5
251 461 0.0625
251 463 0.0625
252 299 0.375
252 302 0.25
252 303 0.0625
252 330 0.125
252 331 1.5
252 332 0.25
252 460 0.125
252 461 0.375
252 463 0.125
253 271 0.0625
253 303 0.0625
253 306 0.1875
253 331 0.4375
253 332 1.25
254 270 0.125
254 271 0.125
254 331 0.0625
254 332 0.1875
255 270 1.3125
255 271 0.0625
255 515 0.125
256 259 0.0625
256 268 0.0625
256 269 1.25
256 270 0.0625
256 512 0.125
256 515 0.125
257 269 1.125
257 511 1.1875
257 512 0.1875
257 515 0.375
258 268 1.125
258 269 0.1875
258 510 1.25
258 511 0.0625
258 516 0.0625
258 519 0.3125
259 267 1.25
259 508 0.0625
259 509 1.25
259 510 0.1875
260 266 1.1875
260 267 0.5625
260 269 0.0625
260 508 0.0625
261 265 1.1875
261 266 0.0625
261 509 0.0625
262 265 0.5
263 502 0.0625
266 508 0.125
271 331 0.0625
271 515 0.1875
273 323 0.125
273 324 1.3125
273 325 0.0625
273 330 0.0625
273 331 0.375
274 324 1.0625
275 281 0.125
275 324 0.25
276 323 1.1875
276 324 0.125
277 280 0.820312
277 281 0.15625
277 319 1.0625
277 320 0.25
277 322 1.25
278 281 0.78125
278 282 0.078125
278 296 0.3125
278 319 1.375
278 320 0.0625
278 322 0.25
278 324 0.0625
279 282 0.664062
279 283 0.0390625
279 319 0.0625
279 320 0.125
280 283 0.898438
280 284 0.15625
281 284 0.664062
281 285 0.078125
281 288 0.0390625
281 469 0.1875
282 285 0.664062
282 286 0.078125
282 287 0.0390625
282 288 0.078125
282 382 0.125
282 383 0.125
285 288 0.25
285 469 0.0625
287 383 1.375
287 384 0.375
287 385 0.125
287 386 0.0625
288 292 0.0390625
288 383 0.0625
288 384 0.125
289 292 0.78125
289 384 0.0625
290 293 0.664062
290 294 0.078125
290 384 0.0625
290 416 0.0625
290 417 0.4375
290 420 0.25
290 451 0.0625
291 294 0.742188
292 295 0.742188
292 296 0.078125
292 468 0.1875
293 296 0.78125
293 297 0.117188
293 380 0.125
293 451 0.1875
294 297 0.703125
294 298 0.0390625
294 451 0.9375
294 452 0.0625
294 454 0.125
295 298 0.742188
295 299 0.234375
295 328 0.0625
295 329 0.0625
295 465 0.0625
295 467 0.25
295 468 0.1875
296 299 0.78125
296 300 0.15625
296 330 0.125
296 468 0.1875
296 469 0.0625
297 300 0.78125
297 301 0.195312
297 380 0.125
297 452 0.0625
298 301 0.664062
298 302 0.078125
298 455 0.0625
298 457 0.25
298 460 0.25
299 302 0.78125
299 329 0.5625
299 330 0.25
300 303 0.78125
300 304 0.117188
300 317 0.0625
300 322 0.1875
300 332 0.125
300 376 0.0625
301 304 0.820312
301 305 0.078125
301 376 0.125
301 452 0.0625
302 305 0.78125
302 306 0.0390625
302 447 0.0625
302 460 0.1875
302 461 0.1875
303 306 0.742188
303 307 0.0390625
303 332 0.25
304 307 0.78125
304 308 0.273438
304 317 0.0625
304 372 0.125
304 373 0.1875
305 308 0.78125
305 309 0.234375
305 443 0.0625
305 447 0.375
306 309 0.664062
306 310 0.585938
307 310 0.859375
307 311 0.78125
307 312 0.9375
307 314 0.125
307 335 0.0625
308 312 0.078125
308 369 0.375
308 372 0.3125
308 373 0.0625
311 339 1.25
311 340 1.1875
311 341 0.625
311 342 0.25
312 338 0.125
312 339 1.375
312 341 0.1875
313 338 1.25
313 339 0.0625
313 341 0.1875
313 368 0.1875
313 371 0.0625
313 372 0.5
314 317 0.125
314 321 0.25
314 332 0.375
314 333 0.125
314 334 0.4375
314 337 1.1875
314 338 0.1875
314 372 0.4375
315 337 0.25
315 339 0.125
315 346 0.0625
315 350 0.75
315 351 0.0625
315 367 0.1875
315 372 0.0625
316 321 0.5
316 351 0.1875
316 352 0.125
317 355 0.125
317 376 0.125
318 321 0.5
318 322 0.125
318 352 0.1875
318 355 0.0625
318 379 0.3125
319 322 0.1875
319 355 0.0625
319 379 0.125
319 383 0.125
321 331 0.0625
321 332 1.1875
321 333 0.0625
321 334 0.0625
322 330 0.1875
322 331 1.1875
322 379 0.125
323 329 0.0625
323 330 1.3125
323 331 0.0625
323 333 0.1875
324 329 1.375
324 330 0.125
324 469 0.0625
325 328 0.3125
325 329 0.3125
325 471 0.125
326 471 0.0625
327 467 0.125
327 470 0.125
327 471 0.0625
328 467 0.3125
328 469 0.0625
329 463 0.5625
329 465 0.0625
329 467 0.25
335 338 0.125
337 350 0.0625
340 344 0.0625
341 344 0.0625
341 346 0.0625
341 368 0.125
345 367 0.0625
345 368 0.25
346 366 1.1875
346 367 0.8125
347 362 0.0625
347 363 1.0625
347 364 0.0625
347 365 0.1875
347 367 0.25
348 360 1.25
348 367 0.25
349 360 0.3125
349 361 0.125
350 356 0.1875
352 355 1.25
352 356 0.25
353 356 0.1875
353 398 0.375
353 401 0.0625
353 402 0.3125
354 378 0.125
354 388 0.125
354 401 0.0625
355 374 1.0625
355 375 0.3125
355 378 0.4375
355 379 0.125
355 382 0.1875
355 388 0.125
356 360 0.078125
356 361 0.117188
356 374 0.25
356 405 0.0625
357 360 0.820312
357 361 0.0390625
357 374 0.375
357 435 0.0625
358 361 0.664062
358 362 0.234375
358 374 0.1875
358 406 0.125
358 430 0.3125
358 435 0.0625
359 362 0.117188
359 365 0.0625
359 367 0.125
359 370 0.25
359 430 0.0625
359 432 0.25
359 435 0.375
360 367 0.0625
360 371 0.0625
361 405 0.0625
362 365 0.0625
367 370 0.0390625
367 371 0.0390625
368 371 0.0390625
369 372 0.703125
369 373 0.117188
370 373 0.664062
370 435 0.125
370 438 0.125
371 374 0.664062
371 375 0.15625
372 375 0.976562
372 376 0.078125
373 376 0.703125
373 427 1.3125
373 436 0.1875
373 437 0.375
373 442 0.0625
373 443 0.25
374 377 0.742188
374 378 0.195312
374 390 0.1875
374 405 0.125
374 427 0.1875
374 428 0.375
374 429 0.0625
374 435 0.25
375 378 0.78125
375 379 0.078125
376 379 0.664062
376 380 0.273438
377 380 0.664062
377 381 0.078125
377 424 0.0625
377 427 0.0625
377 428 0.125
378 381 0.703125
378 382 0.0390625
378 389 0.3125
378 390 0.0625
378 428 0.0625
379 382 0.859375
379 383 0.15625
380 383 0.742188
380 384 0.078125
381 384 0.78125
381 385 0.15625
381 387 0.78125
381 388 0.195312
381 389 0.351562
382 385 0.742188
382 386 0.78125
382 387 0.273438
384 416 0.125
384 420 0.1875
385 413 0.125
385 416 0.125
387 391 0.1875
388 391 0.3125
389 408 0.0625
389 410 0.125
390 401 0.125
390 404 0.4375
390 405 0.4375
390 408 0.1875
390 410 0.0625
391 394 0.25
391 395 0.125
392 404 0.0625
394 397 0.0625
395 398 0.0625
397 400 0.78125
397 401 0.0390625
398 401 0.820312
398 402 0.234375
399 402 0.78125
399 403 0.078125
400 403 0.742188
400 404 0.078125
401 404 0.78125
401 405 0.117188
402 405 0.742188
402 406 0.117188
403 406 0.664062
403 407 0.117188
404 407 0.703125
404 408 0.15625
405 430 0.125
407 430 0.0625
408 430 0.1875
409 430 0.125
410 428 0.0625
412 416 0.0625
412 421 0.125
413 416 0.25
416 420 0.195312
416 424 0.125
417 420 0.898438
417 421 0.078125
418 421 0.78125
418 422 0.078125
419 422 0.703125
419 423 0.0390625
419 450 1.1875
419 451 0.375
420 423 0.703125
420 424 0.234375
420 451 0.25
421 424 0.703125
421 425 0.234375
422 425 0.703125
422 426 0.0390625
423 426 0.78125
423 427 0.234375
423 449 0.1875
423 451 0.0625
423 452 0.125
424 427 0.703125
424 428 0.15625
425 428 0.703125
425 429 0.117188
426 429 0.0390625
426 435 1.3125
426 436 0.0625
427 435 0.125
427 436 0.0625
429 434 0.3125
429 435 0.25
430 435 0.25
431 434 1.125
432 438 0.125
433 439 0.125
435 438 0.3125
436 445 0.25
437 441 1.0625
437 442 0.3125
437 445 0.1875
439 445 0.117188
440 445 0.234375
441 444 0.0390625
441 445 0.234375
441 448 0.0625
442 445 0.0390625
443 446 0.742188
443 447 0.078125
444 447 0.820312
444 448 0.234375
445 448 0.78125
446 449 0.078125
446 452 0.125
447 457 0.9375
449 452 1.1875
450 453 0.125
452 455 0.1875
452 457 0.1875
455 460 0.0390625
455 465 0.1875
456 459 0.859375
456 460 0.0390625
456 465 0.125
457 460 0.859375
457 461 0.078125
458 461 0.78125
458 462 0.117188
459 462 0.664062
459 463 0.664062
459 464 0.898438
460 463 0.0390625
460 465 0.078125
498 501 1.1875
498 502 0.125
499 502 1.0625
500 504 0.0625
501 504 0.125
501 505 0.125
502 505 1.1875
503 506 0.3125
505 508 0.1875
512 515 0.820312
513 516 0.78125
513 517 0.15625
514 517 0.664062
514 518 0.078125
515 518 0.78125
515 519 0.078125
516 519 0.78125
516 520 0.3125
517 520 0.664062
517 521 0.078125
518 521 0.78125
518 522 0.195312
519 522 0.78125
519 523 0.195312
520 523 0.820312
520 524 0.664062
520 525 0.195312
521 525 0.0390625
524 527 0.859375
524 528 0.117188
525 528 0.78125
525 529 0.390625
526 529 0.78125
526 530 0.078125
527 530 0.742188
527 531 0.117188
528 531 0.859375
528 532 0.195312
529 532 0.664062
529 533 0.195312
530 533 0.703125
530 534 0.0390625
531 534 0.78125
531 535 0.0390625
532 535 0.820312
532 536 0.234375
533 536 0.78125
533 537 0.078125
534 537 0.703125
534 538 0.273438
535 538 0.820312
535 539 0.078125
536 539 0.78125
536 540 0.078125
537 540 0.742188
537 541 0.15625
538 541 0.742188
538 542 0.078125
539 542 0.820312
539 543 0.351562
540 543 0.703125
540 544 0.0390625
541 544 0.78125
541 545 0.195312
542 545 0.742188
542 546 0.078125
543 546 0.664062
543 547 0.820312
543 548 0.078125
549 581 0.0625
549 590 0.125
551 554 0.25
551 581 0.0625
552 556 0.625
552 581 0.1875
552 588 0.3125
552 596 0.25
553 558 0.0625
553 561 0.125
553 581 0.0625
556 583 0.0625
557 583 0.1875
557 584 0.5
558 582 1.25
558 583 0.1875
559 582 1.1875
559 583 0.125
559 584 0.0625
560 581 1.25
560 582 0.25
560 641 0.1875
560 642 0.3125
560 645 0.1875
561 579 0.6875
561 580 1.25
561 581 0.125
561 642 0.125
562 579 1.5
562 580 0.0625
562 642 0.0625
563 577 0.625
563 578 1.3125
563 579 0.375
563 580 0.0625
563 592 0.3125
563 634 0.125
564 576 0.0625
564 577 1.1875
564 578 0.25
564 580 0.25
564 631 0.125
564 632 1.3125
564 633 0.125
564 642 0.75
565 575 0.25
565 576 1.4375
565 577 0.3125
565 630 0.0625
565 631 1.3125
565 632 0.25
566 575 1.5625
566 576 0.1875
566 589 0.125
566 629 0.125
566 630 1.25
567 630 0.125
575 630 0.0625
575 632 0.625
577 634 0.375
578 589 0.0625
578 590 1.4375
578 591 0.125
579 589 1.25
579 590 0.4375
580 587 0.1875
580 588 1.375
580 589 0.25
580 631 0.125
580 642 0.0625
581 586 0.0625
581 587 1.4375
581 588 0.25
581 590 0.25
582 586 1.25
582 587 0.0625
582 602 0.0625
582 642 0.0625
582 645 0.125
582 646 0.125
583 586 1.0625
583 588 0.125
584 602 0.0625
584 649 0.0625
584 653 0.0625
585 601 1.25
585 602 0.375
586 600 1.3125
586 601 0.125
586 602 0.125
587 599 1.25
587 600 0.375
588 596 0.125
588 598 1.125
588 599 0.0625
589 596 1.3125
589 598 0.25
589 599 0.4375
589 600 0.0625
589 629 0.25
590 594 0.1875
590 595 0.0625
590 596 0.0625
591 594 0.125
600 604 0.5
600 605 0.125
600 623 0.0625
601 604 1.6875
601 605 0.0625
602 605 0.25
602 649 0.1875
602 650 0.125
602 653 0.0625
602 654 0.0625
603 654 0.0625
603 663 0.0625
604 623 1.4375
604 624 0.125
605 608 0.0625
605 621 0.0625
605 622 1.3125
605 650 0.125
605 654 0.0625
606 622 1.25
606 624 0.125
607 620 0.0625
607 621 1.25
607 622 0.3125
607 650 0.0625
608 620 1.25
608 621 0.1875
608 647 0.3125
608 650 0.125
609 619 1.3125
609 620 0.375
610 618 1.3125
610 643 0.0625
610 647 0.0625
611 616 0.0625
611 617 1.0625
611 618 0.4375
612 616 1.1875
613 616 0.125
613 618 0.0625
616 632 0.5
616 633 0.0625
617 639 0.1875
618 631 1.25
618 632 0.25
619 630 1.3125
619 631 0.1875
619 642 0.0625
619 643 0.0625
620 628 0.0625
620 629 1.125
621 627 0.0625
621 628 1.1875
621 629 0.5
622 627 1.125
623 626 1.1875
623 627 0.375
623 629 0.0625
624 665 0.125
633 638 0.117188
633 639 0.078125
633 642 0.0625
634 638 0.234375
635 638 1.09375
636 639 0.78125
636 640 0.078125
637 640 0.742188
637 641 0.0390625
638 641 0.742188
638 642 0.15625
639 642 0.78125
639 643 0.078125
640 643 0.742188
640 644 0.078125
641 644 0.78125
641 645 0.273438
642 645 0.664062
642 646 0.15625
643 646 0.664062
643 647 0.234375
644 647 0.78125
644 648 0.15625
645 648 0.742188
645 649 0.078125
646 649 0.703125
646 650 0.117188
647 650 0.820312
647 651 0.273438
648 651 0.664062
648 652 0.078125
649 652 0.820312
649 653 0.078125
650 653 0.78125
650 654 0.273438
651 654 0.78125
651 655 0.0390625
652 655 0.703125
652 656 0.078125
653 656 0.78125
653 657 0.0390625
654 657 0.664062
654 658 0.0390625
655 658 0.0390625
655 659 0.3125
656 659 0.78125
656 660 0.0390625
657 660 0.15625
657 663 0.125
657 664 0.125
658 664 0.1875
660 663 1.125
660 664 0.1875
661 664 0.125
661 666 0.125
