L	Ls	nvertices	F_L	F_L_constrained	rho_sum	nloops	regions
 29	  0	  0	           0	           0	           0	 0	[(0, 29)]
 30	  0	  0	           0	           0	           0	 0	[(0, 30)]
 31	  0	  0	           0	           0	           0	 0	[(0, 31)]
 32	  0	  0	           0	           0	           0	 0	[(0, 32)]
 33	  0	  0	           0	           0	           0	 0	[(0, 33)]
 34	  0	  0	           0	           0	           0	 0	[(0, 34)]
 35	  0	  0	           0	           0	           0	 0	[(0, 35)]
 36	  0	  0	           0	           0	           0	 0	[(0, 36)]
 37	  0	  0	           0	           0	           0	 0	[(0, 37)]
 38	  0	  3	           0	       3.952	    0.252667	 1	[(0, 38)]
 39	  0	  5	   -0.237448	   -0.237448	      0.2448	 0	[(0, 39)]
 40	  0	  7	   -0.237448	   -0.158144	    0.161538	 0	[(0, 40)]
 41	  0	  8	   -0.237448	   -0.171791	    0.176711	 0	[(0, 41)]
 42	  0	  9	   -0.237448	     5.44819	     5.23405	 0	[(0, 42)]
 43	  0	 10	   -0.237448	   -0.197075	    0.202809	 0	[(0, 43)]
 44	  0	 11	   -0.237448	   -0.210531	    0.217583	 0	[(0, 44)]
 45	  0	 12	   -0.237448	     5.66552	     6.53598	 0	[(0, 45)]
 46	  0	 13	   -0.237448	     5.19128	      6.7288	 0	[(0, 46)]
 47	  0	 14	   -0.237448	     4.56327	     6.35852	 0	[(0, 47)]
 48	  0	 15	   -0.237448	     4.26358	     6.50439	 0	[(0, 48)]
 49	  0	 16	   -0.237448	     2.55583	     8.43311	 0	[(0, 49)]
 50	  0	 17	   -0.237448	      2.4321	     9.21666	 0	[(0, 50)]
 51	  0	 18	   -0.237448	     3.07892	     9.29546	 0	[(0, 51)]
 52	  0	 19	   -0.237448	     3.29964	     9.11051	 0	[(0, 52)]
 53	  0	 20	   -0.237448	     3.33972	     9.02512	 0	[(0, 53)]
 54	  0	 20	   -0.237448	     3.33972	     9.02512	 0	[(0, 54)]
 55	  0	 20	   -0.237448	     3.33972	     9.02512	 0	[(0, 55)]
 56	 53	  2	   -0.237448	     3.70764	    0.316118	 1	[(53, 56)]
 57	 53	  4	   -0.237448	     2.24784	    0.296837	 1	[(53, 57)]
 58	 53	  6	   -0.237448	     3.92351	      5.1031	 0	[(53, 58)]
 59	 53	  7	   -0.237448	       4.584	     5.56468	 0	[(53, 59)]
 60	  0	 27	   -0.237448	     3.26165	     9.09508	 0	[(0, 60)]
 61	  0	 27	   -0.237448	     3.26165	     9.09508	 0	[(0, 61)]
 62	  0	 27	   -0.237448	     3.26165	     9.09508	 0	[(0, 62)]
 63	 60	  2	   -0.237448	     3.71239	    0.305275	 1	[(60, 63)]
 64	 60	  4	   -0.237448	     2.24781	    0.291544	 1	[(60, 64)]
 65	 60	  6	   -0.237448	     4.68576	     5.28784	 0	[(60, 65)]
 66	 60	  7	   -0.237448	     4.34337	     5.72934	 0	[(60, 66)]
 67	 60	  8	   -0.237448	     4.19879	     6.19653	 0	[(60, 67)]
 68	 60	  9	   -0.237448	     3.72466	     7.79121	 0	[(60, 68)]
 69	 60	 10	   -0.237448	     3.34202	     8.82941	 0	[(60, 69)]
 70	 60	 11	   -0.237448	     3.11495	     9.77229	 0	[(60, 70)]
 71	 60	 12	   -0.237448	     2.43032	     10.8578	 0	[(60, 71)]
 72	 60	 13	   -0.237448	     2.11028	     11.8115	 0	[(60, 72)]
 73	 60	 14	   -0.237448	    0.637372	     13.0127	 0	[(60, 73)]
 74	 60	 15	    -1.03764	    -1.03764	     14.0981	 0	[(60, 74)]
 75	 60	 16	    -1.03764	   -0.327265	     14.4193	 0	[(60, 75)]
 76	 60	 16	    -1.03764	   -0.327265	     14.4193	 0	[(60, 76)]
 77	 60	 16	    -1.03764	   -0.327265	     14.4193	 0	[(60, 77)]
 78	 60	 17	    -1.03764	     1.08969	     15.9893	 1	[(60, 78)]
 79	 60	 18	    -1.03764	     1.39644	     16.3649	 1	[(60, 79)]
 80	 60	 21	    -1.03764	   -0.186159	     15.0153	 0	[(60, 80)]
 81	 76	  5	    -1.03764	   -0.241927	    0.254719	 0	[(76, 81)]
 82	 60	 23	    -1.03764	   -0.228084	     15.1028	 0	[(60, 82)]
 83	 76	  8	    -1.03764	   -0.172677	    0.178651	 0	[(76, 83)]
 84	 60	 25	    -1.03764	     1.05992	     21.7307	 0	[(60, 84)]
 85	 60	 26	    -1.03764	    0.537453	     22.9656	 0	[(60, 85)]
 86	 60	 27	    -1.64401	    -1.64401	     24.2462	 0	[(60, 86)]
 87	 53	 35	    -1.93999	    -1.93999	     31.5501	 0	[(53, 87)]
 88	 53	 36	    -2.68532	    -2.68532	     32.5446	 0	[(53, 88)]
 89	 53	 37	    -3.38314	    -3.38314	     33.5007	 0	[(53, 89)]
 90	 53	 38	    -3.86443	    -3.86443	     34.4828	 0	[(53, 90)]
 91	 53	 39	    -4.20334	    -4.20334	     35.4007	 0	[(53, 91)]
 92	 53	 40	     -5.2489	     -5.2489	     36.5199	 0	[(53, 92)]
 93	 53	 41	    -5.52601	    -5.52601	     37.4181	 0	[(53, 93)]
 94	 53	 42	    -5.52601	    -4.86633	     37.4923	 0	[(53, 94)]
 95	 53	 42	    -5.52601	    -4.86633	     37.4923	 0	[(53, 95)]
 96	 53	 42	    -5.52601	    -4.86633	     37.4923	 0	[(53, 96)]
 97	 53	 42	    -5.52601	    -4.86633	     37.4923	 0	[(53, 97)]
 98	 53	 42	    -5.52601	    -4.86633	     37.4923	 0	[(53, 98)]
 99	 53	 45	    -5.52601	    -0.38027	      37.296	 1	[(53, 99)]
100	 53	 47	    -5.52601	    -1.05462	     41.7128	 1	[(53, 100)]
101	 53	 49	    -5.52601	    -1.14328	     42.9638	 0	[(53, 101)]
102	 53	 50	    -5.52601	    -1.14917	     43.2722	 0	[(53, 102)]
103	 53	 51	    -5.52601	    -1.38843	     44.6868	 0	[(53, 103)]
104	 53	 52	    -5.52601	    -1.76215	     46.0651	 0	[(53, 104)]
105	 53	 53	    -5.52601	    -1.95313	     47.0786	 0	[(53, 105)]
106	 53	 54	    -5.52601	    -2.01859	     47.9663	 0	[(53, 106)]
107	 53	 55	    -5.52601	    -2.82108	     49.1534	 0	[(53, 107)]
108	 53	 56	    -5.52601	    -3.04966	     50.1119	 0	[(53, 108)]
109	 53	 57	    -5.52601	    -3.25099	     51.0619	 0	[(53, 109)]
110	 53	 58	    -5.52601	    -3.47859	     51.9779	 0	[(53, 110)]
111	 53	 59	     -7.1207	     -7.1207	     53.3758	 0	[(53, 111)]
112	 53	 60	    -9.07536	    -9.07536	     54.4761	 0	[(53, 112)]
113	 53	 61	    -11.0579	    -11.0579	     55.5377	 0	[(53, 113)]
114	 53	 62	    -11.6618	    -11.6618	     56.4068	 0	[(53, 114)]
115	 53	 63	    -12.2907	    -12.2907	     57.3425	 0	[(53, 115)]
116	 53	 64	    -12.7447	    -12.7447	      58.239	 0	[(53, 116)]
117	 53	 65	    -13.2179	    -13.2179	     59.2195	 0	[(53, 117)]
118	 53	 66	    -13.4653	    -13.4653	     60.1306	 0	[(53, 118)]
119	 53	 67	    -13.5966	    -13.5966	     60.9304	 0	[(53, 119)]
120	 53	 68	    -14.2231	    -14.2231	     61.9459	 0	[(53, 120)]
121	 53	 69	    -14.3279	    -14.3279	     62.7497	 0	[(53, 121)]
122	 53	 70	    -14.3279	    -13.7269	     62.5327	 0	[(53, 122)]
123	 53	 71	    -14.3279	    -13.5688	     62.1562	 0	[(53, 123)]
124	 53	 71	    -14.3279	    -13.5688	     62.1562	 0	[(53, 124)]
125	 53	 71	    -14.3279	    -13.5688	     62.1562	 0	[(53, 125)]
126	 53	 71	    -14.3279	    -13.5688	     62.1562	 0	[(53, 126)]
127	 53	 73	    -14.3279	    -9.40542	      62.227	 1	[(53, 127)]
128	 53	 75	    -14.3279	    -11.1695	      62.264	 1	[(53, 128)]
129	 53	 77	    -14.3279	    -13.6171	     62.1433	 0	[(53, 129)]
130	  0	 97	    -14.3279	    -9.51872	     71.4058	 0	[(0, 130)]
131	 53	 79	    -14.3279	    -8.55519	     68.9569	 0	[(53, 131)]
132	 53	 80	    -14.3279	    -8.73838	     69.2888	 0	[(53, 132)]
133	 53	 81	    -14.3279	    -8.62423	     69.6627	 0	[(53, 133)]
134	 53	 82	    -14.3279	    -8.78123	     70.2887	 0	[(53, 134)]
135	 53	 83	    -14.3279	    -9.40967	     71.9286	 0	[(53, 135)]
136	 53	 84	    -14.3279	    -9.46452	     72.9108	 0	[(53, 136)]
137	 53	 85	    -14.3279	    -9.72529	     73.9166	 0	[(53, 137)]
138	 53	 86	    -14.3279	      -10.29	     74.9777	 0	[(53, 138)]
139	 53	 87	    -14.3279	    -9.97354	     75.4532	 0	[(53, 139)]
140	 53	 88	    -14.3279	    -10.1702	     76.2825	 0	[(53, 140)]
141	 53	 89	    -14.3279	    -9.79904	     75.7603	 0	[(53, 141)]
142	 53	 90	    -14.3279	    -9.75389	     75.4718	 0	[(53, 142)]
143	 53	 90	    -14.3279	    -9.75389	     75.4718	 0	[(53, 143)]
144	 53	 91	    -14.3279	     -10.099	     75.8024	 0	[(53, 144)]
145	 53	 92	    -14.3279	    -3.95087	     75.9452	 1	[(53, 145)]
146	 53	 94	    -14.3279	     -3.4277	     75.4236	 1	[(53, 146)]
147	 53	 95	    -14.3279	     -3.4125	     75.4446	 1	[(53, 147)]
148	 53	 96	    -14.3279	    -4.71646	     78.4001	 1	[(53, 148)]
149	 53	 97	    -14.3279	    -4.25846	     77.9328	 1	[(53, 149)]
150	 53	 98	    -14.3279	    -3.31334	     82.3629	 1	[(53, 150)]
151	 53	 99	    -14.3279	    -5.38313	     85.4628	 1	[(53, 151)]
152	 53	100	    -14.3279	    -6.56816	     86.6739	 1	[(53, 152)]
153	 53	101	    -14.3279	    -6.86755	     87.6461	 1	[(53, 153)]
154	 53	102	    -14.3279	    -7.09436	     88.4618	 1	[(53, 154)]
155	 53	103	    -14.3279	    -8.52935	     89.9065	 1	[(53, 155)]
156	 53	104	    -14.3279	    -10.1573	     91.1126	 1	[(53, 156)]
157	 53	105	    -14.3279	    -10.4524	     91.9864	 1	[(53, 157)]
158	 53	105	    -14.3279	    -10.4524	     91.9864	 1	[(53, 158)]
159	 53	106	    -14.3279	    -8.51016	     92.1204	 2	[(53, 159)]
160	 53	107	    -14.3279	    -8.33995	     92.6611	 2	[(53, 160)]
161	 53	109	    -14.3279	    -9.90123	     92.7863	 1	[(53, 161)]
162	 53	110	    -14.3279	    -9.41338	     96.7348	 1	[(53, 162)]
163	 53	111	    -14.3279	    -10.8027	     98.1996	 1	[(53, 163)]
164	 53	112	    -14.3279	    -13.5661	     99.3251	 1	[(53, 164)]
165	 53	113	    -14.3279	    -14.0395	     100.244	 1	[(53, 165)]
166	 53	114	    -14.3464	    -14.3464	     101.088	 1	[(53, 166)]
167	 53	115	    -14.3464	    -13.8426	     101.327	 1	[(53, 167)]
168	 53	115	    -14.3464	    -13.8426	     101.327	 1	[(53, 168)]
169	 53	116	    -14.3464	    -13.2638	      102.19	 2	[(53, 169)]
170	 53	117	    -14.3464	    -13.9796	     103.683	 2	[(53, 170)]
171	 53	119	     -14.594	     -14.594	      105.89	 1	[(53, 171)]
172	 53	120	    -15.1196	    -15.1196	     106.881	 1	[(53, 172)]
173	 53	121	    -17.0234	    -17.0234	     108.153	 1	[(53, 173)]
174	 53	122	    -17.5709	    -17.5709	      109.09	 1	[(53, 174)]
175	 53	123	    -18.9316	    -18.9316	     110.179	 1	[(53, 175)]
176	 53	124	    -19.5864	    -19.5864	     111.089	 1	[(53, 176)]
177	 53	125	    -20.7033	    -20.7033	     112.176	 1	[(53, 177)]
178	 53	126	    -20.9495	    -20.9495	     113.005	 1	[(53, 178)]
179	 53	127	    -21.1228	    -21.1228	     113.862	 1	[(53, 179)]
180	 53	128	    -21.7301	    -21.7301	     114.902	 1	[(53, 180)]
181	 53	129	    -22.0194	    -22.0194	     115.887	 1	[(53, 181)]
182	 53	130	     -22.224	     -22.224	     116.842	 1	[(53, 182)]
183	 53	131	     -22.224	    -21.6279	      116.79	 1	[(53, 183)]
184	 53	131	     -22.224	    -21.6279	      116.79	 1	[(53, 184)]
185	 53	131	     -22.224	    -21.6279	      116.79	 1	[(53, 185)]
186	 53	131	     -22.224	    -21.6279	      116.79	 1	[(53, 186)]
187	 53	131	     -22.224	    -21.6279	      116.79	 1	[(53, 187)]
188	 53	131	     -22.224	    -21.6279	      116.79	 1	[(53, 188)]
189	 53	135	     -22.224	    -21.5271	     116.393	 1	[(53, 189)]
190	 53	137	     -22.224	    -21.5346	     116.408	 1	[(53, 190)]
191	 53	137	     -22.224	    -21.5346	     116.408	 1	[(53, 191)]
192	 53	137	     -22.224	    -21.5346	     116.408	 1	[(53, 192)]
193	 53	137	     -22.224	    -21.5346	     116.408	 1	[(53, 193)]
194	 53	137	     -22.224	    -21.5346	     116.408	 1	[(53, 194)]
195	 53	137	     -22.224	    -21.5346	     116.408	 1	[(53, 195)]
196	 53	137	     -22.224	    -21.5346	     116.408	 1	[(53, 196)]
197	 53	137	     -22.224	    -21.5346	     116.408	 1	[(53, 197)]
198	 53	137	     -22.224	    -21.5346	     116.408	 1	[(53, 198)]
199	 53	137	     -22.224	    -21.5346	     116.408	 1	[(53, 199)]
200	 53	137	     -22.224	    -21.5346	     116.408	 1	[(53, 200)]
201	 53	137	     -22.224	    -21.5346	     116.408	 1	[(53, 201)]
202	 53	141	     -22.224	     -17.571	     116.737	 2	[(53, 202)]
203	 53	142	     -22.224	     -17.128	     116.694	 2	[(53, 203)]
204	 53	145	     -22.224	    -16.2148	     123.021	 2	[(53, 204)]
205	 53	147	     -22.224	    -16.0512	     125.008	 2	[(53, 205)]
206	 53	151	     -22.224	     -16.295	     127.938	 2	[(53, 206)]
207	 53	152	     -22.224	    -14.4356	     129.026	 2	[(53, 207)]
208	 53	153	     -22.224	    -15.1467	     132.018	 2	[(53, 208)]
209	 53	154	     -22.224	    -15.5409	     133.692	 2	[(53, 209)]
210	 53	154	     -22.224	    -15.5409	     133.692	 2	[(53, 210)]
211	 53	154	     -22.224	    -15.5409	     133.692	 2	[(53, 211)]
212	 53	155	     -22.224	    -12.9977	     134.606	 3	[(53, 212)]
213	 53	156	     -22.224	    -14.6954	     135.634	 3	[(53, 213)]
214	 53	157	     -22.224	    -15.8711	      136.62	 3	[(53, 214)]
215	 53	158	     -22.224	    -17.4707	     137.653	 3	[(53, 215)]
216	 53	159	     -22.224	    -20.0173	     138.685	 3	[(53, 216)]
217	 53	160	     -22.224	    -21.0851	      139.62	 3	[(53, 217)]
218	 53	161	    -23.4558	    -23.4558	     140.673	 3	[(53, 218)]
219	 53	162	    -24.5008	    -24.5008	     141.668	 3	[(53, 219)]
220	 53	164	    -25.6535	    -25.6535	     142.875	 3	[(53, 220)]
221	 53	165	     -26.484	     -26.484	     144.455	 3	[(53, 221)]
222	 53	166	     -26.484	    -25.7628	     144.325	 3	[(53, 222)]
223	 53	166	     -26.484	    -25.7628	     144.325	 3	[(53, 223)]
224	 53	166	     -26.484	    -25.7628	     144.325	 3	[(53, 224)]
225	 53	168	     -26.484	    -18.9987	     143.489	 4	[(53, 225)]
226	 53	170	     -26.484	    -20.4558	     142.999	 4	[(53, 226)]
227	 53	172	     -26.484	    -23.1364	     142.795	 3	[(53, 227)]
228	 53	173	     -26.484	    -21.4464	     150.822	 3	[(53, 228)]
229	 53	174	     -26.484	    -21.8089	     152.306	 3	[(53, 229)]
230	 53	175	     -26.484	    -21.8773	     153.124	 3	[(53, 230)]
231	 53	176	     -26.484	    -21.3355	     152.952	 3	[(53, 231)]
232	 53	177	     -26.484	    -21.1983	     152.576	 3	[(53, 232)]
233	 53	177	     -26.484	    -21.1983	     152.576	 3	[(53, 233)]
234	 53	178	     -26.484	    -18.9305	     152.918	 4	[(53, 234)]
235	 53	179	     -26.484	    -18.6811	     152.934	 4	[(53, 235)]
236	 53	181	     -26.484	    -18.4965	     158.427	 3	[(53, 236)]
237	 53	182	     -26.484	    -18.5601	     159.539	 3	[(53, 237)]
238	 53	183	     -26.484	    -18.7999	     160.738	 3	[(53, 238)]
239	 53	184	     -26.484	    -18.8439	     161.697	 3	[(53, 239)]
240	 53	185	     -26.484	    -19.3731	     162.874	 3	[(53, 240)]
241	 53	186	     -26.484	    -20.1375	     164.011	 3	[(53, 241)]
242	 53	187	     -26.484	    -20.3069	     164.918	 3	[(53, 242)]
243	 53	188	     -26.484	    -20.6115	     165.855	 3	[(53, 243)]
244	 53	189	     -26.484	    -20.7747	     166.734	 3	[(53, 244)]
245	 53	190	     -26.484	    -20.8811	      167.67	 3	[(53, 245)]
246	 53	191	     -26.484	    -20.3518	     167.463	 3	[(53, 246)]
247	 53	191	     -26.484	    -20.3518	     167.463	 3	[(53, 247)]
248	 53	191	     -26.484	    -20.3518	     167.463	 3	[(53, 248)]
249	 53	191	     -26.484	    -20.3518	     167.463	 3	[(53, 249)]
250	 53	191	     -26.484	    -20.3518	     167.463	 3	[(53, 250)]
251	 53	191	     -26.484	    -20.3518	     167.463	 3	[(53, 251)]
252	 53	191	     -26.484	    -20.3518	     167.463	 3	[(53, 252)]
253	 53	193	     -26.484	    -20.6343	     167.783	 3	[(53, 253)]
254	 53	194	     -26.484	     -20.628	     167.769	 3	[(53, 254)]
255	 53	195	     -26.484	    -20.6174	     167.787	 3	[(53, 255)]
256	 53	196	     -26.484	    -20.6611	     167.852	 3	[(53, 256)]
257	 53	197	     -26.484	    -20.6742	     167.839	 3	[(53, 257)]
258	 53	198	     -26.484	     -20.718	     167.879	 3	[(53, 258)]
259	 53	199	     -26.484	    -20.7002	     167.861	 3	[(53, 259)]
260	 53	200	     -26.484	     -20.722	     167.885	 3	[(53, 260)]
261	 53	201	     -26.484	    -13.2115	     167.894	 4	[(53, 261)]
262	 53	202	     -26.484	    -13.1085	     167.916	 4	[(53, 262)]
263	 53	203	     -26.484	    -12.9713	     167.927	 4	[(53, 263)]
264	 53	204	     -26.484	    -13.4486	     168.413	 4	[(53, 264)]
265	 53	205	     -26.484	    -16.0092	     169.856	 4	[(53, 265)]
266	 53	206	     -26.484	    -18.6375	      173.49	 4	[(53, 266)]
267	 53	207	     -26.484	    -22.3499	     176.252	 4	[(53, 267)]
268	 53	208	    -27.7394	    -27.7394	     178.412	 4	[(53, 268)]
269	 53	209	    -34.4793	    -34.4793	     181.975	 4	[(53, 269)]
270	 53	210	    -39.0704	    -39.0704	     184.628	 4	[(53, 270)]
271	 53	211	    -39.0704	    -38.3986	     185.102	 4	[(53, 271)]
272	 53	212	    -39.0704	    -37.9753	     185.196	 4	[(53, 272)]
273	 53	213	    -39.0704	    -37.8222	     185.029	 4	[(53, 273)]
274	 53	213	    -39.0704	    -37.8222	     185.029	 4	[(53, 274)]
275	 53	213	    -39.0704	    -37.8222	     185.029	 4	[(53, 275)]
276	 53	213	    -39.0704	    -37.8222	     185.029	 4	[(53, 276)]
277	 53	213	    -39.0704	    -37.8222	     185.029	 4	[(53, 277)]
278	 53	213	    -39.0704	    -37.8222	     185.029	 4	[(53, 278)]
279	 53	213	    -39.0704	    -37.8222	     185.029	 4	[(53, 279)]
280	 53	215	    -39.0704	    -34.1145	     185.345	 5	[(53, 280)]
281	 53	218	    -39.0704	    -35.6957	     185.454	 5	[(53, 281)]
282	 53	220	    -39.0704	    -38.0987	     185.305	 4	[(53, 282)]
283	 53	221	    -39.0704	    -33.8801	     190.855	 4	[(53, 283)]
284	 53	222	    -39.0704	    -33.9147	      191.32	 4	[(53, 284)]
285	 53	223	    -39.0704	    -33.7885	      192.58	 4	[(53, 285)]
286	 53	224	    -39.0704	    -33.3364	      191.99	 4	[(53, 286)]
287	 53	225	    -39.0704	    -33.2597	     191.983	 4	[(53, 287)]
288	 53	226	    -39.0704	    -33.2776	     191.898	 4	[(53, 288)]
289	 53	226	    -39.0704	    -33.2776	     191.898	 4	[(53, 289)]
290	 53	226	    -39.0704	    -33.2776	     191.898	 4	[(53, 290)]
291	 53	226	    -39.0704	    -33.2776	     191.898	 4	[(53, 291)]
292	 53	228	    -39.0704	     -29.191	     192.032	 5	[(53, 292)]
293	 53	230	    -39.0704	    -33.4207	     192.078	 4	[(53, 293)]
294	 53	232	    -39.0704	    -33.3403	     191.919	 4	[(53, 294)]
295	 53	233	    -39.0704	     -33.356	     191.936	 4	[(53, 295)]
296	 53	234	    -39.0704	    -28.2188	     198.841	 4	[(53, 296)]
297	 53	235	    -39.0704	    -28.5005	     198.229	 4	[(53, 297)]
298	 53	236	    -39.0704	    -28.5585	     198.728	 4	[(53, 298)]
299	 53	238	    -39.0704	     -28.957	     198.896	 4	[(53, 299)]
300	 53	239	    -39.0704	    -29.2558	     200.217	 4	[(53, 300)]
301	 53	240	    -39.0704	    -29.4542	     201.235	 4	[(53, 301)]
302	 53	241	    -39.0704	    -29.7457	     202.397	 4	[(53, 302)]
303	 53	242	    -39.0704	    -23.3795	     203.359	 5	[(53, 303)]
304	 53	243	    -39.0704	    -23.6969	     204.445	 5	[(53, 304)]
305	 53	244	    -39.0704	    -23.9005	     205.442	 5	[(53, 305)]
306	 53	247	    -39.0704	    -23.4191	     206.188	 5	[(53, 306)]
307	 53	248	    -39.0704	    -23.6676	     207.345	 5	[(53, 307)]
308	 53	249	    -39.0704	    -24.2541	     208.516	 5	[(53, 308)]
309	 53	250	    -39.0704	    -24.5873	     209.447	 5	[(53, 309)]
310	 53	251	    -39.0704	    -26.4057	      211.09	 5	[(53, 310)]
311	 53	252	    -39.0704	    -26.6039	     211.908	 5	[(53, 311)]
312	 53	253	    -39.0704	    -27.3125	     212.917	 5	[(53, 312)]
313	 53	253	    -39.0704	    -27.3125	     212.917	 5	[(53, 313)]
314	 53	254	    -39.0704	    -27.4753	     213.182	 5	[(53, 314)]
315	 53	254	    -39.0704	    -27.4753	     213.182	 5	[(53, 315)]
316	 53	254	    -39.0704	    -27.4753	     213.182	 5	[(53, 316)]
317	 53	255	    -39.0704	    -27.6578	      213.29	 5	[(53, 317)]
318	 53	255	    -39.0704	    -27.6578	      213.29	 5	[(53, 318)]
319	 53	256	    -39.0704	    -24.4631	     213.399	 6	[(53, 319)]
320	 53	257	    -39.0704	    -24.2858	      214.19	 6	[(53, 320)]
321	 53	260	    -39.0704	    -22.5403	     213.774	 6	[(53, 321)]
322	 53	261	    -39.0704	    -24.4687	     215.604	 6	[(53, 322)]
323	 53	263	    -39.0704	    -22.7242	     217.407	 6	[(53, 323)]
324	 53	265	    -39.0704	    -22.6374	      222.28	 6	[(53, 324)]
325	 53	266	    -39.0704	    -21.8664	     222.595	 6	[(53, 325)]
326	 53	266	    -39.0704	    -21.8664	     222.595	 6	[(53, 326)]
327	 53	266	    -39.0704	    -21.8664	     222.595	 6	[(53, 327)]
328	 53	267	    -39.0704	    -17.6434	     222.811	 7	[(53, 328)]
329	 53	268	    -39.0704	    -20.5534	     224.284	 7	[(53, 329)]
330	 53	270	    -39.0704	     -23.251	     225.049	 7	[(53, 330)]
331	 53	271	    -39.0704	     -29.026	     229.853	 7	[(53, 331)]
332	 53	272	    -39.0704	    -34.9887	     232.387	 7	[(53, 332)]
333	 53	273	    -39.0704	    -34.4754	     232.933	 7	[(53, 333)]
334	 53	274	    -39.0704	    -34.2881	     233.553	 7	[(53, 334)]
335	 53	275	    -39.0704	    -34.0244	     233.291	 7	[(53, 335)]
336	 53	276	    -39.0704	    -34.0278	     233.214	 7	[(53, 336)]
337	 53	278	    -39.0704	    -32.6838	     232.938	 8	[(53, 337)]
338	 53	280	    -39.0704	     -34.651	     238.177	 7	[(53, 338)]
339	 53	281	    -39.9271	    -39.9271	     239.752	 7	[(53, 339)]
340	 53	282	    -41.2958	    -41.2958	     240.719	 7	[(53, 340)]
341	 53	283	    -41.9353	    -41.9353	      241.61	 7	[(53, 341)]
342	 53	284	    -41.9353	    -41.3741	     241.942	 7	[(53, 342)]
343	 53	284	    -41.9353	    -41.3741	     241.942	 7	[(53, 343)]
344	 53	285	    -41.9353	    -41.5383	     242.102	 7	[(53, 344)]
345	 53	285	    -41.9353	    -41.5383	     242.102	 7	[(53, 345)]
346	 53	286	    -41.9353	    -41.6858	     242.262	 7	[(53, 346)]
347	 53	286	    -41.9353	    -41.6858	     242.262	 7	[(53, 347)]
348	 53	286	    -41.9353	    -41.6858	     242.262	 7	[(53, 348)]
349	 53	286	    -41.9353	    -41.6858	     242.262	 7	[(53, 349)]
350	 53	287	    -41.9353	    -41.8819	     243.027	 7	[(53, 350)]
351	 53	288	    -41.9353	    -41.8548	     242.789	 7	[(53, 351)]
352	 53	289	    -41.9353	    -41.8401	      242.67	 7	[(53, 352)]
353	 53	289	    -41.9353	    -41.8401	      242.67	 7	[(53, 353)]
354	 53	289	    -41.9353	    -41.8401	      242.67	 7	[(53, 354)]
355	 53	290	    -42.0414	    -42.0414	     243.079	 7	[(53, 355)]
356	 53	292	    -42.0414	     -34.579	     242.861	 8	[(53, 356)]
357	 53	292	    -42.0414	     -34.579	     242.861	 8	[(53, 357)]
358	 53	292	    -42.0414	     -34.579	     242.861	 8	[(53, 358)]
359	 53	292	    -42.0414	     -34.579	     242.861	 8	[(53, 359)]
360	 53	296	    -42.0414	    -30.3411	     242.887	 9	[(53, 360)]
361	 53	298	    -42.0414	    -32.1565	     242.851	 9	[(53, 361)]
362	 53	301	    -42.0414	    -30.0715	     242.607	 9	[(53, 362)]
363	 53	302	    -42.0414	    -21.3097	     257.502	 9	[(53, 363)]
364	 53	303	    -42.0414	    -21.4472	      256.84	 9	[(53, 364)]
365	 53	304	    -42.0414	    -21.4886	      256.71	 9	[(53, 365)]
366	 53	305	    -42.0414	    -21.5699	      257.07	 9	[(53, 366)]
367	 53	307	    -42.0414	    -20.2858	     261.185	 9	[(53, 367)]
368	 53	308	    -42.0414	    -19.9215	     261.927	 9	[(53, 368)]
369	 53	309	    -42.0414	      -19.55	     262.551	 9	[(53, 369)]
370	 53	310	    -42.0414	    -19.3466	      261.97	 9	[(53, 370)]
371	 53	311	    -42.0414	    -19.2988	     262.809	 9	[(53, 371)]
372	 53	312	    -42.0414	    -20.6481	      264.05	 9	[(53, 372)]
373	 53	313	    -42.0414	    -20.3543	     266.176	 9	[(53, 373)]
374	 53	314	    -42.0414	    -24.2997	     264.086	 9	[(53, 374)]
375	 53	315	    -42.0414	    -25.9358	     265.015	 9	[(53, 375)]
376	 53	316	    -42.0414	    -26.6801	     265.409	 9	[(53, 376)]
377	 53	317	    -42.0414	     -26.796	     266.145	 9	[(53, 377)]
378	 53	319	    -42.0414	    -26.6058	     268.447	 9	[(53, 378)]
379	 53	320	    -42.0414	    -28.0585	     269.688	 9	[(53, 379)]
380	 53	321	    -42.0414	    -29.0002	     270.947	 9	[(53, 380)]
381	 53	322	    -42.0414	    -29.1805	     271.748	 9	[(53, 381)]
382	 53	323	    -42.0414	    -30.1016	     273.134	 9	[(53, 382)]
383	 53	324	    -42.0414	     -31.348	      278.33	 9	[(53, 383)]
384	 53	325	    -42.0414	    -32.7784	     280.434	 9	[(53, 384)]
385	 53	326	    -42.0414	    -33.4502	     281.386	 9	[(53, 385)]
386	 53	327	    -42.0414	    -33.7442	      282.22	 9	[(53, 386)]
387	 53	328	    -42.0414	    -34.4114	     283.186	 9	[(53, 387)]
388	 53	329	    -42.0414	    -33.9708	     283.646	 9	[(53, 388)]
389	 53	330	    -42.0414	    -33.9073	     284.007	 9	[(53, 389)]
390	 53	331	    -42.0414	     -33.689	     283.549	 9	[(53, 390)]
391	 53	332	    -42.0414	    -33.6418	     283.405	 9	[(53, 391)]
392	 53	332	    -42.0414	    -33.6418	     283.405	 9	[(53, 392)]
393	 53	332	    -42.0414	    -33.6418	     283.405	 9	[(53, 393)]
394	 53	333	    -42.0414	    -33.7693	     283.617	 9	[(53, 394)]
395	 53	334	    -42.0414	    -33.7668	     283.587	 9	[(53, 395)]
396	 53	334	    -42.0414	    -33.7668	     283.587	 9	[(53, 396)]
397	 53	335	    -42.0414	    -27.3551	     283.753	10	[(53, 397)]
398	 53	336	    -42.0414	     -27.288	      283.65	10	[(53, 398)]
399	 53	336	    -42.0414	     -27.288	      283.65	10	[(53, 399)]
400	 53	337	    -42.0414	    -25.2408	     283.799	11	[(53, 400)]
401	 53	338	    -42.0414	     -24.993	     283.702	11	[(53, 401)]
402	 53	340	    -42.0414	     -24.082	     289.359	10	[(53, 402)]
403	 53	341	    -42.0414	    -24.0442	     290.491	10	[(53, 403)]
404	 53	343	    -42.0414	    -24.2759	     291.787	10	[(53, 404)]
405	 53	344	    -42.0414	    -25.1467	     294.055	10	[(53, 405)]
406	 53	345	    -42.0414	     -25.429	     295.384	10	[(53, 406)]
407	 53	346	    -42.0414	    -25.6149	     296.419	10	[(53, 407)]
408	 53	347	    -42.0414	    -25.1417	     296.979	10	[(53, 408)]
409	 53	347	    -42.0414	    -25.1417	     296.979	10	[(53, 409)]
410	 53	348	    -42.0414	    -25.3104	     297.314	10	[(53, 410)]
411	 53	348	    -42.0414	    -25.3104	     297.314	10	[(53, 411)]
412	 53	348	    -42.0414	    -25.3104	     297.314	10	[(53, 412)]
413	 53	349	    -42.0414	    -25.4764	     297.505	10	[(53, 413)]
414	 53	349	    -42.0414	    -25.4764	     297.505	10	[(53, 414)]
415	 53	349	    -42.0414	    -25.4764	     297.505	10	[(53, 415)]
416	 53	351	    -42.0414	    -18.7045	     298.157	11	[(53, 416)]
417	 53	352	    -42.0414	    -18.6072	     297.991	11	[(53, 417)]
418	 53	352	    -42.0414	    -18.6072	     297.991	11	[(53, 418)]
419	 53	352	    -42.0414	    -18.6072	     297.991	11	[(53, 419)]
420	 53	353	    -42.0414	    -15.1127	     299.551	12	[(53, 420)]
421	 53	355	    -42.0414	    -16.0291	       298.6	12	[(53, 421)]
422	 53	357	    -42.0414	    -15.6604	     304.529	11	[(53, 422)]
423	 53	358	    -42.0414	     -15.645	     304.209	11	[(53, 423)]
424	 53	359	    -42.0414	    -16.0522	     305.436	11	[(53, 424)]
425	 53	360	    -42.0414	    -16.3508	     306.691	11	[(53, 425)]
426	 53	361	    -42.0414	    -16.4705	     307.661	11	[(53, 426)]
427	 53	362	    -42.0414	    -20.5084	     309.023	11	[(53, 427)]
428	 53	363	    -42.0414	    -22.0759	     310.146	11	[(53, 428)]
429	 53	364	    -42.0414	    -21.4577	     310.911	11	[(53, 429)]
430	 53	366	    -42.0414	    -20.5355	     309.806	11	[(53, 430)]
431	 53	366	    -42.0414	    -20.5355	     309.806	11	[(53, 431)]
432	 53	367	    -42.0414	    -20.7233	     309.976	11	[(53, 432)]
433	 53	367	    -42.0414	    -20.7233	     309.976	11	[(53, 433)]
434	 53	369	    -42.0414	    -20.4588	     309.407	11	[(53, 434)]
435	 53	370	    -42.0414	    -23.6804	     313.747	11	[(53, 435)]
436	 53	371	    -42.0414	    -23.1738	     314.347	11	[(53, 436)]
437	 53	372	    -42.0414	    -22.8148	       314.5	11	[(53, 437)]
438	 53	373	    -42.0414	     -22.725	     314.711	11	[(53, 438)]
439	 53	375	    -42.0414	    -22.1333	     311.341	11	[(53, 439)]
440	 53	375	    -42.0414	    -22.1333	     311.341	11	[(53, 440)]
441	 53	376	    -42.0414	     -22.298	     311.478	11	[(53, 441)]
442	 53	377	    -42.0414	    -22.2908	     311.541	11	[(53, 442)]
443	 53	378	    -42.0414	    -22.3108	     311.359	11	[(53, 443)]
444	 53	379	    -42.0414	    -22.3003	     311.621	11	[(53, 444)]
445	 53	381	    -42.0414	    -15.2305	     311.697	12	[(53, 445)]
446	 53	382	    -42.0414	    -15.2439	     311.757	12	[(53, 446)]
447	 53	383	    -42.0414	    -9.64905	      324.94	12	[(53, 447)]
448	 53	384	    -42.0414	    -10.1841	     326.205	12	[(53, 448)]
449	 53	385	    -42.0414	    -9.64303	     326.159	12	[(53, 449)]
450	 53	386	    -42.0414	    -10.2713	      327.64	12	[(53, 450)]
451	 53	387	    -42.0414	    -12.7232	     328.515	12	[(53, 451)]
452	 53	388	    -42.0414	    -14.4459	     329.904	12	[(53, 452)]
453	 53	389	    -42.0414	    -13.7208	     330.229	12	[(53, 453)]
454	 53	390	    -42.0414	    -13.2768	     330.194	12	[(53, 454)]
455	 53	391	    -42.0414	     -7.5351	     330.051	13	[(53, 455)]
456	 53	391	    -42.0414	     -7.5351	     330.051	13	[(53, 456)]
457	 53	392	    -42.0414	    -6.42894	     330.854	14	[(53, 457)]
458	 53	393	    -42.0414	    -6.08856	     331.384	14	[(53, 458)]
459	 53	395	    -42.0414	    -8.30356	     325.299	13	[(53, 459)]
460	 53	396	    -42.0414	    -1.38114	     332.562	14	[(53, 460)]
461	 53	397	    -42.0414	    -1.93289	     336.483	14	[(53, 461)]
462	 53	398	    -42.0414	    -2.01134	     337.676	14	[(53, 462)]
463	 53	399	    -42.0414	    -3.48699	     338.931	14	[(53, 463)]
464	 53	400	    -42.0414	    -4.09117	     339.954	14	[(53, 464)]
465	 53	401	    -42.0414	    -3.62808	     340.644	14	[(53, 465)]
466	 53	401	    -42.0414	    -3.62808	     340.644	14	[(53, 466)]
467	 53	403	    -42.0414	    -3.54591	     341.109	14	[(53, 467)]
468	 53	404	    -42.0414	    -3.59736	     340.899	14	[(53, 468)]
469	 53	405	    -42.0414	    -3.48216	     340.979	14	[(53, 469)]
470	 53	406	    -42.0414	    -3.39785	     340.771	14	[(53, 470)]
471	 53	408	    -42.0414	    -2.04513	     340.324	14	[(53, 471)]
472	 53	408	    -42.0414	    -2.04513	     340.324	14	[(53, 472)]
473	 53	408	    -42.0414	    -2.04513	     340.324	14	[(53, 473)]
474	 53	409	    -42.0414	    -2.21051	     340.534	14	[(53, 474)]
475	 53	409	    -42.0414	    -2.21051	     340.534	14	[(53, 475)]
476	 53	409	    -42.0414	    -2.21051	     340.534	14	[(53, 476)]
477	 53	409	    -42.0414	    -2.21051	     340.534	14	[(53, 477)]
478	 53	409	    -42.0414	    -2.21051	     340.534	14	[(53, 478)]
479	 53	409	    -42.0414	    -2.21051	     340.534	14	[(53, 479)]
480	 53	409	    -42.0414	    -2.21051	     340.534	14	[(53, 480)]
481	 53	409	    -42.0414	    -2.21051	     340.534	14	[(53, 481)]
482	 53	409	    -42.0414	    -2.21051	     340.534	14	[(53, 482)]
483	 53	409	    -42.0414	    -2.21051	     340.534	14	[(53, 483)]
484	 53	409	    -42.0414	    -2.21051	     340.534	14	[(53, 484)]
485	 53	409	    -42.0414	    -2.21051	     340.534	14	[(53, 485)]
486	 53	409	    -42.0414	    -2.21051	     340.534	14	[(53, 486)]
487	 53	409	    -42.0414	    -2.21051	     340.534	14	[(53, 487)]
488	 53	409	    -42.0414	    -2.21051	     340.534	14	[(53, 488)]
489	 53	409	    -42.0414	    -2.21051	     340.534	14	[(53, 489)]
490	 53	409	    -42.0414	    -2.21051	     340.534	14	[(53, 490)]
491	 53	409	    -42.0414	    -2.21051	     340.534	14	[(53, 491)]
492	 53	409	    -42.0414	    -2.21051	     340.534	14	[(53, 492)]
493	 53	409	    -42.0414	    -2.21051	     340.534	14	[(53, 493)]
494	 53	409	    -42.0414	    -2.21051	     340.534	14	[(53, 494)]
495	 53	409	    -42.0414	    -2.21051	     340.534	14	[(53, 495)]
496	 53	410	    -42.0414	    -2.39529	     340.633	14	[(53, 496)]
497	 53	410	    -42.0414	    -2.39529	     340.633	14	[(53, 497)]
498	 53	410	    -42.0414	    -2.39529	     340.633	14	[(53, 498)]
499	 53	410	    -42.0414	    -2.39529	     340.633	14	[(53, 499)]
500	 53	410	    -42.0414	    -2.39529	     340.633	14	[(53, 500)]
501	 53	412	    -42.0414	    -3.28631	     342.213	14	[(53, 501)]
502	 53	414	    -42.0414	    -2.85635	     343.532	14	[(53, 502)]
503	 53	414	    -42.0414	    -2.85635	     343.532	14	[(53, 503)]
504	 53	416	    -42.0414	    -1.37329	     344.956	14	[(53, 504)]
505	 53	417	    -42.0414	    -2.77674	     346.181	14	[(53, 505)]
506	 53	419	    -42.0414	   -0.618147	      345.84	14	[(53, 506)]
507	 53	420	    -42.0414	   -0.455616	     345.625	14	[(53, 507)]
508	 53	421	    -42.0414	     8.23283	     345.422	15	[(53, 508)]
509	 53	422	    -42.0414	     7.47538	     346.634	15	[(53, 509)]
510	 53	423	    -42.0414	     5.81676	     348.714	15	[(53, 510)]
511	 53	424	    -42.0414	     4.62222	     349.218	15	[(53, 511)]
512	 53	425	    -42.0414	     5.10018	     349.824	15	[(53, 512)]
513	 53	426	    -42.0414	     5.38026	     350.126	15	[(53, 513)]
514	 53	427	    -42.0414	     5.60672	     350.273	15	[(53, 514)]
515	512	 99	    -42.0414	    -5.81109	     71.7219	 1	[(0, 130), (512, 515)]
516	512	101	    -42.0414	    -9.78505	     71.6999	 0	[(0, 130), (512, 516)]
517	 53	431	    -42.0414	     1.44012	      356.27	15	[(53, 517)]
518	 53	432	    -42.0414	    0.434862	     357.157	15	[(53, 518)]
519	 53	433	    -42.0414	    -3.40262	     358.295	15	[(53, 519)]
520	 53	434	    -42.0414	    -4.29106	     359.193	15	[(53, 520)]
521	 53	435	    -42.0414	    -4.72957	     360.075	15	[(53, 521)]
522	 53	436	    -42.0414	    -5.78944	     361.094	15	[(53, 522)]
523	 53	437	    -42.0414	    -6.93424	     362.155	15	[(53, 523)]
524	 53	438	    -42.0414	    -7.13974	     362.953	15	[(53, 524)]
525	 53	439	    -42.0414	    -7.66009	     363.873	15	[(53, 525)]
526	 53	439	    -42.0414	    -7.66009	     363.873	15	[(53, 526)]
527	 53	440	    -42.0414	    -6.26489	     364.476	16	[(53, 527)]
528	 53	441	    -42.0414	    -6.67757	     365.345	16	[(53, 528)]
529	 53	443	    -42.0414	    -9.05596	     367.924	15	[(53, 529)]
530	 53	444	    -42.0414	    -9.25559	      368.83	15	[(53, 530)]
531	 53	445	    -42.0414	    -9.73156	     369.795	15	[(53, 531)]
532	 53	446	    -42.0414	    -10.1356	     370.697	15	[(53, 532)]
533	 53	447	    -42.0414	    -10.9307	     371.813	15	[(53, 533)]
534	 53	448	    -42.0414	    -11.1213	     372.699	15	[(53, 534)]
535	 53	449	    -42.0414	    -11.3397	      373.62	15	[(53, 535)]
536	 53	450	    -42.0414	    -12.6803	     374.818	15	[(53, 536)]
537	 53	451	    -42.0414	    -12.7961	     375.688	15	[(53, 537)]
538	 53	452	    -42.0414	    -13.4645	     376.765	15	[(53, 538)]
539	 53	453	    -42.0414	    -13.7476	     377.641	15	[(53, 539)]
540	 53	454	    -42.0414	    -13.8762	     378.557	15	[(53, 540)]
541	 53	455	    -42.0414	    -14.1583	     379.519	15	[(53, 541)]
542	 53	456	    -42.0414	    -14.4153	     380.534	15	[(53, 542)]
543	 53	457	    -42.0414	    -14.9808	     381.658	15	[(53, 543)]
544	 53	458	    -42.0414	    -15.1416	     382.573	15	[(53, 544)]
545	 53	459	    -42.0414	    -15.4915	     383.577	15	[(53, 545)]
546	 53	460	    -42.0414	    -15.5248	     384.331	15	[(53, 546)]
547	 53	461	    -42.0414	     -15.691	     385.171	15	[(53, 547)]
548	 53	462	    -42.0414	    -15.1519	     384.851	15	[(53, 548)]
549	 53	462	    -42.0414	    -15.1519	     384.851	15	[(53, 549)]
550	 53	462	    -42.0414	    -15.1519	     384.851	15	[(53, 550)]
551	 53	462	    -42.0414	    -15.1519	     384.851	15	[(53, 551)]
552	 53	462	    -42.0414	    -15.1519	     384.851	15	[(53, 552)]
553	 53	462	    -42.0414	    -15.1519	     384.851	15	[(53, 553)]
554	 53	464	    -42.0414	    -15.4177	     385.382	15	[(53, 554)]
555	 53	464	    -42.0414	    -15.4177	     385.382	15	[(53, 555)]
556	 53	466	    -42.0414	    -15.5492	     385.366	15	[(53, 556)]
557	 53	466	    -42.0414	    -15.5492	     385.366	15	[(53, 557)]
558	 53	468	    -42.0414	     -16.892	     375.519	15	[(53, 558)]
559	 53	468	    -42.0414	     -16.892	     375.519	15	[(53, 559)]
560	 53	468	    -42.0414	     -16.892	     375.519	15	[(53, 560)]
561	 53	469	    -42.0414	    -16.4483	     379.405	15	[(53, 561)]
562	 53	469	    -42.0414	    -16.4483	     379.405	15	[(53, 562)]
563	 53	469	    -42.0414	    -16.4483	     379.405	15	[(53, 563)]
564	 53	469	    -42.0414	    -16.4483	     379.405	15	[(53, 564)]
565	 53	469	    -42.0414	    -16.4483	     379.405	15	[(53, 565)]
566	 53	469	    -42.0414	    -16.4483	     379.405	15	[(53, 566)]
567	 53	469	    -42.0414	    -16.4483	     379.405	15	[(53, 567)]
568	 53	469	    -42.0414	    -16.4483	     379.405	15	[(53, 568)]
569	 53	469	    -42.0414	    -16.4483	     379.405	15	[(53, 569)]
570	 53	469	    -42.0414	    -16.4483	     379.405	15	[(53, 570)]
571	 53	469	    -42.0414	    -16.4483	     379.405	15	[(53, 571)]
572	 53	469	    -42.0414	    -16.4483	     379.405	15	[(53, 572)]
573	 53	469	    -42.0414	    -16.4483	     379.405	15	[(53, 573)]
574	 53	469	    -42.0414	    -16.4483	     379.405	15	[(53, 574)]
575	 53	472	    -42.0414	    -6.97189	      375.98	17	[(53, 575)]
576	 53	474	    -42.0414	    -6.82957	     379.097	17	[(53, 576)]
577	 34	497	    -42.0414	    -6.87959	     404.226	17	[(34, 577)]
578	 34	498	    -42.0414	    -8.58766	     405.586	17	[(34, 578)]
579	 34	500	    -42.0414	    -11.9696	     404.836	16	[(34, 579)]
580	 34	501	    -42.0414	    -13.8975	     405.566	16	[(34, 580)]
581	 53	483	    -42.0414	    -9.09734	     398.062	18	[(53, 581)]
582	 53	485	    -42.0414	    -12.4536	     400.847	17	[(53, 582)]
583	 53	487	    -42.0414	    -12.7118	     401.597	16	[(53, 583)]
584	 53	488	    -42.0414	    -12.1953	     401.967	16	[(53, 584)]
585	 53	488	    -42.0414	    -12.1953	     401.967	16	[(53, 585)]
586	 53	489	    -42.0414	    -13.1556	     403.884	17	[(53, 586)]
587	 53	490	    -42.0414	    -15.4248	      404.88	17	[(53, 587)]
588	 53	491	    -42.0414	    -17.8698	     406.261	17	[(53, 588)]
589	 53	492	    -42.0414	    -20.1302	     407.265	17	[(53, 589)]
590	 53	493	    -42.0414	    -23.4998	     408.272	17	[(53, 590)]
591	 53	494	    -42.0414	    -22.7794	     408.689	17	[(53, 591)]
592	 53	495	    -42.0414	    -22.4141	     408.455	17	[(53, 592)]
593	 53	495	    -42.0414	    -22.4141	     408.455	17	[(53, 593)]
594	 53	496	    -42.0414	      -22.63	     408.764	17	[(53, 594)]
595	 53	497	    -42.0414	    -22.5959	     408.648	17	[(53, 595)]
596	 53	498	    -42.0414	    -23.7062	     409.487	17	[(53, 596)]
597	 53	498	    -42.0414	    -23.7062	     409.487	17	[(53, 597)]
598	 53	499	    -42.0414	    -19.2527	     410.308	18	[(53, 598)]
599	 53	500	    -42.0414	    -21.5789	     411.367	18	[(53, 599)]
600	 53	501	    -42.0414	    -23.9673	     412.403	18	[(53, 600)]
601	 53	503	    -42.0414	    -25.3508	     414.774	17	[(53, 601)]
602	 53	504	    -42.0414	    -25.2359	     415.557	17	[(53, 602)]
603	 53	504	    -42.0414	    -25.2359	     415.557	17	[(53, 603)]
604	 53	505	    -42.0414	    -28.7217	     416.628	17	[(53, 604)]
605	 53	506	    -42.0414	    -28.4807	     417.204	17	[(53, 605)]
606	 53	506	    -42.0414	    -28.4807	     417.204	17	[(53, 606)]
607	 53	506	    -42.0414	    -28.4807	     417.204	17	[(53, 607)]
608	 53	507	    -42.0414	    -28.6192	     417.299	17	[(53, 608)]
609	 53	507	    -42.0414	    -28.6192	     417.299	17	[(53, 609)]
610	 53	507	    -42.0414	    -28.6192	     417.299	17	[(53, 610)]
611	 53	507	    -42.0414	    -28.6192	     417.299	17	[(53, 611)]
612	 53	507	    -42.0414	    -28.6192	     417.299	17	[(53, 612)]
613	 53	507	    -42.0414	    -28.6192	     417.299	17	[(53, 613)]
614	 53	507	    -42.0414	    -28.6192	     417.299	17	[(53, 614)]
615	 53	507	    -42.0414	    -28.6192	     417.299	17	[(53, 615)]
616	 53	511	    -42.0414	    -18.0894	     417.377	20	[(53, 616)]
617	 53	512	    -42.0414	    -17.8068	     417.769	20	[(53, 617)]
618	 53	515	    -42.0414	    -14.9622	     422.458	20	[(53, 618)]
619	 53	516	    -42.0414	    -13.8651	     424.711	20	[(53, 619)]
620	 53	518	    -42.0414	    -16.0859	     426.918	20	[(53, 620)]
621	 53	519	    -42.0414	     -17.299	     428.756	20	[(53, 621)]
622	 53	521	    -42.0414	    -22.0689	     431.506	19	[(53, 622)]
623	 53	522	    -42.0414	    -23.8893	     432.476	19	[(53, 623)]
624	 53	523	    -42.0414	    -23.3112	     432.862	19	[(53, 624)]
625	 53	523	    -42.0414	    -23.3112	     432.862	19	[(53, 625)]
626	 53	524	    -42.0414	    -22.2938	     433.655	20	[(53, 626)]
627	 53	525	    -42.0414	    -24.0863	     434.703	20	[(53, 627)]
628	 53	526	    -42.0414	    -25.2546	     435.702	20	[(53, 628)]
629	 53	527	    -42.0414	    -28.3938	     436.781	20	[(53, 629)]
630	 53	529	    -42.0414	     -32.385	     438.239	20	[(53, 630)]
631	 53	530	    -42.0414	    -37.9372	     439.274	20	[(53, 631)]
632	 53	531	    -43.3028	    -43.3028	     440.523	20	[(53, 632)]
633	 53	532	    -43.3028	    -42.6433	     440.809	20	[(53, 633)]
634	 34	552	    -43.3028	    -35.5777	      455.97	21	[(34, 634)]
635	 34	553	    -43.3028	    -35.5366	     456.367	21	[(34, 635)]
636	 34	554	    -43.3028	    -35.3536	     455.898	21	[(34, 636)]
637	 34	555	    -43.3028	     -35.426	     456.287	21	[(34, 637)]
638	 34	556	    -43.3028	    -35.9152	     460.396	21	[(34, 638)]
639	 34	557	    -43.3028	    -36.0758	     462.342	21	[(34, 639)]
640	 34	558	    -43.3028	    -36.1579	     463.444	21	[(34, 640)]
641	 34	559	    -43.3028	    -38.7369	     464.749	21	[(34, 641)]
642	 34	560	    -43.3028	    -42.7362	     465.938	21	[(34, 642)]
643	 34	561	    -43.3028	    -43.2302	     466.846	21	[(34, 643)]
644	 34	562	    -44.0482	    -44.0482	     467.815	21	[(34, 644)]
645	 34	563	    -45.6243	    -45.6243	     468.869	21	[(34, 645)]
646	 34	564	    -46.1031	    -46.1031	     469.784	21	[(34, 646)]
647	 34	565	    -47.5128	    -47.5128	     470.881	21	[(34, 647)]
648	 34	566	    -47.9199	    -47.9199	     471.746	21	[(34, 648)]
649	 34	567	    -48.4438	    -48.4438	      472.81	21	[(34, 649)]
650	 34	568	    -49.7944	    -49.7944	     473.957	21	[(34, 650)]
651	 34	569	    -50.2374	    -50.2374	     474.892	21	[(34, 651)]
652	 34	570	    -50.5746	    -50.5746	     475.814	21	[(34, 652)]
653	 34	571	    -51.0514	    -51.0514	     476.807	21	[(34, 653)]
654	 34	573	    -51.0514	    -50.4969	      478.56	21	[(34, 654)]
655	 34	574	    -51.0514	    -50.5416	     479.355	21	[(34, 655)]
656	 34	575	    -51.0514	    -50.7554	     480.267	21	[(34, 656)]
657	 34	576	    -51.0514	    -50.7237	     480.937	21	[(34, 657)]
658	 34	577	    -51.0514	    -50.2265	     480.478	21	[(34, 658)]
659	 34	578	    -51.0514	    -50.3941	     481.747	21	[(34, 659)]
660	 34	579	    -51.0514	    -50.2137	     480.578	21	[(34, 660)]
661	 34	579	    -51.0514	    -50.2137	     480.578	21	[(34, 661)]
662	 34	579	    -51.0514	    -50.2137	     480.578	21	[(34, 662)]
663	 34	580	    -51.0514	    -50.3613	     480.649	21	[(34, 663)]
664	 34	582	    -51.7082	    -51.7082	      470.43	21	[(34, 664)]
665	 34	583	    -51.7082	    -51.6876	     470.685	21	[(34, 665)]
666	 34	584	    -51.7082	    -51.6818	      471.29	21	[(34, 666)]
667	 34	584	    -51.7082	    -51.6818	      471.29	21	[(34, 667)]
668	 34	584	    -51.7082	    -51.6818	      471.29	21	[(34, 668)]
669	 34	584	    -51.7082	    -51.6818	      471.29	21	[(34, 669)]
670	 34	584	    -51.7082	    -51.6818	      471.29	21	[(34, 670)]
671	 34	584	    -51.7082	    -51.6818	      471.29	21	[(34, 671)]
672	 34	584	    -51.7082	    -51.6818	      471.29	21	[(34, 672)]
673	 34	584	    -51.7082	    -51.6818	      471.29	21	[(34, 673)]
674	 34	584	    -51.7082	    -51.6818	      471.29	21	[(34, 674)]
675	 34	584	    -51.7082	    -51.6818	      471.29	21	[(34, 675)]
676	 34	584	    -51.7082	    -51.6818	      471.29	21	[(34, 676)]
677	 34	584	    -51.7082	    -51.6818	      471.29	21	[(34, 677)]
678	 34	584	    -51.7082	    -51.6818	      471.29	21	[(34, 678)]
679	 34	584	    -51.7082	    -51.6818	      471.29	21	[(34, 679)]
680	 34	584	    -51.7082	    -51.6818	      471.29	21	[(34, 680)]
681	 34	584	    -51.7082	    -51.6818	      471.29	21	[(34, 681)]
682	 34	584	    -51.7082	    -51.6818	      471.29	21	[(34, 682)]
683	 34	584	    -51.7082	    -51.6818	      471.29	21	[(34, 683)]
684	 34	584	    -51.7082	    -51.6818	      471.29	21	[(34, 684)]
685	 34	584	    -51.7082	    -51.6818	      471.29	21	[(34, 685)]
686	 34	584	    -51.7082	    -51.6818	      471.29	21	[(34, 686)]
687	 34	584	    -51.7082	    -51.6818	      471.29	21	[(34, 687)]
688	 34	584	    -51.7082	    -51.6818	      471.29	21	[(34, 688)]
689	 34	584	    -51.7082	    -51.6818	      471.29	21	[(34, 689)]
