L	Ls	nvertices	F_L	F_L_constrained	rho_sum	nloops	regions
  2	  0	  0	           0	           0	           0	 0	[(0, 2)]
  3	  0	  0	           0	           0	           0	 0	[(0, 3)]
  4	  0	  0	           0	           0	           0	 0	[(0, 4)]
  5	  0	  0	           0	           0	           0	 0	[(0, 5)]
  6	  0	  0	           0	           0	           0	 0	[(0, 6)]
  7	  0	  0	           0	           0	           0	 0	[(0, 7)]
  8	  0	  0	           0	           0	           0	 0	[(0, 8)]
  9	  0	  0	           0	           0	           0	 0	[(0, 9)]
 10	  0	  0	           0	           0	           0	 0	[(0, 10)]
 11	  0	  0	           0	           0	           0	 0	[(0, 11)]
 12	  0	  3	   -0.477477	   -0.477477	    0.615365	 0	[(0, 12)]
 13	  0	  5	   -0.477477	    0.385059	     3.12922	 0	[(0, 13)]
 14	  0	  5	   -0.477477	    0.385059	     3.12922	 0	[(0, 14)]
 15	  0	  6	   -0.477477	     2.09759	     3.33414	 1	[(0, 15)]
 16	  0	  7	   -0.477477	      2.0578	     4.33435	 1	[(0, 16)]
 17	  0	  9	   -0.477477	     1.99898	     6.62123	 0	[(0, 17)]
 18	  0	 10	   -0.477477	      2.0846	     7.69075	 0	[(0, 18)]
 19	  0	 11	   -0.477477	     1.50572	     9.33996	 0	[(0, 19)]
 20	  0	 12	   -0.477477	    0.899341	     10.5049	 0	[(0, 20)]
 21	  0	 13	   -0.794731	   -0.794731	      11.696	 0	[(0, 21)]
 22	  0	 14	    -2.67693	    -2.67693	     12.7673	 0	[(0, 22)]
 23	  0	 15	    -3.15718	    -3.15718	     13.6065	 0	[(0, 23)]
 24	  0	 16	    -3.94385	    -3.94385	     14.5464	 0	[(0, 24)]
 25	  0	 17	    -3.94385	    -3.71292	       15.13	 0	[(0, 25)]
 26	  0	 18	    -3.94385	    -3.26183	     15.0946	 0	[(0, 26)]
 27	  0	 19	    -3.94385	    -3.16527	     14.9056	 0	[(0, 27)]
 28	  0	 19	    -3.94385	    -3.16527	     14.9056	 0	[(0, 28)]
 29	  0	 19	    -3.94385	    -3.16527	     14.9056	 0	[(0, 29)]
 30	  0	 19	    -3.94385	    -3.16527	     14.9056	 0	[(0, 30)]
 31	  0	 21	    -3.94385	     1.98868	     14.9344	 1	[(0, 31)]
 32	  0	 23	    -3.94385	     3.72704	     15.5425	 1	[(0, 32)]
 33	 29	  3	    -3.94385	     3.89789	    0.291454	 1	[(29, 33)]
 34	 29	  5	    -3.94385	     2.35626	    0.267164	 1	[(29, 34)]
 35	 29	  7	    -3.94385	     4.86566	     5.55463	 0	[(29, 35)]
 36	 29	  8	    -3.94385	      4.4766	     5.93376	 0	[(29, 36)]
 37	 29	  9	    -3.94385	     4.21328	     6.78018	 0	[(29, 37)]
 38	 29	 10	    -3.94385	     3.92388	     8.02791	 0	[(29, 38)]
 39	 29	 11	    -3.94385	     3.52868	      9.0776	 0	[(29, 39)]
 40	 29	 12	    -3.94385	     3.05209	     10.1198	 0	[(29, 40)]
 41	 29	 13	    -3.94385	     3.06985	     10.8483	 0	[(29, 41)]
 42	 29	 14	    -3.94385	     3.59549	     10.7273	 0	[(29, 42)]
 43	 29	 14	    -3.94385	     3.59549	     10.7273	 0	[(29, 43)]
 44	 29	 15	    -3.94385	     3.42709	     10.8836	 0	[(29, 44)]
 45	 29	 15	    -3.94385	     3.42709	     10.8836	 0	[(29, 45)]
 46	 29	 16	    -3.94385	     3.25867	       11.04	 0	[(29, 46)]
 47	 29	 16	    -3.94385	     3.25867	       11.04	 0	[(29, 47)]
 48	 29	 17	    -3.94385	     3.05775	     11.2832	 0	[(29, 48)]
 49	 29	 17	    -3.94385	     3.05775	     11.2832	 0	[(29, 49)]
 50	 29	 17	    -3.94385	     3.05775	     11.2832	 0	[(29, 50)]
 51	 29	 17	    -3.94385	     3.05775	     11.2832	 0	[(29, 51)]
 52	 29	 17	    -3.94385	     3.05775	     11.2832	 0	[(29, 52)]
 53	 50	 21	    -3.94385	    0.552463	     15.1991	 1	[(0, 30), (50, 53)]
 54	 50	 23	    -3.94385	    -0.90939	     15.2097	 1	[(0, 30), (50, 54)]
 55	 50	 25	    -3.94385	    0.848513	      19.964	 0	[(0, 30), (50, 55)]
 56	 50	 26	    -3.94385	     1.01062	     20.5271	 0	[(0, 30), (50, 56)]
 57	 50	 27	    -3.94385	     1.54061	     20.8373	 0	[(0, 30), (50, 57)]
 58	 50	 28	    -3.94385	     1.41371	     21.4628	 0	[(0, 30), (50, 58)]
 59	 50	 29	    -3.94385	     1.19283	      23.188	 0	[(0, 30), (50, 59)]
 60	 50	 30	    -3.94385	     1.72437	     22.7806	 0	[(0, 30), (50, 60)]
 61	 50	 31	    -3.94385	     1.60043	     24.5158	 0	[(0, 30), (50, 61)]
 62	 50	 32	    -3.94385	     1.56868	     25.6452	 0	[(0, 30), (50, 62)]
 63	 50	 33	    -3.94385	     1.67412	     27.1005	 0	[(0, 30), (50, 63)]
 64	 50	 34	    -3.94385	     1.42336	     28.2732	 0	[(0, 30), (50, 64)]
 65	 50	 35	    -3.94385	     1.94548	     28.2257	 0	[(0, 30), (50, 65)]
 66	 50	 35	    -3.94385	     1.94548	     28.2257	 0	[(0, 30), (50, 66)]
 67	 50	 35	    -3.94385	     1.94548	     28.2257	 0	[(0, 30), (50, 67)]
 68	 50	 35	    -3.94385	     1.94548	     28.2257	 0	[(0, 30), (50, 68)]
 69	 50	 36	    -3.94385	     1.76357	     28.4362	 0	[(0, 30), (50, 69)]
 70	 50	 36	    -3.94385	     1.76357	     28.4362	 0	[(0, 30), (50, 70)]
 71	 50	 37	    -3.94385	     1.50862	     28.6642	 0	[(0, 30), (50, 71)]
 72	 50	 37	    -3.94385	     1.50862	     28.6642	 0	[(0, 30), (50, 72)]
 73	 50	 37	    -3.94385	     1.50862	     28.6642	 0	[(0, 30), (50, 73)]
 74	 50	 37	    -3.94385	     1.50862	     28.6642	 0	[(0, 30), (50, 74)]
 75	 50	 37	    -3.94385	     1.50862	     28.6642	 0	[(0, 30), (50, 75)]
 76	 50	 37	    -3.94385	     1.50862	     28.6642	 0	[(0, 30), (50, 76)]
 77	 50	 37	    -3.94385	     1.50862	     28.6642	 0	[(0, 30), (50, 77)]
 78	 50	 39	    -3.94385	     1.17821	     29.0867	 0	[(0, 30), (50, 78)]
 79	 50	 41	    -3.94385	     1.77756	     31.7876	 0	[(0, 30), (50, 79)]
 80	 50	 42	    -3.94385	     2.44714	     32.0538	 0	[(0, 30), (50, 80)]
 81	 78	 21	    -3.94385	    0.545946	     15.2135	 1	[(0, 30), (78, 81)]
 82	 78	 23	    -3.94385	   -0.916907	     15.2009	 1	[(0, 30), (78, 82)]
 83	 78	 25	    -3.94385	     1.39899	     20.1464	 0	[(0, 30), (78, 83)]
 84	 78	 26	    -3.94385	     1.01738	     20.6035	 0	[(0, 30), (78, 84)]
 85	 78	 27	    -3.94385	    0.781025	     21.4435	 0	[(0, 30), (78, 85)]
 86	 78	 28	    -3.94385	    0.460033	      22.798	 0	[(0, 30), (78, 86)]
 87	 78	 29	    -3.94385	    0.198461	     23.7753	 0	[(0, 30), (78, 87)]
 88	 78	 30	    -3.94385	   0.0216509	     24.7036	 0	[(0, 30), (78, 88)]
 89	 78	 31	    -3.94385	   -0.276354	     25.7082	 0	[(0, 30), (78, 89)]
 90	 78	 32	    -3.94385	   -0.361123	     26.5123	 0	[(0, 30), (78, 90)]
 91	 78	 33	    -3.94385	   -0.900511	     27.5597	 0	[(0, 30), (78, 91)]
 92	 78	 34	    -3.94385	   -0.288887	     27.4915	 0	[(0, 30), (78, 92)]
 93	 78	 35	    -3.94385	   -0.114759	     27.1579	 0	[(0, 30), (78, 93)]
 94	 78	 36	    -3.94385	  -0.0814073	     26.9838	 0	[(0, 30), (78, 94)]
 95	 78	 37	    -3.94385	   -0.139809	     27.0496	 0	[(0, 30), (78, 95)]
 96	 78	 38	    -3.94385	   -0.121033	     27.0155	 0	[(0, 30), (78, 96)]
 97	 78	 39	    -3.94385	   -0.142188	      27.039	 0	[(0, 30), (78, 97)]
 98	 78	 39	    -3.94385	   -0.142188	      27.039	 0	[(0, 30), (78, 98)]
 99	 78	 39	    -3.94385	   -0.142188	      27.039	 0	[(0, 30), (78, 99)]
100	 78	 40	    -3.94385	     6.43897	       27.19	 1	[(0, 30), (78, 100)]
101	 78	 40	    -3.94385	     6.43897	       27.19	 1	[(0, 30), (78, 101)]
102	 78	 40	    -3.94385	     6.43897	       27.19	 1	[(0, 30), (78, 102)]
103	 78	 40	    -3.94385	     6.43897	       27.19	 1	[(0, 30), (78, 103)]
104	100	 22	    -3.94385	    0.736197	     15.1983	 1	[(0, 30), (100, 104)]
105	100	 24	    -3.94385	   -0.786851	     15.1775	 1	[(0, 30), (100, 105)]
106	100	 26	    -3.94385	      1.5369	     20.5519	 0	[(0, 30), (100, 106)]
107	100	 27	    -3.94385	     1.34541	     20.9772	 0	[(0, 30), (100, 107)]
108	100	 28	    -3.94385	     1.26024	     21.4299	 0	[(0, 30), (100, 108)]
109	100	 29	    -3.94385	     1.10003	     22.9558	 0	[(0, 30), (100, 109)]
110	100	 30	    -3.94385	    0.896354	     24.0246	 0	[(0, 30), (100, 110)]
111	100	 31	    -3.94385	    0.882221	     24.9244	 0	[(0, 30), (100, 111)]
112	100	 32	    -3.94385	    0.760707	     25.9007	 0	[(0, 30), (100, 112)]
113	100	 33	    -3.94385	   -0.189173	     27.2178	 0	[(0, 30), (100, 113)]
114	100	 34	    -3.94385	   -0.597582	     28.2366	 0	[(0, 30), (100, 114)]
115	100	 35	    -3.94385	   -0.707155	     29.0379	 0	[(0, 30), (100, 115)]
116	100	 36	    -3.94385	   -0.862956	     29.8301	 0	[(0, 30), (100, 116)]
117	100	 37	    -3.94385	   -0.336836	     29.6225	 0	[(0, 30), (100, 117)]
118	100	 37	    -3.94385	   -0.336836	     29.6225	 0	[(0, 30), (100, 118)]
119	100	 37	    -3.94385	   -0.336836	     29.6225	 0	[(0, 30), (100, 119)]
120	100	 38	    -3.94385	   -0.503473	     29.7796	 0	[(0, 30), (100, 120)]
121	 67	 68	    -3.94385	   -0.742031	     60.9273	 2	[(0, 30), (67, 121)]
122	 67	 71	    -3.94385	    -2.98449	     63.3807	 2	[(0, 30), (67, 122)]
123	 67	 72	    -3.94385	    -2.27444	     63.7943	 2	[(0, 30), (67, 123)]
124	 67	 73	    -3.94385	    -1.84743	     63.8903	 2	[(0, 30), (67, 124)]
125	 67	 75	    -3.94385	   -0.960535	     63.9169	 2	[(0, 30), (67, 125)]
126	 67	 76	    -3.94385	    -1.12431	     64.1791	 2	[(0, 30), (67, 126)]
127	122	 24	    -3.94385	   -0.792275	     15.1723	 1	[(0, 30), (122, 127)]
128	122	 26	    -3.94385	    -3.32565	     15.0719	 0	[(0, 30), (122, 128)]
129	 67	 79	    -3.94385	    0.284315	     68.8974	 2	[(0, 30), (67, 129)]
130	 67	 79	    -3.94385	    0.284315	     68.8974	 2	[(0, 30), (67, 130)]
131	 67	 79	    -3.94385	    0.284315	     68.8974	 2	[(0, 30), (67, 131)]
132	 67	 80	    -3.94385	     4.04686	     69.9269	 3	[(0, 30), (67, 132)]
133	 67	 81	    -3.94385	     4.30915	     69.9452	 3	[(0, 30), (67, 133)]
134	 67	 83	    -3.94385	   0.0330444	     69.1638	 2	[(0, 30), (67, 134)]
135	131	 23	    -3.94385	   -0.913328	     15.2051	 1	[(0, 30), (131, 135)]
136	131	 25	    -3.94385	      1.0607	     20.0596	 0	[(0, 30), (131, 136)]
137	131	 26	    -3.94385	     1.76132	     20.4956	 0	[(0, 30), (131, 137)]
138	131	 27	    -3.94385	     1.73734	     20.9953	 0	[(0, 30), (131, 138)]
139	131	 28	    -3.94385	     1.86453	     21.5782	 0	[(0, 30), (131, 139)]
140	131	 28	    -3.94385	     1.86453	     21.5782	 0	[(0, 30), (131, 140)]
141	 67	 90	    -3.94385	      1.2668	     80.4634	 3	[(0, 30), (67, 141)]
142	 67	 91	    -3.94385	    0.295313	     81.4274	 3	[(0, 30), (67, 142)]
143	 67	 92	    -3.94385	    -1.49918	     82.4834	 3	[(0, 30), (67, 143)]
144	 67	 93	    -3.94385	    -2.61669	     83.4468	 3	[(0, 30), (67, 144)]
145	 67	 94	    -4.56824	    -4.56824	      84.512	 3	[(0, 30), (67, 145)]
146	 67	 95	    -5.54362	    -5.54362	     85.4826	 3	[(0, 30), (67, 146)]
147	 67	 96	    -5.54362	    -4.96388	     85.8587	 3	[(0, 30), (67, 147)]
148	 67	 98	    -5.54362	    -2.85953	     86.0138	 3	[(0, 30), (67, 148)]
149	 67	 99	    -5.54362	    -2.77933	     85.8801	 3	[(0, 30), (67, 149)]
150	 67	 99	    -5.54362	    -2.77933	     85.8801	 3	[(0, 30), (67, 150)]
151	 67	100	    -5.54362	    -2.90915	      86.007	 3	[(0, 30), (67, 151)]
152	 67	101	    -5.54362	    -2.90574	     86.0129	 3	[(0, 30), (67, 152)]
153	 67	103	    -5.54362	    -2.81231	     85.8947	 3	[(0, 30), (67, 153)]
154	 67	103	    -5.54362	    -2.81231	     85.8947	 3	[(0, 30), (67, 154)]
155	 67	103	    -5.54362	    -2.81231	     85.8947	 3	[(0, 30), (67, 155)]
156	 67	104	    -5.54362	       -2.94	     86.0153	 3	[(0, 30), (67, 156)]
157	 67	105	    -5.54362	    -2.93695	     86.0224	 3	[(0, 30), (67, 157)]
158	 67	106	    -5.54362	    -2.92511	     86.0118	 3	[(0, 30), (67, 158)]
159	131	 41	    -5.54362	    -3.89443	     15.6452	 0	[(0, 30), (131, 159)]
160	 67	109	    -5.54362	    -2.97766	     86.0875	 3	[(0, 30), (67, 160)]
161	 67	109	    -5.54362	    -2.97766	     86.0875	 3	[(0, 30), (67, 161)]
162	 67	110	    -5.54362	    -3.16767	     86.2708	 3	[(0, 30), (67, 162)]
163	 67	111	    -5.54362	    -1.57276	     92.2437	 3	[(0, 30), (67, 163)]
164	 67	113	    -5.54362	    0.801758	     93.2048	 3	[(0, 30), (67, 164)]
165	 67	114	    -5.54362	     1.16822	     93.3799	 3	[(0, 30), (67, 165)]
166	 67	115	    -5.54362	     1.04305	     93.4919	 3	[(0, 30), (67, 166)]
167	 67	116	    -5.54362	     1.12773	     93.4325	 3	[(0, 30), (67, 167)]
168	131	 50	    -5.54362	       5.467	     27.9346	 0	[(0, 30), (131, 168)]
169	131	 51	    -5.54362	     5.49653	     28.1198	 0	[(0, 30), (131, 169)]
170	131	 51	    -5.54362	     5.49653	     28.1198	 0	[(0, 30), (131, 170)]
171	168	112	    -5.54362	    0.547959	     86.5689	 4	[(0, 30), (67, 162), (168, 171)]
172	168	114	    -5.54362	   -0.922045	     86.5611	 4	[(0, 30), (67, 162), (168, 172)]
173	168	116	    -5.54362	     1.31473	      91.484	 3	[(0, 30), (67, 162), (168, 173)]
174	168	117	    -5.54362	     2.01937	     91.9529	 3	[(0, 30), (67, 162), (168, 174)]
175	168	117	    -5.54362	     2.01937	     91.9529	 3	[(0, 30), (67, 162), (168, 175)]
176	168	118	    -5.54362	     1.63884	     92.2326	 3	[(0, 30), (67, 162), (168, 176)]
177	168	119	    -5.54362	     1.74521	     92.2369	 3	[(0, 30), (67, 162), (168, 177)]
178	168	120	    -5.54362	     1.26338	     92.4899	 3	[(0, 30), (67, 162), (168, 178)]
179	168	120	    -5.54362	     1.26338	     92.4899	 3	[(0, 30), (67, 162), (168, 179)]
180	168	120	    -5.54362	     1.26338	     92.4899	 3	[(0, 30), (67, 162), (168, 180)]
181	  0	172	    -5.54362	    -2.71398	     144.927	 9	[(0, 181)]
182	  0	174	    -5.54362	    -4.78249	     147.308	 8	[(0, 182)]
183	  0	175	    -5.54362	    -4.16306	     147.748	 8	[(0, 183)]
184	  0	176	    -5.54362	    -3.67659	     147.752	 8	[(0, 184)]
185	  0	177	    -5.54362	   -0.830435	      147.59	 9	[(0, 185)]
186	  0	177	    -5.54362	   -0.830435	      147.59	 9	[(0, 186)]
187	  0	177	    -5.54362	   -0.830435	      147.59	 9	[(0, 187)]
188	  0	179	    -5.54362	      -0.607	     147.582	 9	[(0, 188)]
189	  0	181	    -5.54362	     2.51909	      147.51	10	[(0, 189)]
190	  0	183	    -5.54362	      3.5312	     153.009	 9	[(0, 190)]
191	185	  7	    -5.54362	     3.44644	     5.26829	 0	[(185, 191)]
192	185	  8	    -5.54362	     3.31177	     6.65477	 0	[(185, 192)]
193	  0	186	    -5.54362	     2.27716	     155.738	 9	[(0, 193)]
194	  0	187	    -5.54362	     2.05166	     156.635	 9	[(0, 194)]
195	  0	188	    -5.54362	     1.77344	     157.626	 9	[(0, 195)]
196	  0	189	    -5.54362	    0.991004	     160.136	 9	[(0, 196)]
197	  0	190	    -5.54362	   0.0816496	     161.521	 9	[(0, 197)]
198	  0	191	    -5.54362	   -0.401166	     162.481	 9	[(0, 198)]
199	  0	192	    -5.54362	  -0.0290119	     162.946	 9	[(0, 199)]
200	  0	193	    -5.54362	    0.353264	     162.787	 9	[(0, 200)]
201	  0	194	    -5.54362	    0.467167	      162.54	 9	[(0, 201)]
202	  0	195	    -5.54362	    -1.44287	     164.415	 9	[(0, 202)]
203	  0	196	    -5.54362	    -3.96016	     165.891	 9	[(0, 203)]
204	  0	197	    -5.54362	    -4.96049	     166.853	 9	[(0, 204)]
205	  0	198	    -7.66491	    -7.66491	     168.164	 9	[(0, 205)]
206	  0	199	    -9.22102	    -9.22102	     169.196	 9	[(0, 206)]
207	  0	201	    -9.22102	    -6.91746	     169.785	 9	[(0, 207)]
208	  0	201	    -9.22102	    -6.91746	     169.785	 9	[(0, 208)]
209	  0	202	    -9.22102	    -7.20249	     170.036	 9	[(0, 209)]
210	  0	202	    -9.22102	    -7.20249	     170.036	 9	[(0, 210)]
211	  0	202	    -9.22102	    -7.20249	     170.036	 9	[(0, 211)]
212	  0	202	    -9.22102	    -7.20249	     170.036	 9	[(0, 212)]
213	  0	202	    -9.22102	    -7.20249	     170.036	 9	[(0, 213)]
214	  0	204	    -9.22102	    -7.47092	     170.301	 9	[(0, 214)]
215	  0	204	    -9.22102	    -7.47092	     170.301	 9	[(0, 215)]
216	  0	204	    -9.22102	    -7.47092	     170.301	 9	[(0, 216)]
217	  0	204	    -9.22102	    -7.47092	     170.301	 9	[(0, 217)]
218	  0	204	    -9.22102	    -7.47092	     170.301	 9	[(0, 218)]
219	  0	204	    -9.22102	    -7.47092	     170.301	 9	[(0, 219)]
220	  0	204	    -9.22102	    -7.47092	     170.301	 9	[(0, 220)]
221	  0	204	    -9.22102	    -7.47092	     170.301	 9	[(0, 221)]
222	  0	204	    -9.22102	    -7.47092	     170.301	 9	[(0, 222)]
223	  0	204	    -9.22102	    -7.47092	     170.301	 9	[(0, 223)]
224	  0	206	    -9.22102	    -3.73414	     170.556	10	[(0, 224)]
225	  0	206	    -9.22102	    -3.73414	     170.556	10	[(0, 225)]
226	  0	208	    -9.22102	    -7.87211	     170.715	 9	[(0, 226)]
227	  0	212	    -9.22102	    -5.30143	     170.603	10	[(0, 227)]
228	  0	214	    -9.22102	    -2.38453	     176.426	 9	[(0, 228)]
229	  0	215	    -9.22102	    -2.45154	     176.415	 9	[(0, 229)]
230	  0	216	    -9.22102	    -2.64309	     176.967	 9	[(0, 230)]
231	  0	217	    -9.22102	    -2.69837	     177.228	 9	[(0, 231)]
232	  0	218	    -9.22102	    -2.82475	     178.421	 9	[(0, 232)]
233	  0	219	    -9.22102	    -3.08393	     179.615	 9	[(0, 233)]
234	  0	220	    -9.22102	    -3.99262	     180.871	 9	[(0, 234)]
235	  0	221	    -9.22102	      -4.826	     181.951	 9	[(0, 235)]
236	  0	222	    -9.22102	    -4.11203	     182.147	 9	[(0, 236)]
237	  0	222	    -9.22102	    -4.11203	     182.147	 9	[(0, 237)]
238	  0	223	    -9.22102	    -4.36814	     182.432	 9	[(0, 238)]
239	  0	223	    -9.22102	    -4.36814	     182.432	 9	[(0, 239)]
240	  0	223	    -9.22102	    -4.36814	     182.432	 9	[(0, 240)]
241	  0	223	    -9.22102	    -4.36814	     182.432	 9	[(0, 241)]
242	  0	224	    -9.22102	    -4.51433	     182.568	 9	[(0, 242)]
243	  0	224	    -9.22102	    -4.51433	     182.568	 9	[(0, 243)]
244	  0	224	    -9.22102	    -4.51433	     182.568	 9	[(0, 244)]
245	  0	224	    -9.22102	    -4.51433	     182.568	 9	[(0, 245)]
246	  0	224	    -9.22102	    -4.51433	     182.568	 9	[(0, 246)]
247	  0	224	    -9.22102	    -4.51433	     182.568	 9	[(0, 247)]
248	  0	224	    -9.22102	    -4.51433	     182.568	 9	[(0, 248)]
249	  0	228	    -9.22102	   -0.488094	     182.839	10	[(0, 249)]
250	  0	230	    -9.22102	    -2.29077	      182.84	10	[(0, 250)]
251	  0	232	    -9.22102	    -4.68763	     182.748	 9	[(0, 251)]
252	  0	233	    -9.22102	  -0.0945715	     188.706	 9	[(0, 252)]
253	244	 10	    -9.22102	     4.22881	       6.804	 0	[(244, 253)]
254	244	 11	    -9.22102	     4.05659	     7.91489	 0	[(244, 254)]
255	244	 12	    -9.22102	     3.90593	     8.90289	 0	[(244, 255)]
256	244	 13	    -9.22102	     3.76016	     9.86798	 0	[(244, 256)]
257	244	 14	    -9.22102	     3.56466	     10.8904	 0	[(244, 257)]
258	244	 15	    -9.22102	     2.83636	      12.105	 0	[(244, 258)]
259	244	 16	    -9.22102	     2.35049	     13.1431	 0	[(244, 259)]
260	244	 17	    -9.22102	     2.14825	     14.0505	 0	[(244, 260)]
261	244	 18	    -9.22102	     2.18048	     14.7594	 0	[(244, 261)]
262	244	 19	    -9.22102	     1.78808	     15.7043	 0	[(244, 262)]
263	244	 19	    -9.22102	     1.78808	     15.7043	 0	[(244, 263)]
264	244	 20	    -9.22102	     1.50101	     15.9637	 0	[(244, 264)]
265	244	 21	    -9.22102	     1.55079	     15.9533	 0	[(244, 265)]
266	244	 22	    -9.22102	     1.57857	     15.9284	 0	[(244, 266)]
267	244	 22	    -9.22102	     1.57857	     15.9284	 0	[(244, 267)]
268	244	 23	    -9.22102	     1.02702	     16.5088	 0	[(244, 268)]
269	244	 23	    -9.22102	     1.02702	     16.5088	 0	[(244, 269)]
270	244	 24	    -9.22102	     0.88207	     16.6479	 0	[(244, 270)]
271	244	 26	    -9.22102	     8.12478	     16.3313	 1	[(244, 271)]
272	244	 26	    -9.22102	     8.12478	     16.3313	 1	[(244, 272)]
273	244	 26	    -9.22102	     8.12478	     16.3313	 1	[(244, 273)]
274	244	 26	    -9.22102	     8.12478	     16.3313	 1	[(244, 274)]
275	271	236	    -9.22102	     3.81192	      188.99	10	[(0, 252), (271, 275)]
276	271	238	    -9.22102	      2.2816	     188.974	10	[(0, 252), (271, 276)]
277	271	240	    -9.22102	     4.97766	     194.374	 9	[(0, 252), (271, 277)]
278	271	241	    -9.22102	     4.81712	      194.79	 9	[(0, 252), (271, 278)]
279	271	242	    -9.22102	     4.63521	     195.211	 9	[(0, 252), (271, 279)]
280	271	243	    -9.22102	     4.58273	     195.765	 9	[(0, 252), (271, 280)]
281	271	244	    -9.22102	     4.41476	     197.258	 9	[(0, 252), (271, 281)]
282	271	245	    -9.22102	     3.91911	     198.453	 9	[(0, 252), (271, 282)]
283	271	246	    -9.22102	     3.74627	     199.416	 9	[(0, 252), (271, 283)]
284	271	247	    -9.22102	     3.14677	     200.525	 9	[(0, 252), (271, 284)]
285	271	248	    -9.22102	     2.40392	      201.59	 9	[(0, 252), (271, 285)]
286	271	249	    -9.22102	     2.21455	     202.418	 9	[(0, 252), (271, 286)]
287	271	250	    -9.22102	     1.90578	     203.276	 9	[(0, 252), (271, 287)]
288	271	251	    -9.22102	     2.46154	     203.273	 9	[(0, 252), (271, 288)]
289	271	252	    -9.22102	     2.70765	      202.86	 9	[(0, 252), (271, 289)]
290	271	252	    -9.22102	     2.70765	      202.86	 9	[(0, 252), (271, 290)]
291	  0	275	    -9.22102	    0.952036	     226.288	11	[(0, 291)]
292	  0	276	    -9.22102	    -4.53886	     229.906	11	[(0, 292)]
293	  0	278	    -9.22102	    -9.09898	     232.599	10	[(0, 293)]
294	  0	279	    -9.22102	    -8.73336	     233.365	10	[(0, 294)]
295	  0	279	    -9.22102	    -8.73336	     233.365	10	[(0, 295)]
296	  0	280	    -9.22102	    -8.87983	     233.502	10	[(0, 296)]
297	  0	281	      -10.75	      -10.75	     234.632	10	[(0, 297)]
298	  0	281	      -10.75	      -10.75	     234.632	10	[(0, 298)]
299	  0	281	      -10.75	      -10.75	     234.632	10	[(0, 299)]
300	236	 61	      -10.75	    -5.41773	     51.1408	 1	[(236, 300)]
301	236	 63	      -10.75	    -5.35231	     51.6017	 1	[(236, 301)]
302	236	 63	      -10.75	    -5.35231	     51.6017	 1	[(236, 302)]
303	236	 64	      -10.75	     -6.3427	     52.3033	 1	[(236, 303)]
304	236	 64	      -10.75	     -6.3427	     52.3033	 1	[(236, 304)]
305	238	 63	      -10.75	   0.0185206	     52.5499	 2	[(238, 305)]
306	238	 64	      -10.75	    -1.34028	     53.6984	 2	[(238, 306)]
307	238	 65	      -10.75	    -2.63548	     54.9059	 2	[(238, 307)]
308	238	 66	      -10.75	    -5.65667	     56.1146	 2	[(238, 308)]
309	238	 67	      -10.75	    -6.92293	     57.1236	 2	[(238, 309)]
310	238	 68	      -10.75	     -8.5828	     58.2052	 2	[(238, 310)]
311	238	 69	      -10.75	    -9.41861	     59.1926	 2	[(238, 311)]
312	238	 70	      -10.75	    -8.69128	     59.4068	 2	[(238, 312)]
313	238	 71	      -10.75	     -8.8416	     60.8951	 2	[(238, 313)]
314	238	 71	      -10.75	     -8.8416	     60.8951	 2	[(238, 314)]
315	238	 72	      -10.75	    -9.00352	     61.0628	 2	[(238, 315)]
316	238	 72	      -10.75	    -9.00352	     61.0628	 2	[(238, 316)]
317	238	 72	      -10.75	    -9.00352	     61.0628	 2	[(238, 317)]
318	238	 72	      -10.75	    -9.00352	     61.0628	 2	[(238, 318)]
319	238	 72	      -10.75	    -9.00352	     61.0628	 2	[(238, 319)]
320	238	 74	      -10.75	    -5.08995	     61.4003	 3	[(238, 320)]
321	  0	301	      -10.75	     -2.4883	     246.183	13	[(0, 321)]
322	219	 97	      -10.75	    -2.87683	     75.6902	 3	[(219, 322)]
323	  0	304	      -10.75	     0.79948	     253.281	13	[(0, 323)]
324	  0	306	      -10.75	    0.394385	     254.706	13	[(0, 324)]
325	  0	307	      -10.75	   -0.645956	     255.861	13	[(0, 325)]
326	  0	308	      -10.75	   -0.865379	     256.851	13	[(0, 326)]
327	  0	309	      -10.75	    -1.54161	     258.756	13	[(0, 327)]
328	  0	310	      -10.75	     -3.1802	     260.175	13	[(0, 328)]
329	  0	313	      -10.75	    -1.85696	     262.378	13	[(0, 329)]
330	  0	315	      -10.75	    -3.75648	      264.82	13	[(0, 330)]
331	238	 91	      -10.75	    -1.89053	     77.6155	 3	[(238, 331)]
332	238	 92	      -10.75	    -1.18666	     77.7759	 3	[(238, 332)]
333	219	112	      -10.75	     3.40861	      92.014	 4	[(219, 333)]
334	219	113	      -10.75	     3.40867	     91.9574	 4	[(219, 334)]
335	  0	321	      -10.75	      2.4271	     271.429	15	[(0, 335)]
336	  0	323	      -10.75	    -4.37228	     273.518	15	[(0, 336)]
337	  0	324	      -10.75	    -8.53964	     275.772	15	[(0, 337)]
338	  0	326	    -14.9458	    -14.9458	     277.307	14	[(0, 338)]
339	  0	328	    -17.1668	    -17.1668	     278.174	14	[(0, 339)]
340	  0	329	    -18.9775	    -18.9775	     282.272	14	[(0, 340)]
341	  0	330	     -20.507	     -20.507	     284.863	14	[(0, 341)]
342	  0	330	     -20.507	     -20.507	     284.863	14	[(0, 342)]
343	  0	330	     -20.507	     -20.507	     284.863	14	[(0, 343)]
344	  0	330	     -20.507	     -20.507	     284.863	14	[(0, 344)]
345	  0	332	     -20.507	    -16.2054	     286.192	15	[(0, 345)]
346	  0	334	     -20.507	    -16.6619	     285.725	15	[(0, 346)]
347	  0	336	     -20.507	    -17.0245	     289.588	14	[(0, 347)]
348	  0	337	     -20.507	     -17.092	     290.301	14	[(0, 348)]
349	  0	338	     -20.507	    -17.2695	      292.06	14	[(0, 349)]
350	  0	339	     -20.507	    -18.0609	     293.428	14	[(0, 350)]
351	  0	340	     -20.507	    -18.3311	     294.401	14	[(0, 351)]
352	  0	341	     -20.507	    -18.8105	     295.433	14	[(0, 352)]
353	  0	342	     -20.507	    -19.0315	     296.316	14	[(0, 353)]
354	  0	343	     -20.507	    -19.0691	     297.161	14	[(0, 354)]
355	  0	344	     -20.507	     -19.032	     297.942	14	[(0, 355)]
356	  0	346	     -20.507	    -17.2443	     296.537	14	[(0, 356)]
357	  0	346	     -20.507	    -17.2443	     296.537	14	[(0, 357)]
358	  0	346	     -20.507	    -17.2443	     296.537	14	[(0, 358)]
359	  0	346	     -20.507	    -17.2443	     296.537	14	[(0, 359)]
360	  0	346	     -20.507	    -17.2443	     296.537	14	[(0, 360)]
361	  0	346	     -20.507	    -17.2443	     296.537	14	[(0, 361)]
362	  0	350	     -20.507	    -13.2184	      296.47	15	[(0, 362)]
363	  0	352	     -20.507	     -14.984	     296.328	15	[(0, 363)]
364	213	151	     -20.507	    -13.8627	     122.538	 4	[(213, 364)]
365	  0	355	     -20.507	    -13.8626	     303.872	14	[(0, 365)]
366	  0	356	     -20.507	    -15.8269	     305.183	14	[(0, 366)]
367	  0	357	     -20.507	    -16.0986	     306.245	14	[(0, 367)]
368	  0	358	     -20.507	    -18.7327	       311.2	14	[(0, 368)]
369	  0	359	    -20.7465	    -20.7465	     312.352	14	[(0, 369)]
370	  0	360	    -21.3317	    -21.3317	     313.278	14	[(0, 370)]
371	  0	361	    -21.7656	    -21.7656	     314.165	14	[(0, 371)]
372	  0	362	    -23.2972	    -23.2972	     315.925	14	[(0, 372)]
373	  0	363	    -23.6459	    -23.6459	      316.83	14	[(0, 373)]
374	  0	364	    -23.8549	    -23.8549	     317.718	14	[(0, 374)]
375	  0	365	     -24.893	     -24.893	     318.821	14	[(0, 375)]
376	  0	366	    -26.0117	    -26.0117	     320.009	14	[(0, 376)]
377	  0	367	    -26.8786	    -26.8786	      321.04	14	[(0, 377)]
378	  0	368	    -26.8786	     -26.219	     321.315	14	[(0, 378)]
379	  0	368	    -26.8786	     -26.219	     321.315	14	[(0, 379)]
380	  0	368	    -26.8786	     -26.219	     321.315	14	[(0, 380)]
381	  0	368	    -26.8786	     -26.219	     321.315	14	[(0, 381)]
382	  0	369	    -26.8786	    -22.1254	     321.936	15	[(0, 382)]
383	  0	372	    -26.8786	    -19.6793	     322.687	15	[(0, 383)]
384	  0	374	    -26.8786	    -24.1094	     321.733	14	[(0, 384)]
385	  0	376	    -26.8786	    -20.9414	     321.659	15	[(0, 385)]
386	  0	377	    -26.8786	    -20.3039	     327.799	15	[(0, 386)]
387	  0	378	    -26.8786	    -21.0046	     329.587	15	[(0, 387)]
388	  0	379	    -26.8786	      -21.32	      330.55	15	[(0, 388)]
389	  0	380	    -26.8786	    -24.5968	     331.883	15	[(0, 389)]
390	  0	381	    -27.9566	    -27.9566	     333.872	15	[(0, 390)]
391	  0	382	    -28.2207	    -28.2207	     334.658	15	[(0, 391)]
392	  0	384	    -28.2269	    -28.2269	     336.847	15	[(0, 392)]
393	  0	385	    -28.2269	    -27.5191	     337.129	15	[(0, 393)]
394	  0	386	    -28.2269	    -27.6707	     337.903	15	[(0, 394)]
395	  0	387	    -28.2269	    -27.3314	     337.499	15	[(0, 395)]
396	  0	388	    -28.2269	     -27.228	      337.29	15	[(0, 396)]
397	  0	389	    -28.2269	     -27.231	     337.274	15	[(0, 397)]
398	  0	390	    -28.2269	    -27.3284	     337.372	15	[(0, 398)]
399	  0	390	    -28.2269	    -27.3284	     337.372	15	[(0, 399)]
400	  0	391	    -30.9648	    -30.9648	     338.427	15	[(0, 400)]
401	  0	392	    -32.7296	    -32.7296	     339.497	15	[(0, 401)]
402	  0	393	    -33.8547	    -33.8547	     340.468	15	[(0, 402)]
403	  0	395	    -33.8547	     -31.801	     340.616	15	[(0, 403)]
404	  0	397	    -33.8547	    -32.0593	     342.268	15	[(0, 404)]
405	  0	398	    -34.0279	    -34.0279	     343.467	15	[(0, 405)]
406	  0	399	    -35.1546	    -35.1546	     344.677	15	[(0, 406)]
407	  0	400	    -35.1546	    -34.6349	     345.116	15	[(0, 407)]
408	  0	401	    -35.1546	    -34.1631	     345.003	15	[(0, 408)]
409	  0	401	    -35.1546	    -34.1631	     345.003	15	[(0, 409)]
410	  0	401	    -35.1546	    -34.1631	     345.003	15	[(0, 410)]
411	  0	401	    -35.1546	    -34.1631	     345.003	15	[(0, 411)]
412	  0	401	    -35.1546	    -34.1631	     345.003	15	[(0, 412)]
413	  0	401	    -35.1546	    -34.1631	     345.003	15	[(0, 413)]
414	  0	401	    -35.1546	    -34.1631	     345.003	15	[(0, 414)]
415	  0	401	    -35.1546	    -34.1631	     345.003	15	[(0, 415)]
416	  0	404	    -35.1546	     -30.391	     345.469	16	[(0, 416)]
417	  0	406	    -35.1546	    -32.0702	     345.433	16	[(0, 417)]
418	  0	408	    -35.1546	    -34.4402	     345.281	15	[(0, 418)]
419	  0	409	    -35.1546	    -30.2942	     351.108	15	[(0, 419)]
420	  0	410	    -35.1546	    -30.3294	      351.66	15	[(0, 420)]
421	  0	411	    -35.1546	    -30.5025	     352.976	15	[(0, 421)]
422	  0	412	    -35.1546	    -30.6464	     353.981	15	[(0, 422)]
423	  0	413	    -35.1546	    -30.9147	     355.043	15	[(0, 423)]
424	  0	414	    -35.1546	    -31.2061	     356.078	15	[(0, 424)]
425	  0	415	    -35.1546	    -31.2328	     356.961	15	[(0, 425)]
426	  0	416	    -35.1546	    -31.4363	     357.949	15	[(0, 426)]
427	  0	417	    -35.1546	    -31.5807	     358.912	15	[(0, 427)]
428	  0	418	    -35.1546	    -31.5778	     359.685	15	[(0, 428)]
429	  0	419	    -35.1546	    -31.0839	     359.127	15	[(0, 429)]
430	  0	420	    -35.1546	    -30.9838	      358.62	15	[(0, 430)]
431	  0	421	    -35.1546	    -27.5662	     358.632	16	[(0, 431)]
432	  0	421	    -35.1546	    -27.5662	     358.632	16	[(0, 432)]
433	  0	421	    -35.1546	    -27.5662	     358.632	16	[(0, 433)]
434	  0	421	    -35.1546	    -27.5662	     358.632	16	[(0, 434)]
435	  0	423	    -35.1546	    -22.9746	     358.739	17	[(0, 435)]
436	  0	425	    -35.1546	    -24.4004	     358.749	17	[(0, 436)]
437	  0	427	    -35.1546	    -27.1723	     358.645	16	[(0, 437)]
438	  0	428	    -35.1546	    -21.8074	     364.702	16	[(0, 438)]
439	  0	429	    -35.1546	    -21.9828	     365.087	16	[(0, 439)]
440	  0	430	    -35.1546	    -22.1135	      365.18	16	[(0, 440)]
441	  0	431	    -35.1546	    -22.3165	     366.698	16	[(0, 441)]
442	  0	432	    -35.1546	    -22.4032	     367.554	16	[(0, 442)]
443	  0	433	    -35.1546	    -21.8809	     367.319	16	[(0, 443)]
444	  0	433	    -35.1546	    -21.8809	     367.319	16	[(0, 444)]
445	  0	433	    -35.1546	    -21.8809	     367.319	16	[(0, 445)]
446	  0	433	    -35.1546	    -21.8809	     367.319	16	[(0, 446)]
447	  0	434	    -35.1546	    -16.3128	     367.678	17	[(0, 447)]
448	  0	436	    -35.1546	    -17.4046	     368.263	18	[(0, 448)]
449	  0	439	    -35.1546	    -21.8226	     366.874	16	[(0, 449)]
450	  0	440	    -35.1546	    -19.3251	     372.081	16	[(0, 450)]
451	  0	441	    -35.1546	    -20.5067	     374.053	16	[(0, 451)]
452	  0	442	    -35.1546	    -20.6623	      374.91	16	[(0, 452)]
453	  0	443	    -35.1546	    -22.3143	     377.005	16	[(0, 453)]
454	  0	444	    -35.1546	    -21.7121	     377.318	16	[(0, 454)]
455	  0	445	    -35.1546	    -21.2804	      377.14	16	[(0, 455)]
456	  0	446	    -35.1546	    -21.2642	     377.104	16	[(0, 456)]
457	  0	446	    -35.1546	    -21.2642	     377.104	16	[(0, 457)]
458	  0	447	    -35.1546	     -16.246	     377.447	17	[(0, 458)]
459	  0	448	    -35.1546	    -22.0516	     381.464	17	[(0, 459)]
460	  0	449	    -35.1546	    -23.4549	     382.543	17	[(0, 460)]
461	  0	451	    -35.1546	    -24.0537	     383.383	17	[(0, 461)]
462	  0	452	    -35.1546	    -25.4549	     384.396	17	[(0, 462)]
463	  0	453	    -35.1546	     -25.233	     385.073	17	[(0, 463)]
464	  0	453	    -35.1546	     -25.233	     385.073	17	[(0, 464)]
465	  0	454	    -35.1546	     -23.743	     385.614	18	[(0, 465)]
466	  0	455	    -35.1546	    -23.4999	     385.608	18	[(0, 466)]
467	  0	456	    -35.1546	    -23.3646	     385.493	18	[(0, 467)]
468	  0	456	    -35.1546	    -23.3646	     385.493	18	[(0, 468)]
469	  0	457	    -35.1546	    -20.9466	     385.933	19	[(0, 469)]
470	  0	458	    -35.1546	    -23.1308	     389.357	19	[(0, 470)]
471	  0	460	    -35.1546	    -23.8506	     391.699	18	[(0, 471)]
472	  0	461	    -35.1546	     -16.345	     392.738	19	[(0, 472)]
473	  0	462	    -35.1546	    -16.8502	     393.719	19	[(0, 473)]
474	  0	463	    -35.1546	    -18.3392	      395.27	19	[(0, 474)]
475	  0	464	    -35.1546	     -19.253	     396.385	19	[(0, 475)]
476	  0	465	    -35.1546	    -20.3174	     397.699	19	[(0, 476)]
477	  0	466	    -35.1546	    -20.8783	     398.642	19	[(0, 477)]
478	  0	467	    -35.1546	    -21.4647	     399.627	19	[(0, 478)]
479	  0	468	    -35.1546	    -28.1723	     401.638	19	[(0, 479)]
480	  0	469	    -35.1546	    -29.9911	     402.956	19	[(0, 480)]
481	  0	470	    -35.1546	    -30.5289	     403.821	19	[(0, 481)]
482	  0	471	    -35.1546	    -30.7401	     404.611	19	[(0, 482)]
483	  0	472	    -35.1546	    -30.3701	     404.991	19	[(0, 483)]
484	  0	472	    -35.1546	    -30.3701	     404.991	19	[(0, 484)]
485	  0	473	    -35.1546	    -30.7426	     405.313	19	[(0, 485)]
486	  0	474	    -35.1546	    -30.6446	     405.275	19	[(0, 486)]
487	  0	475	    -35.1546	    -31.1349	     405.932	19	[(0, 487)]
488	  0	476	    -35.1546	    -30.9242	     405.778	19	[(0, 488)]
489	  0	477	    -35.1546	    -23.5483	     408.822	21	[(0, 489)]
490	  0	478	    -35.1546	    -24.5775	     410.488	21	[(0, 490)]
491	  0	479	    -35.1546	    -30.3595	     411.826	20	[(0, 491)]
492	  0	481	    -35.5578	    -35.5578	     415.251	19	[(0, 492)]
493	  0	482	    -38.0731	    -38.0731	     418.132	19	[(0, 493)]
494	  0	483	    -42.1362	    -42.1362	     420.031	19	[(0, 494)]
495	  0	484	    -44.3104	    -44.3104	     421.225	19	[(0, 495)]
496	  0	485	    -44.4172	    -44.4172	     421.993	19	[(0, 496)]
497	  0	485	    -44.4172	    -44.4172	     421.993	19	[(0, 497)]
498	  0	486	    -44.4172	    -42.5766	      422.22	20	[(0, 498)]
499	  0	487	    -44.4172	    -42.3711	      422.28	20	[(0, 499)]
500	  0	489	    -44.4172	    -43.5073	     421.893	19	[(0, 500)]
501	  0	490	    -44.4172	    -43.5109	     421.891	19	[(0, 501)]
502	  0	491	    -44.4172	    -43.5732	     421.959	19	[(0, 502)]
503	  0	492	    -44.4172	    -40.0324	      427.74	19	[(0, 503)]
504	  0	493	    -44.4172	     -40.431	     428.101	19	[(0, 504)]
505	  0	494	    -44.4172	    -40.5024	         429	19	[(0, 505)]
506	  0	495	    -44.4172	    -39.9109	     428.919	19	[(0, 506)]
507	  0	496	    -44.4172	    -32.6355	     428.495	21	[(0, 507)]
508	  0	498	    -44.4172	    -35.7249	     431.396	20	[(0, 508)]
509	  0	500	    -44.4172	      -38.56	     433.838	20	[(0, 509)]
510	  0	501	    -44.4172	    -42.6147	     435.468	20	[(0, 510)]
511	  0	503	    -45.9087	    -45.9087	     438.424	19	[(0, 511)]
512	  0	504	    -45.9087	    -45.5108	     439.065	19	[(0, 512)]
513	  0	505	    -46.0755	    -46.0755	     440.253	19	[(0, 513)]
514	  0	506	    -46.4128	    -46.4128	      441.44	19	[(0, 514)]
515	  0	507	    -46.4128	    -46.0289	     441.805	19	[(0, 515)]
516	  0	508	    -46.4128	    -45.7542	     441.398	19	[(0, 516)]
517	  0	508	    -46.4128	    -45.7542	     441.398	19	[(0, 517)]
518	  0	508	    -46.4128	    -45.7542	     441.398	19	[(0, 518)]
519	  0	508	    -46.4128	    -45.7542	     441.398	19	[(0, 519)]
520	  0	508	    -46.4128	    -45.7542	     441.398	19	[(0, 520)]
521	  0	508	    -46.4128	    -45.7542	     441.398	19	[(0, 521)]
522	  0	508	    -46.4128	    -45.7542	     441.398	19	[(0, 522)]
523	  0	508	    -46.4128	    -45.7542	     441.398	19	[(0, 523)]
524	  0	508	    -46.4128	    -45.7542	     441.398	19	[(0, 524)]
525	  0	508	    -46.4128	    -45.7542	     441.398	19	[(0, 525)]
526	  0	508	    -46.4128	    -45.7542	     441.398	19	[(0, 526)]
527	  0	508	    -46.4128	    -45.7542	     441.398	19	[(0, 527)]
528	  0	508	    -46.4128	    -45.7542	     441.398	19	[(0, 528)]
529	  0	508	    -46.4128	    -45.7542	     441.398	19	[(0, 529)]
530	  0	508	    -46.4128	    -45.7542	     441.398	19	[(0, 530)]
531	  0	508	    -46.4128	    -45.7542	     441.398	19	[(0, 531)]
532	  0	508	    -46.4128	    -45.7542	     441.398	19	[(0, 532)]
533	  0	508	    -46.4128	    -45.7542	     441.398	19	[(0, 533)]
534	  0	508	    -46.4128	    -45.7542	     441.398	19	[(0, 534)]
535	  0	508	    -46.4128	    -45.7542	     441.398	19	[(0, 535)]
536	  0	508	    -46.4128	    -45.7542	     441.398	19	[(0, 536)]
537	  0	508	    -46.4128	    -45.7542	     441.398	19	[(0, 537)]
538	  0	508	    -46.4128	    -45.7542	     441.398	19	[(0, 538)]
539	  0	508	    -46.4128	    -45.7542	     441.398	19	[(0, 539)]
540	  0	508	    -46.4128	    -45.7542	     441.398	19	[(0, 540)]
541	  0	508	    -46.4128	    -45.7542	     441.398	19	[(0, 541)]
542	  0	508	    -46.4128	    -45.7542	     441.398	19	[(0, 542)]
543	  0	508	    -46.4128	    -45.7542	     441.398	19	[(0, 543)]
544	  0	508	    -46.4128	    -45.7542	     441.398	19	[(0, 544)]
545	  0	508	    -46.4128	    -45.7542	     441.398	19	[(0, 545)]
546	  0	508	    -46.4128	    -45.7542	     441.398	19	[(0, 546)]
547	  0	508	    -46.4128	    -45.7542	     441.398	19	[(0, 547)]
548	  0	508	    -46.4128	    -45.7542	     441.398	19	[(0, 548)]
549	  0	508	    -46.4128	    -45.7542	     441.398	19	[(0, 549)]
550	  0	508	    -46.4128	    -45.7542	     441.398	19	[(0, 550)]
551	  0	508	    -46.4128	    -45.7542	     441.398	19	[(0, 551)]
552	  0	508	    -46.4128	    -45.7542	     441.398	19	[(0, 552)]
553	  0	508	    -46.4128	    -45.7542	     441.398	19	[(0, 553)]
554	  0	508	    -46.4128	    -45.7542	     441.398	19	[(0, 554)]
555	  0	508	    -46.4128	    -45.7542	     441.398	19	[(0, 555)]
556	  0	508	    -46.4128	    -45.7542	     441.398	19	[(0, 556)]
557	  0	508	    -46.4128	    -45.7542	     441.398	19	[(0, 557)]
558	  0	508	    -46.4128	    -45.7542	     441.398	19	[(0, 558)]
559	  0	508	    -46.4128	    -45.7542	     441.398	19	[(0, 559)]
560	  0	508	    -46.4128	    -45.7542	     441.398	19	[(0, 560)]
561	  0	508	    -46.4128	    -45.7542	     441.398	19	[(0, 561)]
562	  0	508	    -46.4128	    -45.7542	     441.398	19	[(0, 562)]
563	  0	508	    -46.4128	    -45.7542	     441.398	19	[(0, 563)]
564	  0	508	    -46.4128	    -45.7542	     441.398	19	[(0, 564)]
565	  0	508	    -46.4128	    -45.7542	     441.398	19	[(0, 565)]
566	  0	508	    -46.4128	    -45.7542	     441.398	19	[(0, 566)]
567	  0	508	    -46.4128	    -45.7542	     441.398	19	[(0, 567)]
568	  0	508	    -46.4128	    -45.7542	     441.398	19	[(0, 568)]
569	  0	508	    -46.4128	    -45.7542	     441.398	19	[(0, 569)]
570	  0	508	    -46.4128	    -45.7542	     441.398	19	[(0, 570)]
571	  0	508	    -46.4128	    -45.7542	     441.398	19	[(0, 571)]
572	  0	508	    -46.4128	    -45.7542	     441.398	19	[(0, 572)]
573	  0	508	    -46.4128	    -45.7542	     441.398	19	[(0, 573)]
574	  0	508	    -46.4128	    -45.7542	     441.398	19	[(0, 574)]
575	  0	508	    -46.4128	    -45.7542	     441.398	19	[(0, 575)]
576	  0	508	    -46.4128	    -45.7542	     441.398	19	[(0, 576)]
577	  0	508	    -46.4128	    -45.7542	     441.398	19	[(0, 577)]
578	  0	508	    -46.4128	    -45.7542	     441.398	19	[(0, 578)]
579	  0	508	    -46.4128	    -45.7542	     441.398	19	[(0, 579)]
580	  0	508	    -46.4128	    -45.7542	     441.398	19	[(0, 580)]
581	  0	508	    -46.4128	    -45.7542	     441.398	19	[(0, 581)]
582	  0	508	    -46.4128	    -45.7542	     441.398	19	[(0, 582)]
583	  0	508	    -46.4128	    -45.7542	     441.398	19	[(0, 583)]
584	  0	508	    -46.4128	    -45.7542	     441.398	19	[(0, 584)]
585	  0	508	    -46.4128	    -45.7542	     441.398	19	[(0, 585)]
586	  0	508	    -46.4128	    -45.7542	     441.398	19	[(0, 586)]
587	  0	508	    -46.4128	    -45.7542	     441.398	19	[(0, 587)]
588	  0	508	    -46.4128	    -45.7542	     441.398	19	[(0, 588)]
589	  0	508	    -46.4128	    -45.7542	     441.398	19	[(0, 589)]
590	  0	508	    -46.4128	    -45.7542	     441.398	19	[(0, 590)]
591	  0	508	    -46.4128	    -45.7542	     441.398	19	[(0, 591)]
592	  0	508	    -46.4128	    -45.7542	     441.398	19	[(0, 592)]
593	  0	508	    -46.4128	    -45.7542	     441.398	19	[(0, 593)]
594	  0	508	    -46.4128	    -45.7542	     441.398	19	[(0, 594)]
595	  0	508	    -46.4128	    -45.7542	     441.398	19	[(0, 595)]
596	  0	508	    -46.4128	    -45.7542	     441.398	19	[(0, 596)]
597	  0	508	    -46.4128	    -45.7542	     441.398	19	[(0, 597)]
598	  0	508	    -46.4128	    -45.7542	     441.398	19	[(0, 598)]
599	  0	508	    -46.4128	    -45.7542	     441.398	19	[(0, 599)]
600	  0	508	    -46.4128	    -45.7542	     441.398	19	[(0, 600)]
601	  0	508	    -46.4128	    -45.7542	     441.398	19	[(0, 601)]
602	  0	508	    -46.4128	    -45.7542	     441.398	19	[(0, 602)]
603	  0	508	    -46.4128	    -45.7542	     441.398	19	[(0, 603)]
604	  0	508	    -46.4128	    -45.7542	     441.398	19	[(0, 604)]
605	  0	508	    -46.4128	    -45.7542	     441.398	19	[(0, 605)]
606	  0	508	    -46.4128	    -45.7542	     441.398	19	[(0, 606)]
607	  0	508	    -46.4128	    -45.7542	     441.398	19	[(0, 607)]
608	  0	508	    -46.4128	    -45.7542	     441.398	19	[(0, 608)]
609	  0	508	    -46.4128	    -45.7542	     441.398	19	[(0, 609)]
610	  0	508	    -46.4128	    -45.7542	     441.398	19	[(0, 610)]
