nresidues = 938
395 472 0.0625
396 472 1.625
396 473 0.25
397 472 0.1875
397 473 1.25
397 474 0.0625
397 510 0.3125
397 511 0.0625
397 767 0.3125
398 474 1.1875
398 508 0.0625
398 509 1.4375
398 510 1.375
398 511 0.0625
399 473 0.0625
399 474 0.1875
399 475 1.1875
399 476 0.1875
399 511 1.3125
399 513 0.125
400 476 1.5
400 477 0.0625
400 478 0.125
400 503 0.0625
400 509 0.125
400 511 0.125
400 512 1.25
400 513 0.0625
401 408 0.0625
401 475 0.0625
401 476 0.0625
401 477 1.3125
401 478 0.1875
401 500 0.1875
401 513 0.25
401 514 0.0625
402 408 0.1875
402 478 0.0625
402 481 0.125
402 482 0.125
402 483 0.25
402 500 0.1875
403 408 1.3125
403 409 0.0625
403 410 0.125
404 407 1.3125
404 408 1.3125
404 483 0.1875
404 515 0.125
404 713 0.125
404 730 0.3125
404 734 0.125
405 409 0.5625
405 734 0.0625
406 409 0.375
406 456 1.125
406 457 0.0625
406 737 0.5
406 791 0.125
407 455 0.0625
407 456 1.25
407 457 1.625
407 458 1.3125
407 515 0.125
407 533 0.25
407 733 0.125
407 757 0.0625
408 455 1.25
408 458 0.0625
409 453 0.0625
409 454 1.3125
409 455 0.875
409 737 0.125
410 452 0.125
410 453 1.1875
410 454 0.0625
410 477 0.125
411 452 1.3125
411 453 0.25
411 455 0.1875
413 417 0.195312
413 418 0.78125
413 451 0.0625
413 453 0.125
414 417 0.0390625
414 418 0.3125
414 419 0.234375
414 420 0.078125
419 432 0.125
419 434 0.0625
419 453 0.375
420 432 0.25
422 429 1.25
422 430 0.3125
422 432 0.25
423 427 0.0625
423 428 1.5
423 429 0.0625
423 430 0.25
424 427 0.125
424 428 0.375
424 430 0.0625
425 789 0.0625
426 790 0.0625
430 455 0.1875
430 791 0.0625
431 455 0.125
431 460 0.125
431 463 0.125
432 454 1.1875
432 455 0.1875
433 452 0.0625
433 453 1.1875
433 454 0.375
433 459 0.125
433 473 0.0625
434 451 0.0625
434 452 1.375
434 475 0.125
435 450 0.0625
435 451 1.1875
435 452 0.5
435 453 0.125
435 454 0.3125
435 475 1.3125
436 449 0.0625
436 450 1.1875
436 475 0.0625
436 476 1.375
436 477 0.125
437 448 0.0625
437 449 1.625
437 450 0.0625
437 452 0.125
438 452 0.125
438 479 0.0625
454 459 0.117188
455 459 0.234375
455 791 0.25
456 459 0.78125
456 460 0.15625
456 791 1.0625
457 460 0.78125
457 461 0.078125
457 532 0.125
457 533 0.125
457 787 0.25
457 788 0.0625
457 791 0.1875
458 461 0.820312
458 462 0.078125
458 513 0.0625
458 514 0.1875
458 515 0.0625
458 532 0.0625
459 462 0.78125
459 463 0.15625
460 463 0.78125
460 464 0.078125
460 787 0.125
460 791 0.3125
461 464 0.78125
461 465 0.15625
461 532 0.25
461 784 0.0625
462 465 0.78125
462 466 0.078125
462 473 0.0625
462 475 0.0625
463 466 0.78125
463 467 0.078125
463 473 0.0625
464 467 0.78125
464 468 0.15625
464 783 0.1875
465 468 0.820312
465 469 0.117188
465 471 0.15625
465 774 0.125
466 469 0.742188
466 470 0.742188
466 471 0.273438
466 473 0.125
467 470 0.0390625
469 767 0.1875
469 770 0.3125
469 771 0.1875
476 503 0.25
476 508 0.0625
478 481 0.25
478 482 0.125
478 499 0.25
478 500 0.125
478 503 0.25
479 503 0.125
480 498 0.3125
480 499 0.1875
482 499 1.3125
482 500 0.0625
482 684 0.0625
482 685 1.25
482 711 0.25
483 498 0.0625
483 499 1.25
483 500 1.4375
483 501 0.0625
483 515 0.0625
483 522 0.125
483 685 1.0625
483 730 0.125
483 800 0.8125
484 497 0.25
484 498 0.3125
484 522 0.25
484 685 0.125
485 496 0.0625
485 497 1.625
485 498 0.4375
485 685 0.4375
485 686 0.0625
485 690 0.1875
486 495 0.0625
486 496 1.1875
486 497 0.3125
486 525 0.375
487 494 0.0625
487 495 1.25
487 496 0.3125
487 498 0.1875
488 492 0.1875
488 493 0.3125
488 494 1.25
488 495 0.125
489 492 0.3125
489 494 0.0625
489 496 0.3125
497 501 0.976562
497 502 0.117188
497 505 0.125
497 521 0.1875
497 522 0.1875
497 525 0.5625
498 501 0.820312
498 502 0.0390625
498 685 0.5
499 502 0.742188
499 503 0.078125
500 503 0.78125
500 504 0.078125
500 512 0.25
500 514 0.0625
501 504 0.78125
501 505 0.15625
501 522 0.4375
501 526 0.125
502 505 0.78125
502 506 0.117188
503 506 0.820312
503 507 0.742188
503 508 1.05469
503 509 0.078125
504 509 0.117188
504 510 0.117188
504 512 0.1875
504 526 0.0625
504 760 0.1875
504 761 0.25
504 762 0.375
505 525 0.0625
505 526 0.0625
507 762 0.0625
509 762 0.1875
510 762 0.25
510 767 0.1875
511 759 0.125
511 760 1.3125
511 771 0.0625
512 516 0.125
512 759 1.25
512 760 0.125
514 532 0.125
515 757 0.6875
515 799 1.0625
515 800 0.125
516 522 0.125
516 528 0.0625
516 756 0.0625
516 757 1.4375
516 758 0.125
516 799 0.0625
516 800 1.25
517 522 0.3125
517 528 0.125
517 687 0.3125
517 731 0.0625
517 756 1.1875
517 757 0.125
517 799 0.125
517 800 0.3125
518 528 0.3125
518 529 0.0625
518 531 0.0625
518 756 0.1875
518 757 0.1875
518 758 0.125
519 522 0.9375
519 523 0.078125
519 528 0.0625
519 687 0.0625
520 523 0.78125
520 524 0.117188
521 524 0.117188
521 525 0.0390625
521 690 0.1875
522 525 0.78125
522 526 0.117188
522 528 0.1875
522 686 0.0625
522 687 0.125
522 800 0.5
523 526 0.117188
523 763 0.125
524 763 0.25
525 763 0.0625
526 761 1.25
526 763 0.25
527 759 0.0625
527 760 1.1875
527 761 0.375
528 759 1.25
528 761 0.0625
529 758 0.25
529 759 0.3125
529 771 0.0625
529 772 0.25
529 775 0.125
530 772 0.0625
530 775 0.0625
531 534 0.0625
531 757 1.25
531 775 0.0625
531 779 0.25
532 757 1.6875
532 758 0.3125
532 779 0.3125
532 784 0.25
533 733 0.0625
533 756 1.1875
533 757 0.0625
533 788 0.25
534 755 1.125
534 779 0.125
535 731 0.6875
535 732 0.4375
535 733 0.125
535 751 0.125
535 754 1.3125
535 755 1.5
535 757 0.375
536 731 1.25
536 732 0.3125
536 751 0.0625
536 753 1.1875
536 754 0.125
537 688 0.0625
537 730 1.3125
537 731 0.0625
537 751 1.25
537 752 0.5625
538 729 1.25
538 730 0.125
538 732 0.125
538 735 0.25
538 748 0.125
538 749 0.0625
539 665 0.1875
539 666 0.0625
539 671 0.0625
539 727 0.0625
539 728 1.3125
539 735 0.0625
539 746 0.0625
539 747 1.3125
539 748 0.375
540 727 1.1875
540 728 0.25
540 735 0.125
540 739 0.0625
540 746 1.3125
541 661 0.125
541 720 0.1875
541 726 0.1875
541 727 0.0625
541 745 1.1875
541 746 0.5
542 661 0.1875
542 744 1.25
543 743 0.0625
543 744 0.1875
661 670 0.0625
661 678 0.125
662 670 0.1875
663 668 0.5625
663 671 0.125
663 678 0.1875
663 748 0.0625
664 667 0.0625
664 668 0.4375
664 748 0.0625
665 668 0.125
665 671 0.0390625
666 671 0.0390625
666 672 0.273438
666 692 0.0625
666 701 0.0625
666 752 0.3125
667 672 0.234375
668 671 0.78125
668 672 0.117188
669 672 0.78125
669 673 0.15625
670 678 0.4375
670 680 0.0625
671 674 0.125
671 678 0.0625
671 680 0.625
671 701 0.125
672 698 0.1875
672 701 0.0625
674 680 0.125
674 700 0.1875
674 704 0.1875
675 678 0.1875
675 704 0.0625
677 726 0.125
678 704 0.125
678 726 0.625
678 727 0.0625
679 704 0.25
679 708 0.4375
679 725 1.3125
679 726 1.4375
680 701 0.375
680 704 0.8125
680 705 0.5
680 708 0.0625
680 725 0.1875
680 727 1.3125
681 705 0.25
681 708 0.25
681 709 0.375
681 727 0.0625
681 728 1.25
681 729 0.0625
682 688 0.1875
682 709 1.625
682 728 0.1875
682 729 0.25
682 730 0.125
683 686 0.1875
683 689 0.0625
683 710 1.25
683 711 0.0625
683 712 0.125
683 713 0.0625
683 728 0.125
683 730 0.3125
684 709 0.25
684 710 0.25
684 711 0.375
685 689 0.0390625
686 689 0.820312
686 690 0.0390625
686 730 0.1875
686 800 0.3125
687 690 0.78125
687 691 0.078125
687 799 0.0625
687 800 0.4375
688 691 0.78125
688 692 0.078125
688 729 0.0625
688 730 0.125
689 692 0.78125
689 693 0.078125
689 702 0.125
689 709 0.0625
690 693 0.78125
690 694 0.078125
691 695 0.46875
691 698 0.0625
691 752 0.0625
691 753 0.4375
692 695 0.0390625
692 698 0.125
692 701 0.125
692 702 0.25
692 705 0.1875
693 702 0.4375
695 698 1.5
695 699 0.0625
696 699 0.3125
698 701 0.78125
698 702 0.078125
699 702 0.78125
699 703 0.078125
700 703 0.703125
700 704 0.0390625
701 704 0.78125
701 705 0.195312
702 705 0.742188
702 706 0.078125
703 706 0.0390625
704 707 0.742188
704 708 0.15625
705 708 0.78125
705 709 0.351562
705 729 0.0625
710 715 0.195312
710 716 0.117188
710 719 0.1875
710 725 0.125
711 715 0.078125
712 715 0.9375
712 716 0.0390625
713 716 0.78125
713 717 0.195312
713 728 0.125
713 730 0.0625
714 717 0.78125
714 718 0.078125
715 718 0.78125
715 719 0.078125
716 719 0.78125
716 720 0.078125
716 725 0.0625
716 728 0.375
717 720 0.78125
717 721 0.0390625
717 728 0.125
717 738 0.1875
717 745 0.0625
718 721 0.820312
718 722 0.429688
719 722 0.742188
719 723 0.78125
719 724 0.820312
719 725 0.78125
720 723 0.0390625
720 725 0.195312
720 728 0.0625
720 745 0.0625
721 742 0.4375
721 744 0.625
721 799 0.375
725 728 0.0625
728 735 0.117188
729 735 0.0390625
729 752 0.0625
730 734 0.117188
730 735 0.234375
730 800 0.0625
731 734 0.78125
731 735 0.117188
731 757 0.25
731 799 0.1875
731 800 0.0625
732 735 0.742188
732 736 0.15625
732 751 0.1875
733 736 0.664062
733 737 0.0390625
733 757 0.0625
734 737 0.78125
734 738 0.117188
735 738 0.820312
735 739 0.078125
735 747 0.1875
736 739 0.703125
736 740 0.15625
736 751 0.0625
737 740 0.78125
737 741 0.078125
737 791 0.125
737 792 0.1875
738 741 0.78125
738 742 0.3125
739 742 0.117188
739 745 0.3125
739 746 0.0625
739 747 0.0625
740 796 1.0625
740 797 0.125
741 797 1.5625
741 798 1.125
741 799 0.25
742 745 0.3125
742 797 0.0625
742 799 0.3125
743 797 0.25
757 799 0.0625
759 771 0.125
759 775 0.0625
761 767 0.125
761 768 0.0625
761 771 0.0625
762 765 0.125
767 770 0.78125
767 771 0.15625
768 771 0.78125
768 772 0.117188
769 772 0.78125
769 773 0.15625
770 773 0.820312
770 774 0.078125
771 774 0.78125
771 775 0.195312
772 775 0.78125
772 776 0.078125
773 776 0.78125
773 777 0.078125
774 777 0.78125
774 778 0.117188
775 778 0.78125
775 779 0.234375
776 779 0.78125
776 780 0.351562
777 780 0.78125
777 781 0.195312
778 781 0.78125
778 782 0.664062
778 783 0.976562
778 784 0.234375
779 784 0.0390625
782 785 0.78125
782 786 0.234375
783 786 0.78125
783 787 0.15625
784 787 0.78125
784 788 0.078125
785 788 0.78125
785 789 0.078125
786 789 0.898438
786 790 0.117188
787 790 0.78125
787 791 0.15625
788 791 0.742188
788 792 0.820312
788 793 0.0390625
789 793 0.117188
789 794 0.0390625
790 794 0.117188
791 794 0.234375
795 798 0.1875
