L	Ls	nvertices	F_L	F_L_constrained	rho_sum	nloops	regions
221	  0	  0	           0	           0	           0	 0	[(0, 221)]
222	  0	  0	           0	           0	           0	 0	[(0, 222)]
223	  0	  0	           0	           0	           0	 0	[(0, 223)]
224	  0	  0	           0	           0	           0	 0	[(0, 224)]
225	  0	  2	           0	      3.6991	    0.336695	 1	[(0, 225)]
226	  0	  5	           0	     2.35009	    0.268209	 1	[(0, 226)]
227	  0	  7	           0	     4.75488	     5.52328	 0	[(0, 227)]
228	  0	  8	           0	     4.55306	     5.95229	 0	[(0, 228)]
229	  0	  9	           0	     4.24557	     6.59377	 0	[(0, 229)]
230	  0	 10	           0	     3.98643	     8.00852	 0	[(0, 230)]
231	  0	 11	           0	     3.46945	     9.13475	 0	[(0, 231)]
232	  0	 12	           0	     3.13317	     10.1071	 0	[(0, 232)]
233	  0	 13	           0	     3.03928	      10.899	 0	[(0, 233)]
234	  0	 14	           0	     3.31909	      11.279	 0	[(0, 234)]
235	  0	 14	           0	     3.31909	      11.279	 0	[(0, 235)]
236	  0	 15	           0	      3.1727	     11.4154	 0	[(0, 236)]
237	  0	 16	           0	     3.07551	     11.5645	 0	[(0, 237)]
238	  0	 18	           0	     3.67757	     10.5438	 0	[(0, 238)]
239	  0	 18	           0	     3.67757	     10.5438	 0	[(0, 239)]
240	  0	 18	           0	     3.67757	     10.5438	 0	[(0, 240)]
241	  0	 19	           0	     3.53349	      10.709	 0	[(0, 241)]
242	  0	 19	           0	     3.53349	      10.709	 0	[(0, 242)]
243	  0	 19	           0	     3.53349	      10.709	 0	[(0, 243)]
244	  0	 19	           0	     3.53349	      10.709	 0	[(0, 244)]
245	  0	 21	           0	     3.40588	     10.8417	 0	[(0, 245)]
246	  0	 21	           0	     3.40588	     10.8417	 0	[(0, 246)]
247	  0	 21	           0	     3.40588	     10.8417	 0	[(0, 247)]
248	  0	 22	           0	     10.6255	     10.9934	 1	[(0, 248)]
249	  0	 22	           0	     10.6255	     10.9934	 1	[(0, 249)]
250	  0	 24	           0	     10.6044	      11.105	 1	[(0, 250)]
251	  0	 24	           0	     10.6044	      11.105	 1	[(0, 251)]
252	248	  3	           0	     3.89824	    0.291113	 1	[(248, 252)]
253	248	  5	           0	     2.36749	    0.267235	 1	[(248, 253)]
254	248	  7	           0	     4.85472	     5.55903	 0	[(248, 254)]
255	248	  8	           0	     3.82887	     5.75126	 0	[(248, 255)]
256	248	  9	           0	     3.73712	     6.89582	 0	[(248, 256)]
257	248	 10	           0	       3.445	     8.01526	 0	[(248, 257)]
258	248	 11	           0	     3.17637	     8.94311	 0	[(248, 258)]
259	248	 12	           0	     3.03302	     9.89698	 0	[(248, 259)]
260	248	 13	           0	     2.95495	     10.8009	 0	[(248, 260)]
261	248	 14	           0	      3.4822	     10.5482	 0	[(248, 261)]
262	248	 15	           0	     3.44851	     11.2745	 0	[(248, 262)]
263	248	 16	           0	       3.582	     10.3072	 0	[(248, 263)]
264	248	 16	           0	       3.582	     10.3072	 0	[(248, 264)]
265	248	 16	           0	       3.582	     10.3072	 0	[(248, 265)]
266	248	 17	           0	     3.45109	     10.4402	 0	[(248, 266)]
267	248	 17	           0	     3.45109	     10.4402	 0	[(248, 267)]
268	248	 17	           0	     3.45109	     10.4402	 0	[(248, 268)]
269	248	 18	           0	     3.28093	     10.6093	 0	[(248, 269)]
270	248	 18	           0	     3.28093	     10.6093	 0	[(248, 270)]
271	248	 18	           0	     3.28093	     10.6093	 0	[(248, 271)]
272	248	 18	           0	     3.28093	     10.6093	 0	[(248, 272)]
273	248	 18	           0	     3.28093	     10.6093	 0	[(248, 273)]
274	248	 20	           0	     2.99228	     10.9068	 0	[(248, 274)]
275	248	 21	           0	     3.00352	      10.902	 0	[(248, 275)]
276	248	 22	           0	     3.01891	     10.8808	 0	[(248, 276)]
277	248	 22	           0	     3.01891	     10.8808	 0	[(248, 277)]
278	248	 22	           0	     3.01891	     10.8808	 0	[(248, 278)]
279	248	 23	           0	     2.72952	     11.1399	 0	[(248, 279)]
280	248	 25	           0	     2.72297	     11.2849	 0	[(248, 280)]
281	248	 27	           0	     12.5723	     15.3767	 1	[(248, 281)]
282	248	 28	           0	     12.5583	     16.6306	 1	[(248, 282)]
283	248	 29	           0	     13.0923	     16.7966	 1	[(248, 283)]
284	281	  2	           0	     3.74048	    0.248575	 1	[(281, 284)]
285	281	  4	   -0.250793	   -0.250793	    0.258631	 0	[(281, 285)]
286	281	  6	   -0.250793	    -0.14666	    0.151006	 0	[(281, 286)]
287	281	  7	   -0.250793	     5.86893	     5.56629	 0	[(281, 287)]
288	281	  8	   -0.250793	     5.47263	     5.78086	 0	[(281, 288)]
289	281	  9	   -0.250793	     5.02766	     6.01116	 0	[(281, 289)]
290	281	 10	   -0.250793	     4.66292	     6.27271	 0	[(281, 290)]
291	281	 11	   -0.250793	       5.318	     6.59671	 0	[(281, 291)]
292	281	 11	   -0.250793	       5.318	     6.59671	 0	[(281, 292)]
293	281	 11	   -0.250793	       5.318	     6.59671	 0	[(281, 293)]
294	281	 12	   -0.250793	     5.17895	     6.74092	 0	[(281, 294)]
295	281	 12	   -0.250793	     5.17895	     6.74092	 0	[(281, 295)]
296	281	 12	   -0.250793	     5.17895	     6.74092	 0	[(281, 296)]
297	281	 13	   -0.250793	      5.0174	     6.89033	 0	[(281, 297)]
298	281	 13	   -0.250793	      5.0174	     6.89033	 0	[(281, 298)]
299	281	 14	   -0.250793	     4.87735	     7.01943	 0	[(281, 299)]
300	281	 14	   -0.250793	     4.87735	     7.01943	 0	[(281, 300)]
301	281	 14	   -0.250793	     4.87735	     7.01943	 0	[(281, 301)]
302	  0	 80	   -0.250793	     1.25972	     72.7108	 5	[(0, 302)]
303	  0	 81	   -0.250793	     1.45915	     73.4589	 5	[(0, 303)]
304	  0	 82	   -0.250793	     1.16203	     74.3439	 5	[(0, 304)]
305	  0	 83	   -0.250793	     1.38045	     74.7897	 5	[(0, 305)]
306	  0	 83	   -0.250793	     1.38045	     74.7897	 5	[(0, 306)]
307	  0	 83	   -0.250793	     1.38045	     74.7897	 5	[(0, 307)]
308	304	  2	   -0.250793	     3.70916	    0.312605	 1	[(304, 308)]
309	304	  5	   -0.250793	     2.35067	    0.265861	 1	[(304, 309)]
310	  0	 88	   -0.250793	     3.12946	     79.2764	 5	[(0, 310)]
311	  0	 89	   -0.250793	     2.56011	     80.8413	 5	[(0, 311)]
312	  0	 90	   -0.250793	     1.86987	     82.1364	 5	[(0, 312)]
313	  0	 91	   -0.250793	     1.68602	     83.0949	 5	[(0, 313)]
314	  0	 92	   -0.250793	     1.49195	     83.9791	 5	[(0, 314)]
315	  0	 93	   -0.374459	   -0.374459	     85.4327	 5	[(0, 315)]
316	  0	 94	   -0.374459	   0.0282704	     85.9868	 5	[(0, 316)]
317	  0	 95	   -0.374459	    0.539711	     85.9628	 5	[(0, 317)]
318	  0	 96	   -0.374459	    0.637452	     85.8179	 5	[(0, 318)]
319	  0	 97	   -0.374459	     0.59171	     85.9087	 5	[(0, 319)]
320	  0	 98	   -0.374459	    0.632499	     85.8155	 5	[(0, 320)]
321	  0	100	    -2.38104	    -2.38104	     91.3002	 3	[(0, 321)]
322	  0	101	    -3.87972	    -3.87972	     92.1577	 3	[(0, 322)]
323	  0	102	    -5.57957	    -5.57957	     93.1192	 3	[(0, 323)]
324	  0	103	    -7.37962	    -7.37962	     94.1501	 3	[(0, 324)]
325	  0	104	    -8.90287	    -8.90287	     95.1482	 3	[(0, 325)]
326	  0	105	    -13.9979	    -13.9979	     96.4107	 3	[(0, 326)]
327	  0	106	    -13.9979	    -13.5462	     96.8945	 3	[(0, 327)]
328	  0	107	    -14.5816	    -14.5816	     97.9595	 3	[(0, 328)]
329	  0	108	    -15.5773	    -15.5773	     99.0011	 3	[(0, 329)]
330	  0	109	    -20.8906	    -20.8906	      100.33	 3	[(0, 330)]
331	  0	110	    -20.8906	    -20.6488	      101.07	 3	[(0, 331)]
332	  0	111	     -20.901	     -20.901	     97.6292	 3	[(0, 332)]
333	  0	111	     -20.901	     -20.901	     97.6292	 3	[(0, 333)]
334	  0	112	    -21.0456	    -21.0456	      97.766	 3	[(0, 334)]
335	  0	113	    -21.0456	    -15.2786	     97.8214	 4	[(0, 335)]
336	  0	113	    -21.0456	    -15.2786	     97.8214	 4	[(0, 336)]
337	  0	113	    -21.0456	    -15.2786	     97.8214	 4	[(0, 337)]
338	  0	113	    -21.0456	    -15.2786	     97.8214	 4	[(0, 338)]
339	  0	115	    -21.0456	    -10.9438	     98.0726	 5	[(0, 339)]
340	  0	117	    -21.0456	    -12.6192	     98.0112	 5	[(0, 340)]
341	  0	119	    -21.0456	    -9.67084	     106.801	 4	[(0, 341)]
342	  0	120	    -21.0456	    -11.7367	     103.783	 4	[(0, 342)]
343	  0	121	    -21.0456	     -13.137	     105.196	 4	[(0, 343)]
344	  0	122	    -21.0456	    -13.5491	     106.193	 4	[(0, 344)]
345	  0	123	    -21.0456	    -13.9078	     107.083	 4	[(0, 345)]
346	  0	124	    -21.0456	    -14.2478	     108.008	 4	[(0, 346)]
347	  0	125	    -21.0456	    -14.4177	     108.925	 4	[(0, 347)]
348	  0	126	    -21.0456	    -14.5627	     109.863	 4	[(0, 348)]
349	  0	127	    -21.0456	    -14.0582	     114.019	 4	[(0, 349)]
350	  0	128	    -21.0456	    -14.0297	     114.549	 4	[(0, 350)]
351	  0	129	    -21.0456	    -13.5018	     114.684	 4	[(0, 351)]
352	  0	130	    -21.0456	    -12.6097	     116.375	 5	[(0, 352)]
353	  0	131	    -21.0456	     -15.037	     118.442	 5	[(0, 353)]
354	  0	132	    -21.0456	    -16.1765	     119.386	 5	[(0, 354)]
355	  0	133	    -21.0456	    -18.1231	     120.419	 5	[(0, 355)]
356	  0	134	    -21.0456	    -19.5015	     121.414	 5	[(0, 356)]
357	  0	135	    -24.2132	    -24.2132	     122.598	 5	[(0, 357)]
358	  0	136	    -24.2132	    -23.7231	     123.134	 5	[(0, 358)]
359	  0	137	    -24.2132	    -23.1811	     123.159	 5	[(0, 359)]
360	  0	138	    -24.2132	    -23.3753	     123.439	 5	[(0, 360)]
361	  0	139	    -24.2132	    -23.2687	     123.324	 5	[(0, 361)]
362	  0	140	    -24.2132	     -17.855	     123.215	 6	[(0, 362)]
363	  0	140	    -24.2132	     -17.855	     123.215	 6	[(0, 363)]
364	  0	141	    -24.2132	    -15.0209	     123.392	 7	[(0, 364)]
365	  0	142	    -24.2132	    -14.9544	     123.524	 7	[(0, 365)]
366	  0	144	    -24.2132	    -15.1595	     129.331	 6	[(0, 366)]
367	  0	145	    -24.2132	     -14.765	     129.398	 6	[(0, 367)]
368	  0	146	    -24.2132	    -16.9263	     130.312	 6	[(0, 368)]
369	  0	147	    -24.2132	    -17.8875	     131.919	 6	[(0, 369)]
370	  0	148	    -24.2132	    -18.4943	     132.969	 6	[(0, 370)]
371	  0	149	    -24.2132	    -19.0578	     133.898	 6	[(0, 371)]
372	  0	150	    -24.2132	    -19.3973	     134.831	 6	[(0, 372)]
373	  0	151	    -24.2132	    -20.4007	     135.958	 6	[(0, 373)]
374	  0	152	    -24.2132	    -20.6995	     136.866	 6	[(0, 374)]
375	  0	153	    -24.2132	    -22.1361	     138.079	 6	[(0, 375)]
376	  0	154	    -25.7564	    -25.7564	     139.581	 6	[(0, 376)]
377	  0	155	    -26.1522	    -26.1522	     140.457	 6	[(0, 377)]
378	  0	156	    -26.4782	    -26.4782	     141.306	 6	[(0, 378)]
379	  0	157	      -27.67	      -27.67	     142.436	 6	[(0, 379)]
380	  0	158	    -27.8911	    -27.8911	     143.329	 6	[(0, 380)]
381	  0	159	    -28.5075	    -28.5075	     144.379	 6	[(0, 381)]
382	  0	160	    -28.7403	    -28.7403	     145.239	 6	[(0, 382)]
383	  0	161	    -28.8953	    -28.8953	     146.158	 6	[(0, 383)]
384	  0	162	      -29.49	      -29.49	      147.25	 6	[(0, 384)]
385	  0	163	    -29.8019	    -29.8019	     148.246	 6	[(0, 385)]
386	  0	164	     -29.956	     -29.956	      149.08	 6	[(0, 386)]
387	  0	165	     -29.956	    -29.4002	      149.02	 6	[(0, 387)]
388	  0	165	     -29.956	    -29.4002	      149.02	 6	[(0, 388)]
389	  0	165	     -29.956	    -29.4002	      149.02	 6	[(0, 389)]
390	  0	165	     -29.956	    -29.4002	      149.02	 6	[(0, 390)]
391	  0	165	     -29.956	    -29.4002	      149.02	 6	[(0, 391)]
392	  0	165	     -29.956	    -29.4002	      149.02	 6	[(0, 392)]
