nresidues = 392
221 226 0.0390625
221 241 0.25
221 245 0.0625
222 225 0.976562
222 226 0.117188
223 226 0.78125
223 227 0.15625
223 248 0.0625
224 227 0.78125
224 228 0.117188
224 252 0.25
225 228 0.78125
225 229 0.195312
226 229 0.820312
226 230 0.15625
226 256 0.0625
227 230 0.78125
227 231 0.3125
227 252 0.1875
227 255 0.0625
227 256 0.125
227 259 0.0625
228 231 0.742188
228 232 0.15625
229 232 0.78125
229 233 0.742188
229 234 0.507812
229 236 0.0625
229 237 0.25
230 233 0.0390625
230 237 0.125
230 256 0.0625
230 259 0.4375
230 260 0.0625
230 262 1.1875
230 263 0.1875
231 259 0.0625
231 262 0.0625
233 262 0.1875
233 263 0.375
233 264 0.4375
233 265 0.4375
234 237 0.125
234 265 0.3125
235 238 0.1875
235 265 0.4375
237 265 1.0625
237 266 0.0625
238 265 0.1875
238 266 1.375
238 267 1.375
238 268 0.125
239 268 1.25
240 268 0.125
240 269 1.4375
240 270 0.0625
241 270 1.25
242 245 0.375
242 256 0.0625
242 270 1.25
242 271 0.0625
242 274 0.0625
243 270 0.625
243 271 0.25
243 272 1.5
243 273 1.125
244 272 0.0625
244 273 1.5
244 274 0.0625
245 248 0.125
246 250 0.0625
246 273 0.5
246 274 0.125
248 252 0.0390625
248 253 0.0390625
249 252 0.898438
249 253 0.0390625
250 253 0.820312
250 254 0.15625
250 274 0.0625
250 275 0.0625
250 280 0.1875
251 254 0.820312
251 255 0.195312
252 255 1.13281
252 256 0.078125
253 256 0.78125
253 257 0.15625
253 276 0.0625
254 257 0.78125
254 258 0.078125
254 279 0.375
255 258 0.820312
255 259 0.078125
256 259 0.78125
256 260 0.078125
256 269 0.125
257 260 0.742188
257 261 0.0390625
257 280 0.0625
257 283 0.25
257 284 0.125
258 261 0.117188
258 262 0.0390625
259 262 0.898438
260 263 0.117188
260 287 0.3125
261 286 0.125
261 287 0.1875
261 290 0.0625
263 266 0.25
264 293 0.375
265 293 0.25
266 269 0.0625
266 293 1.4375
266 294 0.0625
267 293 0.125
267 294 1.375
267 295 1.25
267 296 0.0625
268 294 0.0625
268 296 1.25
269 284 0.0625
269 287 0.125
269 294 0.0625
269 296 0.125
269 297 1.25
270 298 1.5625
271 274 0.4375
271 298 1.25
271 302 0.1875
272 298 0.1875
272 300 1.3125
272 301 1.0625
272 302 0.125
273 301 0.125
273 302 0.25
274 302 0.375
275 302 0.25
275 303 0.3125
276 280 0.25
276 302 1.5
276 303 0.25
276 304 0.0625
277 280 1.6875
277 281 0.125
277 303 0.0625
277 304 0.25
278 281 1.1875
278 282 0.625
278 304 0.4375
278 305 0.5625
278 308 0.625
279 282 0.1875
281 284 0.15625
281 304 0.0625
281 308 0.0625
282 285 0.15625
283 286 0.742188
284 287 0.820312
284 288 0.15625
284 299 0.0625
284 312 0.125
285 288 0.78125
285 289 0.234375
285 311 0.25
285 312 0.0625
286 289 0.742188
286 290 0.195312
287 290 0.78125
287 291 0.078125
288 297 0.125
288 312 0.0625
288 315 0.4375
288 316 0.125
288 319 0.0625
289 315 0.25
289 318 0.25
289 319 0.0625
291 294 0.1875
291 319 0.25
291 321 0.125
292 321 0.125
293 321 0.0625
294 321 1.5
294 322 0.1875
295 321 0.125
295 322 1.3125
295 323 1.5
295 324 0.125
296 324 1.3125
297 324 0.125
297 325 1.25
297 326 0.0625
298 326 1.3125
299 302 0.3125
299 304 0.125
299 326 1.25
299 327 0.125
299 330 0.25
300 326 0.375
300 327 0.1875
300 328 1.25
300 329 1.0625
300 330 0.1875
301 328 0.0625
301 329 0.1875
301 330 0.1875
302 330 1.5625
302 331 0.0625
303 330 0.1875
303 331 0.5
304 309 0.0390625
304 330 0.375
305 308 0.820312
305 309 0.117188
305 332 0.0625
306 309 0.78125
306 310 0.078125
306 332 0.0625
306 334 0.0625
306 335 0.25
306 339 0.25
307 310 0.78125
307 311 0.117188
307 339 0.0625
308 311 0.78125
308 312 0.117188
309 312 0.78125
309 313 0.078125
309 327 0.0625
309 330 0.0625
309 343 0.25
310 313 0.78125
310 314 0.078125
310 342 0.0625
310 343 0.0625
311 314 0.78125
311 315 0.117188
312 315 0.898438
312 316 0.0390625
312 325 0.125
313 316 0.273438
313 325 0.0625
313 343 0.1875
313 358 0.0625
314 317 0.15625
314 342 0.5625
314 345 0.0625
314 346 0.0625
315 318 0.078125
316 319 0.664062
316 320 0.117188
316 350 0.25
317 320 0.15625
317 346 0.0625
317 349 0.125
317 350 0.125
320 350 0.375
320 351 0.1875
320 352 0.25
322 352 1.1875
322 353 0.1875
323 352 0.1875
323 353 1.25
323 354 1.25
323 355 0.0625
324 355 1.5
325 355 0.0625
325 356 1.25
325 357 0.0625
326 356 0.0625
326 357 1.4375
327 330 0.3125
327 357 1.1875
328 357 0.125
328 358 0.125
328 359 0.0625
335 339 0.117188
335 340 0.078125
335 358 0.0625
335 359 0.0625
336 339 0.78125
336 340 0.117188
337 340 0.78125
337 341 0.351562
338 341 0.78125
338 342 0.078125
339 342 0.78125
339 343 0.195312
340 343 0.78125
340 344 0.117188
340 360 0.75
340 361 0.375
340 362 0.125
340 365 0.0625
341 344 0.820312
341 345 0.078125
342 345 0.78125
342 346 0.078125
343 346 0.78125
343 347 0.15625
343 358 0.125
343 360 0.125
344 347 0.703125
344 348 0.078125
344 364 0.1875
344 365 0.25
344 368 0.0625
344 369 0.0625
345 348 0.78125
345 349 0.0390625
345 368 0.1875
346 349 0.78125
346 350 0.078125
347 350 0.15625
347 356 0.0625
347 369 0.0625
347 375 0.0625
348 368 0.6875
348 372 0.0625
348 375 0.3125
350 353 0.5
350 375 0.125
350 376 0.25
351 376 0.6875
351 379 0.5
352 376 0.0625
353 373 0.1875
353 376 0.25
354 373 0.125
354 376 0.25
354 377 0.0625
355 373 0.0625
360 365 0.0625
360 366 0.1875
360 369 0.125
362 365 0.859375
362 366 0.195312
363 366 0.78125
363 367 0.078125
364 367 0.78125
364 368 0.273438
365 368 0.78125
365 369 0.117188
366 369 0.78125
366 370 0.15625
367 370 0.898438
367 371 0.234375
368 371 0.78125
368 372 0.078125
369 372 0.78125
369 373 0.117188
370 373 0.78125
370 374 0.117188
371 374 0.78125
371 375 0.078125
372 375 0.898438
372 376 0.195312
373 376 0.78125
373 377 0.078125
374 377 0.78125
374 378 0.117188
375 378 0.78125
375 379 0.078125
376 379 0.78125
376 380 0.078125
377 380 0.78125
377 381 0.078125
378 381 1.01562
378 382 0.15625
379 382 0.703125
379 383 0.078125
380 383 0.78125
380 384 0.3125
381 384 0.78125
381 385 0.15625
382 385 0.78125
382 386 0.78125
382 387 0.15625
383 386 0.0390625
