nresidues = 591
2 28 0.125
2 92 0.1875
3 27 1.3125
3 28 0.0625
3 93 1.1875
3 95 0.3125
4 28 1.25
4 47 0.0625
4 52 0.0625
4 92 0.0625
4 93 0.125
4 94 1.3125
4 95 1.125
5 22 0.0625
5 28 0.1875
5 29 1.1875
5 30 0.1875
5 96 1.1875
6 30 1.3125
6 96 0.1875
6 97 1.1875
6 98 0.125
6 129 0.0625
7 15 0.0625
7 18 0.0625
7 19 0.125
7 22 0.0625
7 29 0.125
7 30 0.125
7 31 0.125
7 35 0.1875
7 98 1.3125
8 35 0.1875
8 98 0.1875
8 99 1.375
9 12 0.3125
9 35 0.125
9 98 0.1875
9 99 0.125
9 100 1.5625
9 149 0.0625
10 100 0.4375
10 101 0.1875
10 102 0.3125
11 100 0.25
11 146 0.0625
12 15 0.25
12 34 0.1875
12 35 0.125
13 146 0.125
13 149 0.0625
14 17 0.664062
14 18 0.078125
14 149 0.3125
15 18 0.78125
15 19 0.078125
15 35 0.0625
15 39 0.0625
16 19 0.78125
16 20 0.117188
16 42 0.0625
16 44 0.0625
17 20 0.78125
17 21 0.234375
18 21 0.78125
18 22 0.234375
18 149 1
18 153 0.125
19 22 0.78125
19 23 0.15625
19 29 0.125
19 39 0.0625
19 44 0.0625
20 23 0.898438
20 24 0.0390625
20 44 0.375
21 24 0.78125
21 25 0.117188
21 153 0.25
22 25 0.78125
22 26 0.664062
22 27 0.15625
22 156 0.0625
23 26 0.0390625
23 27 0.078125
23 29 0.1875
25 156 0.125
27 95 0.0625
27 96 0.0625
29 45 0.1875
29 46 1.25
29 47 0.0625
30 46 0.0625
30 47 1.3125
30 49 0.0625
30 52 0.0625
31 35 0.078125
31 36 0.15625
31 46 0.0625
31 47 1.1875
31 48 1.3125
31 49 0.125
32 35 0.820312
32 36 0.15625
32 48 0.375
32 49 0.1875
32 64 0.0625
33 36 0.78125
33 37 0.078125
34 37 0.78125
34 38 0.078125
35 38 0.78125
35 39 0.15625
36 39 0.78125
36 40 0.15625
37 40 0.820312
37 41 0.46875
38 41 0.664062
38 42 0.078125
39 42 0.78125
39 43 0.664062
39 44 0.15625
39 46 0.125
40 43 0.0390625
40 44 0.0390625
40 46 0.1875
47 51 0.6875
48 51 0.3125
49 52 1.25
49 53 0.25
49 64 0.0625
49 70 0.0625
50 53 1.3125
50 54 0.0625
52 69 0.125
53 64 0.0625
53 67 0.75
53 69 0.0625
55 58 0.125
57 60 0.125
57 61 0.0625
57 64 0.125
58 61 1.125
58 63 0.0625
59 62 0.25
61 64 0.125
62 120 0.0625
63 66 0.1875
65 70 0.1875
65 71 0.125
65 125 0.0625
67 70 0.78125
67 71 0.078125
68 71 0.78125
68 72 0.742188
68 91 0.25
69 72 0.664062
69 73 0.0390625
69 91 0.5
70 73 0.742188
70 74 0.078125
70 94 0.0625
70 129 0.0625
71 74 0.820312
71 75 0.15625
71 128 0.1875
71 132 0.0625
72 75 0.703125
72 76 0.078125
72 86 0.375
72 91 0.0625
73 86 0.0625
73 92 0.0625
73 93 1.3125
73 94 0.25
73 139 0.1875
74 94 0.0625
74 97 0.0625
74 129 0.0625
74 132 0.25
74 133 0.125
74 136 0.25
74 139 0.1875
74 140 0.0625
75 132 0.0625
75 136 0.25
75 139 0.0625
76 82 0.195312
76 86 0.125
76 93 0.0625
76 136 0.0625
76 139 0.25
77 82 0.429688
78 83 0.0390625
79 82 0.976562
79 83 0.195312
80 83 0.78125
80 84 0.078125
81 84 0.78125
81 85 0.15625
82 85 0.78125
82 86 0.117188
83 86 0.78125
83 87 0.078125
84 87 0.820312
84 88 0.078125
85 88 0.820312
85 89 0.15625
86 89 0.78125
86 90 0.742188
86 91 0.234375
86 92 0.0390625
87 90 0.0390625
93 139 0.1875
94 97 0.0625
94 139 0.125
94 140 0.0625
95 140 1.25
95 141 0.1875
95 162 0.125
95 163 0.125
96 141 1.25
97 133 0.125
97 141 0.125
97 142 1.25
97 143 0.125
98 143 1.1875
99 126 0.125
99 130 0.125
99 143 1.25
99 144 0.125
100 144 0.0625
100 146 0.0625
100 179 0.125
101 123 0.1875
101 126 0.125
101 127 0.0625
101 179 0.25
101 183 0.125
102 106 0.195312
102 107 0.078125
102 183 0.0625
103 106 0.820312
103 107 0.0390625
104 107 0.78125
104 108 0.117188
104 118 0.0625
104 122 0.0625
104 190 0.1875
105 108 0.78125
105 109 0.078125
106 109 0.78125
107 110 0.078125
107 113 0.125
107 121 0.375
108 113 0.1875
108 190 0.1875
110 113 0.1875
112 117 0.0390625
113 117 0.273438
113 118 0.078125
114 117 1.05469
114 118 0.078125
115 118 0.78125
115 119 0.117188
115 190 0.1875
115 194 0.125
115 195 0.0625
116 119 0.78125
116 120 0.15625
117 120 0.742188
117 121 0.117188
118 121 0.78125
118 190 0.0625
119 122 0.15625
119 195 0.0625
122 183 0.25
122 187 0.125
122 191 0.0625
123 126 0.195312
123 127 0.078125
123 183 0.1875
124 127 0.703125
124 128 0.078125
125 128 0.78125
125 129 0.117188
126 129 0.78125
126 130 0.078125
127 130 0.78125
127 131 0.15625
127 183 0.0625
128 131 0.742188
128 132 0.078125
129 132 0.78125
129 133 0.078125
130 133 0.78125
130 134 0.078125
130 142 0.0625
130 144 0.0625
130 179 0.0625
130 180 0.0625
131 134 0.820312
131 135 0.078125
131 177 0.125
131 180 0.0625
132 135 0.78125
132 136 0.078125
133 136 0.78125
133 137 0.0390625
133 140 0.125
133 142 0.125
134 137 0.195312
134 142 0.0625
134 173 0.0625
134 176 0.0625
134 177 0.375
136 139 1.4375
136 140 0.25
137 140 0.125
137 166 0.0625
137 169 0.3125
137 170 0.125
137 173 0.1875
138 169 0.375
139 169 0.3125
140 169 0.25
141 164 0.25
141 169 0.125
141 172 0.0625
142 172 0.25
143 148 0.0625
143 149 0.1875
144 175 0.1875
144 176 0.0625
144 179 0.0625
145 148 0.25
146 149 0.5625
148 151 0.78125
148 152 0.117188
148 172 0.0625
148 175 0.3125
149 152 0.820312
149 153 0.15625
150 153 0.78125
150 154 0.117188
151 154 0.703125
151 155 0.078125
152 155 0.78125
152 156 0.195312
152 164 0.0625
153 156 0.78125
153 157 0.273438
154 157 0.976562
154 158 0.117188
155 158 0.859375
155 163 0.0625
155 164 0.5
155 165 0.25
155 168 0.4375
156 159 0.0390625
156 161 1.0625
156 162 1.375
156 163 0.25
159 162 0.125
163 169 0.0390625
164 169 0.351562
165 168 0.898438
165 169 0.234375
166 169 0.859375
166 170 0.351562
167 170 0.898438
167 171 0.234375
168 171 0.78125
168 172 0.195312
169 172 0.820312
169 173 0.078125
170 173 0.78125
170 174 0.078125
171 174 0.78125
171 175 0.078125
172 175 0.78125
172 176 0.078125
173 176 0.78125
173 177 0.117188
174 177 0.664062
174 178 0.195312
175 178 0.78125
175 179 0.078125
176 179 0.820312
176 180 0.15625
177 180 0.859375
177 181 0.078125
178 181 0.78125
178 182 0.273438
179 182 0.78125
179 183 0.078125
180 183 0.78125
180 184 0.0390625
181 184 0.742188
181 185 0.078125
182 185 0.78125
182 186 0.078125
183 186 0.78125
183 187 0.195312
184 187 0.820312
184 188 0.117188
185 188 0.859375
185 189 0.078125
186 189 0.742188
186 190 0.078125
187 190 0.78125
187 191 0.234375
188 191 0.78125
188 192 0.15625
189 192 0.976562
189 193 0.429688
189 216 0.25
190 193 0.78125
190 194 0.351562
191 194 0.742188
191 195 1.05469
192 195 0.703125
192 196 0.898438
192 200 0.1875
192 201 0.125
192 218 0.5625
192 219 0.0625
192 220 0.0625
193 197 0.0390625
193 201 0.1875
193 216 0.25
196 199 1.5625
196 200 1.3125
196 201 0.1875
197 201 1.3125
197 203 0.0625
198 201 1.1875
199 222 0.0625
199 223 1.25
199 224 0.25
200 218 1.25
200 219 0.25
200 221 0.0625
200 222 0.125
200 224 0.0625
201 216 0.3125
201 217 1.1875
202 216 1.25
202 217 0.25
202 228 0.0625
202 233 0.0625
203 215 1.25
204 215 0.1875
204 216 0.1875
204 233 0.0625
204 234 0.0625
204 235 0.0625
204 238 0.0625
205 213 0.0625
205 232 0.1875
205 233 0.1875
205 234 0.1875
205 237 0.0625
206 209 1.5
206 210 0.25
206 212 1.3125
206 213 0.125
206 215 0.1875
206 235 0.0625
207 212 0.0625
207 215 0.0625
207 235 0.375
208 212 0.1875
208 235 0.0625
208 236 0.125
209 212 0.375
210 213 0.0625
217 224 0.125
217 238 0.125
218 224 0.125
219 223 0.1875
219 224 0.25
223 226 0.0625
223 227 0.0625
225 364 0.0625
225 365 1.375
225 366 0.1875
225 369 0.375
226 242 0.0625
226 364 1.1875
226 365 0.0625
227 363 1.1875
227 364 0.25
228 231 0.0625
228 233 0.0625
228 362 1.1875
228 363 0.0625
229 344 0.125
229 362 1.25
229 364 0.125
230 353 0.625
230 358 0.25
230 359 0.125
230 360 1.4375
230 361 1.25
230 362 0.1875
231 359 0.0625
231 360 0.0625
232 361 0.0625
233 237 0.195312
233 238 0.0390625
233 361 0.125
234 237 0.820312
234 238 0.15625
235 238 0.78125
235 239 0.15625
236 239 0.78125
236 240 0.195312
237 240 0.820312
237 241 0.078125
237 316 0.1875
238 241 0.742188
238 242 0.15625
239 242 0.664062
239 243 0.117188
239 266 0.0625
240 243 0.742188
240 244 0.078125
240 263 0.1875
240 264 0.0625
240 265 0.1875
240 266 0.0625
240 316 0.0625
241 244 0.78125
241 245 0.078125
241 316 0.25
241 340 0.0625
242 245 0.703125
242 246 0.195312
243 246 0.78125
243 247 0.078125
243 263 0.25
243 266 0.0625
243 425 0.0625
243 589 0.1875
244 247 0.78125
244 248 0.117188
244 263 0.375
244 318 0.25
245 248 0.820312
245 249 0.117188
245 319 0.125
245 341 0.0625
245 342 0.0625
245 365 0.4375
245 367 0.0625
246 249 0.78125
246 250 0.195312
246 388 0.3125
246 425 0.5
247 250 0.78125
247 251 0.195312
247 263 0.0625
247 421 0.125
247 425 0.0625
248 251 0.820312
248 252 0.078125
248 259 0.125
248 260 0.1875
248 261 0.0625
248 318 0.0625
248 319 0.25
248 320 0.125
249 252 0.78125
249 253 0.3125
249 367 0.125
249 369 0.0625
250 253 0.78125
250 254 0.078125
250 421 0.25
250 424 0.3125
250 425 0.4375
251 254 0.78125
251 255 0.078125
251 259 0.0625
251 418 0.125
251 421 0.0625
252 255 0.742188
252 256 0.0390625
252 257 0.15625
252 320 0.1875
252 321 0.3125
254 393 0.0625
254 417 0.0625
255 273 0.0625
257 273 0.25
257 275 0.0625
258 273 1.3125
258 274 0.0625
258 296 0.125
258 297 0.0625
258 300 0.0625
258 320 0.25
258 321 0.125
259 272 1.25
259 297 0.125
259 300 0.0625
259 319 1.1875
259 320 0.375
260 271 1.25
260 272 0.125
260 300 0.25
260 301 0.0625
260 304 0.0625
260 318 1.25
261 270 1.3125
261 316 0.0625
261 317 1.25
261 318 0.0625
262 268 1.25
262 269 1.25
262 270 0.1875
262 304 0.0625
262 312 0.25
262 315 0.3125
262 316 1.25
263 266 0.3125
263 267 1.8125
263 268 0.3125
263 315 1.3125
263 316 0.25
263 425 0.125
264 267 0.1875
264 311 0.25
264 313 0.1875
266 427 0.375
267 426 0.25
267 427 0.1875
267 444 0.0625
268 425 0.125
268 426 0.1875
268 442 0.0625
269 304 1.0625
269 307 0.0625
269 311 0.0625
269 312 0.0625
270 304 0.1875
270 307 0.0625
271 438 1.25
271 439 0.1875
272 300 0.0625
272 303 0.0625
272 437 1.25
272 438 0.125
273 300 0.125
273 303 0.0625
273 437 0.1875
274 296 0.0625
274 299 0.0625
274 300 0.125
275 303 0.5625
275 436 0.125
276 281 0.0390625
276 303 0.1875
277 281 0.15625
277 291 0.25
277 294 0.0625
277 303 0.4375
278 281 1.01562
278 282 0.078125
278 291 0.5625
279 282 0.78125
279 283 0.078125
279 288 0.375
279 291 0.3125
280 283 0.859375
280 284 0.117188
280 472 0.0625
281 284 0.78125
281 285 0.117188
281 303 0.5
281 436 0.125
282 285 0.78125
282 286 0.742188
282 287 0.820312
282 288 0.078125
282 291 0.125
283 286 0.078125
283 288 0.273438
284 466 0.1875
284 467 0.375
285 302 0.1875
286 289 0.0625
286 309 0.25
286 333 0.0625
286 482 0.4375
286 485 0.0625
287 290 1.25
287 330 0.0625
287 333 0.0625
288 291 0.1875
289 333 0.5
290 293 1.4375
290 294 0.0625
290 330 0.0625
290 333 0.125
291 294 0.5
293 326 0.125
294 298 0.15625
295 298 1.05469
295 299 0.078125
295 324 0.25
296 299 0.78125
296 300 0.078125
297 300 0.820312
297 301 0.078125
297 324 0.1875
297 327 0.1875
298 301 0.742188
298 302 0.078125
298 326 0.1875
298 327 0.125
299 302 0.78125
299 303 0.15625
300 303 0.78125
300 304 0.078125
301 304 0.78125
301 305 0.273438
301 315 0.3125
301 317 0.3125
301 330 0.125
301 331 0.125
302 305 0.664062
302 306 0.0390625
303 306 0.742188
303 436 0.125
303 438 0.625
304 307 0.0390625
305 309 0.125
305 312 0.5
305 313 0.0625
305 315 0.1875
305 334 0.6875
305 335 0.1875
306 463 0.0625
306 466 0.25
307 439 0.0625
307 463 0.0625
307 466 0.125
308 311 1.6875
308 312 0.1875
309 312 1.25
309 313 0.0625
309 334 0.5
309 482 0.0625
309 486 0.375
310 313 0.0625
310 490 0.25
312 315 0.4375
312 335 0.0625
313 335 1.5625
314 335 1.1875
314 336 1.1875
314 337 0.25
315 335 0.0625
315 336 1.5625
315 337 1.1875
315 338 0.0625
316 338 2.0625
316 339 0.375
316 363 0.0625
317 336 0.0625
317 338 0.1875
317 339 1.375
317 340 0.1875
318 340 1.3125
319 323 0.1875
319 339 0.0625
319 341 0.125
319 342 0.0625
320 342 0.3125
320 367 0.0625
321 342 0.375
322 343 1.375
322 344 0.125
323 327 0.078125
323 343 0.0625
323 344 1.25
323 345 0.125
323 348 0.0625
324 327 0.9375
324 328 0.078125
324 345 0.1875
324 348 0.125
325 328 0.78125
325 329 0.273438
325 345 0.0625
325 347 0.1875
326 329 0.78125
326 330 0.15625
327 330 0.78125
327 331 0.195312
328 331 0.820312
328 332 0.078125
328 348 0.1875
328 351 0.0625
328 352 0.1875
329 332 0.742188
329 333 0.0390625
330 333 0.703125
330 334 0.0390625
331 334 0.15625
331 339 0.0625
331 352 0.125
331 355 0.1875
331 360 0.0625
332 351 0.0625
332 355 0.25
333 482 0.8125
334 355 0.1875
334 482 0.375
336 356 0.125
336 360 0.5
337 356 0.1875
337 360 0.25
337 361 0.0625
338 360 0.4375
338 361 1.1875
339 344 0.375
339 360 0.125
339 361 0.125
339 362 1.1875
339 363 0.25
340 344 0.1875
340 363 1.3125
340 365 0.125
341 344 0.125
341 363 0.0625
341 364 1.3125
341 365 0.125
342 364 0.25
342 365 0.1875
342 367 0.1875
344 352 0.125
344 362 0.3125
344 363 0.3125
345 348 0.820312
345 349 0.078125
346 349 0.78125
346 350 0.0390625
347 350 0.703125
347 351 0.15625
348 351 0.78125
348 352 0.15625
349 352 0.78125
349 353 0.234375
349 362 0.0625
350 353 0.664062
350 354 0.078125
351 354 0.742188
352 355 0.117188
352 360 0.1875
353 357 0.664062
353 358 0.117188
354 357 0.78125
354 358 0.0390625
355 358 0.742188
355 359 0.664062
355 360 0.3125
356 359 0.195312
366 369 0.125
371 388 0.25
372 388 0.0625
373 387 1.3125
373 388 0.25
374 385 0.125
374 386 1.375
375 384 0.0625
375 385 1.3125
375 386 0.5
375 388 0.3125
376 384 1.25
376 385 0.0625
377 382 0.0625
377 383 1.1875
377 384 0.25
377 590 0.5
378 381 0.125
378 382 1.3125
378 383 0.125
379 382 0.375
389 424 0.25
389 587 0.0625
390 424 0.0625
391 424 0.125
391 585 0.0625
392 585 0.0625
393 420 0.125
393 421 0.1875
394 397 1.3125
394 398 0.125
395 398 1.25
395 413 0.125
396 399 0.25
397 583 0.25
398 401 0.0625
398 416 0.1875
398 417 0.0625
398 420 0.125
398 558 0.125
398 581 0.0625
400 581 1.1875
400 582 0.375
401 405 0.0625
401 406 0.375
401 579 0.0625
401 580 1.3125
402 406 0.125
402 570 0.25
402 580 0.25
403 406 0.125
403 570 0.0625
403 573 0.1875
403 574 0.75
403 578 0.125
403 579 0.3125
403 580 0.0625
404 574 0.625
405 579 0.4375
407 579 0.125
408 416 0.0625
408 556 0.0625
408 579 0.0625
409 412 0.859375
409 413 0.0390625
409 556 0.25
410 413 0.78125
410 414 0.078125
411 414 0.9375
411 415 0.195312
412 415 0.78125
412 416 0.15625
412 533 0.0625
412 556 0.375
413 416 0.78125
413 417 0.195312
414 417 0.78125
414 418 0.078125
414 435 0.0625
414 436 0.3125
414 437 0.0625
415 418 0.78125
415 419 0.078125
415 434 0.0625
415 435 0.4375
415 436 0.1875
415 437 0.0625
415 533 0.125
416 419 0.78125
416 420 0.15625
416 533 0.0625
416 534 0.0625
416 557 0.0625
416 558 0.0625
417 420 0.742188
417 421 0.117188
418 421 0.703125
418 422 0.078125
418 437 0.125
419 422 0.78125
419 423 0.117188
419 432 0.25
419 434 0.0625
419 535 0.25
420 423 0.820312
420 424 0.078125
420 535 0.375
420 587 0.125
421 424 0.78125
421 425 0.0390625
422 425 0.742188
422 426 0.15625
422 439 0.0625
423 426 0.15625
423 430 0.0625
423 431 0.125
423 432 0.0625
423 535 0.0625
423 536 0.0625
423 537 0.125
423 587 0.0625
424 589 0.1875
425 589 0.25
426 430 0.375
426 442 0.0625
426 443 0.0625
426 444 0.125
426 589 0.25
427 430 0.1875
427 444 1.3125
427 445 0.0625
427 589 1.375
427 590 0.0625
428 444 1.125
428 445 1.4375
428 446 1.1875
428 537 0.1875
428 587 0.0625
428 588 0.375
428 589 0.25
428 590 0.25
429 443 0.0625
429 444 1.1875
429 445 1.125
429 446 0.625
429 447 0.0625
429 448 0.1875
429 449 0.1875
429 452 0.1875
429 537 0.3125
430 443 1.25
430 449 0.125
430 452 0.1875
430 536 1.1875
430 537 0.625
431 442 1.25
431 443 0.0625
431 449 0.0625
431 452 0.1875
431 453 0.0625
431 456 0.0625
431 534 0.125
431 535 1.25
432 439 0.125
432 441 1.3125
432 442 0.0625
432 533 0.0625
432 534 1.3125
432 535 0.0625
433 439 1.25
433 440 1.375
433 441 0.3125
433 453 0.3125
433 456 0.5625
433 457 0.25
433 533 1.25
433 534 0.125
433 549 0.0625
433 552 0.0625
433 554 0.125
434 438 1.25
434 532 1.25
434 533 0.25
435 438 0.4375
435 530 0.1875
435 531 0.0625
438 463 0.1875
440 459 1.1875
440 460 0.1875
440 463 0.6875
441 456 0.0625
441 459 0.0625
442 455 0.0625
442 456 0.125
442 459 0.1875
443 452 0.1875
443 455 0.0625
446 455 0.1875
448 451 1.01562
448 452 0.0390625
449 452 0.78125
449 453 0.117188
449 536 0.3125
449 537 0.3125
449 538 0.25
449 540 0.25
449 541 0.125
449 545 0.3125
449 588 0.0625
450 453 0.78125
450 454 0.429688
450 544 0.125
450 545 0.1875
451 454 0.78125
451 455 0.078125
452 455 0.78125
452 456 0.078125
453 456 0.742188
453 457 0.0390625
453 540 0.0625
453 545 0.25
454 457 0.742188
454 458 0.195312
454 548 0.25
455 458 0.703125
455 459 0.078125
456 459 0.78125
456 460 0.078125
457 460 0.78125
457 461 0.195312
457 548 0.3125
457 552 0.0625
458 461 0.78125
458 462 0.273438
458 548 0.125
459 462 0.820312
459 463 0.078125
460 463 0.820312
460 464 0.078125
461 464 0.820312
461 465 0.195312
461 526 0.125
461 548 0.0625
461 552 0.25
462 465 0.78125
462 466 0.15625
462 493 0.125
462 494 0.25
463 466 0.78125
463 467 0.390625
464 467 1.01562
464 525 1.1875
464 526 0.0625
464 528 0.0625
464 529 0.3125
465 468 0.078125
465 471 0.0390625
465 493 0.125
465 522 0.0625
465 525 0.1875
466 471 0.078125
466 472 0.0390625
466 489 0.0625
466 493 0.0625
467 472 0.078125
467 525 0.25
468 471 0.78125
468 472 0.078125
468 517 0.375
468 525 0.3125
469 472 0.742188
469 473 0.15625
470 473 0.78125
470 474 0.078125
470 492 0.125
470 515 0.0625
470 517 0.1875
471 474 0.15625
471 489 0.0625
471 492 0.125
474 492 0.375
474 510 0.125
474 514 0.0625
475 510 1.3125
475 511 0.1875
476 480 0.0625
476 485 0.5625
476 509 1.3125
476 510 0.375
477 480 0.125
480 484 0.0390625
481 484 0.820312
481 485 0.117188
482 485 0.78125
482 486 0.078125
483 486 0.78125
483 487 0.195312
484 487 0.664062
484 488 0.078125
485 488 0.78125
485 489 0.195312
486 489 0.78125
486 490 0.234375
487 490 0.820312
487 491 0.195312
488 491 0.78125
488 492 0.078125
488 506 0.3125
489 492 0.820312
489 493 0.117188
490 493 0.703125
490 494 0.195312
491 494 0.78125
491 495 0.78125
491 496 1.05469
491 497 0.195312
492 506 0.1875
492 515 0.25
492 516 0.3125
492 517 0.125
493 522 0.125
494 522 0.0625
497 502 0.0390625
497 503 0.0390625
497 506 0.625
497 516 0.0625
498 502 0.859375
498 503 0.078125
499 502 0.820312
500 503 0.742188
501 504 0.78125
501 505 0.0390625
502 505 0.742188
502 506 0.0390625
503 506 0.78125
503 507 0.078125
504 507 0.78125
504 508 0.078125
505 508 0.742188
505 509 0.0390625
506 509 0.15625
506 510 0.351562
506 514 0.0625
506 516 0.125
507 510 0.078125
507 513 0.1875
510 513 0.0625
510 514 0.3125
516 521 0.0390625
517 521 0.273438
517 522 0.117188
518 521 1.09375
518 522 0.15625
519 522 0.859375
519 523 0.078125
520 523 0.78125
520 524 0.078125
521 524 0.78125
521 525 0.078125
522 525 0.78125
522 526 0.117188
523 526 0.78125
523 527 0.078125
524 527 0.742188
524 528 0.0390625
525 528 0.859375
526 529 0.078125
526 551 0.0625
529 532 0.125
529 552 1.1875
529 553 0.125
530 553 1.125
531 553 1.25
532 552 0.125
532 553 0.4375
532 554 1.4375
532 555 1.125
532 556 0.125
533 556 1.3125
534 554 0.0625
534 556 0.125
534 557 1.5625
534 558 0.0625
535 558 1.25
536 540 0.1875
536 559 0.0625
536 560 0.0625
537 560 0.125
537 586 1.3125
537 587 0.375
537 588 0.1875
538 560 1.4375
538 588 0.125
539 560 0.1875
539 561 0.125
539 562 0.3125
539 563 0.125
540 545 0.429688
540 557 0.0625
540 563 0.125
541 545 0.0390625
541 563 0.1875
541 565 0.0625
542 545 0.0390625
542 569 0.125
543 546 0.78125
543 547 0.46875
543 572 0.25
543 575 0.4375
544 547 0.898438
544 548 0.078125
545 548 0.78125
545 549 0.078125
546 549 0.742188
546 550 0.0390625
546 573 0.0625
546 576 0.0625
547 550 0.742188
547 551 0.46875
547 576 0.0625
548 551 0.898438
548 552 0.15625
549 552 0.820312
549 553 0.664062
549 554 0.234375
550 576 0.25
550 578 0.0625
554 557 0.0625
554 578 0.125
555 578 1.3125
556 579 1.1875
557 578 0.125
557 579 0.1875
557 580 1.4375
557 581 0.1875
558 581 1.1875
559 581 0.0625
559 582 1.3125
559 583 0.1875
560 582 0.1875
560 583 1.375
560 585 0.0625
560 586 0.0625
561 566 0.375
561 582 0.375
561 583 0.0625
562 566 0.375
563 566 0.625
565 568 0.898438
565 569 0.078125
566 569 0.78125
566 570 0.15625
566 582 0.0625
567 570 0.78125
567 571 0.078125
568 571 0.820312
568 572 0.078125
569 572 0.78125
569 573 0.078125
570 573 0.78125
570 574 0.15625
570 582 0.125
571 574 0.820312
571 575 0.078125
572 575 0.9375
572 576 0.117188
573 576 0.742188
573 577 0.78125
573 578 0.234375
573 580 0.125
