nresidues = 591
2 28 0.301708
2 92 0.452562
3 27 3.16793
3 28 0.150854
3 93 2.86622
3 95 0.75427
4 28 3.01708
4 47 0.150854
4 52 0.150854
4 92 0.150854
4 93 0.301708
4 94 3.16793
4 95 2.71537
5 22 0.150854
5 28 0.452562
5 29 2.86622
5 30 0.452562
5 96 2.86622
6 30 3.16793
6 96 0.452562
6 97 2.86622
6 98 0.301708
6 129 0.150854
7 15 0.150854
7 18 0.150854
7 19 0.301708
7 22 0.150854
7 29 0.301708
7 30 0.301708
7 31 0.301708
7 35 0.452562
7 98 3.16793
8 35 0.452562
8 98 0.452562
8 99 3.31879
9 12 0.75427
9 35 0.301708
9 98 0.452562
9 99 0.301708
9 100 3.77135
9 149 0.150854
10 100 1.05598
10 101 0.452562
10 102 0.75427
11 100 0.603416
11 146 0.150854
12 15 0.603416
12 34 0.452562
12 35 0.301708
13 146 0.301708
13 149 0.150854
14 17 1.60282
14 18 0.188567
14 149 0.75427
15 18 1.88567
15 19 0.188567
15 35 0.150854
15 39 0.150854
16 19 1.88567
16 20 0.282852
16 42 0.150854
16 44 0.150854
17 20 1.88567
17 21 0.565702
18 21 1.88567
18 22 0.565702
18 149 2.41366
18 153 0.301708
19 22 1.88567
19 23 0.377135
19 29 0.301708
19 39 0.150854
19 44 0.150854
20 23 2.16853
20 24 0.0942837
20 44 0.905124
21 24 1.88567
21 25 0.282852
21 153 0.603416
22 25 1.88567
22 26 1.60282
22 27 0.377135
22 156 0.150854
23 26 0.0942837
23 27 0.188567
23 29 0.452562
25 156 0.301708
27 95 0.150854
27 96 0.150854
29 45 0.452562
29 46 3.01708
29 47 0.150854
30 46 0.150854
30 47 3.16793
30 49 0.150854
30 52 0.150854
31 35 0.188567
31 36 0.377135
31 46 0.150854
31 47 2.86622
31 48 3.16793
31 49 0.301708
32 35 1.97996
32 36 0.377135
32 48 0.905124
32 49 0.452562
32 64 0.150854
33 36 1.88567
33 37 0.188567
34 37 1.88567
34 38 0.188567
35 38 1.88567
35 39 0.377135
36 39 1.88567
36 40 0.377135
37 40 1.97996
37 41 1.1314
38 41 1.60282
38 42 0.188567
39 42 1.88567
39 43 1.60282
39 44 0.377135
39 46 0.301708
40 43 0.0942837
40 44 0.0942837
40 46 0.452562
47 51 1.65939
48 51 0.75427
49 52 3.01708
49 53 0.603416
49 64 0.150854
49 70 0.150854
50 53 3.16793
50 54 0.150854
52 69 0.301708
53 64 0.150854
53 67 1.81025
53 69 0.150854
55 58 0.301708
57 60 0.301708
57 61 0.150854
57 64 0.301708
58 61 2.71537
58 63 0.150854
59 62 0.603416
61 64 0.301708
62 120 0.150854
63 66 0.452562
65 70 0.452562
65 71 0.301708
65 125 0.150854
67 70 1.88567
67 71 0.188567
68 71 1.88567
68 72 1.79139
68 91 0.603416
69 72 1.60282
69 73 0.0942837
69 91 1.20683
70 73 1.79139
70 74 0.188567
70 94 0.150854
70 129 0.150854
71 74 1.97996
71 75 0.377135
71 128 0.452562
71 132 0.150854
72 75 1.69711
72 76 0.188567
72 86 0.905124
72 91 0.150854
73 86 0.150854
73 92 0.150854
73 93 3.16793
73 94 0.603416
73 139 0.452562
74 94 0.150854
74 97 0.150854
74 129 0.150854
74 132 0.603416
74 133 0.301708
74 136 0.603416
74 139 0.452562
74 140 0.150854
75 132 0.150854
75 136 0.603416
75 139 0.150854
76 82 0.471417
76 86 0.301708
76 93 0.150854
76 136 0.150854
76 139 0.603416
77 82 1.03712
78 83 0.0942837
79 82 2.35709
79 83 0.471417
80 83 1.88567
80 84 0.188567
81 84 1.88567
81 85 0.377135
82 85 1.88567
82 86 0.282852
83 86 1.88567
83 87 0.188567
84 87 1.97996
84 88 0.188567
85 88 1.97996
85 89 0.377135
86 89 1.88567
86 90 1.79139
86 91 0.565702
86 92 0.0942837
87 90 0.0942837
93 139 0.452562
94 97 0.150854
94 139 0.301708
94 140 0.150854
95 140 3.01708
95 141 0.452562
95 162 0.301708
95 163 0.301708
96 141 3.01708
97 133 0.301708
97 141 0.301708
97 142 3.01708
97 143 0.301708
98 143 2.86622
99 126 0.301708
99 130 0.301708
99 143 3.01708
99 144 0.301708
100 144 0.150854
100 146 0.150854
100 179 0.301708
101 123 0.452562
101 126 0.301708
101 127 0.150854
101 179 0.603416
101 183 0.301708
102 106 0.471417
102 107 0.188567
102 183 0.150854
103 106 1.97996
103 107 0.0942837
104 107 1.88567
104 108 0.282852
104 118 0.150854
104 122 0.150854
104 190 0.452562
105 108 1.88567
105 109 0.188567
106 109 1.88567
107 110 0.188567
107 113 0.301708
107 121 0.905124
108 113 0.452562
108 190 0.452562
110 113 0.452562
112 117 0.0942837
113 117 0.659987
113 118 0.188567
114 117 2.54567
114 118 0.188567
115 118 1.88567
115 119 0.282852
115 190 0.452562
115 194 0.301708
115 195 0.150854
116 119 1.88567
116 120 0.377135
117 120 1.79139
117 121 0.282852
118 121 1.88567
118 190 0.150854
119 122 0.377135
119 195 0.150854
122 183 0.603416
122 187 0.301708
122 191 0.150854
123 126 0.471417
123 127 0.188567
123 183 0.452562
124 127 1.69711
124 128 0.188567
125 128 1.88567
125 129 0.282852
126 129 1.88567
126 130 0.188567
127 130 1.88567
127 131 0.377135
127 183 0.150854
128 131 1.79139
128 132 0.188567
129 132 1.88567
129 133 0.188567
130 133 1.88567
130 134 0.188567
130 142 0.150854
130 144 0.150854
130 179 0.150854
130 180 0.150854
131 134 1.97996
131 135 0.188567
131 177 0.301708
131 180 0.150854
132 135 1.88567
132 136 0.188567
133 136 1.88567
133 137 0.0942837
133 140 0.301708
133 142 0.301708
134 137 0.471417
134 142 0.150854
134 173 0.150854
134 176 0.150854
134 177 0.905124
136 139 3.46964
136 140 0.603416
137 140 0.301708
137 166 0.150854
137 169 0.75427
137 170 0.301708
137 173 0.452562
138 169 0.905124
139 169 0.75427
140 169 0.603416
141 164 0.603416
141 169 0.301708
141 172 0.150854
142 172 0.603416
143 148 0.150854
143 149 0.452562
144 175 0.452562
144 176 0.150854
144 179 0.150854
145 148 0.603416
146 149 1.35769
148 151 1.88567
148 152 0.282852
148 172 0.150854
148 175 0.75427
149 152 1.97996
149 153 0.377135
150 153 1.88567
150 154 0.282852
151 154 1.69711
151 155 0.188567
152 155 1.88567
152 156 0.471417
152 164 0.150854
153 156 1.88567
153 157 0.659987
154 157 2.35709
154 158 0.282852
155 158 2.07424
155 163 0.150854
155 164 1.20683
155 165 0.603416
155 168 1.05598
156 159 0.0942837
156 161 2.56452
156 162 3.31879
156 163 0.603416
159 162 0.301708
163 169 0.0942837
164 169 0.848552
165 168 2.16853
165 169 0.565702
166 169 2.07424
166 170 0.848552
167 170 2.16853
167 171 0.565702
168 171 1.88567
168 172 0.471417
169 172 1.97996
169 173 0.188567
170 173 1.88567
170 174 0.188567
171 174 1.88567
171 175 0.188567
172 175 1.88567
172 176 0.188567
173 176 1.88567
173 177 0.282852
174 177 1.60282
174 178 0.471417
175 178 1.88567
175 179 0.188567
176 179 1.97996
176 180 0.377135
177 180 2.07424
177 181 0.188567
178 181 1.88567
178 182 0.659987
179 182 1.88567
179 183 0.188567
180 183 1.88567
180 184 0.0942837
181 184 1.79139
181 185 0.188567
182 185 1.88567
182 186 0.188567
183 186 1.88567
183 187 0.471417
184 187 1.97996
184 188 0.282852
185 188 2.07424
185 189 0.188567
186 189 1.79139
186 190 0.188567
187 190 1.88567
187 191 0.565702
188 191 1.88567
188 192 0.377135
189 192 2.35709
189 193 1.03712
189 216 0.603416
190 193 1.88567
190 194 0.848552
191 194 1.79139
191 195 2.54567
192 195 1.69711
192 196 2.16853
192 200 0.452562
192 201 0.301708
192 218 1.35769
192 219 0.150854
192 220 0.150854
193 197 0.0942837
193 201 0.452562
193 216 0.603416
196 199 3.77135
196 200 3.16793
196 201 0.452562
197 201 3.16793
197 203 0.150854
198 201 2.86622
199 222 0.150854
199 223 3.01708
199 224 0.603416
200 218 3.01708
200 219 0.603416
200 221 0.150854
200 222 0.301708
200 224 0.150854
201 216 0.75427
201 217 2.86622
202 216 3.01708
202 217 0.603416
202 228 0.150854
202 233 0.150854
203 215 3.01708
204 215 0.452562
204 216 0.452562
204 233 0.150854
204 234 0.150854
204 235 0.150854
204 238 0.150854
205 213 0.150854
205 232 0.452562
205 233 0.452562
205 234 0.452562
205 237 0.150854
206 209 3.62049
206 210 0.603416
206 212 3.16793
206 213 0.301708
206 215 0.452562
206 235 0.150854
207 212 0.150854
207 215 0.150854
207 235 0.905124
208 212 0.452562
208 235 0.150854
208 236 0.301708
209 212 0.905124
210 213 0.150854
217 224 0.301708
217 238 0.301708
218 224 0.301708
219 223 0.452562
219 224 0.603416
223 226 0.150854
223 227 0.150854
225 364 0.150854
225 365 3.31879
225 366 0.452562
225 369 0.905124
226 242 0.150854
226 364 2.86622
226 365 0.150854
227 363 2.86622
227 364 0.603416
228 231 0.150854
228 233 0.150854
228 362 2.86622
228 363 0.150854
229 344 0.301708
229 362 3.01708
229 364 0.301708
230 353 1.50854
230 358 0.603416
230 359 0.301708
230 360 3.46964
230 361 3.01708
230 362 0.452562
231 359 0.150854
231 360 0.150854
232 361 0.150854
233 237 0.471417
233 238 0.0942837
233 361 0.301708
234 237 1.97996
234 238 0.377135
235 238 1.88567
235 239 0.377135
236 239 1.88567
236 240 0.471417
237 240 1.97996
237 241 0.188567
237 316 0.452562
238 241 1.79139
238 242 0.377135
239 242 1.60282
239 243 0.282852
239 266 0.150854
240 243 1.79139
240 244 0.188567
240 263 0.452562
240 264 0.150854
240 265 0.452562
240 266 0.150854
240 316 0.150854
241 244 1.88567
241 245 0.188567
241 316 0.603416
241 340 0.150854
242 245 1.69711
242 246 0.471417
243 246 1.88567
243 247 0.188567
243 263 0.603416
243 266 0.150854
243 425 0.150854
243 589 0.452562
244 247 1.88567
244 248 0.282852
244 263 0.905124
244 318 0.603416
245 248 1.97996
245 249 0.282852
245 319 0.301708
245 341 0.150854
245 342 0.150854
245 365 1.05598
245 367 0.150854
246 249 1.88567
246 250 0.471417
246 388 0.75427
246 425 1.20683
247 250 1.88567
247 251 0.471417
247 263 0.150854
247 421 0.301708
247 425 0.150854
248 251 1.97996
248 252 0.188567
248 259 0.301708
248 260 0.452562
248 261 0.150854
248 318 0.150854
248 319 0.603416
248 320 0.301708
249 252 1.88567
249 253 0.75427
249 367 0.301708
249 369 0.150854
250 253 1.88567
250 254 0.188567
250 421 0.603416
250 424 0.75427
250 425 1.05598
251 254 1.88567
251 255 0.188567
251 259 0.150854
251 418 0.301708
251 421 0.150854
252 255 1.79139
252 256 0.0942837
252 257 0.377135
252 320 0.452562
252 321 0.75427
254 393 0.150854
254 417 0.150854
255 273 0.150854
257 273 0.603416
257 275 0.150854
258 273 3.16793
258 274 0.150854
258 296 0.301708
258 297 0.150854
258 300 0.150854
258 320 0.603416
258 321 0.301708
259 272 3.01708
259 297 0.301708
259 300 0.150854
259 319 2.86622
259 320 0.905124
260 271 3.01708
260 272 0.301708
260 300 0.603416
260 301 0.150854
260 304 0.150854
260 318 3.01708
261 270 3.16793
261 316 0.150854
261 317 3.01708
261 318 0.150854
262 268 3.01708
262 269 3.01708
262 270 0.452562
262 304 0.150854
262 312 0.603416
262 315 0.75427
262 316 3.01708
263 266 0.75427
263 267 4.37476
263 268 0.75427
263 315 3.16793
263 316 0.603416
263 425 0.301708
264 267 0.452562
264 311 0.603416
264 313 0.452562
266 427 0.905124
267 426 0.603416
267 427 0.452562
267 444 0.150854
268 425 0.301708
268 426 0.452562
268 442 0.150854
269 304 2.56452
269 307 0.150854
269 311 0.150854
269 312 0.150854
270 304 0.452562
270 307 0.150854
271 438 3.01708
271 439 0.452562
272 300 0.150854
272 303 0.150854
272 437 3.01708
272 438 0.301708
273 300 0.301708
273 303 0.150854
273 437 0.452562
274 296 0.150854
274 299 0.150854
274 300 0.301708
275 303 1.35769
275 436 0.301708
276 281 0.0942837
276 303 0.452562
277 281 0.377135
277 291 0.603416
277 294 0.150854
277 303 1.05598
278 281 2.45136
278 282 0.188567
278 291 1.35769
279 282 1.88567
279 283 0.188567
279 288 0.905124
279 291 0.75427
280 283 2.07424
280 284 0.282852
280 472 0.150854
281 284 1.88567
281 285 0.282852
281 303 1.20683
281 436 0.301708
282 285 1.88567
282 286 1.79139
282 287 1.97996
282 288 0.188567
282 291 0.301708
283 286 0.188567
283 288 0.659987
284 466 0.452562
284 467 0.905124
285 302 0.452562
286 289 0.150854
286 309 0.603416
286 333 0.150854
286 482 1.05598
286 485 0.150854
287 290 3.01708
287 330 0.150854
287 333 0.150854
288 291 0.452562
289 333 1.20683
290 293 3.46964
290 294 0.150854
290 330 0.150854
290 333 0.301708
291 294 1.20683
293 326 0.301708
294 298 0.377135
295 298 2.54567
295 299 0.188567
295 324 0.603416
296 299 1.88567
296 300 0.188567
297 300 1.97996
297 301 0.188567
297 324 0.452562
297 327 0.452562
298 301 1.79139
298 302 0.188567
298 326 0.452562
298 327 0.301708
299 302 1.88567
299 303 0.377135
300 303 1.88567
300 304 0.188567
301 304 1.88567
301 305 0.659987
301 315 0.75427
301 317 0.75427
301 330 0.301708
301 331 0.301708
302 305 1.60282
302 306 0.0942837
303 306 1.79139
303 436 0.301708
303 438 1.50854
304 307 0.0942837
305 309 0.301708
305 312 1.20683
305 313 0.150854
305 315 0.452562
305 334 1.65939
305 335 0.452562
306 463 0.150854
306 466 0.603416
307 439 0.150854
307 463 0.150854
307 466 0.301708
308 311 4.07306
308 312 0.452562
309 312 3.01708
309 313 0.150854
309 334 1.20683
309 482 0.150854
309 486 0.905124
310 313 0.150854
310 490 0.603416
312 315 1.05598
312 335 0.150854
313 335 3.77135
314 335 2.86622
314 336 2.86622
314 337 0.603416
315 335 0.150854
315 336 3.77135
315 337 2.86622
315 338 0.150854
316 338 4.97818
316 339 0.905124
316 363 0.150854
317 336 0.150854
317 338 0.452562
317 339 3.31879
317 340 0.452562
318 340 3.16793
319 323 0.452562
319 339 0.150854
319 341 0.301708
319 342 0.150854
320 342 0.75427
320 367 0.150854
321 342 0.905124
322 343 3.31879
322 344 0.301708
323 327 0.188567
323 343 0.150854
323 344 3.01708
323 345 0.301708
323 348 0.150854
324 327 2.26281
324 328 0.188567
324 345 0.452562
324 348 0.301708
325 328 1.88567
325 329 0.659987
325 345 0.150854
325 347 0.452562
326 329 1.88567
326 330 0.377135
327 330 1.88567
327 331 0.471417
328 331 1.97996
328 332 0.188567
328 348 0.452562
328 351 0.150854
328 352 0.452562
329 332 1.79139
329 333 0.0942837
330 333 1.69711
330 334 0.0942837
331 334 0.377135
331 339 0.150854
331 352 0.301708
331 355 0.452562
331 360 0.150854
332 351 0.150854
332 355 0.603416
333 482 1.9611
334 355 0.452562
334 482 0.905124
336 356 0.301708
336 360 1.20683
337 356 0.452562
337 360 0.603416
337 361 0.150854
338 360 1.05598
338 361 2.86622
339 344 0.905124
339 360 0.301708
339 361 0.301708
339 362 2.86622
339 363 0.603416
340 344 0.452562
340 363 3.16793
340 365 0.301708
341 344 0.301708
341 363 0.150854
341 364 3.16793
341 365 0.301708
342 364 0.603416
342 365 0.452562
342 367 0.452562
344 352 0.301708
344 362 0.75427
344 363 0.75427
345 348 1.97996
345 349 0.188567
346 349 1.88567
346 350 0.0942837
347 350 1.69711
347 351 0.377135
348 351 1.88567
348 352 0.377135
349 352 1.88567
349 353 0.565702
349 362 0.150854
350 353 1.60282
350 354 0.188567
351 354 1.79139
352 355 0.282852
352 360 0.452562
353 357 1.60282
353 358 0.282852
354 357 1.88567
354 358 0.0942837
355 358 1.79139
355 359 1.60282
355 360 0.75427
356 359 0.471417
366 369 0.301708
371 388 0.603416
372 388 0.150854
373 387 3.16793
373 388 0.603416
374 385 0.301708
374 386 3.31879
375 384 0.150854
375 385 3.16793
375 386 1.20683
375 388 0.75427
376 384 3.01708
376 385 0.150854
377 382 0.150854
377 383 2.86622
377 384 0.603416
377 590 1.20683
378 381 0.301708
378 382 3.16793
378 383 0.301708
379 382 0.905124
389 424 0.603416
389 587 0.150854
390 424 0.150854
391 424 0.301708
391 585 0.150854
392 585 0.150854
393 420 0.301708
393 421 0.452562
394 397 3.16793
394 398 0.301708
395 398 3.01708
395 413 0.301708
396 399 0.603416
397 583 0.603416
398 401 0.150854
398 416 0.452562
398 417 0.150854
398 420 0.301708
398 558 0.301708
398 581 0.150854
400 581 2.86622
400 582 0.905124
401 405 0.150854
401 406 0.905124
401 579 0.150854
401 580 3.16793
402 406 0.301708
402 570 0.603416
402 580 0.603416
403 406 0.301708
403 570 0.150854
403 573 0.452562
403 574 1.81025
403 578 0.301708
403 579 0.75427
403 580 0.150854
404 574 1.50854
405 579 1.05598
407 579 0.301708
408 416 0.150854
408 556 0.150854
408 579 0.150854
409 412 2.07424
409 413 0.0942837
409 556 0.603416
410 413 1.88567
410 414 0.188567
411 414 2.26281
411 415 0.471417
412 415 1.88567
412 416 0.377135
412 533 0.150854
412 556 0.905124
413 416 1.88567
413 417 0.471417
414 417 1.88567
414 418 0.188567
414 435 0.150854
414 436 0.75427
414 437 0.150854
415 418 1.88567
415 419 0.188567
415 434 0.150854
415 435 1.05598
415 436 0.452562
415 437 0.150854
415 533 0.301708
416 419 1.88567
416 420 0.377135
416 533 0.150854
416 534 0.150854
416 557 0.150854
416 558 0.150854
417 420 1.79139
417 421 0.282852
418 421 1.69711
418 422 0.188567
418 437 0.301708
419 422 1.88567
419 423 0.282852
419 432 0.603416
419 434 0.150854
419 535 0.603416
420 423 1.97996
420 424 0.188567
420 535 0.905124
420 587 0.301708
421 424 1.88567
421 425 0.0942837
422 425 1.79139
422 426 0.377135
422 439 0.150854
423 426 0.377135
423 430 0.150854
423 431 0.301708
423 432 0.150854
423 535 0.150854
423 536 0.150854
423 537 0.301708
423 587 0.150854
424 589 0.452562
425 589 0.603416
426 430 0.905124
426 442 0.150854
426 443 0.150854
426 444 0.301708
426 589 0.603416
427 430 0.452562
427 444 3.16793
427 445 0.150854
427 589 3.31879
427 590 0.150854
428 444 2.71537
428 445 3.46964
428 446 2.86622
428 537 0.452562
428 587 0.150854
428 588 0.905124
428 589 0.603416
428 590 0.603416
429 443 0.150854
429 444 2.86622
429 445 2.71537
429 446 1.50854
429 447 0.150854
429 448 0.452562
429 449 0.452562
429 452 0.452562
429 537 0.75427
430 443 3.01708
430 449 0.301708
430 452 0.452562
430 536 2.86622
430 537 1.50854
431 442 3.01708
431 443 0.150854
431 449 0.150854
431 452 0.452562
431 453 0.150854
431 456 0.150854
431 534 0.301708
431 535 3.01708
432 439 0.301708
432 441 3.16793
432 442 0.150854
432 533 0.150854
432 534 3.16793
432 535 0.150854
433 439 3.01708
433 440 3.31879
433 441 0.75427
433 453 0.75427
433 456 1.35769
433 457 0.603416
433 533 3.01708
433 534 0.301708
433 549 0.150854
433 552 0.150854
433 554 0.301708
434 438 3.01708
434 532 3.01708
434 533 0.603416
435 438 1.05598
435 530 0.452562
435 531 0.150854
438 463 0.452562
440 459 2.86622
440 460 0.452562
440 463 1.65939
441 456 0.150854
441 459 0.150854
442 455 0.150854
442 456 0.301708
442 459 0.452562
443 452 0.452562
443 455 0.150854
446 455 0.452562
448 451 2.45136
448 452 0.0942837
449 452 1.88567
449 453 0.282852
449 536 0.75427
449 537 0.75427
449 538 0.603416
449 540 0.603416
449 541 0.301708
449 545 0.75427
449 588 0.150854
450 453 1.88567
450 454 1.03712
450 544 0.301708
450 545 0.452562
451 454 1.88567
451 455 0.188567
452 455 1.88567
452 456 0.188567
453 456 1.79139
453 457 0.0942837
453 540 0.150854
453 545 0.603416
454 457 1.79139
454 458 0.471417
454 548 0.603416
455 458 1.69711
455 459 0.188567
456 459 1.88567
456 460 0.188567
457 460 1.88567
457 461 0.471417
457 548 0.75427
457 552 0.150854
458 461 1.88567
458 462 0.659987
458 548 0.301708
459 462 1.97996
459 463 0.188567
460 463 1.97996
460 464 0.188567
461 464 1.97996
461 465 0.471417
461 526 0.301708
461 548 0.150854
461 552 0.603416
462 465 1.88567
462 466 0.377135
462 493 0.301708
462 494 0.603416
463 466 1.88567
463 467 0.942837
464 467 2.45136
464 525 2.86622
464 526 0.150854
464 528 0.150854
464 529 0.75427
465 468 0.188567
465 471 0.0942837
465 493 0.301708
465 522 0.150854
465 525 0.452562
466 471 0.188567
466 472 0.0942837
466 489 0.150854
466 493 0.150854
467 472 0.188567
467 525 0.603416
468 471 1.88567
468 472 0.188567
468 517 0.905124
468 525 0.75427
469 472 1.79139
469 473 0.377135
470 473 1.88567
470 474 0.188567
470 492 0.301708
470 515 0.150854
470 517 0.452562
471 474 0.377135
471 489 0.150854
471 492 0.301708
474 492 0.905124
474 510 0.301708
474 514 0.150854
475 510 3.16793
475 511 0.452562
476 480 0.150854
476 485 1.35769
476 509 3.16793
476 510 0.905124
477 480 0.301708
480 484 0.0942837
481 484 1.97996
481 485 0.282852
482 485 1.88567
482 486 0.188567
483 486 1.88567
483 487 0.471417
484 487 1.60282
484 488 0.188567
485 488 1.88567
485 489 0.471417
486 489 1.88567
486 490 0.565702
487 490 1.97996
487 491 0.471417
488 491 1.88567
488 492 0.188567
488 506 0.75427
489 492 1.97996
489 493 0.282852
490 493 1.69711
490 494 0.471417
491 494 1.88567
491 495 1.88567
491 496 2.54567
491 497 0.471417
492 506 0.452562
492 515 0.603416
492 516 0.75427
492 517 0.301708
493 522 0.301708
494 522 0.150854
497 502 0.0942837
497 503 0.0942837
497 506 1.50854
497 516 0.150854
498 502 2.07424
498 503 0.188567
499 502 1.97996
500 503 1.79139
501 504 1.88567
501 505 0.0942837
502 505 1.79139
502 506 0.0942837
503 506 1.88567
503 507 0.188567
504 507 1.88567
504 508 0.188567
505 508 1.79139
505 509 0.0942837
506 509 0.377135
506 510 0.848552
506 514 0.150854
506 516 0.301708
507 510 0.188567
507 513 0.452562
510 513 0.150854
510 514 0.75427
516 521 0.0942837
517 521 0.659987
517 522 0.282852
518 521 2.63994
518 522 0.377135
519 522 2.07424
519 523 0.188567
520 523 1.88567
520 524 0.188567
521 524 1.88567
521 525 0.188567
522 525 1.88567
522 526 0.282852
523 526 1.88567
523 527 0.188567
524 527 1.79139
524 528 0.0942837
525 528 2.07424
526 529 0.188567
526 551 0.150854
529 532 0.301708
529 552 2.86622
529 553 0.301708
530 553 2.71537
531 553 3.01708
532 552 0.301708
532 553 1.05598
532 554 3.46964
532 555 2.71537
532 556 0.301708
533 556 3.16793
534 554 0.150854
534 556 0.301708
534 557 3.77135
534 558 0.150854
535 558 3.01708
536 540 0.452562
536 559 0.150854
536 560 0.150854
537 560 0.301708
537 586 3.16793
537 587 0.905124
537 588 0.452562
538 560 3.46964
538 588 0.301708
539 560 0.452562
539 561 0.301708
539 562 0.75427
539 563 0.301708
540 545 1.03712
540 557 0.150854
540 563 0.301708
541 545 0.0942837
541 563 0.452562
541 565 0.150854
542 545 0.0942837
542 569 0.301708
543 546 1.88567
543 547 1.1314
543 572 0.603416
543 575 1.05598
544 547 2.16853
544 548 0.188567
545 548 1.88567
545 549 0.188567
546 549 1.79139
546 550 0.0942837
546 573 0.150854
546 576 0.150854
547 550 1.79139
547 551 1.1314
547 576 0.150854
548 551 2.16853
548 552 0.377135
549 552 1.97996
549 553 1.60282
549 554 0.565702
550 576 0.603416
550 578 0.150854
554 557 0.150854
554 578 0.301708
555 578 3.16793
556 579 2.86622
557 578 0.301708
557 579 0.452562
557 580 3.46964
557 581 0.452562
558 581 2.86622
559 581 0.150854
559 582 3.16793
559 583 0.452562
560 582 0.452562
560 583 3.31879
560 585 0.150854
560 586 0.150854
561 566 0.905124
561 582 0.905124
561 583 0.150854
562 566 0.905124
563 566 1.50854
565 568 2.16853
565 569 0.188567
566 569 1.88567
566 570 0.377135
566 582 0.150854
567 570 1.88567
567 571 0.188567
568 571 1.97996
568 572 0.188567
569 572 1.88567
569 573 0.188567
570 573 1.88567
570 574 0.377135
570 582 0.301708
571 574 1.97996
571 575 0.188567
572 575 2.26281
572 576 0.282852
573 576 1.79139
573 577 1.88567
573 578 0.565702
573 580 0.301708
