L	Ls	nvertices	F_L	F_L_constrained	rho_sum	nloops	regions
  2	  0	  0	           0	           0	           0	 0	[(0, 2)]
  3	  0	  0	           0	           0	           0	 0	[(0, 3)]
  4	  0	  0	           0	           0	           0	 0	[(0, 4)]
  5	  0	  2	    -0.25836	    -0.25836	    0.246457	 0	[(0, 5)]
  6	  0	  2	    -0.25836	    -0.25836	    0.246457	 0	[(0, 6)]
  7	  0	  2	    -0.25836	    -0.25836	    0.246457	 0	[(0, 7)]
  8	  0	  2	    -0.25836	    -0.25836	    0.246457	 0	[(0, 8)]
  9	  0	  2	    -0.25836	    -0.25836	    0.246457	 0	[(0, 9)]
 10	  0	  2	    -0.25836	    -0.25836	    0.246457	 0	[(0, 10)]
 11	  0	  2	    -0.25836	    -0.25836	    0.246457	 0	[(0, 11)]
 12	  0	  7	    -0.25836	     3.76305	    0.410832	 1	[(0, 12)]
 13	  0	  9	    -0.25836	     2.03789	    0.418829	 1	[(0, 13)]
 14	  0	 11	   -0.326431	   -0.326431	    0.326859	 0	[(0, 14)]
 15	  0	 12	   -0.326431	     3.92939	     5.85043	 0	[(0, 15)]
 16	  0	 13	   -0.326431	     3.85992	     6.63877	 0	[(0, 16)]
 17	  0	 14	   -0.326431	     3.65658	     7.85006	 0	[(0, 17)]
 18	  0	 15	   -0.326431	     2.94552	     8.96762	 0	[(0, 18)]
 19	  0	 16	   -0.326431	      2.6196	     9.96814	 0	[(0, 19)]
 20	  0	 17	   -0.326431	     3.27736	     10.0062	 0	[(0, 20)]
 21	  0	 17	   -0.326431	     3.27736	     10.0062	 0	[(0, 21)]
 22	  0	 17	   -0.326431	     3.27736	     10.0062	 0	[(0, 22)]
 23	  0	 18	   -0.326431	      3.0898	     10.3077	 0	[(0, 23)]
 24	  0	 18	   -0.326431	      3.0898	     10.3077	 0	[(0, 24)]
 25	  0	 19	   -0.326431	     2.93118	     10.4814	 0	[(0, 25)]
 26	  0	 19	   -0.326431	     2.93118	     10.4814	 0	[(0, 26)]
 27	  0	 20	   -0.326431	     2.78512	     10.6185	 0	[(0, 27)]
 28	  0	 20	   -0.326431	     2.78512	     10.6185	 0	[(0, 28)]
 29	  0	 20	   -0.326431	     2.78512	     10.6185	 0	[(0, 29)]
 30	  0	 20	   -0.326431	     2.78512	     10.6185	 0	[(0, 30)]
 31	  0	 20	   -0.326431	     2.78512	     10.6185	 0	[(0, 31)]
 32	  0	 22	   -0.326431	     2.66235	     10.7545	 0	[(0, 32)]
 33	  0	 22	   -0.326431	     2.66235	     10.7545	 0	[(0, 33)]
 34	  0	 24	   -0.326431	     2.53994	     10.8777	 0	[(0, 34)]
 35	  0	 24	   -0.326431	     2.53994	     10.8777	 0	[(0, 35)]
 36	  0	 24	   -0.326431	     2.53994	     10.8777	 0	[(0, 36)]
 37	 33	  2	   -0.326431	     3.71137	    0.307571	 1	[(33, 37)]
 38	 33	  5	   -0.326431	     2.35063	    0.264008	 1	[(33, 38)]
 39	  0	 31	   -0.326431	     2.59817	     10.8256	 0	[(0, 39)]
 40	 33	  8	   -0.326431	     5.01287	     6.03742	 0	[(33, 40)]
 41	 33	  9	   -0.326431	     4.62287	     6.39024	 0	[(33, 41)]
 42	 33	 10	   -0.326431	      4.5991	     6.78116	 0	[(33, 42)]
 43	 33	 11	   -0.326431	     4.49585	     8.19199	 0	[(33, 43)]
 44	 33	 12	   -0.326431	      4.0813	     9.37293	 0	[(33, 44)]
 45	 33	 13	   -0.326431	     3.93546	     10.3635	 0	[(33, 45)]
 46	 33	 14	   -0.326431	     3.51415	     11.4534	 0	[(33, 46)]
 47	 33	 15	   -0.326431	     3.18835	     12.4347	 0	[(33, 47)]
 48	 33	 16	   -0.326431	      3.8099	     12.4496	 0	[(33, 48)]
 49	 33	 16	   -0.326431	      3.8099	     12.4496	 0	[(33, 49)]
 50	 33	 17	   -0.326431	     2.77091	     13.7474	 0	[(33, 50)]
 51	 33	 18	   -0.326431	      2.3324	     15.2656	 0	[(33, 51)]
 52	 33	 20	   -0.326431	     4.43969	     16.4296	 0	[(33, 52)]
 53	 33	 20	   -0.326431	     4.43969	     16.4296	 0	[(33, 53)]
 54	 33	 21	   -0.326431	     2.18543	     17.7398	 0	[(33, 54)]
 55	 33	 22	   -0.326431	     0.37397	     18.8689	 0	[(33, 55)]
 56	 33	 22	   -0.326431	     0.37397	     18.8689	 0	[(33, 56)]
 57	 33	 23	   -0.326431	    0.206269	     19.0252	 0	[(33, 57)]
 58	 33	 23	   -0.326431	    0.206269	     19.0252	 0	[(33, 58)]
 59	 33	 24	   -0.326431	   0.0599254	     19.1615	 0	[(33, 59)]
 60	 33	 24	   -0.326431	   0.0599254	     19.1615	 0	[(33, 60)]
 61	 33	 24	   -0.326431	   0.0599254	     19.1615	 0	[(33, 61)]
 62	 33	 24	   -0.326431	   0.0599254	     19.1615	 0	[(33, 62)]
 63	 33	 24	   -0.326431	   0.0599254	     19.1615	 0	[(33, 63)]
 64	 33	 26	   -0.326431	   -0.285392	     19.6407	 0	[(33, 64)]
 65	 23	 43	   -0.326431	  -0.0330931	     38.7368	 1	[(23, 65)]
 66	 23	 44	   -0.326431	    0.639071	     39.0969	 1	[(23, 66)]
 67	 23	 44	   -0.326431	    0.639071	     39.0969	 1	[(23, 67)]
 68	 23	 45	   -0.326431	    0.448782	     39.2786	 1	[(23, 68)]
 69	 23	 46	   -0.326431	    0.361606	     39.4935	 1	[(23, 69)]
 70	 23	 46	   -0.326431	    0.361606	     39.4935	 1	[(23, 70)]
 71	 23	 47	   -0.326431	    0.221006	     39.6447	 1	[(23, 71)]
 72	 23	 48	    -2.42164	    -2.42164	     42.6701	 1	[(23, 72)]
 73	 23	 49	    -3.64645	    -3.64645	     43.7082	 1	[(23, 73)]
 74	 23	 50	    -3.64645	    -3.06299	     44.0927	 1	[(23, 74)]
 75	 23	 51	    -3.64645	    -2.63215	     43.9827	 1	[(23, 75)]
 76	 23	 51	    -3.64645	    -2.63215	     43.9827	 1	[(23, 76)]
 77	 23	 52	    -3.64645	    -2.79389	       44.16	 1	[(23, 77)]
 78	 21	 53	    -3.64645	     1.51359	     45.5852	 2	[(21, 78)]
 79	 21	 54	    -3.64645	   -0.240922	     46.6394	 2	[(21, 79)]
 80	 21	 55	    -3.64645	    -1.90499	     47.6674	 2	[(21, 80)]
 81	 21	 56	    -4.23909	    -4.23909	     48.7593	 2	[(21, 81)]
 82	 21	 57	    -5.22346	    -5.22346	     49.6935	 2	[(21, 82)]
 83	  4	 76	      -8.033	      -8.033	     68.4947	 3	[(4, 83)]
 84	  4	 78	    -8.40659	    -8.40659	     69.3832	 3	[(4, 84)]
 85	  4	 80	    -8.74247	    -8.74247	     69.3448	 2	[(4, 85)]
 86	  4	 81	    -8.74247	    -8.69195	     69.2888	 2	[(4, 86)]
 87	  4	 82	    -8.74247	    -6.88611	     70.4847	 3	[(4, 87)]
 88	  4	 83	    -8.74247	    -8.48311	      72.138	 3	[(4, 88)]
 89	  4	 84	    -8.74247	    -7.94376	     72.5514	 3	[(4, 89)]
 90	  4	 84	    -8.74247	    -7.94376	     72.5514	 3	[(4, 90)]
 91	  4	 85	    -8.74247	    -8.11255	      72.707	 3	[(4, 91)]
 92	  4	 85	    -8.74247	    -8.11255	      72.707	 3	[(4, 92)]
 93	  4	 85	    -8.74247	    -8.11255	      72.707	 3	[(4, 93)]
 94	  4	 85	    -8.74247	    -8.11255	      72.707	 3	[(4, 94)]
 95	  4	 85	    -8.74247	    -8.11255	      72.707	 3	[(4, 95)]
 96	  4	 85	    -8.74247	    -8.11255	      72.707	 3	[(4, 96)]
 97	  4	 85	    -8.74247	    -8.11255	      72.707	 3	[(4, 97)]
 98	  4	 85	    -8.74247	    -8.11255	      72.707	 3	[(4, 98)]
 99	  4	 85	    -8.74247	    -8.11255	      72.707	 3	[(4, 99)]
100	  4	 85	    -8.74247	    -8.11255	      72.707	 3	[(4, 100)]
101	  4	 86	    -9.61197	    -9.61197	     73.5487	 3	[(4, 101)]
102	  4	 87	    -9.61197	    -9.43547	     73.8609	 3	[(4, 102)]
103	  4	 89	    -9.61197	    -9.20778	     73.7744	 3	[(4, 103)]
104	  4	 90	    -9.61197	    -9.18347	     73.7061	 3	[(4, 104)]
105	  4	 91	    -9.61197	    -9.17844	     73.6908	 3	[(4, 105)]
106	  4	 91	    -9.61197	    -9.17844	     73.6908	 3	[(4, 106)]
107	  4	 91	    -9.61197	    -9.17844	     73.6908	 3	[(4, 107)]
108	  4	 92	    -9.61197	    -1.88046	     74.0114	 4	[(4, 108)]
109	  4	 93	    -9.61197	    -1.79296	     74.0106	 4	[(4, 109)]
110	  4	 95	    -9.61197	    -1.67199	     73.8957	 4	[(4, 110)]
111	  4	 96	    -9.61197	    -1.74189	     73.9762	 4	[(4, 111)]
112	  4	 97	    -9.61197	    0.296632	     78.6809	 4	[(4, 112)]
113	  4	 98	    -9.61197	   -0.144651	     80.1144	 4	[(4, 113)]
114	  4	 99	    -9.61197	   -0.632501	     81.2561	 4	[(4, 114)]
115	  4	100	    -9.61197	    -1.77766	     82.3661	 4	[(4, 115)]
116	  4	101	    -9.61197	    -2.34716	     83.3231	 4	[(4, 116)]
117	  4	102	    -9.61197	    -2.71521	     84.2546	 4	[(4, 117)]
118	  4	103	    -9.61197	    -3.50478	     85.4001	 4	[(4, 118)]
119	  4	104	    -9.61197	    -5.98721	     87.0323	 4	[(4, 119)]
120	  4	105	    -9.61197	    -6.64261	     87.9829	 4	[(4, 120)]
121	  4	106	    -9.61197	    -6.75755	     88.7859	 4	[(4, 121)]
122	  4	107	    -9.61197	    -7.89155	     90.4532	 4	[(4, 122)]
123	  4	108	    -9.61197	    -8.96881	     91.6446	 4	[(4, 123)]
124	  4	109	    -9.61197	    -9.33004	     92.5992	 4	[(4, 124)]
125	  4	110	    -10.7395	    -10.7395	     93.7285	 4	[(4, 125)]
126	  4	111	    -10.7395	    -6.29465	      94.099	 6	[(4, 126)]
127	  4	113	    -10.7395	    -7.63678	     95.9584	 5	[(4, 127)]
128	  4	114	    -10.7395	    -7.92699	     98.0671	 5	[(4, 128)]
129	  4	116	    -10.7395	    -10.2405	     99.8188	 4	[(4, 129)]
130	  4	117	    -10.7395	    -10.2967	     101.663	 4	[(4, 130)]
131	  4	118	    -10.7395	    -9.76715	     102.252	 4	[(4, 131)]
132	  4	119	    -10.7395	     -10.006	     104.062	 4	[(4, 132)]
133	  4	120	    -12.2595	    -12.2595	     105.419	 4	[(4, 133)]
134	  4	122	    -12.2595	      -10.65	     106.064	 4	[(4, 134)]
135	  4	123	    -12.2595	    -10.2257	     106.017	 4	[(4, 135)]
136	  4	123	    -12.2595	    -10.2257	     106.017	 4	[(4, 136)]
137	  4	123	    -12.2595	    -10.2257	     106.017	 4	[(4, 137)]
138	  4	123	    -12.2595	    -10.2257	     106.017	 4	[(4, 138)]
139	  4	123	    -12.2595	    -10.2257	     106.017	 4	[(4, 139)]
140	  4	123	    -12.2595	    -10.2257	     106.017	 4	[(4, 140)]
141	  4	123	    -12.2595	    -10.2257	     106.017	 4	[(4, 141)]
142	  4	123	    -12.2595	    -10.2257	     106.017	 4	[(4, 142)]
