nresidues = 142
2 5 0.125
3 45 0.4375
3 48 0.0625
3 49 0.125
4 41 0.0625
4 44 0.0625
4 45 0.125
4 48 0.0625
4 57 0.0625
4 59 0.25
5 57 0.0625
5 58 1.4375
5 59 0.125
6 12 0.0390625
6 32 0.375
6 59 1.4375
7 12 0.234375
7 13 0.078125
7 16 0.0625
7 58 0.25
7 59 0.125
7 60 0.0625
7 65 0.0625
8 12 0.195312
8 64 0.375
8 65 0.1875
9 12 0.9375
9 13 0.078125
9 65 0.1875
9 67 0.0625
10 13 0.78125
10 14 0.078125
10 67 0.125
10 68 0.1875
11 14 0.78125
11 15 0.625
12 15 0.78125
12 16 0.078125
13 16 0.78125
13 17 0.117188
13 27 0.0625
13 60 0.0625
13 68 0.4375
14 17 0.78125
14 18 0.3125
15 18 0.820312
15 19 0.117188
16 19 0.820312
16 20 0.0390625
16 25 0.0625
16 58 0.0625
17 20 0.0390625
17 83 0.375
17 86 0.3125
18 86 0.1875
20 23 0.6875
20 25 0.125
20 56 0.1875
21 85 0.3125
22 84 0.125
22 85 0.0625
22 119 0.0625
23 52 0.1875
23 53 0.1875
23 54 1.75
23 55 0.125
23 56 0.1875
23 84 0.25
24 54 0.125
24 55 1.375
24 56 0.125
24 83 1.3125
24 84 0.125
24 115 0.0625
24 118 0.0625
24 119 0.1875
25 56 1.25
25 58 0.0625
25 81 0.0625
25 82 1.1875
25 83 0.3125
26 56 0.25
26 57 1.3125
26 58 0.125
26 80 0.0625
26 81 1.1875
27 58 1.1875
27 60 0.0625
27 79 0.0625
27 80 1.3125
27 81 0.1875
27 83 0.0625
28 32 0.25
28 41 0.6875
28 58 0.125
28 59 1.375
28 60 0.375
28 78 0.1875
28 79 1.25
29 60 1.4375
29 62 0.125
29 68 0.0625
29 72 0.625
29 78 1.25
29 79 0.3125
29 81 0.1875
30 37 0.1875
30 60 0.0625
30 61 1.3125
30 62 0.25
31 34 0.125
31 37 0.1875
31 61 0.1875
31 62 0.1875
31 63 0.125
32 61 0.5
33 38 0.0390625
34 37 0.78125
34 38 0.078125
35 38 0.742188
35 39 0.117188
36 39 0.78125
36 40 0.078125
36 77 0.125
36 78 0.375
36 102 0.0625
37 40 0.820312
37 41 0.234375
37 78 0.4375
38 41 0.78125
38 42 0.078125
39 42 0.742188
39 43 0.078125
39 104 0.1875
40 43 0.78125
40 44 0.195312
40 80 0.125
40 103 0.0625
40 104 0.0625
40 111 0.125
41 44 0.820312
41 45 0.078125
41 59 0.0625
42 45 0.78125
42 46 0.117188
43 46 0.898438
43 47 0.117188
43 105 0.0625
43 108 0.0625
43 111 0.125
44 47 0.820312
44 48 0.078125
44 57 0.0625
44 111 0.0625
45 48 0.0390625
46 108 0.1875
47 50 1.25
47 51 0.1875
47 108 0.25
47 112 0.125
47 115 0.0625
48 51 1.1875
48 52 0.125
48 57 0.0625
49 52 0.375
50 109 0.1875
50 112 0.125
51 54 1.75
51 55 1.4375
52 55 0.1875
54 115 0.125
54 116 0.125
54 119 0.6875
55 115 0.0625
60 65 0.0625
61 64 1.4375
61 65 0.3125
62 65 1.3125
62 66 0.125
62 69 0.1875
62 72 0.1875
62 74 0.125
63 66 0.0625
65 68 0.125
66 69 0.625
68 71 0.375
68 72 0.5625
69 72 1.5625
69 73 1.375
69 74 0.125
71 81 0.0625
72 75 0.125
72 81 0.125
77 102 0.0625
78 101 0.0625
78 102 0.25
79 101 1.1875
79 102 0.0625
82 87 0.0625
82 88 1.3125
82 89 0.1875
82 91 0.125
82 101 0.0625
82 115 0.0625
82 118 0.125
83 87 1.3125
83 88 0.1875
83 89 0.0625
84 87 0.25
84 89 0.0625
84 119 0.125
84 122 0.4375
84 123 0.1875
87 125 0.0625
87 127 0.125
89 118 0.0625
89 122 0.0625
89 126 0.0625
89 127 1.25
90 127 0.25
90 128 1.3125
90 129 0.1875
91 101 0.125
91 114 0.0625
91 118 0.125
91 129 1.3125
92 129 0.0625
92 130 1.3125
92 131 0.1875
93 103 0.125
93 131 0.375
93 132 1.25
93 133 1.3125
94 134 0.25
101 105 0.0625
101 114 0.125
103 110 0.0625
103 133 0.0625
105 110 0.25
105 111 0.25
105 114 0.0625
107 110 0.742188
108 111 0.78125
108 112 0.078125
109 112 0.859375
109 113 0.3125
110 113 0.820312
110 114 0.117188
110 133 0.375
110 135 0.0625
111 114 0.78125
111 115 0.15625
112 115 0.78125
112 116 0.078125
113 116 0.820312
113 117 0.15625
114 117 0.78125
114 118 0.117188
114 133 0.125
115 118 0.78125
115 119 0.078125
116 119 0.78125
116 120 0.351562
117 120 0.703125
117 121 0.0390625
117 129 0.125
117 130 0.0625
118 121 0.742188
118 122 0.078125
118 129 0.0625
119 122 0.78125
119 123 0.390625
120 123 0.703125
120 124 0.078125
121 124 0.859375
121 125 0.664062
121 126 0.15625
122 125 0.703125
122 126 0.0390625
132 135 0.0625
