L	Ls	nvertices	F_L	F_L_constrained	rho_sum	nloops	regions
  3	  0	  0	           0	           0	           0	 0	[(0, 3)]
  4	  0	  0	           0	           0	           0	 0	[(0, 4)]
  5	  0	  0	           0	           0	           0	 0	[(0, 5)]
  6	  0	  0	           0	           0	           0	 0	[(0, 6)]
  7	  0	  0	           0	           0	           0	 0	[(0, 7)]
  8	  0	  0	           0	           0	           0	 0	[(0, 8)]
  9	  0	  0	           0	           0	           0	 0	[(0, 9)]
 10	  0	  3	           0	     3.87662	    0.330766	 1	[(0, 10)]
 11	  0	  5	           0	     2.36778	    0.274565	 1	[(0, 11)]
 12	  0	  7	           0	     4.86856	     5.37243	 0	[(0, 12)]
 13	  0	  8	   -0.172246	   -0.172246	    0.177778	 0	[(0, 13)]
 14	  0	  9	   -0.172246	     5.45031	     6.00373	 0	[(0, 14)]
 15	  0	 10	   -0.172246	     6.51533	     7.64938	 0	[(0, 15)]
 16	  0	 11	   -0.172246	     6.92041	     8.48797	 0	[(0, 16)]
 17	  0	 12	   -0.172246	     7.51792	     8.91995	 0	[(0, 17)]
 18	  0	 12	   -0.172246	     7.51792	     8.91995	 0	[(0, 18)]
 19	  0	 12	   -0.172246	     7.51792	     8.91995	 0	[(0, 19)]
 20	  0	 12	   -0.172246	     7.51792	     8.91995	 0	[(0, 20)]
 21	 18	  2	   -0.172246	     3.70976	    0.311233	 1	[(18, 21)]
 22	 18	  4	   -0.265445	   -0.265445	    0.291954	 0	[(18, 22)]
 23	 18	  6	   -0.265445	      4.3297	      5.1924	 0	[(18, 23)]
 24	 18	  7	   -0.265445	     4.42321	     5.70764	 0	[(18, 24)]
 25	 18	  8	   -0.265445	     4.56514	     6.23264	 0	[(18, 25)]
 26	 18	  9	   -0.265445	     4.52131	     6.86078	 0	[(18, 26)]
 27	 18	 10	   -0.265445	     4.20164	     8.61423	 0	[(18, 27)]
 28	 18	 11	   -0.265445	     3.24746	     9.93334	 0	[(18, 28)]
 29	 18	 12	   -0.265445	     2.85179	     10.9004	 0	[(18, 29)]
 30	 18	 13	   -0.265445	     2.72809	     11.7429	 0	[(18, 30)]
 31	 18	 14	   -0.265445	     2.62131	     12.5595	 0	[(18, 31)]
 32	 18	 15	   -0.265445	     2.57123	     13.4362	 0	[(18, 32)]
 33	 18	 16	   -0.265445	     2.56026	     14.3736	 0	[(18, 33)]
 34	 18	 17	   -0.265445	     2.90787	     14.4279	 0	[(18, 34)]
 35	 18	 17	   -0.265445	     2.90787	     14.4279	 0	[(18, 35)]
 36	 18	 18	   -0.265445	     2.75012	     14.6105	 0	[(18, 36)]
 37	 18	 18	   -0.265445	     2.75012	     14.6105	 0	[(18, 37)]
 38	 18	 20	   -0.265445	     2.95844	     13.1588	 0	[(18, 38)]
 39	 18	 20	   -0.265445	     2.95844	     13.1588	 0	[(18, 39)]
 40	 18	 20	   -0.265445	     2.95844	     13.1588	 0	[(18, 40)]
 41	 18	 20	   -0.265445	     2.95844	     13.1588	 0	[(18, 41)]
 42	 18	 20	   -0.265445	     2.95844	     13.1588	 0	[(18, 42)]
 43	 18	 20	   -0.265445	     2.95844	     13.1588	 0	[(18, 43)]
 44	 18	 20	   -0.265445	     2.95844	     13.1588	 0	[(18, 44)]
 45	 18	 20	   -0.265445	     2.95844	     13.1588	 0	[(18, 45)]
 46	 18	 20	   -0.265445	     2.95844	     13.1588	 0	[(18, 46)]
 47	 18	 20	   -0.265445	     2.95844	     13.1588	 0	[(18, 47)]
 48	 18	 20	   -0.265445	     2.95844	     13.1588	 0	[(18, 48)]
 49	 18	 22	   -0.265445	     2.69584	      13.413	 0	[(18, 49)]
 50	 18	 22	   -0.265445	     2.69584	      13.413	 0	[(18, 50)]
 51	 18	 24	   -0.265445	     2.57394	     13.5365	 0	[(18, 51)]
 52	 18	 24	   -0.265445	     2.57394	     13.5365	 0	[(18, 52)]
 53	 18	 24	   -0.265445	     2.57394	     13.5365	 0	[(18, 53)]
 54	 18	 24	   -0.265445	     2.57394	     13.5365	 0	[(18, 54)]
 55	 18	 24	   -0.265445	     2.57394	     13.5365	 0	[(18, 55)]
 56	 18	 24	   -0.265445	     2.57394	     13.5365	 0	[(18, 56)]
 57	 18	 24	   -0.265445	     2.57394	     13.5365	 0	[(18, 57)]
 58	 18	 24	   -0.265445	     2.57394	     13.5365	 0	[(18, 58)]
 59	 18	 26	   -0.265445	     2.31801	     13.7786	 0	[(18, 59)]
 60	 18	 26	   -0.265445	     2.31801	     13.7786	 0	[(18, 60)]
 61	 49	  7	   -0.517397	   -0.517397	     0.51426	 0	[(49, 61)]
 62	 49	 10	   -0.517397	     1.94098	    0.526003	 1	[(49, 62)]
 63	 49	 11	   -0.517397	     1.97292	    0.498058	 1	[(49, 63)]
 64	 49	 13	   -0.517397	   -0.424208	    0.429648	 0	[(49, 64)]
 65	 49	 15	   -0.517397	     5.26483	    0.456398	 1	[(49, 65)]
 66	 49	 15	   -0.517397	     5.26483	    0.456398	 1	[(49, 66)]
 67	 49	 17	   -0.517397	     5.25372	     0.47718	 1	[(49, 67)]
 68	 49	 17	   -0.517397	     5.25372	     0.47718	 1	[(49, 68)]
 69	 18	 40	   -0.517397	     7.94325	     13.8929	 1	[(18, 69)]
 70	 18	 40	   -0.517397	     7.94325	     13.8929	 1	[(18, 70)]
 71	 18	 41	   -0.517397	     7.80872	     14.0291	 1	[(18, 71)]
 72	 18	 42	   -0.517397	     7.81423	     14.0312	 1	[(18, 72)]
 73	 18	 43	   -0.517397	     7.82776	     14.0163	 1	[(18, 73)]
 74	 49	 20	   -0.517397	     11.8374	     8.15228	 1	[(49, 74)]
 75	 49	 20	   -0.517397	     11.8374	     8.15228	 1	[(49, 75)]
 76	 49	 20	   -0.517397	     11.8374	     8.15228	 1	[(49, 76)]
 77	 49	 20	   -0.517397	     11.8374	     8.15228	 1	[(49, 77)]
 78	 49	 20	   -0.517397	     11.8374	     8.15228	 1	[(49, 78)]
 79	 75	  3	   -0.517397	      3.9099	    0.280499	 1	[(75, 79)]
 80	 75	  5	   -0.517397	     2.37229	    0.263787	 1	[(75, 80)]
 81	 75	  7	   -0.517397	   -0.160324	    0.166268	 0	[(75, 81)]
 82	 75	  8	   -0.517397	     5.18282	     6.10346	 0	[(75, 82)]
 83	 75	  9	   -0.517397	     5.13304	      6.5265	 0	[(75, 83)]
 84	 75	 10	   -0.517397	     4.93995	     6.95752	 0	[(75, 84)]
 85	 75	 11	   -0.517397	     4.57156	     7.60115	 0	[(75, 85)]
 86	 75	 12	   -0.517397	     4.69076	     8.75389	 0	[(75, 86)]
 87	 75	 13	   -0.517397	     4.65795	     9.69789	 0	[(75, 87)]
 88	 75	 14	   -0.517397	     4.62257	     10.6122	 0	[(75, 88)]
 89	 75	 15	   -0.517397	     4.70227	     11.5598	 0	[(75, 89)]
 90	 75	 16	   -0.517397	     4.54956	      12.737	 0	[(75, 90)]
 91	 75	 17	   -0.517397	     3.54535	     14.1129	 0	[(75, 91)]
 92	 75	 18	   -0.517397	     4.24995	      14.258	 0	[(75, 92)]
 93	 75	 18	   -0.517397	     4.24995	      14.258	 0	[(75, 93)]
 94	 75	 18	   -0.517397	     4.24995	      14.258	 0	[(75, 94)]
 95	 75	 19	   -0.517397	     3.80269	      14.628	 0	[(75, 95)]
 96	 75	 19	   -0.517397	     3.80269	      14.628	 0	[(75, 96)]
 97	 75	 20	   -0.517397	     3.65826	     14.7682	 0	[(75, 97)]
 98	 75	 20	   -0.517397	     3.65826	     14.7682	 0	[(75, 98)]
 99	 75	 20	   -0.517397	     3.65826	     14.7682	 0	[(75, 99)]
100	 75	 20	   -0.517397	     3.65826	     14.7682	 0	[(75, 100)]
101	 75	 20	   -0.517397	     3.65826	     14.7682	 0	[(75, 101)]
102	 75	 20	   -0.517397	     3.65826	     14.7682	 0	[(75, 102)]
103	 75	 20	   -0.517397	     3.65826	     14.7682	 0	[(75, 103)]
104	 75	 22	   -0.517397	     3.39329	      15.027	 0	[(75, 104)]
105	 75	 22	   -0.517397	     3.39329	      15.027	 0	[(75, 105)]
106	 75	 22	   -0.517397	     3.39329	      15.027	 0	[(75, 106)]
107	 75	 22	   -0.517397	     3.39329	      15.027	 0	[(75, 107)]
108	104	  3	   -0.517397	      3.8974	    0.298376	 1	[(104, 108)]
109	104	  5	   -0.517397	     2.37568	      0.2555	 1	[(104, 109)]
110	104	  7	   -0.517397	   -0.158942	    0.163283	 0	[(104, 110)]
111	104	  8	   -0.517397	   -0.172544	    0.178412	 0	[(104, 111)]
112	 75	 30	   -0.517397	     3.33797	     15.0955	 0	[(75, 112)]
113	104	 10	   -0.517397	     5.15032	     5.89813	 0	[(104, 113)]
114	104	 11	   -0.517397	     4.83997	     6.03811	 0	[(104, 114)]
115	104	 12	   -0.517397	     4.42709	     6.29426	 0	[(104, 115)]
116	104	 13	   -0.517397	     4.44966	     7.13386	 0	[(104, 116)]
117	104	 14	   -0.517397	     4.04439	      8.4994	 0	[(104, 117)]
118	104	 15	   -0.517397	     4.12732	     9.29275	 0	[(104, 118)]
119	104	 16	   -0.517397	     4.00494	     10.3076	 0	[(104, 119)]
120	104	 17	   -0.517397	     3.95411	      11.213	 0	[(104, 120)]
121	104	 18	   -0.517397	      3.9115	     12.2499	 0	[(104, 121)]
122	104	 19	   -0.517397	     3.93948	     13.1439	 0	[(104, 122)]
123	104	 20	   -0.517397	     4.10247	     13.6435	 0	[(104, 123)]
124	104	 21	   -0.517397	     4.36836	     12.3799	 0	[(104, 124)]
125	104	 22	   -0.517397	     4.40494	     11.7338	 0	[(104, 125)]
126	104	 23	   -0.517397	     4.39434	     11.6891	 0	[(104, 126)]
127	104	 23	   -0.517397	     4.39434	     11.6891	 0	[(104, 127)]
128	104	 24	   -0.517397	     4.18102	     11.8954	 0	[(104, 128)]
129	104	 24	   -0.517397	     4.18102	     11.8954	 0	[(104, 129)]
130	 40	 87	   -0.517397	     5.65709	     65.1058	 2	[(40, 130)]
131	 40	 88	   -0.517397	     1.72611	     60.3575	 2	[(40, 131)]
132	 40	 89	   -0.517397	      2.2664	     60.9876	 2	[(40, 132)]
133	 40	 89	   -0.517397	      2.2664	     60.9876	 2	[(40, 133)]
134	 40	 89	   -0.517397	      2.2664	     60.9876	 2	[(40, 134)]
135	 40	 89	   -0.517397	      2.2664	     60.9876	 2	[(40, 135)]
136	 40	 89	   -0.517397	      2.2664	     60.9876	 2	[(40, 136)]
137	133	  3	   -0.517397	     3.90134	     0.30405	 1	[(133, 137)]
138	133	  5	   -0.517397	     2.35452	    0.268395	 1	[(133, 138)]
139	 40	 96	   -0.517397	     2.66658	     60.2084	 2	[(40, 139)]
140	133	  8	   -0.517397	     4.65978	     6.12058	 0	[(133, 140)]
141	133	  9	   -0.517397	     4.53228	      6.5514	 0	[(133, 141)]
142	133	 10	   -0.517397	     4.66029	     7.11581	 0	[(133, 142)]
143	133	 11	   -0.517397	     4.44966	     8.56655	 0	[(133, 143)]
144	133	 12	   -0.517397	     4.41384	     9.57313	 0	[(133, 144)]
145	 40	102	   -0.517397	     4.00418	     72.9143	 2	[(40, 145)]
146	 40	103	   -0.517397	     1.72052	      74.072	 2	[(40, 146)]
147	 40	104	    -1.10184	    -1.10184	     75.1723	 2	[(40, 147)]
148	 40	105	    -5.15094	    -5.15094	     76.1864	 2	[(40, 148)]
149	 40	106	     -9.0161	     -9.0161	     78.7698	 2	[(40, 149)]
150	 40	107	     -9.0161	    -8.78054	      79.398	 2	[(40, 150)]
151	 40	108	     -9.0161	    -8.32781	     79.6914	 2	[(40, 151)]
152	 40	108	     -9.0161	    -8.32781	     79.6914	 2	[(40, 152)]
153	 40	108	     -9.0161	    -8.32781	     79.6914	 2	[(40, 153)]
154	 40	110	     -9.0161	    -8.37127	      79.752	 2	[(40, 154)]
155	 40	110	     -9.0161	    -8.37127	      79.752	 2	[(40, 155)]
156	 40	110	     -9.0161	    -8.37127	      79.752	 2	[(40, 156)]
157	 40	110	     -9.0161	    -8.37127	      79.752	 2	[(40, 157)]
158	 40	110	     -9.0161	    -8.37127	      79.752	 2	[(40, 158)]
159	 40	113	     -9.0161	    -8.50458	     79.9156	 2	[(40, 159)]
160	 40	116	     -9.0161	    -8.50701	     79.9081	 2	[(40, 160)]
161	 40	116	     -9.0161	    -8.50701	     79.9081	 2	[(40, 161)]
162	 75	 84	     -9.0161	    -3.44939	     69.4935	 1	[(75, 162)]
163	 75	 85	     -9.0161	    -3.59012	     71.4012	 1	[(75, 163)]
164	 75	 87	     -9.0161	    -4.70925	     73.5719	 1	[(75, 164)]
165	 75	 88	     -9.0161	    -3.92393	      73.882	 1	[(75, 165)]
166	 75	 88	     -9.0161	    -3.92393	      73.882	 1	[(75, 166)]
167	 75	 89	     -9.0161	    -4.37041	     74.2535	 1	[(75, 167)]
168	 75	 89	     -9.0161	    -4.37041	     74.2535	 1	[(75, 168)]
169	 75	 90	     -9.0161	     -2.7268	      74.987	 2	[(75, 169)]
170	 75	 90	     -9.0161	     -2.7268	      74.987	 2	[(75, 170)]
171	 75	 92	     -9.0161	    -2.17866	     74.5618	 2	[(75, 171)]
172	167	121	     -9.0161	    -6.12972	     80.1829	 3	[(40, 161), (167, 172)]
173	 40	130	     -9.0161	     4.28832	     105.295	 3	[(40, 173)]
174	 40	131	     -9.0161	      3.7528	     106.321	 3	[(40, 174)]
175	 40	132	     -9.0161	     1.63903	     108.057	 3	[(40, 175)]
176	 40	133	     -9.0161	      1.2165	     109.018	 3	[(40, 176)]
177	 40	134	     -9.0161	     1.20612	     109.812	 3	[(40, 177)]
178	 40	135	     -9.0161	   -0.281895	     111.139	 3	[(40, 178)]
179	 40	136	     -9.0161	   -0.915799	     112.162	 3	[(40, 179)]
180	 40	137	     -9.0161	    -1.14545	     113.091	 3	[(40, 180)]
181	 40	138	     -9.0161	     -1.3422	      113.95	 3	[(40, 181)]
182	 40	139	     -9.0161	    -2.10131	     115.069	 3	[(40, 182)]
183	 40	140	     -9.0161	    -3.15039	     116.222	 3	[(40, 183)]
184	 40	141	     -9.0161	    -6.97533	      117.35	 3	[(40, 184)]
185	 40	142	    -10.5844	    -10.5844	     118.373	 3	[(40, 185)]
186	 40	143	    -11.7057	    -11.7057	     119.288	 3	[(40, 186)]
187	 40	144	     -13.419	     -13.419	     120.676	 3	[(40, 187)]
188	 40	145	     -13.419	    -12.8585	     121.286	 3	[(40, 188)]
189	 40	146	    -16.0655	    -16.0655	     125.126	 3	[(40, 189)]
190	 40	147	    -16.8554	    -16.8554	     126.753	 3	[(40, 190)]
191	 40	148	    -16.8554	    -16.3911	     127.358	 3	[(40, 191)]
192	 40	148	    -16.8554	    -16.3911	     127.358	 3	[(40, 192)]
193	 40	148	    -16.8554	    -16.3911	     127.358	 3	[(40, 193)]
194	 40	149	    -16.8554	    -16.7021	     127.422	 3	[(40, 194)]
195	 40	150	    -16.8554	    -16.6462	     127.468	 3	[(40, 195)]
196	 40	153	    -16.8554	    -10.2559	     126.681	 4	[(40, 196)]
197	 40	153	    -16.8554	    -10.2559	     126.681	 4	[(40, 197)]
198	 40	153	    -16.8554	    -10.2559	     126.681	 4	[(40, 198)]
199	 40	153	    -16.8554	    -10.2559	     126.681	 4	[(40, 199)]
200	 40	155	    -16.8554	     -7.7233	     128.667	 5	[(40, 200)]
201	 40	157	    -16.8554	    -7.83384	     136.425	 5	[(40, 201)]
202	 40	159	    -16.8554	    -8.36385	     133.265	 4	[(40, 202)]
203	 40	160	    -16.8554	     -8.2968	     133.581	 4	[(40, 203)]
204	 40	161	    -16.8554	    -9.10388	     134.694	 4	[(40, 204)]
205	 40	162	    -16.8554	    -9.11937	     135.913	 4	[(40, 205)]
206	 40	163	    -16.8554	    -9.40417	      136.93	 4	[(40, 206)]
207	 40	164	    -16.8554	     -10.576	      138.17	 4	[(40, 207)]
208	 40	165	    -16.8554	    -11.4578	     139.341	 4	[(40, 208)]
209	 40	166	    -16.8554	    -11.4726	      140.08	 4	[(40, 209)]
210	 40	167	    -16.8554	      -10.96	     140.167	 4	[(40, 210)]
211	 40	168	    -16.8554	    -10.7108	     139.676	 4	[(40, 211)]
212	 40	168	    -16.8554	    -10.7108	     139.676	 4	[(40, 212)]
213	 40	169	    -16.8554	    -11.0417	     140.235	 4	[(40, 213)]
214	 40	170	    -16.8554	    -10.9682	     140.077	 4	[(40, 214)]
215	 40	171	    -16.8554	    -9.17529	      140.87	 5	[(40, 215)]
216	 40	172	    -16.8554	    -12.0254	     142.191	 5	[(40, 216)]
217	 40	173	    -16.8554	    -13.7851	     143.169	 5	[(40, 217)]
218	 40	174	    -16.8554	    -13.2488	     143.794	 5	[(40, 218)]
219	 40	175	    -16.8554	    -14.9703	     144.999	 5	[(40, 219)]
220	 40	176	    -16.8554	    -15.6253	     146.467	 5	[(40, 220)]
221	 40	177	    -17.4595	    -17.4595	      149.85	 5	[(40, 221)]
222	 40	178	    -18.2942	    -18.2942	     151.586	 5	[(40, 222)]
223	 40	179	    -18.2942	    -17.9814	     152.596	 5	[(40, 223)]
224	 40	179	    -18.2942	    -17.9814	     152.596	 5	[(40, 224)]
225	 40	180	    -18.2942	    -18.1176	     152.634	 5	[(40, 225)]
226	 40	181	    -18.2942	    -18.1109	     152.697	 5	[(40, 226)]
227	 40	183	    -18.2942	    -17.8441	     152.306	 5	[(40, 227)]
228	 40	184	    -18.2942	    -17.8666	     152.383	 5	[(40, 228)]
229	 75	148	    -18.2942	      -16.45	     129.009	 4	[(75, 229)]
230	 75	148	    -18.2942	      -16.45	     129.009	 4	[(75, 230)]
231	 75	149	    -18.2942	     -16.639	     129.241	 4	[(75, 231)]
232	 75	151	    -18.2942	    -16.5964	     129.193	 4	[(75, 232)]
233	 75	151	    -18.2942	    -16.5964	     129.193	 4	[(75, 233)]
234	 75	152	    -18.2942	    -16.7689	     129.409	 4	[(75, 234)]
235	 75	152	    -18.2942	    -16.7689	     129.409	 4	[(75, 235)]
236	 75	153	    -18.2942	    -16.8987	     129.534	 4	[(75, 236)]
237	 75	154	    -18.2942	    -16.9316	     129.598	 4	[(75, 237)]
238	 75	154	    -18.2942	    -16.9316	     129.598	 4	[(75, 238)]
239	 75	154	    -18.2942	    -16.9316	     129.598	 4	[(75, 239)]
240	 75	154	    -18.2942	    -16.9316	     129.598	 4	[(75, 240)]
241	 75	156	    -18.2942	    -5.54867	      129.72	 6	[(75, 241)]
242	 75	158	    -18.2942	     -7.4049	     130.109	 6	[(75, 242)]
243	 75	160	    -18.2942	    -9.78802	     129.741	 5	[(75, 243)]
244	 75	161	    -18.2942	    -5.95665	     135.318	 5	[(75, 244)]
245	 75	162	    -18.2942	    -6.34147	     135.953	 5	[(75, 245)]
246	 75	163	    -18.2942	    -6.71197	     135.948	 5	[(75, 246)]
247	 75	164	    -18.2942	    -6.64365	     137.046	 5	[(75, 247)]
248	 75	165	    -18.2942	    -6.73195	     138.097	 5	[(75, 248)]
249	 75	166	    -18.2942	    -6.78512	     139.027	 5	[(75, 249)]
250	 75	167	    -18.2942	    -6.78558	     140.007	 5	[(75, 250)]
251	 75	168	    -18.2942	    -6.84702	     141.033	 5	[(75, 251)]
252	 75	169	    -18.2942	    -7.70432	     142.488	 5	[(75, 252)]
253	 75	170	    -18.2942	    -7.94936	     143.569	 5	[(75, 253)]
254	 75	171	    -18.2942	    -7.42935	     143.823	 5	[(75, 254)]
255	 75	171	    -18.2942	    -7.42935	     143.823	 5	[(75, 255)]
256	 75	172	    -18.2942	    -8.13382	     145.215	 6	[(75, 256)]
257	 75	173	    -18.2942	    -10.2117	     146.318	 6	[(75, 257)]
258	 75	174	    -18.2942	    -11.9666	     147.472	 6	[(75, 258)]
259	 75	175	    -18.2942	    -13.0589	     148.413	 6	[(75, 259)]
260	 75	176	    -18.2942	    -13.8717	     149.353	 6	[(75, 260)]
261	 75	177	    -18.2942	    -14.0873	     150.156	 6	[(75, 261)]
262	 75	178	    -18.2942	    -16.3802	     151.379	 6	[(75, 262)]
263	 75	178	    -18.2942	    -16.3802	     151.379	 6	[(75, 263)]
264	 75	179	    -18.2942	    -16.5902	     151.576	 6	[(75, 264)]
265	 75	179	    -18.2942	    -16.5902	     151.576	 6	[(75, 265)]
266	 75	181	    -18.2942	    -15.5171	     152.598	 6	[(75, 266)]
267	 75	182	    -18.2942	    -10.0431	     153.593	 7	[(75, 267)]
268	 75	182	    -18.2942	    -10.0431	     153.593	 7	[(75, 268)]
269	 75	182	    -18.2942	    -10.0431	     153.593	 7	[(75, 269)]
270	 75	182	    -18.2942	    -10.0431	     153.593	 7	[(75, 270)]
271	 75	184	    -18.2942	    -5.53645	     152.153	 8	[(75, 271)]
272	 75	186	    -18.2942	    -7.22036	     152.131	 8	[(75, 272)]
273	 75	188	    -18.2942	    -5.91631	     160.285	 7	[(75, 273)]
274	 75	189	    -18.2942	    -6.73141	     161.467	 7	[(75, 274)]
275	 75	190	    -18.2942	    -7.85414	     162.736	 7	[(75, 275)]
276	 75	191	    -18.2942	    -8.55588	     163.787	 7	[(75, 276)]
277	 75	192	    -18.2942	    -8.99317	     164.699	 7	[(75, 277)]
278	 75	193	    -18.2942	    -9.72366	     165.701	 7	[(75, 278)]
279	 75	194	    -18.2942	    -11.9826	     166.869	 7	[(75, 279)]
280	 75	195	    -18.2942	    -14.1399	     167.905	 7	[(75, 280)]
281	 39	234	    -18.2942	    -16.5814	     198.794	 9	[(39, 281)]
282	 39	235	    -24.0035	    -24.0035	     200.177	 9	[(39, 282)]
283	 39	236	    -26.6926	    -26.6926	     201.269	 9	[(39, 283)]
284	 39	237	    -29.9687	    -29.9687	     202.337	 9	[(39, 284)]
285	 39	238	    -29.9687	    -29.6381	     202.938	 9	[(39, 285)]
286	 39	238	    -29.9687	    -29.6381	     202.938	 9	[(39, 286)]
287	 39	238	    -29.9687	    -29.6381	     202.938	 9	[(39, 287)]
288	 39	238	    -29.9687	    -29.6381	     202.938	 9	[(39, 288)]
289	 39	239	    -29.9687	    -29.9517	     203.177	 9	[(39, 289)]
290	 39	240	    -29.9687	     -29.905	     203.175	 9	[(39, 290)]
291	 39	241	    -29.9687	    -29.8498	     203.112	 9	[(39, 291)]
292	 39	244	    -29.9687	    -19.9491	     202.385	11	[(39, 292)]
293	 39	247	    -29.9687	    -19.1234	     211.433	10	[(39, 293)]
294	 39	249	    -29.9687	    -19.8193	     206.268	10	[(39, 294)]
295	 39	250	    -29.9687	    -21.5011	     207.898	10	[(39, 295)]
296	 39	250	    -29.9687	    -21.5011	     207.898	10	[(39, 296)]
297	 39	251	    -29.9687	    -20.1085	     208.395	11	[(39, 297)]
298	 39	251	    -29.9687	    -20.1085	     208.395	11	[(39, 298)]
299	 39	253	    -29.9687	    -18.7889	     209.011	11	[(39, 299)]
300	 39	254	    -29.9687	    -19.9807	     211.057	11	[(39, 300)]
301	 39	256	    -29.9687	    -20.6338	     213.309	10	[(39, 301)]
302	 39	257	    -29.9687	    -20.6752	     214.374	10	[(39, 302)]
303	 39	258	    -29.9687	    -21.3759	     215.482	10	[(39, 303)]
304	 39	259	    -29.9687	    -22.1399	      216.59	10	[(39, 304)]
305	 39	260	    -29.9687	    -22.1857	      217.45	10	[(39, 305)]
306	 39	261	    -29.9687	     -22.605	     218.458	10	[(39, 306)]
307	 39	262	    -29.9687	    -22.7749	     219.346	10	[(39, 307)]
308	 39	263	    -29.9687	    -22.8908	     220.164	10	[(39, 308)]
309	 39	264	    -29.9687	    -22.4268	     220.093	10	[(39, 309)]
310	 39	265	    -29.9687	    -22.2478	     219.599	10	[(39, 310)]
311	 39	265	    -29.9687	    -22.2478	     219.599	10	[(39, 311)]
312	 39	266	    -29.9687	    -22.4061	     219.713	10	[(39, 312)]
313	 39	267	    -29.9687	    -22.4393	     219.907	10	[(39, 313)]
314	 39	267	    -29.9687	    -22.4393	     219.907	10	[(39, 314)]
315	 39	267	    -29.9687	    -22.4393	     219.907	10	[(39, 315)]
316	 39	267	    -29.9687	    -22.4393	     219.907	10	[(39, 316)]
317	 39	267	    -29.9687	    -22.4393	     219.907	10	[(39, 317)]
318	 39	267	    -29.9687	    -22.4393	     219.907	10	[(39, 318)]
319	 39	267	    -29.9687	    -22.4393	     219.907	10	[(39, 319)]
320	 39	267	    -29.9687	    -22.4393	     219.907	10	[(39, 320)]
321	 39	267	    -29.9687	    -22.4393	     219.907	10	[(39, 321)]
322	 39	267	    -29.9687	    -22.4393	     219.907	10	[(39, 322)]
323	 39	267	    -29.9687	    -22.4393	     219.907	10	[(39, 323)]
324	 39	267	    -29.9687	    -22.4393	     219.907	10	[(39, 324)]
325	 39	267	    -29.9687	    -22.4393	     219.907	10	[(39, 325)]
326	 39	267	    -29.9687	    -22.4393	     219.907	10	[(39, 326)]
327	 39	267	    -29.9687	    -22.4393	     219.907	10	[(39, 327)]
328	 39	267	    -29.9687	    -22.4393	     219.907	10	[(39, 328)]
329	 39	267	    -29.9687	    -22.4393	     219.907	10	[(39, 329)]
330	 39	267	    -29.9687	    -22.4393	     219.907	10	[(39, 330)]
331	 39	267	    -29.9687	    -22.4393	     219.907	10	[(39, 331)]
332	 39	267	    -29.9687	    -22.4393	     219.907	10	[(39, 332)]
333	 39	267	    -29.9687	    -22.4393	     219.907	10	[(39, 333)]
334	 39	267	    -29.9687	    -22.4393	     219.907	10	[(39, 334)]
335	 39	267	    -29.9687	    -22.4393	     219.907	10	[(39, 335)]
336	 39	267	    -29.9687	    -22.4393	     219.907	10	[(39, 336)]
337	 39	267	    -29.9687	    -22.4393	     219.907	10	[(39, 337)]
338	 39	267	    -29.9687	    -22.4393	     219.907	10	[(39, 338)]
339	 39	267	    -29.9687	    -22.4393	     219.907	10	[(39, 339)]
340	 39	267	    -29.9687	    -22.4393	     219.907	10	[(39, 340)]
341	 39	267	    -29.9687	    -22.4393	     219.907	10	[(39, 341)]
342	 39	267	    -29.9687	    -22.4393	     219.907	10	[(39, 342)]
343	 39	267	    -29.9687	    -22.4393	     219.907	10	[(39, 343)]
344	 39	267	    -29.9687	    -22.4393	     219.907	10	[(39, 344)]
345	 39	267	    -29.9687	    -22.4393	     219.907	10	[(39, 345)]
346	 39	267	    -29.9687	    -22.4393	     219.907	10	[(39, 346)]
