L	Ls	nvertices	F_L	F_L_constrained	rho_sum	nloops	regions
  0	  0	  0	           0	           0	           0	 0	[(0, 0)]
  1	  0	  0	           0	           0	           0	 0	[(0, 1)]
  2	  0	  0	           0	           0	           0	 0	[(0, 2)]
  3	  0	  0	           0	           0	           0	 0	[(0, 3)]
  4	  0	  0	           0	           0	           0	 0	[(0, 4)]
  5	  0	  0	           0	           0	           0	 0	[(0, 5)]
  6	  0	  3	           0	      3.8684	     0.34632	 1	[(0, 6)]
  7	  0	  5	           0	     2.36279	     0.28209	 1	[(0, 7)]
  8	  0	  7	           0	     3.79326	     5.36706	 0	[(0, 8)]
  9	  0	  8	           0	      3.6221	      6.0672	 0	[(0, 9)]
 10	  0	  9	           0	     2.65211	     7.82087	 0	[(0, 10)]
 11	  0	 10	           0	     2.15067	     8.78981	 0	[(0, 11)]
 12	  0	 10	           0	     2.15067	     8.78981	 0	[(0, 12)]
 13	  0	 10	           0	     2.15067	     8.78981	 0	[(0, 13)]
 14	  0	 11	           0	     1.47344	     9.40115	 0	[(0, 14)]
 15	  0	 12	           0	     6.74796	     9.48849	 1	[(0, 15)]
 16	  0	 12	           0	     6.74796	     9.48849	 1	[(0, 16)]
 17	  0	 13	           0	     9.06691	     9.71354	 2	[(0, 17)]
 18	  0	 13	           0	     9.06691	     9.71354	 2	[(0, 18)]
 19	 15	  3	           0	     3.88732	    0.302094	 1	[(15, 19)]
 20	 15	  5	           0	     2.35079	    0.271391	 1	[(15, 20)]
 21	 15	  7	           0	     3.65564	     5.21504	 0	[(15, 21)]
 22	 15	  8	           0	      3.2085	     6.47519	 0	[(15, 22)]
 23	 15	  9	           0	     1.90748	     7.80228	 0	[(15, 23)]
 24	 15	 10	           0	     1.28243	      8.7427	 0	[(15, 24)]
 25	 15	 11	           0	    0.134568	     9.80792	 0	[(15, 25)]
 26	 15	 12	   -0.675648	   -0.675648	     10.7695	 0	[(15, 26)]
 27	 15	 13	    -1.03732	    -1.03732	     11.6164	 0	[(15, 27)]
 28	 15	 14	    -1.03732	   -0.474111	      11.827	 0	[(15, 28)]
 29	 15	 14	    -1.03732	   -0.474111	      11.827	 0	[(15, 29)]
 30	 15	 15	    -1.03732	   -0.634748	     11.9979	 0	[(15, 30)]
 31	 15	 15	    -1.03732	   -0.634748	     11.9979	 0	[(15, 31)]
 32	 15	 17	    -1.03732	   -0.236514	     11.5549	 0	[(15, 32)]
 33	 15	 18	    -1.03732	   -0.244113	     11.5729	 0	[(15, 33)]
 34	 15	 18	    -1.03732	   -0.244113	     11.5729	 0	[(15, 34)]
 35	 15	 18	    -1.03732	   -0.244113	     11.5729	 0	[(15, 35)]
 36	 15	 18	    -1.03732	   -0.244113	     11.5729	 0	[(15, 36)]
 37	 15	 18	    -1.03732	   -0.244113	     11.5729	 0	[(15, 37)]
 38	 15	 18	    -1.03732	   -0.244113	     11.5729	 0	[(15, 38)]
 39	 33	  3	    -1.03732	     3.94909	    0.381193	 1	[(33, 39)]
 40	 33	  6	    -1.03732	     5.00702	     4.48478	 1	[(33, 40)]
 41	 33	  7	    -1.03732	     3.48416	     6.36133	 1	[(33, 41)]
 42	  0	 37	    -1.03732	     1.44737	     31.0497	 3	[(0, 42)]
 43	  0	 39	    -1.03732	    0.593237	     32.9756	 3	[(0, 43)]
 44	  0	 40	    -1.03732	    0.425216	     33.7834	 3	[(0, 44)]
 45	  0	 40	    -1.03732	    0.425216	     33.7834	 3	[(0, 45)]
 46	  0	 42	    -1.03732	   -0.664628	     36.0064	 4	[(0, 46)]
 47	  0	 43	     -2.5317	     -2.5317	      39.381	 4	[(0, 47)]
 48	  0	 44	    -6.20591	    -6.20591	     40.7735	 4	[(0, 48)]
 49	  0	 45	     -6.2889	     -6.2889	     41.5088	 4	[(0, 49)]
 50	  0	 46	     -6.2889	    -5.62681	     41.6332	 4	[(0, 50)]
 51	  0	 47	     -6.2889	    -5.39999	     41.5042	 4	[(0, 51)]
 52	  0	 47	     -6.2889	    -5.39999	     41.5042	 4	[(0, 52)]
 53	  0	 47	     -6.2889	    -5.39999	     41.5042	 4	[(0, 53)]
 54	  0	 47	     -6.2889	    -5.39999	     41.5042	 4	[(0, 54)]
 55	  0	 47	     -6.2889	    -5.39999	     41.5042	 4	[(0, 55)]
 56	  0	 47	     -6.2889	    -5.39999	     41.5042	 4	[(0, 56)]
 57	  0	 47	     -6.2889	    -5.39999	     41.5042	 4	[(0, 57)]
 58	  0	 47	     -6.2889	    -5.39999	     41.5042	 4	[(0, 58)]
 59	  0	 47	     -6.2889	    -5.39999	     41.5042	 4	[(0, 59)]
 60	  0	 47	     -6.2889	    -5.39999	     41.5042	 4	[(0, 60)]
 61	  0	 47	     -6.2889	    -5.39999	     41.5042	 4	[(0, 61)]
 62	  0	 47	     -6.2889	    -5.39999	     41.5042	 4	[(0, 62)]
 63	  0	 47	     -6.2889	    -5.39999	     41.5042	 4	[(0, 63)]
 64	  0	 47	     -6.2889	    -5.39999	     41.5042	 4	[(0, 64)]
 65	  0	 47	     -6.2889	    -5.39999	     41.5042	 4	[(0, 65)]
 66	  0	 47	     -6.2889	    -5.39999	     41.5042	 4	[(0, 66)]
 67	  0	 47	     -6.2889	    -5.39999	     41.5042	 4	[(0, 67)]
 68	  0	 47	     -6.2889	    -5.39999	     41.5042	 4	[(0, 68)]
 69	  0	 47	     -6.2889	    -5.39999	     41.5042	 4	[(0, 69)]
 70	  0	 47	     -6.2889	    -5.39999	     41.5042	 4	[(0, 70)]
 71	  0	 47	     -6.2889	    -5.39999	     41.5042	 4	[(0, 71)]
 72	  0	 47	     -6.2889	    -5.39999	     41.5042	 4	[(0, 72)]
