nresidues = 519
5 195 0.125
6 195 0.3125
6 199 0.25
7 230 1.3125
7 261 0.25
8 11 0.25
8 229 0.0625
8 230 0.25
8 231 0.0625
8 232 0.0625
8 261 0.5
9 261 0.0625
10 260 1.25
11 229 0.3125
11 231 0.0625
11 232 0.4375
11 233 0.3125
11 260 0.0625
11 261 1.3125
11 262 0.0625
12 262 1.375
13 229 0.0625
13 234 1.25
13 262 0.1875
13 263 0.1875
14 234 0.125
15 49 1.5
15 50 1.1875
15 51 0.0625
15 235 0.0625
15 263 0.0625
15 265 0.0625
16 49 0.0625
16 50 0.125
16 51 1.625
16 235 0.0625
17 49 0.9375
17 52 1.1875
17 53 0.1875
17 235 1.375
17 236 0.3125
17 237 0.125
17 249 0.3125
18 21 0.742188
18 22 0.78125
18 23 0.078125
18 53 0.1875
18 213 0.1875
18 235 0.25
18 246 0.3125
19 23 0.078125
19 24 0.0390625
19 44 0.0625
19 237 0.0625
19 240 0.0625
19 277 0.25
20 24 0.234375
20 37 0.1875
20 44 0.0625
20 52 0.0625
20 53 1.25
20 54 0.0625
20 82 0.0625
21 24 0.859375
21 25 0.273438
21 53 1.0625
21 54 0.125
21 55 0.0625
21 56 0.125
21 57 0.0625
21 59 0.125
21 90 0.125
22 25 0.820312
22 26 0.234375
22 53 0.125
22 213 0.125
22 215 0.25
22 246 0.625
23 26 0.78125
23 27 0.15625
23 240 0.0625
23 246 0.0625
24 27 0.742188
24 28 0.9375
24 29 0.78125
24 30 0.273438
24 31 0.0390625
24 32 0.234375
25 28 0.664062
25 29 0.78125
25 30 0.234375
25 57 0.25
25 58 0.25
26 215 0.125
26 244 0.1875
26 246 0.0625
27 240 0.1875
27 242 0.0625
27 244 0.125
27 281 0.0625
27 287 0.0625
27 288 0.0625
28 31 0.1875
28 240 0.1875
28 281 0.0625
28 284 0.0625
28 287 0.1875
30 58 0.25
30 59 0.125
30 62 0.3125
31 66 0.9375
31 67 0.0625
31 284 0.25
31 287 0.375
31 478 0.1875
32 37 0.25
32 67 0.0625
32 74 0.0625
32 240 0.0625
32 277 0.125
32 284 0.375
33 36 1.25
33 37 0.1875
33 284 0.125
33 477 0.125
34 37 1.375
34 38 0.3125
34 69 0.25
34 74 0.25
34 77 0.125
34 78 0.375
35 38 0.0625
35 477 0.0625
36 276 0.25
36 277 0.0625
36 280 0.4375
36 283 0.375
36 284 0.3125
37 40 1.1875
37 74 0.25
38 41 0.25
38 81 0.125
39 276 0.1875
40 43 0.78125
40 44 0.15625
40 276 0.125
40 277 0.0625
41 44 0.78125
41 45 0.078125
41 78 0.125
41 81 0.0625
41 82 0.125
42 45 0.78125
42 46 0.0390625
43 46 0.742188
43 47 0.078125
43 269 0.3125
43 272 0.3125
43 273 0.25
44 47 0.078125
44 49 0.125
44 52 0.125
44 82 0.0625
44 273 0.125
45 82 0.5625
45 83 0.25
45 84 0.5
45 85 0.375
46 269 0.25
47 264 0.0625
47 265 1.3125
47 266 0.125
47 269 0.0625
48 264 0.375
48 265 0.1875
49 249 0.125
49 265 0.0625
49 270 0.125
50 86 0.8125
50 88 0.0625
50 121 0.0625
50 210 0.1875
50 211 0.125
51 86 1.25
51 88 0.1875
52 86 0.125
52 87 1.25
52 88 0.1875
53 88 1.25
54 78 0.3125
54 88 1.0625
55 59 0.125
55 60 0.0625
55 71 0.3125
55 72 0.25
55 75 0.125
55 89 1.5
55 110 0.0625
55 114 0.0625
55 119 0.125
56 59 0.3125
56 89 0.0625
56 90 1.1875
56 97 0.1875
57 97 0.0625
58 61 0.78125
58 62 0.078125
59 62 0.78125
59 63 0.117188
60 63 0.742188
60 64 0.078125
60 71 0.5
60 72 0.375
60 97 0.1875
60 453 0.0625
60 456 0.0625
60 457 0.3125
60 460 0.0625
60 461 0.125
61 64 0.742188
61 65 0.390625
61 461 0.3125
62 65 0.703125
62 66 0.859375
62 67 0.078125
63 66 0.664062
63 67 0.78125
63 68 0.78125
63 69 0.976562
63 71 0.0625
63 74 0.25
64 69 0.078125
64 71 0.125
64 461 0.1875
64 464 0.25
64 468 0.1875
65 464 0.25
66 478 0.0625
67 74 0.0625
67 476 0.25
68 468 0.1875
68 471 0.5625
68 472 0.1875
68 474 0.125
68 475 1.375
68 476 0.125
69 74 0.429688
69 468 0.375
70 73 0.78125
70 468 0.125
70 472 0.1875
71 74 0.78125
71 75 0.0390625
72 75 0.78125
72 76 0.390625
72 110 0.0625
72 113 0.3125
72 114 0.125
72 117 0.125
72 453 0.8125
72 456 0.0625
72 457 0.0625
73 76 0.859375
73 77 0.15625
74 77 0.78125
74 78 0.273438
75 78 0.78125
75 79 0.078125
75 114 0.0625
75 117 0.125
75 119 0.0625
76 79 0.78125
76 80 0.078125
76 117 0.3125
77 80 0.78125
77 81 0.195312
78 81 0.703125
78 82 0.273438
78 87 0.0625
79 82 0.859375
79 83 0.15625
79 84 0.0390625
79 85 0.15625
79 87 0.375
79 117 0.0625
79 118 0.1875
79 120 0.3125
80 83 0.0390625
82 85 0.125
82 87 0.0625
85 120 0.0625
86 120 0.375
87 119 1.25
87 120 1.4375
87 121 0.1875
88 119 0.25
88 121 1.6875
88 123 0.1875
88 149 0.0625
89 110 0.0625
89 119 0.1875
89 121 0.0625
89 122 1.3125
89 123 0.1875
90 97 0.0625
90 123 1.375
90 125 0.3125
91 96 1.25
91 110 0.0625
91 123 0.1875
91 124 1.25
91 125 0.25
92 95 1.875
92 96 0.25
92 98 0.0625
92 124 0.0625
92 125 1.75
92 346 0.1875
93 96 0.1875
93 124 0.0625
93 125 0.0625
93 133 1.1875
94 100 0.0625
94 101 1.25
94 102 0.375
94 103 0.125
94 104 0.25
94 107 0.125
94 133 0.125
94 136 0.0625
94 427 0.0625
94 429 0.1875
95 98 0.1875
95 99 0.125
95 100 0.625
95 101 0.25
95 102 0.125
96 106 0.0625
96 107 0.0625
96 110 0.0625
96 460 0.0625
97 110 0.125
97 460 0.0625
97 461 0.125
98 102 0.125
98 460 0.0625
99 102 0.125
99 459 0.0625
99 460 0.125
99 462 0.0625
100 435 0.5
100 439 0.0625
101 133 0.25
101 379 0.1875
101 428 0.125
101 432 0.125
102 106 0.0390625
102 429 0.0625
102 432 0.25
102 435 0.25
102 459 0.25
102 460 0.375
103 106 0.78125
103 107 0.0390625
103 432 0.125
103 433 0.3125
103 434 0.125
103 435 0.125
104 107 0.78125
104 108 0.195312
104 136 1.0625
104 427 0.5
105 108 0.78125
105 109 0.15625
105 434 0.375
105 435 0.25
105 436 0.25
106 109 0.78125
106 110 0.078125
106 435 0.125
107 110 0.78125
107 111 0.117188
107 136 0.125
107 137 0.125
108 111 0.742188
108 112 0.078125
108 136 0.3125
108 140 0.0625
108 143 0.0625
109 112 0.78125
109 113 0.117188
109 436 1.3125
109 452 0.0625
110 113 0.78125
110 114 0.273438
110 456 0.0625
110 460 0.0625
111 114 0.78125
111 115 0.078125
111 140 0.3125
111 141 0.125
112 115 0.78125
112 116 0.117188
113 116 0.976562
113 117 0.195312
113 452 0.125
113 453 0.125
114 117 0.78125
114 118 0.703125
114 119 0.117188
114 122 0.1875
115 118 0.703125
115 119 0.0390625
115 144 0.0625
115 146 0.125
117 453 0.0625
119 122 0.375
119 146 0.1875
120 146 1.25
120 147 0.1875
121 147 1.25
122 141 0.3125
122 146 0.1875
122 147 0.1875
122 148 1.1875
122 149 0.25
123 149 1.5625
123 151 0.1875
123 181 0.0625
123 213 0.1875
124 134 0.125
124 137 0.0625
124 138 0.125
124 149 0.125
124 150 1.1875
124 151 0.3125
125 134 0.1875
125 151 0.25
125 153 0.0625
126 129 0.4375
126 130 0.3125
126 133 0.375
126 134 0.0625
126 153 0.0625
127 342 0.1875
127 344 0.125
127 345 0.0625
127 346 0.0625
127 347 0.0625
128 341 0.0625
128 342 0.0625
128 380 0.125
128 381 0.1875
128 382 0.0625
128 383 0.125
129 152 0.3125
129 153 0.375
129 168 0.1875
129 342 0.0625
130 133 1.25
130 134 0.1875
130 380 0.25
130 381 0.1875
131 134 1.3125
131 135 0.125
131 168 0.0625
131 171 0.0625
131 175 0.1875
132 135 0.0625
132 380 0.0625
132 381 0.0625
132 425 0.25
132 426 0.3125
132 427 0.125
133 379 0.125
133 428 0.0625
134 137 0.78125
134 138 0.117188
134 151 0.125
134 172 0.0625
134 175 0.0625
135 138 0.742188
135 139 0.0390625
135 175 0.125
136 139 0.78125
136 140 0.078125
137 140 0.78125
137 141 0.117188
138 141 0.78125
138 142 0.117188
138 150 0.0625
138 172 0.0625
138 175 0.125
139 142 0.78125
139 143 0.078125
140 143 0.78125
140 144 0.078125
141 144 0.78125
141 145 0.703125
141 146 0.234375
141 147 0.117188
141 148 0.078125
142 145 0.0390625
142 146 0.0390625
142 148 0.0390625
142 176 0.125
142 178 0.375
146 178 0.0625
147 178 0.6875
147 179 0.3125
148 177 1.25
148 178 1.4375
148 179 0.0625
149 179 1.625
149 180 0.0625
149 181 0.1875
149 211 0.3125
150 172 0.1875
150 179 0.125
150 180 1.3125
150 181 0.1875
151 172 0.0625
151 181 1.3125
152 165 0.1875
152 168 0.0625
152 172 0.0625
152 180 0.0625
152 181 0.1875
152 182 0.1875
154 165 0.5625
154 188 0.25
154 189 0.5
154 193 0.0625
154 197 0.0625
155 160 0.3125
155 165 0.1875
155 334 0.3125
156 188 0.0625
156 334 0.1875
157 160 0.4375
157 334 0.1875
157 339 0.0625
158 339 0.25
159 339 0.25
159 384 0.125
160 165 0.117188
160 339 0.0625
160 383 0.25
161 164 0.78125
161 165 0.195312
162 165 0.78125
162 166 0.117188
162 197 0.0625
162 200 0.0625
163 166 0.78125
163 167 0.078125
164 167 0.78125
164 168 0.0390625
165 168 0.78125
165 169 0.078125
165 197 0.125
166 169 0.78125
166 200 0.0625
166 204 0.1875
166 205 0.3125
167 170 0.742188
167 171 0.195312
168 171 0.859375
168 172 0.15625
169 172 0.78125
169 173 0.15625
169 180 0.0625
169 205 0.1875
170 173 0.78125
170 174 0.195312
170 205 0.1875
171 174 0.78125
171 175 0.117188
172 175 0.859375
172 176 0.664062
172 177 0.117188
172 180 0.125
173 176 0.703125
173 205 0.1875
179 210 1.5
180 210 0.1875
180 211 0.125
181 211 1.1875
182 211 0.0625
182 212 1.4375
182 213 1.3125
184 187 0.625
184 188 0.375
184 189 0.1875
184 213 0.25
184 214 1.25
184 215 0.125
184 221 0.0625
185 215 0.3125
185 344 0.0625
186 218 0.0625
186 297 0.0625
187 215 0.1875
187 216 0.0625
187 217 0.125
187 218 0.3125
187 221 0.1875
187 298 0.0625
188 297 0.25
188 298 0.25
189 193 0.0390625
189 194 0.117188
189 212 0.0625
189 214 0.0625
189 220 0.0625
189 221 0.0625
189 224 0.25
190 193 0.9375
190 194 0.078125
190 224 0.25
190 298 0.25
191 194 0.78125
191 195 0.0390625
191 223 0.1875
191 224 0.25
191 227 0.1875
192 195 0.820312
192 196 0.390625
193 196 0.78125
193 197 0.15625
194 197 0.664062
194 198 0.117188
194 224 0.0625
195 198 0.703125
195 199 0.117188
195 227 0.0625
195 231 0.1875
196 199 0.742188
196 200 0.078125
197 200 0.78125
197 201 0.195312
198 201 0.78125
198 202 0.117188
198 231 0.3125
198 232 0.0625
199 202 0.820312
199 203 0.351562
200 203 0.78125
200 204 0.15625
201 204 0.78125
201 205 0.15625
202 205 0.742188
202 206 0.859375
202 207 0.15625
202 209 0.25
202 232 0.1875
202 234 0.25
205 208 0.0625
205 209 0.3125
206 209 0.25
209 234 0.0625
210 234 0.375
212 225 0.0625
212 228 0.0625
213 246 0.125
214 221 0.125
214 225 0.0625
214 246 0.0625
215 221 0.25
215 243 1.0625
215 244 0.25
215 245 1.4375
215 246 0.5
216 219 0.0625
216 221 0.0625
216 241 0.0625
216 242 0.25
216 243 1.4375
216 245 0.25
216 246 0.25
216 247 0.0625
217 243 0.1875
217 244 0.1875
217 292 0.0625
217 293 1.1875
217 294 1.3125
218 293 0.125
218 294 0.1875
218 295 0.0625
218 297 0.0625
218 298 0.3125
220 223 0.742188
220 224 0.0390625
221 224 0.9375
221 225 0.15625
221 247 0.5625
222 225 0.78125
222 226 0.0390625
222 247 0.375
222 248 0.0625
222 255 0.125
223 226 0.78125
223 227 0.117188
224 227 0.820312
224 228 0.078125
225 228 0.78125
225 229 0.15625
225 252 0.0625
225 255 0.0625
226 229 0.859375
226 230 0.195312
226 255 0.0625
226 256 0.0625
226 261 0.125
227 230 0.976562
227 231 0.078125
228 231 0.78125
228 232 0.78125
228 233 0.273438
229 232 0.0390625
229 233 0.078125
229 261 0.1875
230 261 0.0625
235 247 1.3125
235 248 0.125
235 249 0.5625
235 252 0.0625
236 240 0.0625
236 241 0.0625
236 247 0.0625
236 248 1.25
236 249 0.375
237 240 1.375
237 241 0.0625
237 249 0.0625
237 250 0.5625
237 270 0.0625
237 273 0.125
237 274 0.125
238 241 0.25
238 248 0.125
238 250 0.4375
238 274 0.125
239 274 0.375
239 277 0.25
239 278 0.125
239 281 0.25
240 277 0.125
240 281 0.125
241 245 0.0625
241 246 1.3125
241 248 0.1875
242 245 0.0625
242 246 0.125
242 248 0.125
242 292 1.125
243 292 0.3125
244 291 0.0625
248 251 0.898438
248 252 0.117188
249 252 0.78125
249 253 0.078125
249 265 0.0625
250 253 0.78125
250 254 0.117188
250 270 0.0625
250 274 0.1875
251 254 0.742188
251 255 0.117188
252 255 0.78125
252 256 0.078125
253 256 0.0390625
253 263 0.0625
253 267 0.25
254 257 0.0390625
254 267 0.5625
256 259 0.4375
256 261 0.1875
256 263 0.0625
265 270 0.078125
266 269 0.9375
266 270 0.078125
267 270 0.78125
267 271 0.078125
268 271 0.78125
268 272 0.195312
269 272 0.78125
269 273 0.15625
270 273 0.78125
270 274 0.078125
271 274 0.859375
271 275 0.351562
272 275 0.78125
272 276 0.078125
273 276 0.78125
273 277 0.117188
274 277 0.742188
274 278 0.078125
275 278 0.742188
275 279 0.0390625
276 279 0.742188
276 280 0.234375
277 280 0.78125
277 281 0.078125
278 282 0.078125
279 282 0.078125
280 283 0.15625
280 284 0.078125
281 284 0.78125
281 288 0.625
282 285 0.117188
282 485 0.125
283 479 1.3125
283 480 0.375
283 485 0.0625
284 287 1.3125
284 288 0.0625
284 479 0.3125
285 288 0.1875
285 480 0.125
285 488 0.375
286 488 0.0625
287 478 0.25
295 298 0.25
296 299 1.25
296 300 0.25
297 300 1.25
297 301 0.25
297 302 0.3125
297 303 0.125
301 334 0.125
301 343 0.0625
302 306 0.0390625
302 310 0.125
302 327 0.0625
302 330 0.1875
303 306 0.859375
303 307 0.0390625
303 343 0.0625
304 307 0.78125
304 308 0.078125
305 308 0.703125
305 309 0.0390625
306 309 0.78125
306 310 0.117188
306 330 0.125
306 343 0.0625
306 348 0.25
306 351 0.125
306 352 0.0625
307 310 0.820312
307 311 0.078125
307 327 0.0625
308 311 0.859375
308 312 0.0390625
309 312 0.820312
309 313 0.15625
310 313 0.820312
310 314 0.117188
310 326 0.0625
310 330 0.125
310 352 0.1875
311 314 0.78125
311 315 0.3125
312 315 0.898438
312 316 0.078125
313 316 0.664062
313 317 0.078125
313 353 0.125
314 317 0.78125
314 318 0.78125
314 319 0.820312
314 320 0.273438
314 322 0.0625
314 323 0.1875
314 326 0.125
314 356 0.0625
315 318 0.0390625
315 320 0.0390625
317 360 0.0625
320 323 0.125
322 325 0.898438
322 326 0.117188
322 359 0.125
322 360 0.125
323 326 0.898438
323 327 0.3125
324 327 0.78125
324 328 0.0390625
325 328 0.78125
325 329 0.078125
325 359 0.0625
326 329 0.78125
326 330 0.0390625
326 359 0.1875
327 330 0.0390625
327 331 0.078125
328 331 0.078125
328 332 0.273438
329 332 1.01562
329 333 0.195312
329 355 0.125
329 358 0.375
330 333 0.78125
330 334 0.078125
330 355 0.0625
331 334 0.78125
331 335 0.078125
332 335 0.78125
332 336 0.078125
333 336 0.78125
333 337 0.078125
333 351 0.125
333 355 0.0625
333 358 0.0625
333 364 0.125
333 371 0.0625
334 337 0.78125
334 338 0.742188
334 339 0.195312
334 341 0.4375
334 342 0.0625
334 343 0.125
335 338 0.0390625
335 339 0.234375
336 364 0.0625
336 375 0.1875
336 386 1.3125
337 341 0.1875
337 375 0.0625
337 382 0.1875
337 386 0.25
338 382 1.1875
338 383 1.4375
338 384 0.25
339 383 0.1875
341 383 0.0625
342 347 0.0390625
343 348 0.078125
344 347 0.859375
344 348 0.15625
345 348 0.0390625
345 349 0.3125
346 349 0.898438
346 350 0.15625
347 350 0.78125
347 351 0.117188
348 351 0.78125
348 352 0.0390625
349 352 0.742188
349 353 0.117188
350 353 0.742188
350 354 0.078125
350 370 0.125
350 371 0.0625
350 374 0.125
350 379 0.0625
351 354 0.78125
351 355 0.078125
352 355 0.78125
352 356 0.078125
353 356 0.78125
353 357 0.234375
353 368 0.0625
354 357 0.820312
354 358 0.3125
354 364 0.0625
354 366 0.1875
354 367 0.4375
354 371 0.6875
355 358 0.742188
355 359 0.078125
356 359 0.78125
356 360 0.15625
357 360 0.78125
357 361 0.898438
357 362 0.703125
357 366 0.1875
357 368 0.1875
358 361 0.703125
358 362 1.01562
358 363 0.15625
358 364 0.273438
361 365 0.375
361 366 0.1875
362 365 0.0625
364 371 0.1875
364 411 0.0625
365 418 0.0625
366 418 0.25
367 371 0.117188
367 372 0.078125
367 415 0.1875
367 418 0.5
368 371 0.859375
368 372 0.078125
369 372 0.78125
369 373 0.195312
370 373 0.78125
370 374 0.078125
370 379 0.1875
371 374 0.78125
371 375 0.3125
372 375 0.78125
372 376 0.15625
373 376 0.742188
373 377 0.78125
373 378 0.117188
373 379 0.0390625
373 421 0.3125
374 377 0.0390625
374 379 0.078125
374 386 0.25
375 386 0.375
375 408 0.0625
375 411 0.1875
375 412 0.125
375 415 0.0625
376 386 0.125
376 412 0.0625
376 415 0.25
376 419 0.0625
376 421 0.125
376 423 1.25
376 424 0.1875
377 380 0.1875
377 386 0.125
377 424 0.3125
377 428 0.0625
378 422 0.25
378 424 0.25
378 428 0.1875
379 428 0.0625
380 386 0.1875
381 386 0.125
382 386 0.3125
408 411 0.898438
408 412 0.15625
409 412 0.78125
409 413 0.078125
410 413 0.742188
410 414 0.078125
411 414 0.78125
411 415 0.078125
412 415 0.78125
412 416 0.0390625
413 416 0.78125
413 417 0.234375
414 417 0.820312
414 418 0.078125
415 418 0.78125
415 419 0.15625
416 419 0.820312
416 420 0.742188
416 421 0.195312
416 422 0.078125
416 423 0.15625
426 430 0.1875
427 430 0.625
428 431 1.25
429 432 0.3125
435 438 0.78125
435 439 0.234375
436 439 0.78125
436 440 0.273438
436 452 0.25
436 455 0.3125
436 456 0.0625
437 440 0.78125
437 441 0.429688
438 441 0.703125
438 442 0.3125
439 442 0.78125
439 443 0.078125
439 455 0.1875
439 458 0.1875
439 459 0.1875
440 443 0.78125
440 455 0.1875
441 444 0.0390625
442 444 0.195312
442 445 0.0390625
442 458 0.4375
443 445 0.117188
443 448 0.375
443 458 0.1875
445 448 0.125
445 458 0.125
445 466 0.0625
445 469 0.1875
446 469 1.25
447 469 0.125
447 472 0.125
448 454 0.5
448 455 0.125
448 472 0.0625
449 454 0.75
449 472 0.3125
451 454 0.820312
451 455 0.0390625
452 455 0.78125
452 456 0.15625
453 456 0.78125
453 457 0.117188
454 457 0.78125
454 458 0.078125
454 469 0.5
454 472 0.5
455 458 0.820312
455 459 0.078125
456 459 0.78125
456 460 0.15625
457 460 0.78125
457 461 0.15625
458 461 0.703125
458 462 0.15625
458 465 0.125
459 462 0.0390625
461 464 0.742188
461 465 0.078125
462 466 0.117188
463 466 0.117188
464 467 0.78125
464 468 0.078125
465 468 0.78125
465 469 0.195312
466 469 0.703125
466 470 0.0390625
467 470 0.78125
467 471 0.15625
468 471 0.78125
468 472 0.273438
469 472 0.0390625
471 474 0.625
472 475 0.0625
474 476 0.375
480 484 0.234375
480 485 0.0390625
481 484 1.13281
481 485 0.078125
482 485 0.820312
482 486 0.078125
483 486 0.820312
483 487 0.078125
484 487 0.859375
484 488 0.078125
485 488 0.78125
486 489 0.15625
