L	Ls	nvertices	F_L	F_L_constrained	rho_sum	nloops	regions
  0	  0	  0	           0	           0	           0	 0	[(0, 0)]
  1	  0	  0	           0	           0	           0	 0	[(0, 1)]
  2	  0	  0	           0	           0	           0	 0	[(0, 2)]
  3	  0	  0	           0	           0	           0	 0	[(0, 3)]
  4	  0	  0	           0	           0	           0	 0	[(0, 4)]
  5	  0	  0	           0	           0	           0	 0	[(0, 5)]
  6	  0	  0	           0	           0	           0	 0	[(0, 6)]
  7	  0	  0	           0	           0	           0	 0	[(0, 7)]
  8	  0	  0	           0	           0	           0	 0	[(0, 8)]
  9	  0	  3	           0	     3.90995	    0.282132	 1	[(0, 9)]
 10	  0	  5	           0	     2.35573	    0.262495	 1	[(0, 10)]
 11	  0	  7	           0	     5.67858	     5.82652	 0	[(0, 11)]
 12	  0	  8	           0	     5.74412	     6.28272	 0	[(0, 12)]
 13	  0	  9	           0	     5.86768	     6.77546	 0	[(0, 13)]
 14	  0	 10	           0	     5.80597	     7.24464	 0	[(0, 14)]
 15	  0	 11	           0	     5.93024	     7.76439	 0	[(0, 15)]
 16	  0	 12	           0	     6.06749	     8.32966	 0	[(0, 16)]
 17	  0	 13	           0	      6.1477	     8.98988	 0	[(0, 17)]
 18	  0	 14	           0	     6.25156	     9.82541	 0	[(0, 18)]
 19	  0	 15	           0	     6.60589	     9.36727	 0	[(0, 19)]
 20	  0	 16	           0	     6.59281	     9.17333	 0	[(0, 20)]
 21	  0	 17	           0	     6.60973	     9.42849	 0	[(0, 21)]
 22	  0	 17	           0	     6.60973	     9.42849	 0	[(0, 22)]
 23	  0	 17	           0	     6.60973	     9.42849	 0	[(0, 23)]
 24	  0	 17	           0	     6.60973	     9.42849	 0	[(0, 24)]
 25	  0	 17	           0	     6.60973	     9.42849	 0	[(0, 25)]
 26	  0	 17	           0	     6.60973	     9.42849	 0	[(0, 26)]
 27	  0	 17	           0	     6.60973	     9.42849	 0	[(0, 27)]
 28	  0	 19	           0	     6.35971	     9.75662	 0	[(0, 28)]
 29	  0	 19	           0	     6.35971	     9.75662	 0	[(0, 29)]
 30	  0	 19	           0	     6.35971	     9.75662	 0	[(0, 30)]
 31	  0	 19	           0	     6.35971	     9.75662	 0	[(0, 31)]
 32	 25	  4	           0	      4.0754	     0.27253	 1	[(25, 32)]
 33	 25	  6	           0	     4.25669	    0.273769	 1	[(25, 33)]
 34	 25	  7	           0	     7.06134	     5.31294	 1	[(25, 34)]
 35	 25	  9	           0	     8.44611	     6.24826	 1	[(25, 35)]
 36	 25	  9	           0	     8.44611	     6.24826	 1	[(25, 36)]
 37	 25	  9	           0	     8.44611	     6.24826	 1	[(25, 37)]
 38	 25	  9	           0	     8.44611	     6.24826	 1	[(25, 38)]
 39	 25	  9	           0	     8.44611	     6.24826	 1	[(25, 39)]
 40	 25	  9	           0	     8.44611	     6.24826	 1	[(25, 40)]
 41	 25	  9	           0	     8.44611	     6.24826	 1	[(25, 41)]
 42	 30	  3	           0	     3.93757	    0.262158	 1	[(30, 42)]
 43	 30	  4	           0	     4.14459	    0.266486	 1	[(30, 43)]
 44	 30	  5	           0	     4.31844	    0.272423	 1	[(30, 44)]
 45	 30	  7	           0	     7.71144	     4.74259	 1	[(30, 45)]
 46	 30	 10	           0	     9.47354	       6.471	 1	[(30, 46)]
 47	 30	 12	           0	      10.532	     7.76783	 1	[(30, 47)]
 48	 30	 14	           0	     11.3247	     9.30595	 1	[(30, 48)]
 49	 30	 15	           0	     10.9809	     11.1973	 1	[(30, 49)]
 50	 30	 17	           0	     11.7963	     12.9558	 1	[(30, 50)]
 51	 30	 19	           0	     12.8449	     14.6028	 1	[(30, 51)]
 52	 25	 26	           0	     12.6412	     17.0811	 1	[(25, 52)]
 53	 25	 26	           0	     12.6412	     17.0811	 1	[(25, 53)]
 54	 25	 27	           0	     11.8782	     19.5685	 1	[(25, 54)]
 55	 25	 28	           0	     11.9219	     20.0443	 1	[(25, 55)]
 56	 25	 28	           0	     11.9219	     20.0443	 1	[(25, 56)]
 57	 25	 28	           0	     11.9219	     20.0443	 1	[(25, 57)]
 58	 25	 29	           0	     11.2844	     21.2681	 1	[(25, 58)]
 59	 25	 29	           0	     11.2844	     21.2681	 1	[(25, 59)]
 60	 25	 30	           0	     11.0994	     21.5853	 1	[(25, 60)]
 61	 25	 31	           0	     11.1272	     21.5491	 1	[(25, 61)]
 62	 25	 31	           0	     11.1272	     21.5491	 1	[(25, 62)]
 63	 25	 32	           0	     15.9642	     23.4446	 2	[(25, 63)]
 64	 25	 33	           0	     14.6823	     24.4894	 2	[(25, 64)]
 65	 25	 34	           0	     13.3627	     25.6402	 2	[(25, 65)]
 66	 25	 35	           0	     12.7679	     27.0496	 2	[(25, 66)]
 67	 25	 35	           0	     12.7679	     27.0496	 2	[(25, 67)]
 68	 25	 36	           0	     14.6574	     27.1844	 3	[(25, 68)]
 69	 25	 36	           0	     14.6574	     27.1844	 3	[(25, 69)]
 70	 25	 36	           0	     14.6574	     27.1844	 3	[(25, 70)]
 71	 25	 36	           0	     14.6574	     27.1844	 3	[(25, 71)]
 72	 68	  2	           0	     3.70368	    0.325476	 1	[(68, 72)]
 73	 68	  5	           0	     2.35281	     0.26249	 1	[(68, 73)]
 74	 68	  7	           0	     5.65256	     5.75787	 0	[(68, 74)]
 75	 68	  8	           0	     5.64619	     6.22326	 0	[(68, 75)]
 76	 68	  9	           0	     5.65296	     6.73287	 0	[(68, 76)]
 77	 68	 10	           0	     5.48831	     7.17267	 0	[(68, 77)]
 78	 68	 11	           0	     5.98869	     7.51613	 0	[(68, 78)]
 79	 68	 12	           0	     6.14775	     7.91774	 0	[(68, 79)]
 80	 68	 13	           0	     6.25329	      7.6874	 0	[(68, 80)]
 81	 68	 13	           0	     6.25329	      7.6874	 0	[(68, 81)]
 82	 68	 13	           0	     6.25329	      7.6874	 0	[(68, 82)]
 83	 68	 13	           0	     6.25329	      7.6874	 0	[(68, 83)]
 84	 68	 15	           0	      6.1361	     7.73542	 0	[(68, 84)]
 85	 68	 15	           0	      6.1361	     7.73542	 0	[(68, 85)]
 86	 68	 16	           0	     6.01729	     7.88208	 0	[(68, 86)]
 87	 68	 16	           0	     6.01729	     7.88208	 0	[(68, 87)]
 88	 68	 16	           0	     6.01729	     7.88208	 0	[(68, 88)]
 89	 68	 16	           0	     6.01729	     7.88208	 0	[(68, 89)]
 90	 68	 16	           0	     6.01729	     7.88208	 0	[(68, 90)]
 91	 68	 16	           0	     6.01729	     7.88208	 0	[(68, 91)]
 92	 68	 16	           0	     6.01729	     7.88208	 0	[(68, 92)]
 93	 68	 16	           0	     6.01729	     7.88208	 0	[(68, 93)]
 94	 68	 16	           0	     6.01729	     7.88208	 0	[(68, 94)]
 95	 84	  3	           0	     4.91897	    0.251152	 1	[(84, 95)]
 96	 84	  4	           0	     5.06337	    0.288351	 1	[(84, 96)]
 97	 84	  8	           0	     5.07739	     0.26304	 1	[(84, 97)]
 98	 84	 10	           0	     10.1563	     6.39456	 1	[(84, 98)]
 99	 84	 12	           0	      10.381	     7.67813	 1	[(84, 99)]
100	 84	 14	           0	     11.4967	     7.98631	 1	[(84, 100)]
101	 84	 14	           0	     11.4967	     7.98631	 1	[(84, 101)]
102	 84	 14	           0	     11.4967	     7.98631	 1	[(84, 102)]
103	 93	  4	           0	     4.07984	    0.272525	 1	[(93, 103)]
104	 93	  6	           0	     6.74498	     4.34483	 1	[(93, 104)]
105	 93	  8	           0	     7.52643	     5.65057	 1	[(93, 105)]
106	 93	  9	           0	     7.98659	     6.62849	 1	[(93, 106)]
107	 93	 12	           0	     9.38849	     8.65656	 1	[(93, 107)]
108	 93	 13	           0	     9.77083	     10.7933	 1	[(93, 108)]
109	 93	 15	           0	     10.7485	     11.4148	 1	[(93, 109)]
110	 93	 15	           0	     10.7485	     11.4148	 1	[(93, 110)]
111	 93	 15	           0	     10.7485	     11.4148	 1	[(93, 111)]
112	 93	 15	           0	     10.7485	     11.4148	 1	[(93, 112)]
113	 93	 15	           0	     10.7485	     11.4148	 1	[(93, 113)]
114	 93	 17	           0	     10.4406	     11.7675	 1	[(93, 114)]
115	 93	 19	           0	     10.4839	     11.7093	 1	[(93, 115)]
116	 93	 19	           0	     10.4839	     11.7093	 1	[(93, 116)]
117	 93	 19	           0	     10.4839	     11.7093	 1	[(93, 117)]
118	 93	 19	           0	     10.4839	     11.7093	 1	[(93, 118)]
119	 93	 19	           0	     10.4839	     11.7093	 1	[(93, 119)]
120	 93	 19	           0	     10.4839	     11.7093	 1	[(93, 120)]
121	 93	 19	           0	     10.4839	     11.7093	 1	[(93, 121)]
122	 93	 19	           0	     10.4839	     11.7093	 1	[(93, 122)]
123	 93	 19	           0	     10.4839	     11.7093	 1	[(93, 123)]
124	 93	 19	           0	     10.4839	     11.7093	 1	[(93, 124)]
125	 93	 19	           0	     10.4839	     11.7093	 1	[(93, 125)]
126	 93	 19	           0	     10.4839	     11.7093	 1	[(93, 126)]
127	 93	 19	           0	     10.4839	     11.7093	 1	[(93, 127)]
128	 93	 19	           0	     10.4839	     11.7093	 1	[(93, 128)]
129	 93	 19	           0	     10.4839	     11.7093	 1	[(93, 129)]
130	 93	 19	           0	     10.4839	     11.7093	 1	[(93, 130)]
131	 93	 19	           0	     10.4839	     11.7093	 1	[(93, 131)]
132	 93	 19	           0	     10.4839	     11.7093	 1	[(93, 132)]
133	 93	 19	           0	     10.4839	     11.7093	 1	[(93, 133)]
134	 93	 19	           0	     10.4839	     11.7093	 1	[(93, 134)]
135	 93	 19	           0	     10.4839	     11.7093	 1	[(93, 135)]
136	132	  3	           0	     3.91495	    0.279698	 1	[(132, 136)]
137	132	  5	           0	     2.37273	    0.263222	 1	[(132, 137)]
138	132	  7	           0	      5.8246	     5.87482	 0	[(132, 138)]
139	132	  8	           0	     5.70496	     6.28297	 0	[(132, 139)]
140	132	  9	           0	     5.74537	     6.74591	 0	[(132, 140)]
141	132	 10	           0	     5.60615	     7.16165	 0	[(132, 141)]
142	132	 11	           0	     5.67566	     7.59818	 0	[(132, 142)]
143	132	 12	           0	     5.77464	     8.06019	 0	[(132, 143)]
144	132	 13	           0	     5.82819	     8.55507	 0	[(132, 144)]
145	132	 14	           0	     5.98756	     8.99376	 0	[(132, 145)]
146	132	 15	           0	     6.16307	     9.47623	 0	[(132, 146)]
147	132	 16	           0	     6.37089	      10.071	 0	[(132, 147)]
148	132	 17	           0	     6.32123	     8.99956	 0	[(132, 148)]
149	132	 17	           0	     6.32123	     8.99956	 0	[(132, 149)]
150	132	 17	           0	     6.32123	     8.99956	 0	[(132, 150)]
151	132	 18	           0	     6.17376	     9.06901	 0	[(132, 151)]
152	132	 18	           0	     6.17376	     9.06901	 0	[(132, 152)]
153	132	 19	           0	      6.0426	     9.32321	 0	[(132, 153)]
154	132	 19	           0	      6.0426	     9.32321	 0	[(132, 154)]
155	132	 19	           0	      6.0426	     9.32321	 0	[(132, 155)]
156	132	 19	           0	      6.0426	     9.32321	 0	[(132, 156)]
157	132	 19	           0	      6.0426	     9.32321	 0	[(132, 157)]
158	132	 19	           0	      6.0426	     9.32321	 0	[(132, 158)]
159	150	  4	           0	     4.08799	    0.268763	 1	[(150, 159)]
160	150	  5	           0	     4.37716	    0.279746	 1	[(150, 160)]
161	150	  9	           0	     8.26684	     6.01678	 1	[(150, 161)]
162	150	 10	           0	     8.52472	     7.00945	 1	[(150, 162)]
163	150	 12	           0	     9.18954	     8.62402	 1	[(150, 163)]
164	150	 14	           0	     10.5368	     9.00324	 1	[(150, 164)]
165	150	 14	           0	     10.5368	     9.00324	 1	[(150, 165)]
166	150	 14	           0	     10.5368	     9.00324	 1	[(150, 166)]
167	150	 14	           0	     10.5368	     9.00324	 1	[(150, 167)]
168	150	 14	           0	     10.5368	     9.00324	 1	[(150, 168)]
169	158	  6	           0	     7.70347	    0.556995	 2	[(158, 169)]
170	158	  7	           0	     8.13931	    0.519023	 2	[(158, 170)]
171	158	 10	           0	     13.1573	     6.03259	 2	[(158, 171)]
172	158	 11	           0	     13.7607	     7.28552	 2	[(158, 172)]
173	158	 13	           0	     12.4395	     8.74861	 2	[(158, 173)]
174	150	 22	           0	     10.4614	     16.4918	 2	[(150, 174)]
175	150	 23	           0	     9.49418	     18.1047	 2	[(150, 175)]
176	150	 24	           0	     10.2131	     18.3115	 2	[(150, 176)]
177	150	 24	           0	     10.2131	     18.3115	 2	[(150, 177)]
178	150	 24	           0	     10.2131	     18.3115	 2	[(150, 178)]
179	174	  4	           0	     4.02934	    0.271412	 1	[(174, 179)]
180	174	  6	           0	     2.24811	     0.26256	 1	[(174, 180)]
181	174	  6	           0	     2.24811	     0.26256	 1	[(174, 181)]
182	174	  6	           0	     2.24811	     0.26256	 1	[(174, 182)]
183	174	  7	           0	     2.11486	    0.392236	 1	[(174, 183)]
184	174	  7	           0	     2.11486	    0.392236	 1	[(174, 184)]
185	174	  7	           0	     2.11486	    0.392236	 1	[(174, 185)]
186	174	  7	           0	     2.11486	    0.392236	 1	[(174, 186)]
187	174	  7	           0	     2.11486	    0.392236	 1	[(174, 187)]
188	174	  7	           0	     2.11486	    0.392236	 1	[(174, 188)]
189	174	  7	           0	     2.11486	    0.392236	 1	[(174, 189)]
190	174	  7	           0	     2.11486	    0.392236	 1	[(174, 190)]
191	174	  7	           0	     2.11486	    0.392236	 1	[(174, 191)]
192	174	  7	           0	     2.11486	    0.392236	 1	[(174, 192)]
193	174	  7	           0	     2.11486	    0.392236	 1	[(174, 193)]
194	174	  7	           0	     2.11486	    0.392236	 1	[(174, 194)]
195	174	  7	           0	     2.11486	    0.392236	 1	[(174, 195)]
196	193	  2	           0	     3.72093	    0.286797	 1	[(193, 196)]
197	193	  4	           0	     2.25243	    0.285715	 1	[(193, 197)]
198	174	 13	           0	     1.96684	      0.5462	 1	[(174, 198)]
199	174	 14	           0	      1.9541	    0.559464	 1	[(174, 199)]
200	193	  8	           0	     5.07592	     6.39687	 0	[(193, 200)]
201	193	  9	           0	     5.25602	     6.90578	 0	[(193, 201)]
202	193	 10	           0	     5.70724	     7.29494	 0	[(193, 202)]
203	193	 11	           0	     5.91406	     7.17731	 0	[(193, 203)]
204	193	 12	           0	     5.92163	     7.13083	 0	[(193, 204)]
205	193	 12	           0	     5.92163	     7.13083	 0	[(193, 205)]
206	193	 12	           0	     5.92163	     7.13083	 0	[(193, 206)]
207	193	 12	           0	     5.92163	     7.13083	 0	[(193, 207)]
208	193	 14	           0	     5.77674	     7.24819	 0	[(193, 208)]
209	193	 14	           0	     5.77674	     7.24819	 0	[(193, 209)]
210	193	 14	           0	     5.77674	     7.24819	 0	[(193, 210)]
211	193	 14	           0	     5.77674	     7.24819	 0	[(193, 211)]
212	193	 14	           0	     5.77674	     7.24819	 0	[(193, 212)]
213	193	 14	           0	     5.77674	     7.24819	 0	[(193, 213)]
214	174	 26	           0	     1.55766	     1.01563	 1	[(174, 214)]
215	188	 20	   -0.628866	   -0.628866	    0.655758	 0	[(188, 215)]
216	174	 30	   -0.628866	     1.58413	     1.01997	 1	[(174, 216)]
217	174	 31	   -0.628866	     1.58001	      1.0173	 1	[(174, 217)]
218	188	 23	    -0.63232	    -0.63232	    0.652301	 0	[(188, 218)]
219	188	 24	   -0.644797	   -0.644797	    0.664879	 0	[(188, 219)]
220	126	 92	   -0.644797	     4.67522	     77.7815	 3	[(126, 220)]
221	126	 93	   -0.644797	     3.16626	     78.9724	 3	[(126, 221)]
222	126	 94	   -0.644797	     1.90749	     80.1855	 3	[(126, 222)]
223	126	 95	   -0.644797	    0.114271	     81.2572	 3	[(126, 223)]
224	126	 96	    -0.95371	    -0.95371	     82.4233	 3	[(126, 224)]
225	126	 97	    -2.42677	    -2.42677	     83.7307	 3	[(126, 225)]
226	126	 98	    -2.42677	     -1.8897	     84.2952	 3	[(126, 226)]
227	126	 98	    -2.42677	     -1.8897	     84.2952	 3	[(126, 227)]
228	126	 98	    -2.42677	     -1.8897	     84.2952	 3	[(126, 228)]
229	126	 99	    -2.42677	   -0.623853	     85.1808	 3	[(126, 229)]
230	126	101	    -2.42677	    -2.18386	     87.0243	 3	[(126, 230)]
231	126	102	    -3.28425	    -3.28425	     88.2331	 3	[(126, 231)]
232	126	103	     -4.2027	     -4.2027	     89.2646	 3	[(126, 232)]
233	126	104	    -6.10004	    -6.10004	     90.3424	 3	[(126, 233)]
234	126	105	    -8.77364	    -8.77364	     91.4398	 3	[(126, 234)]
235	126	106	    -11.9833	    -11.9833	     93.0622	 3	[(126, 235)]
236	  0	226	    -13.3658	    -13.3658	     192.644	10	[(0, 236)]
237	  0	227	     -16.581	     -16.581	     195.977	10	[(0, 237)]
238	  0	228	     -16.581	    -15.8886	     196.386	10	[(0, 238)]
239	  0	229	     -17.644	     -17.644	     198.171	10	[(0, 239)]
240	  0	230	    -18.3734	    -18.3734	     199.171	10	[(0, 240)]
241	  0	231	    -18.3734	    -17.6446	     199.317	10	[(0, 241)]
242	  0	232	    -18.3734	    -17.8808	     199.925	10	[(0, 242)]
243	  0	232	    -18.3734	    -17.8808	     199.925	10	[(0, 243)]
244	  0	232	    -18.3734	    -17.8808	     199.925	10	[(0, 244)]
245	  0	232	    -18.3734	    -17.8808	     199.925	10	[(0, 245)]
