nresidues = 245
0 59 0.0625
0 60 1.1875
0 61 0.5
0 90 1.3125
0 91 0.1875
1 28 0.3125
1 59 1.1875
1 64 0.125
1 88 0.0625
1 89 1.3125
1 90 0.1875
2 58 1.0625
2 59 0.375
2 87 0.3125
2 88 1.25
2 89 0.125
3 55 0.125
3 57 1.3125
3 58 0.1875
3 86 0.0625
3 87 1.375
3 88 0.25
4 55 1.375
4 56 1.25
4 57 0.3125
4 86 1.25
4 87 0.125
5 9 0.078125
5 10 0.078125
5 55 0.0625
5 85 1.3125
5 86 0.375
5 88 0.0625
6 9 0.859375
6 56 0.0625
6 82 1.0625
6 84 1.25
7 10 0.78125
7 11 0.195312
7 81 0.0625
7 82 1.25
7 84 0.0625
7 86 0.0625
8 11 0.78125
8 12 0.15625
8 82 0.125
8 227 0.3125
9 12 0.664062
9 13 0.117188
9 50 0.0625
9 54 0.0625
9 227 0.0625
9 231 0.0625
10 13 0.703125
10 14 0.195312
10 86 0.0625
11 14 0.78125
11 15 0.078125
11 77 0.3125
11 78 0.0625
11 80 0.1875
11 82 0.0625
12 15 0.78125
12 16 0.078125
12 203 0.125
12 226 0.0625
12 227 0.1875
13 16 0.78125
13 17 0.117188
13 48 0.0625
13 50 0.0625
13 231 0.0625
14 17 0.78125
14 18 0.117188
14 73 0.25
14 74 0.125
15 18 0.78125
15 19 0.078125
15 74 0.0625
15 202 0.4375
15 203 0.25
16 19 0.0390625
16 203 0.0625
16 233 0.0625
16 235 0.375
17 20 0.78125
17 21 0.78125
17 35 0.0625
17 48 0.0625
17 70 0.25
18 21 0.195312
18 70 0.0625
18 71 0.0625
18 74 0.0625
19 235 0.0625
20 39 0.25
20 40 0.0625
20 44 0.1875
20 45 0.1875
20 46 0.125
21 37 0.125
21 38 0.125
21 70 0.0625
22 69 1.3125
22 70 1.3125
22 71 0.375
23 68 1.25
23 70 0.0625
23 110 0.0625
24 66 0.0625
24 67 1.1875
24 68 0.1875
24 70 0.0625
24 115 0.125
25 35 0.25
25 66 1.1875
25 112 0.25
25 115 0.3125
25 116 0.375
25 117 0.3125
25 118 0.3125
26 33 0.125
26 34 1.1875
26 35 0.125
26 64 0.0625
26 65 1.25
26 66 0.3125
26 68 0.0625
27 32 0.0625
27 33 1.1875
27 34 0.4375
27 64 1.25
27 65 0.375
27 118 0.3125
28 32 1.1875
28 58 0.25
28 60 0.0625
28 63 1.25
28 64 0.25
28 66 0.0625
29 32 0.4375
29 58 0.25
29 60 0.1875
29 63 0.4375
30 52 0.0625
30 60 0.125
30 61 0.0625
30 63 0.25
31 51 1.25
31 52 0.1875
31 58 0.0625
31 63 0.0625
32 50 1.25
32 51 0.0625
32 58 0.375
33 48 0.0625
33 49 1.25
33 50 0.1875
33 55 0.0625
34 47 0.0625
34 48 1.3125
34 49 0.4375
35 46 0.0625
35 47 1.25
35 48 0.1875
36 46 1.25
36 118 0.1875
36 119 0.5625
36 121 0.25
37 45 1.3125
37 46 0.1875
38 42 0.125
38 44 1.3125
38 45 0.125
38 116 0.0625
38 119 0.0625
39 42 0.375
39 43 0.25
39 44 0.125
39 116 0.0625
39 196 0.25
41 196 0.0625
42 116 0.375
43 196 0.3125
43 236 0.0625
43 237 1.3125
43 238 0.125
44 196 0.125
44 200 0.0625
44 236 1.25
45 119 0.0625
45 120 0.0625
45 234 0.0625
45 235 1.375
45 236 0.0625
46 234 1.3125
46 235 0.25
47 232 0.0625
47 233 1.1875
47 234 0.25
47 236 0.0625
48 232 1.1875
49 231 1.1875
49 232 0.25
50 54 0.0625
50 55 0.3125
50 230 0.0625
51 54 1.3125
51 55 0.125
51 230 0.0625
52 55 0.3125
52 58 0.125
54 230 0.5625
55 58 0.25
56 85 0.0625
64 90 0.125
64 92 0.0625
65 112 0.0625
66 109 0.0625
66 110 1.0625
66 112 0.0625
67 109 1.375
67 110 0.375
67 115 0.0625
68 73 0.0390625
68 110 0.125
69 72 1.05469
69 73 0.0390625
69 110 0.125
70 73 0.703125
70 74 0.078125
71 74 0.78125
71 75 0.078125
72 75 0.78125
72 76 0.117188
72 105 0.0625
72 107 0.0625
73 76 0.820312
73 77 0.117188
73 96 0.0625
74 77 0.9375
74 78 0.195312
75 78 0.15625
76 79 0.820312
76 80 0.0390625
76 105 0.625
77 80 0.273438
79 100 0.125
80 84 0.1875
80 86 0.0625
80 100 0.5
81 84 0.5625
84 100 0.0625
85 99 0.0625
85 100 0.125
86 98 0.0625
86 99 1.375
87 97 0.0625
87 98 1.25
87 99 0.375
88 97 1.25
88 98 0.0625
89 95 0.0625
89 96 1.3125
89 97 0.25
89 99 0.0625
90 95 0.125
90 96 0.0625
91 97 0.25
93 109 0.1875
94 107 0.0625
94 108 1.25
94 109 0.375
95 107 1.25
95 109 0.25
96 105 0.0625
96 106 1.1875
96 107 0.3125
96 109 0.0625
97 104 0.0625
97 105 1.25
97 106 0.0625
98 103 0.0625
98 104 1.25
98 105 0.3125
99 103 1.25
99 104 0.1875
100 103 0.375
111 114 1.25
111 115 0.0625
112 115 0.3125
122 236 0.0625
124 219 0.0625
124 221 0.0625
125 218 0.0625
126 213 0.3125
126 214 1.3125
126 215 0.0625
126 218 0.1875
126 219 0.0625
127 184 0.25
127 186 0.0625
127 187 0.0625
127 214 1.1875
127 215 0.0625
128 155 0.125
128 184 0.3125
128 186 0.0625
128 188 0.0625
128 212 0.0625
128 213 1.25
128 214 0.25
129 182 0.125
129 183 1.25
129 184 0.25
129 211 0.0625
129 212 1.25
130 160 0.0625
130 180 0.125
130 182 1.25
130 183 0.125
130 210 0.0625
130 211 1.25
130 212 0.375
131 180 1.25
131 181 1.375
131 182 0.375
131 209 0.125
131 210 1.25
131 211 0.0625
132 136 0.117188
132 137 0.078125
132 173 0.0625
132 181 0.125
132 209 1.25
132 210 0.3125
133 136 0.78125
133 137 0.0390625
133 206 0.375
133 207 0.125
133 208 1.3125
134 137 0.820312
134 138 0.078125
134 204 0.0625
134 205 1.25
134 208 0.25
134 224 0.0625
135 138 0.78125
135 139 0.15625
135 205 0.1875
135 206 0.0625
136 139 0.78125
136 140 0.078125
136 173 0.1875
137 140 0.78125
137 141 0.234375
137 153 0.125
137 162 0.125
137 201 0.125
137 210 0.25
137 212 0.0625
138 141 0.78125
138 142 0.078125
138 201 0.375
138 204 0.1875
139 142 0.78125
139 143 0.078125
140 143 0.78125
140 144 0.078125
140 162 0.0625
140 173 0.125
141 144 0.820312
141 145 0.078125
141 197 0.1875
141 198 0.0625
142 145 0.742188
142 146 0.078125
143 146 0.742188
143 171 0.1875
144 147 0.78125
144 148 0.0390625
144 151 0.0625
144 164 0.0625
144 171 0.0625
145 148 0.117188
145 194 0.25
145 198 0.3125
147 164 0.125
147 165 0.125
147 166 0.0625
147 169 0.3125
147 171 0.0625
148 165 0.125
148 194 0.0625
149 193 1.25
149 194 0.375
149 240 0.0625
150 164 0.0625
150 191 0.0625
150 192 1.25
150 194 0.125
150 240 0.5625
151 163 1.375
151 164 0.0625
151 190 0.0625
151 191 1.3125
151 192 0.25
151 194 0.0625
151 197 0.0625
152 161 0.0625
152 162 1.1875
152 163 0.25
152 189 0.125
152 190 1.3125
152 191 0.125
152 242 0.0625
153 161 1.25
153 162 0.1875
153 188 0.0625
153 189 1.1875
153 190 0.25
153 192 0.0625
153 197 0.125
153 214 0.1875
154 159 0.0625
154 160 1.3125
154 161 0.5
154 163 0.0625
154 188 1.25
154 189 0.1875
155 159 1.25
155 183 0.125
155 186 1.4375
155 187 1.25
155 188 0.1875
156 159 0.25
156 161 0.0625
156 183 0.125
156 185 1.375
156 186 0.0625
157 185 0.0625
158 161 0.0625
158 174 0.125
158 176 0.125
158 183 0.0625
159 175 1.1875
159 183 0.25
160 173 0.0625
160 174 1.3125
160 175 0.125
160 212 0.125
161 173 1.3125
161 174 0.5
162 171 0.0625
162 172 1.25
162 173 0.375
163 171 1.1875
164 170 1.25
164 171 0.3125
165 169 1.25
166 169 0.25
174 179 0.0390625
175 179 0.351562
175 180 0.117188
176 179 1.05469
176 180 0.117188
177 180 0.15625
177 183 0.1875
180 183 0.1875
181 209 0.0625
188 214 0.25
188 215 1.25
188 216 0.1875
189 215 0.125
189 216 1.3125
189 242 0.75
190 215 0.25
190 216 0.25
190 217 0.125
190 218 0.0625
190 242 0.1875
191 239 1.25
191 240 0.1875
192 214 0.0625
192 218 0.125
192 219 0.125
192 220 0.4375
192 237 0.1875
192 238 0.0625
192 239 0.1875
192 240 0.0625
193 196 0.703125
193 197 0.117188
193 237 0.0625
193 240 0.4375
194 197 0.78125
194 198 0.078125
195 198 0.742188
195 199 0.0390625
196 199 0.78125
196 200 0.3125
196 237 0.1875
197 200 0.820312
197 201 0.078125
197 222 0.0625
197 237 0.125
198 201 0.742188
198 202 0.0390625
199 202 0.390625
200 203 0.0390625
200 222 0.0625
200 235 1.0625
200 237 0.0625
201 204 0.15625
203 226 0.1875
204 208 0.25
204 224 0.125
204 226 0.125
205 208 0.375
208 225 1.375
208 226 0.3125
209 223 0.0625
209 224 1.1875
209 225 0.3125
210 222 0.125
210 223 1.375
210 224 0.1875
211 221 0.0625
211 222 1.1875
211 223 0.3125
212 220 0.0625
212 221 1.25
212 222 0.125
213 220 1.25
213 221 0.5625
213 223 0.0625
217 239 0.1875
217 241 0.0625
217 242 0.125
218 239 0.4375
219 236 0.0625
219 237 1.25
219 239 0.125
220 235 0.0625
220 236 1.3125
220 237 0.0625
221 234 0.75
221 235 1.1875
222 233 0.0625
222 234 1.3125
222 235 0.25
223 232 0.125
223 233 1.25
223 234 0.1875
224 231 0.0625
224 232 1.25
224 233 0.5
225 231 1.25
226 229 1.1875
226 230 1.1875
226 231 0.1875
226 233 0.0625
227 230 0.4375
