nresidues = 267
48 51 3.40171
49 55 2.23796
49 56 0.223796
50 55 0.223796
50 56 0.223796
50 78 0.179037
50 212 0.358074
50 216 0.358074
51 54 1.90227
51 55 0.223796
51 72 4.11785
51 73 0.537111
51 74 0.358074
51 75 0.358074
51 208 1.07422
51 212 0.537111
52 55 0.671389
52 72 0.179037
55 66 0.179037
55 70 0.537111
55 71 1.4323
55 72 0.716148
55 77 2.32748
56 78 0.716148
57 60 0.179037
57 63 1.4323
57 66 0.358074
57 78 4.65496
58 63 0.179037
58 78 0.537111
58 79 0.716148
58 80 2.68556
58 82 0.179037
59 62 4.47593
59 63 1.07422
60 63 0.895186
66 70 0.179037
67 70 1.07422
67 79 0.179037
68 71 0.179037
69 81 1.07422
69 84 0.358074
69 86 1.4323
69 87 1.61133
70 77 0.895186
70 79 0.537111
70 92 0.179037
71 77 0.358074
72 77 0.179037
74 77 0.358074
74 92 0.537111
74 96 3.93882
75 211 0.537111
76 215 0.179037
76 219 1.4323
78 216 0.537111
78 219 0.179037
81 84 1.79037
81 85 0.895186
81 86 0.716148
84 87 0.179037
85 91 0.179037
85 95 0.179037
86 92 1.4323
86 95 0.537111
88 91 2.46176
88 92 0.223796
89 92 2.46176
89 93 0.223796
90 93 2.12607
90 94 0.111898
91 94 2.23796
91 95 0.55949
92 95 2.23796
92 96 1.56657
93 96 2.68556
93 97 0.335696
94 97 2.23796
94 98 0.447593
95 98 2.34986
95 99 0.223796
96 99 2.12607
96 100 0.223796
96 189 0.179037
97 100 1.90227
97 101 0.335696
97 188 0.358074
97 189 0.537111
98 101 2.12607
98 102 0.671389
99 102 2.34986
99 103 0.335696
99 219 1.25326
100 103 2.46176
100 104 0.783289
100 189 0.537111
100 215 0.179037
101 104 2.23796
101 105 0.447593
101 176 0.358074
101 189 0.358074
102 105 2.23796
102 106 0.223796
102 222 0.179037
103 106 2.23796
103 107 0.55949
103 215 0.179037
103 218 0.716148
103 222 0.179037
104 107 2.34986
104 108 0.223796
104 189 0.537111
104 190 0.358074
104 214 1.25326
105 108 2.34986
105 109 0.111898
105 169 0.358074
106 109 2.23796
106 110 0.223796
106 221 0.895186
106 222 0.358074
106 225 0.179037
107 110 2.01417
107 111 0.111898
107 214 0.179037
107 217 0.537111
107 218 0.537111
107 221 0.358074
108 111 2.34986
108 112 0.111898
109 112 2.23796
109 113 0.335696
109 225 0.537111
110 113 2.12607
110 114 0.223796
110 225 0.179037
110 228 0.179037
111 114 2.12607
111 115 0.223796
112 116 0.223796
113 131 1.4323
113 228 0.358074
114 117 2.23796
114 118 0.223796
114 228 0.358074
114 240 0.358074
115 118 2.23796
115 119 0.671389
116 119 2.34986
116 120 0.223796
116 126 0.537111
116 129 3.22267
117 120 2.34986
117 121 0.447593
117 238 1.07422
117 239 1.25326
117 240 2.68556
118 121 2.23796
118 122 0.447593
118 240 0.179037
119 122 2.23796
119 123 1.90227
119 124 0.671389
119 126 0.716148
119 147 0.179037
120 124 0.335696
120 129 0.179037
121 240 0.716148
121 241 0.537111
121 244 0.179037
125 147 3.22267
125 148 0.179037
126 137 0.179037
126 147 0.537111
127 137 0.895186
128 133 0.895186
128 134 0.179037
128 137 1.25326
130 133 3.75978
130 134 0.358074
131 134 0.179037
131 228 0.358074
131 229 0.358074
131 232 0.179037
131 239 0.716148
132 232 0.358074
132 236 0.358074
132 237 0.716148
133 136 0.716148
134 137 1.4323
135 138 0.358074
136 139 4.11785
137 140 0.895186
137 143 0.537111
137 144 0.537111
138 155 0.716148
138 156 0.179037
138 157 0.179037
138 158 0.358074
138 161 0.179037
140 143 0.537111
142 154 0.358074
142 156 1.07422
143 155 3.58074
143 156 0.537111
144 153 3.04363
144 154 3.40171
144 155 0.179037
145 148 0.537111
145 149 4.29689
145 150 0.895186
145 152 3.40171
145 153 0.179037
145 154 1.07422
146 149 0.537111
146 152 0.716148
146 153 0.179037
149 152 1.07422
150 154 0.537111
157 160 2.57366
157 161 0.335696
158 161 2.34986
158 162 0.223796
159 162 2.46176
159 163 0.223796
160 163 2.23796
160 164 0.335696
161 164 2.23796
161 165 0.223796
162 165 2.23796
162 166 0.447593
163 166 2.12607
163 167 0.223796
164 167 2.23796
164 168 0.447593
165 168 2.12607
165 169 0.447593
166 169 2.01417
166 170 0.111898
167 170 2.12607
167 171 0.223796
168 171 2.23796
168 172 0.335696
169 172 2.34986
169 173 0.335696
170 173 2.01417
170 174 0.111898
171 174 2.12607
171 175 0.55949
172 175 2.34986
172 176 0.223796
173 176 3.24504
173 177 0.223796
174 177 2.23796
174 178 0.223796
175 178 2.12607
175 179 0.783289
175 181 1.61133
176 185 0.179037
177 185 0.358074
178 184 0.179037
178 185 0.537111
179 183 3.58074
179 185 0.179037
180 183 0.895186
182 194 0.537111
182 195 0.358074
186 191 0.179037
187 190 4.11785
187 191 0.179037
190 207 0.358074
190 211 2.32748
190 214 0.179037
192 195 3.93882
192 196 0.179037
193 196 3.58074
194 197 0.358074
196 199 1.79037
196 200 0.895186
196 201 0.358074
199 202 1.61133
200 210 0.358074
201 207 0.895186
203 206 2.57366
203 207 0.223796
204 207 2.23796
204 208 0.223796
205 208 2.23796
205 209 0.111898
206 209 2.23796
206 210 0.447593
207 210 2.23796
207 211 1.00708
208 211 2.01417
208 212 0.111898
209 212 2.34986
209 213 0.447593
210 213 2.23796
210 214 0.223796
211 214 2.23796
211 215 0.335696
212 215 2.23796
212 216 0.55949
213 216 2.23796
213 217 0.55949
214 217 2.34986
214 218 0.111898
215 218 2.23796
215 219 1.00708
216 219 2.23796
216 220 0.223796
217 220 2.23796
217 221 0.223796
218 221 2.23796
218 222 0.447593
219 222 2.46176
219 223 0.223796
220 223 2.23796
220 224 0.55949
221 224 2.34986
221 225 0.335696
222 225 2.23796
222 226 0.223796
223 226 2.23796
224 227 2.23796
224 228 0.447593
225 228 2.34986
225 229 0.783289
226 229 2.23796
226 230 0.335696
227 230 2.12607
227 231 0.671389
228 231 2.01417
228 232 0.223796
228 239 0.179037
229 232 2.01417
229 233 0.335696
230 233 2.23796
230 234 0.335696
231 234 2.23796
231 235 2.46176
231 242 0.895186
232 235 1.90227
232 236 0.111898
234 258 0.716148
235 242 0.895186
235 258 0.358074
237 241 0.783289
237 242 0.111898
237 245 0.358074
238 241 2.23796
238 242 0.55949
239 242 2.34986
239 243 0.111898
240 243 2.23796
240 244 0.223796
241 244 2.34986
241 245 0.783289
242 245 2.23796
242 246 0.223796
243 246 2.23796
243 247 0.55949
244 247 2.23796
244 248 0.223796
245 248 2.34986
245 253 0.895186
246 249 2.34986
246 250 0.895186
246 253 0.895186
247 250 0.111898
248 253 0.179037
249 252 5.37111
249 253 1.07422
250 253 0.179037
250 254 0.537111
251 254 0.537111
252 257 0.358074
254 257 0.358074
254 258 0.358074
255 258 3.58074
256 259 0.179037
258 261 1.96941
260 263 0.537111
263 266 1.4323
