L	Ls	nvertices	F_L	F_L_constrained	rho_sum	nloops	regions
  2	  0	  0	           0	           0	           0	 0	[(0, 2)]
  3	  0	  0	           0	           0	           0	 0	[(0, 3)]
  4	  0	  0	           0	           0	           0	 0	[(0, 4)]
  5	  0	  0	           0	           0	           0	 0	[(0, 5)]
  6	  0	  0	           0	           0	           0	 0	[(0, 6)]
  7	  0	  0	           0	           0	           0	 0	[(0, 7)]
  8	  0	  0	           0	           0	           0	 0	[(0, 8)]
  9	  0	  0	           0	           0	           0	 0	[(0, 9)]
 10	  0	  0	           0	           0	           0	 0	[(0, 10)]
 11	  0	  0	           0	           0	           0	 0	[(0, 11)]
 12	  0	  0	           0	           0	           0	 0	[(0, 12)]
 13	  0	  3	           0	     3.90428	    0.296231	 1	[(0, 13)]
 14	  0	  5	           0	     2.37333	    0.269201	 1	[(0, 14)]
 15	  0	  7	           0	     5.06622	      5.7359	 0	[(0, 15)]
 16	  0	  8	           0	      4.9451	     6.18591	 0	[(0, 16)]
 17	  0	  9	           0	     4.89566	      6.6409	 0	[(0, 17)]
 18	  0	 10	           0	     4.73499	     7.35358	 0	[(0, 18)]
 19	  0	 11	           0	      4.5476	     8.75687	 0	[(0, 19)]
 20	  0	 12	           0	      5.0881	     8.68892	 0	[(0, 20)]
 21	  0	 12	           0	      5.0881	     8.68892	 0	[(0, 21)]
 22	  0	 12	           0	      5.0881	     8.68892	 0	[(0, 22)]
 23	  0	 12	           0	      5.0881	     8.68892	 0	[(0, 23)]
 24	  0	 12	           0	      5.0881	     8.68892	 0	[(0, 24)]
 25	  0	 12	           0	      5.0881	     8.68892	 0	[(0, 25)]
 26	  0	 12	           0	      5.0881	     8.68892	 0	[(0, 26)]
 27	  0	 12	           0	      5.0881	     8.68892	 0	[(0, 27)]
 28	  0	 12	           0	      5.0881	     8.68892	 0	[(0, 28)]
 29	  0	 14	           0	     4.82084	       8.952	 0	[(0, 29)]
 30	  0	 16	           0	     4.69385	     9.08667	 0	[(0, 30)]
 31	 28	  2	           0	     3.71837	      0.2922	 1	[(28, 31)]
 32	 28	  4	           0	     2.24788	    0.285804	 1	[(28, 32)]
 33	 28	  6	   -0.147596	   -0.147596	    0.153052	 0	[(28, 33)]
 34	 28	  7	   -0.159748	   -0.159748	    0.165004	 0	[(28, 34)]
 35	 28	  7	   -0.159748	   -0.159748	    0.165004	 0	[(28, 35)]
 36	 28	  8	   -0.289643	   -0.289643	    0.290301	 0	[(28, 36)]
 37	 28	  8	   -0.289643	   -0.289643	    0.290301	 0	[(28, 37)]
 38	 28	  9	   -0.418085	   -0.418085	    0.412571	 0	[(28, 38)]
 39	 28	  9	   -0.418085	   -0.418085	    0.412571	 0	[(28, 39)]
 40	 28	  9	   -0.418085	   -0.418085	    0.412571	 0	[(28, 40)]
 41	 28	  9	   -0.418085	   -0.418085	    0.412571	 0	[(28, 41)]
 42	 28	  9	   -0.418085	   -0.418085	    0.412571	 0	[(28, 42)]
 43	 28	  9	   -0.418085	   -0.418085	    0.412571	 0	[(28, 43)]
 44	 28	 11	   -0.712206	   -0.712206	      0.7328	 0	[(28, 44)]
 45	 28	 13	   -0.712206	   -0.677531	    0.690947	 0	[(28, 45)]
 46	 28	 13	   -0.712206	   -0.677531	    0.690947	 0	[(28, 46)]
 47	 28	 14	   -0.712206	     1.47469	    0.859243	 1	[(28, 47)]
 48	 28	 15	   -0.712206	     1.71375	    0.866354	 1	[(28, 48)]
 49	 28	 17	   -0.712206	   -0.697623	    0.709618	 0	[(28, 49)]
 50	 28	 18	   -0.712206	     3.67105	     6.68271	 0	[(28, 50)]
 51	 28	 19	   -0.712206	     3.84208	     7.19975	 0	[(28, 51)]
 52	 28	 20	   -0.712206	     3.88913	     8.19913	 0	[(28, 52)]
 53	 28	 21	   -0.712206	     3.69828	     9.61379	 0	[(28, 53)]
 54	 28	 22	   -0.712206	     4.20085	     9.20321	 0	[(28, 54)]
 55	 28	 23	   -0.712206	     3.93735	     9.93159	 0	[(28, 55)]
 56	 28	 24	   -0.712206	     3.90736	     9.68165	 0	[(28, 56)]
 57	 28	 25	   -0.712206	     4.02049	     8.68891	 0	[(28, 57)]
 58	 28	 26	   -0.712206	     4.07273	     8.62446	 0	[(28, 58)]
 59	 28	 27	   -0.712206	     4.74543	     13.3955	 0	[(28, 59)]
 60	 28	 28	   -0.712206	     4.05437	     8.66665	 0	[(28, 60)]
 61	 28	 28	   -0.712206	     4.05437	     8.66665	 0	[(28, 61)]
 62	 28	 28	   -0.712206	     4.05437	     8.66665	 0	[(28, 62)]
 63	 28	 28	   -0.712206	     4.05437	     8.66665	 0	[(28, 63)]
 64	 28	 30	   -0.712206	     10.3142	     8.83171	 1	[(28, 64)]
 65	 28	 30	   -0.712206	     10.3142	     8.83171	 1	[(28, 65)]
 66	 28	 31	   -0.712206	     12.2808	      9.0484	 2	[(28, 66)]
 67	 63	  2	   -0.712206	     3.71241	    0.305227	 1	[(63, 67)]
 68	 63	  5	   -0.712206	     2.35854	    0.273135	 1	[(63, 68)]
 69	 63	  7	   -0.712206	     4.62209	     5.55274	 0	[(63, 69)]
 70	 63	  8	   -0.712206	     4.62529	     6.02081	 0	[(63, 70)]
 71	 63	  9	   -0.712206	     4.55446	     6.47784	 0	[(63, 71)]
 72	 63	 10	   -0.712206	     4.39158	     7.33133	 0	[(63, 72)]
 73	 63	 11	   -0.712206	     4.81225	     7.22013	 0	[(63, 73)]
 74	 63	 11	   -0.712206	     4.81225	     7.22013	 0	[(63, 74)]
 75	 63	 11	   -0.712206	     4.81225	     7.22013	 0	[(63, 75)]
 76	 63	 11	   -0.712206	     4.81225	     7.22013	 0	[(63, 76)]
 77	 63	 11	   -0.712206	     4.81225	     7.22013	 0	[(63, 77)]
 78	 63	 11	   -0.712206	     4.81225	     7.22013	 0	[(63, 78)]
 79	 63	 11	   -0.712206	     4.81225	     7.22013	 0	[(63, 79)]
 80	 63	 11	   -0.712206	     4.81225	     7.22013	 0	[(63, 80)]
 81	 63	 11	   -0.712206	     4.81225	     7.22013	 0	[(63, 81)]
 82	 71	  2	   -0.712206	     4.73786	    0.339104	 1	[(71, 82)]
 83	 71	  4	   -0.712206	     5.41359	     2.53782	 1	[(71, 83)]
 84	 63	 19	   -0.712206	     9.87082	     14.1629	 1	[(63, 84)]
 85	 71	 10	   -0.712206	     9.50825	     8.40834	 2	[(71, 85)]
 86	 71	 13	   -0.712206	     5.13572	     11.8048	 1	[(71, 86)]
 87	 71	 14	   -0.712206	     5.81991	     12.2025	 1	[(71, 87)]
 88	 71	 15	   -0.712206	     6.29419	     12.2173	 1	[(71, 88)]
 89	 71	 15	   -0.712206	     6.29419	     12.2173	 1	[(71, 89)]
 90	 71	 15	   -0.712206	     6.29419	     12.2173	 1	[(71, 90)]
 91	 71	 16	   -0.712206	     8.86314	     14.5202	 2	[(71, 91)]
 92	 71	 18	   -0.712206	     10.0941	     14.8843	 2	[(71, 92)]
 93	 71	 18	   -0.712206	     10.0941	     14.8843	 2	[(71, 93)]
 94	 91	  2	   -0.712206	     3.71644	    0.296351	 1	[(91, 94)]
 95	 91	  4	   -0.712206	     2.24798	    0.290265	 1	[(91, 95)]
 96	 91	  6	   -0.712206	     4.68571	     5.27318	 0	[(91, 96)]
 97	 91	  7	   -0.712206	     4.70039	     5.79281	 0	[(91, 97)]
 98	 91	  8	   -0.712206	     4.56185	     6.28089	 0	[(91, 98)]
 99	 91	  9	   -0.712206	     4.57549	     6.94587	 0	[(91, 99)]
100	 91	 10	   -0.712206	     4.29592	     8.49825	 0	[(91, 100)]
101	 91	 11	   -0.712206	     4.06714	     9.55561	 0	[(91, 101)]
102	 91	 12	   -0.712206	     4.65644	     9.48925	 0	[(91, 102)]
103	 91	 12	   -0.712206	     4.65644	     9.48925	 0	[(91, 103)]
104	 91	 13	   -0.712206	     7.02724	     9.76133	 1	[(91, 104)]
105	 91	 13	   -0.712206	     7.02724	     9.76133	 1	[(91, 105)]
106	102	  2	   -0.712206	     3.70813	    0.314976	 1	[(102, 106)]
107	102	  5	   -0.712206	     2.35191	    0.264906	 1	[(102, 107)]
108	102	  7	   -0.712206	     5.34104	     5.68314	 0	[(102, 108)]
109	102	  8	   -0.712206	     5.26204	     6.13071	 0	[(102, 109)]
110	102	  9	   -0.712206	     5.24581	     6.59603	 0	[(102, 110)]
111	102	 10	   -0.712206	     5.75262	     6.95489	 0	[(102, 111)]
112	102	 10	   -0.712206	     5.75262	     6.95489	 0	[(102, 112)]
113	102	 10	   -0.712206	     5.75262	     6.95489	 0	[(102, 113)]
114	102	 10	   -0.712206	     5.75262	     6.95489	 0	[(102, 114)]
115	112	  2	   -0.712206	     3.70355	    0.325766	 1	[(112, 115)]
116	112	  4	   -0.712206	     2.24422	    0.297423	 1	[(112, 116)]
117	112	  6	   -0.712206	     4.15212	     5.15822	 0	[(112, 117)]
118	112	  7	   -0.712206	     4.10252	     5.66472	 0	[(112, 118)]
119	112	  8	   -0.712206	     4.00789	     6.35536	 0	[(112, 119)]
120	112	  9	   -0.712206	     4.06733	     7.41777	 0	[(112, 120)]
121	112	 10	   -0.712206	     4.51531	     6.75232	 0	[(112, 121)]
122	112	 10	   -0.712206	     4.51531	     6.75232	 0	[(112, 122)]
123	112	 10	   -0.712206	     4.51531	     6.75232	 0	[(112, 123)]
124	112	 11	   -0.712206	     4.38648	     6.87771	 0	[(112, 124)]
125	112	 12	   -0.712206	     4.38264	     6.88605	 0	[(112, 125)]
126	112	 13	   -0.712206	     4.32159	     6.90385	 0	[(112, 126)]
127	112	 14	   -0.712206	     4.23846	     6.95499	 0	[(112, 127)]
128	112	 15	   -0.712206	     4.29195	     6.94767	 0	[(112, 128)]
129	112	 16	   -0.712206	     4.21061	     7.00504	 0	[(112, 129)]
130	112	 16	   -0.712206	     4.21061	     7.00504	 0	[(112, 130)]
131	112	 17	   -0.712206	      10.857	     7.12631	 1	[(112, 131)]
132	112	 18	   -0.712206	     10.7816	     7.26186	 1	[(112, 132)]
133	112	 18	   -0.712206	     10.7816	     7.26186	 1	[(112, 133)]
134	131	  2	   -0.712206	     3.70813	    0.314976	 1	[(131, 134)]
135	131	  4	   -0.712206	     2.24612	    0.293768	 1	[(131, 135)]
136	131	  6	   -0.712206	     4.63187	     5.26394	 0	[(131, 136)]
137	131	  7	   -0.712206	     4.62285	     5.78166	 0	[(131, 137)]
138	131	  8	   -0.712206	     4.67456	     6.31348	 0	[(131, 138)]
139	131	  9	   -0.712206	     4.67157	     6.84283	 0	[(131, 139)]
140	131	 10	   -0.712206	     4.35928	     8.54494	 0	[(131, 140)]
141	131	 11	   -0.712206	     4.32651	     9.51931	 0	[(131, 141)]
142	131	 12	   -0.712206	     4.23919	     10.4684	 0	[(131, 142)]
143	131	 13	   -0.712206	     4.14203	     11.3982	 0	[(131, 143)]
144	131	 14	   -0.712206	     4.08275	     12.3817	 0	[(131, 144)]
145	131	 15	   -0.712206	     3.90052	     13.4522	 0	[(131, 145)]
146	131	 16	   -0.712206	     3.87719	     14.3846	 0	[(131, 146)]
147	131	 17	   -0.712206	     3.75189	     15.3965	 0	[(131, 147)]
148	131	 18	   -0.712206	      3.6687	     16.3585	 0	[(131, 148)]
149	131	 19	   -0.712206	     3.66342	     17.2956	 0	[(131, 149)]
150	131	 20	   -0.712206	     3.00972	      18.582	 0	[(131, 150)]
151	131	 21	   -0.712206	     2.75524	     19.5817	 0	[(131, 151)]
152	131	 22	   -0.712206	     2.64245	      20.506	 0	[(131, 152)]
153	131	 23	   -0.712206	     2.50826	     21.3819	 0	[(131, 153)]
154	131	 24	   -0.712206	     2.47625	       22.27	 0	[(131, 154)]
155	131	 25	   -0.712206	     2.10893	     23.4439	 0	[(131, 155)]
156	131	 26	   -0.712206	      2.0055	        24.4	 0	[(131, 156)]
157	131	 27	   -0.712206	     2.02636	     25.1485	 0	[(131, 157)]
158	131	 28	   -0.712206	     2.50129	     24.7467	 0	[(131, 158)]
159	131	 29	   -0.712206	     2.60926	      24.275	 0	[(131, 159)]
160	131	 30	   -0.712206	     2.59528	     24.2308	 0	[(131, 160)]
161	131	 30	   -0.712206	     2.59528	     24.2308	 0	[(131, 161)]
162	  0	148	   -0.712206	   -0.675574	     119.322	 6	[(0, 162)]
163	  0	149	    -6.20479	    -6.20479	     120.358	 6	[(0, 163)]
164	  0	151	    -11.9933	    -11.9933	     121.629	 6	[(0, 164)]
165	  0	152	    -12.5246	    -12.5246	     123.447	 6	[(0, 165)]
166	  0	152	    -12.5246	    -12.5246	     123.447	 6	[(0, 166)]
167	  0	152	    -12.5246	    -12.5246	     123.447	 6	[(0, 167)]
