nresidues = 167
2 43 0.0625
2 45 0.25
2 58 0.0625
2 122 0.5
2 165 1.25
3 42 1.4375
3 43 0.0625
3 45 0.125
3 163 0.0625
3 164 1.1875
3 165 0.125
4 40 1.25
4 41 1.25
4 42 0.125
4 45 0.0625
4 163 1.1875
5 30 0.5
5 33 0.0625
5 38 0.4375
5 39 1.375
5 40 0.0625
5 161 0.0625
5 162 1.1875
5 163 0.75
6 38 1.375
6 39 0.1875
6 41 0.125
6 70 0.0625
6 146 0.25
6 161 1.25
6 162 0.1875
7 37 1.25
7 38 0.0625
7 153 0.25
7 159 0.0625
7 160 1.1875
7 161 0.25
8 36 0.25
8 37 0.125
8 152 0.5
8 153 0.4375
8 156 0.0625
8 158 0.375
8 159 1.1875
9 13 0.234375
9 14 0.078125
9 36 0.0625
9 158 1.3125
9 159 0.5
9 161 0.1875
10 13 0.898438
10 14 0.117188
10 158 0.125
10 159 0.3125
11 14 0.78125
11 15 0.195312
11 159 0.25
12 15 0.742188
12 16 0.078125
13 16 0.820312
13 17 0.078125
13 36 0.0625
14 17 0.820312
14 18 0.195312
14 159 0.0625
15 18 0.820312
15 19 0.234375
16 19 0.742188
16 20 0.117188
17 20 0.117188
17 32 0.0625
26 29 0.375
26 82 0.125
26 83 0.0625
26 84 0.125
26 165 0.0625
28 31 0.703125
28 32 0.0390625
29 32 0.742188
29 33 0.3125
30 33 0.0390625
30 34 0.0390625
30 165 0.125
31 34 0.117188
33 36 0.5
33 38 0.125
33 161 0.0625
33 163 0.0625
34 38 0.0625
37 152 0.8125
39 145 0.3125
39 146 0.0625
41 44 0.9375
41 45 0.125
41 48 0.0625
41 142 0.125
42 45 0.0625
43 123 0.0625
44 47 0.859375
44 48 0.0390625
44 142 0.625
45 48 0.78125
45 49 0.078125
45 58 0.125
45 122 0.625
45 164 0.4375
46 49 0.859375
46 50 0.078125
46 56 0.5625
46 57 0.125
46 121 0.625
46 122 0.3125
47 50 0.820312
47 51 0.0390625
47 122 0.1875
47 123 0.125
47 127 0.25
47 139 0.4375
48 51 0.742188
48 52 0.15625
48 139 0.125
48 142 0.0625
48 143 0.125
49 52 0.742188
49 53 0.273438
49 55 0.9375
49 56 0.273438
49 57 0.273438
49 60 0.0625
49 67 0.3125
49 71 0.125
50 53 0.742188
50 54 0.234375
50 55 0.117188
50 111 0.25
50 112 0.125
50 115 0.25
50 116 0.25
50 119 0.0625
50 121 0.1875
51 107 0.0625
52 66 0.0625
52 70 0.0625
52 99 0.0625
53 64 0.125
53 66 0.1875
53 67 0.0625
54 115 0.1875
54 119 0.125
55 59 0.125
55 60 0.0625
55 119 0.0625
56 59 1.25
56 60 0.125
56 121 0.125
57 60 0.1875
57 71 0.0625
57 83 0.125
58 122 0.0625
60 67 0.0625
61 64 0.0625
63 68 0.234375
64 67 0.820312
64 68 0.273438
65 68 0.976562
65 69 0.078125
65 98 0.375
66 69 0.859375
66 70 0.0390625
67 70 0.820312
67 71 0.15625
68 71 0.742188
68 72 0.9375
68 73 0.3125
69 95 0.0625
69 99 0.0625
69 146 0.0625
69 150 0.25
70 162 0.25
71 84 1.0625
71 85 0.0625
71 162 0.25
71 164 0.0625
72 86 1.1875
72 87 0.1875
73 86 1.3125
73 91 0.3125
74 84 0.0625
74 85 1.25
74 86 0.375
74 88 0.125
74 91 0.375
75 84 1.25
76 84 1.3125
76 86 0.0625
77 82 1.0625
77 83 1.25
77 84 0.125
78 83 0.4375
81 165 0.0625
82 164 1.375
83 162 1.125
83 163 1.25
83 164 0.4375
84 162 1.25
84 163 0.0625
85 160 0.0625
85 161 1.375
85 162 0.125
86 160 1.25
86 161 0.0625
87 91 0.3125
87 92 0.0625
87 95 0.0625
87 159 1.25
87 160 0.25
88 91 1.625
88 92 0.0625
88 158 1.0625
88 159 0.5
89 92 0.0625
89 153 0.0625
89 154 0.25
89 156 0.0625
89 157 0.4375
89 158 0.3125
89 159 0.1875
91 94 0.742188
91 95 0.078125
92 95 0.820312
92 96 0.15625
92 150 0.0625
92 153 0.125
92 154 0.0625
92 158 0.0625
93 96 0.78125
93 97 0.078125
93 154 0.0625
94 97 0.78125
94 98 0.195312
95 98 0.78125
95 99 0.117188
95 150 0.125
96 99 0.78125
96 100 0.351562
96 150 0.3125
96 151 0.25
96 154 0.0625
97 100 0.703125
97 101 0.234375
98 101 0.742188
98 102 0.0390625
99 102 0.117188
99 104 0.125
99 147 0.0625
100 104 0.125
100 147 0.0625
100 151 0.375
101 104 0.0625
102 107 0.0390625
103 106 0.898438
103 107 0.117188
104 107 0.78125
104 108 0.078125
104 136 0.0625
104 143 0.1875
104 144 0.1875
104 147 0.0625
105 108 0.78125
105 109 0.078125
106 109 0.78125
106 110 0.078125
107 110 0.78125
107 111 0.078125
107 136 0.4375
107 140 0.125
108 111 0.234375
108 132 0.625
108 133 0.0625
108 136 0.4375
111 132 0.375
111 135 0.1875
111 136 0.3125
111 139 0.125
112 115 0.976562
112 116 0.078125
112 132 0.3125
113 116 0.820312
113 117 0.273438
113 127 0.1875
113 128 0.0625
113 129 0.25
113 132 0.375
113 135 0.0625
114 117 0.78125
114 118 0.078125
114 129 0.375
115 118 0.820312
115 119 0.273438
116 119 0.703125
116 120 0.703125
116 121 0.117188
116 127 0.125
116 135 0.0625
117 120 0.078125
117 125 0.0625
117 126 0.5625
117 127 0.375
121 124 0.0625
127 135 0.125
128 131 0.125
129 132 0.0625
131 134 0.898438
131 135 0.078125
132 135 0.78125
132 136 0.078125
133 136 0.78125
133 137 0.078125
134 137 0.78125
134 138 0.078125
135 138 0.78125
135 139 0.15625
136 139 0.78125
136 140 0.3125
137 140 0.78125
137 141 0.078125
138 141 0.78125
138 142 0.117188
139 142 0.78125
139 143 0.078125
140 143 0.820312
140 144 0.117188
141 144 0.78125
141 145 0.195312
142 145 0.78125
142 146 0.078125
143 146 0.78125
143 147 0.15625
144 147 0.78125
144 148 0.117188
145 148 0.78125
145 149 0.078125
146 149 0.78125
146 150 0.46875
147 150 0.78125
147 151 0.195312
148 151 0.78125
148 152 0.078125
149 152 0.820312
149 153 0.117188
150 153 0.78125
150 154 0.078125
150 160 0.0625
151 154 0.78125
151 155 0.117188
152 155 0.976562
152 156 0.117188
153 156 0.78125
153 157 0.742188
153 158 0.15625
153 159 0.15625
153 160 0.15625
154 157 0.0390625
