nresidues = 172
29 35 0.166037
29 39 0.49811
29 92 0.49811
30 33 0.664147
30 35 0.166037
30 39 0.664147
30 92 0.49811
31 61 0.166037
31 72 0.49811
31 92 0.332073
31 94 1.49433
32 72 0.664147
32 76 0.166037
33 37 0.166037
33 39 0.332073
33 59 0.166037
33 61 0.830184
33 72 0.664147
33 75 3.81884
33 76 0.830184
34 37 0.49811
34 39 0.664147
34 76 0.166037
36 76 0.49811
36 82 0.332073
37 75 0.166037
37 90 0.166037
38 90 0.49811
39 59 0.166037
39 75 0.166037
39 90 4.15092
39 91 0.664147
39 92 0.99622
40 44 0.103773
40 45 0.103773
40 48 1.8264
40 88 0.49811
40 89 1.49433
40 90 0.830184
40 91 0.664147
41 44 2.49055
41 45 0.103773
41 91 0.332073
42 45 2.07546
42 46 0.31132
43 46 1.97169
43 47 0.103773
44 47 2.07546
44 48 0.207546
45 48 2.07546
45 49 0.207546
45 56 0.49811
45 89 0.664147
46 49 2.07546
46 50 0.207546
46 121 0.332073
47 50 2.07546
47 51 0.207546
48 51 2.17923
48 52 0.31132
48 89 0.332073
49 52 1.97169
49 53 1.97169
49 54 0.415092
49 56 0.332073
49 89 0.332073
49 119 3.48677
50 119 0.332073
53 119 0.49811
54 87 0.166037
54 119 0.830184
55 87 0.332073
55 88 3.81884
55 89 0.166037
55 117 3.48677
55 157 0.166037
55 158 0.332073
56 89 3.65281
56 115 0.166037
56 116 3.65281
56 117 0.830184
56 118 0.166037
57 75 0.166037
57 89 0.166037
57 90 3.65281
57 91 0.664147
57 114 0.166037
57 115 3.1547
57 116 0.664147
57 146 0.166037
57 150 0.830184
58 91 3.1547
58 93 0.166037
58 113 0.166037
58 114 3.1547
58 115 0.664147
58 117 0.166037
59 75 0.332073
59 91 0.49811
59 92 3.48677
59 93 0.332073
59 113 3.1547
60 93 3.1547
60 98 0.332073
60 104 0.332073
60 112 3.32073
60 113 0.664147
61 68 0.49811
61 92 1.16226
61 93 1.32829
61 94 4.31695
62 65 0.166037
62 68 0.332073
62 94 0.166037
62 95 1.8264
62 98 0.664147
62 111 0.332073
63 94 0.166037
63 95 0.99622
64 95 0.49811
65 68 2.28301
65 69 0.207546
65 111 0.49811
66 69 2.07546
66 70 0.207546
67 70 2.07546
67 71 0.207546
67 111 0.166037
67 112 0.49811
67 139 0.166037
68 71 1.97169
68 72 0.31132
68 111 0.166037
68 112 0.49811
69 72 0.103773
69 73 0.103773
70 73 0.31132
70 74 0.415092
71 74 2.07546
71 75 0.207546
71 112 0.166037
71 140 0.332073
72 75 2.07546
72 76 0.207546
73 76 1.97169
73 77 0.31132
74 77 1.86791
74 78 0.103773
74 141 0.332073
74 143 0.166037
75 78 0.103773
75 81 0.664147
75 90 0.166037
75 146 0.166037
78 81 2.69808
78 82 0.103773
78 143 0.166037
79 82 2.07546
79 83 0.622638
80 83 2.07546
80 84 0.415092
80 147 0.99622
80 151 0.49811
81 84 2.07546
81 85 0.31132
81 146 0.332073
81 147 0.166037
81 150 0.166037
82 85 2.28301
82 86 0.415092
83 86 0.518863
83 87 0.103773
84 87 0.622638
84 88 0.207546
84 147 0.332073
84 150 0.49811
84 151 0.166037
84 154 0.166037
85 88 0.415092
85 90 0.664147
85 150 0.166037
87 154 0.830184
88 116 0.332073
88 150 0.49811
88 153 0.49811
92 97 0.166037
93 97 1.66037
93 99 0.332073
94 97 1.16226
95 98 0.332073
98 113 0.664147
99 104 0.49811
101 104 1.32829
102 105 0.664147
103 106 0.332073
103 123 0.664147
104 113 0.664147
104 115 0.664147
104 123 0.332073
105 108 0.332073
105 113 0.332073
106 125 0.332073
106 138 0.99622
107 110 1.16226
107 135 0.49811
107 136 0.664147
107 137 0.664147
107 138 0.49811
108 113 0.332073
109 113 0.49811
110 113 1.32829
110 136 1.16226
110 137 0.49811
110 138 0.830184
110 139 0.332073
111 139 0.332073
112 138 0.166037
112 139 0.49811
113 138 3.32073
114 138 0.49811
114 140 0.664147
115 123 0.166037
115 138 0.49811
116 123 3.1547
116 124 0.49811
116 127 0.166037
116 140 0.166037
116 149 0.830184
116 150 0.166037
116 153 0.830184
116 157 0.166037
117 121 0.332073
117 122 3.81884
117 123 0.49811
117 124 0.166037
117 157 0.49811
118 121 0.49811
118 122 1.99244
118 124 1.16226
118 162 0.332073
119 157 0.332073
124 127 0.49811
124 157 0.830184
124 162 1.49433
125 128 0.166037
125 138 0.99622
126 156 1.32829
127 138 0.332073
127 153 0.166037
127 157 0.49811
128 137 4.15092
128 138 0.166037
128 140 0.664147
129 132 0.49811
129 137 0.332073
129 139 0.664147
129 140 1.99244
129 145 1.16226
131 145 0.166037
133 136 4.15092
134 137 0.166037
136 139 0.664147
140 145 0.933955
140 146 0.207546
140 149 0.166037
141 145 0.518863
142 145 2.49055
142 146 0.207546
143 146 2.07546
143 147 0.31132
144 147 2.07546
144 148 0.207546
145 148 2.07546
146 149 1.97169
146 150 0.415092
147 150 2.07546
147 151 0.726412
148 151 2.07546
148 152 0.207546
149 152 2.07546
149 153 0.207546
150 153 2.07546
150 154 0.207546
151 154 1.97169
151 155 0.207546
152 155 2.07546
152 156 0.207546
153 156 1.86791
153 157 0.31132
154 157 1.76414
154 158 0.518863
155 161 0.166037
156 160 2.82262
156 161 3.48677
156 162 1.49433
157 162 0.166037
158 161 0.166037
