nresidues = 487
19 22 0.898438
19 418 0.1875
19 420 0.125
19 424 0.125
20 23 0.742188
20 24 0.078125
20 372 0.0625
20 392 0.1875
20 418 0.25
21 24 0.78125
21 25 0.078125
21 392 0.0625
21 394 0.0625
21 418 0.0625
21 421 0.375
22 25 0.78125
22 26 0.15625
23 26 0.78125
23 27 0.0390625
24 27 0.78125
24 28 0.195312
24 356 0.0625
24 372 0.0625
24 374 0.1875
25 28 0.78125
25 29 0.351562
26 29 0.78125
26 30 0.078125
26 317 0.0625
27 30 0.0390625
27 317 0.1875
27 318 0.0625
27 319 0.0625
27 325 0.0625
27 356 0.0625
28 321 0.0625
28 356 0.0625
29 32 0.375
30 317 0.4375
30 325 0.0625
30 327 0.5
30 332 0.0625
31 225 0.375
31 237 0.125
32 37 0.1875
33 37 0.125
33 44 1.4375
33 45 1.5625
33 46 0.5625
33 47 0.25
33 50 0.0625
33 221 0.375
33 226 0.25
33 252 0.5
34 37 0.25
34 44 0.1875
34 45 0.0625
37 43 0.742188
37 44 0.15625
38 41 0.078125
38 42 0.78125
38 43 0.15625
39 42 0.234375
39 44 0.078125
39 220 0.1875
39 221 0.0625
40 214 0.375
40 236 0.25
42 215 0.1875
42 217 0.375
42 219 0.0625
42 220 0.125
43 219 1.3125
43 220 0.125
44 221 0.5625
45 49 0.3125
45 218 0.0625
45 219 1
45 221 0.3125
46 49 1.01562
46 50 0.078125
47 50 0.78125
47 51 0.0390625
47 251 0.1875
47 252 0.3125
47 255 0.125
47 323 0.1875
47 339 0.0625
48 51 0.742188
48 52 0.117188
49 52 0.78125
49 53 0.078125
50 53 0.78125
50 54 0.15625
50 219 0.3125
50 252 0.1875
51 54 0.703125
51 55 0.117188
51 255 0.125
51 256 0.1875
52 55 0.898438
52 259 0.1875
53 56 0.507812
53 202 0.25
53 218 0.375
53 219 0.0625
54 199 1.25
54 200 0.3125
54 202 0.1875
54 219 0.125
54 256 0.125
55 58 0.125
55 199 0.0625
55 256 0.1875
55 259 0.0625
55 260 0.1875
56 200 0.0625
56 201 0.3125
56 202 0.1875
56 203 0.25
56 204 0.25
57 64 0.0625
57 153 0.125
57 200 0.125
58 64 1.375
58 65 0.1875
58 67 0.25
59 63 1.0625
59 64 0.1875
59 154 0.1875
59 155 0.25
59 198 0.125
60 63 0.5
60 66 0.1875
60 67 0.125
60 154 0.0625
60 155 0.1875
60 260 0.0625
60 261 0.375
61 71 0.0625
61 73 0.3125
61 129 0.375
61 154 0.3125
61 164 0.0625
61 165 0.0625
61 196 0.3125
61 197 0.0625
61 261 0.25
62 66 0.3125
62 69 0.1875
62 70 0.1875
62 71 0.125
62 261 0.125
63 66 0.0625
66 69 0.0625
67 259 1.5
67 260 1.375
68 259 0.0625
68 260 1.125
68 261 0.0625
69 260 0.0625
69 261 1.5
70 116 1.375
70 261 0.0625
71 116 0.125
71 117 1.3125
71 118 0.25
71 261 0.1875
72 117 0.0625
72 118 1.75
73 118 1.3125
73 119 1.375
73 120 0.1875
73 129 0.3125
73 130 0.0625
73 197 0.0625
74 120 1.375
74 122 0.125
74 127 0.0625
74 128 1.4375
74 129 1.5625
74 130 0.0625
75 105 0.1875
75 108 0.375
75 119 0.0625
75 120 0.375
75 121 1.6875
75 122 0.1875
75 128 0.1875
75 130 1.25
76 122 0.1875
76 128 0.0625
76 130 0.0625
76 131 1.25
76 132 0.0625
77 95 0.25
77 96 0.25
77 101 0.1875
77 104 0.0625
77 121 0.1875
77 124 0.0625
77 132 0.3125
78 95 0.1875
78 124 0.0625
78 132 0.0625
79 95 0.1875
80 93 0.125
80 94 0.125
80 131 0.0625
80 132 0.0625
80 133 0.125
80 168 0.4375
81 84 0.4375
81 93 1.125
82 91 1.125
82 92 1.75
82 93 0.1875
82 136 0.0625
83 91 0.125
84 90 0.0625
84 91 0.25
84 93 0.25
85 89 0.25
85 90 1.3125
85 91 0.0625
86 89 0.3125
86 90 0.4375
86 150 0.25
86 168 0.3125
87 152 0.125
87 161 0.0625
87 163 0.125
88 150 0.1875
89 138 0.125
90 93 0.0625
90 135 0.1875
90 137 1.375
90 138 0.0625
90 150 0.3125
91 135 1.1875
91 136 1.1875
91 137 0.625
91 139 0.125
91 140 0.0625
92 135 1.25
92 136 0.3125
92 137 0.0625
93 134 1.3125
93 135 0.125
93 168 0.0625
94 133 1.1875
94 134 0.25
95 124 0.0625
95 134 0.125
96 100 0.625
96 101 0.195312
96 104 0.0625
96 132 0.375
96 134 0.375
96 169 0.1875
96 189 0.125
97 100 0.976562
97 101 0.273438
98 101 0.78125
98 102 0.078125
99 102 0.78125
99 103 0.117188
99 177 0.0625
99 178 0.5625
99 179 0.125
99 180 0.25
100 103 0.820312
100 104 0.078125
100 134 0.5
100 171 0.0625
100 176 0.3125
100 177 0.0625
100 179 0.0625
100 189 0.0625
101 104 0.78125
101 105 0.15625
102 105 0.78125
102 106 0.078125
102 180 0.0625
103 106 0.820312
103 107 0.078125
103 179 0.375
103 180 0.375
103 186 0.375
103 189 0.0625
104 107 0.78125
104 108 0.15625
104 132 0.0625
104 189 0.0625
105 108 0.703125
105 109 0.078125
105 121 0.125
106 109 0.78125
106 110 0.078125
106 186 0.25
107 110 0.898438
107 111 0.0390625
107 186 0.1875
107 189 0.1875
107 190 0.3125
107 193 0.125
108 111 0.78125
108 112 0.0390625
108 119 0.3125
108 193 0.1875
109 112 0.820312
109 113 0.195312
109 282 0.75
110 113 0.703125
110 114 0.078125
110 248 0.125
110 249 0.1875
110 284 0.0625
111 114 0.742188
111 115 0.0390625
111 117 0.0625
111 190 0.5
111 193 0.1875
111 194 0.0625
111 197 0.125
111 199 0.125
111 249 0.1875
111 257 0.125
112 115 0.15625
112 117 0.125
112 264 0.1875
113 264 0.25
113 267 0.3125
113 268 0.125
113 282 0.5625
113 299 0.125
114 257 0.0625
114 258 0.25
114 262 0.0625
114 263 1.25
114 264 0.25
114 299 0.125
115 257 0.1875
115 261 1.0625
115 262 1.25
115 263 0.0625
115 264 0.25
116 261 0.25
116 262 0.25
116 263 0.25
116 264 0.25
117 197 0.0625
119 130 0.0625
122 126 0.1875
122 128 0.0625
123 126 0.375
129 164 0.0625
129 165 0.1875
130 165 1.3125
131 165 0.0625
131 166 1.1875
131 167 0.375
132 167 1.375
132 169 0.1875
132 193 0.1875
133 167 0.0625
133 168 1.4375
133 169 0.125
134 168 0.125
134 169 1.3125
134 171 0.4375
134 176 0.0625
135 144 0.0625
135 147 0.25
135 150 0.3125
135 168 0.25
135 169 0.5625
135 170 1.5
135 171 0.0625
136 143 1.5
136 144 0.125
136 172 0.375
137 140 0.1875
137 141 0.1875
137 142 1.4375
137 143 0.25
137 144 0.0625
138 142 1.3125
139 142 1.0625
143 172 0.25
144 147 0.375
144 170 0.375
144 172 0.25
145 172 0.1875
145 173 0.125
146 170 0.0625
147 170 0.3125
147 173 0.1875
148 169 1.25
148 170 0.125
148 173 0.1875
148 175 0.25
148 176 0.125
148 184 0.125
148 188 0.1875
149 168 1.25
149 169 0.0625
149 188 0.0625
149 192 0.5
150 167 1.1875
150 168 0.75
150 192 0.375
151 166 1.25
151 167 0.125
151 192 0.125
151 195 0.0625
152 156 0.0625
152 163 0.25
152 164 1.25
152 165 0.0625
152 166 0.125
152 196 0.0625
153 156 0.25
153 164 0.0625
153 195 0.3125
153 198 0.0625
153 199 0.0625
154 195 0.0625
154 196 0.125
154 197 0.125
154 198 0.0625
155 162 0.125
156 161 0.0625
156 162 1.3125
156 163 1.25
157 161 1.25
157 162 0.125
158 161 0.375
158 163 0.25
163 166 0.125
167 192 0.0625
167 196 0.0625
169 176 0.0625
169 189 0.25
169 192 0.25
170 173 0.25
170 176 0.25
171 177 0.0625
173 176 0.78125
173 177 0.0390625
174 177 0.820312
174 178 0.15625
174 182 0.6875
175 178 0.742188
175 179 0.117188
175 182 0.375
175 184 0.25
175 185 0.25
176 179 0.078125
176 189 0.0625
178 181 1.3125
178 182 0.25
179 182 0.25
179 186 0.0625
179 189 0.25
182 185 0.703125
183 186 0.78125
183 187 0.078125
183 244 0.4375
183 245 0.125
184 187 0.820312
184 188 0.195312
184 224 0.125
184 245 0.3125
185 188 0.78125
185 189 0.15625
186 189 0.78125
186 190 0.0390625
186 247 0.0625
186 283 0.5
186 284 0.0625
187 190 0.78125
187 191 0.078125
187 224 0.25
187 228 0.125
187 245 0.375
187 246 0.4375
188 191 0.78125
188 192 0.117188
189 192 0.703125
189 193 0.15625
190 193 0.78125
190 194 0.0390625
190 228 0.125
190 247 0.25
190 249 0.0625
191 194 0.742188
191 195 0.195312
191 201 0.125
191 228 0.3125
191 229 0.4375
192 195 0.820312
192 196 0.0390625
193 196 0.78125
193 197 0.15625
194 197 0.78125
194 198 0.742188
194 199 0.820312
195 198 0.703125
195 199 0.234375
195 200 0.15625
195 201 0.15625
195 229 0.25
197 260 0.0625
197 261 0.25
199 256 0.0625
199 260 0.0625
200 229 0.125
201 205 0.5
201 206 0.0625
201 229 0.25
201 231 0.4375
202 205 0.125
202 219 0.3125
202 222 0.4375
202 229 0.1875
202 230 0.0625
203 222 0.0625
205 212 0.0625
205 222 0.3125
205 230 0.1875
205 231 0.375
205 232 0.25
206 209 0.1875
206 212 0.0625
206 231 0.4375
207 231 0.3125
209 212 0.0625
211 216 0.0625
212 216 0.3125
212 232 0.3125
213 216 0.25
213 232 0.6875
214 217 0.5625
214 220 0.375
214 222 0.125
214 223 0.0625
214 232 0.375
214 236 0.375
217 222 0.3125
217 232 0.125
219 222 0.125
220 237 0.0625
221 226 0.625
222 230 0.4375
222 232 0.1875
223 226 1.25
223 227 1.25
223 230 0.4375
223 232 1.3125
223 233 0.125
223 236 0.0625
223 237 0.3125
224 227 0.125
224 230 0.125
224 231 0.3125
224 232 0.1875
224 234 0.1875
224 245 0.125
224 250 0.0625
225 234 0.1875
225 237 0.375
225 238 0.125
225 239 0.0625
225 325 0.25
225 333 0.0625
226 237 0.1875
226 250 1.3125
226 251 1.125
226 252 1.5
226 325 0.1875
227 230 0.0625
227 250 0.1875
227 253 0.8125
228 248 0.1875
228 253 0.25
229 253 0.0625
232 236 0.125
233 236 0.4375
234 237 1.25
234 238 1.1875
234 239 1.5
234 240 0.375
234 241 0.25
235 238 0.0625
235 239 0.1875
238 332 0.0625
239 332 1.3125
240 331 1.3125
240 332 0.1875
241 244 0.375
241 295 0.1875
241 331 0.25
241 332 0.0625
241 334 0.125
244 293 0.0625
244 295 0.0625
246 250 0.1875
246 295 0.0625
248 284 0.25
249 253 0.3125
249 254 0.078125
249 297 0.0625
250 253 0.9375
250 254 0.15625
250 297 0.1875
251 254 0.742188
251 325 0.125
251 337 0.0625
251 338 0.0625
252 255 0.78125
252 256 0.078125
253 256 0.78125
253 257 0.117188
254 257 0.742188
254 258 0.3125
254 297 0.125
254 338 0.0625
255 258 0.664062
255 259 0.078125
256 259 0.78125
256 260 0.0390625
257 260 0.78125
257 261 0.078125
258 261 0.742188
258 262 0.195312
258 263 0.195312
258 299 0.4375
263 299 0.125
264 267 0.375
264 299 0.25
265 269 0.0625
265 301 0.1875
267 299 0.1875
267 300 1.125
267 301 0.125
268 272 0.1875
268 274 0.125
268 282 0.0625
268 285 0.125
268 299 0.25
268 300 1.3125
268 301 1.0625
268 302 0.0625
269 301 0.25
269 302 1.625
269 303 0.0625
270 302 0.1875
270 303 0.125
270 305 0.0625
271 279 0.1875
271 303 0.3125
271 304 1.6875
271 305 0.0625
272 279 0.4375
272 280 0.0625
272 300 0.125
272 305 1.5
272 306 0.125
273 276 0.0625
273 277 0.1875
273 278 1.4375
273 279 0.125
273 280 0.0625
273 306 1.1875
273 308 0.0625
274 285 1.4375
274 296 0.0625
274 299 0.0625
274 300 0.375
274 306 0.25
274 307 1.25
274 308 0.25
275 278 0.0625
275 285 0.125
275 286 1.3125
275 287 0.3125
275 308 1.1875
275 309 0.0625
276 287 0.5625
276 288 0.125
276 289 0.3125
276 308 0.4375
276 309 0.0625
276 310 0.25
276 311 0.4375
276 312 0.25
277 308 0.0625
278 285 0.125
278 286 0.1875
280 285 0.1875
280 286 0.0625
282 285 1.375
282 286 0.1875
283 286 0.0625
284 296 0.0625
285 296 0.1875
286 292 0.0625
286 294 0.125
287 292 0.6875
287 294 0.0625
287 312 0.1875
288 292 0.0625
289 292 0.3125
289 312 0.0625
290 293 0.1875
290 311 0.25
290 312 0.75
290 313 0.1875
292 312 0.3125
293 312 0.1875
293 329 0.25
293 331 0.0625
294 312 0.125
294 331 0.0625
294 334 0.1875
295 331 0.0625
295 334 1.25
296 334 0.0625
296 335 1.25
296 336 0.125
297 336 1.375
298 307 0.0625
298 336 0.125
298 337 1.0625
298 338 0.125
298 341 0.0625
299 338 0.0625
299 339 0.0625
299 341 0.25
300 305 0.5625
300 341 0.1875
302 305 0.125
303 344 0.1875
304 344 0.375
304 345 0.25
305 342 0.0625
305 343 1.125
305 344 1.5625
305 345 0.375
306 345 1.4375
306 347 0.0625
307 335 0.0625
307 337 0.1875
307 343 0.125
307 345 0.125
307 346 1.1875
307 347 0.0625
308 347 1.125
309 312 0.125
309 316 0.1875
309 318 0.0625
309 328 0.375
309 347 1.25
309 348 1.1875
309 349 0.0625
310 347 0.0625
310 348 0.1875
310 349 0.1875
312 316 0.25
312 328 0.125
312 329 0.375
312 349 1.1875
312 350 0.0625
313 350 1.25
313 351 0.0625
314 329 0.0625
314 330 0.0625
314 350 1.0625
314 351 0.0625
314 353 0.0625
315 351 0.25
315 352 1.6875
315 353 0.25
316 327 1.25
316 328 0.4375
316 329 0.0625
316 348 0.0625
316 349 0.0625
316 352 0.0625
316 353 1.5625
316 354 0.0625
317 326 1.375
317 327 0.4375
317 354 1.25
318 326 0.3125
318 346 0.0625
318 354 0.125
318 355 1.1875
318 356 0.1875
319 324 0.5
319 325 0.0625
319 326 0.0625
319 337 0.0625
319 356 1.25
320 324 0.0625
320 337 0.1875
320 343 0.0625
320 344 0.125
320 346 0.0625
320 356 0.1875
320 358 0.3125
320 364 0.0625
321 324 0.3125
321 337 0.125
321 356 0.0625
321 357 0.125
321 358 0.125
322 337 1.25
322 338 1.125
322 339 0.1875
322 340 0.25
322 341 0.0625
323 337 0.125
323 338 0.0625
323 339 0.1875
324 335 0.0625
324 336 1.25
325 333 0.25
325 335 1.25
325 336 0.125
326 332 1.0625
326 333 1.1875
326 334 1.125
326 335 0.1875
327 331 1.25
327 332 0.1875
327 333 0.0625
327 334 0.3125
328 331 0.25
328 334 0.4375
328 335 0.1875
331 334 0.6875
337 341 0.1875
338 341 0.125
343 358 0.125
344 362 1.5
345 362 0.0625
345 363 1.4375
346 355 0.0625
346 363 0.0625
346 364 1.1875
346 365 0.0625
347 355 0.0625
347 365 1.25
348 353 0.1875
348 365 0.0625
348 366 0.125
349 353 0.125
349 366 0.0625
349 367 1.125
349 368 0.0625
350 368 1.5
350 369 0.0625
351 368 0.0625
351 369 0.0625
351 371 0.0625
352 369 0.25
352 370 1.5625
352 371 0.25
353 366 0.0625
353 371 1.5
353 372 0.125
354 372 1.1875
355 364 0.0625
355 365 0.0625
355 366 0.0625
355 372 0.125
355 373 1.1875
355 374 0.125
356 374 1.25
357 362 0.25
357 374 0.0625
357 375 0.0625
358 362 0.375
358 375 0.0625
358 376 1.0625
358 377 0.0625
359 377 1.375
360 377 0.125
360 380 0.0625
361 378 0.25
361 379 0.4375
361 380 0.25
362 375 0.0625
362 380 1.625
362 381 0.125
363 381 1.1875
364 373 0.1875
364 374 0.125
364 375 0.0625
364 381 0.0625
364 382 1.25
364 383 0.25
365 383 1.3125
366 371 0.5
366 383 0.0625
366 384 1.125
367 371 0.125
367 384 0.0625
367 385 1.1875
367 386 0.0625
368 371 0.125
368 386 1.1875
369 386 0.1875
369 387 0.0625
369 389 0.0625
370 387 0.25
370 388 0.4375
370 389 0.25
371 384 0.0625
371 389 1.5625
371 390 0.125
372 390 1.1875
372 392 0.0625
373 383 0.0625
373 390 0.125
373 391 1.1875
373 392 0.25
374 392 0.1875
374 394 0.125
375 380 0.5
376 380 0.125
376 398 0.5625
377 380 0.1875
378 398 0.125
378 405 0.0625
379 403 0.0625
379 404 0.0625
379 405 0.25
380 405 1.6875
380 406 0.0625
381 406 1.1875
381 408 0.125
382 391 0.1875
382 406 0.1875
382 407 1.1875
382 408 0.125
383 391 0.125
383 408 0.625
383 409 0.625
384 389 0.625
384 391 0.0625
384 409 0.3125
385 389 0.125
385 409 0.0625
385 411 0.0625
386 389 0.1875
387 411 0.0625
387 414 0.0625
387 415 0.0625
388 414 0.1875
388 415 0.1875
389 415 1.5
389 416 0.0625
390 416 1.1875
390 418 0.0625
390 485 0.0625
391 407 0.3125
391 415 0.0625
391 416 0.1875
391 417 1.25
391 418 0.1875
392 418 1.3125
393 398 0.0625
393 405 0.0625
393 417 0.0625
393 418 0.125
393 421 0.0625
393 470 0.3125
393 472 0.1875
394 398 0.1875
394 421 0.5
394 422 0.4375
395 398 0.4375
395 422 0.3125
395 470 0.125
396 399 1.25
396 400 0.0625
396 469 0.1875
396 470 0.125
398 405 0.0390625
399 403 0.664062
399 404 0.078125
399 405 0.117188
399 470 1.4375
399 471 0.25
399 472 0.0625
400 403 0.78125
400 404 0.078125
400 469 0.0625
401 468 0.0625
401 469 0.1875
401 471 0.1875
404 471 0.25
404 473 0.125
405 472 1.125
405 473 0.0625
406 455 0.125
406 473 1.875
406 475 0.125
407 474 1.25
407 475 0.1875
408 475 0.1875
409 415 0.0625
409 475 1.0625
410 415 0.8125
410 417 0.0625
410 474 0.125
410 475 0.1875
410 477 0.125
410 483 0.3125
411 414 1.4375
411 415 0.5
411 477 1.0625
412 477 0.25
412 478 0.0625
412 479 0.0625
412 483 0.375
413 483 0.0625
415 483 0.1875
416 482 0.1875
416 483 1.25
416 485 0.0625
417 474 0.0625
417 483 0.1875
417 484 1.25
417 485 0.1875
418 485 1.5625
419 422 0.859375
419 485 1.3125
419 486 0.0625
420 423 0.78125
420 424 0.15625
420 485 0.0625
420 486 0.4375
421 424 0.78125
421 425 0.234375
422 425 0.78125
422 426 0.078125
422 431 0.0390625
422 462 0.1875
423 426 0.78125
423 427 0.742188
423 428 0.273438
423 429 0.234375
423 430 0.0390625
423 431 0.234375
423 432 0.117188
423 486 0.4375
424 427 0.117188
426 431 0.25
428 431 0.0625
431 442 0.125
431 443 0.3125
431 462 0.0625
432 443 1.25
432 460 0.0625
433 442 0.0625
433 443 0.5625
433 444 1.4375
433 445 0.1875
434 445 1.6875
434 458 0.0625
434 480 0.1875
434 484 0.3125
435 444 0.25
435 445 0.1875
435 446 0.125
436 446 0.125
437 444 0.0625
438 444 0.6875
438 445 0.0625
438 446 0.5
438 459 0.25
438 468 0.1875
439 444 0.5625
440 444 0.0625
440 461 0.1875
440 464 1.25
440 465 0.1875
441 444 0.5
441 461 0.25
441 464 0.0625
442 461 1.25
442 462 0.0625
442 463 0.125
442 464 0.125
443 461 1.125
444 459 0.0625
444 460 1.25
445 459 1.25
445 460 0.0625
446 457 0.0625
446 458 1.1875
446 459 0.25
447 456 0.0625
447 457 1.25
447 458 0.1875
447 480 0.0625
448 455 0.0625
448 456 1.25
448 457 0.25
449 454 0.6875
449 455 1.5
449 456 0.0625
449 476 0.125
449 477 0.125
450 453 1.375
450 454 1.1875
450 455 0.1875
454 475 1.3125
454 476 0.125
455 474 1.375
455 476 1.0625
456 472 0.0625
456 473 1.1875
456 474 0.3125
456 476 0.1875
456 477 0.125
457 472 1.1875
457 473 0.25
458 470 0.0625
458 471 1.3125
458 472 0.25
458 484 0.0625
459 470 1.25
459 471 0.0625
460 468 1.3125
460 469 1.125
460 470 0.4375
461 464 0.5625
461 465 0.4375
461 467 0.0625
461 468 0.0625
461 469 0.3125
462 469 0.375
463 469 0.0625
465 469 0.0625
474 478 0.0625
478 483 0.4375
478 484 0.0625
479 482 1.5
479 483 0.5
480 484 0.125
