nresidues = 397
2 299 0.126255
2 304 0.505019
2 325 0.252509
2 392 0.378764
2 393 2.14633
3 392 2.65135
3 393 0.505019
4 316 1.3888
4 328 0.252509
4 361 0.252509
4 391 3.03011
4 392 0.883783
5 390 3.03011
5 391 1.13629
6 389 2.52509
6 390 0.378764
7 370 0.631274
7 389 2.7776
7 390 0.126255
7 391 0.378764
8 50 0.126255
8 336 0.126255
8 388 2.39884
8 389 0.757528
9 50 0.252509
9 334 0.378764
9 335 1.13629
9 336 0.252509
9 387 2.52509
9 388 0.252509
10 13 0.126255
10 40 0.252509
10 335 0.252509
10 386 2.52509
10 387 0.505019
11 51 0.252509
11 335 0.252509
11 340 2.90386
11 385 2.27259
12 51 0.252509
12 339 0.378764
12 340 0.378764
12 341 0.252509
12 385 2.52509
13 38 0.505019
13 40 0.252509
13 385 0.252509
13 387 0.126255
14 18 0.631274
14 30 0.883783
14 32 0.883783
14 34 0.378764
14 36 0.252509
14 37 0.126255
14 38 0.757528
14 385 0.631274
15 32 0.126255
15 34 0.505019
15 385 0.505019
16 32 0.631274
16 33 0.252509
16 34 0.252509
16 385 0.631274
17 32 2.7776
17 33 0.126255
17 357 0.378764
17 383 0.126255
18 30 0.126255
18 31 2.52509
18 357 0.631274
18 381 0.631274
18 385 0.505019
18 386 0.252509
19 31 2.14633
19 32 0.252509
19 33 0.126255
19 64 0.126255
19 65 0.252509
19 88 0.252509
19 357 0.631274
19 358 0.126255
20 30 2.52509
20 31 0.252509
20 65 0.252509
20 66 0.631274
20 67 0.631274
20 358 0.883783
21 28 0.126255
21 29 2.65135
21 358 0.126255
21 360 0.126255
21 379 0.126255
21 381 0.126255
22 28 2.65135
22 29 1.01004
22 67 0.126255
22 68 0.757528
22 69 0.126255
22 360 0.378764
23 27 2.52509
23 28 0.126255
23 69 0.505019
23 362 0.252509
23 366 0.631274
24 27 1.01004
24 42 0.126255
24 69 0.126255
24 71 0.757528
24 366 1.89382
25 42 0.505019
25 43 0.883783
25 71 0.631274
25 365 0.126255
25 366 1.64131
26 41 2.52509
26 42 0.631274
26 71 0.378764
26 99 0.126255
27 39 0.505019
27 40 2.7776
27 41 0.126255
27 42 1.13629
27 69 0.126255
27 81 0.252509
27 97 0.631274
28 38 0.126255
28 39 2.52509
28 40 1.13629
28 42 0.505019
28 362 0.126255
28 379 0.126255
28 387 0.126255
28 389 1.01004
29 38 2.65135
29 67 0.126255
30 37 2.52509
30 38 0.378764
30 40 0.252509
31 36 2.52509
31 37 0.126255
31 64 2.7776
31 65 0.252509
31 66 0.378764
31 67 0.252509
32 35 2.27259
32 63 2.52509
32 64 2.90386
33 62 2.14633
33 63 0.505019
34 63 0.126255
35 58 2.65135
35 59 2.52509
35 60 0.378764
35 63 0.126255
35 64 0.126255
36 56 0.378764
36 57 3.03011
36 58 1.01004
36 64 0.252509
37 55 0.126255
37 56 2.52509
37 57 0.505019
37 59 0.252509
37 67 0.126255
37 95 0.126255
38 55 2.7776
38 56 0.252509
39 54 2.52509
39 55 0.378764
39 108 0.252509
40 50 0.378764
40 51 0.126255
40 53 2.27259
40 54 0.505019
40 387 0.378764
40 389 0.631274
41 44 0.126255
41 53 0.378764
41 99 0.757528
41 367 0.126255
42 362 0.252509
42 366 0.252509
42 367 3.28262
42 368 0.378764
43 365 0.126255
43 366 0.631274
43 368 2.27259
44 48 0.378764
44 50 0.252509
44 53 0.126255
44 368 2.39884
44 369 0.126255
44 370 0.126255
45 48 0.757528
45 53 0.126255
45 370 0.126255
46 369 0.505019
46 370 0.631274
48 53 1.01004
49 52 3.15637
49 337 0.252509
50 53 2.52509
50 54 0.126255
50 389 0.126255
51 54 0.631274
51 340 0.505019
55 104 0.252509
55 105 0.252509
55 106 0.757528
55 108 0.126255
57 95 0.252509
57 108 2.02008
58 61 0.126255
59 64 0.378764
59 93 0.252509
59 95 0.883783
60 63 0.126255
60 89 0.883783
60 91 0.126255
62 87 0.505019
62 88 0.883783
62 89 0.505019
63 87 2.52509
63 88 0.252509
64 85 0.505019
64 86 2.7776
64 87 0.252509
65 86 3.66139
65 87 0.757528
65 88 0.883783
65 123 0.126255
65 124 2.02008
66 85 2.7776
66 86 0.631274
66 124 0.883783
66 125 0.378764
67 83 0.126255
67 84 2.65135
68 82 0.126255
68 83 2.39884
68 84 0.252509
68 126 0.126255
68 127 1.13629
68 128 1.3888
69 81 0.126255
69 82 2.65135
69 83 0.126255
69 128 0.883783
70 80 0.126255
70 81 2.52509
70 82 0.505019
70 128 0.631274
70 130 0.126255
70 138 0.252509
70 154 0.252509
71 79 0.252509
71 80 2.65135
72 78 0.126255
72 79 2.14633
72 80 1.01004
72 138 0.126255
73 78 2.14633
74 77 2.14633
74 78 0.378764
74 156 0.126255
74 157 0.505019
74 168 0.252509
75 157 0.126255
75 163 0.757528
75 166 0.505019
78 166 0.631274
78 168 1.01004
79 96 0.126255
79 97 0.126255
79 168 0.126255
80 168 0.378764
81 95 0.126255
81 96 2.52509
81 97 0.883783
82 94 0.126255
82 95 2.7776
82 111 0.126255
82 128 0.631274
82 154 0.252509
83 93 0.126255
83 94 2.39884
83 95 0.505019
83 97 0.252509
83 128 0.126255
84 93 2.39884
84 94 0.252509
84 126 0.378764
84 128 0.378764
85 91 0.126255
85 92 2.39884
85 93 0.757528
85 126 0.378764
86 91 2.65135
86 92 0.126255
86 123 0.126255
86 124 0.505019
86 126 0.252509
87 90 2.39884
87 91 0.505019
88 124 0.126255
90 121 0.126255
90 122 3.03011
90 123 0.631274
92 114 0.126255
92 123 0.126255
92 152 0.126255
94 109 0.126255
94 110 2.65135
94 111 0.378764
94 113 0.252509
94 114 0.126255
94 140 0.252509
94 172 0.126255
95 109 2.90386
95 110 0.757528
96 107 0.126255
96 108 2.52509
96 109 0.631274
96 168 0.631274
97 106 0.126255
97 107 2.39884
97 108 0.252509
98 105 0.126255
98 106 2.65135
98 107 0.757528
99 104 1.01004
99 105 2.52509
100 103 3.28262
100 105 0.631274
111 170 0.126255
112 119 0.505019
113 170 0.126255
113 172 0.126255
114 119 0.126255
114 152 0.252509
114 172 0.126255
115 118 2.90386
115 119 0.378764
116 119 2.39884
116 120 0.126255
117 120 0.505019
118 121 0.631274
118 123 0.505019
118 150 0.252509
118 152 0.252509
118 174 0.126255
121 150 1.26255
122 144 2.65135
122 145 0.883783
123 143 2.7776
123 144 0.126255
123 150 0.252509
123 152 0.126255
124 143 2.52509
124 187 1.13629
124 188 0.252509
124 189 0.757528
125 142 2.65135
125 143 0.505019
125 189 0.126255
125 190 0.126255
125 191 0.126255
126 141 2.65135
127 140 2.65135
127 141 0.631274
127 192 0.126255
128 139 2.65135
128 140 0.252509
129 138 2.52509
129 139 0.631274
129 193 0.126255
130 138 0.505019
131 138 0.378764
132 195 0.126255
137 153 0.126255
137 154 0.126255
137 155 0.252509
138 153 2.52509
138 154 0.252509
139 152 2.7776
139 153 0.505019
140 150 0.126255
140 151 2.39884
140 152 0.757528
140 172 0.126255
141 150 2.52509
141 191 0.126255
142 148 0.126255
142 149 2.65135
142 150 0.505019
142 152 0.126255
143 148 2.52509
143 188 0.631274
143 191 0.126255
143 201 0.126255
144 147 0.631274
144 148 0.883783
144 150 0.757528
144 188 0.126255
145 187 0.757528
146 185 0.378764
146 186 2.39884
147 179 2.14633
147 180 0.378764
147 185 0.126255
147 186 0.126255
147 203 0.378764
148 177 0.126255
148 178 2.52509
148 179 0.252509
149 177 2.7776
149 178 0.378764
149 201 0.631274
150 176 2.39884
150 177 0.252509
151 174 2.65135
151 175 2.65135
151 176 0.378764
151 199 0.126255
151 213 0.126255
151 216 0.252509
152 172 0.126255
152 173 2.90386
152 174 0.631274
152 175 0.126255
153 172 2.52509
153 173 0.631274
153 175 1.26255
154 170 0.252509
154 171 2.52509
154 172 0.252509
155 169 2.14633
155 170 2.52509
155 171 0.757528
155 173 0.631274
156 168 2.52509
156 169 2.7776
156 170 0.378764
157 162 0.157818
157 163 0.710182
157 166 0.378764
157 167 0.378764
157 168 0.757528
157 169 3.03011
158 162 0.157818
158 169 0.631274
158 171 0.126255
159 162 1.97273
159 163 0.157818
160 163 1.736
160 164 0.315637
161 164 1.42037
161 165 0.0789092
162 165 1.57818
162 166 1.49928
162 167 0.552365
162 169 0.378764
163 166 0.157818
175 216 0.378764
176 216 0.378764
178 209 0.126255
178 211 0.505019
178 216 0.126255
179 209 0.252509
180 185 0.505019
180 203 0.252509
180 209 0.126255
181 203 0.252509
181 209 1.01004
181 221 0.252509
182 185 0.252509
182 186 0.252509
182 203 0.378764
182 205 0.252509
182 207 0.126255
186 203 0.378764
186 204 0.378764
186 205 0.757528
187 203 2.65135
187 204 0.505019
188 201 0.126255
188 202 2.52509
188 203 0.252509
189 202 2.52509
189 203 0.126255
189 204 0.126255
189 234 0.126255
189 235 0.505019
190 201 2.7776
190 202 0.505019
190 235 0.126255
190 236 0.252509
190 237 0.126255
190 238 0.252509
191 200 2.65135
191 201 0.126255
191 238 0.378764
192 199 2.52509
192 200 0.126255
192 238 0.252509
192 239 0.378764
192 240 0.883783
193 198 2.65135
193 213 0.126255
193 240 0.378764
194 197 0.126255
194 198 0.631274
194 240 0.757528
196 241 0.505019
196 242 1.01004
196 243 0.757528
196 244 0.883783
197 212 2.52509
197 213 0.631274
198 210 0.126255
198 211 2.65135
198 219 0.126255
198 240 0.883783
198 264 0.252509
199 209 0.126255
199 210 2.7776
199 211 0.505019
199 213 0.126255
199 240 0.631274
200 209 2.39884
200 210 0.252509
200 238 0.126255
200 240 0.252509
201 208 2.52509
201 209 0.378764
202 207 2.39884
202 235 0.378764
203 206 0.126255
203 207 0.505019
203 234 2.14633
203 235 0.378764
204 233 2.27259
204 234 1.13629
205 233 3.15637
206 223 2.39884
206 224 0.631274
206 233 0.126255
206 235 0.757528
207 222 2.7776
207 223 0.252509
207 235 0.126255
208 221 2.52509
208 222 1.26255
208 235 0.126255
209 218 0.252509
209 220 2.52509
209 221 0.252509
210 218 2.52509
210 219 2.52509
210 220 1.51506
210 247 0.126255
211 217 2.52509
211 218 0.126255
212 215 3.28262
212 216 2.39884
212 217 0.252509
213 216 0.126255
220 264 0.757528
220 265 0.126255
220 266 0.631274
220 267 0.378764
222 262 2.02008
224 235 0.126255
224 251 0.378764
224 262 0.126255
226 233 0.757528
231 254 0.883783
232 252 3.40888
232 253 2.14633
233 252 0.378764
234 251 2.52509
235 238 0.126255
235 249 0.252509
235 250 2.65135
235 251 0.126255
236 250 2.39884
236 252 1.01004
236 292 0.378764
236 293 0.378764
236 294 0.505019
237 249 2.39884
237 250 0.378764
237 295 0.378764
237 296 0.252509
238 247 0.126255
238 248 2.39884
238 249 0.378764
239 247 2.90386
239 248 0.505019
239 296 0.378764
239 298 0.505019
240 246 2.52509
240 298 0.631274
241 246 0.505019
241 298 0.631274
242 298 0.252509
242 299 0.126255
242 300 0.252509
242 301 0.378764
242 302 0.252509
243 301 0.505019
243 302 0.378764
243 303 0.126255
245 262 0.126255
245 263 2.7776
245 264 0.505019
246 261 0.126255
246 262 2.52509
246 270 0.126255
246 319 0.126255
247 260 0.126255
247 261 2.39884
247 262 0.631274
247 264 0.126255
248 260 2.39884
248 261 0.126255
248 296 0.252509
248 305 0.126255
249 258 0.126255
249 259 2.52509
249 260 0.505019
249 262 0.252509
249 296 0.126255
250 258 2.39884
250 293 0.378764
250 296 0.252509
251 257 2.27259
251 258 0.883783
251 259 0.126255
251 260 0.505019
252 256 2.39884
252 292 1.51506
253 256 1.01004
253 258 0.126255
253 287 0.252509
254 292 0.252509
255 290 0.126255
255 291 0.126255
255 292 0.631274
256 287 2.14633
256 289 2.65135
256 291 2.39884
256 292 0.252509
257 287 2.52509
257 288 2.52509
257 289 0.378764
257 291 0.252509
257 292 0.126255
257 293 0.505019
258 287 0.252509
258 293 0.126255
259 272 2.52509
259 273 0.126255
259 288 0.252509
259 293 0.126255
259 296 0.126255
259 307 0.252509
259 317 0.126255
260 269 0.252509
260 271 2.65135
261 269 2.52509
261 270 2.7776
261 271 0.378764
262 267 0.252509
262 268 3.03011
262 269 0.378764
262 270 0.378764
263 266 2.7776
263 267 3.03011
263 268 0.505019
263 270 0.252509
269 272 0.252509
270 322 0.126255
272 322 0.126255
273 287 2.14633
273 288 0.252509
273 305 0.126255
273 317 1.26255
273 322 0.378764
274 285 0.378764
274 286 0.252509
274 287 2.90386
274 317 0.883783
275 287 0.126255
275 288 0.126255
275 315 0.126255
275 317 0.126255
275 324 0.378764
288 315 0.505019
288 317 0.378764
289 293 0.126255
289 307 0.757528
289 308 0.252509
289 309 0.252509
289 311 1.26255
289 313 0.252509
289 315 1.26255
290 311 0.505019
291 310 0.883783
292 309 2.52509
292 310 0.757528
293 296 0.126255
293 307 0.126255
293 308 2.65135
294 308 2.39884
294 309 0.126255
294 310 0.126255
294 356 0.252509
294 357 0.126255
295 307 2.39884
295 308 0.378764
295 357 0.126255
295 358 0.505019
296 305 0.126255
296 306 2.39884
296 307 0.252509
297 305 2.7776
297 306 0.378764
297 359 0.126255
297 360 0.505019
297 361 0.631274
298 302 0.378764
298 304 2.52509
298 305 0.631274
298 361 0.883783
299 302 0.505019
299 303 0.378764
299 304 1.01004
299 361 1.13629
299 376 1.13629
300 363 0.505019
300 376 0.252509
302 319 0.252509
303 317 0.126255
303 318 2.52509
303 319 0.505019
304 317 2.65135
304 319 0.126255
305 315 0.126255
305 316 2.52509
305 317 0.631274
306 315 2.52509
306 316 0.505019
306 359 0.126255
306 361 0.126255
307 313 0.126255
307 314 2.65135
307 315 0.505019
307 317 0.505019
308 313 2.39884
308 314 0.252509
308 356 0.252509
308 359 0.126255
309 312 2.27259
309 313 0.126255
309 355 2.52509
309 356 0.505019
310 355 0.505019
310 357 0.378764
310 383 0.126255
311 315 0.126255
311 355 0.126255
312 329 2.39884
312 330 0.505019
312 354 0.252509
313 327 0.126255
313 328 2.52509
313 329 0.505019
314 327 2.52509
314 328 0.378764
314 356 0.126255
314 378 0.126255
314 380 0.126255
315 326 2.39884
315 327 0.505019
316 324 2.65135
316 325 2.52509
316 326 0.883783
316 328 0.252509
316 378 0.252509
317 323 2.90386
317 324 0.505019
317 325 0.378764
318 321 3.15637
318 322 2.39884
318 323 0.378764
318 325 0.378764
319 322 0.252509
324 327 0.378764
328 390 0.252509
329 334 0.126255
330 334 0.505019
330 352 0.126255
330 353 0.126255
330 354 0.252509
330 356 0.126255
330 380 0.126255
330 388 0.505019
330 390 0.378764
331 334 1.13629
331 351 2.14633
331 352 2.7776
331 354 0.252509
331 388 0.505019
332 335 0.252509
332 341 0.126255
332 342 0.126255
332 343 0.126255
332 351 0.505019
332 352 0.126255
332 384 0.252509
333 341 0.126255
334 388 0.505019
335 340 0.378764
335 341 0.252509
335 386 0.126255
337 340 3.03011
338 341 0.505019
342 351 0.505019
342 384 0.378764
342 385 0.505019
343 350 2.52509
343 351 0.378764
344 348 0.378764
344 349 2.90386
344 351 0.631274
345 348 0.631274
345 349 1.01004
345 351 0.126255
351 354 0.126255
351 383 0.252509
351 384 0.126255
354 383 0.252509
354 384 0.631274
355 382 2.52509
355 383 0.252509
356 380 0.126255
356 381 2.52509
357 381 2.52509
357 383 0.252509
358 380 2.52509
358 381 0.378764
359 378 0.378764
359 379 2.7776
359 380 0.126255
360 378 2.7776
360 379 0.378764
361 377 2.65135
361 378 0.757528
362 366 0.883783
362 367 0.126255
362 376 2.52509
362 377 0.883783
362 378 0.126255
363 366 1.3888
364 374 1.3888
364 375 2.39884
367 372 2.27259
367 373 0.378764
367 377 0.378764
367 389 1.89382
368 373 1.3888
369 372 0.252509
369 373 0.126255
370 391 0.252509
371 375 0.126255
371 391 0.505019
372 375 0.505019
372 391 0.252509
375 392 0.378764
376 391 2.14633
376 392 0.126255
377 390 2.65135
378 389 2.7776
378 390 0.631274
379 387 0.252509
379 388 2.65135
379 389 0.631274
380 387 2.52509
380 388 0.378764
380 390 0.126255
381 386 2.65135
381 387 0.252509
382 385 2.27259
382 386 0.126255
382 388 0.252509
384 388 0.378764
