nresidues = 168
7 25 0.0625
7 26 0.0625
8 23 0.125
8 24 1.25
8 25 0.0625
9 22 0.0625
9 23 1.1875
9 24 0.1875
9 26 0.0625
10 21 0.3125
10 22 1.25
10 23 0.625
10 75 0.0625
11 20 0.0625
11 21 1.25
11 22 0.6875
11 24 0.0625
11 71 0.0625
11 72 0.3125
11 74 0.0625
11 75 0.375
12 20 1.1875
12 75 1.625
12 76 0.0625
13 18 0.0625
13 19 1.25
13 20 0.3125
13 74 0.0625
13 77 1.25
14 17 0.25
14 18 1.375
14 77 0.125
14 78 1.25
14 79 0.25
15 18 0.3125
15 20 0.25
15 40 0.0625
15 79 1.25
16 79 0.125
16 80 0.25
16 81 0.3125
16 83 0.1875
16 84 0.125
20 38 0.125
22 37 0.0625
23 37 0.0625
24 33 0.0625
24 37 0.0625
24 71 0.0625
24 72 0.0625
25 28 0.1875
26 70 0.0625
28 32 0.117188
28 33 0.078125
28 36 0.0625
28 37 0.0625
28 70 1.1875
28 71 0.125
29 32 1.28906
29 33 0.078125
29 45 0.0625
29 48 0.3125
29 66 1.125
29 67 0.3125
29 69 1.3125
29 70 0.25
29 71 0.1875
30 33 0.78125
30 34 0.234375
30 57 0.0625
30 59 0.0625
30 66 1.4375
30 69 0.125
30 70 0.0625
30 71 0.0625
30 79 0.0625
31 34 0.78125
31 35 0.15625
31 66 0.4375
32 35 0.820312
32 36 0.78125
32 45 0.0625
33 36 0.742188
33 37 0.820312
33 38 0.117188
33 71 0.0625
34 37 0.664062
34 38 0.820312
34 39 0.78125
34 40 0.859375
34 57 0.0625
34 81 0.0625
35 38 0.664062
35 39 0.742188
35 40 0.117188
35 41 0.195312
35 43 0.3125
35 45 0.0625
40 83 0.4375
41 44 0.25
41 83 0.1875
42 82 0.1875
42 83 0.1875
42 111 0.0625
43 54 1.0625
43 55 0.125
43 57 0.0625
43 66 0.0625
43 81 0.0625
44 54 1.5
44 55 0.125
44 108 0.4375
45 48 0.125
45 52 0.0625
45 54 0.1875
45 108 0.125
46 52 0.1875
46 54 0.0625
47 50 0.0625
47 51 0.0625
47 52 0.0625
48 67 0.25
49 67 0.0625
49 68 0.1875
50 65 0.3125
50 68 0.125
51 65 0.0625
51 138 0.0625
52 65 0.125
52 138 0.125
52 139 1.25
52 140 0.3125
53 56 0.3125
53 65 0.25
53 112 0.0625
53 138 0.0625
53 139 0.125
54 111 1.0625
55 64 0.0625
55 65 1.25
55 66 0.4375
55 67 0.125
56 63 0.0625
56 64 1.25
56 65 0.1875
56 112 0.0625
56 115 0.1875
56 116 0.0625
56 139 0.0625
57 62 0.0625
57 63 1.1875
57 64 0.1875
57 66 0.0625
57 79 0.0625
57 80 1.125
58 61 0.0625
58 62 1.4375
58 63 0.1875
58 78 0.0625
58 79 1.1875
58 80 0.3125
58 115 0.0625
58 118 0.0625
59 62 0.3125
59 64 0.125
59 77 0.125
59 78 1.25
60 77 0.375
60 78 0.25
63 119 0.25
65 68 1.25
65 69 0.1875
65 138 0.25
66 69 0.125
69 73 0.25
70 73 1.625
71 74 0.125
72 75 0.0625
73 77 0.0625
74 77 0.1875
74 79 0.0625
80 118 0.25
81 84 0.0625
82 85 0.125
82 111 0.125
82 114 0.0625
85 92 0.0625
85 95 0.375
85 114 0.0625
85 118 0.125
85 167 0.0625
86 90 1.1875
86 95 0.125
87 90 0.125
91 95 0.390625
92 95 1.09375
92 96 0.078125
92 167 0.125
93 96 0.78125
93 97 0.078125
93 158 0.0625
93 161 0.0625
94 97 0.78125
94 98 0.15625
94 114 0.125
94 118 0.0625
95 98 0.78125
95 99 0.0390625
96 99 0.78125
96 100 0.390625
97 100 0.9375
97 101 0.234375
97 152 0.5
97 155 0.125
97 158 0.125
98 101 0.703125
98 102 0.78125
98 103 0.273438
98 114 0.125
98 152 0.125
99 102 0.0390625
100 155 0.375
101 148 0.25
101 151 0.3125
101 152 0.0625
101 155 0.3125
102 105 0.125
102 148 0.3125
103 144 0.0625
103 148 0.1875
103 149 0.25
104 110 0.125
104 144 0.0625
105 143 0.6875
105 144 0.0625
106 143 0.125
107 110 0.3125
109 112 0.742188
109 113 0.195312
109 140 0.0625
109 141 0.125
110 113 0.78125
110 114 0.15625
111 114 0.78125
111 115 0.0390625
112 115 0.78125
112 116 0.078125
112 139 0.3125
113 116 0.78125
113 117 0.078125
113 136 0.1875
113 139 0.25
113 140 0.125
113 141 0.0625
113 149 0.0625
114 117 0.820312
114 118 0.15625
115 118 0.742188
115 119 0.0390625
116 119 0.78125
116 120 0.15625
116 135 0.0625
116 136 0.1875
116 139 0.3125
117 120 0.78125
117 121 0.15625
117 153 0.125
118 121 0.78125
118 122 0.078125
118 167 0.4375
119 122 0.742188
120 123 0.78125
120 124 0.15625
120 127 0.0625
120 135 0.25
120 136 0.125
121 124 0.898438
121 125 0.078125
121 127 0.0625
121 153 0.0625
121 158 0.0625
121 167 0.0625
124 127 0.3125
124 131 0.0625
125 159 0.25
125 162 0.125
125 163 0.125
127 131 0.234375
127 132 0.078125
127 154 0.0625
128 131 1.13281
128 132 0.117188
129 132 0.78125
129 133 0.117188
129 147 0.125
129 150 0.5
129 151 0.3125
129 154 0.0625
130 133 0.78125
130 134 0.3125
131 134 0.820312
131 135 0.117188
132 135 0.78125
132 136 0.195312
132 150 0.0625
132 153 0.0625
132 154 0.0625
133 136 0.703125
133 137 0.078125
133 147 0.0625
133 150 0.1875
134 137 0.15625
136 139 0.1875
136 153 0.0625
139 146 0.125
140 146 0.375
141 144 0.1875
141 146 0.1875
144 149 0.0625
146 149 0.78125
146 150 0.0390625
147 150 0.820312
147 151 0.273438
148 151 0.976562
148 152 0.078125
149 152 0.78125
149 153 0.195312
150 153 0.78125
150 154 0.195312
151 154 0.859375
151 155 0.078125
152 155 0.078125
152 158 0.0625
153 158 0.0625
155 158 0.859375
156 159 0.78125
156 160 0.078125
157 160 0.78125
157 161 0.078125
158 161 0.820312
158 162 0.078125
158 167 0.0625
159 162 0.78125
159 163 0.195312
160 163 0.78125
160 164 0.546875
161 164 0.820312
161 165 0.78125
161 166 0.273438
161 167 0.117188
162 165 0.0390625
162 167 0.078125
