L	Ls	nvertices	F_L	F_L_constrained	rho_sum	nloops	regions
  0	  0	  0	           0	           0	           0	 0	[(0, 0)]
  1	  0	  0	           0	           0	           0	 0	[(0, 1)]
  2	  0	  0	           0	           0	           0	 0	[(0, 2)]
  3	  0	  0	           0	           0	           0	 0	[(0, 3)]
  4	  0	  2	   -0.257922	   -0.257922	    0.245663	 0	[(0, 4)]
  5	  0	  2	   -0.257922	   -0.257922	    0.245663	 0	[(0, 5)]
  6	  0	  2	   -0.257922	   -0.257922	    0.245663	 0	[(0, 6)]
  7	  0	  2	   -0.257922	   -0.257922	    0.245663	 0	[(0, 7)]
  8	  0	  2	   -0.257922	   -0.257922	    0.245663	 0	[(0, 8)]
  9	  0	  2	   -0.257922	   -0.257922	    0.245663	 0	[(0, 9)]
 10	  0	  2	   -0.257922	   -0.257922	    0.245663	 0	[(0, 10)]
 11	  0	  2	   -0.257922	   -0.257922	    0.245663	 0	[(0, 11)]
 12	  0	  2	   -0.257922	   -0.257922	    0.245663	 0	[(0, 12)]
 13	  0	  2	   -0.257922	   -0.257922	    0.245663	 0	[(0, 13)]
 14	  0	  5	   -0.257922	     7.68134	    0.504035	 2	[(0, 14)]
 15	  0	  7	   -0.257922	     9.64239	     3.34514	 2	[(0, 15)]
 16	  0	  9	   -0.257922	     10.8027	     5.09713	 2	[(0, 16)]
 17	  0	 11	   -0.257922	     11.2308	     6.70044	 2	[(0, 17)]
 18	  0	 12	   -0.257922	     11.4665	     8.35686	 2	[(0, 18)]
 19	  0	 14	   -0.257922	     11.2874	     10.7621	 2	[(0, 19)]
 20	  0	 16	   -0.257922	     12.6748	     12.2864	 2	[(0, 20)]
 21	  0	 18	   -0.257922	     10.6155	     14.5639	 2	[(0, 21)]
 22	  0	 19	   -0.257922	      10.075	     16.3424	 2	[(0, 22)]
 23	  0	 21	   -0.257922	     7.00219	     19.3709	 1	[(0, 23)]
 24	  0	 23	   -0.257922	     8.28433	     20.1383	 1	[(0, 24)]
 25	  0	 24	   -0.257922	      8.8407	     20.1357	 1	[(0, 25)]
 26	  0	 24	   -0.257922	      8.8407	     20.1357	 1	[(0, 26)]
 27	 17	  4	   -0.257922	      4.0872	    0.269272	 1	[(17, 27)]
 28	 17	  6	   -0.257922	     6.60469	     4.26038	 1	[(17, 28)]
 29	 17	  9	   -0.257922	      7.4322	     5.84918	 1	[(17, 29)]
 30	  0	 29	   -0.257922	     5.05097	      24.443	 2	[(0, 30)]
 31	  0	 30	   -0.257922	     3.78127	     25.3782	 2	[(0, 31)]
 32	  0	 31	   -0.257922	     2.84006	     26.3548	 2	[(0, 32)]
 33	  0	 32	   -0.257922	     3.19766	     26.8894	 2	[(0, 33)]
 34	  0	 32	   -0.257922	     3.19766	     26.8894	 2	[(0, 34)]
 35	  0	 34	   -0.257922	      3.7084	     26.8002	 2	[(0, 35)]
 36	  0	 34	   -0.257922	      3.7084	     26.8002	 2	[(0, 36)]
 37	  0	 34	   -0.257922	      3.7084	     26.8002	 2	[(0, 37)]
 38	  0	 34	   -0.257922	      3.7084	     26.8002	 2	[(0, 38)]
 39	  0	 34	   -0.257922	      3.7084	     26.8002	 2	[(0, 39)]
 40	  0	 34	   -0.257922	      3.7084	     26.8002	 2	[(0, 40)]
 41	  0	 34	   -0.257922	      3.7084	     26.8002	 2	[(0, 41)]
 42	  0	 34	   -0.257922	      3.7084	     26.8002	 2	[(0, 42)]
 43	 35	  2	   -0.257922	     5.11858	    0.241956	 1	[(35, 43)]
 44	 35	  3	   -0.257922	     5.23528	    0.249344	 1	[(35, 44)]
 45	 35	  7	   -0.257922	     4.46369	    0.257178	 1	[(35, 45)]
 46	 35	 10	   -0.257922	     9.30921	     5.17222	 1	[(35, 46)]
 47	 35	 10	   -0.257922	     9.30921	     5.17222	 1	[(35, 47)]
 48	 35	 10	   -0.257922	     9.30921	     5.17222	 1	[(35, 48)]
 49	 35	 10	   -0.257922	     9.30921	     5.17222	 1	[(35, 49)]
 50	 35	 10	   -0.257922	     9.30921	     5.17222	 1	[(35, 50)]
 51	 35	 10	   -0.257922	     9.30921	     5.17222	 1	[(35, 51)]
 52	 35	 10	   -0.257922	     9.30921	     5.17222	 1	[(35, 52)]
 53	 35	 10	   -0.257922	     9.30921	     5.17222	 1	[(35, 53)]
 54	 35	 12	   -0.257922	     9.04325	     5.43697	 1	[(35, 54)]
 55	 35	 12	   -0.257922	     9.04325	     5.43697	 1	[(35, 55)]
 56	 47	  4	   -0.257922	     4.39437	    0.452399	 1	[(47, 56)]
 57	 47	  7	   -0.257922	      4.6048	    0.476818	 1	[(47, 57)]
 58	 47	 10	   -0.257922	     8.86794	     5.81693	 1	[(47, 58)]
 59	 47	 11	   -0.257922	     8.25394	     7.62629	 1	[(47, 59)]
 60	 47	 13	   -0.257922	     9.32401	     8.39814	 1	[(47, 60)]
 61	 47	 14	   -0.257922	     9.34517	     8.92264	 1	[(47, 61)]
 62	 47	 15	   -0.257922	     9.64207	     8.83097	 1	[(47, 62)]
 63	 60	  2	   -0.257922	     3.71552	    0.298356	 1	[(60, 63)]
 64	 60	  4	   -0.257922	     2.24852	    0.288983	 1	[(60, 64)]
 65	 60	  6	   -0.257922	     4.92608	     5.33851	 0	[(60, 65)]
 66	 60	  7	   -0.257922	     4.73767	     5.82125	 0	[(60, 66)]
 67	 60	  8	   -0.257922	     4.79677	     6.32837	 0	[(60, 67)]
 68	 60	  9	   -0.257922	     4.75115	     6.83744	 0	[(60, 68)]
 69	 60	 10	   -0.257922	     4.80854	     8.03891	 0	[(60, 69)]
 70	 60	 11	   -0.257922	     3.81384	     9.61904	 0	[(60, 70)]
 71	 60	 12	   -0.257922	     3.31961	     10.5838	 0	[(60, 71)]
 72	 60	 13	   -0.257922	     3.98505	     10.7212	 0	[(60, 72)]
 73	 60	 14	   -0.257922	     3.83349	     11.3703	 0	[(60, 73)]
 74	 60	 15	   -0.257922	     3.90859	      11.782	 0	[(60, 74)]
 75	 60	 16	   -0.257922	     4.19393	     13.2591	 0	[(60, 75)]
 76	 60	 17	   -0.257922	     4.04896	     15.0708	 0	[(60, 76)]
 77	 60	 18	   -0.257922	     4.01544	     16.0889	 0	[(60, 77)]
 78	 60	 19	   -0.257922	     3.97727	     17.0501	 0	[(60, 78)]
 79	 60	 20	   -0.257922	     4.51054	     16.4558	 0	[(60, 79)]
 80	 60	 20	   -0.257922	     4.51054	     16.4558	 0	[(60, 80)]
 81	 60	 20	   -0.257922	     4.51054	     16.4558	 0	[(60, 81)]
 82	 60	 20	   -0.257922	     4.51054	     16.4558	 0	[(60, 82)]
 83	 60	 20	   -0.257922	     4.51054	     16.4558	 0	[(60, 83)]
 84	 60	 22	   -0.257922	     4.25049	     16.7053	 0	[(60, 84)]
 85	 60	 22	   -0.257922	     4.25049	     16.7053	 0	[(60, 85)]
 86	 60	 22	   -0.257922	     4.25049	     16.7053	 0	[(60, 86)]
 87	 84	  2	   -0.257922	     3.71356	    0.302665	 1	[(84, 87)]
 88	 84	  4	   -0.257922	      2.2517	    0.292366	 1	[(84, 88)]
 89	 84	  6	   -0.257922	     4.21363	     5.17974	 0	[(84, 89)]
 90	 84	  7	   -0.257922	     4.02747	     5.66361	 0	[(84, 90)]
 91	 84	  8	   -0.257922	     4.10553	     6.46663	 0	[(84, 91)]
 92	 84	  9	   -0.257922	     4.11564	     7.54444	 0	[(84, 92)]
 93	 84	 10	   -0.257922	     3.92214	     8.67587	 0	[(84, 93)]
 94	 84	 11	   -0.257922	     3.89782	       9.667	 0	[(84, 94)]
 95	 84	 12	   -0.257922	      3.8219	     10.6786	 0	[(84, 95)]
 96	 84	 13	   -0.257922	     3.83014	     11.5662	 0	[(84, 96)]
 97	 84	 14	   -0.257922	     4.32121	     10.8118	 0	[(84, 97)]
 98	 84	 14	   -0.257922	     4.32121	     10.8118	 0	[(84, 98)]
 99	 84	 14	   -0.257922	     4.32121	     10.8118	 0	[(84, 99)]
100	 84	 15	   -0.257922	     4.18902	     10.9688	 0	[(84, 100)]
101	 84	 17	   -0.257922	     4.24389	     10.3048	 0	[(84, 101)]
102	 84	 18	   -0.257922	     4.26769	     10.2007	 0	[(84, 102)]
103	 84	 19	   -0.257922	     4.25851	      10.246	 0	[(84, 103)]
104	 84	 20	   -0.257922	     11.6022	     15.5719	 1	[(84, 104)]
105	 84	 21	   -0.257922	     11.3462	     15.6109	 1	[(84, 105)]
106	 84	 22	   -0.257922	      12.001	     16.1998	 1	[(84, 106)]
107	 84	 22	   -0.257922	      12.001	     16.1998	 1	[(84, 107)]
108	104	  3	   -0.257922	     3.91182	    0.278779	 1	[(104, 108)]
109	104	  5	   -0.257922	     2.37545	    0.261385	 1	[(104, 109)]
110	104	  7	   -0.257922	     6.00934	     5.89064	 0	[(104, 110)]
111	104	  8	   -0.257922	     6.10145	     6.35575	 0	[(104, 111)]
112	104	  9	   -0.257922	     6.14088	     6.83568	 0	[(104, 112)]
113	104	 10	   -0.257922	     5.99448	     7.33143	 0	[(104, 113)]
114	104	 11	   -0.257922	     5.72801	     7.80666	 0	[(104, 114)]
115	104	 12	   -0.257922	     5.54911	     7.81102	 0	[(104, 115)]
116	104	 13	   -0.257922	     5.15623	     7.16901	 0	[(104, 116)]
117	104	 14	   -0.257922	     5.15429	     7.41076	 0	[(104, 117)]
118	104	 15	   -0.257922	     5.22195	     7.79167	 0	[(104, 118)]
119	104	 16	   -0.257922	     5.24777	     8.89951	 0	[(104, 119)]
120	104	 17	   -0.257922	     5.40467	     9.84045	 0	[(104, 120)]
121	104	 18	   -0.257922	     5.53186	     10.7333	 0	[(104, 121)]
122	104	 19	   -0.257922	      5.6639	     11.6011	 0	[(104, 122)]
123	104	 20	   -0.257922	     5.82763	     12.5318	 0	[(104, 123)]
124	104	 21	   -0.257922	     5.94649	      13.664	 0	[(104, 124)]
125	104	 22	   -0.257922	     6.01243	     14.4827	 0	[(104, 125)]
126	104	 23	   -0.257922	     6.26898	     14.1784	 0	[(104, 126)]
127	104	 23	   -0.257922	     6.26898	     14.1784	 0	[(104, 127)]
128	104	 24	   -0.257922	     8.60117	     13.7719	 1	[(104, 128)]
129	104	 24	   -0.257922	     8.60117	     13.7719	 1	[(104, 129)]
130	127	  2	   -0.257922	     3.70732	    0.316843	 1	[(127, 130)]
131	127	  4	   -0.257922	     2.24432	    0.292384	 1	[(127, 131)]
132	127	  6	   -0.257922	     4.68475	     5.28082	 0	[(127, 132)]
133	127	  7	   -0.257922	     4.70328	     5.80286	 0	[(127, 133)]
134	127	  8	   -0.257922	     4.79299	     6.34375	 0	[(127, 134)]
135	127	  9	   -0.257922	     4.61425	     6.84957	 0	[(127, 135)]
136	127	 10	   -0.257922	     4.61924	     8.34818	 0	[(127, 136)]
137	127	 11	   -0.257922	     4.63414	     9.17116	 0	[(127, 137)]
138	127	 12	   -0.257922	     5.06394	     8.56925	 0	[(127, 138)]
139	127	 12	   -0.257922	     5.06394	     8.56925	 0	[(127, 139)]
140	127	 12	   -0.257922	     5.06394	     8.56925	 0	[(127, 140)]
141	127	 13	   -0.257922	     4.85686	     8.79265	 0	[(127, 141)]
142	127	 13	   -0.257922	     4.85686	     8.79265	 0	[(127, 142)]
143	127	 13	   -0.257922	     4.85686	     8.79265	 0	[(127, 143)]
144	127	 13	   -0.257922	     4.85686	     8.79265	 0	[(127, 144)]
145	127	 13	   -0.257922	     4.85686	     8.79265	 0	[(127, 145)]
146	127	 13	   -0.257922	     4.85686	     8.79265	 0	[(127, 146)]
147	127	 13	   -0.257922	     4.85686	     8.79265	 0	[(127, 147)]
148	127	 13	   -0.257922	     4.85686	     8.79265	 0	[(127, 148)]
149	127	 13	   -0.257922	     4.85686	     8.79265	 0	[(127, 149)]
150	127	 13	   -0.257922	     4.85686	     8.79265	 0	[(127, 150)]
151	127	 13	   -0.257922	     4.85686	     8.79265	 0	[(127, 151)]
152	127	 15	   -0.257922	     4.59462	     9.04624	 0	[(127, 152)]
153	127	 15	   -0.257922	     4.59462	     9.04624	 0	[(127, 153)]
154	127	 15	   -0.257922	     4.59462	     9.04624	 0	[(127, 154)]
155	127	 15	   -0.257922	     4.59462	     9.04624	 0	[(127, 155)]
156	127	 17	   -0.257922	     4.44668	     9.22892	 0	[(127, 156)]
157	127	 19	   -0.257922	     4.48321	     9.17724	 0	[(127, 157)]
158	127	 19	   -0.257922	     4.48321	     9.17724	 0	[(127, 158)]
159	127	 20	   -0.257922	     4.35488	     9.29943	 0	[(127, 159)]
160	127	 20	   -0.257922	     4.35488	     9.29943	 0	[(127, 160)]
161	145	  8	   -0.257922	     10.7486	      3.2282	 2	[(145, 161)]
162	145	  9	   -0.257922	     10.4687	     3.60192	 2	[(145, 162)]
163	145	 10	   -0.257922	     8.14032	     5.96653	 2	[(145, 163)]
164	145	 12	   -0.257922	     5.10695	     7.96969	 2	[(145, 164)]
165	145	 13	   -0.257922	     4.60349	     9.54564	 2	[(145, 165)]
166	145	 16	   -0.257922	     1.78691	     12.6225	 1	[(145, 166)]
167	145	 18	   -0.257922	     1.71082	     14.5589	 1	[(145, 167)]
168	145	 20	   -0.257922	     1.16955	     16.4275	 1	[(145, 168)]
169	145	 22	   -0.257922	     2.17709	     16.7455	 1	[(145, 169)]
170	145	 23	   -0.257922	     2.62377	     16.5777	 1	[(145, 170)]
171	145	 23	   -0.257922	     2.62377	     16.5777	 1	[(145, 171)]
172	145	 23	   -0.257922	     2.62377	     16.5777	 1	[(145, 172)]
173	145	 24	   -0.257922	     7.28827	     16.7106	 2	[(145, 173)]
174	145	 24	   -0.257922	     7.28827	     16.7106	 2	[(145, 174)]
175	145	 24	   -0.257922	     7.28827	     16.7106	 2	[(145, 175)]
176	145	 25	   -0.257922	     11.1515	     16.8562	 3	[(145, 176)]
177	145	 25	   -0.257922	     11.1515	     16.8562	 3	[(145, 177)]
178	173	  4	   -0.257922	     4.04667	    0.267202	 1	[(173, 178)]
179	173	  6	   -0.257922	     2.21821	    0.272741	 1	[(173, 179)]
180	173	  8	   -0.257922	   -0.173017	    0.179377	 0	[(173, 180)]
181	173	  9	   -0.257922	     5.41217	     6.26579	 0	[(173, 181)]
182	173	 10	   -0.257922	     5.28412	     6.60477	 0	[(173, 182)]
183	173	 11	   -0.257922	     5.39465	      7.0156	 0	[(173, 183)]
184	173	 12	   -0.257922	     5.42641	     7.46264	 0	[(173, 184)]
185	173	 13	   -0.257922	      5.0278	     7.91895	 0	[(173, 185)]
186	173	 14	   -0.257922	     5.01039	     8.36469	 0	[(173, 186)]
187	173	 15	   -0.257922	     5.03726	     8.77479	 0	[(173, 187)]
188	173	 16	   -0.257922	     4.69615	     10.2264	 0	[(173, 188)]
189	173	 17	   -0.257922	     4.52965	     11.3607	 0	[(173, 189)]
190	173	 18	   -0.257922	     4.53686	     12.2763	 0	[(173, 190)]
191	173	 19	   -0.257922	     4.58474	     13.0746	 0	[(173, 191)]
192	173	 20	   -0.257922	     4.75554	     13.7149	 0	[(173, 192)]
193	173	 21	   -0.257922	     4.80878	     14.7011	 0	[(173, 193)]
194	173	 22	   -0.257922	     4.76236	     15.9852	 0	[(173, 194)]
195	173	 23	   -0.257922	     4.84045	     17.0176	 0	[(173, 195)]
196	173	 24	   -0.257922	     4.72816	     18.1264	 0	[(173, 196)]
197	173	 25	   -0.257922	     4.74576	     19.0447	 0	[(173, 197)]
198	173	 26	   -0.257922	     3.25981	     20.5329	 0	[(173, 198)]
199	173	 27	   -0.257922	     3.07481	     21.3599	 0	[(173, 199)]
200	173	 27	   -0.257922	     3.07481	     21.3599	 0	[(173, 200)]
201	173	 27	   -0.257922	     3.07481	     21.3599	 0	[(173, 201)]
202	173	 28	   -0.257922	      2.8777	     21.5534	 0	[(173, 202)]
203	173	 30	   -0.257922	     3.54275	     21.6618	 0	[(173, 203)]
204	173	 32	   -0.257922	     3.98123	     21.1129	 0	[(173, 204)]
205	173	 33	   -0.257922	     3.96739	     21.1244	 0	[(173, 205)]
206	173	 33	   -0.257922	     3.96739	     21.1244	 0	[(173, 206)]
207	173	 33	   -0.257922	     3.96739	     21.1244	 0	[(173, 207)]
208	173	 33	   -0.257922	     3.96739	     21.1244	 0	[(173, 208)]
209	173	 35	   -0.257922	     3.74371	     21.3335	 0	[(173, 209)]
210	173	 36	   -0.257922	     3.78106	     21.3259	 0	[(173, 210)]
211	173	 37	   -0.257922	     3.57868	     21.5363	 0	[(173, 211)]
212	173	 37	   -0.257922	     3.57868	     21.5363	 0	[(173, 212)]
213	173	 37	   -0.257922	     3.57868	     21.5363	 0	[(173, 213)]
214	173	 37	   -0.257922	     3.57868	     21.5363	 0	[(173, 214)]
215	173	 38	   -0.257922	     3.39889	     21.7166	 0	[(173, 215)]
216	173	 38	   -0.257922	     3.39889	     21.7166	 0	[(173, 216)]
217	173	 38	   -0.257922	     3.39889	     21.7166	 0	[(173, 217)]
218	173	 38	   -0.257922	     3.39889	     21.7166	 0	[(173, 218)]
219	173	 38	   -0.257922	     3.39889	     21.7166	 0	[(173, 219)]
220	217	  2	   -0.257922	     3.71356	    0.302665	 1	[(217, 220)]
221	217	  4	    -0.26332	    -0.26332	    0.286831	 0	[(217, 221)]
222	217	  6	    -0.26332	     4.92418	     5.33844	 0	[(217, 222)]
223	217	  7	    -0.26332	     4.93372	     5.84502	 0	[(217, 223)]
224	217	  8	    -0.26332	     4.90424	     6.35506	 0	[(217, 224)]
225	217	  9	    -0.26332	     4.98244	     6.85836	 0	[(217, 225)]
226	217	 10	    -0.26332	       4.892	     7.90263	 0	[(217, 226)]
227	217	 11	    -0.26332	     4.92477	     9.00482	 0	[(217, 227)]
228	217	 12	    -0.26332	     4.97054	     9.96401	 0	[(217, 228)]
229	217	 13	    -0.26332	     4.95096	     10.9248	 0	[(217, 229)]
230	217	 14	    -0.26332	     4.72868	     12.1292	 0	[(217, 230)]
231	217	 15	    -0.26332	     4.75009	     13.0695	 0	[(217, 231)]
232	217	 16	    -0.26332	     4.77773	     13.9673	 0	[(217, 232)]
233	217	 17	    -0.26332	     4.93363	     14.4901	 0	[(217, 233)]
234	217	 18	    -0.26332	      4.9005	     15.0465	 0	[(217, 234)]
235	217	 19	    -0.26332	     5.11881	     13.7792	 0	[(217, 235)]
236	217	 19	    -0.26332	     5.11881	     13.7792	 0	[(217, 236)]
237	145	 89	    -0.26332	     2.39546	     68.5553	 3	[(145, 237)]
238	145	 90	    -0.26332	    0.235124	     70.1054	 3	[(145, 238)]
239	145	 91	    -1.73046	    -1.73046	     71.2414	 3	[(145, 239)]
240	145	 92	    -3.48957	    -3.48957	     72.2357	 3	[(145, 240)]
241	145	 93	    -5.25641	    -5.25641	     73.2182	 3	[(145, 241)]
242	145	 94	     -6.8759	     -6.8759	     74.2085	 3	[(145, 242)]
243	145	 95	    -11.7719	    -11.7719	     75.2584	 3	[(145, 243)]
244	145	 96	    -13.1718	    -13.1718	      76.193	 3	[(145, 244)]
245	145	 97	    -13.1718	    -12.5062	     76.5476	 3	[(145, 245)]
246	145	 97	    -13.1718	    -12.5062	     76.5476	 3	[(145, 246)]
247	145	 97	    -13.1718	    -12.5062	     76.5476	 3	[(145, 247)]
248	145	 99	    -13.1718	    -11.2061	     76.4994	 3	[(145, 248)]
249	145	101	    -13.1718	    -10.7962	     76.5703	 3	[(145, 249)]
250	145	103	    -13.1718	    -10.5471	     76.1481	 3	[(145, 250)]
251	145	104	    -13.1718	     -10.556	     76.1544	 3	[(145, 251)]
252	145	104	    -13.1718	     -10.556	     76.1544	 3	[(145, 252)]
253	145	105	    -13.1718	    -2.94645	     76.2765	 5	[(145, 253)]
254	145	106	    -13.1718	    -2.61032	     76.2984	 5	[(145, 254)]
255	145	107	    -13.1718	    -1.21665	     82.5699	 5	[(145, 255)]
256	145	108	    -13.1718	   -0.506978	     82.6915	 5	[(145, 256)]
257	145	109	    -13.1718	   -0.098045	     82.4307	 5	[(145, 257)]
258	145	110	    -13.1718	-0.000631986	     82.4427	 5	[(145, 258)]
259	145	111	    -13.1718	  -0.0498111	     82.5242	 5	[(145, 259)]
260	145	112	    -13.1718	   -0.266767	     82.9534	 5	[(145, 260)]
261	145	113	    -13.1718	   -0.155388	      82.725	 5	[(145, 261)]
262	145	113	    -13.1718	   -0.155388	      82.725	 5	[(145, 262)]
263	145	113	    -13.1718	   -0.155388	      82.725	 5	[(145, 263)]
264	145	113	    -13.1718	   -0.155388	      82.725	 5	[(145, 264)]
265	145	113	    -13.1718	   -0.155388	      82.725	 5	[(145, 265)]
266	145	113	    -13.1718	   -0.155388	      82.725	 5	[(145, 266)]
267	261	  5	    -13.1718	     3.97491	    0.253133	 1	[(261, 267)]
268	261	  7	    -13.1718	     2.18711	    0.274495	 1	[(261, 268)]
269	261	  7	    -13.1718	     2.18711	    0.274495	 1	[(261, 269)]
270	261	  7	    -13.1718	     2.18711	    0.274495	 1	[(261, 270)]
271	261	  7	    -13.1718	     2.18711	    0.274495	 1	[(261, 271)]
272	261	  7	    -13.1718	     2.18711	    0.274495	 1	[(261, 272)]
273	269	116	    -13.1718	     3.74013	     83.0342	 6	[(145, 266), (269, 273)]
274	269	118	    -13.1718	      2.2152	     82.9969	 6	[(145, 266), (269, 274)]
275	261	 14	    -13.1718	      2.0546	     0.33193	 1	[(261, 275)]
276	269	121	    -13.1718	     4.82379	     88.9192	 5	[(145, 266), (269, 276)]
277	269	122	    -13.1718	      4.9457	     89.4365	 5	[(145, 266), (269, 277)]
278	269	123	    -13.1718	     4.60606	     89.9375	 5	[(145, 266), (269, 278)]
279	269	124	    -13.1718	     4.58501	      91.452	 5	[(145, 266), (269, 279)]
280	269	125	    -13.1718	     4.55712	     92.4499	 5	[(145, 266), (269, 280)]
281	269	126	    -13.1718	      3.9935	     93.6372	 5	[(145, 266), (269, 281)]
282	269	127	    -13.1718	     3.91606	     94.5698	 5	[(145, 266), (269, 282)]
283	269	128	    -13.1718	     3.86216	     95.4815	 5	[(145, 266), (269, 283)]
284	269	129	    -13.1718	     3.73264	     96.3957	 5	[(145, 266), (269, 284)]
285	145	136	    -13.1718	     4.27856	     102.198	 7	[(145, 285)]
286	145	137	    -13.1718	    0.308487	     103.402	 7	[(145, 286)]
287	145	138	    -13.1718	   -0.759708	     104.411	 7	[(145, 287)]
288	145	139	    -13.1718	    -1.60524	     105.346	 7	[(145, 288)]
289	145	140	    -13.1718	    -2.78362	     106.357	 7	[(145, 289)]
290	145	141	    -13.1718	    -4.36177	     107.397	 7	[(145, 290)]
291	145	142	    -13.1718	    -10.6329	     108.485	 7	[(145, 291)]
292	145	143	    -13.8931	    -13.8931	     110.242	 7	[(145, 292)]
293	145	144	    -14.2063	    -14.2063	     111.053	 7	[(145, 293)]
294	145	145	    -14.2063	     -14.146	     111.755	 7	[(145, 294)]
295	145	146	    -14.2063	    -14.1932	     112.617	 7	[(145, 295)]
296	145	147	    -14.2063	     -13.766	     112.113	 7	[(145, 296)]
297	145	147	    -14.2063	     -13.766	     112.113	 7	[(145, 297)]
298	145	148	    -14.2063	    -11.4103	     112.456	 8	[(145, 298)]
299	145	148	    -14.2063	    -11.4103	     112.456	 8	[(145, 299)]
300	145	148	    -14.2063	    -11.4103	     112.456	 8	[(145, 300)]
301	145	149	    -14.2063	    -7.97834	     114.017	 9	[(145, 301)]
302	145	151	    -14.2063	    -10.1048	      116.19	 9	[(145, 302)]
303	145	153	    -14.2063	    -10.2633	     118.189	 8	[(145, 303)]
304	145	154	    -14.2063	    -10.4431	     119.431	 8	[(145, 304)]
305	145	155	    -14.2063	    -11.5661	     120.873	 8	[(145, 305)]
306	145	156	    -14.2063	    -11.4669	     121.791	 8	[(145, 306)]
307	145	157	    -14.2063	    -11.4776	     122.635	 8	[(145, 307)]
308	145	158	    -14.2063	    -11.7898	     123.635	 8	[(145, 308)]
309	145	159	    -14.2063	    -11.3231	     123.626	 8	[(145, 309)]
310	145	159	    -14.2063	    -11.3231	     123.626	 8	[(145, 310)]
311	145	160	    -14.2063	    -10.6564	     124.534	 9	[(145, 311)]
312	145	161	    -14.2063	    -12.5895	     125.582	 9	[(145, 312)]
313	145	162	    -14.2063	    -14.2032	     126.983	 9	[(145, 313)]
314	145	163	    -16.2275	    -16.2275	         128	 9	[(145, 314)]
315	145	164	    -16.2275	    -15.7371	     128.484	 9	[(145, 315)]
316	145	165	    -16.2275	    -16.1824	     129.331	 9	[(145, 316)]
317	145	166	    -16.2275	    -15.9299	     129.635	 9	[(145, 317)]
318	145	167	    -16.2275	     -15.933	     129.819	 9	[(145, 318)]
319	145	168	    -16.8103	    -16.8103	      132.57	 9	[(145, 319)]
320	145	169	    -16.8103	    -16.2453	     132.806	 9	[(145, 320)]
321	145	169	    -16.8103	    -16.2453	     132.806	 9	[(145, 321)]
322	145	170	    -16.8103	    -14.0247	     133.009	10	[(145, 322)]
323	145	170	    -16.8103	    -14.0247	     133.009	10	[(145, 323)]
324	145	170	    -16.8103	    -14.0247	     133.009	10	[(145, 324)]
325	145	172	    -16.8103	    -9.04212	     134.716	11	[(145, 325)]
326	145	175	    -16.8103	    -12.0677	     132.351	10	[(145, 326)]
327	145	177	    -16.8103	    -10.8102	     139.689	 9	[(145, 327)]
328	145	178	    -16.8103	    -12.7918	     139.899	 9	[(145, 328)]
329	145	179	    -16.8103	    -12.9977	     140.828	 9	[(145, 329)]
330	145	180	    -16.8103	     -13.046	     142.037	 9	[(145, 330)]
331	145	181	    -16.8103	     -13.115	     142.822	 9	[(145, 331)]
332	145	182	    -16.8103	    -14.5342	      144.24	 9	[(145, 332)]
333	145	183	    -16.8103	    -15.2072	     145.276	 9	[(145, 333)]
334	145	184	    -16.8103	    -15.8422	     146.268	 9	[(145, 334)]
335	145	185	    -17.1155	    -17.1155	     147.351	 9	[(145, 335)]
336	145	186	     -19.628	     -19.628	     148.437	 9	[(145, 336)]
337	145	187	    -22.1657	    -22.1657	     149.497	 9	[(145, 337)]
338	145	188	    -22.9129	    -22.9129	      150.61	 9	[(145, 338)]
339	145	189	    -22.9129	    -22.7362	     151.321	 9	[(145, 339)]
340	145	190	    -22.9129	    -22.1569	     151.231	 9	[(145, 340)]
341	145	191	    -22.9129	    -22.0752	     151.198	 9	[(145, 341)]
342	145	191	    -22.9129	    -22.0752	     151.198	 9	[(145, 342)]
343	145	191	    -22.9129	    -22.0752	     151.198	 9	[(145, 343)]
344	145	192	    -23.8866	    -23.8866	     155.251	 9	[(145, 344)]
345	145	194	    -23.8866	    -23.6801	     157.291	 9	[(145, 345)]
346	145	195	    -23.8866	    -22.9322	     157.474	 9	[(145, 346)]
347	145	195	    -23.8866	    -22.9322	     157.474	 9	[(145, 347)]
348	145	195	    -23.8866	    -22.9322	     157.474	 9	[(145, 348)]
349	145	195	    -23.8866	    -22.9322	     157.474	 9	[(145, 349)]
350	145	197	    -23.8866	    -11.6802	     157.424	11	[(145, 350)]
351	145	199	    -23.8866	    -13.5413	     157.164	11	[(145, 351)]
352	145	201	    -23.8866	    -16.0542	     156.823	10	[(145, 352)]
353	145	202	    -23.8866	    -12.2786	     163.691	10	[(145, 353)]
354	145	203	    -23.8866	    -12.3021	     164.695	10	[(145, 354)]
355	145	204	    -23.8866	    -12.3197	     165.866	10	[(145, 355)]
356	145	205	    -23.8866	    -12.3746	     166.813	10	[(145, 356)]
357	145	206	    -23.8866	    -12.6094	     167.953	10	[(145, 357)]
358	145	207	    -23.8866	    -12.6254	     168.918	10	[(145, 358)]
359	145	208	    -23.8866	    -13.0179	     170.095	10	[(145, 359)]
360	145	209	    -23.8866	    -13.1049	     171.008	10	[(145, 360)]
361	145	210	    -23.8866	    -13.4536	     172.117	10	[(145, 361)]
362	145	211	    -23.8866	    -13.3135	     172.773	10	[(145, 362)]
363	145	212	    -23.8866	    -17.8033	      174.26	10	[(145, 363)]
364	145	213	    -23.8866	    -19.5219	     175.303	10	[(145, 364)]
365	145	214	    -23.8866	    -20.9847	     176.353	10	[(145, 365)]
366	145	215	    -23.8866	    -22.5667	     177.745	10	[(145, 366)]
367	145	216	    -23.8866	     -23.185	     178.901	10	[(145, 367)]
368	145	217	    -23.8866	    -22.7589	     179.382	10	[(145, 368)]
369	145	218	    -23.8866	     -22.316	     179.345	10	[(145, 369)]
370	145	220	    -23.8866	    -20.8337	     180.029	10	[(145, 370)]
371	145	221	    -23.8866	    -20.7483	     179.852	10	[(145, 371)]
372	145	221	    -23.8866	    -20.7483	     179.852	10	[(145, 372)]
373	145	222	    -23.8866	    -20.8841	     180.002	10	[(145, 373)]
374	145	222	    -23.8866	    -20.8841	     180.002	10	[(145, 374)]
375	145	222	    -23.8866	    -20.8841	     180.002	10	[(145, 375)]
376	145	222	    -23.8866	    -20.8841	     180.002	10	[(145, 376)]
377	145	222	    -23.8866	    -20.8841	     180.002	10	[(145, 377)]
378	145	223	    -23.8866	     -14.389	      180.14	11	[(145, 378)]
379	145	224	    -23.8866	    -14.4468	      180.15	11	[(145, 379)]
380	145	226	    -23.8866	    -21.0123	     180.139	10	[(145, 380)]
381	145	227	    -23.8866	    -14.3578	     180.151	11	[(145, 381)]
382	145	228	    -23.8866	    -14.3859	     180.178	11	[(145, 382)]
383	145	229	    -23.8866	    -14.4113	     180.221	11	[(145, 383)]
384	145	230	    -23.8866	    -9.88026	     186.492	11	[(145, 384)]
385	145	231	    -23.8866	    -9.74469	     186.976	11	[(145, 385)]
386	145	232	    -23.8866	    -10.4079	     188.579	11	[(145, 386)]
387	145	233	    -23.8866	    -10.4188	      189.44	11	[(145, 387)]
388	145	234	    -23.8866	    -10.2029	     189.934	11	[(145, 388)]
389	145	235	    -23.8866	    -9.82366	     189.193	11	[(145, 389)]
390	144	237	    -23.8866	    -15.6593	     195.385	11	[(144, 390)]
391	144	238	    -23.8866	     -20.119	     196.937	11	[(144, 391)]
392	144	239	    -23.8866	    -22.9856	     199.307	11	[(144, 392)]
393	144	240	    -23.8866	    -22.8014	     201.064	11	[(144, 393)]
394	144	241	    -26.0256	    -26.0256	     202.856	11	[(144, 394)]
395	144	242	    -26.0256	    -25.5892	     203.383	11	[(144, 395)]
396	144	243	    -26.0256	    -25.1116	     203.474	11	[(144, 396)]
397	144	244	    -26.0256	    -22.3147	     203.381	12	[(144, 397)]
398	144	246	    -26.0256	    -23.4421	     203.239	11	[(144, 398)]
399	144	246	    -26.0256	    -23.4421	     203.239	11	[(144, 399)]
400	144	248	    -26.0256	    -21.2343	     203.307	12	[(144, 400)]
401	144	250	    -26.0256	    -20.5174	     203.489	12	[(144, 401)]
402	144	252	    -26.0256	    -20.5306	     210.301	11	[(144, 402)]
403	144	254	    -26.0256	    -19.8427	      210.96	11	[(144, 403)]
404	144	256	    -26.0256	    -19.9135	     210.739	11	[(144, 404)]
405	144	257	    -26.0256	    -24.0797	     211.517	11	[(144, 405)]
406	144	258	    -26.0256	    -24.0857	     213.021	11	[(144, 406)]
407	144	259	    -26.0256	     -24.932	     214.509	11	[(144, 407)]
408	144	260	    -26.7191	    -26.7191	     216.076	11	[(144, 408)]
409	144	261	    -28.0096	    -28.0096	     217.382	11	[(144, 409)]
410	144	262	    -28.6899	    -28.6899	     218.324	11	[(144, 410)]
411	144	263	    -29.1449	    -29.1449	     219.227	11	[(144, 411)]
412	144	264	    -32.5066	    -32.5066	     221.139	11	[(144, 412)]
413	144	265	    -33.0279	    -33.0279	     222.042	11	[(144, 413)]
414	144	266	    -33.1137	    -33.1137	      222.85	11	[(144, 414)]
415	144	267	    -33.3145	    -33.3145	      223.66	11	[(144, 415)]
416	144	268	    -33.3145	    -32.7292	     223.416	11	[(144, 416)]
417	144	268	    -33.3145	    -32.7292	     223.416	11	[(144, 417)]
418	144	269	    -33.5224	    -33.5224	     224.882	11	[(144, 418)]
419	144	270	    -33.5224	    -33.2685	     224.871	11	[(144, 419)]
420	144	270	    -33.5224	    -33.2685	     224.871	11	[(144, 420)]
421	  0	412	    -33.5224	    -31.5001	     353.919	19	[(0, 421)]
422	  0	413	    -33.5224	    -30.9367	     354.367	19	[(0, 422)]
423	  0	414	    -33.5224	    -31.9861	     355.612	19	[(0, 423)]
424	  0	415	    -33.5224	    -31.7157	     356.193	19	[(0, 424)]
425	  0	416	    -33.5224	    -32.0131	     357.737	19	[(0, 425)]
426	  0	417	    -33.5224	    -32.9511	     358.908	19	[(0, 426)]
427	  0	419	    -33.5224	     -31.628	     360.243	19	[(0, 427)]
428	  0	420	    -33.5224	    -32.7144	     361.474	19	[(0, 428)]
429	  0	421	    -33.5224	    -32.6237	     362.257	19	[(0, 429)]
430	  0	421	    -33.5224	    -32.6237	     362.257	19	[(0, 430)]
431	  0	422	    -33.5224	    -32.9181	     362.534	19	[(0, 431)]
432	127	299	    -33.5224	     -32.792	     250.867	13	[(127, 432)]
433	127	299	    -33.5224	     -32.792	     250.867	13	[(127, 433)]
