nresidues = 433
0 24 0.0625
0 79 0.1875
0 80 1.1875
1 4 0.125
1 22 0.125
1 23 1.3125
1 75 0.0625
1 76 0.0625
1 82 0.0625
2 23 1.4375
2 24 0.375
2 25 0.0625
3 21 0.0625
3 22 1.25
3 23 0.3125
4 20 0.0625
4 21 1.1875
4 22 0.125
4 67 0.0625
4 68 0.0625
4 72 0.1875
5 20 1.25
5 21 0.1875
5 68 0.625
6 19 1.25
6 20 0.0625
6 64 0.25
6 67 0.1875
6 68 0.1875
7 17 0.0625
7 18 1.1875
7 19 0.75
7 21 0.375
7 30 0.125
7 64 0.125
8 16 0.25
8 17 1.1875
8 54 0.5
8 59 0.1875
8 60 0.0625
8 61 0.0625
9 15 0.0625
9 16 1.25
9 17 0.375
9 19 0.375
9 32 0.0625
10 14 0.0625
10 15 1.375
10 16 0.0625
10 55 0.1875
11 14 0.3125
11 15 0.5625
11 372 0.0625
11 373 1.3125
12 371 0.0625
12 372 0.1875
12 373 0.3125
12 398 0.125
12 400 0.5
12 401 0.0625
13 35 0.125
13 207 0.3125
13 371 0.3125
13 372 0.0625
15 58 0.1875
16 48 0.25
16 55 0.5
16 58 0.1875
16 60 0.0625
17 33 0.3125
17 60 0.1875
17 374 0.0625
18 32 1.25
18 33 0.1875
18 63 0.0625
18 67 0.0625
18 107 0.1875
19 30 0.25
19 31 1.3125
20 29 0.0625
20 30 1.25
20 31 0.125
20 67 0.0625
20 111 0.375
21 28 0.1875
21 29 1.25
21 30 0.6875
22 27 0.0625
22 28 1.25
22 29 0.4375
22 115 0.0625
22 119 0.0625
23 27 1.1875
23 28 0.25
24 27 0.25
24 29 0.1875
24 82 0.0625
26 29 0.1875
26 122 0.0625
29 115 0.0625
29 118 0.1875
29 119 0.4375
29 122 0.125
30 118 0.25
31 114 0.125
31 118 0.1875
31 376 0.3125
32 114 0.0625
32 374 0.1875
32 376 0.1875
33 107 0.0625
33 110 0.125
33 111 0.0625
33 374 0.0625
34 343 0.1875
34 370 0.1875
34 372 1.3125
34 373 0.125
35 46 0.1875
35 343 0.3125
35 370 0.4375
35 371 0.125
35 372 0.375
36 46 0.625
36 343 0.0625
36 370 0.125
37 43 0.0625
37 44 0.0625
37 45 1.375
37 46 0.4375
38 45 0.4375
38 46 0.125
39 45 0.25
40 45 0.0625
42 297 0.0625
42 320 0.0625
42 322 0.125
42 325 0.375
43 100 0.0625
43 344 1.375
44 100 1.25
44 106 0.0625
44 344 0.125
44 345 0.125
45 100 0.125
45 101 0.0625
45 105 1.25
45 106 0.1875
46 105 0.0625
46 107 0.5
47 60 0.0625
47 62 0.0625
47 66 0.125
47 103 0.0625
47 104 0.125
47 105 0.0625
47 107 0.125
48 58 0.3125
48 59 1.3125
48 60 0.0625
49 57 1.0625
49 59 0.875
49 60 0.5
49 61 0.625
49 62 0.375
50 57 0.1875
51 54 0.375
51 56 1.1875
51 57 0.1875
52 56 0.125
52 57 0.0625
54 57 1.125
54 59 0.0625
54 61 0.25
55 58 0.1875
60 63 0.78125
60 64 0.078125
60 107 0.0625
61 64 0.78125
61 65 0.078125
62 65 0.78125
62 66 0.234375
63 66 0.78125
63 67 0.078125
63 107 0.125
63 108 0.0625
64 67 0.78125
64 68 0.195312
65 68 0.78125
65 69 0.195312
66 69 0.664062
66 70 0.820312
66 71 0.15625
66 103 0.125
66 104 0.3125
67 70 0.664062
67 71 0.9375
67 72 0.078125
67 108 0.3125
67 112 0.0625
68 72 0.0390625
68 73 0.0390625
69 73 0.078125
70 73 0.898438
70 74 0.078125
70 104 0.0625
71 74 0.78125
71 75 0.195312
71 92 0.125
71 109 0.0625
72 75 0.78125
72 76 0.234375
73 76 0.820312
73 77 0.15625
74 77 0.742188
74 78 0.0390625
74 95 0.0625
75 78 0.859375
75 88 0.0625
75 91 0.125
75 112 0.0625
76 79 0.0390625
78 91 0.0625
80 87 0.0625
80 88 0.125
81 84 0.1875
81 88 0.0625
82 88 0.0625
82 116 0.1875
82 119 0.4375
82 120 0.25
83 120 0.0625
83 123 0.125
83 124 0.25
84 87 0.820312
84 88 0.15625
85 88 0.78125
85 89 0.390625
85 113 0.3125
85 116 0.1875
85 117 0.25
85 348 0.25
85 349 0.25
86 89 0.820312
86 90 0.273438
86 349 0.125
87 90 0.78125
87 91 0.078125
88 91 0.78125
88 92 0.0390625
88 116 0.0625
89 92 0.820312
89 93 0.15625
89 113 0.3125
89 347 0.1875
89 348 0.0625
89 349 0.3125
90 93 0.859375
90 94 0.117188
91 94 0.78125
91 95 0.15625
92 95 0.78125
92 96 0.078125
92 109 0.375
92 112 0.1875
92 113 0.125
93 96 0.78125
93 97 0.0390625
93 101 0.125
93 350 0.125
94 97 0.0390625
95 104 0.4375
96 100 0.0625
96 101 0.375
96 102 0.0625
96 103 0.4375
96 104 0.375
98 101 0.25
98 102 0.375
98 103 0.0625
101 104 1.0625
101 105 1.25
101 106 0.0625
101 345 0.1875
101 346 0.25
101 350 0.25
104 108 0.0390625
104 109 0.0390625
105 108 0.78125
105 109 0.078125
106 109 0.703125
106 110 0.078125
107 110 0.664062
107 111 0.0390625
108 111 0.703125
108 112 0.0390625
109 112 0.78125
109 113 0.078125
109 346 1.25
110 113 0.898438
110 114 0.3125
110 342 0.0625
110 343 0.125
110 346 0.25
111 114 0.703125
111 115 0.0390625
112 115 0.820312
112 116 0.15625
113 116 0.78125
113 117 0.078125
113 347 0.3125
113 348 0.25
114 117 0.78125
114 118 0.078125
114 348 0.0625
114 378 0.375
115 118 0.78125
115 119 0.078125
116 119 0.820312
116 120 0.0390625
117 120 0.742188
117 121 0.078125
117 128 0.0625
117 131 0.1875
117 132 0.0625
117 378 0.0625
118 121 0.742188
118 122 0.0390625
118 376 0.1875
118 378 0.0625
119 122 0.78125
119 123 0.0390625
120 123 0.78125
120 124 0.078125
120 131 0.25
121 124 0.78125
121 125 0.742188
121 126 0.234375
121 128 0.0625
121 131 0.375
122 125 0.078125
124 131 0.0625
126 134 0.1875
127 130 0.9375
127 131 0.0390625
128 131 0.78125
128 132 0.117188
128 378 0.125
128 381 0.8125
129 132 0.78125
129 133 0.078125
129 381 0.5
129 384 1.125
129 385 0.0625
129 411 0.3125
129 414 0.125
129 415 0.125
130 133 0.78125
130 134 0.078125
130 141 0.1875
130 415 0.125
131 134 0.78125
131 135 0.3125
132 135 0.78125
132 136 0.078125
132 378 0.0625
132 385 1.125
133 136 0.820312
133 137 0.78125
133 138 0.234375
133 141 0.0625
133 385 0.25
134 137 0.0390625
136 352 0.125
136 356 0.1875
136 386 0.0625
138 385 0.25
138 386 0.1875
140 387 0.125
140 420 0.3125
141 384 0.1875
141 385 0.0625
141 387 0.0625
141 420 0.125
142 384 0.0625
142 420 1.375
142 421 0.0625
142 429 0.125
143 408 0.0625
143 412 0.125
143 415 0.0625
143 420 0.25
143 421 1.25
143 422 0.125
144 176 0.125
144 383 0.1875
144 389 1.625
144 390 0.1875
144 391 0.0625
144 421 0.1875
145 169 0.0625
145 389 0.125
145 390 1.25
145 391 0.0625
145 421 0.1875
145 422 0.0625
145 423 0.1875
145 426 0.125
146 168 0.0625
146 169 0.1875
146 170 0.0625
146 176 0.1875
146 179 0.125
146 391 1.25
146 405 0.0625
147 167 0.0625
147 168 1.1875
147 169 0.25
147 366 0.0625
147 391 0.125
147 392 0.1875
147 394 0.0625
147 405 0.0625
148 166 0.0625
148 167 1.625
148 168 0.5625
148 170 0.125
148 179 0.0625
148 180 0.25
148 183 0.125
148 394 1.4375
148 396 0.125
148 405 0.4375
149 152 0.25
149 165 0.5
149 166 1.25
149 167 0.125
149 208 0.25
149 209 1.0625
149 210 0.0625
149 395 0.125
150 166 1.125
150 168 0.1875
150 187 0.0625
150 190 0.1875
150 210 1.3125
150 211 0.25
151 164 0.0625
151 165 1.1875
151 166 0.3125
151 190 0.125
151 211 1.3125
151 225 0.0625
152 157 0.125
152 159 0.0625
152 161 0.0625
152 163 1.0625
152 164 1.3125
152 209 0.0625
152 210 0.375
152 211 0.3125
152 212 0.0625
153 156 1.25
153 157 0.0625
153 159 0.0625
153 161 1.3125
153 162 1.125
153 163 1.25
153 164 0.25
153 260 0.125
154 157 0.125
154 161 0.0625
154 162 0.125
154 259 0.0625
154 260 0.4375
155 248 0.1875
156 164 0.5625
156 371 0.125
157 212 0.0625
157 260 0.125
159 213 0.1875
159 214 0.125
159 215 1.1875
159 260 0.3125
160 215 1.25
160 216 0.375
160 260 0.125
161 166 0.0625
161 215 0.125
161 216 0.125
161 217 0.1875
161 218 0.3125
161 260 0.1875
162 218 0.0625
162 257 0.25
162 259 0.125
163 166 0.1875
163 218 0.5625
163 242 0.125
163 243 1.0625
163 244 1.4375
163 257 0.0625
163 281 0.0625
164 243 1.375
164 244 0.0625
164 245 0.1875
165 242 1.3125
165 243 0.6875
165 392 0.25
166 218 0.1875
166 221 0.3125
166 222 0.25
166 241 1.25
166 242 0.0625
167 239 0.0625
167 240 1.4375
167 241 0.4375
167 242 0.125
167 392 0.0625
168 225 0.0625
168 229 0.0625
168 238 0.125
168 239 1.25
168 240 0.0625
169 237 0.0625
169 238 1.3125
169 239 0.3125
169 240 0.0625
169 426 0.0625
170 173 0.125
170 179 0.25
170 237 1.1875
170 421 0.125
171 237 1.375
171 239 0.1875
171 423 1.3125
171 424 0.5
171 426 0.125
172 237 0.5
172 424 0.125
173 178 0.273438
173 179 0.078125
173 421 0.1875
174 178 0.15625
175 178 0.820312
175 179 0.078125
175 412 0.5625
175 421 0.375
176 179 0.820312
176 180 0.195312
176 405 0.0625
176 408 0.4375
176 409 0.0625
176 412 0.5625
176 421 0.125
177 180 0.742188
177 409 0.4375
177 412 0.6875
177 413 0.1875
178 181 0.9375
178 182 0.117188
179 182 0.78125
179 183 0.0390625
179 421 0.0625
180 183 0.742188
180 184 0.078125
180 405 0.3125
180 409 0.125
181 184 0.78125
181 185 0.390625
181 234 0.25
182 185 0.78125
182 186 0.117188
182 234 0.4375
183 186 0.78125
183 187 0.078125
184 187 0.78125
184 188 0.351562
185 188 0.742188
185 189 0.15625
185 234 0.3125
186 189 0.820312
186 190 0.078125
186 229 0.1875
186 232 0.0625
186 238 0.0625
187 190 0.78125
187 191 0.078125
187 205 0.0625
187 209 0.25
187 211 0.625
187 396 0.125
187 397 0.25
188 191 0.742188
189 192 0.742188
189 193 0.117188
189 228 0.125
189 231 0.1875
189 232 0.0625
190 193 0.78125
190 194 0.195312
190 228 0.1875
191 194 0.78125
191 195 0.078125
191 203 0.0625
191 211 0.25
192 195 0.78125
192 196 0.195312
193 196 0.78125
193 197 0.078125
193 224 0.0625
193 227 0.1875
193 231 0.0625
194 197 0.78125
194 198 1.01562
194 199 0.0390625
194 202 0.0625
194 224 0.1875
195 198 0.703125
195 199 0.859375
195 203 0.125
198 202 0.0625
198 215 0.1875
198 220 0.3125
198 224 0.375
199 202 0.125
199 203 0.0625
200 203 0.4375
201 204 0.0625
203 211 0.25
204 211 0.125
205 209 0.3125
205 210 1.3125
206 209 0.0625
206 210 0.0625
206 398 0.3125
207 398 0.625
207 400 0.0625
207 401 0.1875
208 369 0.375
208 371 0.0625
208 394 1.125
208 395 0.125
208 397 0.0625
208 398 0.0625
208 401 0.125
209 395 0.1875
209 397 0.125
209 398 0.0625
215 220 0.1875
216 257 0.0625
216 258 0.125
217 220 0.820312
218 221 0.742188
218 222 0.117188
218 281 0.0625
219 222 0.820312
219 223 0.078125
219 285 0.1875
220 223 0.78125
220 224 0.15625
221 224 0.78125
221 225 0.078125
222 225 0.78125
222 226 0.078125
222 240 0.0625
222 281 0.25
222 285 0.3125
222 287 0.0625
223 226 0.9375
223 227 0.078125
223 285 0.1875
224 227 0.78125
224 228 0.078125
225 228 0.78125
225 229 0.117188
225 240 0.0625
226 229 0.78125
226 230 0.234375
226 285 0.0625
227 230 0.820312
227 231 0.078125
228 231 0.78125
228 232 0.078125
229 232 0.78125
229 233 0.664062
229 234 0.859375
229 235 0.078125
229 238 0.1875
230 233 0.0390625
230 235 0.273438
234 237 1.1875
234 238 0.3125
239 286 1.3125
239 288 0.125
240 286 0.25
240 287 1.25
240 288 1.125
241 289 1.25
242 281 0.0625
242 289 0.1875
242 290 1.4375
242 291 0.125
243 291 2.375
243 392 0.0625
244 249 0.1875
244 278 0.3125
244 290 0.0625
244 291 1.25
244 292 1.1875
245 248 0.1875
245 292 1.1875
246 249 1.5
246 250 0.125
246 255 0.1875
246 292 0.125
246 293 0.1875
246 294 0.1875
247 250 0.0625
247 295 0.375
247 296 0.3125
248 251 0.25
248 259 0.125
249 254 0.0625
249 255 1.5
249 256 0.1875
249 257 0.0625
249 259 0.125
250 253 0.25
250 254 1.3125
250 255 0.25
250 295 0.4375
251 254 0.375
251 259 0.125
251 268 0.375
254 268 0.125
254 269 1.3125
255 268 1.3125
255 269 0.625
255 274 0.1875
255 294 0.375
255 295 0.125
255 298 0.3125
256 259 0.25
256 267 0.6875
256 268 0.375
257 277 0.0625
258 261 0.625
258 267 0.3125
261 267 0.117188
262 267 0.15625
263 267 0.117188
263 268 0.0390625
264 267 0.234375
264 268 0.15625
265 268 0.585938
269 273 0.3125
269 274 0.078125
270 273 1.05469
270 274 0.078125
271 274 0.820312
271 275 0.0390625
271 294 0.125
272 275 0.78125
272 276 0.078125
272 304 0.1875
273 276 0.78125
273 277 0.0390625
274 277 0.78125
274 278 0.390625
274 293 0.0625
275 278 0.820312
275 279 0.078125
275 305 0.125
276 279 0.820312
276 280 0.117188
277 280 0.78125
277 281 0.429688
278 281 0.78125
278 282 0.117188
278 293 0.5625
278 294 0.0625
278 305 0.3125
279 282 0.78125
279 283 0.078125
279 305 0.0625
279 309 0.0625
280 283 0.820312
280 284 0.195312
281 284 0.742188
281 285 0.234375
281 287 0.0625
282 285 0.078125
282 311 0.125
287 290 0.125
287 311 0.0625
288 311 1.375
288 312 0.125
288 426 0.0625
289 312 1.625
289 314 0.0625
290 293 0.125
290 311 0.0625
290 312 0.0625
290 313 1.1875
291 302 0.0625
291 314 1.5
291 316 0.375
291 339 0.1875
291 392 0.25
292 302 0.25
292 314 0.125
292 315 0.25
292 316 0.75
292 317 0.3125
293 302 0.125
294 301 0.625
294 302 0.4375
294 305 0.125
295 298 0.1875
295 302 0.1875
296 317 0.375
296 318 0.125
296 325 0.0625
297 325 0.0625
298 301 0.898438
298 302 0.078125
299 302 0.78125
299 303 0.117188
299 318 0.125
299 325 0.3125
299 328 1.125
299 329 0.125
299 332 0.25
299 334 0.125
300 303 0.664062
300 304 0.078125
301 304 0.78125
301 305 0.078125
302 305 0.78125
302 306 0.117188
302 313 0.125
302 314 0.125
302 315 0.125
302 318 0.625
302 334 0.625
302 335 0.125
303 306 0.664062
303 307 0.078125
303 332 0.25
303 333 0.25
303 334 0.125
304 307 0.78125
304 308 0.273438
305 308 0.78125
305 309 0.195312
306 309 0.078125
306 313 0.3125
306 333 0.125
306 334 0.25
306 335 0.0625
309 313 0.0625
310 427 0.25
311 336 0.0625
311 427 0.3125
312 336 0.375
312 337 0.375
312 390 0.5
312 427 0.375
313 335 1.3125
313 336 1.625
313 337 0.1875
314 337 1.4375
314 338 0.0625
314 339 0.0625
315 319 0.25
315 337 0.0625
315 338 1.0625
315 339 0.125
316 319 1.3125
316 320 0.125
316 339 0.25
316 341 0.3125
317 320 0.1875
318 325 0.234375
319 322 0.1875
319 325 0.15625
319 326 0.195312
319 338 0.125
320 325 0.0390625
320 344 0.75
321 326 0.0390625
321 339 0.0625
321 340 0.125
321 341 0.375
321 344 0.3125
321 345 0.25
322 325 0.9375
322 326 0.234375
323 326 0.78125
323 327 0.117188
323 345 0.0625
323 357 0.0625
324 327 0.742188
324 328 0.0390625
325 328 0.78125
325 329 0.078125
326 329 0.78125
326 330 0.117188
326 357 0.0625
327 330 0.78125
327 331 0.078125
327 357 0.0625
328 331 0.78125
328 332 0.390625
329 332 0.78125
329 333 0.742188
329 334 0.0390625
329 363 0.3125
330 333 0.078125
330 361 0.125
330 363 0.25
335 363 0.375
336 363 1.4375
336 364 0.0625
336 427 0.0625
337 363 0.1875
337 364 1.5625
337 365 0.125
337 390 0.0625
338 354 0.0625
338 358 0.0625
338 363 0.0625
338 364 0.0625
338 365 1.3125
338 366 0.125
339 366 1.4375
339 368 0.25
339 392 0.125
340 351 0.0625
340 355 0.0625
340 366 0.125
340 367 1.25
340 368 0.125
340 386 0.0625
341 344 1.5625
341 368 0.0625
341 369 0.0625
341 370 0.4375
342 345 1.4375
342 346 0.0625
342 351 0.0625
342 382 0.0625
343 370 0.4375
345 350 0.1875
345 351 0.125
347 350 1.01562
347 351 0.078125
348 351 0.78125
348 352 0.117188
348 378 0.0625
349 352 0.78125
349 353 0.3125
350 353 0.820312
350 354 0.078125
351 354 0.78125
351 355 0.078125
352 355 0.78125
352 356 0.117188
352 382 0.0625
352 386 0.1875
353 356 0.78125
353 357 0.078125
354 357 0.78125
354 358 0.0390625
355 358 0.78125
355 359 0.3125
355 365 0.0625
355 386 0.0625
356 359 0.820312
356 360 0.195312
357 360 0.703125
357 361 0.195312
358 361 0.78125
358 362 0.664062
358 363 0.273438
358 365 0.0625
359 362 0.0390625
359 363 0.0390625
359 386 0.0625
364 390 0.0625
364 427 0.0625
365 388 0.5
365 390 0.3125
366 390 1.625
366 391 0.0625
366 392 0.1875
367 379 0.0625
367 383 0.25
367 388 0.0625
367 391 1.4375
367 392 0.0625
368 392 1.375
369 373 0.4375
369 392 0.1875
369 393 0.8125
369 394 0.0625
369 401 0.3125
370 373 0.0625
370 401 0.1875
371 401 0.1875
372 401 0.0625
373 400 0.125
373 401 0.25
373 404 0.375
374 400 0.1875
374 404 0.0625
375 403 0.0625
376 404 0.1875
377 380 0.742188
377 381 0.0390625
377 403 0.1875
377 407 0.125
378 381 0.78125
378 382 0.078125
379 382 0.859375
379 383 0.117188
379 391 0.0625
379 393 0.125
379 404 0.25
380 383 0.703125
380 384 0.078125
380 404 0.0625
380 407 0.125
380 408 0.3125
381 384 0.78125
381 385 0.0390625
381 407 0.3125
381 411 0.0625
382 385 0.742188
382 386 0.273438
383 386 0.703125
383 387 0.742188
383 388 0.078125
383 390 0.0625
383 408 0.0625
384 387 0.078125
384 408 0.0625
384 411 0.0625
387 429 0.0625
388 426 0.0625
388 429 0.25
389 422 0.125
389 426 0.3125
389 429 0.0625
390 426 0.375
390 427 0.0625
392 405 0.0625
393 401 0.195312
393 404 0.3125
393 405 0.8125
394 401 0.078125
394 405 0.375
395 401 0.078125
395 405 0.0625
396 402 0.195312
397 401 0.078125
397 402 0.117188
398 401 0.820312
398 402 0.078125
399 402 0.742188
399 403 0.078125
400 404 0.15625
401 404 0.742188
401 405 0.078125
402 405 0.820312
402 406 0.273438
403 406 0.664062
403 407 0.078125
404 407 0.78125
404 408 0.15625
405 408 0.78125
405 409 0.078125
406 409 0.859375
406 410 0.234375
407 410 0.9375
407 411 0.15625
408 411 0.78125
408 412 0.078125
409 412 0.78125
409 413 0.078125
410 413 0.820312
410 414 0.078125
411 414 0.78125
411 415 0.15625
412 415 0.78125
412 419 0.0625
413 416 0.0390625
415 418 1.3125
415 419 0.125
416 419 0.125
421 432 0.0625
422 425 1.25
422 426 0.0625
422 432 0.1875
423 426 0.1875
425 428 1.4375
425 429 0.1875
425 431 0.1875
426 429 0.0625
428 431 0.25
429 432 0.125
