L	Ls	nvertices	F_L	F_L_constrained	rho_sum	nloops	regions
  0	  0	  0	           0	           0	           0	 0	[(0, 0)]
  1	  0	  0	           0	           0	           0	 0	[(0, 1)]
  2	  0	  0	           0	           0	           0	 0	[(0, 2)]
  3	  0	  2	           0	     3.70684	    0.317964	 1	[(0, 3)]
  4	  0	  4	           0	     2.24408	    0.299209	 1	[(0, 4)]
  5	  0	  6	           0	     4.11486	     5.13399	 0	[(0, 5)]
  6	  0	  7	           0	     4.03763	     5.63271	 0	[(0, 6)]
  7	  0	  8	           0	     3.86899	     6.59574	 0	[(0, 7)]
  8	  0	  9	           0	     3.52999	     7.89539	 0	[(0, 8)]
  9	  0	 10	           0	      2.4411	      9.1424	 0	[(0, 9)]
 10	  0	 11	           0	     1.97598	     10.1108	 0	[(0, 10)]
 11	  0	 11	           0	     1.97598	     10.1108	 0	[(0, 11)]
 12	  0	 11	           0	     1.97598	     10.1108	 0	[(0, 12)]
 13	  0	 11	           0	     1.97598	     10.1108	 0	[(0, 13)]
 14	 11	  2	           0	     3.70131	    0.331215	 1	[(11, 14)]
 15	 11	  4	           0	     2.24871	    0.302422	 1	[(11, 15)]
 16	 11	  6	           0	     3.97682	     5.10887	 0	[(11, 16)]
 17	 11	  7	           0	     3.69976	     5.58124	 0	[(11, 17)]
 18	 11	  8	           0	     3.41121	     6.95621	 0	[(11, 18)]
 19	 11	  9	           0	     3.10738	      8.0505	 0	[(11, 19)]
 20	 11	 10	           0	     2.18068	     9.21375	 0	[(11, 20)]
 21	 11	 11	           0	     1.80378	     10.1611	 0	[(11, 21)]
 22	 11	 12	           0	      1.3748	     11.1394	 0	[(11, 22)]
 23	 11	 13	           0	    0.756261	     12.1448	 0	[(11, 23)]
 24	 11	 14	           0	   0.0641991	     13.1952	 0	[(11, 24)]
 25	  0	 26	    -1.41869	    -1.41869	     24.9512	 0	[(0, 25)]
 26	  0	 27	    -2.02505	    -2.02505	     25.8761	 0	[(0, 26)]
 27	  0	 27	    -2.02505	    -2.02505	     25.8761	 0	[(0, 27)]
