nresidues = 184
0 59 3.6776
0 60 0.294208
0 61 0.882623
1 5 0.147104
1 10 0.147104
1 58 3.08918
1 59 0.588415
1 61 0.735519
2 5 3.53049
2 55 0.147104
2 57 2.94208
3 6 0.588415
3 24 0.147104
3 36 0.441312
3 53 0.441312
3 54 0.147104
3 55 0.294208
3 57 0.735519
3 59 0.147104
4 7 0.588415
4 24 0.735519
4 26 0.294208
4 36 0.147104
4 55 0.294208
6 10 0.294208
6 24 1.17683
6 40 0.147104
6 59 0.147104
7 10 0.735519
7 21 0.441312
7 24 0.441312
8 21 3.08918
8 22 0.294208
9 20 0.588415
9 21 0.147104
10 19 0.147104
10 20 2.94208
10 21 0.294208
11 19 3.08918
11 20 0.147104
11 61 2.94208
11 62 0.882623
11 64 0.294208
12 17 0.147104
12 18 2.94208
12 19 0.882623
12 40 0.294208
12 60 3.08918
12 62 0.588415
13 17 3.23628
13 19 0.147104
13 60 0.882623
13 62 0.147104
14 17 0.588415
14 19 0.882623
14 40 0.882623
14 51 0.588415
15 51 0.147104
18 42 3.23628
18 43 0.441312
18 44 0.294208
18 62 0.147104
18 114 0.441312
18 119 0.147104
19 40 0.294208
19 41 3.53049
19 42 1.47104
19 43 0.294208
19 47 0.294208
19 48 0.294208
19 49 0.441312
20 40 3.38339
20 41 1.47104
20 43 0.294208
21 39 3.08918
21 40 0.147104
22 39 3.23628
22 41 0.588415
23 38 3.08918
23 39 0.882623
24 36 0.147104
24 37 2.79497
25 35 0.147104
25 36 3.23628
25 37 0.588415
26 34 0.147104
26 35 2.94208
27 34 2.94208
27 35 0.441312
28 31 0.441312
28 32 0.735519
28 33 0.147104
28 34 0.294208
29 32 0.147104
34 54 2.94208
34 55 0.882623
35 53 3.23628
35 54 0.294208
36 51 0.147104
36 52 2.94208
36 53 0.588415
37 51 2.79497
37 52 0.147104
38 49 0.147104
38 50 3.08918
38 51 0.147104
39 49 2.94208
40 48 3.08918
40 49 0.588415
41 47 2.79497
42 45 1.17683
42 47 0.294208
43 120 0.294208
44 96 0.735519
44 119 0.294208
44 120 0.147104
53 57 1.17683
53 59 0.294208
54 57 0.882623
62 114 0.147104
63 113 0.147104
63 114 0.147104
64 112 0.147104
64 113 3.08918
65 111 0.147104
65 112 2.94208
65 113 0.588415
66 110 0.147104
66 111 2.94208
66 112 0.147104
67 83 1.02973
67 86 0.294208
67 88 0.147104
67 109 0.147104
67 110 2.79497
67 111 0.294208
67 113 0.147104
68 83 2.79497
68 84 0.147104
68 108 0.147104
68 109 2.94208
68 110 0.147104
69 81 0.294208
69 82 2.94208
69 83 0.441312
69 107 0.147104
69 108 3.08918
69 109 0.882623
70 81 3.6776
70 82 0.441312
70 84 0.147104
70 106 0.735519
70 107 2.94208
71 74 0.588415
71 79 0.735519
71 80 2.94208
71 81 0.588415
71 103 0.588415
71 104 0.441312
71 105 3.08918
71 106 0.147104
71 107 0.294208
72 80 2.94208
72 82 0.147104
72 105 0.588415
73 79 2.79497
73 80 1.47104
73 89 0.147104
74 78 2.94208
74 105 0.147104
75 78 0.882623
77 93 2.79497
77 94 0.882623
78 91 0.588415
78 92 3.08918
79 90 0.147104
79 91 2.94208
79 92 0.882623
79 94 0.441312
79 100 0.294208
79 103 0.441312
80 89 0.441312
80 90 3.08918
81 88 0.147104
81 89 3.08918
81 90 0.441312
81 92 0.147104
81 103 0.294208
81 121 0.294208
82 87 0.735519
82 88 3.08918
83 86 3.38339
83 87 0.588415
83 88 0.294208
84 87 0.294208
90 113 0.294208
90 116 0.294208
90 117 0.441312
90 118 0.588415
92 96 0.147104
92 97 0.147104
93 96 2.79497
93 97 0.147104
94 97 0.588415
94 100 0.588415
96 118 0.147104
96 119 1.02973
96 120 2.94208
96 121 0.294208
97 100 0.441312
97 103 0.294208
97 121 2.79497
98 103 0.147104
98 120 0.294208
98 121 0.441312
98 122 0.147104
98 123 0.588415
98 174 2.50077
98 175 0.147104
99 102 3.08918
99 103 0.441312
99 174 0.147104
100 103 0.735519
101 154 0.588415
101 156 0.441312
102 107 0.294208
102 129 0.588415
102 156 0.147104
102 158 0.147104
102 172 0.294208
102 177 0.588415
103 107 0.588415
103 109 0.294208
103 123 0.882623
103 154 0.294208
104 107 1.02973
104 129 0.147104
104 153 0.882623
107 127 0.147104
108 124 0.147104
109 121 0.147104
109 122 3.23628
109 123 0.147104
110 120 0.147104
110 121 2.94208
110 122 0.588415
111 120 2.79497
112 117 0.147104
112 118 2.79497
112 119 2.94208
112 120 0.588415
113 116 0.147104
113 117 3.23628
113 118 0.735519
114 117 0.735519
114 119 0.147104
122 175 0.441312
123 174 0.441312
124 127 0.294208
124 174 0.588415
125 172 0.147104
125 173 3.38339
125 174 0.882623
126 171 0.147104
126 172 2.94208
127 170 0.147104
127 171 2.79497
127 172 0.441312
127 174 0.294208
128 169 0.294208
128 170 2.94208
128 171 0.294208
128 183 0.441312
129 152 0.147104
129 153 0.882623
129 154 0.147104
129 169 3.23628
129 170 0.588415
130 152 2.94208
130 153 0.735519
130 167 0.588415
130 168 2.79497
131 134 0.294208
131 150 0.147104
131 151 2.94208
131 152 0.147104
131 164 0.147104
131 166 2.94208
131 167 0.294208
131 168 0.441312
131 170 0.147104
132 151 2.79497
132 152 0.441312
132 153 0.294208
133 150 2.94208
133 151 0.588415
134 148 0.441312
134 149 0.588415
134 150 0.588415
134 165 0.294208
134 166 0.441312
135 139 0.441312
135 148 0.588415
135 149 0.147104
136 139 0.588415
136 148 0.147104
136 165 0.735519
137 148 0.588415
137 162 0.294208
137 165 0.147104
139 162 0.147104
140 147 0.147104
140 148 0.147104
140 162 0.147104
141 147 0.147104
141 148 0.147104
141 149 0.588415
141 159 0.147104
142 145 0.147104
146 161 2.79497
146 162 0.441312
147 159 1.17683
147 160 3.23628
147 162 0.441312
148 158 0.147104
148 159 4.26601
148 160 0.882623
148 161 0.147104
148 162 0.735519
148 164 0.294208
148 165 0.147104
149 157 0.147104
149 158 2.94208
149 159 0.441312
150 156 0.147104
150 157 3.23628
150 158 0.588415
150 160 0.294208
151 156 2.94208
151 157 0.147104
152 155 0.147104
152 156 0.441312
152 170 0.147104
152 172 0.147104
158 177 0.147104
159 179 0.147104
160 164 0.147104
161 164 0.588415
161 179 1.17683
163 168 0.147104
163 179 0.147104
163 182 1.02973
164 168 0.441312
165 168 0.294208
168 182 0.294208
169 182 2.79497
169 183 0.735519
170 179 0.735519
170 181 3.08918
170 182 0.147104
171 179 2.79497
171 180 3.08918
171 181 0.588415
171 182 0.588415
171 183 0.588415
172 178 2.94208
173 176 3.53049
173 177 2.79497
173 178 0.294208
173 180 0.147104
179 182 0.147104
