nresidues = 228
1 62 0.122893
1 64 0.368679
1 92 0.245786
1 104 0.368679
2 104 0.491571
3 33 0.245786
3 104 2.82654
3 105 0.122893
4 7 0.122893
4 33 0.491571
4 104 0.368679
4 107 0.245786
4 216 0.122893
5 33 0.614464
5 214 0.122893
5 215 3.07232
5 216 0.491571
5 217 0.614464
6 32 2.45786
6 33 3.07232
6 34 0.122893
6 214 2.58075
6 215 0.983143
7 34 2.45786
7 36 0.122893
7 103 0.122893
7 182 0.122893
7 212 0.122893
7 213 2.82654
7 214 0.614464
7 216 0.245786
8 23 0.737357
8 26 0.122893
8 27 0.245786
8 32 0.122893
8 34 0.368679
8 35 2.58075
8 36 0.122893
8 211 0.122893
8 212 2.45786
9 23 0.122893
9 36 2.45786
9 203 0.614464
9 211 2.45786
9 212 0.245786
9 214 0.122893
10 23 0.368679
10 36 0.122893
10 37 2.33496
10 203 0.368679
10 204 2.45786
10 205 0.122893
10 206 0.491571
10 210 0.368679
11 38 2.70364
11 39 2.33496
11 186 0.614464
11 187 0.122893
11 204 0.614464
11 205 2.58075
11 206 0.245786
12 38 0.122893
12 39 0.86025
12 40 2.94943
12 205 0.614464
12 206 2.08918
12 207 0.368679
13 16 0.245786
13 38 0.122893
13 40 2.45786
13 41 2.33496
13 54 0.245786
13 206 0.368679
14 40 0.368679
14 41 2.45786
14 42 0.122893
14 43 0.86025
14 72 0.122893
15 41 0.122893
15 42 0.245786
16 19 1.76659
16 20 0.153616
17 20 1.61297
17 21 0.153616
17 42 0.122893
17 54 0.122893
17 57 0.122893
18 21 1.53616
18 22 0.307232
19 22 1.61297
19 23 0.153616
19 206 0.491571
20 23 1.61297
20 24 0.230425
20 37 0.122893
20 54 0.614464
20 57 0.368679
20 206 0.122893
21 24 1.53616
21 25 0.384039
21 57 0.122893
22 25 1.53616
22 26 0.230425
22 226 0.491571
22 227 0.122893
23 26 1.84339
23 35 0.122893
23 211 0.245786
24 27 0.153616
24 28 0.076808
24 57 0.245786
24 58 0.122893
24 60 0.122893
24 61 0.122893
25 28 0.153616
26 29 1.53616
26 30 0.307232
26 211 0.983143
27 30 1.68978
27 31 1.45935
27 63 0.122893
30 213 0.245786
32 63 0.245786
32 213 0.122893
33 63 0.122893
33 64 0.245786
34 64 2.45786
34 103 0.491571
35 61 0.122893
35 64 0.122893
35 65 2.94943
35 66 0.122893
35 103 0.245786
36 66 2.33496
36 184 0.122893
37 54 0.122893
37 66 0.245786
37 67 2.58075
37 68 0.122893
38 41 0.122893
38 68 2.45786
38 153 0.614464
38 154 0.245786
38 155 0.122893
38 184 0.122893
38 185 0.122893
38 186 0.122893
39 68 0.122893
39 69 0.122893
39 70 0.122893
39 155 0.368679
39 186 0.122893
40 70 0.614464
40 71 0.614464
40 72 0.491571
40 73 0.614464
41 54 0.86025
41 55 0.245786
41 68 0.122893
41 69 0.122893
41 73 0.614464
41 79 0.245786
42 46 0.368679
42 50 0.245786
42 51 0.86025
42 54 0.368679
42 73 0.368679
43 46 0.245786
43 72 2.70364
44 72 0.368679
44 74 0.368679
44 125 0.122893
44 126 0.737357
46 50 0.537657
46 78 0.122893
47 50 1.9202
47 51 0.076808
47 78 0.614464
48 51 1.53616
48 52 0.076808
48 78 0.491571
48 82 0.491571
49 52 1.53616
49 53 0.076808
50 53 1.53616
50 54 0.153616
51 54 1.61297
51 55 0.307232
51 73 0.86025
51 82 0.245786
52 55 1.45935
52 56 0.153616
52 82 0.368679
53 56 1.53616
53 57 0.230425
54 57 1.53616
54 58 0.153616
55 58 1.61297
55 59 0.230425
55 67 0.245786
55 82 0.983143
55 83 0.122893
55 86 0.245786
55 93 0.122893
56 59 1.68978
56 60 0.076808
57 60 0.230425
58 61 0.153616
58 65 0.245786
58 67 0.245786
58 93 0.368679
59 62 0.076808
59 86 0.122893
59 90 0.368679
59 93 0.245786
62 90 0.122893
63 92 0.368679
64 92 2.33496
64 103 0.368679
65 92 0.122893
65 93 2.45786
65 94 0.368679
65 103 0.122893
66 94 2.45786
66 103 0.122893
66 109 0.122893
66 153 0.245786
67 79 0.368679
67 87 0.614464
67 93 0.737357
67 94 1.10604
67 95 2.94943
67 96 0.122893
67 153 0.122893
68 79 0.491571
68 96 0.122893
68 113 0.245786
68 153 0.245786
69 73 0.86025
69 79 0.86025
69 97 0.491571
69 113 2.45786
69 114 0.122893
69 128 0.245786
70 73 0.368679
70 114 0.368679
70 128 0.368679
70 155 0.122893
71 114 0.122893
71 127 2.58075
71 128 0.122893
71 155 0.86025
73 128 0.368679
74 124 0.122893
74 125 2.45786
74 126 0.122893
74 127 0.368679
74 128 0.122893
75 78 1.45935
75 124 2.45786
75 125 0.122893
75 128 0.122893
76 79 1.53616
76 80 0.153616
76 124 0.983143
76 128 0.245786
77 80 1.76659
77 81 0.153616
78 81 1.38254
78 82 0.153616
79 82 1.53616
79 83 0.153616
79 95 0.983143
80 83 1.53616
80 84 0.153616
80 95 0.122893
81 84 1.53616
81 85 0.384039
82 85 1.76659
82 86 0.153616
83 86 1.45935
83 87 0.844889
84 87 1.53616
84 88 0.230425
85 88 0.153616
86 89 1.45935
86 90 0.307232
86 93 0.122893
87 90 1.53616
87 91 0.153616
87 93 0.368679
87 94 0.86025
87 95 0.245786
90 93 0.614464
94 99 0.491571
94 101 0.122893
95 99 0.122893
96 99 0.86025
96 101 0.122893
96 110 2.08918
96 111 0.368679
97 111 2.45786
97 112 0.614464
97 113 0.491571
97 130 0.737357
98 111 0.122893
98 130 0.122893
98 138 1.59761
99 110 2.33496
100 108 0.122893
100 109 2.45786
100 145 0.122893
101 107 0.122893
101 108 2.33496
101 109 0.491571
102 107 2.58075
102 108 0.491571
102 148 0.983143
103 106 2.45786
103 107 0.122893
103 109 0.245786
104 107 0.245786
106 148 0.122893
106 149 0.245786
107 149 2.33496
107 151 0.368679
107 181 0.122893
107 216 0.245786
108 145 0.368679
108 148 0.122893
108 149 0.368679
108 150 2.58075
108 151 0.245786
109 151 2.45786
110 142 0.122893
110 151 0.245786
110 152 2.33496
110 153 0.122893
111 152 0.122893
111 153 2.33496
111 154 0.122893
112 116 0.122893
112 135 0.245786
112 139 0.122893
112 153 0.245786
112 154 2.70364
113 130 0.245786
114 128 2.58075
114 155 0.122893
114 156 0.122893
115 128 0.245786
115 129 2.58075
115 130 0.368679
115 156 0.491571
116 130 2.58075
116 132 0.122893
116 135 0.122893
116 154 0.122893
116 156 0.368679
116 171 0.122893
117 130 0.245786
117 131 2.33496
117 132 0.245786
118 131 2.08918
118 132 0.122893
118 170 0.368679
119 131 0.245786
120 131 0.245786
121 129 0.491571
121 131 0.122893
122 129 2.33496
122 131 0.368679
123 126 0.983143
123 127 2.70364
123 128 2.45786
123 129 0.614464
124 127 2.45786
124 128 0.245786
124 130 0.86025
131 134 1.68978
132 135 1.53616
132 136 0.153616
132 170 0.245786
133 136 1.61297
133 137 0.153616
134 137 1.53616
134 138 0.384039
135 138 1.53616
135 139 0.230425
136 139 1.53616
136 140 0.153616
136 174 0.245786
137 140 0.384039
138 141 0.076808
139 142 0.307232
139 154 0.122893
139 174 0.122893
139 178 0.614464
140 143 0.460848
141 144 0.153616
142 145 0.384039
142 152 0.122893
143 146 0.230425
143 150 0.245786
143 177 0.368679
143 178 1.47471
150 178 0.368679
150 180 2.58075
150 181 2.45786
150 182 0.122893
151 182 2.45786
152 178 0.614464
152 180 0.245786
152 182 0.245786
152 183 2.33496
152 184 0.245786
153 184 2.33496
154 183 0.122893
154 184 0.368679
154 185 2.45786
155 185 2.08918
155 186 0.614464
156 168 0.122893
156 171 0.245786
156 185 0.122893
157 163 0.245786
157 164 0.368679
157 167 2.33496
157 168 0.245786
157 185 0.122893
157 186 0.122893
158 164 0.122893
158 167 0.86025
158 168 2.58075
158 171 0.368679
158 172 0.245786
158 175 0.245786
158 185 0.122893
159 164 2.33496
159 165 0.86025
159 167 0.737357
159 168 0.491571
159 169 1.47471
159 172 0.122893
160 163 2.45786
160 164 2.45786
160 193 0.614464
160 194 0.368679
162 193 0.122893
163 191 0.245786
163 193 0.368679
163 200 0.245786
164 167 0.122893
168 171 1.76659
168 172 0.076808
169 172 1.61297
169 173 0.153616
170 173 1.61297
170 174 0.230425
171 174 1.53616
171 175 0.307232
172 175 1.53616
172 176 0.230425
173 176 1.61297
173 177 0.384039
174 177 1.53616
174 178 0.230425
175 178 1.45935
175 179 0.076808
175 180 0.153616
175 183 0.245786
175 198 0.368679
176 179 0.230425
176 195 0.245786
179 198 0.368679
180 183 0.122893
180 198 0.737357
181 198 2.08918
181 199 0.245786
181 219 0.245786
182 199 2.58075
182 201 0.122893
182 214 0.245786
183 199 0.368679
183 200 2.33496
183 201 0.368679
184 201 2.70364
184 203 0.245786
184 214 0.122893
185 201 0.245786
185 202 0.245786
185 203 0.245786
187 202 0.368679
187 203 2.08918
187 204 2.45786
187 205 0.245786
188 191 0.122893
188 205 0.614464
188 208 0.245786
188 210 0.614464
189 202 0.122893
189 210 0.245786
190 202 2.45786
190 203 0.368679
190 204 0.122893
190 210 0.737357
190 211 0.245786
190 212 0.245786
190 223 0.737357
190 224 0.122893
191 201 2.33496
191 202 0.86025
192 199 0.737357
192 200 2.45786
192 201 0.122893
192 219 0.122893
192 221 0.491571
193 198 0.122893
193 199 2.45786
193 200 0.491571
194 197 0.368679
194 198 2.82654
194 199 0.368679
194 219 0.122893
195 198 0.737357
195 200 0.122893
199 214 0.491571
199 215 0.245786
199 219 1.96629
199 220 0.614464
199 221 0.368679
201 214 0.245786
201 221 0.245786
203 210 2.08918
203 211 2.45786
203 212 0.491571
204 210 2.94943
205 208 2.82654
205 209 2.45786
205 210 3.07232
206 209 0.368679
206 210 0.122893
207 227 0.122893
208 225 0.368679
209 225 3.68679
209 226 0.245786
210 224 2.33496
210 225 0.245786
211 223 2.33496
211 224 1.84339
211 225 0.491571
211 226 0.245786
212 222 2.45786
213 221 2.45786
213 222 0.614464
214 220 2.45786
214 221 0.614464
215 218 2.82654
215 219 2.33496
215 220 0.491571
216 219 0.122893
