nresidues = 271
0 4 0.832182
0 5 0.0924648
0 8 0.147944
0 90 0.147944
0 92 0.295887
1 4 2.68147
1 5 0.18493
1 92 0.443831
2 5 1.8493
2 6 0.462323
2 44 0.147944
2 92 0.295887
2 94 0.295887
2 120 0.147944
2 145 1.03561
2 168 0.443831
3 6 1.8493
3 7 0.18493
4 7 1.8493
4 8 0.18493
5 8 1.75683
5 9 0.0924648
5 43 0.147944
5 44 0.295887
6 9 1.8493
6 10 0.18493
6 44 0.147944
6 169 0.739718
6 203 0.887662
6 223 0.887662
6 224 0.147944
7 10 1.8493
7 11 0.277395
8 11 2.12669
8 12 0.924648
9 12 1.8493
9 13 1.5719
9 14 2.58901
9 15 0.0924648
9 16 0.18493
10 13 0.0924648
10 14 0.0924648
10 223 0.591774
10 254 0.739718
12 253 0.147944
13 253 3.10682
13 254 0.591774
14 43 1.18355
14 252 2.95887
14 253 0.591774
14 254 0.443831
15 220 0.147944
15 222 0.295887
15 223 2.95887
15 224 0.147944
15 252 0.295887
15 254 0.147944
16 43 1.03561
16 223 0.295887
16 224 3.10682
16 225 0.295887
17 41 0.739718
17 42 2.81093
17 43 3.10682
17 44 0.147944
17 225 2.95887
17 245 0.147944
17 248 0.147944
17 252 0.295887
18 44 2.81093
18 225 0.443831
18 226 3.25476
19 38 0.147944
19 42 0.443831
19 44 0.147944
19 45 3.25476
19 46 0.443831
19 227 2.95887
20 46 6.06569
20 47 0.147944
20 48 0.147944
20 61 0.295887
20 96 0.295887
20 226 0.147944
20 227 0.443831
20 228 0.443831
20 231 0.147944
21 31 0.147944
21 34 0.443831
21 35 0.295887
21 46 0.295887
21 47 2.95887
21 48 0.147944
22 25 0.443831
22 31 0.443831
22 48 2.95887
22 50 0.147944
22 64 0.147944
23 31 0.739718
23 47 0.147944
23 48 0.295887
23 50 0.295887
23 68 0.147944
23 73 0.295887
23 81 0.147944
24 27 3.84653
24 68 0.443831
24 73 0.147944
25 30 2.51504
25 31 0.295887
25 64 1.47944
25 67 0.443831
25 232 0.147944
25 235 0.147944
25 236 0.147944
26 67 0.295887
26 71 0.591774
27 30 1.94176
27 31 0.18493
28 31 1.8493
28 32 0.369859
28 80 0.147944
28 81 0.295887
28 84 0.739718
29 32 1.8493
29 33 0.18493
30 33 1.8493
30 34 0.18493
31 34 1.8493
31 35 0.462323
31 47 0.147944
31 81 0.443831
32 35 1.8493
32 36 0.0924648
32 81 0.295887
32 84 0.295887
33 36 2.03422
33 37 0.369859
34 37 1.8493
34 38 0.369859
34 241 0.147944
35 38 1.94176
35 39 0.462323
36 40 0.0924648
37 40 0.18493
37 240 0.147944
37 241 0.295887
38 41 1.8493
38 42 0.18493
38 241 0.147944
38 245 0.443831
39 42 0.277395
39 89 0.295887
39 91 0.295887
40 249 0.591774
41 242 0.295887
41 245 1.47944
41 246 1.18355
41 249 1.33149
42 91 0.591774
43 92 0.147944
44 92 3.10682
45 85 0.147944
45 92 0.295887
45 93 3.10682
45 94 0.295887
46 94 3.10682
46 96 0.295887
46 123 0.591774
46 226 0.147944
47 85 0.147944
47 94 0.295887
47 95 3.25476
47 96 0.295887
48 96 2.81093
49 78 0.147944
49 96 0.295887
49 97 0.147944
49 110 0.295887
50 65 0.739718
50 68 0.147944
50 69 0.295887
50 73 0.443831
51 65 0.295887
51 69 0.295887
51 98 0.443831
51 100 1.33149
52 69 0.147944
57 175 0.147944
58 61 1.5719
58 62 0.739718
58 175 0.147944
59 62 1.94176
59 63 0.18493
60 63 1.8493
60 229 0.739718
60 232 0.443831
61 64 1.8493
61 65 0.18493
61 228 0.147944
61 229 0.295887
62 65 1.8493
62 66 0.18493
63 66 1.8493
63 67 0.0924648
63 236 1.62738
64 67 1.8493
64 68 0.18493
64 232 0.147944
65 68 1.8493
65 69 0.462323
66 69 1.8493
66 70 0.369859
67 70 1.8493
67 71 0.369859
68 71 1.8493
68 72 1.5719
68 73 0.277395
69 72 0.0924648
69 73 0.0924648
73 77 0.277395
73 81 0.147944
74 77 1.94176
74 78 0.18493
75 78 1.8493
75 79 0.369859
75 105 1.18355
75 114 0.147944
76 79 1.75683
76 80 0.0924648
76 105 0.147944
77 80 1.66437
77 81 0.277395
78 81 1.8493
78 82 0.277395
79 82 1.8493
79 83 0.739718
79 113 0.591774
79 114 1.33149
79 117 0.147944
80 83 2.21915
80 84 0.739718
81 84 1.8493
81 85 0.277395
82 85 1.8493
82 86 0.18493
82 114 0.147944
82 117 2.81093
82 118 0.147944
83 86 1.8493
83 87 0.18493
83 117 0.443831
84 87 1.8493
84 88 0.277395
85 88 1.8493
85 89 0.0924648
85 93 0.277395
86 89 0.739718
86 90 0.369859
86 91 0.369859
86 92 0.0924648
86 93 0.832182
86 118 0.591774
86 120 0.147944
92 120 0.591774
93 119 2.95887
93 120 3.25476
93 121 0.147944
94 121 3.55065
94 123 0.147944
94 145 0.295887
94 147 0.295887
94 169 0.591774
95 110 0.147944
95 114 1.03561
95 122 3.25476
95 123 0.295887
96 123 2.81093
96 125 0.295887
97 101 0.0924648
97 102 0.0924648
97 110 0.443831
97 123 0.147944
97 124 0.443831
97 125 0.147944
98 101 0.277395
98 102 0.0924648
98 126 1.03561
99 102 1.94176
99 103 0.277395
99 126 0.295887
99 135 0.147944
100 103 1.8493
100 104 0.18493
101 104 1.8493
101 105 0.277395
101 110 0.147944
102 105 1.66437
102 106 1.8493
102 107 0.277395
102 110 0.739718
102 111 0.147944
103 106 0.0924648
105 109 0.924648
105 113 0.147944
106 109 1.8493
106 110 0.18493
107 110 1.8493
107 111 0.462323
107 138 0.443831
108 111 1.5719
108 112 0.0924648
108 138 0.147944
108 142 0.147944
109 112 1.75683
109 113 0.462323
110 113 1.8493
110 114 0.739718
111 114 1.75683
111 115 0.18493
111 135 0.295887
111 139 0.443831
111 142 0.443831
111 144 0.443831
112 115 1.8493
112 116 0.277395
113 116 1.8493
113 117 0.18493
114 117 1.8493
114 118 1.5719
114 119 0.277395
115 118 1.66437
115 119 0.0924648
115 142 0.591774
115 143 1.03561
115 144 0.443831
119 144 0.147944
120 144 3.10682
120 145 0.295887
121 144 0.295887
121 145 2.95887
122 145 0.443831
122 146 2.81093
122 147 0.591774
123 147 2.95887
123 149 0.147944
124 127 0.147944
124 148 0.147944
125 149 0.443831
127 135 0.147944
127 148 0.295887
128 131 3.99448
129 132 2.95887
129 133 0.443831
129 136 0.295887
129 148 1.62738
129 165 1.03561
130 133 0.443831
130 158 1.33149
130 161 0.295887
130 165 0.147944
132 135 2.31162
132 136 0.0924648
133 136 1.94176
133 137 0.924648
134 137 2.03422
134 138 0.18493
135 138 1.8493
136 139 1.8493
136 140 0.554789
136 146 0.147944
136 148 0.443831
137 140 1.94176
137 141 0.462323
138 141 1.8493
138 142 0.369859
139 142 1.8493
139 143 1.5719
139 144 1.94176
139 146 0.147944
140 143 1.66437
140 144 0.18493
140 146 0.591774
140 165 0.147944
140 167 0.295887
145 167 3.84653
145 168 0.591774
146 165 0.147944
146 166 3.10682
146 167 3.25476
147 167 0.147944
147 169 1.33149
147 170 0.147944
147 171 0.147944
148 162 0.147944
148 165 0.443831
148 166 0.147944
148 170 2.81093
148 171 0.443831
149 171 3.4027
149 173 0.147944
150 154 0.887662
150 158 0.147944
150 159 0.147944
150 162 0.295887
150 170 0.147944
150 171 0.295887
150 172 2.81093
150 173 0.295887
150 196 0.295887
151 154 0.739718
151 173 0.147944
151 192 0.147944
152 173 0.147944
154 195 0.443831
155 158 2.03422
155 159 0.369859
155 195 0.295887
156 159 1.8493
156 160 0.18493
156 195 0.739718
156 199 1.92327
157 160 1.8493
157 161 0.277395
158 161 2.03422
158 162 0.277395
159 162 1.8493
159 163 0.369859
159 195 0.295887
159 196 0.147944
159 199 0.443831
160 163 1.8493
160 164 0.369859
161 164 0.369859
161 165 0.0924648
162 165 1.8493
162 166 0.0924648
163 199 0.147944
163 200 0.443831
163 202 0.147944
166 169 0.147944
166 170 0.147944
166 202 0.295887
168 203 0.295887
169 203 2.95887
169 205 0.295887
170 202 0.147944
170 203 0.147944
170 204 2.81093
170 205 0.443831
171 205 3.10682
171 206 0.443831
171 207 0.295887
171 226 0.739718
172 192 0.147944
172 196 0.147944
172 205 0.443831
172 206 2.95887
172 208 0.147944
173 207 2.81093
174 207 0.443831
174 208 0.887662
188 208 0.295887
189 192 1.8493
189 193 0.369859
189 208 0.295887
189 218 0.295887
190 193 1.8493
190 194 0.18493
190 221 0.147944
191 194 2.21915
191 195 0.462323
192 195 1.8493
192 196 0.554789
193 196 1.8493
193 197 0.369859
193 206 0.147944
194 197 1.75683
194 198 0.18493
195 198 1.66437
195 199 0.462323
196 199 1.8493
196 200 0.18493
196 204 0.147944
197 200 0.369859
197 223 0.887662
203 223 0.739718
204 222 2.81093
204 223 3.4027
204 224 0.147944
205 224 3.10682
206 222 0.295887
206 224 0.147944
206 225 2.81093
206 226 0.295887
210 215 0.554789
210 216 0.18493
210 225 0.147944
210 230 0.147944
211 215 0.369859
211 230 0.147944
211 233 0.147944
211 244 0.147944
211 248 0.147944
212 215 1.94176
212 216 0.18493
212 247 2.51504
212 248 0.147944
213 216 1.8493
213 217 0.18493
213 247 0.739718
213 250 0.443831
213 251 0.295887
214 217 1.75683
214 218 0.369859
215 218 1.8493
215 219 0.0924648
216 219 1.8493
216 220 0.18493
216 248 0.147944
216 251 3.4027
216 252 0.295887
217 220 0.0924648
217 251 0.443831
219 222 0.295887
219 225 0.295887
220 251 0.147944
220 252 0.147944
220 254 0.739718
221 254 0.147944
222 254 0.295887
225 252 0.295887
227 231 0.277395
227 248 0.295887
228 231 1.8493
228 232 0.0924648
229 232 1.8493
229 233 0.832182
230 233 2.21915
230 234 0.18493
230 244 0.147944
231 234 1.8493
231 235 0.369859
232 235 1.94176
232 236 0.554789
233 236 1.8493
233 237 0.369859
234 237 1.75683
234 238 1.75683
234 239 0.277395
234 241 0.147944
234 244 0.147944
235 238 0.0924648
240 243 0.277395
241 244 1.8493
241 245 0.277395
242 245 1.94176
242 246 0.18493
243 246 1.8493
243 247 0.18493
244 247 1.8493
244 248 0.277395
245 248 1.94176
245 249 0.18493
246 249 1.8493
246 250 0.924648
247 250 1.8493
248 251 1.75683
248 252 0.462323
249 252 1.8493
250 253 0.0924648
