nresidues = 316
0 27 0.0625
0 28 1.25
0 29 0.4375
0 39 0.1875
0 105 0.1875
1 26 0.1875
1 27 1.1875
1 28 0.125
2 26 1.25
2 27 0.375
2 103 0.25
2 104 0.3125
2 105 0.0625
3 24 0.0625
3 25 1.375
3 26 0.4375
3 103 1.25
3 104 0.125
4 23 0.0625
4 24 1.3125
4 25 0.3125
4 27 0.625
4 70 0.0625
4 71 0.25
4 72 0.1875
4 102 1.25
4 103 0.25
5 22 0.0625
5 23 1.25
5 72 1.25
5 102 0.1875
6 22 1.25
6 23 0.5
6 70 0.375
6 71 1.5625
6 72 0.0625
7 21 1.3125
7 67 0.125
7 68 0.0625
7 69 1.3125
7 70 0.0625
8 20 0.1875
8 21 1.3125
8 22 0.0625
8 23 0.3125
8 69 0.0625
9 20 0.0625
9 21 0.5
9 69 0.0625
10 55 0.25
10 56 0.0625
10 57 0.375
10 67 0.0625
10 69 0.125
11 15 0.0625
11 21 0.0625
11 52 0.1875
11 55 0.125
12 15 0.0625
12 52 0.1875
12 56 0.125
13 52 0.125
13 56 0.0625
14 52 0.0625
15 52 0.25
17 21 0.25
17 52 0.25
17 55 0.125
18 21 0.375
19 22 0.25
21 55 0.1875
22 55 0.125
22 102 0.0625
29 105 0.0625
30 107 0.125
31 83 0.0625
31 107 0.0625
32 107 0.125
33 37 0.375
33 38 0.125
33 83 0.1875
33 84 0.0625
33 85 0.375
33 107 0.0625
34 37 0.5625
34 85 0.125
35 85 1.125
36 85 1.1875
36 86 0.375
36 109 1.25
36 110 0.0625
37 84 1.1875
37 85 0.1875
37 107 0.1875
37 108 1.3125
37 109 0.1875
38 83 1.3125
38 84 0.125
38 89 0.0625
38 106 0.0625
38 107 1.1875
38 108 0.25
38 113 0.0625
39 81 1.3125
39 82 1.5625
39 83 0.375
39 106 1.25
40 80 1.25
40 95 0.0625
40 100 0.25
40 105 1.3125
40 106 0.25
40 108 0.0625
41 79 1.1875
41 80 0.3125
41 82 0.5
41 104 1.1875
42 45 0.125
42 78 1.25
42 79 0.0625
42 100 0.375
42 103 0.25
42 104 0.25
43 78 1.3125
43 79 0.25
43 94 0.125
43 125 0.0625
44 77 1.25
44 78 0.3125
44 125 0.1875
44 126 0.0625
44 129 0.1875
45 76 1.25
45 77 0.0625
45 100 0.0625
45 102 0.25
45 129 0.0625
46 51 0.0390625
46 75 0.0625
46 76 0.25
47 51 0.078125
48 51 0.195312
49 52 0.078125
50 53 0.0390625
50 54 0.0390625
50 64 0.125
50 75 0.0625
51 54 0.78125
51 55 0.0390625
51 67 0.0625
51 74 0.0625
51 75 0.0625
51 102 0.125
52 55 0.117188
52 56 0.195312
53 56 0.273438
53 59 0.3125
53 64 0.0625
54 59 0.0625
54 64 0.0625
54 65 0.3125
54 66 1.25
54 67 0.5
55 67 0.125
56 66 0.0625
57 66 0.1875
59 64 0.3125
59 65 0.125
59 66 0.1875
61 64 0.125
67 73 0.5
67 74 0.375
67 102 0.0625
68 71 0.1875
72 101 0.0625
72 102 0.1875
72 103 0.0625
73 101 1.25
73 102 0.875
74 98 1.0625
74 99 0.25
74 100 1.3125
74 101 0.0625
74 102 0.375
75 97 0.0625
75 98 1.4375
75 99 1.25
75 100 0.25
76 97 1.1875
76 100 0.0625
76 129 0.0625
77 96 1.3125
77 97 0.0625
77 100 0.3125
77 129 0.125
78 95 1.3125
78 96 0.0625
78 100 0.25
78 116 0.0625
78 125 0.0625
78 128 0.0625
78 129 0.0625
79 94 1.3125
79 95 0.1875
79 100 0.125
80 92 0.1875
80 93 1.3125
80 94 0.25
81 84 0.0625
81 90 0.125
81 91 1.25
81 92 0.0625
81 93 0.1875
82 91 0.25
82 105 0.25
84 89 0.25
86 89 0.1875
86 110 0.25
88 93 0.0625
88 110 0.125
88 113 0.125
89 93 0.25
89 95 0.0625
89 115 0.0625
90 93 0.4375
93 115 0.5
94 115 1.375
94 116 0.3125
94 118 0.125
94 125 0.125
95 100 0.3125
95 114 1.3125
96 100 0.0625
96 113 1.25
96 114 0.25
96 116 0.0625
97 100 0.0625
97 112 0.125
97 113 0.0625
98 134 0.1875
101 106 0.0625
103 106 0.125
108 113 0.0625
109 112 1.125
109 113 0.0625
110 113 0.25
116 128 0.375
117 120 0.25
117 128 0.1875
118 121 1.3125
118 122 1.25
118 123 0.0625
118 125 0.0625
119 122 0.0625
119 307 0.1875
120 299 0.0625
120 300 0.0625
120 303 0.5
120 307 0.125
121 124 0.3125
121 127 0.0625
121 128 0.1875
121 132 0.1875
121 306 0.1875
122 306 0.125
122 307 0.3125
124 127 1.5
124 315 0.25
125 128 0.25
126 129 1.25
126 315 0.25
127 130 1.1875
127 131 1.125
127 132 1.4375
127 306 0.1875
127 313 0.3125
127 315 0.25
128 132 1.25
128 133 0.0625
129 135 0.125
130 133 0.1875
130 134 1.0625
130 135 1.625
130 136 0.0625
131 136 0.125
131 169 0.0625
131 302 0.25
131 313 0.0625
132 299 0.1875
132 302 0.1875
133 136 0.742188
133 137 0.078125
134 137 0.820312
134 138 0.15625
134 295 0.125
135 138 0.78125
135 139 0.078125
135 166 0.1875
135 169 0.0625
136 139 0.78125
136 140 0.078125
136 169 0.0625
136 302 0.1875
137 140 0.820312
137 141 0.195312
137 295 0.1875
137 298 0.1875
137 299 0.1875
137 302 0.0625
138 141 0.664062
138 142 0.0390625
138 286 0.1875
138 288 0.125
139 142 0.664062
139 143 0.078125
139 166 0.125
139 173 0.0625
140 143 0.78125
140 144 0.195312
140 173 0.0625
140 177 0.1875
140 298 0.1875
140 302 0.0625
140 305 0.125
141 144 0.742188
141 145 0.15625
141 286 0.375
141 291 0.1875
141 295 0.125
142 145 0.742188
142 146 0.820312
142 228 0.3125
142 286 0.25
143 146 0.742188
143 147 0.0390625
143 149 0.0625
143 177 0.1875
143 228 0.25
145 291 0.0625
145 294 0.375
146 250 0.1875
146 284 0.25
146 285 0.0625
146 291 0.0625
147 226 0.0625
148 155 0.0625
148 248 0.5
149 155 0.5
149 177 0.0625
149 178 0.25
149 179 0.125
150 153 0.4375
150 155 0.25
151 178 0.0625
153 180 0.0625
154 180 0.25
154 225 0.0625
155 179 1.125
155 180 1.4375
155 181 0.1875
155 225 0.3125
156 181 1.3125
156 220 0.0625
156 223 0.1875
156 224 1.1875
156 225 1.4375
156 226 0.0625
157 174 0.0625
157 179 0.1875
157 181 0.1875
157 182 1.1875
157 183 0.125
157 226 1.25
157 228 0.1875
158 183 1.25
158 185 0.125
158 220 0.0625
158 224 0.125
158 226 0.125
158 227 1.3125
158 228 0.1875
159 162 0.0625
159 167 0.0625
159 170 0.0625
159 183 0.125
159 184 1.1875
159 185 0.125
159 227 0.0625
159 228 1.1875
160 185 1.0625
160 227 0.3125
160 228 0.1875
160 229 0.25
160 230 0.3125
160 231 0.125
161 164 0.0625
161 167 0.0625
161 185 1.0625
162 167 1.375
162 168 0.125
162 184 0.1875
162 185 0.125
162 195 0.125
163 191 0.0625
164 167 1.1875
164 168 0.25
165 168 0.1875
165 169 0.125
166 169 1.25
167 170 0.125
167 201 0.0625
168 199 0.1875
168 201 0.0625
169 172 0.78125
169 173 0.195312
170 173 0.742188
170 174 0.0390625
170 182 0.0625
170 201 0.1875
171 174 0.664062
171 175 0.195312
171 182 0.125
171 199 1.1875
171 200 0.1875
171 201 0.1875
172 175 0.78125
172 176 0.195312
172 199 0.125
172 310 0.0625
172 311 0.4375
172 312 0.5
173 176 0.78125
173 177 0.195312
173 302 0.0625
174 177 0.78125
174 178 0.742188
174 179 0.15625
175 178 0.0390625
175 179 0.078125
175 180 0.15625
175 181 0.0390625
175 182 0.117188
175 200 0.125
175 202 0.375
176 305 0.375
176 310 0.1875
180 202 0.0625
181 202 0.5
181 203 0.0625
181 219 0.3125
182 201 1.375
182 202 1.3125
182 203 0.0625
183 201 0.1875
183 203 1.3125
183 219 0.125
183 220 0.0625
184 201 0.125
184 204 1.3125
184 205 0.1875
185 205 1.25
185 207 0.125
185 235 0.0625
185 239 0.0625
186 191 0.1875
186 192 0.1875
186 195 0.0625
186 205 0.25
186 206 1.3125
186 207 0.5625
187 206 0.25
187 207 0.125
187 208 0.125
188 191 0.976562
188 192 0.117188
188 206 0.1875
189 192 0.78125
189 193 0.078125
189 206 0.3125
190 193 0.78125
190 194 0.078125
191 194 0.78125
191 195 0.117188
192 195 0.742188
192 196 0.15625
192 204 0.25
192 205 0.1875
192 206 0.125
193 196 0.898438
193 197 0.15625
194 197 0.820312
194 198 1.05469
194 199 0.117188
194 314 0.25
195 198 0.703125
195 199 0.820312
195 200 0.664062
195 201 0.273438
196 201 0.117188
196 202 0.0390625
196 203 0.078125
203 219 0.0625
205 212 0.0625
205 215 0.5
205 216 0.0625
206 209 0.4375
206 215 0.3125
207 212 0.1875
209 215 0.125
211 214 1.25
211 215 0.195312
212 215 0.78125
212 216 0.078125
212 238 0.0625
213 216 0.78125
213 217 0.234375
213 238 0.125
213 242 0.375
214 217 0.898438
214 218 0.117188
215 218 0.78125
215 219 0.078125
216 219 0.820312
216 220 0.15625
216 239 0.125
216 242 0.625
217 220 0.78125
217 221 0.0390625
217 242 0.3125
218 221 0.0390625
220 223 0.125
222 244 0.25
223 242 1.1875
223 244 0.4375
224 242 0.1875
224 243 1.5
224 244 0.3125
224 247 0.125
225 244 0.3125
225 247 1.4375
226 243 0.0625
226 248 1.25
226 250 0.0625
227 231 0.0625
227 235 0.0625
227 236 0.4375
227 239 0.375
227 243 0.125
227 248 0.125
227 249 1.3125
227 250 0.25
228 250 1.625
229 232 0.125
229 236 0.25
229 250 0.1875
229 251 1.3125
229 252 0.0625
230 252 0.25
232 235 0.664062
232 236 0.195312
233 236 0.78125
233 237 0.117188
234 237 0.820312
234 238 0.078125
235 238 0.78125
235 239 0.117188
236 239 0.78125
236 240 0.195312
237 240 0.664062
237 241 0.078125
237 269 0.1875
237 272 0.25
238 241 0.742188
238 242 0.0390625
239 242 0.78125
239 243 0.0390625
240 243 0.195312
240 249 0.125
240 272 0.0625
240 275 0.0625
240 279 0.0625
241 279 0.25
242 279 0.0625
243 247 0.3125
243 248 0.125
243 249 0.1875
243 279 0.3125
243 281 0.0625
244 247 0.3125
244 281 0.0625
245 279 1.25
245 280 1.0625
246 279 0.0625
246 280 0.375
247 280 0.0625
247 281 1.5
247 282 0.0625
248 282 1.6875
249 281 0.125
249 282 0.3125
249 283 1.375
249 284 0.0625
250 284 1.25
250 286 0.0625
251 283 0.0625
251 284 0.1875
251 285 1.25
251 286 0.1875
265 283 0.25
265 285 0.0625
266 283 0.25
268 272 0.078125
268 273 0.0390625
268 283 0.375
269 272 0.78125
269 273 0.078125
270 273 0.78125
270 274 0.078125
271 274 0.703125
271 275 0.117188
272 275 0.78125
272 276 0.078125
273 276 1.05469
273 277 0.273438
274 277 0.78125
274 278 0.15625
275 278 0.742188
275 279 0.351562
276 279 0.703125
276 280 0.742188
276 281 0.351562
276 283 0.0625
277 280 0.0390625
286 291 0.1875
287 290 0.375
287 291 0.125
288 291 0.25
288 295 0.1875
289 292 0.125
291 294 1.3125
291 295 0.3125
292 295 0.5
293 297 0.078125
294 297 0.820312
294 298 0.0390625
295 298 0.742188
295 299 0.117188
296 299 0.78125
296 300 0.078125
297 300 0.78125
297 301 0.078125
298 301 0.78125
298 302 0.15625
299 302 0.820312
299 303 0.078125
300 303 0.78125
300 304 0.117188
301 304 0.78125
301 305 0.742188
302 305 0.78125
302 306 0.078125
302 311 0.0625
303 306 0.820312
303 307 0.234375
304 307 0.820312
304 308 0.273438
305 308 0.859375
305 309 0.78125
305 310 0.820312
305 311 0.078125
306 309 0.0390625
306 311 0.078125
309 312 0.125
