nresidues = 316
0 27 0.143842
0 28 2.87684
0 29 1.00689
0 39 0.431526
0 105 0.431526
1 26 0.431526
1 27 2.733
1 28 0.287684
2 26 2.87684
2 27 0.863053
2 103 0.575368
2 104 0.71921
2 105 0.143842
3 24 0.143842
3 25 3.16453
3 26 1.00689
3 103 2.87684
3 104 0.287684
4 23 0.143842
4 24 3.02068
4 25 0.71921
4 27 1.43842
4 70 0.143842
4 71 0.575368
4 72 0.431526
4 102 2.87684
4 103 0.575368
5 22 0.143842
5 23 2.87684
5 72 2.87684
5 102 0.431526
6 22 2.87684
6 23 1.15074
6 70 0.863053
6 71 3.59605
6 72 0.143842
7 21 3.02068
7 67 0.287684
7 68 0.143842
7 69 3.02068
7 70 0.143842
8 20 0.431526
8 21 3.02068
8 22 0.143842
8 23 0.71921
8 69 0.143842
9 20 0.143842
9 21 1.15074
9 69 0.143842
10 55 0.575368
10 56 0.143842
10 57 0.863053
10 67 0.143842
10 69 0.287684
11 15 0.143842
11 21 0.143842
11 52 0.431526
11 55 0.287684
12 15 0.143842
12 52 0.431526
12 56 0.287684
13 52 0.287684
13 56 0.143842
14 52 0.143842
15 52 0.575368
17 21 0.575368
17 52 0.575368
17 55 0.287684
18 21 0.863053
19 22 0.575368
21 55 0.431526
22 55 0.287684
22 102 0.143842
29 105 0.143842
30 107 0.287684
31 83 0.143842
31 107 0.143842
32 107 0.287684
33 37 0.863053
33 38 0.287684
33 83 0.431526
33 84 0.143842
33 85 0.863053
33 107 0.143842
34 37 1.29458
34 85 0.287684
35 85 2.58916
36 85 2.733
36 86 0.863053
36 109 2.87684
36 110 0.143842
37 84 2.733
37 85 0.431526
37 107 0.431526
37 108 3.02068
37 109 0.431526
38 83 3.02068
38 84 0.287684
38 89 0.143842
38 106 0.143842
38 107 2.733
38 108 0.575368
38 113 0.143842
39 81 3.02068
39 82 3.59605
39 83 0.863053
39 106 2.87684
40 80 2.87684
40 95 0.143842
40 100 0.575368
40 105 3.02068
40 106 0.575368
40 108 0.143842
41 79 2.733
41 80 0.71921
41 82 1.15074
41 104 2.733
42 45 0.287684
42 78 2.87684
42 79 0.143842
42 100 0.863053
42 103 0.575368
42 104 0.575368
43 78 3.02068
43 79 0.575368
43 94 0.287684
43 125 0.143842
44 77 2.87684
44 78 0.71921
44 125 0.431526
44 126 0.143842
44 129 0.431526
45 76 2.87684
45 77 0.143842
45 100 0.143842
45 102 0.575368
45 129 0.143842
46 51 0.0899013
46 75 0.143842
46 76 0.575368
47 51 0.179803
48 51 0.449505
49 52 0.179803
50 53 0.0899013
50 54 0.0899013
50 64 0.287684
50 75 0.143842
51 54 1.79803
51 55 0.0899013
51 67 0.143842
51 74 0.143842
51 75 0.143842
51 102 0.287684
52 55 0.269705
52 56 0.449505
53 56 0.62931
53 59 0.71921
53 64 0.143842
54 59 0.143842
54 64 0.143842
54 65 0.71921
54 66 2.87684
54 67 1.15074
55 67 0.287684
56 66 0.143842
57 66 0.431526
59 64 0.71921
59 65 0.287684
59 66 0.431526
61 64 0.287684
67 73 1.15074
67 74 0.863053
67 102 0.143842
68 71 0.431526
72 101 0.143842
72 102 0.431526
72 103 0.143842
73 101 2.87684
73 102 2.01379
74 98 2.44532
74 99 0.575368
74 100 3.02068
74 101 0.143842
74 102 0.863053
75 97 0.143842
75 98 3.30837
75 99 2.87684
75 100 0.575368
76 97 2.733
76 100 0.143842
76 129 0.143842
77 96 3.02068
77 97 0.143842
77 100 0.71921
77 129 0.287684
78 95 3.02068
78 96 0.143842
78 100 0.575368
78 116 0.143842
78 125 0.143842
78 128 0.143842
78 129 0.143842
79 94 3.02068
79 95 0.431526
79 100 0.287684
80 92 0.431526
80 93 3.02068
80 94 0.575368
81 84 0.143842
81 90 0.287684
81 91 2.87684
81 92 0.143842
81 93 0.431526
82 91 0.575368
82 105 0.575368
84 89 0.575368
86 89 0.431526
86 110 0.575368
88 93 0.143842
88 110 0.287684
88 113 0.287684
89 93 0.575368
89 95 0.143842
89 115 0.143842
90 93 1.00689
93 115 1.15074
94 115 3.16453
94 116 0.71921
94 118 0.287684
94 125 0.287684
95 100 0.71921
95 114 3.02068
96 100 0.143842
96 113 2.87684
96 114 0.575368
96 116 0.143842
97 100 0.143842
97 112 0.287684
97 113 0.143842
98 134 0.431526
101 106 0.143842
103 106 0.287684
108 113 0.143842
109 112 2.58916
109 113 0.143842
110 113 0.575368
116 128 0.863053
117 120 0.575368
117 128 0.431526
118 121 3.02068
118 122 2.87684
118 123 0.143842
118 125 0.143842
119 122 0.143842
119 307 0.431526
120 299 0.143842
120 300 0.143842
120 303 1.15074
120 307 0.287684
121 124 0.71921
121 127 0.143842
121 128 0.431526
121 132 0.431526
121 306 0.431526
122 306 0.287684
122 307 0.71921
124 127 3.45221
124 315 0.575368
125 128 0.575368
126 129 2.87684
126 315 0.575368
127 130 2.733
127 131 2.58916
127 132 3.30837
127 306 0.431526
127 313 0.71921
127 315 0.575368
128 132 2.87684
128 133 0.143842
129 135 0.287684
130 133 0.431526
130 134 2.44532
130 135 3.73989
130 136 0.143842
131 136 0.287684
131 169 0.143842
131 302 0.575368
131 313 0.143842
132 299 0.431526
132 302 0.431526
133 136 1.70813
133 137 0.179803
134 137 1.88793
134 138 0.359605
134 295 0.287684
135 138 1.79803
135 139 0.179803
135 166 0.431526
135 169 0.143842
136 139 1.79803
136 140 0.179803
136 169 0.143842
136 302 0.431526
137 140 1.88793
137 141 0.449505
137 295 0.431526
137 298 0.431526
137 299 0.431526
137 302 0.143842
138 141 1.52832
138 142 0.0899013
138 286 0.431526
138 288 0.287684
139 142 1.52832
139 143 0.179803
139 166 0.287684
139 173 0.143842
140 143 1.79803
140 144 0.449505
140 173 0.143842
140 177 0.431526
140 298 0.431526
140 302 0.143842
140 305 0.287684
141 144 1.70813
141 145 0.359605
141 286 0.863053
141 291 0.431526
141 295 0.287684
142 145 1.70813
142 146 1.88793
142 228 0.71921
142 286 0.575368
143 146 1.70813
143 147 0.0899013
143 149 0.143842
143 177 0.431526
143 228 0.575368
145 291 0.143842
145 294 0.863053
146 250 0.431526
146 284 0.575368
146 285 0.143842
146 291 0.143842
147 226 0.143842
148 155 0.143842
148 248 1.15074
149 155 1.15074
149 177 0.143842
149 178 0.575368
149 179 0.287684
150 153 1.00689
150 155 0.575368
151 178 0.143842
153 180 0.143842
154 180 0.575368
154 225 0.143842
155 179 2.58916
155 180 3.30837
155 181 0.431526
155 225 0.71921
156 181 3.02068
156 220 0.143842
156 223 0.431526
156 224 2.733
156 225 3.30837
156 226 0.143842
157 174 0.143842
157 179 0.431526
157 181 0.431526
157 182 2.733
157 183 0.287684
157 226 2.87684
157 228 0.431526
158 183 2.87684
158 185 0.287684
158 220 0.143842
158 224 0.287684
158 226 0.287684
158 227 3.02068
158 228 0.431526
159 162 0.143842
159 167 0.143842
159 170 0.143842
159 183 0.287684
159 184 2.733
159 185 0.287684
159 227 0.143842
159 228 2.733
160 185 2.44532
160 227 0.71921
160 228 0.431526
160 229 0.575368
160 230 0.71921
160 231 0.287684
161 164 0.143842
161 167 0.143842
161 185 2.44532
162 167 3.16453
162 168 0.287684
162 184 0.431526
162 185 0.287684
162 195 0.287684
163 191 0.143842
164 167 2.733
164 168 0.575368
165 168 0.431526
165 169 0.287684
166 169 2.87684
167 170 0.287684
167 201 0.143842
168 199 0.431526
168 201 0.143842
169 172 1.79803
169 173 0.449505
170 173 1.70813
170 174 0.0899013
170 182 0.143842
170 201 0.431526
171 174 1.52832
171 175 0.449505
171 182 0.287684
171 199 2.733
171 200 0.431526
171 201 0.431526
172 175 1.79803
172 176 0.449505
172 199 0.287684
172 310 0.143842
172 311 1.00689
172 312 1.15074
173 176 1.79803
173 177 0.449505
173 302 0.143842
174 177 1.79803
174 178 1.70813
174 179 0.359605
175 178 0.0899013
175 179 0.179803
175 180 0.359605
175 181 0.0899013
175 182 0.269705
175 200 0.287684
175 202 0.863053
176 305 0.863053
176 310 0.431526
180 202 0.143842
181 202 1.15074
181 203 0.143842
181 219 0.71921
182 201 3.16453
182 202 3.02068
182 203 0.143842
183 201 0.431526
183 203 3.02068
183 219 0.287684
183 220 0.143842
184 201 0.287684
184 204 3.02068
184 205 0.431526
185 205 2.87684
185 207 0.287684
185 235 0.143842
185 239 0.143842
186 191 0.431526
186 192 0.431526
186 195 0.143842
186 205 0.575368
186 206 3.02068
186 207 1.29458
187 206 0.575368
187 207 0.287684
187 208 0.287684
188 191 2.24753
188 192 0.269705
188 206 0.431526
189 192 1.79803
189 193 0.179803
189 206 0.71921
190 193 1.79803
190 194 0.179803
191 194 1.79803
191 195 0.269705
192 195 1.70813
192 196 0.359605
192 204 0.575368
192 205 0.431526
192 206 0.287684
193 196 2.06773
193 197 0.359605
194 197 1.88793
194 198 2.42734
194 199 0.269705
194 314 0.575368
195 198 1.61822
195 199 1.88793
195 200 1.52832
195 201 0.62931
196 201 0.269705
196 202 0.0899013
196 203 0.179803
203 219 0.143842
205 212 0.143842
205 215 1.15074
205 216 0.143842
206 209 1.00689
206 215 0.71921
207 212 0.431526
209 215 0.287684
211 214 2.87684
211 215 0.449505
212 215 1.79803
212 216 0.179803
212 238 0.143842
213 216 1.79803
213 217 0.539408
213 238 0.287684
213 242 0.863053
214 217 2.06773
214 218 0.269705
215 218 1.79803
215 219 0.179803
216 219 1.88793
216 220 0.359605
216 239 0.287684
216 242 1.43842
217 220 1.79803
217 221 0.0899013
217 242 0.71921
218 221 0.0899013
220 223 0.287684
222 244 0.575368
223 242 2.733
223 244 1.00689
224 242 0.431526
224 243 3.45221
224 244 0.71921
224 247 0.287684
225 244 0.71921
225 247 3.30837
226 243 0.143842
226 248 2.87684
226 250 0.143842
227 231 0.143842
227 235 0.143842
227 236 1.00689
227 239 0.863053
227 243 0.287684
227 248 0.287684
227 249 3.02068
227 250 0.575368
228 250 3.73989
229 232 0.287684
229 236 0.575368
229 250 0.431526
229 251 3.02068
229 252 0.143842
230 252 0.575368
232 235 1.52832
232 236 0.449505
233 236 1.79803
233 237 0.269705
234 237 1.88793
234 238 0.179803
235 238 1.79803
235 239 0.269705
236 239 1.79803
236 240 0.449505
237 240 1.52832
237 241 0.179803
237 269 0.431526
237 272 0.575368
238 241 1.70813
238 242 0.0899013
239 242 1.79803
239 243 0.0899013
240 243 0.449505
240 249 0.287684
240 272 0.143842
240 275 0.143842
240 279 0.143842
241 279 0.575368
242 279 0.143842
243 247 0.71921
243 248 0.287684
243 249 0.431526
243 279 0.71921
243 281 0.143842
244 247 0.71921
244 281 0.143842
245 279 2.87684
245 280 2.44532
246 279 0.143842
246 280 0.863053
247 280 0.143842
247 281 3.45221
247 282 0.143842
248 282 3.88374
249 281 0.287684
249 282 0.71921
249 283 3.16453
249 284 0.143842
250 284 2.87684
250 286 0.143842
251 283 0.143842
251 284 0.431526
251 285 2.87684
251 286 0.431526
265 283 0.575368
265 285 0.143842
266 283 0.575368
268 272 0.179803
268 273 0.0899013
268 283 0.863053
269 272 1.79803
269 273 0.179803
270 273 1.79803
270 274 0.179803
271 274 1.61822
271 275 0.269705
272 275 1.79803
272 276 0.179803
273 276 2.42734
273 277 0.62931
274 277 1.79803
274 278 0.359605
275 278 1.70813
275 279 0.809111
276 279 1.61822
276 280 1.70813
276 281 0.809111
276 283 0.143842
277 280 0.0899013
286 291 0.431526
287 290 0.863053
287 291 0.287684
288 291 0.575368
288 295 0.431526
289 292 0.287684
291 294 3.02068
291 295 0.71921
292 295 1.15074
293 297 0.179803
294 297 1.88793
294 298 0.0899013
295 298 1.70813
295 299 0.269705
296 299 1.79803
296 300 0.179803
297 300 1.79803
297 301 0.179803
298 301 1.79803
298 302 0.359605
299 302 1.88793
299 303 0.179803
300 303 1.79803
300 304 0.269705
301 304 1.79803
301 305 1.70813
302 305 1.79803
302 306 0.179803
302 311 0.143842
303 306 1.88793
303 307 0.539408
304 307 1.88793
304 308 0.62931
305 308 1.97783
305 309 1.79803
305 310 1.88793
305 311 0.179803
306 309 0.0899013
306 311 0.179803
309 312 0.287684
