nresidues = 609
3 131 0.147377
3 134 0.147377
3 135 0.294754
4 135 0.589509
5 135 0.589509
5 138 0.442132
6 39 0.147377
6 135 0.884263
6 295 0.147377
6 454 0.147377
6 456 0.589509
7 456 0.294754
7 457 0.442132
7 458 0.442132
7 459 0.147377
8 31 0.147377
8 34 0.147377
8 35 0.294754
8 142 0.147377
8 295 0.147377
9 34 0.736886
9 295 0.294754
11 31 0.147377
11 34 0.294754
12 439 0.442132
12 470 1.17902
13 17 1.17902
13 308 1.32639
14 17 1.76853
14 309 0.147377
16 19 0.736886
16 312 0.147377
16 320 0.884263
17 20 0.442132
17 23 0.442132
17 308 0.589509
17 309 0.589509
17 312 1.32639
18 23 0.442132
18 24 0.294754
18 27 1.17902
18 148 0.442132
18 308 0.294754
19 148 0.294754
19 320 2.65279
19 321 0.294754
20 23 1.93432
20 24 0.184222
20 148 0.147377
20 320 0.589509
20 327 0.442132
20 330 0.736886
21 24 1.75011
21 25 0.368443
21 64 0.294754
21 97 0.736886
21 98 1.9159
21 101 0.589509
21 148 0.294754
21 327 0.589509
22 25 1.75011
22 26 0.184222
22 60 0.147377
22 327 0.294754
22 330 0.442132
22 331 0.147377
23 26 1.84222
23 27 0.184222
23 308 0.884263
23 312 0.147377
23 330 0.294754
23 334 0.147377
24 27 2.11855
24 28 0.552665
24 143 0.442132
24 146 1.03164
24 147 0.589509
24 148 0.589509
25 28 2.02644
25 29 0.0921108
25 56 0.147377
25 60 0.147377
25 101 0.147377
25 102 0.294754
25 105 0.589509
25 106 0.736886
25 143 0.294754
25 147 0.147377
26 29 1.75011
26 30 0.368443
26 57 1.03164
26 304 0.442132
26 308 1.03164
26 334 0.736886
27 30 1.93432
27 31 0.552665
27 308 0.589509
28 31 1.84222
28 32 0.368443
28 109 0.147377
28 143 0.294754
29 32 1.84222
29 33 0.184222
29 56 0.147377
30 33 2.02644
30 34 0.0921108
30 53 0.294754
30 301 0.294754
30 304 0.294754
31 34 2.487
31 35 0.276333
31 139 0.147377
32 35 1.84222
32 36 0.276333
32 109 0.442132
32 113 0.589509
32 136 0.442132
32 139 0.294754
33 36 1.65799
33 37 0.644777
33 49 0.294754
33 297 0.442132
33 298 0.442132
33 301 0.442132
34 37 1.84222
34 38 0.368443
34 295 0.884263
34 296 0.294754
34 301 1.47377
34 441 0.147377
35 38 2.02644
35 39 0.368443
35 136 0.442132
35 139 0.147377
36 39 1.93432
36 40 1.93432
36 41 0.460553
36 42 0.460553
36 44 0.0921108
36 113 0.147377
36 136 0.442132
37 43 0.0921108
37 44 1.01322
37 292 0.294754
37 294 0.147377
37 297 0.294754
37 298 0.589509
38 294 0.884263
38 295 0.147377
38 454 0.147377
39 132 0.884263
39 135 0.294754
40 128 0.294754
41 44 0.294754
41 128 0.736886
42 112 0.147377
42 113 0.589509
42 128 0.442132
42 136 0.147377
43 48 2.65279
43 49 0.294754
43 52 0.147377
43 112 0.442132
43 113 0.589509
44 221 0.147377
45 48 1.56588
45 49 0.368443
45 221 0.589509
45 298 0.442132
46 49 2.11855
46 50 0.184222
46 221 0.294754
46 300 0.147377
46 349 0.294754
46 406 0.589509
47 50 1.84222
47 51 0.184222
47 221 0.442132
47 225 0.442132
47 345 0.147377
47 349 1.17902
48 51 1.93432
48 52 0.184222
48 178 0.147377
48 225 0.442132
49 52 1.75011
49 53 0.0921108
49 298 0.442132
49 300 0.294754
50 53 1.84222
50 54 0.0921108
50 300 0.294754
50 341 0.147377
50 342 0.442132
51 54 1.75011
51 55 0.368443
51 172 0.589509
51 174 0.147377
51 225 0.884263
51 229 0.884263
51 230 0.442132
51 232 0.884263
51 342 0.294754
51 346 0.147377
52 55 1.84222
52 56 0.184222
52 112 0.147377
52 113 0.147377
53 56 1.84222
53 57 0.368443
53 304 0.147377
53 338 0.736886
53 342 0.147377
54 57 1.75011
54 58 0.184222
54 232 0.294754
54 338 0.442132
54 342 0.147377
55 58 1.84222
55 59 0.184222
55 108 0.589509
55 112 0.147377
55 169 0.294754
55 172 0.294754
55 173 0.294754
55 232 0.294754
56 59 1.84222
56 60 0.460553
56 105 0.294754
56 108 0.147377
56 109 0.147377
57 60 1.93432
57 61 0.184222
57 334 0.884263
57 335 0.294754
57 338 0.294754
58 61 1.93432
58 62 0.184222
58 76 0.589509
58 168 1.03164
58 172 0.147377
58 232 0.147377
58 339 0.294754
59 62 1.65799
59 63 0.184222
59 104 0.294754
59 164 0.147377
59 168 0.147377
60 63 1.84222
60 64 0.184222
60 101 0.147377
61 64 1.84222
61 65 1.01322
61 73 0.147377
61 74 0.147377
61 331 0.147377
61 332 0.736886
61 335 0.442132
62 65 1.65799
62 66 0.368443
62 75 1.32639
62 76 1.17902
62 77 0.589509
62 88 0.589509
62 168 0.884263
63 66 1.75011
63 67 0.184222
63 100 0.147377
63 104 0.147377
63 160 0.147377
64 67 1.93432
64 68 0.276333
64 97 0.294754
64 101 0.147377
64 324 1.17902
64 327 0.884263
64 328 0.736886
65 68 2.11855
65 69 0.184222
65 70 0.460553
65 73 0.884263
65 328 0.442132
65 331 0.294754
66 69 0.0921108
66 75 0.147377
66 88 0.147377
66 91 0.147377
66 160 0.442132
67 94 0.147377
67 95 0.589509
67 96 0.589509
67 97 0.294754
67 100 0.147377
70 73 1.47377
73 332 2.65279
75 88 0.442132
76 168 0.442132
76 232 0.294754
76 567 0.294754
76 568 0.736886
76 569 1.47377
77 81 0.147377
77 86 3.09492
77 88 0.589509
77 167 0.147377
77 168 0.736886
78 81 0.884263
78 86 0.147377
78 87 2.94754
78 88 0.589509
79 87 0.589509
79 88 0.736886
79 90 0.147377
81 86 0.368443
81 87 0.644777
82 87 0.368443
83 86 2.21066
83 87 0.276333
84 87 0.644777
85 167 0.147377
85 171 0.442132
86 171 0.589509
86 572 0.589509
87 167 0.294754
88 164 0.147377
89 160 0.442132
89 163 1.62115
89 167 0.294754
90 160 0.884263
91 94 0.442132
91 160 0.442132
94 156 0.147377
94 157 0.736886
95 157 0.294754
96 99 2.21066
96 100 0.184222
96 157 0.884263
97 100 1.84222
97 101 0.276333
98 101 1.84222
98 102 0.184222
98 148 0.736886
98 149 0.147377
98 321 0.147377
99 102 1.84222
99 103 0.0921108
99 150 0.589509
99 151 0.589509
99 152 0.589509
99 155 0.294754
99 157 3.53705
99 158 0.589509
100 103 1.75011
100 104 0.184222
100 157 0.442132
100 161 0.147377
101 104 1.93432
101 105 0.184222
102 105 1.84222
102 106 0.368443
102 158 0.442132
103 106 1.56588
103 107 0.184222
103 158 0.736886
103 161 3.38968
103 162 0.294754
104 107 1.65799
104 108 0.184222
104 161 0.442132
104 165 0.294754
105 108 1.84222
105 109 0.368443
106 109 1.65799
106 110 0.368443
106 143 0.147377
106 144 0.294754
106 151 0.147377
106 158 0.294754
107 110 1.84222
107 111 0.368443
107 162 0.736886
107 165 0.294754
107 166 0.589509
108 111 1.84222
108 112 0.460553
108 165 0.147377
108 168 0.442132
108 169 0.294754
109 112 1.93432
109 113 0.368443
109 140 0.294754
110 113 1.75011
110 114 0.552665
110 140 0.147377
111 169 1.62115
112 169 0.294754
112 173 0.147377
113 133 0.294754
114 133 0.589509
114 140 0.147377
115 130 0.442132
115 133 1.9159
116 119 2.50541
116 120 3.2423
116 121 0.294754
116 133 0.294754
119 122 0.276333
120 123 1.56588
120 124 1.84222
120 125 0.0921108
121 124 1.56588
121 125 1.84222
121 126 0.184222
122 126 0.0921108
123 126 0.184222
125 128 0.147377
127 207 0.147377
128 132 0.0921108
128 133 0.644777
128 207 0.147377
129 132 1.93432
129 133 0.276333
129 207 0.442132
129 208 0.736886
130 133 1.93432
130 134 0.184222
130 208 1.03164
131 134 2.11855
131 135 0.552665
132 135 1.84222
132 136 0.276333
133 136 1.84222
133 137 0.0921108
134 137 1.75011
134 138 0.276333
135 138 1.84222
135 139 0.0921108
136 139 1.84222
136 140 0.276333
137 140 1.84222
137 141 0.552665
138 141 1.84222
138 142 0.368443
139 142 1.84222
139 143 0.276333
140 143 2.02644
140 144 0.0921108
141 144 1.84222
141 145 0.0921108
142 145 1.84222
142 146 0.921108
143 146 1.93432
143 147 0.184222
144 147 0.0921108
144 151 0.294754
144 153 0.147377
147 150 0.147377
147 151 0.147377
151 158 0.294754
152 155 0.884263
152 158 0.294754
153 158 1.17902
153 159 0.147377
155 158 2.02644
155 159 0.368443
156 159 1.93432
156 160 0.184222
157 160 1.84222
157 161 0.0921108
158 161 1.75011
158 162 0.921108
159 162 1.93432
159 163 0.184222
160 163 1.93432
160 164 0.460553
161 164 1.84222
161 165 0.184222
162 165 1.84222
162 166 0.460553
163 166 1.84222
163 167 0.0921108
164 167 1.84222
164 168 0.276333
165 168 1.93432
165 169 0.184222
166 169 1.84222
166 170 0.184222
167 170 1.84222
167 171 0.184222
168 171 1.93432
168 172 0.276333
169 172 1.75011
169 173 1.10533
171 230 0.442132
172 232 1.03164
174 177 0.589509
174 225 0.294754
174 229 0.736886
176 179 0.442132
176 181 0.147377
177 224 2.50541
177 225 0.442132
178 221 2.50541
178 222 0.589509
179 223 0.294754
179 224 0.294754
180 183 0.294754
180 217 0.294754
180 218 0.442132
180 219 0.736886
180 220 1.03164
180 223 0.589509
180 224 0.294754
181 224 0.294754
182 224 0.147377
183 192 0.294754
183 220 1.32639
183 223 0.589509
183 224 0.147377
183 353 0.884263
183 356 0.589509
185 192 0.147377
185 193 0.442132
185 220 1.03164
186 191 1.17902
187 191 0.442132
187 193 0.147377
188 191 0.884263
188 358 0.147377
189 256 0.147377
189 358 1.32639
189 367 0.884263
189 369 0.147377
190 245 0.736886
190 246 0.147377
190 256 0.589509
190 356 0.147377
190 357 3.38968
190 358 2.21066
191 356 2.94754
191 357 0.147377
191 358 0.736886
192 220 0.147377
192 353 0.442132
192 356 0.442132
192 357 0.147377
192 358 0.147377
192 395 0.442132
192 396 1.17902
192 397 0.442132
194 199 0.442132
194 218 0.294754
194 220 1.17902
195 198 3.68443
195 199 0.442132
195 361 0.147377
195 392 0.736886
195 393 1.03164
196 199 0.147377
196 361 0.294754
196 362 0.147377
197 361 0.147377
198 390 0.589509
198 391 0.147377
198 392 0.442132
199 218 0.294754
200 216 0.442132
200 217 3.09492
200 218 0.294754
201 215 0.147377
201 216 2.94754
201 217 1.17902
202 214 0.147377
202 215 3.38968
202 216 0.147377
203 214 3.53705
203 215 1.17902
203 217 0.884263
204 209 0.147377
204 213 2.94754
204 214 0.294754
205 213 0.736886
205 214 0.294754
206 209 3.2423
207 210 0.147377
209 212 0.589509
210 214 0.294754
211 214 0.294754
219 395 0.736886
220 223 0.147377
220 353 0.294754
220 395 2.80017
221 349 0.736886
221 353 0.589509
221 395 0.294754
221 396 0.147377
222 225 0.294754
222 349 0.294754
222 353 0.736886
223 353 1.62115
224 227 3.2423
224 228 0.736886
225 228 2.94754
225 229 1.17902
225 346 0.589509
226 231 0.589509
226 346 0.294754
226 349 0.147377
226 350 0.884263
227 576 0.294754
228 576 0.442132
229 346 0.442132
229 576 0.294754
230 346 0.147377
230 575 1.9159
231 234 0.294754
231 237 1.32639
231 343 0.736886
231 346 0.442132
231 347 0.589509
231 570 0.884263
231 575 1.03164
231 576 0.736886
232 339 0.147377
232 342 0.884263
232 343 1.17902
232 569 2.94754
232 570 0.884263
233 339 0.147377
233 343 0.442132
233 562 0.442132
233 567 0.147377
233 568 0.589509
233 570 0.442132
234 238 0.147377
234 343 0.884263
234 347 0.589509
234 558 0.147377
234 561 1.17902
234 570 0.884263
235 561 1.17902
235 565 0.442132
235 568 1.03164
235 569 0.442132
235 570 0.147377
235 571 0.442132
235 574 0.442132
236 347 0.147377
236 561 0.589509
237 347 1.03164
237 350 0.294754
238 347 0.442132
238 350 0.442132
238 554 0.147377
238 561 1.03164
239 350 0.294754
239 351 0.589509
239 540 1.17902
239 543 1.62115
239 547 0.589509
239 548 0.294754
240 351 0.442132
240 355 0.147377
240 399 0.442132
240 400 0.442132
240 540 0.884263
240 547 0.294754
240 548 3.53705
240 550 0.294754
240 554 0.147377
241 249 0.0921108
241 355 0.147377
241 399 0.589509
241 537 0.147377
241 538 0.589509
241 539 2.94754
241 540 0.147377
241 547 0.294754
241 548 0.294754
241 549 0.147377
242 246 0.0921108
242 247 0.644777
242 248 0.460553
242 249 0.552665
242 355 0.294754
242 399 0.147377
242 539 0.589509
242 540 1.03164
242 541 0.294754
243 246 0.552665
243 249 0.0921108
243 355 0.294754
243 357 0.294754
243 399 1.03164
244 249 1.84222
244 250 0.0921108
244 252 0.442132
244 255 0.294754
244 256 0.147377
244 357 0.294754
244 498 0.884263
245 249 0.184222
245 250 0.552665
246 249 1.93432
246 250 0.0921108
246 355 0.147377
246 357 0.442132
247 250 0.184222
247 354 0.884263
247 355 0.442132
247 541 1.32639
248 251 0.0921108
248 539 0.884263
248 540 0.589509
248 541 0.147377
249 252 1.10533
249 539 0.294754
252 255 1.84222
252 256 0.184222
253 256 1.93432
253 257 0.460553
254 257 1.84222
254 258 0.184222
254 514 0.589509
255 258 1.84222
255 259 0.184222
255 497 1.62115
255 498 0.147377
255 503 0.294754
255 514 0.294754
256 259 1.93432
256 260 0.368443
256 357 0.147377
256 358 0.442132
256 496 0.294754
257 260 1.84222
257 261 0.552665
257 369 0.884263
257 372 0.294754
258 261 2.487
258 262 0.276333
258 497 1.9159
258 514 0.442132
258 515 0.884263
258 516 0.147377
259 262 1.93432
259 263 0.184222
259 496 0.147377
259 497 0.294754
259 498 0.147377
260 263 1.84222
260 264 0.368443
260 372 0.147377
260 496 0.294754
261 264 1.84222
261 265 0.184222
262 265 1.84222
262 266 0.276333
262 497 0.147377
262 524 0.442132
263 266 1.75011
263 267 0.184222
263 377 0.442132
264 267 1.56588
264 268 0.0921108
264 274 0.442132
264 364 0.442132
264 372 0.147377
264 377 0.884263
265 274 0.294754
265 275 2.94754
265 276 3.09492
266 277 1.03164
266 281 0.442132
266 490 2.94754
266 491 0.589509
266 523 0.442132
266 524 0.442132
267 277 0.589509
267 377 0.442132
267 379 2.94754
267 490 0.147377
267 491 0.294754
267 492 2.94754
267 493 0.442132
268 272 0.147377
268 275 0.736886
268 277 0.589509
268 377 0.442132
268 378 2.94754
268 379 3.38968
268 380 0.147377
269 272 0.589509
269 275 0.589509
269 277 0.147377
269 378 0.294754
269 379 0.589509
270 277 0.147377
272 275 0.736886
272 377 0.294754
272 378 0.147377
273 276 0.294754
276 521 0.589509
276 522 0.294754
276 523 0.294754
277 281 0.828996
277 282 0.644777
277 380 0.589509
277 491 0.736886
278 281 2.487
278 282 0.276333
279 282 1.93432
279 283 0.0921108
280 283 1.93432
280 284 0.828996
280 473 0.884263
281 284 2.11855
281 285 0.0921108
281 491 1.9159
282 285 1.75011
282 286 0.276333
282 380 0.147377
283 286 1.75011
283 287 0.184222
283 443 0.147377
283 471 0.147377
284 287 1.65799
284 288 0.0921108
284 484 0.884263
284 488 0.294754
284 491 0.589509
285 288 1.56588
285 488 0.589509
285 492 0.884263
286 289 0.184222
286 383 0.294754
286 442 0.294754
286 443 0.147377
286 492 0.147377
287 302 1.03164
287 438 1.03164
287 439 0.147377
287 440 1.03164
287 443 0.147377
287 473 0.589509
287 475 0.442132
288 302 0.442132
288 303 0.294754
288 306 0.294754
288 403 0.442132
288 475 0.147377
288 481 0.589509
288 484 1.47377
288 485 1.9159
288 488 0.442132
289 299 0.147377
289 383 0.294754
289 403 0.736886
289 442 1.03164
289 489 0.147377
290 296 0.884263
290 297 3.38968
290 298 3.38968
290 299 0.442132
290 301 0.442132
290 302 2.21066
290 305 0.589509
290 440 0.884263
290 441 0.736886
290 442 0.589509
291 297 2.80017
291 382 0.442132
291 383 0.147377
291 392 0.294754
291 403 0.147377
291 489 1.17902
292 297 2.94754
293 296 2.94754
293 297 0.147377
293 383 0.147377
293 384 0.294754
293 385 3.38968
294 386 1.17902
294 454 0.442132
295 386 0.442132
295 441 0.147377
295 454 0.147377
295 460 0.147377
296 301 0.884263
296 385 0.294754
296 442 0.147377
296 447 0.294754
298 301 1.75011
299 302 1.84222
299 303 1.10533
299 403 0.589509
300 303 1.93432
300 304 0.460553
301 304 1.84222
301 305 0.552665
301 441 1.32639
302 305 2.02644
302 306 0.828996
302 438 0.147377
302 439 0.147377
302 440 0.442132
303 306 1.84222
303 307 0.276333
303 403 0.884263
303 406 0.442132
303 485 1.32639
304 307 1.93432
304 308 0.460553
304 334 0.294754
304 338 1.32639
305 308 1.75011
305 441 0.294754
306 309 1.84222
306 310 0.276333
306 435 0.147377
306 438 0.442132
307 310 1.93432
307 311 0.184222
307 333 0.147377
307 334 0.442132
307 410 0.147377
308 311 1.84222
308 312 0.276333
308 334 0.294754
309 312 1.84222
309 313 0.460553
309 436 0.589509
309 437 0.442132
309 438 0.294754
310 313 1.84222
310 314 0.460553
310 418 0.294754
310 433 0.147377
310 435 0.147377
311 314 1.75011
311 315 0.184222
311 330 0.736886
311 333 0.147377
311 418 0.147377
312 315 0.644777
314 418 0.147377
314 421 0.294754
314 422 0.736886
314 433 0.294754
314 434 0.736886
315 318 0.147377
315 320 0.147377
315 326 0.294754
316 325 0.294754
316 326 0.147377
316 421 0.736886
317 323 0.589509
317 325 0.736886
317 326 0.736886
319 322 1.17902
319 323 0.294754
319 326 0.442132
320 330 0.294754
323 326 2.5791
323 327 0.552665
324 327 2.39487
324 328 0.184222
325 328 1.84222
325 329 0.184222
326 329 1.84222
326 330 0.552665
327 330 1.84222
327 331 0.184222
328 331 1.84222
328 332 0.184222
329 332 1.84222
329 333 0.184222
329 417 1.17902
329 421 1.17902
330 333 1.84222
330 334 0.368443
331 334 1.56588
331 335 0.184222
332 335 1.84222
332 336 0.552665
332 417 0.442132
332 566 0.294754
332 567 0.442132
333 336 1.84222
333 337 0.368443
333 417 0.589509
333 418 0.294754
334 337 1.75011
334 338 0.368443
335 338 1.65799
335 339 0.276333
336 339 1.75011
336 340 0.184222
336 413 0.884263
336 417 0.294754
336 567 0.147377
337 340 1.93432
337 341 0.184222
337 410 0.147377
338 341 1.93432
338 342 0.368443
339 342 1.84222
339 343 0.368443
339 567 0.442132
340 343 1.75011
340 344 0.184222
340 409 0.147377
340 413 0.147377
340 562 0.147377
341 344 1.84222
341 345 0.0921108
341 406 0.442132
341 410 0.294754
342 345 1.75011
342 346 0.184222
343 346 1.93432
343 347 0.368443
343 558 0.294754
343 562 0.147377
344 347 1.65799
344 348 0.368443
344 405 0.442132
344 406 0.147377
344 409 0.147377
344 558 0.147377
345 348 1.84222
345 349 0.368443
345 406 0.294754
346 349 1.84222
346 350 0.184222
347 350 1.84222
347 351 0.276333
347 558 0.294754
348 351 1.93432
348 352 0.460553
348 400 0.147377
348 405 0.442132
349 352 2.21066
349 353 0.644777
349 396 1.32639
349 402 0.147377
350 353 1.65799
350 354 0.184222
351 354 1.84222
351 355 0.736886
351 399 2.80017
351 400 0.294754
351 540 0.442132
352 355 1.75011
352 356 0.0921108
352 359 0.147377
352 396 0.736886
352 397 1.17902
352 398 0.147377
352 399 0.294754
352 400 0.736886
352 401 0.442132
352 402 0.147377
352 495 0.147377
353 356 0.276333
353 396 0.294754
353 397 1.32639
355 399 0.442132
355 540 0.147377
356 397 0.442132
357 397 2.94754
357 398 0.294754
357 399 0.147377
357 496 0.589509
357 498 0.442132
358 362 0.0921108
358 363 0.368443
358 366 0.294754
358 398 0.294754
358 496 0.884263
359 362 1.84222
359 363 0.0921108
359 393 0.589509
359 394 0.294754
359 396 0.884263
359 397 0.736886
359 398 0.442132
359 494 0.884263
359 495 1.32639
359 496 0.884263
360 363 1.84222
360 364 0.276333
360 377 0.442132
360 393 1.03164
360 493 0.294754
360 494 0.736886
360 495 0.736886
360 496 1.47377
361 364 1.65799
361 365 0.552665
361 377 0.442132
361 393 0.442132
362 365 1.84222
362 366 0.368443
363 366 1.65799
363 367 0.184222
363 496 0.294754
364 367 0.0921108
364 373 3.09492
364 374 3.2423
364 377 1.03164
365 374 3.09492
365 375 1.47377
365 376 0.884263
365 377 0.736886
365 378 0.147377
367 372 0.442132
367 373 0.147377
369 372 5.30558
369 373 0.147377
374 377 1.32639
379 393 0.147377
379 492 2.65279
379 493 0.147377
380 391 0.294754
380 491 0.294754
380 492 3.38968
381 392 2.94754
381 492 0.736886
381 494 0.147377
382 391 2.94754
382 392 1.17902
383 392 0.147377
383 442 0.147377
383 468 0.147377
384 387 0.736886
384 389 0.589509
384 390 0.147377
384 449 0.147377
385 442 0.736886
385 448 2.94754
385 468 1.17902
386 447 1.47377
386 448 0.294754
386 450 0.589509
386 454 0.294754
386 460 0.589509
387 449 2.94754
387 450 0.736886
388 450 0.294754
388 451 0.147377
388 452 1.47377
388 453 1.17902
393 493 0.442132
393 494 0.589509
394 489 0.147377
398 401 0.147377
398 495 1.03164
398 496 0.147377
398 499 1.47377
399 498 0.294754
399 499 0.589509
399 549 0.736886
400 405 0.0921108
400 499 3.2423
400 550 0.294754
400 551 0.147377
401 404 2.02644
401 405 0.368443
401 489 0.147377
401 495 1.47377
401 499 0.294754
402 405 1.84222
402 406 0.552665
403 406 1.84222
403 407 0.0921108
403 485 0.589509
403 489 2.35804
404 407 1.84222
404 408 0.0921108
404 500 0.294754
404 551 3.97918
404 552 0.442132
405 408 1.75011
405 409 0.184222
405 551 1.03164
405 554 0.442132
405 555 0.294754
406 409 1.84222
406 410 0.276333
406 485 0.147377
407 410 1.65799
407 411 0.552665
407 482 0.147377
407 485 0.147377
408 411 1.56588
408 412 0.184222
408 482 0.294754
408 552 0.147377
408 555 3.83181
408 556 0.147377
409 412 1.65799
409 413 0.184222
409 555 0.589509
409 559 0.442132
410 413 1.84222
410 414 0.276333
411 414 1.84222
411 415 0.368443
411 478 0.294754
411 481 0.442132
411 482 0.589509
412 415 2.30277
412 416 0.460553
412 427 0.147377
412 556 0.589509
412 559 0.442132
412 560 0.736886
413 416 1.84222
413 417 0.184222
413 559 0.147377
413 562 0.294754
413 563 0.294754
414 417 1.84222
414 418 0.460553
414 433 0.147377
415 418 1.75011
415 419 0.184222
415 425 0.294754
415 427 0.589509
415 428 0.442132
415 429 0.736886
415 430 0.442132
415 431 1.17902
415 433 0.147377
415 478 0.294754
415 479 1.17902
416 560 1.17902
416 563 2.06328
416 564 0.589509
417 421 0.147377
418 421 3.2423
418 422 0.442132
418 425 0.589509
418 433 0.147377
419 423 2.94754
419 424 0.589509
419 425 3.38968
419 427 0.147377
420 423 2.80017
422 425 0.147377
422 432 1.32639
422 433 0.294754
423 432 0.442132
425 429 0.147377
425 430 0.294754
425 431 1.62115
425 432 0.442132
425 433 0.442132
426 429 1.76853
428 479 0.294754
428 533 0.147377
429 533 0.147377
430 479 0.589509
430 529 0.147377
430 530 0.442132
430 533 0.589509
431 477 1.62115
431 478 1.17902
431 479 0.294754
432 476 2.94754
432 477 0.147377
433 476 3.09492
433 477 2.94754
434 474 0.147377
434 475 2.94754
434 476 0.736886
435 438 0.294754
435 474 3.68443
435 475 0.442132
436 473 2.80017
436 474 0.442132
437 472 0.294754
437 473 2.80017
438 471 0.147377
438 472 2.94754
438 473 0.884263
439 443 0.147377
439 444 0.147377
439 470 0.589509
439 471 0.147377
439 472 0.294754
440 443 2.94754
440 444 0.294754
441 444 0.736886
441 447 0.884263
442 468 1.47377
443 468 2.65279
443 469 3.2423
443 470 2.94754
443 471 0.294754
444 447 0.736886
444 468 2.80017
444 469 0.294754
444 470 1.76853
445 467 0.589509
445 468 0.294754
445 469 0.147377
445 470 0.147377
446 460 0.147377
447 467 2.94754
447 468 0.442132
448 460 0.589509
448 461 0.884263
448 463 0.736886
448 466 3.09492
448 467 0.294754
449 465 2.94754
449 468 1.32639
450 453 0.147377
450 454 0.294754
450 463 0.442132
450 464 3.09492
450 465 0.147377
451 464 0.294754
451 465 0.147377
451 466 0.147377
452 463 0.147377
452 464 1.32639
454 463 1.17902
455 458 0.736886
455 463 1.17902
458 463 0.294754
459 462 3.2423
459 463 0.589509
460 463 0.736886
473 484 1.17902
475 480 0.736886
475 481 0.368443
475 484 0.589509
476 480 0.368443
477 480 1.93432
477 481 0.276333
478 481 2.02644
478 482 0.184222
479 482 1.84222
479 483 0.184222
479 529 0.589509
479 532 0.589509
479 534 0.589509
480 483 1.84222
480 484 0.184222
480 529 0.147377
481 484 1.65799
481 485 0.184222
482 485 1.75011
482 486 0.0921108
482 552 0.294754
482 556 0.294754
483 486 1.84222
483 487 0.736886
483 506 0.147377
483 526 0.294754
483 529 0.294754
483 532 0.442132
483 534 0.442132
484 487 1.93432
484 488 0.276333
485 488 0.276333
486 489 0.184222
486 500 0.147377
486 552 0.147377
487 490 1.93432
487 491 0.460553
487 526 0.147377
488 491 1.84222
488 492 0.276333
489 492 1.84222
489 493 1.75011
489 494 2.21066
489 495 0.460553
490 493 0.0921108
490 495 0.0921108
490 497 0.147377
491 526 0.589509
495 499 1.76853
496 499 4.12656
497 500 2.94754
497 501 2.94754
497 503 0.294754
497 507 0.294754
497 514 0.147377
497 516 0.589509
498 501 0.442132
498 549 2.65279
498 550 0.147377
499 550 3.09492
499 551 0.147377
500 550 3.09492
500 551 2.80017
500 552 0.442132
500 553 0.147377
501 534 0.294754
501 549 2.80017
502 505 3.2423
502 506 0.147377
502 536 0.442132
503 506 2.94754
503 507 0.589509
503 516 1.03164
504 507 0.147377
504 513 0.147377
504 514 0.147377
504 516 1.03164
504 527 0.294754
504 536 0.442132
505 527 1.03164
505 532 0.442132
505 533 0.589509
505 534 0.884263
505 535 0.884263
505 536 1.03164
506 526 3.2423
506 527 0.884263
506 534 0.147377
507 516 1.17902
507 524 0.147377
507 525 2.65279
507 526 0.294754
507 527 0.736886
508 516 3.68443
508 517 0.589509
508 525 0.442132
508 526 0.442132
508 527 0.294754
509 515 2.50541
509 516 0.147377
510 515 0.589509
510 516 0.589509
510 517 0.294754
512 515 1.03164
517 524 2.80017
517 525 0.294754
518 522 0.589509
518 523 3.53705
518 525 0.442132
519 522 0.736886
519 523 1.32639
527 532 0.294754
528 531 3.2423
528 532 0.294754
529 532 0.294754
530 533 0.589509
534 552 0.736886
534 556 0.147377
536 549 0.294754
537 546 0.294754
537 547 3.38968
537 549 0.589509
538 546 3.2423
538 547 0.884263
539 545 0.147377
539 546 0.147377
540 543 0.884263
540 547 1.62115
543 547 0.736886
544 547 0.294754
548 553 0.0921108
548 557 0.147377
549 553 0.184222
550 553 1.75011
550 554 0.0921108
551 554 1.84222
551 555 0.0921108
552 555 1.75011
552 556 0.460553
553 556 1.84222
553 557 0.368443
554 557 1.84222
554 558 0.368443
555 558 1.84222
555 559 0.184222
556 559 1.84222
556 560 0.460553
557 560 1.84222
557 561 0.184222
558 561 1.84222
558 562 0.460553
559 562 1.84222
559 563 0.184222
560 563 1.93432
560 564 0.644777
561 564 1.84222
561 565 0.460553
562 565 1.84222
562 566 1.75011
562 567 0.184222
563 566 0.0921108
565 568 0.442132
570 574 0.294754
570 575 0.589509
571 574 3.53705
571 575 0.147377
572 575 0.589509
