nresidues = 787
42 755 1.3125
42 756 0.0625
43 755 0.25
43 756 1.3125
44 327 0.0625
44 755 0.625
44 756 0.25
44 757 0.125
45 327 0.0625
45 328 0.1875
46 328 1.0625
47 328 0.3125
49 330 0.6875
50 333 1.3125
51 334 1.5
52 333 0.125
52 334 1.4375
52 335 0.25
52 340 0.125
52 342 0.125
53 335 0.3125
54 335 0.125
54 338 0.0625
54 340 0.3125
54 349 0.125
55 340 0.4375
55 349 0.125
56 110 0.6875
56 111 0.0625
56 349 0.375
57 110 0.25
57 338 0.3125
58 61 0.3125
58 338 0.375
58 349 0.1875
58 350 0.125
59 102 0.125
59 107 0.125
59 110 0.0625
59 117 0.0625
60 101 0.0625
60 111 0.1875
60 349 0.125
60 351 0.1875
60 361 1.625
60 372 0.1875
61 99 0.25
61 120 0.25
62 99 0.1875
62 120 0.1875
62 352 0.0625
62 424 0.25
63 67 0.273438
63 68 0.0390625
63 97 0.125
63 98 0.375
63 99 0.1875
63 120 0.125
63 122 0.0625
63 424 0.0625
63 431 0.0625
64 67 0.859375
64 68 0.117188
64 431 0.125
65 68 0.78125
65 69 0.078125
65 431 0.25
65 775 0.1875
65 777 0.4375
66 69 0.78125
66 70 0.117188
67 70 0.78125
67 71 0.117188
67 120 0.625
68 71 0.78125
68 72 0.078125
68 426 0.1875
69 72 0.78125
69 73 0.390625
69 777 0.4375
70 73 0.78125
70 74 0.078125
70 145 0.375
70 146 0.25
71 74 0.78125
71 75 0.15625
71 97 0.1875
71 124 0.0625
71 144 0.0625
72 75 0.78125
72 76 0.195312
72 97 0.0625
72 777 0.25
73 76 0.78125
73 77 0.117188
74 77 0.9375
74 78 0.195312
74 141 0.0625
74 150 0.0625
74 152 0.0625
75 78 0.78125
75 79 0.195312
75 81 0.125
75 94 0.0625
76 79 0.078125
76 81 0.5
78 152 0.1875
79 128 0.125
79 139 0.0625
79 152 0.0625
80 92 0.1875
81 92 1.1875
82 86 0.25
82 87 0.0625
82 91 0.125
82 92 0.25
82 93 0.125
83 86 1.4375
83 87 0.125
83 429 0.25
84 87 0.125
84 94 0.0625
84 176 0.0625
84 428 0.25
84 429 0.25
87 91 0.375
87 93 0.0625
87 176 0.0625
88 91 0.3125
88 93 0.0625
88 176 0.125
89 127 0.3125
89 129 0.0625
89 168 0.5625
89 176 0.1875
89 177 0.125
89 180 0.125
89 257 0.3125
89 259 0.0625
89 262 0.0625
90 129 1.5
90 130 0.0625
90 257 0.8125
91 127 0.125
91 128 1.1875
91 129 0.125
92 127 1.25
92 128 0.375
92 129 0.1875
92 130 0.5
93 126 1.25
93 127 0.75
93 174 0.3125
93 176 0.25
94 97 0.0625
94 125 1.1875
94 428 0.0625
95 125 1.3125
95 126 0.0625
95 127 0.0625
95 136 0.1875
95 172 0.0625
95 427 1.25
96 124 1.3125
96 125 0.1875
96 172 0.5
96 354 0.5
96 426 0.125
96 427 0.3125
96 656 0.0625
96 657 0.0625
97 123 1.1875
97 426 0.3125
98 122 1.3125
98 123 0.6875
98 353 0.0625
99 120 0.25
99 121 1.25
99 122 0.0625
100 121 0.1875
100 122 0.0625
100 140 0.0625
101 351 0.0625
101 361 0.375
102 106 0.234375
102 118 0.1875
103 106 0.78125
103 107 0.078125
103 648 1.125
104 107 0.820312
104 108 0.15625
104 372 0.375
104 536 0.3125
104 538 0.25
104 646 0.375
104 648 0.125
104 682 0.3125
105 108 0.78125
105 109 0.15625
106 109 0.78125
106 110 0.078125
106 118 0.25
106 119 0.0625
107 110 0.78125
107 111 0.15625
107 372 0.0625
108 111 0.820312
108 112 0.78125
108 369 0.25
108 372 0.0625
108 542 0.0625
109 112 0.703125
109 113 0.820312
109 114 0.742188
109 115 0.117188
110 114 0.0390625
110 115 0.117188
110 116 0.15625
110 117 0.15625
111 362 0.0625
111 369 0.125
112 369 0.5
120 143 1.3125
120 144 0.25
121 140 0.25
121 141 1.1875
121 142 0.1875
121 143 0.0625
122 139 0.0625
122 140 1.1875
122 141 0.25
123 138 0.3125
123 139 1.1875
123 155 0.125
123 158 0.1875
124 137 0.0625
124 138 1.3125
124 139 0.5625
124 141 0.0625
125 137 1.1875
126 136 1.25
126 137 0.1875
127 134 0.125
127 135 1.4375
127 136 0.4375
127 168 0.125
127 257 0.125
128 134 1.1875
128 135 0.4375
129 257 0.3125
131 257 0.1875
132 257 0.1875
133 257 0.5
134 167 1.0625
134 168 0.1875
134 257 0.0625
135 165 0.4375
135 166 1.25
136 164 0.0625
136 165 1.25
136 166 0.25
136 171 0.125
136 172 0.0625
136 174 0.125
137 154 0.125
137 164 1.6875
137 165 0.5625
138 154 1.25
138 155 0.375
138 158 0.25
138 159 0.25
138 164 0.125
138 657 0.125
139 153 1.375
139 154 0.0625
139 155 0.1875
140 151 0.0625
140 152 1.1875
140 153 0.1875
141 150 0.0625
141 151 1.1875
142 150 1.5
142 151 0.1875
143 149 0.0625
143 150 0.25
145 150 0.0625
146 150 0.25
147 150 0.375
154 164 0.125
155 158 0.375
155 164 0.1875
156 159 0.25
156 162 0.0625
156 163 0.1875
157 648 0.125
157 649 0.25
158 649 0.1875
158 651 0.0625
158 667 0.0625
159 162 0.0625
159 163 0.1875
159 666 1.625
160 666 1.25
160 667 0.1875
160 668 0.25
160 671 0.125
160 672 0.0625
161 664 0.375
161 665 0.3125
161 666 0.375
163 664 0.1875
166 170 0.25
166 171 0.125
166 657 0.1875
167 170 1.3125
167 171 0.0625
168 171 0.0625
168 177 0.625
168 256 0.125
168 257 0.375
169 219 0.1875
169 226 0.375
169 255 0.25
169 256 0.0625
170 219 0.1875
170 660 0.3125
170 661 0.1875
171 660 0.1875
172 399 0.1875
172 656 0.0625
172 657 0.0625
172 660 0.0625
173 178 0.078125
173 181 0.125
173 217 0.0625
174 177 0.820312
174 178 0.117188
174 428 0.3125
175 178 0.78125
175 179 0.078125
175 428 0.75
175 432 0.0625
176 179 0.78125
176 180 0.078125
177 180 0.78125
177 181 0.195312
177 217 0.0625
177 254 0.0625
178 181 0.78125
178 182 0.078125
179 182 0.78125
179 183 0.078125
180 183 0.78125
180 184 0.078125
181 184 0.78125
181 185 0.117188
181 213 0.1875
181 217 0.3125
181 228 0.125
181 254 0.125
182 185 0.78125
182 186 0.078125
183 186 0.78125
183 187 0.078125
184 187 0.78125
184 188 0.234375
184 252 0.25
184 262 0.4375
184 263 0.125
185 188 0.820312
185 189 0.15625
185 213 0.0625
185 250 0.1875
185 252 0.0625
186 189 0.664062
186 190 0.117188
186 206 0.375
187 191 0.0390625
188 191 0.078125
188 194 0.078125
188 264 0.1875
189 194 0.820312
189 198 0.0625
189 206 0.0625
189 211 0.125
189 267 0.125
190 195 0.3125
190 206 0.4375
191 194 0.859375
191 195 0.15625
192 195 0.703125
192 196 0.0390625
193 196 0.78125
193 197 0.117188
193 277 0.0625
193 278 0.0625
193 281 0.0625
194 197 0.859375
194 198 0.15625
194 248 0.0625
194 267 0.3125
194 277 0.1875
195 198 0.78125
195 199 0.078125
195 206 0.125
195 207 0.5
196 199 0.703125
196 200 0.0390625
196 281 0.0625
197 200 0.742188
197 201 0.195312
197 280 0.125
197 281 0.0625
197 284 0.125
198 201 0.703125
198 202 0.195312
198 204 0.664062
198 206 0.0390625
198 248 0.25
199 202 0.703125
199 203 0.078125
199 204 0.195312
199 205 0.0390625
200 294 0.125
201 248 0.125
201 269 0.125
201 284 0.25
201 289 0.125
201 291 0.0625
201 294 0.25
202 209 0.125
202 234 0.0625
202 246 0.25
202 294 0.3125
203 294 0.0625
204 208 0.125
204 209 0.125
204 234 0.0625
204 297 0.125
205 208 1.5
205 209 0.125
206 209 0.25
207 235 0.125
208 234 1.3125
208 235 0.75
209 233 1.25
209 234 0.0625
209 235 0.625
210 232 1.25
210 233 0.1875
210 235 0.0625
211 231 1.25
211 232 0.3125
212 230 1.1875
212 231 0.3125
212 233 0.25
212 250 0.0625
212 389 0.3125
213 228 0.1875
213 229 1.3125
213 252 0.125
213 389 0.1875
214 228 0.25
214 229 0.125
214 389 0.25
215 392 1.1875
215 393 1.25
215 394 0.1875
215 395 0.125
215 400 0.0625
216 228 0.0625
216 392 0.0625
216 393 0.0625
216 394 0.1875
216 629 0.25
216 659 0.125
216 660 0.25
217 227 1.1875
217 228 0.125
217 254 0.375
217 660 0.125
217 662 0.0625
218 225 0.0625
218 226 1.25
218 227 0.4375
218 229 0.125
218 392 0.0625
218 628 0.0625
218 662 0.0625
219 224 0.25
219 225 1.375
219 226 0.3125
219 662 0.0625
220 223 1.5
220 224 1.1875
220 225 0.1875
221 663 0.1875
224 255 0.0625
225 255 0.25
226 253 1.3125
226 254 1.25
226 255 0.125
227 251 0.0625
227 252 1.3125
227 265 0.0625
228 251 1.25
228 252 0.5
229 250 1.375
229 251 0.6875
229 388 0.3125
229 392 0.5
230 249 1.3125
230 250 0.8125
230 389 0.25
231 248 1.375
231 249 0.25
231 250 0.25
231 389 0.3125
232 245 1.1875
232 246 0.5
233 241 0.25
233 244 1.375
233 245 0.1875
234 241 0.1875
234 244 0.25
234 246 0.0625
234 295 0.0625
234 297 0.0625
235 241 0.25
236 239 0.1875
236 240 0.3125
236 241 0.4375
236 244 0.0625
238 241 0.0625
238 303 0.3125
238 304 0.125
238 500 0.1875
239 500 0.125
240 243 1.25
240 244 0.0625
240 303 0.125
240 500 0.1875
241 244 1.4375
242 245 0.0625
242 476 0.25
242 501 0.375
242 502 1.25
242 503 0.125
243 302 0.1875
243 303 0.0625
243 500 0.1875
243 501 0.0625
243 522 0.1875
243 700 0.0625
243 701 0.0625
244 295 0.3125
244 300 0.0625
245 295 0.125
245 504 0.3125
245 505 0.125
245 522 0.125
246 505 0.375
247 269 0.0625
247 505 0.125
248 267 0.125
248 268 1.125
248 280 0.0625
249 267 1.25
249 268 0.5
249 387 0.5625
249 388 0.25
249 389 0.125
250 264 0.0625
250 266 1.3125
250 267 0.125
251 264 1.375
251 265 1.25
251 266 0.1875
252 263 1.25
252 264 0.125
252 265 0.1875
253 262 1.3125
253 263 0.1875
254 262 1.125
255 262 0.1875
256 262 0.1875
258 261 1.3125
258 262 0.125
259 262 0.625
264 267 0.1875
265 275 0.1875
266 273 0.25
266 274 1.3125
267 272 0.0625
267 273 1.1875
267 274 0.3125
267 276 0.1875
267 277 0.0625
267 280 0.0625
268 272 1.3125
269 272 0.1875
269 290 0.0625
269 291 0.3125
269 292 0.1875
270 290 0.125
270 292 0.25
270 507 0.0625
271 507 0.0625
271 510 0.25
274 279 0.195312
274 280 0.195312
274 283 0.0625
274 289 0.0625
275 279 0.078125
276 279 0.820312
276 280 0.0390625
277 280 0.78125
277 281 0.078125
278 281 0.78125
278 282 0.195312
279 282 0.78125
279 283 0.078125
280 283 0.78125
280 284 0.15625
281 284 0.78125
281 285 0.3125
282 285 0.78125
283 286 0.078125
283 289 0.3125
284 289 0.25
286 289 0.125
291 294 0.0625
292 505 0.25
292 507 0.0625
293 505 0.375
293 521 0.125
295 521 0.0625
296 299 0.5
296 300 0.0625
297 300 0.125
299 302 0.125
300 303 0.3125
301 304 0.1875
302 519 1.5625
302 522 0.125
302 701 0.125
303 500 0.25
303 701 0.125
304 701 0.1875
305 500 0.3125
305 701 0.0625
305 702 0.375
307 311 0.3125
307 312 0.1875
307 313 0.125
308 311 0.125
313 317 0.0625
314 317 0.125
315 318 0.0625
316 319 0.3125
323 416 0.375
323 759 0.25
323 760 0.25
324 417 0.0625
324 442 0.0625
324 443 0.0625
326 329 0.5
326 330 0.1875
326 417 0.1875
330 334 0.0625
330 419 0.0625
331 343 0.0625
331 344 0.3125
331 442 0.6875
331 464 0.125
331 730 0.25
332 342 1.25
332 343 0.125
332 418 0.0625
332 440 0.5625
332 466 0.1875
333 341 1.25
333 342 0.3125
334 340 1.3125
334 341 0.125
334 421 0.1875
335 338 1.5625
335 339 1.125
335 340 0.125
338 349 0.0625
339 349 1.25
339 350 0.1875
339 422 0.0625
339 438 0.375
340 347 0.125
340 348 1.4375
340 349 0.4375
341 346 0.0625
341 347 1.1875
341 348 0.375
341 350 0.1875
341 421 0.375
341 438 0.125
341 440 0.0625
342 346 1.25
343 346 0.5
343 442 0.3125
343 464 0.1875
343 465 0.4375
343 466 0.25
343 485 0.1875
343 487 0.125
344 365 0.0625
344 487 0.125
345 364 0.0625
345 365 1.375
345 366 0.375
346 363 0.125
346 364 1.375
346 365 0.4375
346 370 0.0625
346 485 0.5
346 486 0.25
346 489 0.375
346 490 0.1875
347 362 0.0625
347 363 1.25
347 364 0.3125
348 360 0.1875
348 361 1.25
348 362 0.0625
348 363 0.0625
348 466 0.125
348 468 0.0625
348 485 0.125
349 359 0.0625
349 360 1.1875
349 361 0.3125
349 362 0.125
350 359 1.25
350 438 0.1875
351 357 0.0625
351 358 1.3125
351 359 0.1875
352 357 1.6875
352 358 0.1875
352 403 0.5
352 423 0.8125
352 424 0.0625
352 437 0.4375
352 470 0.25
353 356 1.375
353 357 0.25
353 402 1.0625
353 403 0.0625
353 425 0.0625
354 398 0.125
354 399 0.25
354 400 0.4375
354 401 1.375
354 402 1.1875
354 403 1.1875
354 404 0.0625
354 425 0.125
354 427 0.5
354 656 0.0625
355 398 0.25
355 401 1.25
355 402 0.1875
355 652 0.3125
355 656 0.1875
356 376 0.25
356 377 0.0625
356 398 0.0625
356 402 0.375
356 403 0.0625
356 470 0.0625
357 403 0.0625
357 470 0.1875
358 438 0.1875
358 468 0.0625
358 470 0.125
359 374 1.25
359 375 0.125
360 363 0.0625
360 373 1.1875
360 374 0.3125
360 468 0.0625
360 483 0.5625
361 371 1.0625
361 372 1.375
361 373 0.5
362 369 0.4375
362 371 1.1875
362 372 0.0625
363 369 1.25
363 370 1.1875
363 371 0.25
364 368 1.4375
364 369 0.0625
365 368 0.1875
365 487 0.125
365 488 0.4375
365 489 0.3125
365 720 0.1875
366 724 0.1875
366 727 0.1875
368 609 0.5
368 719 0.1875
369 372 0.0625
369 538 0.0625
370 537 1.3125
370 538 0.3125
370 611 0.3125
370 719 0.125
371 374 0.0625
371 536 1.25
371 537 0.0625
372 536 1.375
372 538 0.0625
373 534 0.5625
373 535 1.1875
373 536 0.125
374 483 0.125
374 491 0.0625
374 534 1.25
374 535 0.0625
375 533 1.25
375 534 0.3125
376 379 0.0625
376 481 0.125
376 532 1.3125
376 533 0.1875
377 398 0.125
377 532 1.375
377 533 0.0625
377 534 0.25
377 652 0.25
377 653 0.1875
378 396 0.5
378 397 0.0625
378 398 0.5
378 531 1.25
378 532 0.0625
378 634 0.375
378 636 0.125
378 654 0.375
379 395 0.0625
379 396 1.1875
379 397 0.1875
379 402 0.0625
379 481 0.125
379 530 1.1875
379 531 0.25
380 394 0.1875
380 395 1.3125
380 528 0.0625
380 529 1.25
380 530 0.3125
380 622 0.0625
380 634 0.25
380 636 0.0625
380 637 0.0625
381 393 1.125
381 394 1.1875
381 395 0.0625
381 528 1.1875
382 393 1.1875
382 394 0.5
382 527 1.3125
382 528 0.0625
382 622 0.6875
382 624 0.1875
382 627 0.125
383 390 0.3125
383 391 0.0625
383 393 0.375
383 502 0.25
383 526 1.1875
383 527 0.75
384 391 0.1875
384 514 0.375
384 526 0.125
385 390 0.25
385 391 0.1875
385 514 0.875
386 510 0.8125
386 511 0.5
386 514 0.25
387 390 1.1875
387 391 0.125
388 392 0.375
389 392 1.25
389 393 0.1875
389 502 0.125
390 393 0.3125
390 502 0.3125
390 503 0.3125
390 504 0.0625
390 525 0.1875
392 629 0.25
393 502 0.1875
394 622 0.125
394 627 0.25
394 629 0.375
394 630 0.125
394 634 0.0625
394 659 0.0625
395 400 0.1875
395 502 0.3125
396 399 1.5
396 400 0.125
396 634 0.125
396 659 0.125
397 400 1.25
397 401 1.25
397 402 0.0625
397 474 0.125
397 479 0.1875
398 401 0.0625
398 652 0.0625
398 654 0.25
398 655 0.375
398 656 0.125
399 656 0.1875
399 659 0.125
400 404 0.1875
400 405 0.3125
401 404 0.3125
401 405 0.1875
401 474 0.0625
402 405 0.0625
402 470 0.1875
402 472 0.375
402 474 0.0625
403 425 0.0625
403 434 0.125
404 427 0.3125
404 434 0.75
404 771 0.4375
405 434 0.1875
405 472 0.0625
405 473 0.1875
405 474 0.0625
405 771 0.875
406 473 0.125
406 769 0.1875
406 770 0.4375
406 771 0.25
407 435 0.25
407 436 1.25
407 767 0.25
408 413 0.375
408 414 0.0625
408 420 0.125
408 436 0.375
408 437 0.0625
408 438 0.1875
408 439 0.0625
408 470 0.0625
408 471 0.1875
408 767 0.25
409 412 1.1875
409 413 0.3125
409 767 0.1875
410 414 1.0625
410 420 0.0625
410 436 0.0625
410 762 0.0625
410 763 0.375
410 764 0.125
410 767 0.0625
411 414 1.25
411 416 0.0625
411 762 0.0625
412 764 0.0625
413 469 0.25
413 471 0.25
414 418 0.0625
414 420 0.0625
414 439 0.25
414 469 0.0625
415 418 0.125
415 441 0.5
416 762 0.0625
418 439 0.0625
418 440 1.25
418 441 0.125
419 439 1.25
419 440 0.1875
420 436 0.25
420 438 1.25
420 439 0.125
420 763 0.1875
421 435 1.0625
421 436 1.125
421 437 1.1875
421 438 0.6875
421 440 0.125
422 433 0.125
422 434 1.375
422 435 0.1875
423 432 0.0625
423 433 1.25
423 434 0.25
423 437 0.25
423 438 0.125
424 431 0.4375
424 432 1.25
425 431 1.25
425 432 0.25
425 434 0.3125
426 429 0.375
426 430 1.5625
427 430 0.1875
427 432 0.0625
429 776 1.3125
429 777 1.1875
430 774 0.5
430 775 1.25
430 776 0.125
431 773 0.0625
431 774 1.1875
431 775 0.3125
431 777 0.0625
432 771 0.125
432 773 1.1875
432 774 0.375
433 772 1.1875
433 773 0.1875
434 437 0.0625
434 771 0.3125
434 772 0.0625
436 766 0.3125
437 470 0.0625
438 469 1.25
438 470 0.0625
439 467 0.0625
439 468 1.25
439 469 0.125
440 466 0.0625
440 467 1.25
441 465 0.0625
441 466 1.25
441 467 1
441 469 0.125
442 464 0.0625
442 465 1.3125
442 467 0.0625
443 464 1.25
443 465 0.25
443 467 0.0625
444 462 0.3125
444 463 1.3125
445 463 0.4375
445 465 0.3125
445 484 0.3125
447 463 0.5
447 486 0.0625
448 460 0.125
448 461 1.375
448 462 1.125
448 463 0.125
449 461 1.1875
449 462 0.0625
449 463 0.25
449 725 0.125
450 460 1.25
450 461 0.125
450 723 0.0625
450 726 0.25
451 459 1.25
451 460 0.125
452 457 0.125
452 458 1.1875
452 459 0.125
453 457 1.25
453 458 0.25
454 457 0.75
456 735 1.1875
456 736 0.25
456 738 0.25
457 733 0.1875
457 734 1.375
458 732 0.0625
458 733 1.1875
458 734 0.1875
459 732 1.1875
460 731 1.25
460 732 0.25
461 726 0.3125
461 728 0.0625
461 730 1.25
461 731 0.25
462 730 0.5
462 752 0.125
463 486 0.125
464 487 0.125
465 484 0.1875
465 485 1.3125
465 486 0.125
466 483 0.0625
466 484 1.25
466 485 0.25
467 482 0.1875
467 483 1.1875
467 484 0.375
468 481 0.0625
468 482 1.25
468 483 0.3125
469 480 0.4375
469 481 1.3125
469 482 0.0625
470 479 0.0625
470 480 1.1875
470 481 0.625
471 479 1.3125
471 480 0.125
472 478 1.25
472 479 0.3125
473 478 0.375
476 498 1.125
476 499 1.25
476 500 0.5
476 501 0.125
478 496 0.0625
478 497 1.1875
478 498 0.4375
478 499 0.0625
478 705 0.0625
479 496 1.1875
479 529 0.1875
480 495 1.25
480 496 0.1875
480 705 0.1875
481 494 1.1875
481 495 0.125
481 531 0.0625
481 533 0.0625
482 492 0.0625
482 493 1.1875
482 494 0.3125
483 491 0.0625
483 492 1.1875
483 493 0.0625
483 533 0.0625
484 491 1.375
484 492 0.4375
485 490 1.1875
485 491 0.375
486 489 0.0625
486 490 0.3125
486 713 0.125
487 724 0.0625
487 725 0.125
487 728 0.1875
488 716 0.125
488 723 0.0625
489 611 0.3125
489 716 0.3125
490 714 1.3125
490 715 0.25
490 716 0.0625
491 713 1.3125
491 714 0.125
492 712 1.25
492 713 0.1875
493 533 0.1875
493 711 1.25
493 712 0.625
494 709 0.0625
494 710 1.25
494 711 0.0625
495 531 0.125
495 708 0.0625
495 709 1.25
495 710 0.1875
496 705 0.8125
496 706 0.1875
496 708 1.25
496 709 0.8125
497 703 0.0625
497 704 1.1875
497 705 0.5625
497 708 0.0625
498 702 0.0625
498 703 1.1875
498 705 0.375
499 702 1.8125
499 703 0.1875
500 701 0.125
500 702 0.4375
501 518 0.0625
501 695 0.125
501 703 0.0625
502 525 0.0625
503 522 0.125
503 523 1.25
503 525 0.125
504 522 1.3125
504 523 0.25
504 525 0.0625
505 511 0.0625
505 521 1.4375
505 522 0.0625
506 511 0.4375
506 512 0.1875
506 515 0.0625
506 516 0.1875
506 517 0.5625
506 521 0.25
506 522 0.1875
506 523 0.125
507 510 1.3125
507 511 0.375
510 513 0.125
510 514 0.125
511 514 1.25
511 515 0.0625
512 515 0.1875
514 525 1.1875
514 526 0.125
515 523 0.125
515 524 0.0625
516 522 0.0625
516 523 1.375
516 524 0.0625
516 695 0.0625
517 520 0.1875
517 522 1.25
518 522 1.25
518 523 0.125
518 524 0.0625
518 695 0.0625
518 696 0.125
518 700 0.1875
519 522 0.125
524 695 0.125
525 695 0.0625
526 623 0.0625
526 693 1.25
527 691 0.0625
527 692 1.1875
527 693 0.8125
527 695 0.0625
528 622 0.1875
528 623 0.3125
528 691 1.25
528 692 0.4375
529 690 1.1875
529 691 0.125
529 693 0.0625
530 636 0.1875
530 689 1.3125
531 636 0.1875
531 687 0.0625
531 688 1.5
531 689 0.25
532 636 0.3125
532 653 0.1875
532 686 0.1875
532 687 1.25
532 688 0.3125
533 685 0.0625
533 686 1.25
533 687 0.3125
533 689 0.0625
533 712 0.0625
534 650 0.0625
534 651 0.3125
534 684 0.0625
534 685 1.25
534 686 0.5
535 684 1.1875
535 685 0.5
535 687 0.0625
535 712 0.0625
535 714 0.0625
536 646 0.125
536 682 0.0625
536 683 0.0625
536 684 0.0625
537 544 0.0625
537 596 0.0625
537 683 0.0625
538 541 1.375
538 542 0.125
538 544 0.3125
538 682 0.0625
539 544 0.1875
539 596 0.25
539 597 1.0625
539 598 0.1875
539 609 0.1875
539 610 0.0625
539 719 0.125
540 598 0.1875
540 601 0.3125
541 544 0.25
542 681 1.1875
542 682 0.375
543 598 1.1875
543 599 0.25
543 600 0.1875
543 680 0.5
543 681 1.25
544 596 0.1875
544 597 1.4375
544 598 0.125
544 678 0.0625
544 679 1.0625
544 680 1.1875
544 681 0.25
544 683 0.1875
545 595 0.0625
545 596 1.25
545 597 0.3125
545 599 0.375
545 678 0.0625
545 679 0.375
545 683 0.1875
546 575 1.3125
546 576 0.375
546 595 1.25
546 596 0.0625
546 643 0.0625
547 574 1.25
547 576 0.125
547 593 0.0625
547 594 1.3125
547 595 0.4375
547 597 0.25
548 572 0.0625
548 573 1.25
548 574 0.375
548 576 0.25
548 593 1.25
549 571 0.0625
549 572 1.25
549 573 0.25
549 592 1.1875
549 593 0.0625
549 595 0.125
550 570 0.0625
550 571 1.25
550 572 0.1875
550 574 0.125
550 591 1.25
551 570 1.1875
551 591 0.625
551 593 0.125
552 569 1.25
552 570 0.25
552 591 0.0625
553 567 0.375
553 568 1.3125
554 566 0.0625
554 567 1.3125
554 568 0.375
554 570 0.1875
555 565 0.0625
555 566 1.3125
555 567 0.25
556 564 0.0625
556 565 1.25
556 566 0.3125
556 568 0.0625
556 570 0.0625
557 562 0.0625
557 563 0.0625
557 564 0.125
557 565 0.125
558 561 1.25
558 566 0.25
558 568 0.1875
559 562 0.125
560 566 0.0625
561 564 0.25
573 597 0.5625
576 584 0.1875
576 594 0.0625
576 678 0.0625
577 677 1.3125
577 678 1.125
578 675 0.4375
578 676 1.4375
578 678 0.25
579 643 0.0625
579 644 0.3125
579 645 0.125
579 672 0.1875
579 673 0.0625
579 674 0.375
579 675 0.375
579 676 0.625
579 678 0.0625
580 583 0.0625
581 638 0.5
581 642 0.0625
581 670 0.25
581 673 0.125
582 639 0.1875
582 642 0.125
583 641 1.25
583 642 0.125
584 639 1.0625
584 640 1.25
584 641 0.375
584 643 0.125
585 621 0.1875
585 639 0.25
585 640 0.6875
586 613 0.1875
586 615 0.6875
586 619 0.0625
586 640 0.5625
586 641 0.0625
587 590 0.25
587 591 0.125
587 592 0.0625
588 591 0.1875
593 612 0.1875
594 612 1.4375
594 613 0.0625
594 641 0.0625
595 611 1.3125
595 612 0.125
595 717 0.375
596 610 1.25
596 611 0.125
597 608 0.25
597 609 1.3125
598 601 0.375
598 609 0.125
601 608 1.1875
601 609 0.4375
602 606 0.1875
602 607 1.375
602 609 0.0625
603 606 0.125
603 607 0.3125
603 718 0.375
603 720 0.25
603 721 0.375
604 721 0.4375
607 718 0.375
608 717 0.0625
608 718 0.125
609 717 1.0625
609 718 0.0625
609 719 1
610 716 1.25
610 717 0.4375
610 718 1.0625
610 719 0.125
611 714 0.3125
611 715 1.8125
611 716 0.25
611 719 0.25
612 713 0.0625
612 714 1.1875
612 715 0.4375
613 685 0.0625
613 713 1.25
613 714 0.0625
614 712 1.25
614 713 0.25
614 715 0.0625
615 711 1.125
616 711 1.375
617 710 1.375
617 711 0.0625
618 689 1.25
618 690 0.3125
618 710 0.0625
619 640 0.25
620 640 0.125
620 689 1.0625
620 690 0.3125
620 692 0.3125
621 625 0.0625
621 637 1.25
621 638 0.625
621 639 0.5
621 640 0.0625
621 692 0.125
622 625 0.0625
622 627 0.0625
622 637 0.375
623 692 0.3125
627 630 1.25
627 631 0.25
628 631 0.125
628 662 0.0625
629 662 0.0625
630 633 0.125
630 662 1.0625
631 635 0.0625
631 662 1.375
631 663 0.3125
632 635 0.625
632 662 0.1875
632 663 0.125
632 665 0.1875
632 668 0.25
633 658 0.25
633 659 0.0625
633 661 0.125
633 662 0.125
634 637 0.125
634 654 0.0625
635 638 0.1875
635 668 0.25
635 669 0.1875
635 670 0.4375
636 642 0.1875
636 653 0.0625
636 669 0.4375
636 688 0.5
638 642 0.375
638 670 0.25
638 673 0.0625
639 642 0.1875
639 688 0.1875
640 687 1.125
640 688 0.375
641 686 1.25
641 687 0.0625
642 669 0.4375
642 673 0.125
642 684 0.0625
642 685 1.1875
642 686 0.25
643 678 0.125
643 684 1.1875
643 685 0.0625
644 673 0.0625
644 678 0.1875
644 682 0.0625
644 683 1.25
644 684 0.3125
644 686 0.375
645 650 0.0625
645 676 0.1875
645 682 1.25
646 682 0.4375
646 684 0.1875
647 650 1.4375
647 676 0.375
648 651 0.0625
650 672 1.125
650 686 0.125
652 655 0.125
652 667 0.125
652 672 0.0625
652 686 0.0625
653 667 0.125
653 669 0.0625
653 686 0.125
654 658 0.3125
655 658 0.5
655 666 0.0625
655 667 0.0625
657 666 0.1875
658 661 0.25
658 665 0.25
658 666 0.1875
658 667 0.25
659 662 0.0625
661 664 1.1875
661 665 0.3125
668 671 0.125
669 672 0.5
669 686 0.125
670 673 0.3125
671 674 0.0625
672 686 0.125
677 681 0.125
678 683 0.0625
687 712 0.125
689 710 0.3125
689 711 0.25
689 712 0.125
690 710 0.0625
691 708 0.0625
691 709 0.125
693 699 0.25
693 703 0.1875
695 699 0.5
696 699 1.4375
697 700 0.1875
698 702 0.0625
698 704 0.0625
699 702 1.5625
699 703 0.375
704 707 1.1875
704 708 0.0625
705 708 0.125
716 719 0.0625
720 724 0.5
723 726 0.3125
724 727 0.0625
725 728 0.1875
726 731 0.25
728 731 0.3125
729 747 0.0625
729 748 0.1875
729 750 0.25
730 750 0.3125
731 747 0.0625
731 748 0.1875
732 745 0.0625
732 746 1.3125
732 747 0.125
733 744 0.0625
733 745 1.1875
733 746 0.1875
733 748 0.0625
734 743 0.375
734 744 1.25
734 745 0.375
735 743 1.25
735 744 0.25
736 741 0.25
736 742 1.1875
736 743 0.0625
737 740 1.375
737 741 1.1875
737 742 0.125
747 750 0.375
747 752 0.1875
761 764 0.125
763 766 0.375
764 767 0.1875
