nresidues = 166
26 73 1.43636
26 80 0.159595
27 81 3.19191
27 82 0.638382
27 102 0.159595
27 104 0.638382
28 82 3.19191
28 84 0.159595
28 89 0.159595
29 43 0.478786
29 82 0.478786
29 83 3.03231
29 84 0.319191
29 147 0.319191
30 84 3.03231
30 89 0.159595
30 92 0.159595
30 93 0.159595
30 94 0.638382
31 36 0.159595
31 83 0.319191
31 84 0.319191
31 85 3.03231
31 86 0.478786
31 94 0.638382
31 145 0.319191
32 35 0.638382
32 85 0.159595
32 96 0.319191
33 85 1.11717
33 87 0.319191
34 68 1.11717
34 85 0.159595
35 38 2.09469
35 39 0.199494
36 39 1.99494
36 40 0.299243
36 69 0.797977
36 70 0.159595
36 83 0.159595
36 84 0.319191
36 85 0.319191
37 40 1.99494
37 41 0.299243
38 41 1.99494
38 42 0.199494
38 145 0.478786
39 42 2.09469
39 43 0.698231
39 83 0.159595
39 145 0.957572
40 43 1.8952
40 44 0.498734
40 51 0.319191
40 72 0.319191
41 44 1.99494
41 45 0.299243
42 45 1.99494
42 46 0.498734
42 47 0.0997471
42 118 0.159595
42 121 0.957572
42 122 0.159595
42 123 0.159595
42 143 0.478786
42 144 0.478786
42 145 0.159595
43 46 1.6957
43 47 2.19444
43 48 1.6957
43 49 0.398989
43 74 0.319191
43 143 0.797977
43 145 0.319191
43 147 0.159595
43 149 0.478786
44 47 1.79545
44 48 0.199494
44 49 0.299243
45 117 0.319191
45 121 0.319191
46 117 0.797977
46 118 0.159595
46 121 0.319191
47 76 0.319191
47 106 0.319191
47 149 1.75555
47 151 0.319191
48 76 0.159595
49 75 3.03231
50 74 3.19191
50 75 0.638382
51 54 0.797977
51 72 0.638382
51 73 3.03231
51 74 0.319191
52 73 3.67069
52 75 0.319191
53 72 3.19191
53 73 0.319191
54 69 0.159595
54 71 3.3515
54 72 0.319191
55 69 3.3515
55 70 3.67069
55 71 0.478786
70 84 3.03231
70 85 0.319191
70 88 0.159595
71 83 3.19191
72 82 3.3515
72 83 0.478786
73 80 0.478786
73 81 3.19191
74 80 3.19191
74 81 0.478786
74 83 0.159595
75 79 3.19191
75 80 0.159595
76 79 0.797977
85 88 0.638382
86 89 0.638382
86 92 0.478786
86 94 0.319191
89 92 0.797977
94 100 0.159595
95 98 2.87272
95 99 3.19191
95 100 0.319191
96 99 0.159595
96 144 0.319191
100 146 0.159595
102 147 3.5111
102 148 0.478786
103 148 3.19191
104 147 0.319191
104 148 0.319191
104 149 4.30908
104 150 0.478786
105 150 3.19191
106 149 0.638382
106 150 0.319191
106 151 3.19191
106 152 0.159595
107 152 3.03231
108 111 0.159595
108 152 0.319191
108 153 0.638382
109 153 0.478786
110 113 2.49368
110 114 0.0997471
110 153 0.797977
111 114 1.99494
111 115 0.299243
111 138 0.478786
111 151 0.159595
111 153 0.319191
112 115 1.99494
112 116 0.199494
112 125 0.319191
113 116 1.99494
113 117 0.199494
114 117 1.99494
114 118 0.199494
114 151 0.319191
115 118 1.99494
115 119 0.299243
115 125 0.319191
115 139 0.319191
115 141 0.159595
115 151 0.319191
116 119 1.99494
116 120 0.199494
117 120 1.8952
117 121 0.0997471
118 121 1.99494
118 122 1.79545
118 123 0.398989
119 122 1.99494
119 123 0.498734
119 124 0.0997471
119 125 0.0997471
122 144 0.319191
123 141 0.319191
123 142 3.19191
124 141 3.3515
124 142 0.319191
125 140 3.19191
125 141 0.159595
126 140 0.957572
126 142 0.159595
128 132 0.897723
128 137 0.319191
128 138 0.319191
128 139 0.159595
128 140 0.159595
129 132 2.69318
129 133 0.299243
130 133 1.99494
130 134 0.598483
131 134 1.79545
131 135 0.0997471
132 135 1.99494
132 136 1.79545
132 137 2.49368
133 136 0.0997471
133 137 0.199494
136 151 0.159595
136 152 3.03231
137 150 0.319191
137 151 3.03231
138 151 3.03231
138 153 0.638382
139 150 3.3515
139 151 0.957572
140 148 0.159595
140 149 3.3515
141 147 0.159595
141 148 3.03231
141 149 0.478786
141 151 0.159595
142 147 3.19191
143 146 0.797977
143 147 1.27676
143 149 0.797977
