L	Ls	nvertices	F_L	F_L_constrained	rho_sum	nloops	regions
  0	  0	  0	           0	           0	           0	 0	[(0, 0)]
  1	  0	  0	           0	           0	           0	 0	[(0, 1)]
  2	  0	  0	           0	           0	           0	 0	[(0, 2)]
  3	  0	  0	           0	           0	           0	 0	[(0, 3)]
  4	  0	  3	           0	     3.88044	    0.325516	 1	[(0, 4)]
  5	  0	  5	           0	     2.37378	    0.275462	 1	[(0, 5)]
  6	  0	  7	           0	     4.49418	     5.53349	 0	[(0, 6)]
  7	  0	  8	           0	     4.54627	     6.06519	 0	[(0, 7)]
  8	  0	  9	           0	     4.57185	     6.62953	 0	[(0, 8)]
  9	  0	 10	           0	     4.45881	     8.07977	 0	[(0, 9)]
 10	  0	 11	           0	     4.43657	     9.15175	 0	[(0, 10)]
 11	  0	 12	           0	     4.50371	     10.0238	 0	[(0, 11)]
 12	  0	 13	           0	     4.41909	     11.0036	 0	[(0, 12)]
 13	  0	 14	           0	     4.45989	     11.9375	 0	[(0, 13)]
 14	  0	 15	           0	     4.36364	     13.0598	 0	[(0, 14)]
 15	  0	 16	           0	     3.82916	     14.3163	 0	[(0, 15)]
 16	  0	 17	           0	     3.85548	     15.0752	 0	[(0, 16)]
 17	  0	 18	           0	     4.41789	     14.8337	 0	[(0, 17)]
 18	  0	 18	           0	     4.41789	     14.8337	 0	[(0, 18)]
 19	  0	 18	           0	     4.41789	     14.8337	 0	[(0, 19)]
 20	 17	  2	           0	     3.71148	    0.307326	 1	[(17, 20)]
 21	 17	  4	           0	      2.2473	    0.291286	 1	[(17, 21)]
 22	 17	  6	           0	      4.6898	     5.28849	 0	[(17, 22)]
 23	 17	  7	           0	     4.13725	     5.67451	 0	[(17, 23)]
 24	 17	  8	           0	     4.76828	     6.07499	 0	[(17, 24)]
 25	 17	  9	           0	     5.08302	     6.23285	 0	[(17, 25)]
 26	 17	  9	           0	     5.08302	     6.23285	 0	[(17, 26)]
 27	 17	  9	           0	     5.08302	     6.23285	 0	[(17, 27)]
 28	 17	  9	           0	     5.08302	     6.23285	 0	[(17, 28)]
 29	 17	 11	           0	     5.01704	     6.25531	 0	[(17, 29)]
 30	 17	 12	           0	     5.02168	     6.26767	 0	[(17, 30)]
 31	 17	 13	           0	     5.03006	     6.26365	 0	[(17, 31)]
 32	 17	 13	           0	     5.03006	     6.26365	 0	[(17, 32)]
 33	 17	 13	           0	     5.03006	     6.26365	 0	[(17, 33)]
 34	 17	 13	           0	     5.03006	     6.26365	 0	[(17, 34)]
 35	 17	 13	           0	     5.03006	     6.26365	 0	[(17, 35)]
 36	 17	 13	           0	     5.03006	     6.26365	 0	[(17, 36)]
 37	 17	 13	           0	     5.03006	     6.26365	 0	[(17, 37)]
 38	 17	 13	           0	     5.03006	     6.26365	 0	[(17, 38)]
 39	 17	 13	           0	     5.03006	     6.26365	 0	[(17, 39)]
 40	 17	 15	           0	     4.74862	     6.54988	 0	[(17, 40)]
 41	 17	 15	           0	     4.74862	     6.54988	 0	[(17, 41)]
 42	 17	 19	           0	     5.44806	    0.762577	 1	[(17, 42)]
 43	 29	  9	           0	      7.7204	      4.4152	 1	[(29, 43)]
 44	 29	 12	           0	     9.05431	     6.44572	 1	[(29, 44)]
 45	 29	 13	           0	     9.16835	     8.16543	 1	[(29, 45)]
 46	 29	 14	           0	     9.84478	     8.21178	 1	[(29, 46)]
 47	 29	 14	           0	     9.84478	     8.21178	 1	[(29, 47)]
 48	 29	 14	           0	     9.84478	     8.21178	 1	[(29, 48)]
 49	 44	  3	           0	      3.9128	    0.283876	 1	[(44, 49)]
 50	 44	  6	           0	     2.22702	    0.268157	 1	[(44, 50)]
 51	 44	  8	   -0.172714	   -0.172714	    0.178734	 0	[(44, 51)]
 52	 44	  9	   -0.172714	     5.52323	     6.13892	 0	[(44, 52)]
 53	 44	 10	   -0.172714	     5.39778	     6.59682	 0	[(44, 53)]
 54	 44	 11	   -0.172714	     5.31495	     6.97561	 0	[(44, 54)]
 55	 44	 12	   -0.172714	      5.8514	     7.31545	 0	[(44, 55)]
 56	 44	 12	   -0.172714	      5.8514	     7.31545	 0	[(44, 56)]
 57	 44	 13	   -0.172714	     5.70008	     7.44203	 0	[(44, 57)]
 58	 44	 14	   -0.172714	     5.70816	     7.43672	 0	[(44, 58)]
 59	 44	 16	   -0.172714	     6.05508	     7.20855	 0	[(44, 59)]
 60	 44	 17	   -0.172714	     9.33879	     11.7715	 0	[(44, 60)]
 61	 44	 18	   -0.172714	      9.9533	     12.1814	 0	[(44, 61)]
 62	 44	 18	   -0.172714	      9.9533	     12.1814	 0	[(44, 62)]
 63	 44	 18	   -0.172714	      9.9533	     12.1814	 0	[(44, 63)]
 64	 44	 18	   -0.172714	      9.9533	     12.1814	 0	[(44, 64)]
 65	 44	 18	   -0.172714	      9.9533	     12.1814	 0	[(44, 65)]
 66	 44	 18	   -0.172714	      9.9533	     12.1814	 0	[(44, 66)]
 67	 44	 18	   -0.172714	      9.9533	     12.1814	 0	[(44, 67)]
 68	 44	 18	   -0.172714	      9.9533	     12.1814	 0	[(44, 68)]
 69	 44	 18	   -0.172714	      9.9533	     12.1814	 0	[(44, 69)]
 70	 44	 18	   -0.172714	      9.9533	     12.1814	 0	[(44, 70)]
 71	 44	 18	   -0.172714	      9.9533	     12.1814	 0	[(44, 71)]
 72	 44	 18	   -0.172714	      9.9533	     12.1814	 0	[(44, 72)]
 73	 44	 18	   -0.172714	      9.9533	     12.1814	 0	[(44, 73)]
 74	 44	 18	   -0.172714	      9.9533	     12.1814	 0	[(44, 74)]
 75	 44	 18	   -0.172714	      9.9533	     12.1814	 0	[(44, 75)]
 76	 44	 18	   -0.172714	      9.9533	     12.1814	 0	[(44, 76)]
 77	 44	 18	   -0.172714	      9.9533	     12.1814	 0	[(44, 77)]
 78	 44	 21	   -0.172714	     9.54507	     12.5504	 0	[(44, 78)]
 79	 68	  5	   -0.172714	     5.56214	    0.509078	 1	[(68, 79)]
 80	 68	  7	   -0.172714	     5.62291	    0.521598	 1	[(68, 80)]
 81	 68	 10	   -0.172714	     9.69847	     5.40915	 1	[(68, 81)]
 82	 68	 11	   -0.172714	     9.10126	     6.12451	 1	[(68, 82)]
 83	 68	 12	   -0.172714	     9.84089	     6.52189	 1	[(68, 83)]
 84	 68	 12	   -0.172714	     9.84089	     6.52189	 1	[(68, 84)]
 85	 68	 12	   -0.172714	     9.84089	     6.52189	 1	[(68, 85)]
 86	 68	 12	   -0.172714	     9.84089	     6.52189	 1	[(68, 86)]
 87	 68	 12	   -0.172714	     9.84089	     6.52189	 1	[(68, 87)]
 88	 68	 12	   -0.172714	     9.84089	     6.52189	 1	[(68, 88)]
 89	 68	 12	   -0.172714	     9.84089	     6.52189	 1	[(68, 89)]
 90	 68	 12	   -0.172714	     9.84089	     6.52189	 1	[(68, 90)]
 91	 68	 12	   -0.172714	     9.84089	     6.52189	 1	[(68, 91)]
 92	 77	  2	   -0.172714	     3.68212	    0.382763	 1	[(77, 92)]
 93	 77	  4	   -0.172714	     4.40529	     2.40277	 1	[(77, 93)]
 94	 77	  6	   -0.172714	     4.56161	     4.14117	 1	[(77, 94)]
 95	 77	  7	   -0.172714	     5.62851	     5.87364	 1	[(77, 95)]
 96	 77	 10	   -0.172714	     6.92203	     8.14327	 1	[(77, 96)]
 97	 77	 12	   -0.172714	     7.81546	     9.31015	 1	[(77, 97)]
 98	 59	 34	   -0.172714	     6.49795	     26.6022	 2	[(59, 98)]
 99	 59	 35	   -0.172714	     5.20797	     27.7588	 2	[(59, 99)]
100	 59	 36	   -0.172714	      1.4843	     28.7762	 2	[(59, 100)]
101	 59	 37	   -0.172714	    0.525563	     30.0759	 2	[(59, 101)]
102	 59	 38	   -0.658008	   -0.658008	     31.7062	 2	[(59, 102)]
103	 59	 39	   -0.658008	     5.74902	     33.2188	 3	[(59, 103)]
104	 59	 41	   -0.658008	      6.4453	     35.2179	 3	[(59, 104)]
105	 59	 42	   -0.658008	     6.69067	      36.977	 3	[(59, 105)]
106	 59	 43	   -0.658008	     6.87943	     37.8662	 3	[(59, 106)]
107	 59	 43	   -0.658008	     6.87943	     37.8662	 3	[(59, 107)]
108	 59	 43	   -0.658008	     6.87943	     37.8662	 3	[(59, 108)]
109	 59	 43	   -0.658008	     6.87943	     37.8662	 3	[(59, 109)]
110	 98	  4	   -0.658008	     3.96461	    0.323549	 1	[(98, 110)]
111	 98	  5	   -0.658008	     4.39838	    0.279787	 1	[(98, 111)]
112	 98	  6	   -0.658008	     5.88965	     4.11881	 1	[(98, 112)]
113	 98	  9	   -0.658008	     7.44127	     5.85528	 1	[(98, 113)]
114	  0	107	   -0.658008	      3.0699	      95.571	 7	[(0, 114)]
115	  0	109	     -1.2128	     -1.2128	      96.899	 7	[(0, 115)]
116	  0	110	    -2.51968	    -2.51968	     98.1259	 7	[(0, 116)]
117	  0	112	     -4.3402	     -4.3402	     98.9782	 7	[(0, 117)]
118	  0	113	    -6.93968	    -6.93968	      100.43	 7	[(0, 118)]
119	  0	114	    -6.93968	    -6.44837	     100.929	 7	[(0, 119)]
120	  0	115	    -6.93968	    -5.88515	     100.903	 7	[(0, 120)]
121	  0	115	    -6.93968	    -5.88515	     100.903	 7	[(0, 121)]
122	  0	116	    -6.93968	    -4.21885	     102.058	 8	[(0, 122)]
123	  0	117	    -6.93968	    -4.21515	     102.539	 8	[(0, 123)]
124	  0	119	    -6.93968	    -4.43871	     105.344	 7	[(0, 124)]
125	  0	120	    -6.93968	    -6.43761	     107.081	 7	[(0, 125)]
126	  0	121	    -10.0357	    -10.0357	     108.498	 7	[(0, 126)]
127	  0	122	    -11.1602	    -11.1602	     109.675	 7	[(0, 127)]
128	  0	123	    -11.1602	     -10.575	     110.077	 7	[(0, 128)]
129	  0	123	    -11.1602	     -10.575	     110.077	 7	[(0, 129)]
130	  0	123	    -11.1602	     -10.575	     110.077	 7	[(0, 130)]
131	  0	123	    -11.1602	     -10.575	     110.077	 7	[(0, 131)]
132	  0	123	    -11.1602	     -10.575	     110.077	 7	[(0, 132)]
133	  0	123	    -11.1602	     -10.575	     110.077	 7	[(0, 133)]
134	  0	123	    -11.1602	     -10.575	     110.077	 7	[(0, 134)]
135	  0	123	    -11.1602	     -10.575	     110.077	 7	[(0, 135)]
136	  0	123	    -11.1602	     -10.575	     110.077	 7	[(0, 136)]
137	  0	123	    -11.1602	     -10.575	     110.077	 7	[(0, 137)]
138	  0	123	    -11.1602	     -10.575	     110.077	 7	[(0, 138)]
139	  0	123	    -11.1602	     -10.575	     110.077	 7	[(0, 139)]
140	  0	123	    -11.1602	     -10.575	     110.077	 7	[(0, 140)]
141	  0	123	    -11.1602	     -10.575	     110.077	 7	[(0, 141)]
