nresidues = 141
0 4 0.3125
0 5 0.078125
0 8 0.0625
0 108 1.0625
0 109 0.0625
1 4 1.25
1 5 0.15625
1 76 1.25
1 106 0.0625
2 5 0.78125
2 6 0.078125
2 76 0.125
2 77 0.125
2 78 0.125
2 79 0.25
2 106 0.25
3 6 0.78125
3 7 0.078125
3 70 0.5
3 72 0.25
4 7 0.742188
4 8 0.078125
5 8 0.820312
5 9 0.117188
5 104 0.0625
5 106 0.125
5 109 0.1875
5 111 0.125
6 9 0.9375
6 10 0.117188
6 68 0.0625
6 70 0.0625
6 104 0.1875
6 114 0.125
7 10 0.78125
7 11 0.0390625
7 70 0.125
8 11 0.78125
8 12 0.15625
8 24 0.0625
9 12 0.78125
9 13 0.078125
9 21 0.375
9 24 0.125
10 13 0.78125
10 14 0.117188
10 65 0.375
10 68 0.0625
10 83 0.25
11 14 0.859375
11 15 0.429688
12 15 0.78125
12 16 0.742188
12 17 0.078125
12 20 0.1875
12 21 0.0625
12 24 0.0625
13 16 0.0390625
13 21 0.4375
13 57 0.125
13 65 0.0625
14 63 0.1875
14 64 0.25
14 65 0.3125
16 58 0.1875
17 20 0.859375
17 21 0.078125
18 21 0.78125
18 22 0.117188
18 51 0.125
18 54 0.0625
19 22 0.820312
19 23 0.390625
19 47 0.125
19 48 0.5
19 51 1.0625
20 23 0.859375
20 24 0.078125
21 24 0.117188
21 25 0.15625
21 31 0.0625
21 50 0.0625
21 54 0.125
21 114 0.0625
22 25 0.15625
22 47 0.1875
22 50 0.125
22 51 0.125
22 54 0.0625
24 110 1.1875
24 111 0.25
25 30 0.0625
25 47 0.1875
25 50 0.125
25 110 0.25
25 111 1.5
25 114 0.125
26 29 0.0625
26 46 1.0625
26 47 0.125
26 107 0.125
26 110 0.25
26 111 0.125
26 112 0.1875
27 46 1.25
27 47 0.3125
27 110 0.0625
29 44 0.0625
29 45 1.25
29 46 0.125
29 50 0.0625
29 111 0.0625
29 112 1.25
30 43 0.375
30 44 1.3125
30 50 0.0625
30 112 0.1875
30 113 1.3125
30 114 0.1875
31 43 1.1875
31 44 0.25
31 50 0.0625
31 114 1.4375
32 42 1.3125
32 43 0.4375
32 113 0.1875
32 114 0.125
32 115 1.5
32 116 0.1875
33 42 0.3125
33 44 0.0625
33 116 0.1875
33 118 0.1875
34 115 0.4375
34 116 0.125
34 117 0.5
35 117 0.25
35 118 0.3125
35 120 0.0625
36 42 0.0625
36 120 0.0625
37 40 0.6875
37 118 0.0625
37 124 0.1875
40 123 0.1875
40 127 0.125
41 44 0.4375
44 50 0.0390625
44 53 0.25
45 49 0.15625
46 49 0.78125
46 50 0.15625
47 50 0.78125
47 51 0.078125
47 110 0.0625
48 51 0.9375
48 52 0.078125
49 52 0.742188
49 53 0.117188
50 53 0.78125
50 54 0.117188
51 54 0.78125
51 55 0.195312
52 55 0.0390625
54 57 0.125
55 58 0.0625
56 59 1.25
56 60 0.1875
57 60 1.25
57 61 0.1875
58 61 0.125
59 90 0.3125
60 89 1.25
60 90 0.4375
61 88 1.3125
62 87 1.25
62 88 0.1875
63 86 1.3125
63 87 0.0625
64 84 0.0625
64 85 1.1875
64 86 0.25
65 83 0.1875
65 84 1.3125
65 85 0.0625
65 100 0.1875
66 83 0.3125
66 84 0.4375
68 81 0.1875
68 82 1.25
68 83 0.0625
69 81 1.25
69 82 0.25
70 79 0.0625
70 80 1.25
70 81 0.0625
71 80 0.3125
71 82 0.3125
73 78 0.375
75 78 0.25
77 104 0.0625
77 105 1.25
77 106 0.75
78 103 0.0625
78 104 1.25
78 105 0.0625
79 102 0.0625
79 103 1.1875
79 104 0.125
80 101 0.125
80 102 1.25
81 100 0.0625
81 101 1.25
81 102 0.125
82 100 1.3125
83 99 1.1875
83 100 0.875
83 102 0.125
84 97 0.0625
84 98 1.5625
84 99 0.375
84 100 0.125
85 96 0.0625
85 97 1.25
85 98 0.1875
85 100 0.0625
86 96 1.25
87 95 1.25
87 96 0.3125
88 93 0.0625
88 94 1.25
89 92 1.3125
89 93 1.1875
89 94 0.1875
89 126 0.0625
92 126 0.1875
92 127 0.25
92 128 0.125
93 126 1.0625
94 126 0.125
95 125 1.0625
95 126 0.1875
96 122 0.0625
96 123 0.0625
96 126 0.1875
97 122 0.4375
98 118 0.5
98 119 0.375
98 122 0.1875
98 123 0.0625
99 118 1.1875
100 116 0.0625
100 117 1.3125
100 118 0.25
101 115 0.0625
101 116 1.0625
101 117 0.5
102 114 0.125
102 115 1.1875
103 113 0.0625
103 114 1.1875
103 115 0.25
104 113 1.1875
104 114 0.125
105 111 1.25
105 112 1.25
105 113 0.125
106 110 1.3125
107 110 0.1875
107 112 0.125
118 123 0.0390625
119 122 0.820312
119 123 0.0390625
120 123 0.78125
120 124 0.15625
121 124 0.78125
121 125 0.117188
122 125 0.820312
122 126 0.0390625
123 126 0.78125
123 127 0.351562
124 127 0.78125
124 128 0.0390625
125 128 0.117188
