L	Ls	nvertices	F_L	F_L_constrained	rho_sum	nloops	regions
  1	  0	  0	           0	           0	           0	 0	[(0, 1)]
  2	  0	  0	           0	           0	           0	 0	[(0, 2)]
  3	  0	  0	           0	           0	           0	 0	[(0, 3)]
  4	  0	  2	           0	     3.69628	    0.343832	 1	[(0, 4)]
  5	  0	  4	           0	     2.24319	    0.300008	 1	[(0, 5)]
  6	  0	  6	           0	       4.298	      5.1663	 0	[(0, 6)]
  7	  0	  7	           0	     4.43393	     5.70691	 0	[(0, 7)]
  8	  0	  8	           0	     4.57537	     6.28462	 0	[(0, 8)]
  9	  0	  9	           0	     5.04328	     6.59414	 0	[(0, 9)]
 10	  0	  9	           0	     5.04328	     6.59414	 0	[(0, 10)]
 11	  0	  9	           0	     5.04328	     6.59414	 0	[(0, 11)]
 12	  0	  9	           0	     5.04328	     6.59414	 0	[(0, 12)]
 13	  9	  3	           0	     3.91135	     0.28325	 1	[(9, 13)]
 14	  9	  5	           0	     2.38162	    0.268747	 1	[(9, 14)]
 15	  9	  7	           0	      5.0608	     5.76103	 0	[(9, 15)]
 16	  9	  8	           0	     4.95579	     6.18599	 0	[(9, 16)]
 17	  9	  9	           0	     4.49139	     6.58383	 0	[(9, 17)]
 18	  9	 10	           0	      4.4923	     7.66359	 0	[(9, 18)]
 19	  9	 11	           0	     4.48041	     8.70609	 0	[(9, 19)]
 20	  9	 12	           0	     4.49867	     9.54988	 0	[(9, 20)]
 21	  9	 13	           0	     4.52571	     10.4989	 0	[(9, 21)]
 22	  9	 14	           0	     4.38763	     11.6407	 0	[(9, 22)]
 23	  9	 15	           0	     4.28706	     12.7233	 0	[(9, 23)]
 24	  9	 16	           0	     4.81728	     12.4183	 0	[(9, 24)]
 25	  9	 17	           0	     4.91181	     9.32559	 0	[(9, 25)]
 26	  9	 18	           0	     4.89872	     9.33336	 0	[(9, 26)]
 27	  9	 19	           0	     4.88684	     9.32475	 0	[(9, 27)]
 28	  9	 19	           0	     4.88684	     9.32475	 0	[(9, 28)]
 29	  9	 19	           0	     4.88684	     9.32475	 0	[(9, 29)]
 30	  9	 20	           0	     8.96421	     9.83577	 1	[(9, 30)]
 31	  9	 21	           0	     9.16276	     9.62944	 1	[(9, 31)]
 32	  9	 21	           0	     9.16276	     9.62944	 1	[(9, 32)]
 33	  9	 21	           0	     9.16276	     9.62944	 1	[(9, 33)]
 34	 30	  2	           0	     3.71458	     0.30042	 1	[(30, 34)]
 35	 30	  5	           0	     2.35377	    0.263949	 1	[(30, 35)]
 36	 30	  7	   -0.160243	   -0.160243	     0.16609	 0	[(30, 36)]
 37	 30	  8	   -0.160243	     5.06408	     6.08325	 0	[(30, 37)]
 38	 30	  9	   -0.160243	     5.07142	      6.4862	 0	[(30, 38)]
 39	 30	 10	   -0.160243	     5.13199	     6.91158	 0	[(30, 39)]
 40	 30	 11	   -0.160243	     5.15352	     7.36128	 0	[(30, 40)]
 41	 30	 12	   -0.160243	     5.55658	     7.50088	 0	[(30, 41)]
 42	 30	 13	   -0.160243	     5.64772	     7.31103	 0	[(30, 42)]
 43	 30	 14	   -0.160243	     5.60743	     7.30142	 0	[(30, 43)]
 44	 30	 14	   -0.160243	     5.60743	     7.30142	 0	[(30, 44)]
 45	 41	  3	   -0.160243	      3.9117	    0.285024	 1	[(41, 45)]
 46	 41	  5	   -0.160243	     2.35507	    0.265177	 1	[(41, 46)]
 47	 41	  7	   -0.160248	   -0.160248	    0.166107	 0	[(41, 47)]
 48	 41	  8	   -0.160248	     5.14396	     6.12863	 0	[(41, 48)]
 49	 41	  9	   -0.160248	     4.99367	     6.51865	 0	[(41, 49)]
 50	 41	 10	   -0.160248	      4.8967	     6.93517	 0	[(41, 50)]
 51	 41	 11	   -0.160248	     4.68534	     8.03844	 0	[(41, 51)]
 52	 41	 12	   -0.160248	     4.71436	     9.04844	 0	[(41, 52)]
 53	 41	 13	   -0.160248	      4.4703	     10.1634	 0	[(41, 53)]
 54	 41	 14	   -0.160248	      4.4316	     11.0768	 0	[(41, 54)]
 55	 41	 15	   -0.160248	     4.13463	     12.2117	 0	[(41, 55)]
 56	 41	 16	   -0.160248	     3.77083	     13.2785	 0	[(41, 56)]
 57	 41	 17	   -0.160248	     3.77416	     14.0355	 0	[(41, 57)]
 58	 41	 18	   -0.160248	     3.83598	     14.6499	 0	[(41, 58)]
 59	 41	 19	   -0.160248	      4.1884	      14.265	 0	[(41, 59)]
 60	 41	 19	   -0.160248	      4.1884	      14.265	 0	[(41, 60)]
 61	 41	 20	   -0.160248	     3.95314	     14.4959	 0	[(41, 61)]
 62	 41	 20	   -0.160248	     3.95314	     14.4959	 0	[(41, 62)]
 63	 41	 20	   -0.160248	     3.95314	     14.4959	 0	[(41, 63)]
 64	 41	 20	   -0.160248	     3.95314	     14.4959	 0	[(41, 64)]
 65	 41	 20	   -0.160248	     3.95314	     14.4959	 0	[(41, 65)]
 66	 57	  3	   -0.160248	     3.96657	    0.311556	 1	[(57, 66)]
 67	 57	  4	   -0.160248	     4.71844	     2.49261	 1	[(57, 67)]
 68	 57	  6	   -0.160248	     5.76846	     4.05363	 1	[(57, 68)]
 69	 28	 40	   -0.160248	     4.30868	     35.5225	 1	[(28, 69)]
 70	 28	 41	   -0.160248	      2.7422	     37.2377	 1	[(28, 70)]
 71	  9	 61	   -0.160248	     2.03133	     53.0175	 1	[(9, 71)]
 72	  9	 62	   -0.160248	     2.32294	     53.6491	 1	[(9, 72)]
 73	  9	 62	   -0.160248	     2.32294	     53.6491	 1	[(9, 73)]
 74	  9	 63	   -0.160248	     3.12945	     54.4586	 2	[(9, 74)]
 75	  9	 64	   -0.160248	     2.49388	     55.6042	 2	[(9, 75)]
 76	  9	 66	   -0.160248	     2.00043	     57.5448	 1	[(9, 76)]
 77	  9	 67	   -0.160248	     1.63507	     58.6398	 1	[(9, 77)]
 78	  9	 68	   -0.160248	     1.05358	     59.7478	 1	[(9, 78)]
 79	  9	 69	    -1.45307	    -1.45307	      61.213	 1	[(9, 79)]
 80	  9	 70	    -1.80807	    -1.80807	     62.1001	 1	[(9, 80)]
 81	  9	 71	    -1.92413	    -1.92413	     62.9156	 1	[(9, 81)]
 82	  9	 72	      -5.217	      -5.217	     64.1548	 1	[(9, 82)]
 83	  9	 73	    -6.27109	    -6.27109	     65.2189	 1	[(9, 83)]
 84	  9	 74	    -6.45563	    -6.45563	     66.0832	 1	[(9, 84)]
 85	  9	 75	    -6.71442	    -6.71442	     66.9116	 1	[(9, 85)]
 86	  9	 76	    -7.33341	    -7.33341	     67.9452	 1	[(9, 86)]
 87	  9	 77	    -7.58607	    -7.58607	     68.9229	 1	[(9, 87)]
 88	  9	 78	    -7.58607	    -7.52701	     69.6324	 1	[(9, 88)]
 89	  9	 79	    -7.58607	     -7.4616	     70.2156	 1	[(9, 89)]
 90	  9	 80	    -7.58607	    -7.08038	     69.6124	 1	[(9, 90)]
 91	  9	 80	    -7.58607	    -7.08038	     69.6124	 1	[(9, 91)]
 92	  9	 80	    -7.58607	    -7.08038	     69.6124	 1	[(9, 92)]
 93	  9	 81	    -7.58607	    -7.24522	     69.7651	 1	[(9, 93)]
 94	  9	 81	    -7.58607	    -7.24522	     69.7651	 1	[(9, 94)]
 95	  9	 81	    -7.58607	    -7.24522	     69.7651	 1	[(9, 95)]
 96	  9	 81	    -7.58607	    -7.24522	     69.7651	 1	[(9, 96)]
 97	  9	 81	    -7.58607	    -7.24522	     69.7651	 1	[(9, 97)]
 98	  9	 81	    -7.58607	    -7.24522	     69.7651	 1	[(9, 98)]
 99	  9	 82	    -7.58607	    -7.38902	     69.9002	 1	[(9, 99)]
100	  9	 82	    -7.58607	    -7.38902	     69.9002	 1	[(9, 100)]
101	  9	 82	    -7.58607	    -7.38902	     69.9002	 1	[(9, 101)]
102	  9	 82	    -7.58607	    -7.38902	     69.9002	 1	[(9, 102)]
103	 89	  3	    -7.58607	     3.96899	    0.322791	 1	[(89, 103)]
104	 89	  5	    -7.58607	     5.96487	     3.62364	 1	[(89, 104)]
105	 89	  8	    -7.58607	     6.21994	     6.41721	 1	[(89, 105)]
106	  9	 92	    -7.58607	     5.82568	     78.2638	 3	[(9, 106)]
107	  9	 94	    -7.58607	     2.60072	     81.2632	 3	[(9, 107)]
108	  9	 95	    -7.58607	     1.43562	     82.8538	 3	[(9, 108)]
109	  9	 97	    -7.58607	    -0.76668	     87.2759	 2	[(9, 109)]
110	  9	 98	    -7.58607	    -0.31023	     87.8588	 2	[(9, 110)]
111	  9	 99	    -7.58607	  -0.0418118	     88.2297	 2	[(9, 111)]
112	  9	 99	    -7.58607	  -0.0418118	     88.2297	 2	[(9, 112)]
113	  9	100	    -7.58607	    0.774475	      89.904	 3	[(9, 113)]
114	  9	101	    -7.58607	    -1.67965	     91.0005	 3	[(9, 114)]
115	  9	102	    -7.58607	    -3.35504	     92.0392	 3	[(9, 115)]
116	  9	103	    -7.58607	    -5.33713	     93.0438	 3	[(9, 116)]
117	  9	104	    -7.58607	    -6.64699	     94.0104	 3	[(9, 117)]
118	  9	105	     -8.4734	     -8.4734	     95.0321	 3	[(9, 118)]
119	  9	106	    -9.73613	    -9.73613	     96.1373	 3	[(9, 119)]
120	  9	108	    -14.0123	    -14.0123	     97.3596	 3	[(9, 120)]
121	  9	109	    -15.3426	    -15.3426	     99.1112	 3	[(9, 121)]
122	  9	111	    -16.7478	    -16.7478	     100.784	 2	[(9, 122)]
123	  9	112	    -16.7478	    -16.1264	     101.078	 2	[(9, 123)]
124	  9	112	    -16.7478	    -16.1264	     101.078	 2	[(9, 124)]
125	  9	112	    -16.7478	    -16.1264	     101.078	 2	[(9, 125)]
126	  9	112	    -16.7478	    -16.1264	     101.078	 2	[(9, 126)]
127	  9	112	    -16.7478	    -16.1264	     101.078	 2	[(9, 127)]
128	  9	112	    -16.7478	    -16.1264	     101.078	 2	[(9, 128)]
129	  9	112	    -16.7478	    -16.1264	     101.078	 2	[(9, 129)]
130	  9	112	    -16.7478	    -16.1264	     101.078	 2	[(9, 130)]
131	  9	112	    -16.7478	    -16.1264	     101.078	 2	[(9, 131)]
132	  9	112	    -16.7478	    -16.1264	     101.078	 2	[(9, 132)]
133	  9	112	    -16.7478	    -16.1264	     101.078	 2	[(9, 133)]
134	  9	112	    -16.7478	    -16.1264	     101.078	 2	[(9, 134)]
135	  9	112	    -16.7478	    -16.1264	     101.078	 2	[(9, 135)]
136	  9	112	    -16.7478	    -16.1264	     101.078	 2	[(9, 136)]
137	  9	112	    -16.7478	    -16.1264	     101.078	 2	[(9, 137)]
138	  9	112	    -16.7478	    -16.1264	     101.078	 2	[(9, 138)]
139	  9	112	    -16.7478	    -16.1264	     101.078	 2	[(9, 139)]
140	  9	113	    -16.7478	    -16.2573	     101.207	 2	[(9, 140)]
141	  9	113	    -16.7478	    -16.2573	     101.207	 2	[(9, 141)]
142	  9	114	    -16.7478	    -9.31637	     101.682	 3	[(9, 142)]
143	  9	115	    -16.7478	    -9.21276	     101.699	 3	[(9, 143)]
144	 28	 98	    -16.7478	    -9.05447	       86.29	 2	[(28, 144)]
145	  9	118	    -16.7478	    -8.90507	     101.328	 3	[(9, 145)]
146	  9	119	    -16.7478	    -5.53564	      107.18	 3	[(9, 146)]
147	  9	120	    -16.7478	    -5.64852	     107.108	 3	[(9, 147)]
148	  9	121	    -16.7478	    -5.63996	     108.218	 3	[(9, 148)]
149	  9	122	    -16.7478	     -5.8797	     109.524	 3	[(9, 149)]
150	  9	123	    -16.7478	    -6.32133	     110.699	 3	[(9, 150)]
151	  9	124	    -16.7478	    -6.49711	     111.684	 3	[(9, 151)]
152	  9	125	    -16.7478	    -6.55568	     112.563	 3	[(9, 152)]
153	  9	126	    -16.7478	     -7.5809	     113.825	 3	[(9, 153)]
154	  9	127	    -16.7478	    -7.66773	      114.71	 3	[(9, 154)]
155	  9	128	    -16.7478	     -8.7628	     115.921	 3	[(9, 155)]
156	  9	129	    -16.7478	    -8.90461	     116.739	 3	[(9, 156)]
157	  9	130	    -16.7478	    -9.13921	     117.686	 3	[(9, 157)]
158	  9	131	    -16.7478	    -9.61116	     118.692	 3	[(9, 158)]
159	  9	132	    -16.7478	    -9.78524	     119.651	 3	[(9, 159)]
160	  9	133	    -16.7478	    -9.95672	     120.597	 3	[(9, 160)]
161	  9	134	    -16.7478	    -9.49434	     120.736	 3	[(9, 161)]
162	  9	134	    -16.7478	    -9.49434	     120.736	 3	[(9, 162)]
163	  9	135	    -16.7478	    -9.65739	     120.938	 3	[(9, 163)]
164	  9	135	    -16.7478	    -9.65739	     120.938	 3	[(9, 164)]
165	  9	136	    -16.7478	    -9.82137	     121.122	 3	[(9, 165)]
166	  9	137	    -16.7478	    -9.83369	     121.165	 3	[(9, 166)]
167	  9	138	    -16.7478	    -9.81803	     121.179	 3	[(9, 167)]
168	  9	139	    -16.7478	    -9.90396	     121.275	 3	[(9, 168)]
169	  9	140	    -16.7478	    -10.1835	     121.555	 3	[(9, 169)]
170	  9	141	    -16.7478	    -10.1325	     121.534	 3	[(9, 170)]
171	  9	142	    -16.7478	    -10.7982	      122.19	 3	[(9, 171)]
172	  9	143	    -16.7478	    -10.8234	     122.516	 3	[(9, 172)]
173	  9	144	    -16.7478	    -10.7487	     122.542	 3	[(9, 173)]
174	  9	145	    -16.7478	    -8.97559	     124.839	 4	[(9, 174)]
175	  9	146	    -16.7478	    -13.3352	     126.903	 5	[(9, 175)]
176	  9	147	    -17.5057	    -17.5057	     128.993	 5	[(9, 176)]
177	  9	148	    -24.5544	    -24.5544	     131.647	 5	[(9, 177)]
178	  9	149	    -29.2464	    -29.2464	     134.208	 5	[(9, 178)]
179	  9	150	     -31.766	     -31.766	     135.631	 5	[(9, 179)]
180	  9	151	     -31.766	    -31.1507	     136.061	 5	[(9, 180)]
181	  9	151	     -31.766	    -31.1507	     136.061	 5	[(9, 181)]
182	  9	151	     -31.766	    -31.1507	     136.061	 5	[(9, 182)]
183	  9	151	     -31.766	    -31.1507	     136.061	 5	[(9, 183)]
184	  9	151	     -31.766	    -31.1507	     136.061	 5	[(9, 184)]
185	  9	151	     -31.766	    -31.1507	     136.061	 5	[(9, 185)]
186	  9	151	     -31.766	    -31.1507	     136.061	 5	[(9, 186)]
187	  9	151	     -31.766	    -31.1507	     136.061	 5	[(9, 187)]
188	  9	154	     -31.766	    -31.4332	     136.378	 5	[(9, 188)]
189	  9	156	     -31.766	    -31.3959	     136.324	 5	[(9, 189)]
190	  9	156	     -31.766	    -31.3959	     136.324	 5	[(9, 190)]
191	  9	156	     -31.766	    -31.3959	     136.324	 5	[(9, 191)]
192	  9	156	     -31.766	    -31.3959	     136.324	 5	[(9, 192)]
193	  9	156	     -31.766	    -31.3959	     136.324	 5	[(9, 193)]
194	  9	158	     -31.766	    -31.6561	     136.573	 5	[(9, 194)]
195	  9	158	     -31.766	    -31.6561	     136.573	 5	[(9, 195)]
196	  9	160	    -31.7978	    -31.7978	     136.739	 5	[(9, 196)]
197	  9	161	    -31.7978	    -29.2905	     136.748	 6	[(9, 197)]
198	  9	163	    -31.7978	    -31.6726	       136.6	 5	[(9, 198)]
199	  9	164	    -31.7978	    -27.2705	     142.227	 5	[(9, 199)]
200	  9	165	    -31.7978	    -27.3587	     142.713	 5	[(9, 200)]
201	  9	166	    -31.7978	    -27.4153	     144.135	 5	[(9, 201)]
202	  9	167	    -31.7978	    -27.6147	     145.237	 5	[(9, 202)]
203	  9	168	    -31.7978	    -27.6529	     146.151	 5	[(9, 203)]
204	  9	170	    -31.7978	    -19.3934	     146.688	 6	[(9, 204)]
205	  9	171	    -31.7978	    -19.4694	     147.653	 6	[(9, 205)]
206	  9	172	    -31.7978	    -19.4676	     148.596	 6	[(9, 206)]
207	  9	173	    -31.7978	    -20.0557	     149.919	 6	[(9, 207)]
208	  9	174	    -31.7978	     -20.891	     151.271	 6	[(9, 208)]
209	  9	175	    -31.7978	     -20.981	     152.157	 6	[(9, 209)]
210	  9	176	    -31.7978	    -21.0665	     152.982	 6	[(9, 210)]
211	  9	177	    -31.7978	    -22.5113	     154.611	 6	[(9, 211)]
212	  9	178	    -31.7978	    -22.6122	     155.399	 6	[(9, 212)]
213	  9	179	    -31.7978	    -23.2418	     156.391	 6	[(9, 213)]
214	  9	179	    -31.7978	    -23.2418	     156.391	 6	[(9, 214)]
215	  9	179	    -31.7978	    -23.2418	     156.391	 6	[(9, 215)]
216	  9	179	    -31.7978	    -23.2418	     156.391	 6	[(9, 216)]
217	  9	179	    -31.7978	    -23.2418	     156.391	 6	[(9, 217)]
218	  9	181	    -31.7978	    -23.5182	     156.653	 6	[(9, 218)]
219	  9	181	    -31.7978	    -23.5182	     156.653	 6	[(9, 219)]
220	  9	183	    -31.7978	    -21.7369	     160.637	 6	[(9, 220)]
221	  9	184	    -31.7978	    -21.9202	     162.191	 6	[(9, 221)]
222	  9	187	    -31.7978	     -20.028	     162.076	 6	[(9, 222)]
223	  9	188	    -31.7978	    -9.52876	     165.349	 8	[(9, 223)]
224	  9	191	    -31.7978	    -9.98389	     167.457	 8	[(9, 224)]
225	  9	192	    -31.7978	    -11.4051	     169.303	 8	[(9, 225)]
226	  9	192	    -31.7978	    -11.4051	     169.303	 8	[(9, 226)]
227	  9	192	    -31.7978	    -11.4051	     169.303	 8	[(9, 227)]
228	  9	192	    -31.7978	    -11.4051	     169.303	 8	[(9, 228)]
229	  9	194	    -31.7978	    -8.12517	     170.622	 9	[(9, 229)]
230	  9	195	    -31.7978	    -9.61114	     171.702	 9	[(9, 230)]
231	  9	196	    -31.7978	    -13.1702	     175.088	 9	[(9, 231)]
232	  9	197	    -31.7978	     -15.141	     176.546	 9	[(9, 232)]
233	  9	198	    -31.7978	    -15.1386	      177.35	 9	[(9, 233)]
234	  9	199	    -31.7978	    -15.6816	     178.469	 9	[(9, 234)]
235	  9	200	    -31.7978	    -18.6009	     179.939	 9	[(9, 235)]
236	  9	201	    -31.7978	    -18.1916	      180.47	 9	[(9, 236)]
237	  9	203	    -31.7978	    -17.3061	     181.271	 9	[(9, 237)]
238	  9	205	    -31.7978	    -17.3351	     184.512	 9	[(9, 238)]
239	  9	206	    -31.7978	    -18.5628	     185.643	 9	[(9, 239)]
240	  9	207	    -31.7978	    -20.0065	     186.776	 9	[(9, 240)]
241	  9	208	    -31.7978	    -19.6609	     187.346	 9	[(9, 241)]
242	  9	208	    -31.7978	    -19.6609	     187.346	 9	[(9, 242)]
243	  9	209	    -31.7978	    -20.1327	     187.764	 9	[(9, 243)]
244	  9	209	    -31.7978	    -20.1327	     187.764	 9	[(9, 244)]
245	  9	209	    -31.7978	    -20.1327	     187.764	 9	[(9, 245)]
246	  9	211	    -31.7978	     -13.004	     187.738	10	[(9, 246)]
247	  9	211	    -31.7978	     -13.004	     187.738	10	[(9, 247)]
248	  9	213	    -31.7978	    -19.4464	     187.791	 9	[(9, 248)]
249	  9	214	    -31.7978	    -10.7212	     187.901	11	[(9, 249)]
250	  9	216	    -31.7978	     -9.8506	     193.394	10	[(9, 250)]
251	  9	217	    -31.7978	     -10.434	     194.505	10	[(9, 251)]
252	  9	218	    -31.7978	    -10.7271	     195.769	10	[(9, 252)]
253	  9	219	    -31.7978	    -12.9038	     198.446	10	[(9, 253)]
254	  9	220	    -31.7978	    -13.1425	     199.285	10	[(9, 254)]
255	  9	221	    -31.7978	    -13.5658	      200.24	10	[(9, 255)]
256	  9	222	    -31.7978	    -13.9693	     201.183	10	[(9, 256)]
257	  9	223	    -31.7978	    -14.4012	     202.291	10	[(9, 257)]
258	  9	224	    -31.7978	    -14.6079	     203.219	10	[(9, 258)]
259	  9	225	    -31.7978	    -14.7915	     204.151	10	[(9, 259)]
260	  9	226	    -31.7978	    -17.0342	     205.512	10	[(9, 260)]
261	  9	227	    -31.7978	    -18.6285	      206.73	10	[(9, 261)]
262	  9	228	    -31.7978	    -18.7726	     207.561	10	[(9, 262)]
263	  9	229	    -31.7978	    -19.2973	     208.484	10	[(9, 263)]
264	  9	230	    -31.7978	      -19.89	     209.456	10	[(9, 264)]
265	  9	232	    -31.7978	    -21.3456	     210.513	10	[(9, 265)]
266	  9	233	    -31.7978	    -21.4171	     211.253	10	[(9, 266)]
267	  9	234	    -31.7978	    -21.1499	     211.789	10	[(9, 267)]
268	  9	234	    -31.7978	    -21.1499	     211.789	10	[(9, 268)]
269	  9	235	    -31.7978	    -21.4593	     212.058	10	[(9, 269)]
270	  9	235	    -31.7978	    -21.4593	     212.058	10	[(9, 270)]
271	  9	236	    -31.7978	    -15.8531	     212.251	11	[(9, 271)]
272	  9	236	    -31.7978	    -15.8531	     212.251	11	[(9, 272)]
273	  9	238	    -31.7978	    -21.5008	     212.154	10	[(9, 273)]
274	  9	239	    -31.7978	    -14.1162	     212.188	12	[(9, 274)]
275	  9	241	    -31.7978	    -13.3189	     217.557	11	[(9, 275)]
276	  9	242	    -31.7978	    -13.5696	     217.702	11	[(9, 276)]
277	  9	243	    -31.7978	    -13.5915	     218.996	11	[(9, 277)]
278	  9	244	    -31.7978	    -14.1371	     220.136	11	[(9, 278)]
279	  9	245	    -31.7978	    -15.6204	     221.468	11	[(9, 279)]
280	  9	246	    -31.7978	    -15.1651	     221.993	11	[(9, 280)]
281	  9	246	    -31.7978	    -15.1651	     221.993	11	[(9, 281)]
282	  9	246	    -31.7978	    -15.1651	     221.993	11	[(9, 282)]
