L	Ls	nvertices	F_L	F_L_constrained	rho_sum	nloops	regions
  0	  0	  0	           0	           0	           0	 0	[(0, 0)]
  1	  0	  0	           0	           0	           0	 0	[(0, 1)]
  2	  0	  0	           0	           0	           0	 0	[(0, 2)]
  3	  0	  0	           0	           0	           0	 0	[(0, 3)]
  4	  0	  0	           0	           0	           0	 0	[(0, 4)]
  5	  0	  0	           0	           0	           0	 0	[(0, 5)]
  6	  0	  0	           0	           0	           0	 0	[(0, 6)]
  7	  0	  0	           0	           0	           0	 0	[(0, 7)]
  8	  0	  0	           0	           0	           0	 0	[(0, 8)]
  9	  0	  0	           0	           0	           0	 0	[(0, 9)]
 10	  0	  2	   -0.258365	   -0.258365	    0.246465	 0	[(0, 10)]
 11	  0	  2	   -0.258365	   -0.258365	    0.246465	 0	[(0, 11)]
 12	  0	  7	   -0.392152	   -0.392152	    0.384766	 0	[(0, 12)]
 13	  0	  7	   -0.392152	   -0.392152	    0.384766	 0	[(0, 13)]
 14	  0	  9	   -0.392152	   -0.381565	    0.391002	 0	[(0, 14)]
 15	  0	 10	   -0.392152	     2.19036	    0.406785	 1	[(0, 15)]
 16	  0	 12	   -0.392152	   -0.294404	    0.304404	 0	[(0, 16)]
 17	  0	 13	   -0.392152	   -0.306896	    0.317164	 0	[(0, 17)]
 18	 11	  8	   -0.392152	     4.31846	     6.22878	 0	[(11, 18)]
 19	 11	  9	   -0.392152	     4.16578	     7.56933	 0	[(11, 19)]
 20	 11	 10	   -0.392152	     4.05515	     8.66441	 0	[(11, 20)]
 21	 11	 11	   -0.392152	     3.98381	     9.60773	 0	[(11, 21)]
 22	 11	 12	   -0.392152	     3.91909	     10.5348	 0	[(11, 22)]
 23	 11	 13	   -0.392152	     3.87576	     11.4866	 0	[(11, 23)]
 24	 11	 14	   -0.392152	     3.93726	     12.1738	 0	[(11, 24)]
 25	 11	 15	   -0.392152	     4.34688	     11.1451	 0	[(11, 25)]
 26	 11	 15	   -0.392152	     4.34688	     11.1451	 0	[(11, 26)]
 27	 11	 16	   -0.392152	     4.05958	     11.4343	 0	[(11, 27)]
 28	 11	 16	   -0.392152	     4.05958	     11.4343	 0	[(11, 28)]
 29	 11	 16	   -0.392152	     4.05958	     11.4343	 0	[(11, 29)]
 30	 11	 16	   -0.392152	     4.05958	     11.4343	 0	[(11, 30)]
 31	 11	 16	   -0.392152	     4.05958	     11.4343	 0	[(11, 31)]
 32	 29	  2	   -0.392152	     3.69322	     0.35179	 1	[(29, 32)]
 33	 29	  4	   -0.392152	     2.24573	     0.30662	 1	[(29, 33)]
 34	 29	  6	   -0.392152	     3.66306	     5.03106	 0	[(29, 34)]
 35	 29	  7	   -0.392152	     2.61635	       6.305	 0	[(29, 35)]
 36	 29	  8	   -0.392152	     2.40728	     7.28534	 0	[(29, 36)]
 37	 29	  9	   -0.392152	     2.21664	     8.19352	 0	[(29, 37)]
 38	 29	 10	   -0.392152	     1.94843	     9.09613	 0	[(29, 38)]
 39	 29	 11	   -0.392152	     1.66994	     10.1214	 0	[(29, 39)]
 40	 29	 12	   -0.392152	     1.08543	     11.2554	 0	[(29, 40)]
 41	 29	 13	   -0.392152	    0.978944	     12.0613	 0	[(29, 41)]
 42	 29	 14	   -0.392152	     1.54285	     12.0429	 0	[(29, 42)]
 43	 29	 14	   -0.392152	     1.54285	     12.0429	 0	[(29, 43)]
 44	 29	 15	   -0.392152	     3.91709	     12.1988	 1	[(29, 44)]
 45	 41	  2	   -0.392152	     3.71356	    0.302671	 1	[(41, 45)]
 46	 41	  5	   -0.392152	      2.3538	    0.266147	 1	[(41, 46)]
 47	 29	 19	   -0.392152	     3.99113	      17.208	 0	[(29, 47)]
 48	 29	 20	   -0.392152	     3.92943	     18.4647	 0	[(29, 48)]
 49	 29	 21	   -0.392152	     3.60779	     19.5922	 0	[(29, 49)]
 50	 29	 22	   -0.392152	     3.57239	     20.4798	 0	[(29, 50)]
 51	 29	 23	   -0.392152	     3.46552	     21.4663	 0	[(29, 51)]
 52	 29	 24	   -0.392152	     2.84398	     22.6628	 0	[(29, 52)]
 53	 29	 25	   -0.392152	     2.46467	     23.7098	 0	[(29, 53)]
 54	 29	 26	   -0.392152	     1.60567	     24.8511	 0	[(29, 54)]
 55	 29	 27	   -0.392152	     1.47921	     25.6459	 0	[(29, 55)]
 56	 29	 28	   -0.392152	     2.01301	     25.7883	 0	[(29, 56)]
 57	 29	 29	   -0.392152	     2.27578	     25.4602	 0	[(29, 57)]
 58	 29	 30	   -0.392152	     2.26743	      25.406	 0	[(29, 58)]
 59	 29	 31	   -0.392152	     2.20949	     25.4567	 0	[(29, 59)]
 60	 29	 31	   -0.392152	     2.20949	     25.4567	 0	[(29, 60)]
 61	 29	 31	   -0.392152	     2.20949	     25.4567	 0	[(29, 61)]
 62	 58	  3	   -0.392152	     3.90939	    0.281071	 1	[(58, 62)]
 63	 58	  5	   -0.392152	      2.3766	    0.267471	 1	[(58, 63)]
 64	 58	  7	   -0.392152	     5.18788	     5.71318	 0	[(58, 64)]
 65	 58	  8	   -0.392152	     5.16239	     6.16504	 0	[(58, 65)]
 66	 58	  9	   -0.392152	     5.21605	      6.6323	 0	[(58, 66)]
 67	 58	 10	   -0.392152	      5.1736	     7.12627	 0	[(58, 67)]
 68	 58	 11	   -0.392152	     5.08513	     7.71941	 0	[(58, 68)]
 69	 58	 12	   -0.392152	     4.88418	     9.24591	 0	[(58, 69)]
 70	 58	 13	   -0.392152	     4.74775	     10.2834	 0	[(58, 70)]
 71	 58	 14	   -0.392152	     4.60644	     11.2556	 0	[(58, 71)]
 72	 58	 15	   -0.392152	     5.15344	     11.0695	 0	[(58, 72)]
 73	 58	 16	   -0.392152	     5.31913	     10.5072	 0	[(58, 73)]
 74	 58	 16	   -0.392152	     5.31913	     10.5072	 0	[(58, 74)]
 75	 58	 17	   -0.392152	     5.04251	      11.187	 0	[(58, 75)]
 76	 58	 18	   -0.392152	     5.11045	     11.0038	 0	[(58, 76)]
 77	 58	 20	   -0.392152	     5.28555	     10.4512	 0	[(58, 77)]
 78	 58	 20	   -0.392152	     5.28555	     10.4512	 0	[(58, 78)]
 79	 58	 21	   -0.392152	     5.15649	     10.5754	 0	[(58, 79)]
 80	 58	 22	   -0.392152	     5.16038	     10.5806	 0	[(58, 80)]
 81	 58	 22	   -0.392152	     5.16038	     10.5806	 0	[(58, 81)]
 82	 58	 22	   -0.392152	     5.16038	     10.5806	 0	[(58, 82)]
 83	 58	 22	   -0.392152	     5.16038	     10.5806	 0	[(58, 83)]
 84	 58	 22	   -0.392152	     5.16038	     10.5806	 0	[(58, 84)]
 85	 58	 24	   -0.392152	     11.6292	     11.0533	 1	[(58, 85)]
 86	 58	 24	   -0.392152	     11.6292	     11.0533	 1	[(58, 86)]
 87	 58	 26	   -0.392152	     11.7282	     11.1282	 1	[(58, 87)]
 88	 58	 27	   -0.392152	     11.6423	     11.2844	 1	[(58, 88)]
 89	 58	 27	   -0.392152	     11.6423	     11.2844	 1	[(58, 89)]
 90	 58	 28	   -0.392152	     13.6571	     11.4415	 2	[(58, 90)]
 91	 85	  5	   -0.392152	     3.92172	     0.28846	 1	[(85, 91)]
 92	 85	  7	   -0.392152	     2.17212	    0.289226	 1	[(85, 92)]
 93	 85	  9	   -0.392152	     5.23921	     5.78409	 0	[(85, 93)]
 94	 85	 10	   -0.392152	     4.99225	     6.12283	 0	[(85, 94)]
 95	 85	 11	   -0.392152	     4.86512	     6.52065	 0	[(85, 95)]
 96	 85	 12	   -0.392152	     4.92088	     6.98104	 0	[(85, 96)]
 97	 85	 13	   -0.392152	     4.93047	     7.83709	 0	[(85, 97)]
 98	 85	 14	   -0.392152	     4.65491	     9.28686	 0	[(85, 98)]
 99	 85	 15	   -0.392152	     4.18175	     10.5077	 0	[(85, 99)]
100	 85	 16	   -0.392152	     4.01469	     11.4681	 0	[(85, 100)]
101	 85	 17	   -0.392152	     3.70665	     12.4532	 0	[(85, 101)]
102	 85	 18	   -0.392152	     3.45993	     13.4058	 0	[(85, 102)]
103	 85	 19	   -0.392152	     3.31142	     14.2367	 0	[(85, 103)]
104	 85	 20	   -0.392152	     2.82309	     15.2223	 0	[(85, 104)]
105	 85	 21	   -0.392152	     3.45374	     15.0838	 0	[(85, 105)]
106	 85	 22	   -0.392152	     3.63788	     14.7031	 0	[(85, 106)]
107	 85	 22	   -0.392152	     3.63788	     14.7031	 0	[(85, 107)]
108	 85	 22	   -0.392152	     3.63788	     14.7031	 0	[(85, 108)]
109	 85	 22	   -0.392152	     3.63788	     14.7031	 0	[(85, 109)]
110	 85	 22	   -0.392152	     3.63788	     14.7031	 0	[(85, 110)]
111	 85	 22	   -0.392152	     3.63788	     14.7031	 0	[(85, 111)]
112	 85	 22	   -0.392152	     3.63788	     14.7031	 0	[(85, 112)]
113	 85	 22	   -0.392152	     3.63788	     14.7031	 0	[(85, 113)]
114	 85	 22	   -0.392152	     3.63788	     14.7031	 0	[(85, 114)]
115	 85	 22	   -0.392152	     3.63788	     14.7031	 0	[(85, 115)]
116	 85	 22	   -0.392152	     3.63788	     14.7031	 0	[(85, 116)]
117	 85	 22	   -0.392152	     3.63788	     14.7031	 0	[(85, 117)]
118	114	  3	   -0.392152	     3.90699	    0.285363	 1	[(114, 118)]
119	114	  5	   -0.392152	     2.37772	    0.269401	 1	[(114, 119)]
120	114	  7	   -0.392152	     5.14045	     5.74099	 0	[(114, 120)]
121	114	  8	   -0.392152	     5.04326	     6.18063	 0	[(114, 121)]
122	114	  9	   -0.392152	     4.72467	     6.58025	 0	[(114, 122)]
123	114	 10	   -0.392152	     4.78275	     7.03711	 0	[(114, 123)]
124	114	 11	   -0.392152	     4.59084	     8.49431	 0	[(114, 124)]
125	114	 12	   -0.392152	     4.68783	     9.32253	 0	[(114, 125)]
126	114	 13	   -0.392152	      5.1443	     8.74267	 0	[(114, 126)]
127	114	 14	   -0.392152	     5.22433	     7.77188	 0	[(114, 127)]
128	114	 14	   -0.392152	     5.22433	     7.77188	 0	[(114, 128)]
129	114	 14	   -0.392152	     5.22433	     7.77188	 0	[(114, 129)]
130	114	 14	   -0.392152	     5.22433	     7.77188	 0	[(114, 130)]
131	114	 14	   -0.392152	     5.22433	     7.77188	 0	[(114, 131)]
132	124	  4	   -0.392152	     7.88175	    0.669897	 2	[(124, 132)]
133	124	  6	   -0.392152	     8.55205	       0.393	 2	[(124, 133)]
134	124	  7	   -0.392152	     10.4535	     4.30411	 2	[(124, 134)]
135	124	  8	   -0.392152	      10.433	     5.44706	 2	[(124, 135)]
136	124	 11	   -0.392152	     6.68754	     7.88215	 1	[(124, 136)]
137	124	 12	   -0.392152	     7.12263	     10.2991	 1	[(124, 137)]
138	124	 13	   -0.392152	     7.32514	     10.9704	 1	[(124, 138)]
139	124	 13	   -0.392152	     7.32514	     10.9704	 1	[(124, 139)]
140	135	  2	   -0.392152	     3.54415	      1.5153	 1	[(135, 140)]
141	135	  5	   -0.392152	   0.0546805	     4.26251	 1	[(135, 141)]
142	135	  7	   -0.392152	  -0.0897188	     5.02391	 1	[(135, 142)]
143	135	  8	   -0.392152	    0.398967	     5.09547	 1	[(135, 143)]
144	135	  8	   -0.392152	    0.398967	     5.09547	 1	[(135, 144)]
145	135	  8	   -0.392152	    0.398967	     5.09547	 1	[(135, 145)]
146	135	  8	   -0.392152	    0.398967	     5.09547	 1	[(135, 146)]
147	135	  8	   -0.392152	    0.398967	     5.09547	 1	[(135, 147)]
148	135	 10	   -0.392152	    0.130185	     5.36373	 1	[(135, 148)]
149	135	 11	   -0.392152	   0.0721268	     5.43432	 1	[(135, 149)]
150	135	 13	   -0.392152	    0.365266	     5.14885	 1	[(135, 150)]
151	135	 14	   -0.392152	    0.356693	     5.15284	 1	[(135, 151)]
152	147	  9	   -0.392152	     3.58669	     5.42406	 2	[(135, 142), (147, 152)]
153	147	 11	   -0.392152	     4.04165	     5.32204	 2	[(135, 142), (147, 153)]
154	147	 13	   -0.392152	     6.12706	     9.29766	 2	[(135, 142), (147, 154)]
155	147	 14	   -0.392152	     6.46976	     10.3752	 2	[(135, 142), (147, 155)]
156	124	 31	   -0.392152	     5.41996	     24.0624	 3	[(124, 156)]
157	124	 32	   -0.392152	     1.55443	     25.5269	 3	[(124, 157)]
158	124	 33	   -0.392152	     2.00948	     26.0943	 3	[(124, 158)]
159	124	 34	   -0.392152	     2.35499	      26.391	 3	[(124, 159)]
160	124	 34	   -0.392152	     2.35499	      26.391	 3	[(124, 160)]
161	124	 34	   -0.392152	     2.35499	      26.391	 3	[(124, 161)]
162	114	 45	   -0.392152	     3.15798	     36.6812	 4	[(114, 162)]
163	114	 47	   -0.392152	     4.34223	     36.6232	 4	[(114, 163)]
164	114	 48	   -0.392152	      4.7289	     36.6217	 4	[(114, 164)]
165	114	 48	   -0.392152	      4.7289	     36.6217	 4	[(114, 165)]
166	114	 50	   -0.392152	     1.81555	      39.238	 3	[(114, 166)]
167	161	 13	   -0.392152	     4.42446	     9.34482	 2	[(135, 142), (161, 167)]
168	161	 15	   -0.392152	     4.55432	     10.9899	 1	[(135, 142), (161, 168)]
169	161	 16	   -0.392152	     4.47647	     11.4499	 1	[(135, 142), (161, 169)]
170	161	 17	   -0.392152	      3.3135	     13.5588	 1	[(135, 142), (161, 170)]
171	114	 56	   -0.392152	     2.99957	     46.8347	 4	[(114, 171)]
172	114	 57	   -0.392152	     2.80888	     47.7449	 4	[(114, 172)]
173	114	 58	   -0.392152	     2.51563	     48.6209	 4	[(114, 173)]
174	114	 59	   -0.392152	     2.27842	     49.5723	 4	[(114, 174)]
175	114	 60	   -0.392152	      2.1369	     50.5309	 4	[(114, 175)]
176	114	 61	   -0.392152	     1.86191	     51.5602	 4	[(114, 176)]
177	114	 62	   -0.392152	     1.71064	     52.5165	 4	[(114, 177)]
178	  0	176	   -0.392152	    0.167046	     150.951	 7	[(0, 178)]
179	114	 64	   -0.392152	       1.163	     54.0228	 4	[(114, 179)]
180	114	 65	   -0.392152	     1.52255	     53.8979	 4	[(114, 180)]
181	114	 66	   -0.392152	     1.58534	      53.755	 4	[(114, 181)]
182	114	 67	   -0.392152	     1.59216	     53.7262	 4	[(114, 182)]
183	114	 68	   -0.392152	     1.58001	     53.7391	 4	[(114, 183)]
184	114	 69	   -0.392152	     1.56782	     53.7501	 4	[(114, 184)]
185	  0	184	   -0.392152	     4.04505	     156.055	 7	[(0, 185)]
186	  0	185	   -0.392152	     3.61415	     157.295	 7	[(0, 186)]
187	  0	186	   -0.392152	     3.18271	     158.277	 7	[(0, 187)]
188	  0	187	   -0.392152	     2.87483	     159.161	 7	[(0, 188)]
189	  0	188	   -0.392152	     2.77617	     159.936	 7	[(0, 189)]
190	  0	189	    -5.49859	    -5.49859	      161.37	 6	[(0, 190)]
191	  0	190	      -7.457	      -7.457	     162.461	 6	[(0, 191)]
192	  0	191	     -10.107	     -10.107	     163.622	 6	[(0, 192)]
193	  0	192	    -11.4718	    -11.4718	     164.693	 6	[(0, 193)]
194	  0	193	    -11.6181	    -11.6181	     167.455	 6	[(0, 194)]
195	  0	194	    -11.8454	    -11.8454	     170.846	 6	[(0, 195)]
196	  0	195	    -11.8454	    -11.4679	     171.523	 6	[(0, 196)]
197	  0	196	    -11.8881	    -11.8881	     172.884	 6	[(0, 197)]
198	  0	197	    -11.8881	     -11.513	     173.149	 6	[(0, 198)]
199	  0	197	    -11.8881	     -11.513	     173.149	 6	[(0, 199)]
200	  0	198	    -11.8881	    -9.45385	     173.415	 7	[(0, 200)]
201	  0	199	    -11.8881	    -9.24513	     173.434	 7	[(0, 201)]
202	  0	201	    -11.8881	     -11.221	     172.142	 6	[(0, 202)]
203	  0	202	    -11.8881	    -9.39116	     178.825	 6	[(0, 203)]
204	  0	203	    -11.8881	    -11.3762	     180.204	 6	[(0, 204)]
205	  0	204	    -11.8881	    -11.6566	     181.089	 6	[(0, 205)]
206	  0	205	     -13.284	     -13.284	     182.311	 6	[(0, 206)]
207	  0	206	     -13.774	     -13.774	     183.186	 6	[(0, 207)]
208	  0	207	    -14.7324	    -14.7324	     184.432	 6	[(0, 208)]
209	  0	208	    -14.9327	    -14.9327	     185.253	 6	[(0, 209)]
210	  0	209	    -15.9885	    -15.9885	     186.377	 6	[(0, 210)]
211	  0	210	    -17.0473	    -17.0473	     187.457	 6	[(0, 211)]
212	  0	211	    -17.0675	    -17.0675	     188.269	 6	[(0, 212)]
213	  0	212	    -17.0675	    -16.4276	     188.243	 6	[(0, 213)]
214	  0	213	    -17.0675	    -16.3236	     188.154	 6	[(0, 214)]
215	  0	214	    -17.0675	    -16.3093	     188.197	 6	[(0, 215)]
216	  0	215	    -17.0675	    -16.2719	     188.072	 6	[(0, 216)]
217	  0	215	    -17.0675	    -16.2719	     188.072	 6	[(0, 217)]
