L	Ls	nvertices	F_L	F_L_constrained	rho_sum	nloops	regions
 21	  0	  0	           0	           0	           0	 0	[(0, 21)]
 22	  0	  0	           0	           0	           0	 0	[(0, 22)]
 23	  0	  0	           0	           0	           0	 0	[(0, 23)]
 24	  0	  0	           0	           0	           0	 0	[(0, 24)]
 25	  0	  0	           0	           0	           0	 0	[(0, 25)]
 26	  0	  0	           0	           0	           0	 0	[(0, 26)]
 27	  0	  0	           0	           0	           0	 0	[(0, 27)]
 28	  0	  0	           0	           0	           0	 0	[(0, 28)]
 29	  0	  0	           0	           0	           0	 0	[(0, 29)]
 30	  0	  0	           0	           0	           0	 0	[(0, 30)]
 31	  0	  0	           0	           0	           0	 0	[(0, 31)]
 32	  0	  0	           0	           0	           0	 0	[(0, 32)]
 33	  0	  0	           0	           0	           0	 0	[(0, 33)]
 34	  0	  0	           0	           0	           0	 0	[(0, 34)]
 35	  0	  0	           0	           0	           0	 0	[(0, 35)]
 36	  0	  0	           0	           0	           0	 0	[(0, 36)]
 37	  0	  0	           0	           0	           0	 0	[(0, 37)]
 38	  0	  0	           0	           0	           0	 0	[(0, 38)]
 39	  0	  0	           0	           0	           0	 0	[(0, 39)]
 40	  0	  3	   -0.257711	   -0.257711	    0.258965	 0	[(0, 40)]
 41	  0	  3	   -0.257711	   -0.257711	    0.258965	 0	[(0, 41)]
 42	  0	  3	   -0.257711	   -0.257711	    0.258965	 0	[(0, 42)]
 43	  0	  3	   -0.257711	   -0.257711	    0.258965	 0	[(0, 43)]
 44	  0	  3	   -0.257711	   -0.257711	    0.258965	 0	[(0, 44)]
 45	  0	  3	   -0.257711	   -0.257711	    0.258965	 0	[(0, 45)]
 46	  0	  5	   -0.522702	   -0.522702	    0.517715	 0	[(0, 46)]
 47	  0	  6	   -0.522702	   -0.517831	      0.5228	 0	[(0, 47)]
 48	  0	 10	   -0.619268	   -0.619268	    0.631666	 0	[(0, 48)]
 49	  0	 11	   -0.619268	      8.5217	    0.650604	 2	[(0, 49)]
 50	  0	 13	   -0.619268	     10.8676	     6.54667	 1	[(0, 50)]
 51	  0	 15	   -0.619268	      11.187	     7.81498	 1	[(0, 51)]
 52	  0	 16	   -0.619268	     11.8747	     8.13906	 1	[(0, 52)]
 53	  0	 17	   -0.619268	     12.2372	      8.2269	 1	[(0, 53)]
 54	  0	 18	   -0.619268	     11.8895	     8.81295	 1	[(0, 54)]
 55	  0	 19	   -0.619268	     12.1048	     8.54757	 1	[(0, 55)]
 56	  0	 20	   -0.619268	     12.1753	     8.46789	 1	[(0, 56)]
 57	  0	 20	   -0.619268	     12.1753	     8.46789	 1	[(0, 57)]
 58	  0	 20	   -0.619268	     12.1753	     8.46789	 1	[(0, 58)]
 59	  0	 21	   -0.619268	     12.0154	     8.64357	 1	[(0, 59)]
 60	  0	 21	   -0.619268	     12.0154	     8.64357	 1	[(0, 60)]
 61	  0	 22	   -0.619268	     11.8756	     8.76729	 1	[(0, 61)]
 62	  0	 22	   -0.619268	     11.8756	     8.76729	 1	[(0, 62)]
 63	  0	 22	   -0.619268	     11.8756	     8.76729	 1	[(0, 63)]
 64	 32	 22	   -0.619268	     11.8756	     8.76729	 1	[(32, 64)]
 65	 32	 22	   -0.619268	     11.8756	     8.76729	 1	[(32, 65)]
 66	 32	 22	   -0.619268	     11.8756	     8.76729	 1	[(32, 66)]
 67	 32	 22	   -0.619268	     11.8756	     8.76729	 1	[(32, 67)]
 68	 32	 22	   -0.619268	     11.8756	     8.76729	 1	[(32, 68)]
 69	 32	 22	   -0.619268	     11.8756	     8.76729	 1	[(32, 69)]
 70	 32	 22	   -0.619268	     11.8756	     8.76729	 1	[(32, 70)]
 71	 32	 24	   -0.619268	     11.6194	     9.00711	 1	[(32, 71)]
 72	 32	 24	   -0.619268	     11.6194	     9.00711	 1	[(32, 72)]
 73	 32	 24	   -0.619268	     11.6194	     9.00711	 1	[(32, 73)]
 74	 32	 25	   -0.619268	     11.4841	     9.14804	 1	[(32, 74)]
 75	 32	 25	   -0.619268	     11.4841	     9.14804	 1	[(32, 75)]
 76	 32	 26	   -0.619268	     11.3547	     9.26896	 1	[(32, 76)]
 77	  0	 31	   -0.619268	     11.3134	     9.87365	 1	[(0, 77)]
 78	  0	 32	   -0.619268	     11.3274	     9.85548	 1	[(0, 78)]
 79	  0	 33	   -0.619268	     11.3159	     9.87987	 1	[(0, 79)]
 80	  0	 33	   -0.619268	     11.3159	     9.87987	 1	[(0, 80)]
 81	  0	 33	   -0.619268	     11.3159	     9.87987	 1	[(0, 81)]
 82	  0	 33	   -0.619268	     11.3159	     9.87987	 1	[(0, 82)]
 83	  0	 33	   -0.619268	     11.3159	     9.87987	 1	[(0, 83)]
 84	  0	 35	   -0.619268	     10.9885	     10.2497	 1	[(0, 84)]
 85	 32	 32	   -0.619268	     11.1023	     9.52397	 1	[(32, 85)]
 86	 32	 32	   -0.619268	     11.1023	     9.52397	 1	[(32, 86)]
 87	 32	 32	   -0.619268	     11.1023	     9.52397	 1	[(32, 87)]
 88	 32	 32	   -0.619268	     11.1023	     9.52397	 1	[(32, 88)]
 89	 83	  3	   -0.619268	     3.95967	    0.326774	 1	[(83, 89)]
 90	 83	  5	   -0.619268	     6.01074	     3.72898	 1	[(83, 90)]
 91	 83	  7	   -0.619268	     5.18243	     5.47239	 1	[(83, 91)]
 92	 83	  8	   -0.619268	     5.94222	     5.71768	 1	[(83, 92)]
 93	 83	  9	   -0.619268	     6.30643	     5.73113	 1	[(83, 93)]
 94	 83	  9	   -0.619268	     6.30643	     5.73113	 1	[(83, 94)]
 95	 83	  9	   -0.619268	     6.30643	     5.73113	 1	[(83, 95)]
 96	 83	  9	   -0.619268	     6.30643	     5.73113	 1	[(83, 96)]
 97	 89	  2	   -0.619268	     3.74191	    0.245974	 1	[(89, 97)]
 98	 89	  5	   -0.619268	     4.35481	    0.266274	 1	[(89, 98)]
 99	 89	  7	   -0.619268	     6.78299	     4.80558	 1	[(89, 99)]
100	 89	  8	   -0.619268	     5.32057	     6.20037	 1	[(89, 100)]
101	 83	 15	   -0.619268	     5.07111	     12.5297	 2	[(83, 101)]
102	 83	 16	   -0.619268	     5.61688	     12.9975	 2	[(83, 102)]
103	 83	 16	   -0.619268	     5.61688	     12.9975	 2	[(83, 103)]
104	 83	 17	   -0.619268	     5.45086	     13.1506	 2	[(83, 104)]
105	 83	 17	   -0.619268	     5.45086	     13.1506	 2	[(83, 105)]
106	 83	 17	   -0.619268	     5.45086	     13.1506	 2	[(83, 106)]
107	 83	 17	   -0.619268	     5.45086	     13.1506	 2	[(83, 107)]
108	 83	 17	   -0.619268	     5.45086	     13.1506	 2	[(83, 108)]
109	 83	 19	   -0.619268	     5.19491	     13.3927	 2	[(83, 109)]
110	 83	 20	   -0.619268	     5.19788	     13.4001	 2	[(83, 110)]
111	 83	 20	   -0.619268	     5.19788	     13.4001	 2	[(83, 111)]
112	 83	 21	   -0.619268	     5.06664	     13.5271	 2	[(83, 112)]
113	 83	 21	   -0.619268	     5.06664	     13.5271	 2	[(83, 113)]
114	 83	 22	   -0.619268	     4.71197	     13.8322	 2	[(83, 114)]
115	 83	 22	   -0.619268	     4.71197	     13.8322	 2	[(83, 115)]
116	 83	 23	   -0.619268	      4.3172	     14.1799	 2	[(83, 116)]
117	110	  2	   -0.619268	     3.73501	     0.25875	 1	[(110, 117)]
118	110	  5	   -0.619268	     2.42127	    0.268737	 1	[(110, 118)]
119	110	  7	   -0.619268	     4.90795	     4.74997	 1	[(110, 119)]
120	110	  8	   -0.619268	     2.28559	     6.59721	 1	[(110, 120)]
121	110	 11	   -0.619268	      1.7342	     8.77562	 1	[(110, 121)]
122	110	 12	   -0.619268	     1.86137	     9.56545	 1	[(110, 122)]
123	110	 12	   -0.619268	     1.86137	     9.56545	 1	[(110, 123)]
124	110	 12	   -0.619268	     1.86137	     9.56545	 1	[(110, 124)]
125	110	 12	   -0.619268	     1.86137	     9.56545	 1	[(110, 125)]
126	110	 12	   -0.619268	     1.86137	     9.56545	 1	[(110, 126)]
127	110	 13	   -0.619268	     1.53348	     9.85834	 1	[(110, 127)]
128	110	 13	   -0.619268	     1.53348	     9.85834	 1	[(110, 128)]
129	110	 13	   -0.619268	     1.53348	     9.85834	 1	[(110, 129)]
130	110	 13	   -0.619268	     1.53348	     9.85834	 1	[(110, 130)]
131	110	 14	   -0.619268	     1.38828	     9.99371	 1	[(110, 131)]
132	110	 14	   -0.619268	     1.38828	     9.99371	 1	[(110, 132)]
133	110	 14	   -0.619268	     1.38828	     9.99371	 1	[(110, 133)]
134	110	 14	   -0.619268	     1.38828	     9.99371	 1	[(110, 134)]
135	110	 14	   -0.619268	     1.38828	     9.99371	 1	[(110, 135)]
136	110	 14	   -0.619268	     1.38828	     9.99371	 1	[(110, 136)]
137	110	 14	   -0.619268	     1.38828	     9.99371	 1	[(110, 137)]
138	110	 14	   -0.619268	     1.38828	     9.99371	 1	[(110, 138)]
139	110	 17	   -0.619268	     1.13183	     10.2501	 1	[(110, 139)]
140	110	 17	   -0.619268	     1.13183	     10.2501	 1	[(110, 140)]
141	110	 17	   -0.619268	     1.13183	     10.2501	 1	[(110, 141)]
142	110	 18	   -0.619268	    0.985233	     10.4071	 1	[(110, 142)]
143	110	 18	   -0.619268	    0.985233	     10.4071	 1	[(110, 143)]
144	110	 18	   -0.619268	    0.985233	     10.4071	 1	[(110, 144)]
145	110	 18	   -0.619268	    0.985233	     10.4071	 1	[(110, 145)]
146	110	 18	   -0.619268	    0.985233	     10.4071	 1	[(110, 146)]
147	110	 20	   -0.619268	    0.861073	     10.5365	 1	[(110, 147)]
148	110	 20	   -0.619268	    0.861073	     10.5365	 1	[(110, 148)]
149	110	 20	   -0.619268	    0.861073	     10.5365	 1	[(110, 149)]
150	110	 20	   -0.619268	    0.861073	     10.5365	 1	[(110, 150)]
151	110	 20	   -0.619268	    0.861073	     10.5365	 1	[(110, 151)]
152	110	 20	   -0.619268	    0.861073	     10.5365	 1	[(110, 152)]
153	110	 20	   -0.619268	    0.861073	     10.5365	 1	[(110, 153)]
154	  0	121	   -0.619268	    0.826647	     102.545	10	[(0, 154)]
155	  0	123	    -3.51176	    -3.51176	     104.388	10	[(0, 155)]
156	  0	124	     -10.672	     -10.672	     106.132	10	[(0, 156)]
157	  0	125	    -11.9248	    -11.9248	     107.063	10	[(0, 157)]
158	  0	126	    -11.9248	    -11.1702	     107.337	10	[(0, 158)]
159	  0	126	    -11.9248	    -11.1702	     107.337	10	[(0, 159)]
