nresidues = 159
21 155 0.14455
21 156 4.77014
21 157 3.18009
22 77 0.578199
22 78 0.289099
22 79 1.1564
22 152 0.289099
22 153 0.578199
22 154 0.433649
22 155 2.74644
23 154 2.74644
23 155 1.30095
24 153 2.89099
24 154 0.14455
25 153 3.32464
25 154 0.14455
26 153 0.14455
27 151 0.14455
27 152 2.74644
27 153 0.14455
28 150 0.14455
28 151 2.89099
28 152 0.867298
29 64 0.433649
29 149 0.14455
29 150 3.03554
29 151 0.433649
30 149 2.74644
30 150 0.722748
31 64 0.14455
31 92 0.289099
31 133 0.14455
31 148 2.89099
31 149 0.578199
32 48 0.14455
32 92 0.289099
32 146 0.14455
32 147 2.89099
32 148 0.14455
33 48 3.03554
33 49 0.289099
33 92 0.14455
33 100 0.14455
33 145 0.14455
33 146 2.74644
33 147 1.01185
34 48 0.289099
34 49 2.89099
34 50 0.14455
34 145 3.03554
35 50 3.18009
35 52 0.14455
35 55 0.14455
35 143 0.289099
35 144 3.18009
35 145 0.433649
35 147 0.289099
36 40 0.722748
36 49 0.14455
36 50 0.433649
36 51 3.03554
36 52 0.14455
36 144 0.433649
37 40 0.14455
37 51 0.14455
37 144 0.14455
38 51 0.433649
38 53 0.578199
38 54 0.14455
42 46 0.722748
42 47 0.433649
42 49 0.289099
48 61 0.14455
50 59 0.14455
51 54 3.03554
51 55 0.14455
52 55 0.578199
52 140 1.01185
52 141 0.433649
52 142 0.867298
52 144 0.289099
53 56 0.14455
53 140 0.433649
54 59 0.433649
55 59 0.14455
55 138 2.74644
55 139 3.18009
55 140 0.14455
56 59 0.867298
56 135 0.433649
56 137 0.289099
56 138 1.01185
56 140 0.14455
57 135 3.03554
57 136 0.578199
57 137 0.14455
57 138 0.289099
58 103 0.433649
58 135 0.14455
59 134 3.18009
59 135 0.433649
60 133 2.74644
61 92 0.14455
61 102 0.14455
61 133 2.89099
61 134 0.289099
61 135 0.14455
62 132 2.89099
62 133 0.722748
63 131 2.89099
64 130 3.32464
64 131 0.578199
65 129 2.74644
65 130 0.14455
66 127 0.578199
66 128 2.74644
66 129 0.722748
66 131 0.14455
67 127 2.89099
68 71 0.14455
68 76 0.14455
68 126 3.61374
68 127 0.578199
69 126 0.578199
70 126 0.578199
71 74 0.578199
71 124 2.45734
71 125 0.289099
71 126 0.433649
74 124 3.03554
74 125 0.14455
74 155 0.289099
74 156 2.45734
75 121 0.722748
75 122 0.433649
75 124 0.14455
75 155 3.03554
75 156 0.433649
75 158 0.14455
76 112 0.14455
76 120 2.89099
76 121 0.289099
76 154 2.89099
77 119 3.03554
77 120 0.14455
77 152 0.14455
77 153 2.74644
77 154 0.867298
77 155 0.14455
78 117 0.14455
78 118 2.89099
78 119 0.433649
78 151 0.14455
78 152 2.89099
79 85 0.433649
79 117 3.18009
79 118 0.289099
79 150 0.14455
79 151 2.89099
79 152 0.578199
80 85 0.14455
80 90 0.14455
80 117 0.289099
80 150 2.60189
81 84 3.03554
81 85 0.289099
82 85 0.289099
83 91 0.14455
83 93 0.578199
83 97 0.289099
84 90 3.03554
84 91 2.45734
84 92 0.14455
84 93 0.433649
84 148 0.14455
84 149 0.867298
85 89 2.89099
85 91 1.59005
85 114 0.14455
85 116 1.30095
85 117 0.867298
86 89 0.578199
86 91 0.433649
89 101 1.30095
89 114 0.433649
90 101 3.03554
90 102 0.578199
90 104 0.289099
90 114 0.578199
90 149 0.14455
91 99 2.60189
91 100 3.32464
91 101 0.433649
91 149 0.14455
92 98 0.14455
92 99 2.74644
92 100 0.433649
92 102 0.14455
92 147 0.578199
92 148 3.03554
92 149 0.14455
93 98 2.89099
93 146 0.14455
93 147 3.32464
93 148 0.433649
94 97 0.289099
94 98 1.01185
94 146 0.289099
98 143 0.433649
98 147 0.722748
99 139 0.14455
99 142 0.578199
100 139 1.1564
100 147 0.14455
101 135 2.89099
101 136 0.867298
101 139 1.4455
102 133 0.14455
102 134 3.03554
102 135 0.14455
102 136 0.722748
103 132 0.14455
103 133 2.74644
103 134 0.867298
103 135 0.14455
104 119 1.30095
104 131 0.289099
104 132 2.74644
104 133 0.14455
105 131 2.89099
105 132 0.289099
106 109 0.14455
106 110 0.14455
106 112 0.289099
106 130 2.74644
107 130 0.722748
107 131 0.14455
108 127 0.867298
110 121 0.14455
110 127 0.14455
111 121 3.03554
111 122 1.4455
112 119 2.16825
112 120 3.75829
112 121 2.16825
112 122 0.14455
112 127 0.433649
113 118 0.14455
113 119 2.89099
113 120 1.1564
114 117 0.722748
114 118 3.18009
115 118 0.722748
118 156 0.289099
119 131 0.14455
120 156 2.31279
121 127 0.578199
135 139 0.289099
136 139 0.433649
139 142 1.1564
142 147 0.289099
143 147 0.867298
