L	Ls	nvertices	F_L	F_L_constrained	rho_sum	nloops	regions
  3	  0	  0	           0	           0	           0	 0	[(0, 3)]
  4	  0	  0	           0	           0	           0	 0	[(0, 4)]
  5	  0	  0	           0	           0	           0	 0	[(0, 5)]
  6	  0	  2	           0	     3.69624	    0.343936	 1	[(0, 6)]
  7	  0	  4	           0	     2.24084	    0.305975	 1	[(0, 7)]
  8	  0	  6	           0	     3.68512	     5.03188	 0	[(0, 8)]
  9	  0	  7	           0	     3.36443	     5.78566	 0	[(0, 9)]
 10	  0	  8	           0	     2.10974	     7.33571	 0	[(0, 10)]
 11	  0	  9	           0	     1.66307	     8.30826	 0	[(0, 11)]
 12	  0	 10	           0	     1.23795	     9.25516	 0	[(0, 12)]
 13	  0	 11	           0	    0.166462	     10.3249	 0	[(0, 13)]
 14	  0	 12	    -0.27379	    -0.27379	     11.2739	 0	[(0, 14)]
 15	  0	 13	    -0.95102	    -0.95102	     12.2978	 0	[(0, 15)]
 16	  0	 14	    -1.94532	    -1.94532	     13.3396	 0	[(0, 16)]
 17	  0	 15	    -1.94532	    -1.30407	     13.6206	 0	[(0, 17)]
 18	  0	 16	    -1.94532	   -0.933093	     13.4875	 0	[(0, 18)]
 19	  0	 17	    -1.94532	    -0.86119	     13.3414	 0	[(0, 19)]
 20	  0	 17	    -1.94532	    -0.86119	     13.3414	 0	[(0, 20)]
 21	  0	 17	    -1.94532	    -0.86119	     13.3414	 0	[(0, 21)]
 22	  0	 17	    -1.94532	    -0.86119	     13.3414	 0	[(0, 22)]
 23	  0	 19	    -1.94532	     4.50827	     13.6169	 1	[(0, 23)]
 24	  0	 21	    -1.94532	     4.77679	     13.5214	 1	[(0, 24)]
 25	  0	 21	    -1.94532	     4.77679	     13.5214	 1	[(0, 25)]
 26	 23	 19	    -1.94532	     2.84117	     13.6701	 1	[(0, 22), (23, 26)]
 27	 23	 21	    -1.94532	     1.38591	     13.6474	 1	[(0, 22), (23, 27)]
 28	 23	 23	    -1.94532	     2.89665	     18.3918	 0	[(0, 22), (23, 28)]
 29	 23	 24	    -1.94532	     2.60144	     19.0491	 0	[(0, 22), (23, 29)]
 30	 23	 25	    -1.94532	     2.00201	     20.5212	 0	[(0, 22), (23, 30)]
 31	 23	 26	    -1.94532	     1.60275	     21.5508	 0	[(0, 22), (23, 31)]
 32	 23	 27	    -1.94532	     1.19778	     22.5289	 0	[(0, 22), (23, 32)]
 33	 23	 28	    -1.94532	    0.704739	      23.524	 0	[(0, 22), (23, 33)]
 34	 23	 29	    -1.94532	    0.306455	     24.5089	 0	[(0, 22), (23, 34)]
 35	 23	 30	    -1.94532	   -0.172368	     25.5204	 0	[(0, 22), (23, 35)]
 36	 23	 31	    -1.94532	   -0.661683	     26.5242	 0	[(0, 22), (23, 36)]
 37	  0	 34	    -1.94532	    -1.06497	      28.725	 1	[(0, 37)]
 38	  0	 34	    -1.94532	    -1.06497	      28.725	 1	[(0, 38)]
 39	  0	 34	    -1.94532	    -1.06497	      28.725	 1	[(0, 39)]
 40	  0	 34	    -1.94532	    -1.06497	      28.725	 1	[(0, 40)]
 41	  0	 34	    -1.94532	    -1.06497	      28.725	 1	[(0, 41)]
 42	  0	 34	    -1.94532	    -1.06497	      28.725	 1	[(0, 42)]
 43	  0	 34	    -1.94532	    -1.06497	      28.725	 1	[(0, 43)]
 44	  0	 34	    -1.94532	    -1.06497	      28.725	 1	[(0, 44)]
 45	  0	 35	    -1.94532	     3.79728	      29.481	 2	[(0, 45)]
 46	  0	 35	    -1.94532	     3.79728	      29.481	 2	[(0, 46)]
 47	  0	 35	    -1.94532	     3.79728	      29.481	 2	[(0, 47)]
 48	 45	 36	    -1.94532	     2.67962	     28.9662	 2	[(0, 44), (45, 48)]
 49	 45	 38	    -1.94532	    -1.32304	     29.0003	 1	[(0, 44), (45, 49)]
 50	 45	 40	    -1.94532	     3.54198	     33.6307	 1	[(0, 44), (45, 50)]
 51	 45	 41	    -1.94532	     3.49654	     34.2021	 1	[(0, 44), (45, 51)]
 52	 45	 42	    -1.94532	     2.96489	      34.533	 1	[(0, 44), (45, 52)]
 53	 45	 43	    -1.94532	      2.6482	     35.8424	 1	[(0, 44), (45, 53)]
 54	 45	 44	    -1.94532	     2.18657	     36.9594	 1	[(0, 44), (45, 54)]
 55	 45	 45	    -1.94532	     1.33016	     38.0561	 1	[(0, 44), (45, 55)]
 56	 45	 46	    -1.94532	    0.899401	     39.0167	 1	[(0, 44), (45, 56)]
 57	 45	 47	    -1.94532	    0.311142	     40.0221	 1	[(0, 44), (45, 57)]
 58	 45	 48	    -1.94532	   -0.124469	     40.9628	 1	[(0, 44), (45, 58)]
 59	 45	 49	    -1.94532	     -0.6086	     41.9655	 1	[(0, 44), (45, 59)]
 60	 45	 50	    -1.94532	    -1.84983	     43.0994	 1	[(0, 44), (45, 60)]
 61	 45	 51	    -2.30154	    -2.30154	     44.0382	 1	[(0, 44), (45, 61)]
 62	 45	 52	    -2.72671	    -2.72671	     44.9809	 1	[(0, 44), (45, 62)]
 63	 45	 53	    -3.60634	    -3.60634	     46.0211	 1	[(0, 44), (45, 63)]
 64	 45	 54	    -4.39496	    -4.39496	     47.0571	 1	[(0, 44), (45, 64)]
 65	 45	 55	    -4.87223	    -4.87223	     47.9597	 1	[(0, 44), (45, 65)]
 66	 45	 56	    -4.87223	    -4.37051	     48.2813	 1	[(0, 44), (45, 66)]
 67	 45	 56	    -4.87223	    -4.37051	     48.2813	 1	[(0, 44), (45, 67)]
 68	 45	 57	    -4.87223	     -2.2461	     48.4668	 2	[(0, 44), (45, 68)]
 69	 45	 57	    -4.87223	     -2.2461	     48.4668	 2	[(0, 44), (45, 69)]
 70	 45	 57	    -4.87223	     -2.2461	     48.4668	 2	[(0, 44), (45, 70)]
 71	 45	 57	    -4.87223	     -2.2461	     48.4668	 2	[(0, 44), (45, 71)]
 72	 45	 59	    -4.87223	     2.04279	     48.6796	 3	[(0, 44), (45, 72)]
 73	 68	 39	    -4.87223	     1.30519	     29.0076	 2	[(0, 44), (68, 73)]
 74	 45	 63	    -4.87223	    0.977772	     54.3954	 2	[(0, 44), (45, 74)]
 75	 45	 64	    -4.87223	    -0.18961	     55.6012	 2	[(0, 44), (45, 75)]
 76	 45	 65	    -4.87223	    -1.40042	     56.7207	 2	[(0, 44), (45, 76)]
 77	 45	 66	    -4.87223	    -1.98403	     57.6377	 2	[(0, 44), (45, 77)]
 78	 45	 67	    -4.87223	     -2.7124	      58.607	 2	[(0, 44), (45, 78)]
 79	 45	 68	    -4.87223	     -3.6028	     59.6213	 2	[(0, 44), (45, 79)]
 80	 45	 69	    -4.87223	    -3.96299	     60.5356	 2	[(0, 44), (45, 80)]
 81	 45	 70	    -5.11269	    -5.11269	     61.6345	 2	[(0, 44), (45, 81)]
 82	  0	 73	    -5.11269	    -4.77131	     64.1436	 3	[(0, 82)]
 83	  0	 74	     -5.7529	     -5.7529	     65.2111	 3	[(0, 83)]
 84	  0	 75	    -6.92985	    -6.92985	     66.2205	 3	[(0, 84)]
 85	  0	 76	    -6.92985	    -6.31709	     66.5738	 3	[(0, 85)]
 86	  0	 76	    -6.92985	    -6.31709	     66.5738	 3	[(0, 86)]
 87	  0	 76	    -6.92985	    -6.31709	     66.5738	 3	[(0, 87)]
 88	  0	 77	    -6.92985	    -6.48034	       66.76	 3	[(0, 88)]
 89	  0	 78	    -6.92985	    -6.62783	     66.9273	 3	[(0, 89)]
 90	  0	 78	    -6.92985	    -6.62783	     66.9273	 3	[(0, 90)]
 91	  0	 78	    -6.92985	    -6.62783	     66.9273	 3	[(0, 91)]
 92	  0	 80	    -7.86317	    -7.86317	     68.3925	 3	[(0, 92)]
 93	  0	 80	    -7.86317	    -7.86317	     68.3925	 3	[(0, 93)]
 94	  0	 81	    -8.10171	    -8.10171	     68.6074	 3	[(0, 94)]
 95	  0	 82	    -8.10171	    -8.09331	     68.6324	 3	[(0, 95)]
 96	  0	 83	    -9.31712	    -9.31712	     69.5069	 3	[(0, 96)]
 97	  0	 83	    -9.31712	    -9.31712	     69.5069	 3	[(0, 97)]
 98	  0	 84	    -9.45503	    -9.45503	     69.6529	 3	[(0, 98)]
 99	  0	 84	    -9.45503	    -9.45503	     69.6529	 3	[(0, 99)]
100	  0	 85	    -9.58553	    -9.58553	     69.7804	 3	[(0, 100)]
101	  0	 88	    -9.58553	    -7.82381	     68.9617	 3	[(0, 101)]
102	  0	 90	    -9.58553	    -7.72519	     68.8307	 3	[(0, 102)]
103	  0	 90	    -9.58553	    -7.72519	     68.8307	 3	[(0, 103)]
