L	Ls	nvertices	F_L	F_L_constrained	rho_sum	nloops	regions
  4	  0	  0	           0	           0	           0	 0	[(0, 4)]
  5	  0	  0	           0	           0	           0	 0	[(0, 5)]
  6	  0	  0	           0	           0	           0	 0	[(0, 6)]
  7	  0	  0	           0	           0	           0	 0	[(0, 7)]
  8	  0	  0	           0	           0	           0	 0	[(0, 8)]
  9	  0	  0	           0	           0	           0	 0	[(0, 9)]
 10	  0	  0	           0	           0	           0	 0	[(0, 10)]
 11	  0	  0	           0	           0	           0	 0	[(0, 11)]
 12	  0	  0	           0	           0	           0	 0	[(0, 12)]
 13	  0	  0	           0	           0	           0	 0	[(0, 13)]
 14	  0	  0	           0	           0	           0	 0	[(0, 14)]
 15	  0	  0	           0	           0	           0	 0	[(0, 15)]
 16	  0	  0	           0	           0	           0	 0	[(0, 16)]
 17	  0	  0	           0	           0	           0	 0	[(0, 17)]
 18	  0	  0	           0	           0	           0	 0	[(0, 18)]
 19	  0	  0	           0	           0	           0	 0	[(0, 19)]
 20	  0	  0	           0	           0	           0	 0	[(0, 20)]
 21	  0	  0	           0	           0	           0	 0	[(0, 21)]
 22	  0	  0	           0	           0	           0	 0	[(0, 22)]
 23	  0	  0	           0	           0	           0	 0	[(0, 23)]
 24	  0	  0	           0	           0	           0	 0	[(0, 24)]
 25	  0	  0	           0	           0	           0	 0	[(0, 25)]
 26	  0	  0	           0	           0	           0	 0	[(0, 26)]
 27	  0	  0	           0	           0	           0	 0	[(0, 27)]
 28	  0	  2	   -0.255945	   -0.255945	    0.242111	 0	[(0, 28)]
 29	  0	  2	   -0.255945	   -0.255945	    0.242111	 0	[(0, 29)]
 30	  0	  4	     -0.3846	     -0.3846	    0.378044	 0	[(0, 30)]
 31	  0	  6	   -0.507883	   -0.507883	    0.503355	 0	[(0, 31)]
 32	  0	  8	   -0.507883	   -0.385329	    0.384276	 0	[(0, 32)]
 33	  0	  8	   -0.507883	   -0.385329	    0.384276	 0	[(0, 33)]
 34	  0	  8	   -0.507883	   -0.385329	    0.384276	 0	[(0, 34)]
 35	  0	  8	   -0.507883	   -0.385329	    0.384276	 0	[(0, 35)]
 36	  0	  8	   -0.507883	   -0.385329	    0.384276	 0	[(0, 36)]
 37	  0	  8	   -0.507883	   -0.385329	    0.384276	 0	[(0, 37)]
 38	  0	 10	   -0.645656	   -0.645656	    0.634322	 0	[(0, 38)]
 39	  0	 13	    -0.77797	    -0.77797	    0.794699	 0	[(0, 39)]
 40	  0	 13	    -0.77797	    -0.77797	    0.794699	 0	[(0, 40)]
 41	  0	 15	   -0.918559	   -0.918559	    0.928788	 0	[(0, 41)]
 42	  0	 15	   -0.918559	   -0.918559	    0.928788	 0	[(0, 42)]
 43	  0	 15	   -0.918559	   -0.918559	    0.928788	 0	[(0, 43)]
 44	  0	 15	   -0.918559	   -0.918559	    0.928788	 0	[(0, 44)]
 45	  0	 15	   -0.918559	   -0.918559	    0.928788	 0	[(0, 45)]
 46	  0	 15	   -0.918559	   -0.918559	    0.928788	 0	[(0, 46)]
 47	  0	 15	   -0.918559	   -0.918559	    0.928788	 0	[(0, 47)]
 48	  0	 15	   -0.918559	   -0.918559	    0.928788	 0	[(0, 48)]
 49	  0	 15	   -0.918559	   -0.918559	    0.928788	 0	[(0, 49)]
 50	  0	 15	   -0.918559	   -0.918559	    0.928788	 0	[(0, 50)]
 51	  0	 15	   -0.918559	   -0.918559	    0.928788	 0	[(0, 51)]
 52	  0	 15	   -0.918559	   -0.918559	    0.928788	 0	[(0, 52)]
 53	  0	 15	   -0.918559	   -0.918559	    0.928788	 0	[(0, 53)]
 54	  0	 15	   -0.918559	   -0.918559	    0.928788	 0	[(0, 54)]
 55	  0	 15	   -0.918559	   -0.918559	    0.928788	 0	[(0, 55)]
 56	  0	 15	   -0.918559	   -0.918559	    0.928788	 0	[(0, 56)]
 57	  0	 15	   -0.918559	   -0.918559	    0.928788	 0	[(0, 57)]
 58	  0	 15	   -0.918559	   -0.918559	    0.928788	 0	[(0, 58)]
 59	  0	 15	   -0.918559	   -0.918559	    0.928788	 0	[(0, 59)]
 60	  0	 15	   -0.918559	   -0.918559	    0.928788	 0	[(0, 60)]
 61	  0	 15	   -0.918559	   -0.918559	    0.928788	 0	[(0, 61)]
 62	  0	 15	   -0.918559	   -0.918559	    0.928788	 0	[(0, 62)]
 63	  0	 15	   -0.918559	   -0.918559	    0.928788	 0	[(0, 63)]
 64	  0	 17	     -1.1745	     -1.1745	      1.1709	 0	[(0, 64)]
 65	  0	 17	     -1.1745	     -1.1745	      1.1709	 0	[(0, 65)]
 66	  0	 17	     -1.1745	     -1.1745	      1.1709	 0	[(0, 66)]
 67	  0	 17	     -1.1745	     -1.1745	      1.1709	 0	[(0, 67)]
 68	  0	 17	     -1.1745	     -1.1745	      1.1709	 0	[(0, 68)]
 69	  0	 17	     -1.1745	     -1.1745	      1.1709	 0	[(0, 69)]
 70	  0	 18	    -1.30263	    -1.30263	     1.29256	 0	[(0, 70)]
 71	  0	 18	    -1.30263	    -1.30263	     1.29256	 0	[(0, 71)]
 72	  0	 18	    -1.30263	    -1.30263	     1.29256	 0	[(0, 72)]
 73	  0	 18	    -1.30263	    -1.30263	     1.29256	 0	[(0, 73)]
 74	  0	 18	    -1.30263	    -1.30263	     1.29256	 0	[(0, 74)]
 75	  0	 20	    -1.99248	    -1.99248	     3.03425	 0	[(0, 75)]
 76	  0	 22	    -1.99248	    -1.36081	      4.4493	 0	[(0, 76)]
 77	  0	 24	    -1.99248	   -0.807966	     7.05376	 0	[(0, 77)]
 78	  0	 25	    -1.99248	  -0.0539625	     7.31002	 0	[(0, 78)]
 79	  0	 25	    -1.99248	  -0.0539625	     7.31002	 0	[(0, 79)]
 80	  0	 26	    -1.99248	     1.79969	     7.85616	 1	[(0, 80)]
 81	  0	 27	    -1.99248	      1.5241	     8.63509	 1	[(0, 81)]
 82	  0	 29	    -1.99248	     1.19466	     10.8964	 0	[(0, 82)]
 83	  0	 30	    -1.99248	     1.25119	     12.1811	 0	[(0, 83)]
 84	  0	 31	    -1.99248	    0.937833	     13.3241	 0	[(0, 84)]
 85	  0	 32	    -1.99248	    0.475416	     14.4632	 0	[(0, 85)]
 86	  0	 33	    -1.99248	    0.137046	     15.5026	 0	[(0, 86)]
 87	  0	 34	    -1.99248	   -0.901222	     16.6605	 0	[(0, 87)]
 88	  0	 35	    -1.99248	   -0.212859	     16.8729	 0	[(0, 88)]
 89	  0	 35	    -1.99248	   -0.212859	     16.8729	 0	[(0, 89)]
 90	  0	 35	    -1.99248	   -0.212859	     16.8729	 0	[(0, 90)]
 91	  0	 36	    -1.99248	     -0.5395	     17.2066	 0	[(0, 91)]
 92	  0	 37	    -1.99248	   -0.471534	     17.1707	 0	[(0, 92)]
 93	  0	 37	    -1.99248	   -0.471534	     17.1707	 0	[(0, 93)]
 94	  0	 38	    -1.99248	   -0.749531	     17.4167	 0	[(0, 94)]
 95	  0	 39	    -1.99248	   -0.852541	     17.5733	 0	[(0, 95)]
 96	  0	 39	    -1.99248	   -0.852541	     17.5733	 0	[(0, 96)]
 97	  0	 39	    -1.99248	   -0.852541	     17.5733	 0	[(0, 97)]
 98	  0	 39	    -1.99248	   -0.852541	     17.5733	 0	[(0, 98)]
 99	  0	 39	    -1.99248	   -0.852541	     17.5733	 0	[(0, 99)]
100	  0	 39	    -1.99248	   -0.852541	     17.5733	 0	[(0, 100)]
101	  0	 39	    -1.99248	   -0.852541	     17.5733	 0	[(0, 101)]
102	  0	 39	    -1.99248	   -0.852541	     17.5733	 0	[(0, 102)]
103	  0	 39	    -1.99248	   -0.852541	     17.5733	 0	[(0, 103)]
104	  0	 39	    -1.99248	   -0.852541	     17.5733	 0	[(0, 104)]
105	  0	 42	    -1.99248	    -1.26527	     17.9921	 0	[(0, 105)]
106	  0	 42	    -1.99248	    -1.26527	     17.9921	 0	[(0, 106)]
107	  0	 44	    -1.99248	    -1.37659	     18.0966	 0	[(0, 107)]
108	  0	 45	    -1.99248	    -1.38116	     18.1213	 0	[(0, 108)]
109	  0	 47	    -1.99248	    -1.26482	     17.9885	 0	[(0, 109)]
110	  0	 48	    -1.99248	     1.32004	     22.7611	 0	[(0, 110)]
111	  0	 49	    -1.99248	    0.358918	     24.2885	 0	[(0, 111)]
112	  0	 51	    -1.99248	     1.31432	     24.0585	 0	[(0, 112)]
113	  0	 54	    -1.99248	      1.7761	     23.5654	 0	[(0, 113)]
114	  0	 54	    -1.99248	      1.7761	     23.5654	 0	[(0, 114)]
115	  0	 54	    -1.99248	      1.7761	     23.5654	 0	[(0, 115)]
116	  0	 54	    -1.99248	      1.7761	     23.5654	 0	[(0, 116)]
117	  0	 57	    -1.99248	     15.1006	     23.5804	 2	[(0, 117)]
118	  0	 60	    -1.99248	     15.5149	       23.32	 2	[(0, 118)]
119	 95	 22	    -1.99248	     11.9327	     9.67236	 1	[(95, 119)]
120	 95	 24	    -1.99248	     12.9824	     11.2773	 1	[(95, 120)]
121	 95	 25	    -1.99248	     13.6378	     11.0222	 1	[(95, 121)]
122	 95	 25	    -1.99248	     13.6378	     11.0222	 1	[(95, 122)]
123	120	 49	    -1.99248	     2.45107	      18.286	 1	[(0, 109), (120, 123)]
124	120	 51	    -1.99248	    -1.52843	      18.276	 0	[(0, 109), (120, 124)]
125	120	 53	    -1.99248	     3.83807	     23.3463	 0	[(0, 109), (120, 125)]
126	120	 54	    -1.99248	     4.05173	      23.913	 0	[(0, 109), (120, 126)]
127	120	 55	    -1.99248	     4.11293	     24.4456	 0	[(0, 109), (120, 127)]
128	120	 56	    -1.99248	     4.00901	     24.9782	 0	[(0, 109), (120, 128)]
129	120	 57	    -1.99248	     3.63459	     25.6308	 0	[(0, 109), (120, 129)]
130	120	 58	    -1.99248	     3.47479	      26.428	 0	[(0, 109), (120, 130)]
131	120	 59	    -1.99248	     3.34143	     27.5472	 0	[(0, 109), (120, 131)]
132	120	 60	    -1.99248	     3.31704	     28.4357	 0	[(0, 109), (120, 132)]
133	120	 61	    -1.99248	     3.22643	     29.4145	 0	[(0, 109), (120, 133)]
134	120	 62	    -1.99248	     3.25674	     30.3129	 0	[(0, 109), (120, 134)]
135	120	 63	    -1.99248	     3.11915	      31.227	 0	[(0, 109), (120, 135)]
136	120	 64	    -1.99248	      3.5865	     30.5546	 0	[(0, 109), (120, 136)]
137	120	 64	    -1.99248	      3.5865	     30.5546	 0	[(0, 109), (120, 137)]
138	120	 64	    -1.99248	      3.5865	     30.5546	 0	[(0, 109), (120, 138)]
139	120	 64	    -1.99248	      3.5865	     30.5546	 0	[(0, 109), (120, 139)]
140	120	 66	    -1.99248	     3.54768	     29.7109	 0	[(0, 109), (120, 140)]
141	120	 67	    -1.99248	     3.55562	     29.6936	 0	[(0, 109), (120, 141)]
142	120	 68	    -1.99248	     3.29924	     31.0436	 0	[(0, 109), (120, 142)]
143	120	 69	    -1.99248	     3.26069	     31.1795	 0	[(0, 109), (120, 143)]
144	120	 69	    -1.99248	     3.26069	     31.1795	 0	[(0, 109), (120, 144)]
145	120	 70	    -1.99248	      3.0739	      31.387	 0	[(0, 109), (120, 145)]
146	120	 71	    -1.99248	     3.07164	     31.4238	 0	[(0, 109), (120, 146)]
147	120	 72	    -1.99248	     3.06844	       31.45	 0	[(0, 109), (120, 147)]
148	120	 73	    -1.99248	     3.04629	     31.4836	 0	[(0, 109), (120, 148)]
149	120	 73	    -1.99248	     3.04629	     31.4836	 0	[(0, 109), (120, 149)]
150	120	 74	    -1.99248	     2.90069	     31.6481	 0	[(0, 109), (120, 150)]
151	120	 75	    -1.99248	     2.90817	     31.6461	 0	[(0, 109), (120, 151)]
152	120	 75	    -1.99248	     2.90817	     31.6461	 0	[(0, 109), (120, 152)]
153	120	 75	    -1.99248	     2.90817	     31.6461	 0	[(0, 109), (120, 153)]
154	120	 75	    -1.99248	     2.90817	     31.6461	 0	[(0, 109), (120, 154)]
155	152	 49	    -1.99248	     2.43537	     18.3224	 1	[(0, 109), (152, 155)]
156	152	 51	    -1.99248	    0.979812	     18.2857	 1	[(0, 109), (152, 156)]
157	152	 53	    -1.99248	     1.73002	     22.8228	 0	[(0, 109), (152, 157)]
158	152	 54	    -1.99248	    0.201097	     24.5436	 0	[(0, 109), (152, 158)]
159	152	 55	    -1.99248	    0.824348	      24.942	 0	[(0, 109), (152, 159)]
160	152	 56	    -1.99248	     1.30893	     24.8515	 0	[(0, 109), (152, 160)]
161	152	 56	    -1.99248	     1.30893	     24.8515	 0	[(0, 109), (152, 161)]
162	152	 56	    -1.99248	     1.30893	     24.8515	 0	[(0, 109), (152, 162)]
163	152	 56	    -1.99248	     1.30893	     24.8515	 0	[(0, 109), (152, 163)]
164	152	 56	    -1.99248	     1.30893	     24.8515	 0	[(0, 109), (152, 164)]
165	152	 56	    -1.99248	     1.30893	     24.8515	 0	[(0, 109), (152, 165)]
166	152	 56	    -1.99248	     1.30893	     24.8515	 0	[(0, 109), (152, 166)]
167	152	 56	    -1.99248	     1.30893	     24.8515	 0	[(0, 109), (152, 167)]
168	152	 56	    -1.99248	     1.30893	     24.8515	 0	[(0, 109), (152, 168)]
169	152	 56	    -1.99248	     1.30893	     24.8515	 0	[(0, 109), (152, 169)]
170	164	 52	    -1.99248	     2.66524	     18.2687	 1	[(0, 109), (164, 170)]
171	164	 54	    -1.99248	    0.922052	     18.2728	 1	[(0, 109), (164, 171)]
172	164	 56	    -1.99248	    -1.44932	     18.1784	 0	[(0, 109), (164, 172)]
173	164	 56	    -1.99248	    -1.44932	     18.1784	 0	[(0, 109), (164, 173)]
174	164	 56	    -1.99248	    -1.44932	     18.1784	 0	[(0, 109), (164, 174)]
175	164	 56	    -1.99248	    -1.44932	     18.1784	 0	[(0, 109), (164, 175)]
176	164	 56	    -1.99248	    -1.44932	     18.1784	 0	[(0, 109), (164, 176)]
177	164	 59	    -1.99248	    -1.60633	     18.3329	 0	[(0, 109), (164, 177)]
178	164	 59	    -1.99248	    -1.60633	     18.3329	 0	[(0, 109), (164, 178)]
179	164	 59	    -1.99248	    -1.60633	     18.3329	 0	[(0, 109), (164, 179)]
180	164	 59	    -1.99248	    -1.60633	     18.3329	 0	[(0, 109), (164, 180)]
181	164	 61	    -1.99248	    -1.73871	      18.477	 0	[(0, 109), (164, 181)]
182	164	 61	    -1.99248	    -1.73871	      18.477	 0	[(0, 109), (164, 182)]
183	164	 61	    -1.99248	    -1.73871	      18.477	 0	[(0, 109), (164, 183)]
184	164	 61	    -1.99248	    -1.73871	      18.477	 0	[(0, 109), (164, 184)]
185	164	 61	    -1.99248	    -1.73871	      18.477	 0	[(0, 109), (164, 185)]
186	164	 61	    -1.99248	    -1.73871	      18.477	 0	[(0, 109), (164, 186)]
187	164	 61	    -1.99248	    -1.73871	      18.477	 0	[(0, 109), (164, 187)]
188	164	 61	    -1.99248	    -1.73871	      18.477	 0	[(0, 109), (164, 188)]
189	164	 64	    -2.02813	    -2.02813	     18.8109	 0	[(0, 109), (164, 189)]
190	164	 66	    -2.13541	    -2.13541	     18.8999	 0	[(0, 109), (164, 190)]
191	164	 67	    -2.13541	     -2.1158	     18.8702	 0	[(0, 109), (164, 191)]
192	164	 67	    -2.13541	     -2.1158	     18.8702	 0	[(0, 109), (164, 192)]
193	164	 67	    -2.13541	     -2.1158	     18.8702	 0	[(0, 109), (164, 193)]
194	164	 68	    -2.13541	     2.09045	     19.0352	 1	[(0, 109), (164, 194)]
195	164	 70	    -2.13541	    0.201065	      19.041	 1	[(0, 109), (164, 195)]
196	164	 72	     -2.1773	     -2.1773	     18.9344	 0	[(0, 109), (164, 196)]
197	164	 73	    -2.18996	    -2.18996	     18.9476	 0	[(0, 109), (164, 197)]
198	164	 74	    -2.18996	     3.12723	     25.3368	 0	[(0, 109), (164, 198)]
199	164	 75	    -2.18996	     2.82406	     25.4467	 0	[(0, 109), (164, 199)]
200	164	 76	    -2.18996	     2.87345	     25.7491	 0	[(0, 109), (164, 200)]
201	164	 77	    -2.18996	     2.74011	      26.051	 0	[(0, 109), (164, 201)]
202	164	 78	    -2.18996	     2.71651	     27.5237	 0	[(0, 109), (164, 202)]
203	164	 79	    -2.18996	     2.76476	     28.5901	 0	[(0, 109), (164, 203)]
204	164	 80	    -2.18996	     2.62535	     29.6994	 0	[(0, 109), (164, 204)]
205	164	 81	    -2.18996	     2.07296	     31.2519	 0	[(0, 109), (164, 205)]
206	164	 82	    -2.18996	     1.36145	     32.4251	 0	[(0, 109), (164, 206)]
207	164	 83	    -2.18996	    0.895241	     33.4213	 0	[(0, 109), (164, 207)]
208	164	 84	    -2.18996	     0.55762	     34.3484	 0	[(0, 109), (164, 208)]
209	164	 85	    -2.18996	    0.358222	     35.3338	 0	[(0, 109), (164, 209)]
210	164	 86	    -2.18996	   0.0231396	     36.4255	 0	[(0, 109), (164, 210)]
211	164	 87	    -2.18996	    -1.91613	     37.7458	 0	[(0, 109), (164, 211)]
212	164	 88	    -3.19014	    -3.19014	     38.7436	 0	[(0, 109), (164, 212)]
213	164	 89	    -3.19014	     -2.6093	     39.1726	 0	[(0, 109), (164, 213)]
214	164	 89	    -3.19014	     -2.6093	     39.1726	 0	[(0, 109), (164, 214)]
215	164	 89	    -3.19014	     -2.6093	     39.1726	 0	[(0, 109), (164, 215)]
216	164	 89	    -3.19014	     -2.6093	     39.1726	 0	[(0, 109), (164, 216)]
217	164	 91	    -3.19014	      2.2149	     39.4332	 1	[(0, 109), (164, 217)]
218	164	 93	    -3.19014	    0.525494	      39.282	 1	[(0, 109), (164, 218)]
219	164	 95	    -3.19014	     1.24081	     44.6275	 0	[(0, 109), (164, 219)]
220	164	 96	    -3.19014	     1.07714	     44.9002	 0	[(0, 109), (164, 220)]
221	164	 97	    -3.19014	    0.620453	     46.5092	 0	[(0, 109), (164, 221)]
222	164	 98	    -3.19014	    0.537223	     47.4824	 0	[(0, 109), (164, 222)]
223	164	 99	    -3.19014	    0.643854	     48.1519	 0	[(0, 109), (164, 223)]
224	164	100	    -3.19014	     1.07397	     47.7551	 0	[(0, 109), (164, 224)]
225	164	100	    -3.19014	     1.07397	     47.7551	 0	[(0, 109), (164, 225)]
226	164	101	    -3.19014	      3.4515	     47.9376	 1	[(0, 109), (164, 226)]
227	164	101	    -3.19014	      3.4515	     47.9376	 1	[(0, 109), (164, 227)]
228	164	101	    -3.19014	      3.4515	     47.9376	 1	[(0, 109), (164, 228)]
229	164	101	    -3.19014	      3.4515	     47.9376	 1	[(0, 109), (164, 229)]
230	226	 92	    -3.19014	     1.29554	     39.4597	 1	[(0, 109), (164, 216), (226, 230)]
231	226	 94	    -3.19014	   -0.252928	     39.4362	 1	[(0, 109), (164, 216), (226, 231)]
232	226	 96	    -3.19014	     -2.7694	     39.3385	 0	[(0, 109), (164, 216), (226, 232)]
233	226	 97	    -3.19014	     2.62122	     45.3683	 0	[(0, 109), (164, 216), (226, 233)]
234	226	 97	    -3.19014	     2.62122	     45.3683	 0	[(0, 109), (164, 216), (226, 234)]
235	226	 98	    -3.19014	     2.42212	      45.518	 0	[(0, 109), (164, 216), (226, 235)]
236	226	 98	    -3.19014	     2.42212	      45.518	 0	[(0, 109), (164, 216), (226, 236)]
237	226	 98	    -3.19014	     2.42212	      45.518	 0	[(0, 109), (164, 216), (226, 237)]
238	226	 98	    -3.19014	     2.42212	      45.518	 0	[(0, 109), (164, 216), (226, 238)]
239	226	 98	    -3.19014	     2.42212	      45.518	 0	[(0, 109), (164, 216), (226, 239)]
240	226	 98	    -3.19014	     2.42212	      45.518	 0	[(0, 109), (164, 216), (226, 240)]
241	226	 98	    -3.19014	     2.42212	      45.518	 0	[(0, 109), (164, 216), (226, 241)]
242	226	 98	    -3.19014	     2.42212	      45.518	 0	[(0, 109), (164, 216), (226, 242)]
243	226	 98	    -3.19014	     2.42212	      45.518	 0	[(0, 109), (164, 216), (226, 243)]
244	226	 98	    -3.19014	     2.42212	      45.518	 0	[(0, 109), (164, 216), (226, 244)]
245	226	 98	    -3.19014	     2.42212	      45.518	 0	[(0, 109), (164, 216), (226, 245)]
246	226	 98	    -3.19014	     2.42212	      45.518	 0	[(0, 109), (164, 216), (226, 246)]
247	226	 98	    -3.19014	     2.42212	      45.518	 0	[(0, 109), (164, 216), (226, 247)]
248	226	 98	    -3.19014	     2.42212	      45.518	 0	[(0, 109), (164, 216), (226, 248)]
249	226	 98	    -3.19014	     2.42212	      45.518	 0	[(0, 109), (164, 216), (226, 249)]
250	226	 98	    -3.19014	     2.42212	      45.518	 0	[(0, 109), (164, 216), (226, 250)]
251	226	 98	    -3.19014	     2.42212	      45.518	 0	[(0, 109), (164, 216), (226, 251)]
252	226	 98	    -3.19014	     2.42212	      45.518	 0	[(0, 109), (164, 216), (226, 252)]
253	226	 98	    -3.19014	     2.42212	      45.518	 0	[(0, 109), (164, 216), (226, 253)]
254	226	 98	    -3.19014	     2.42212	      45.518	 0	[(0, 109), (164, 216), (226, 254)]
255	226	 98	    -3.19014	     2.42212	      45.518	 0	[(0, 109), (164, 216), (226, 255)]
256	226	101	    -3.19014	     1.94304	     46.2449	 0	[(0, 109), (164, 216), (226, 256)]
257	226	102	    -3.19014	     2.00339	     46.0513	 0	[(0, 109), (164, 216), (226, 257)]
258	226	102	    -3.19014	     2.00339	     46.0513	 0	[(0, 109), (164, 216), (226, 258)]
259	242	 95	    -3.19014	       2.776	     39.9001	 1	[(0, 109), (164, 216), (242, 259)]
260	242	 98	    -3.19014	     5.17495	     44.8691	 1	[(0, 109), (164, 216), (242, 260)]
261	242	100	    -3.19014	     5.48763	     45.7434	 1	[(0, 109), (164, 216), (242, 261)]
262	242	101	    -3.19014	     5.42011	     47.7836	 1	[(0, 109), (164, 216), (242, 262)]
263	242	104	    -3.19014	     3.73471	     50.9048	 1	[(0, 109), (164, 216), (242, 263)]
264	242	106	    -3.19014	     2.85837	     52.4247	 1	[(0, 109), (164, 216), (242, 264)]
265	242	107	    -3.19014	     1.61713	     53.3767	 1	[(0, 109), (164, 216), (242, 265)]
266	242	110	    -3.19014	        2.62	     54.0609	 1	[(0, 109), (164, 216), (242, 266)]
267	242	110	    -3.19014	        2.62	     54.0609	 1	[(0, 109), (164, 216), (242, 267)]
268	242	111	    -3.19014	     2.49198	     54.1829	 1	[(0, 109), (164, 216), (242, 268)]
269	242	111	    -3.19014	     2.49198	     54.1829	 1	[(0, 109), (164, 216), (242, 269)]
270	242	111	    -3.19014	     2.49198	     54.1829	 1	[(0, 109), (164, 216), (242, 270)]
271	242	111	    -3.19014	     2.49198	     54.1829	 1	[(0, 109), (164, 216), (242, 271)]
272	226	126	    -3.19014	     1.82148	     54.8582	 1	[(0, 109), (164, 216), (226, 272)]
273	226	126	    -3.19014	     1.82148	     54.8582	 1	[(0, 109), (164, 216), (226, 273)]
274	226	126	    -3.19014	     1.82148	     54.8582	 1	[(0, 109), (164, 216), (226, 274)]
275	226	127	    -3.19014	     1.68796	     54.9897	 1	[(0, 109), (164, 216), (226, 275)]
276	226	127	    -3.19014	     1.68796	     54.9897	 1	[(0, 109), (164, 216), (226, 276)]
277	226	127	    -3.19014	     1.68796	     54.9897	 1	[(0, 109), (164, 216), (226, 277)]
278	226	128	    -3.19014	     1.56076	     55.1095	 1	[(0, 109), (164, 216), (226, 278)]
279	226	128	    -3.19014	     1.56076	     55.1095	 1	[(0, 109), (164, 216), (226, 279)]
280	226	128	    -3.19014	     1.56076	     55.1095	 1	[(0, 109), (164, 216), (226, 280)]
281	226	128	    -3.19014	     1.56076	     55.1095	 1	[(0, 109), (164, 216), (226, 281)]
282	226	128	    -3.19014	     1.56076	     55.1095	 1	[(0, 109), (164, 216), (226, 282)]
283	226	128	    -3.19014	     1.56076	     55.1095	 1	[(0, 109), (164, 216), (226, 283)]
284	  0	244	    -3.19014	   -0.316066	      185.32	12	[(0, 284)]
285	  0	245	    -8.49809	    -8.49809	     186.836	12	[(0, 285)]
286	  0	246	    -13.8566	    -13.8566	     187.864	12	[(0, 286)]
287	  0	247	    -18.0689	    -18.0689	     188.883	12	[(0, 287)]
288	  0	249	    -20.2979	    -20.2979	     191.199	12	[(0, 288)]
289	  0	250	     -24.662	     -24.662	      192.43	12	[(0, 289)]
290	  0	251	    -26.8349	    -26.8349	     193.479	12	[(0, 290)]
291	  0	253	    -26.8349	    -25.5372	     194.294	12	[(0, 291)]
292	  0	253	    -26.8349	    -25.5372	     194.294	12	[(0, 292)]
293	  0	254	    -26.8349	    -25.6629	     194.418	12	[(0, 293)]
294	  0	254	    -26.8349	    -25.6629	     194.418	12	[(0, 294)]
295	  0	254	    -26.8349	    -25.6629	     194.418	12	[(0, 295)]
296	  0	254	    -26.8349	    -25.6629	     194.418	12	[(0, 296)]
297	  0	254	    -26.8349	    -25.6629	     194.418	12	[(0, 297)]
298	  0	255	    -26.8349	    -25.9776	     198.611	12	[(0, 298)]
299	  0	255	    -26.8349	    -25.9776	     198.611	12	[(0, 299)]
300	  0	255	    -26.8349	    -25.9776	     198.611	12	[(0, 300)]
301	  0	255	    -26.8349	    -25.9776	     198.611	12	[(0, 301)]
302	  0	255	    -26.8349	    -25.9776	     198.611	12	[(0, 302)]
303	  0	257	    -26.8349	    -26.1254	     194.977	12	[(0, 303)]
304	  0	260	    -26.8349	    -25.9216	       194.7	12	[(0, 304)]
305	  0	261	    -26.8349	    -25.9059	      194.68	12	[(0, 305)]
306	  0	261	    -26.8349	    -25.9059	      194.68	12	[(0, 306)]
307	  0	261	    -26.8349	    -25.9059	      194.68	12	[(0, 307)]
308	  0	263	    -26.8349	    -25.9648	      194.72	12	[(0, 308)]
309	  0	263	    -26.8349	    -25.9648	      194.72	12	[(0, 309)]
310	  0	263	    -26.8349	    -25.9648	      194.72	12	[(0, 310)]
311	  0	263	    -26.8349	    -25.9648	      194.72	12	[(0, 311)]
312	  0	265	    -26.8349	    -21.9474	     194.914	13	[(0, 312)]
313	  0	267	    -26.8349	    -23.4697	     194.872	13	[(0, 313)]
314	  0	268	    -26.8349	    -23.3526	      194.85	13	[(0, 314)]
315	  0	268	    -26.8349	    -23.3526	      194.85	13	[(0, 315)]
316	  0	269	    -26.8349	    -21.2203	     194.979	14	[(0, 316)]
317	  0	269	    -26.8349	    -21.2203	     194.979	14	[(0, 317)]
318	  0	269	    -26.8349	    -21.2203	     194.979	14	[(0, 318)]
319	  0	271	    -26.8349	    -16.5335	     195.074	15	[(0, 319)]
320	  0	274	    -26.8349	    -20.5002	     194.947	14	[(0, 320)]
321	  0	276	    -26.8349	    -22.8479	     194.859	13	[(0, 321)]
322	  0	277	    -26.8349	    -13.1446	     206.051	13	[(0, 322)]
323	  0	278	    -26.8349	   -0.697504	     227.465	13	[(0, 323)]
324	  0	280	    -26.8349	    -18.6928	     199.733	13	[(0, 324)]
325	  0	281	    -26.8349	    -22.7896	     194.758	13	[(0, 325)]
326	  0	282	    -26.8349	    -22.8105	     194.765	13	[(0, 326)]
327	  0	283	    -26.8349	    -18.8666	     200.249	13	[(0, 327)]
328	  0	284	    -26.8349	    -19.0074	     203.284	13	[(0, 328)]
329	  0	284	    -26.8349	    -19.0074	     203.284	13	[(0, 329)]
330	  0	284	    -26.8349	    -19.0074	     203.284	13	[(0, 330)]
331	  0	284	    -26.8349	    -19.0074	     203.284	13	[(0, 331)]
332	  0	286	    -26.8349	    -19.3033	     204.037	13	[(0, 332)]
333	  0	288	    -26.8349	    -10.3556	     202.675	14	[(0, 333)]
334	  0	292	    -26.8349	     6.02946	     230.629	14	[(0, 334)]
335	  0	293	    -26.8349	     6.84368	     231.462	14	[(0, 335)]
336	  0	294	    -26.8349	     7.31592	     230.537	14	[(0, 336)]
337	329	  7	    -26.8349	     8.34601	     4.91822	 1	[(329, 337)]
338	329	  8	    -26.8349	     7.94377	     5.36273	 1	[(329, 338)]
339	329	  9	    -26.8349	     8.24328	     5.40064	 1	[(329, 339)]
340	329	  9	    -26.8349	     8.24328	     5.40064	 1	[(329, 340)]
341	329	 10	    -26.8349	     7.90041	     7.59709	 2	[(329, 341)]
342	325	 13	    -26.8349	      8.0535	     10.2298	 2	[(325, 342)]
343	325	 15	    -26.8349	     5.60905	     12.2621	 2	[(325, 343)]
344	325	 16	    -26.8349	     5.47379	     13.7396	 2	[(325, 344)]
345	325	 18	    -26.8349	     5.02619	     15.8095	 2	[(325, 345)]
346	325	 18	    -26.8349	     5.02619	     15.8095	 2	[(325, 346)]
347	325	 19	    -26.8349	     6.47352	     16.2525	 3	[(325, 347)]
348	325	 19	    -26.8349	     6.47352	     16.2525	 3	[(325, 348)]
349	345	291	    -26.8349	    -6.40605	     202.927	15	[(0, 333), (345, 349)]
350	345	293	    -26.8349	    -7.98371	     202.923	15	[(0, 333), (345, 350)]
351	345	295	    -26.8349	     -10.515	     202.839	14	[(0, 333), (345, 351)]
352	345	296	    -26.8349	    -4.89961	      208.11	14	[(0, 333), (345, 352)]
353	 24	306	    -26.8349	    -1.44656	     224.268	17	[(24, 353)]
354	 24	306	    -26.8349	    -1.44656	     224.268	17	[(24, 354)]
355	 24	307	    -26.8349	    -1.75219	      224.49	17	[(24, 355)]
356	 24	307	    -26.8349	    -1.75219	      224.49	17	[(24, 356)]
357	 24	307	    -26.8349	    -1.75219	      224.49	17	[(24, 357)]
358	  0	314	    -26.8349	    -2.17582	     225.582	17	[(0, 358)]
359	  0	314	    -26.8349	    -2.17582	     225.582	17	[(0, 359)]
360	  0	316	    -26.8349	    -2.30181	     225.714	17	[(0, 360)]
361	  0	316	    -26.8349	    -2.30181	     225.714	17	[(0, 361)]
362	  0	318	    -26.8349	    -2.29583	     225.655	17	[(0, 362)]
363	  0	320	    -26.8349	     -1.0211	     225.677	17	[(0, 363)]
364	  0	320	    -26.8349	     -1.0211	     225.677	17	[(0, 364)]
365	  0	321	    -26.8349	    -1.18851	      225.83	17	[(0, 365)]
366	 24	317	    -26.8349	   -0.775276	     224.722	17	[(24, 366)]
367	  0	323	    -26.8349	    -1.21528	     225.934	17	[(0, 367)]
368	345	 17	    -26.8349	   -0.702905	    0.717156	 0	[(345, 368)]
369	345	 17	    -26.8349	   -0.702905	    0.717156	 0	[(345, 369)]
370	345	 18	    -26.8349	   -0.831855	    0.840526	 0	[(345, 370)]
371	345	 18	    -26.8349	   -0.831855	    0.840526	 0	[(345, 371)]
372	345	 20	    -26.8349	   -0.820086	    0.821773	 0	[(345, 372)]
373	345	 21	    -26.8349	   -0.815523	    0.825866	 0	[(345, 373)]
374	345	 21	    -26.8349	   -0.815523	    0.825866	 0	[(345, 374)]
375	345	 21	    -26.8349	   -0.815523	    0.825866	 0	[(345, 375)]
376	345	 21	    -26.8349	   -0.815523	    0.825866	 0	[(345, 376)]
377	345	 21	    -26.8349	   -0.815523	    0.825866	 0	[(345, 377)]
378	345	 21	    -26.8349	   -0.815523	    0.825866	 0	[(345, 378)]
379	345	 21	    -26.8349	   -0.815523	    0.825866	 0	[(345, 379)]
380	345	 21	    -26.8349	   -0.815523	    0.825866	 0	[(345, 380)]
381	345	 23	    -26.8349	     2.89833	     1.12788	 1	[(345, 381)]
382	345	 27	    -26.8349	      1.4309	     1.23111	 1	[(345, 382)]
383	345	 29	    -26.8349	    -1.10502	     1.11606	 0	[(345, 383)]
384	345	 30	    -26.8349	    -1.11622	     1.12604	 0	[(345, 384)]
385	345	 30	    -26.8349	    -1.11622	     1.12604	 0	[(345, 385)]
386	345	 30	    -26.8349	    -1.11622	     1.12604	 0	[(345, 386)]
387	345	 30	    -26.8349	    -1.11622	     1.12604	 0	[(345, 387)]
388	345	 30	    -26.8349	    -1.11622	     1.12604	 0	[(345, 388)]
389	345	 32	    -26.8349	    -1.40338	     1.42977	 0	[(345, 389)]
390	345	 35	    -26.8349	    -1.24161	     1.30284	 0	[(345, 390)]
391	345	 37	    -26.8349	    -1.11815	     1.14917	 0	[(345, 391)]
392	345	 40	    -26.8349	    -1.07945	     1.10637	 0	[(345, 392)]
393	345	 41	    -26.8349	    -1.09177	     1.11868	 0	[(345, 393)]
394	345	 42	    -26.8349	    -1.10394	     1.13072	 0	[(345, 394)]
395	345	 42	    -26.8349	    -1.10394	     1.13072	 0	[(345, 395)]
396	345	 42	    -26.8349	    -1.10394	     1.13072	 0	[(345, 396)]
397	345	 42	    -26.8349	    -1.10394	     1.13072	 0	[(345, 397)]
398	345	 42	    -26.8349	    -1.10394	     1.13072	 0	[(345, 398)]
399	345	 42	    -26.8349	    -1.10394	     1.13072	 0	[(345, 399)]
400	345	 44	    -26.8349	    -1.35989	     1.37283	 0	[(345, 400)]
401	345	 45	    -26.8349	    -1.35843	     1.38376	 0	[(345, 401)]
402	345	 47	    -26.8349	     -1.3528	     1.37604	 0	[(345, 402)]
403	345	 48	    -26.8349	    -1.36487	     1.38782	 0	[(345, 403)]
404	345	 48	    -26.8349	    -1.36487	     1.38782	 0	[(345, 404)]
405	345	 48	    -26.8349	    -1.36487	     1.38782	 0	[(345, 405)]
406	345	 48	    -26.8349	    -1.36487	     1.38782	 0	[(345, 406)]
407	345	 48	    -26.8349	    -1.36487	     1.38782	 0	[(345, 407)]
408	  0	369	    -26.8349	    -3.33201	     272.863	21	[(0, 408)]
409	  0	370	    -26.8349	     -6.6408	     273.933	21	[(0, 409)]
410	  0	374	    -26.8349	    -11.2269	     277.007	21	[(0, 410)]
411	  0	376	    -26.8349	    -15.9738	      278.94	21	[(0, 411)]
412	  0	378	    -26.8349	    -22.1218	     280.815	20	[(0, 412)]
413	  0	379	     -27.417	     -27.417	     283.223	20	[(0, 413)]
414	  0	380	    -32.0291	    -32.0291	     284.674	20	[(0, 414)]
415	  0	384	    -32.0291	    -30.1728	     285.438	20	[(0, 415)]
416	  0	385	    -32.0291	    -29.7158	     285.636	20	[(0, 416)]
417	  0	387	    -32.0291	    -29.6482	     285.521	20	[(0, 417)]
418	  0	388	    -32.0291	    -29.6293	     285.471	20	[(0, 418)]
419	  0	388	    -32.0291	    -29.6293	     285.471	20	[(0, 419)]
420	  0	388	    -32.0291	    -29.6293	     285.471	20	[(0, 420)]
421	  0	389	    -32.0291	    -25.4605	     285.559	21	[(0, 421)]
422	  6	390	    -32.0291	    -25.4846	     296.638	21	[(6, 422)]
423	  0	393	    -32.0291	    -29.6863	     285.482	20	[(0, 423)]
424	  0	394	    -32.0291	    -29.6986	     285.513	20	[(0, 424)]
425	  0	394	    -32.0291	    -29.6986	     285.513	20	[(0, 425)]
426	  0	394	    -32.0291	    -29.6986	     285.513	20	[(0, 426)]
427	  0	394	    -32.0291	    -29.6986	     285.513	20	[(0, 427)]
