nresidues = 473
3 50 0.125
3 132 1.5
3 133 0.0625
3 134 0.0625
3 254 0.0625
4 49 0.125
4 50 1.375
4 66 0.1875
4 130 0.3125
4 131 0.1875
4 132 0.375
4 133 1.25
4 134 1.125
4 135 0.0625
5 50 0.125
5 51 0.4375
5 66 0.25
5 135 1.25
6 66 1.3125
6 126 0.125
6 127 0.0625
6 135 0.0625
6 136 1.3125
6 137 0.125
7 22 0.125
7 51 0.0625
7 67 1.25
7 68 0.0625
7 137 1.3125
7 139 0.0625
8 68 1.25
8 123 0.0625
8 137 0.1875
8 138 1.25
8 139 0.1875
8 154 0.0625
9 14 0.117188
9 15 0.273438
9 18 0.125
9 68 0.125
9 69 1.375
9 70 0.125
9 139 1.3125
10 13 0.664062
10 14 0.0390625
10 15 0.0390625
10 70 1.25
10 139 0.0625
10 140 0.125
10 146 0.25
10 147 0.1875
10 150 0.0625
10 154 0.0625
11 14 0.742188
11 15 0.195312
11 71 0.375
12 15 0.78125
12 16 0.273438
12 76 0.3125
13 16 0.78125
13 17 0.195312
13 141 0.0625
14 17 0.820312
14 18 0.078125
14 139 0.125
14 140 0.0625
15 18 0.898438
15 19 0.078125
15 69 0.25
15 70 0.1875
15 71 0.125
15 76 0.0625
16 19 0.742188
16 20 0.0390625
16 76 0.0625
16 225 0.0625
17 20 0.78125
17 21 0.078125
17 172 0.0625
17 229 0.1875
17 232 0.125
17 236 0.0625
18 21 0.78125
18 22 0.195312
18 139 0.0625
19 22 0.664062
19 23 0.078125
20 23 0.742188
20 24 0.117188
20 233 0.4375
21 24 0.78125
21 25 0.234375
21 51 0.0625
21 233 0.0625
21 236 0.0625
21 240 0.0625
22 25 0.742188
22 26 0.117188
22 51 0.3125
22 52 0.0625
22 65 0.625
22 66 0.0625
22 67 0.1875
22 88 0.1875
23 26 0.78125
23 27 0.15625
24 27 0.78125
24 28 0.15625
24 233 0.125
25 28 0.78125
25 29 0.195312
25 52 0.125
25 244 0.0625
26 29 0.742188
26 30 0.78125
26 31 0.273438
26 33 0.1875
26 52 0.0625
26 87 0.0625
27 45 0.0625
27 363 0.0625
28 45 0.25
28 237 0.0625
28 244 0.375
28 245 0.125
28 323 0.5625
28 362 0.0625
28 363 0.0625
29 44 1.3125
29 45 0.5625
29 48 0.0625
29 244 0.375
29 245 0.0625
30 38 0.0625
30 45 0.0625
31 36 0.1875
31 37 1.25
31 44 0.25
31 52 0.375
32 35 1.5
32 36 1.1875
32 37 0.1875
33 87 0.1875
34 83 0.0625
34 84 1.125
34 85 1.25
34 86 0.125
35 62 0.0625
35 86 0.125
36 62 1.25
36 63 0.375
36 87 0.0625
37 60 0.125
37 61 0.1875
38 42 0.3125
38 44 0.0625
38 63 0.0625
39 42 0.375
44 48 0.5625
44 63 0.4375
46 244 1.25
46 245 0.0625
47 50 0.1875
47 244 0.25
47 245 0.1875
47 246 0.25
48 51 1.1875
48 52 0.4375
48 63 0.4375
49 52 0.25
49 66 0.25
50 66 0.1875
50 243 0.125
50 244 0.125
51 65 1.1875
51 66 0.5625
51 240 0.125
51 244 0.25
52 63 0.125
52 64 1.375
52 65 0.1875
52 66 0.5
53 62 0.0625
53 63 1.1875
53 64 0.25
53 66 0.25
53 129 0.0625
54 57 0.0625
54 58 0.25
54 62 1.25
54 63 0.5
55 61 1.1875
55 62 0.1875
55 64 0.0625
57 60 1.25
57 61 0.0625
63 87 0.0625
64 87 0.0625
64 88 0.0625
65 87 0.25
65 88 0.1875
66 126 0.0625
66 129 0.0625
67 92 0.25
68 92 1.5625
68 122 0.25
68 123 0.1875
68 126 0.0625
69 77 0.125
69 80 0.0625
69 88 0.1875
69 92 0.1875
69 93 1.4375
69 94 0.25
70 77 0.125
70 94 1.1875
70 119 0.1875
70 150 0.0625
71 77 0.0625
71 94 0.125
71 95 1.25
72 95 1.125
72 96 1.3125
72 97 0.125
72 98 1.4375
72 99 0.0625
72 100 0.0625
72 115 0.0625
72 146 0.25
73 98 0.0625
73 99 0.0625
74 77 0.742188
74 78 0.234375
74 96 0.125
74 97 0.0625
75 78 0.78125
75 79 0.234375
76 79 0.78125
76 80 0.078125
77 80 0.78125
77 81 0.15625
77 93 0.0625
77 94 0.125
78 81 0.78125
78 82 0.078125
79 82 0.78125
79 83 0.195312
80 83 0.859375
80 84 0.195312
80 88 0.125
84 87 0.125
84 88 0.1875
89 92 1.375
89 93 0.0625
89 122 0.125
90 93 0.1875
91 122 0.4375
92 122 0.4375
92 126 0.1875
94 118 0.0625
94 119 0.125
94 122 0.0625
96 115 0.125
96 118 0.125
100 103 0.25
100 106 0.3125
100 145 0.125
100 146 0.0625
102 144 0.0625
102 145 0.0625
102 183 0.0625
102 187 0.25
102 402 0.0625
103 106 0.78125
103 145 0.25
103 187 0.125
103 401 0.1875
103 402 0.375
104 107 0.742188
104 108 0.195312
104 145 0.0625
104 148 0.625
104 149 0.1875
104 152 0.0625
104 187 0.125
104 190 0.6875
104 191 0.0625
105 108 0.742188
105 109 0.78125
105 405 0.1875
105 407 0.0625
106 109 0.703125
106 110 0.742188
106 111 0.742188
106 112 0.0390625
106 145 1.0625
106 405 0.1875
107 111 0.664062
107 112 0.117188
107 145 0.0625
107 149 1.6875
107 150 0.125
107 153 0.0625
108 113 0.234375
108 149 0.3125
108 152 0.1875
108 153 0.25
108 156 0.5
109 113 0.078125
110 113 0.742188
110 114 0.0390625
111 114 0.9375
111 115 0.0390625
112 115 0.742188
112 116 0.0390625
112 150 0.125
112 153 0.1875
113 116 0.0390625
113 117 0.0390625
113 153 0.25
114 117 0.078125
115 118 0.78125
115 119 0.078125
115 150 0.1875
116 119 0.820312
116 120 0.195312
116 150 0.0625
116 157 0.125
117 120 0.703125
117 121 0.078125
118 121 0.78125
118 122 0.078125
119 122 0.78125
119 123 0.15625
119 150 0.1875
119 154 0.0625
120 123 0.820312
120 124 0.273438
120 154 0.0625
120 157 0.1875
121 124 0.78125
121 125 0.0390625
122 125 0.859375
122 126 0.117188
123 126 0.78125
123 127 0.15625
123 154 0.0625
123 158 0.0625
123 162 0.0625
124 127 0.78125
124 128 0.078125
124 161 0.1875
124 162 0.3125
125 128 0.664062
125 129 0.273438
126 129 0.898438
126 130 0.0390625
127 130 0.117188
127 136 0.0625
127 165 0.0625
133 165 0.125
134 166 0.1875
134 255 0.0625
135 165 0.0625
135 166 1.1875
135 255 0.0625
136 158 0.125
136 166 0.125
136 167 1.1875
136 168 0.125
137 168 1.1875
138 168 0.125
138 169 1.1875
138 170 0.25
139 170 1.25
140 147 0.3125
140 169 0.25
140 170 0.1875
140 171 1.25
140 172 0.1875
141 147 1.1875
141 171 0.0625
141 172 1.25
142 148 0.1875
142 172 0.125
142 173 0.125
142 187 1.3125
142 188 0.3125
142 191 0.125
143 184 0.25
143 187 0.3125
143 188 0.0625
144 148 0.15625
144 187 0.25
145 148 0.820312
145 149 0.0390625
146 149 0.78125
146 150 0.78125
147 150 0.703125
147 151 0.078125
148 151 0.742188
148 152 0.078125
148 187 0.125
148 191 0.125
149 152 0.820312
149 153 0.078125
150 153 0.859375
150 154 0.078125
151 154 0.664062
151 155 0.15625
152 155 0.664062
152 156 0.15625
152 194 0.3125
153 156 0.78125
153 157 0.15625
154 157 0.820312
154 158 0.078125
155 158 0.78125
155 159 0.117188
155 195 0.0625
155 198 0.125
156 159 0.78125
156 160 0.117188
156 194 0.3125
157 160 0.78125
157 161 0.078125
158 161 0.703125
158 162 0.78125
158 167 0.0625
159 162 0.703125
159 163 0.195312
159 165 0.1875
159 167 0.0625
159 198 0.125
159 200 0.375
162 165 0.125
165 200 0.0625
166 200 0.3125
167 199 1.125
167 200 1.5625
167 201 0.0625
168 201 1.3125
168 255 0.0625
169 195 0.125
169 201 0.1875
169 202 1.375
169 203 0.1875
170 203 1.1875
170 205 0.0625
170 236 0.0625
171 202 0.0625
171 203 0.125
171 204 1.25
171 205 0.125
172 205 1.3125
172 207 0.1875
173 204 0.0625
173 205 0.0625
173 206 1.0625
173 207 0.25
173 381 0.0625
174 184 0.25
174 188 0.125
174 384 0.0625
175 207 0.1875
175 208 0.125
176 208 0.375
176 384 0.25
182 185 0.0390625
182 392 0.0625
183 186 0.742188
183 187 0.15625
183 398 0.1875
183 402 0.25
184 187 0.703125
184 188 0.15625
185 188 0.703125
185 189 0.078125
185 388 0.25
185 389 0.125
185 392 0.0625
186 189 0.742188
186 190 0.429688
186 389 0.1875
186 392 0.375
186 393 0.25
186 396 0.0625
186 402 0.1875
187 190 0.78125
187 191 0.078125
187 402 0.3125
188 191 0.78125
188 192 0.15625
188 385 0.125
189 192 0.742188
189 385 0.0625
189 389 0.3125
189 415 0.0625
190 193 0.0390625
190 389 0.0625
190 407 0.125
190 412 0.1875
190 415 0.0625
191 194 0.78125
191 195 0.117188
192 195 0.820312
192 196 0.078125
192 270 0.125
192 382 0.125
193 196 0.78125
193 197 0.234375
193 415 0.1875
193 418 0.25
194 197 0.742188
194 198 0.820312
195 198 0.664062
195 199 0.078125
195 269 0.25
195 270 0.0625
196 269 0.3125
196 418 0.25
196 421 0.375
196 422 0.1875
199 269 0.1875
200 269 0.1875
201 259 0.0625
201 269 1.375
202 269 0.125
202 270 1.5
202 271 0.125
203 239 0.0625
203 271 1.3125
203 272 0.1875
203 273 0.125
203 372 0.125
204 271 0.0625
204 272 0.125
204 306 0.0625
205 232 0.125
205 273 0.0625
205 305 1.3125
206 209 0.78125
206 210 0.078125
206 305 0.125
206 306 0.3125
206 307 0.125
206 381 0.125
206 384 0.5
207 210 0.859375
207 211 0.078125
207 228 0.0625
208 211 0.78125
208 212 0.15625
208 307 0.0625
208 384 0.25
209 212 0.78125
209 213 0.15625
209 304 0.0625
209 305 0.125
209 306 0.25
210 213 0.78125
210 214 0.078125
210 228 0.1875
210 231 0.125
210 232 0.125
210 305 0.125
211 214 0.78125
211 215 0.078125
211 223 0.1875
211 228 0.0625
212 215 0.820312
212 216 0.117188
213 216 0.78125
213 217 0.820312
213 278 0.0625
213 302 0.0625
213 305 0.125
214 217 0.664062
214 218 0.820312
214 219 0.664062
214 220 0.078125
215 218 0.703125
215 219 0.742188
215 220 0.15625
215 221 0.078125
216 302 0.25
217 278 0.0625
217 280 0.0625
218 227 0.0625
218 231 0.1875
218 278 0.1875
218 279 0.25
218 280 0.1875
218 281 0.25
220 223 0.1875
220 227 0.0625
223 227 0.15625
224 227 1.05469
224 228 0.078125
225 228 0.78125
225 229 0.273438
226 229 0.78125
226 230 0.0390625
227 230 0.742188
228 231 0.742188
228 232 0.078125
229 232 0.820312
229 233 0.15625
230 233 0.78125
230 234 0.117188
231 234 0.703125
231 235 0.0390625
231 278 0.0625
231 305 0.25
232 235 0.78125
232 236 0.15625
233 236 0.820312
233 237 0.078125
234 237 0.78125
234 238 0.0390625
234 275 0.6875
234 365 0.25
235 238 0.742188
235 239 0.15625
235 305 0.0625
235 370 0.0625
236 239 0.78125
236 240 0.195312
237 240 0.859375
237 241 0.078125
237 244 0.25
237 323 0.0625
238 241 0.0390625
238 370 0.0625
239 242 0.0390625
239 243 0.0390625
239 321 0.0625
239 370 0.0625
239 372 0.0625
240 243 0.820312
240 244 0.390625
241 244 0.78125
241 245 0.078125
241 323 0.125
241 358 0.1875
242 252 1.25
242 253 0.25
242 358 0.0625
243 253 0.0625
245 250 0.0625
245 252 0.0625
245 323 0.0625
245 360 0.25
246 250 0.3125
246 252 0.3125
247 250 0.25
247 359 0.25
248 359 0.25
249 357 0.1875
249 359 0.375
250 357 1.3125
250 358 0.125
250 359 0.3125
251 356 0.125
251 357 0.1875
252 257 0.0390625
253 257 0.0390625
253 356 0.0625
254 257 0.859375
254 258 0.078125
255 258 0.78125
255 259 0.117188
256 259 0.703125
256 260 0.15625
257 260 0.78125
257 261 0.15625
257 354 0.125
258 261 0.78125
258 262 0.15625
259 262 0.78125
259 263 0.117188
260 263 0.0390625
261 317 0.1875
261 352 0.0625
261 354 0.0625
262 271 0.0625
262 317 0.3125
262 318 0.125
262 319 0.0625
262 372 0.1875
262 374 0.1875
263 268 0.0625
263 269 0.125
264 268 0.0625
264 374 0.0625
265 268 0.25
266 269 0.1875
267 422 0.0625
268 316 0.0625
268 374 0.1875
268 425 0.1875
268 426 0.625
269 426 0.1875
270 374 0.125
270 378 0.125
270 422 0.0625
270 426 0.3125
271 373 1.25
271 374 0.1875
272 306 0.125
272 308 0.0625
272 371 0.0625
272 372 1.1875
272 373 0.1875
272 375 0.0625
273 304 1.375
273 305 0.3125
273 371 1.3125
273 372 0.0625
274 298 0.3125
274 303 1.25
274 304 0.0625
274 370 1.3125
274 371 0.3125
275 278 0.1875
275 298 0.0625
275 305 0.0625
275 365 0.125
275 368 0.0625
275 369 1.375
275 370 0.125
276 294 0.125
276 368 1.3125
276 369 0.1875
277 289 0.0625
277 294 0.0625
277 365 0.25
277 367 0.0625
277 368 0.125
278 303 0.1875
280 283 1.3125
280 284 0.0625
281 284 0.1875
283 286 1.25
283 287 0.6875
284 287 0.0625
284 364 0.125
284 365 0.125
285 363 0.0625
285 364 0.25
285 365 0.0625
285 366 0.1875
288 365 0.0625
288 366 0.625
288 367 0.0625
289 294 0.0390625
289 367 0.125
290 293 0.664062
290 294 0.078125
291 294 0.78125
291 295 0.15625
291 322 0.0625
291 327 0.125
291 367 0.0625
292 295 0.78125
292 296 0.195312
293 296 0.898438
293 297 0.15625
294 297 0.78125
294 298 0.078125
294 367 0.1875
294 369 0.3125
295 298 0.78125
295 299 0.0390625
295 335 0.0625
295 369 0.1875
296 299 0.742188
296 300 0.0390625
297 300 0.15625
297 303 0.1875
298 369 0.0625
298 370 0.0625
298 371 0.25
299 311 0.0625
299 320 0.0625
299 339 0.25
299 371 0.0625
300 303 0.125
301 304 0.0625
301 308 0.0625
301 309 0.5
301 310 0.125
301 311 0.25
304 308 0.0625
304 310 0.0625
307 381 0.0625
307 384 0.0625
308 377 0.1875
309 312 1.3125
309 377 0.3125
310 313 0.1875
310 315 0.125
310 375 0.5625
311 315 0.0625
311 343 0.0625
311 344 0.125
312 377 0.3125
313 344 0.125
313 375 0.0625
313 376 0.1875
313 377 0.125
313 430 0.0625
314 344 1.375
314 345 0.375
314 375 1.625
314 376 0.1875
314 430 0.125
315 318 0.0625
315 343 0.0625
315 344 0.3125
315 345 1.125
315 346 0.0625
315 351 0.0625
315 373 0.125
315 374 1.25
315 375 0.4375
316 346 0.0625
316 351 1.375
316 374 1.3125
316 376 0.0625
317 352 1.3125
317 373 1.3125
317 374 0.0625
318 352 0.1875
318 353 1.4375
318 354 0.1875
318 371 0.0625
318 372 1.1875
319 354 1.25
319 370 0.0625
319 371 1.25
319 372 0.1875
320 354 0.0625
320 355 1.1875
320 356 0.125
320 370 1.1875
321 356 1.125
321 369 1.1875
321 370 0.1875
321 372 0.0625
322 325 0.25
322 326 0.125
322 356 0.1875
322 357 1.4375
322 358 0.0625
322 367 0.125
322 368 1.1875
322 369 0.25
323 358 1.375
323 359 1.125
323 360 1.375
323 361 0.5625
323 362 0.1875
323 367 1.25
323 368 0.1875
324 357 0.25
324 359 0.1875
324 360 0.0625
324 361 0.125
324 366 1.1875
325 366 0.1875
325 367 0.125
326 329 0.1875
326 332 0.0625
326 357 0.0625
327 367 0.3125
328 331 0.9375
328 332 0.0390625
329 332 0.78125
329 333 0.507812
330 333 0.78125
330 334 0.078125
331 334 0.78125
331 335 0.078125
332 335 0.78125
332 336 0.15625
333 336 0.742188
333 337 0.078125
334 337 0.78125
334 338 0.078125
335 338 0.78125
335 339 0.117188
336 339 0.78125
336 340 0.078125
336 353 0.0625
336 355 0.0625
337 340 0.820312
337 341 0.078125
338 341 0.78125
338 342 0.117188
339 342 0.78125
339 343 0.15625
340 353 0.1875
343 353 0.0625
345 351 0.125
346 351 0.0625
346 429 0.0625
361 365 0.0625
361 366 0.0625
362 365 0.0625
374 426 0.3125
375 378 0.078125
375 426 0.125
376 379 0.078125
376 426 0.1875
376 429 0.125
376 430 0.3125
377 380 0.976562
377 430 0.0625
378 381 0.78125
378 382 0.15625
378 426 0.125
379 382 0.820312
379 383 0.15625
380 383 0.78125
380 384 0.078125
381 384 0.78125
381 385 0.0390625
382 385 0.78125
382 386 0.117188
382 422 0.0625
382 423 0.0625
383 386 0.78125
383 387 0.078125
383 427 0.0625
384 387 0.742188
384 388 0.117188
385 388 0.78125
385 389 0.078125
386 389 0.820312
386 390 0.195312
386 416 0.375
387 390 0.742188
387 391 0.195312
388 391 0.78125
388 392 0.117188
389 392 0.78125
389 393 0.15625
389 412 0.0625
389 416 0.3125
390 393 0.742188
390 394 0.117188
390 416 0.375
391 395 0.0390625
392 395 0.820312
392 396 0.78125
392 397 0.15625
393 396 0.351562
393 399 0.0625
393 409 0.1875
393 412 0.5625
393 413 0.1875
396 399 0.25
398 401 0.859375
398 402 0.078125
399 402 0.78125
399 403 0.15625
400 403 0.742188
400 404 0.15625
401 405 0.0390625
402 405 0.78125
402 406 0.664062
402 407 0.078125
403 407 0.117188
403 408 0.0390625
407 411 0.15625
407 412 0.0390625
407 415 0.0625
408 411 0.9375
408 412 0.0390625
409 412 0.703125
409 413 0.15625
410 413 0.9375
410 414 0.078125
411 414 0.820312
411 415 0.117188
412 415 0.820312
412 416 0.078125
413 416 0.820312
413 417 0.078125
414 417 0.820312
414 418 0.078125
415 418 0.820312
415 419 0.0390625
416 419 0.78125
416 420 0.3125
417 420 0.820312
417 421 0.078125
418 421 0.78125
418 422 0.0390625
419 422 0.78125
419 423 0.117188
420 423 0.78125
420 424 0.15625
421 424 0.820312
421 425 0.15625
422 425 0.742188
422 426 0.078125
423 426 0.664062
423 427 0.15625
424 427 0.78125
424 428 0.117188
425 428 0.78125
425 429 0.078125
426 429 0.742188
426 430 0.0390625
427 430 0.742188
427 431 0.078125
428 431 0.117188
