L	Ls	nvertices	F_L	F_L_constrained	rho_sum	nloops	regions
  3	  0	  0	           0	           0	           0	 0	[(0, 3)]
  4	  0	  0	           0	           0	           0	 0	[(0, 4)]
  5	  0	  0	           0	           0	           0	 0	[(0, 5)]
  6	  0	  0	           0	           0	           0	 0	[(0, 6)]
  7	  0	  0	           0	           0	           0	 0	[(0, 7)]
  8	  0	  0	           0	           0	           0	 0	[(0, 8)]
  9	  0	  0	           0	           0	           0	 0	[(0, 9)]
 10	  0	  0	           0	           0	           0	 0	[(0, 10)]
 11	  0	  0	           0	           0	           0	 0	[(0, 11)]
 12	  0	  0	           0	           0	           0	 0	[(0, 12)]
 13	  0	  2	           0	     3.71899	     0.29088	 1	[(0, 13)]
 14	  0	  5	           0	     2.35323	    0.262286	 1	[(0, 14)]
 15	  0	  7	           0	     5.28658	     5.86178	 0	[(0, 15)]
 16	  0	  8	           0	     4.83685	     6.15963	 0	[(0, 16)]
 17	  0	  9	           0	     4.51164	      6.4852	 0	[(0, 17)]
 18	  0	 10	           0	     4.17162	     7.89182	 0	[(0, 18)]
 19	  0	 11	           0	      4.1011	     8.85068	 0	[(0, 19)]
 20	  0	 12	           0	     4.05977	     9.73657	 0	[(0, 20)]
 21	  0	 13	           0	     3.97947	     10.6726	 0	[(0, 21)]
 22	  0	 15	           0	     3.77978	     11.8159	 0	[(0, 22)]
 23	  0	 16	           0	     3.79306	     12.7701	 0	[(0, 23)]
 24	  0	 17	           0	     3.69114	     13.8175	 0	[(0, 24)]
 25	  0	 18	           0	     3.44283	      14.938	 0	[(0, 25)]
 26	  0	 19	           0	     3.30539	     15.9549	 0	[(0, 26)]
 27	  0	 20	           0	     3.09024	     16.9716	 0	[(0, 27)]
 28	  0	 21	           0	     2.85832	     17.9685	 0	[(0, 28)]
 29	  0	 22	           0	     2.63289	     18.9714	 0	[(0, 29)]
 30	  0	 23	           0	     2.59621	     19.7495	 0	[(0, 30)]
 31	  0	 24	           0	     3.05082	     19.6307	 0	[(0, 31)]
 32	  0	 24	           0	     3.05082	     19.6307	 0	[(0, 32)]
 33	  0	 25	           0	     2.86016	     19.8099	 0	[(0, 33)]
 34	  0	 25	           0	     2.86016	     19.8099	 0	[(0, 34)]
 35	  0	 27	           0	     3.08983	     19.1279	 0	[(0, 35)]
 36	  0	 28	           0	     3.41476	     23.5483	 0	[(0, 36)]
 37	  0	 29	           0	     2.46316	     25.2857	 0	[(0, 37)]
 38	  0	 30	           0	     3.20683	     25.5074	 0	[(0, 38)]
 39	  0	 30	           0	     3.20683	     25.5074	 0	[(0, 39)]
 40	  0	 30	           0	     3.20683	     25.5074	 0	[(0, 40)]
 41	  0	 30	           0	     3.20683	     25.5074	 0	[(0, 41)]
 42	  0	 32	           0	      3.4509	      25.518	 0	[(0, 42)]
 43	  0	 32	           0	      3.4509	      25.518	 0	[(0, 43)]
 44	  0	 33	           0	     1.66838	     26.5941	 0	[(0, 44)]
 45	  0	 34	           0	     1.23342	     27.3771	 0	[(0, 45)]
 46	  0	 34	           0	     1.23342	     27.3771	 0	[(0, 46)]
 47	  0	 34	           0	     1.23342	     27.3771	 0	[(0, 47)]
 48	  0	 35	           0	    0.811583	     27.7896	 0	[(0, 48)]
 49	  0	 37	           0	    0.813706	     27.8342	 0	[(0, 49)]
 50	  0	 41	           0	    0.937976	     27.7094	 0	[(0, 50)]
 51	  9	 37	           0	    0.712488	     28.4304	 0	[(9, 51)]
 52	  0	 43	           0	     1.73754	     32.7921	 0	[(0, 52)]
 53	  0	 43	           0	     1.73754	     32.7921	 0	[(0, 53)]
 54	  0	 43	           0	     1.73754	     32.7921	 0	[(0, 54)]
 55	  0	 43	           0	     1.73754	     32.7921	 0	[(0, 55)]
 56	  0	 43	           0	     1.73754	     32.7921	 0	[(0, 56)]
 57	  0	 45	           0	      1.4824	     33.0441	 0	[(0, 57)]
 58	  0	 46	           0	     1.48157	     33.0378	 0	[(0, 58)]
 59	  0	 46	           0	     1.48157	     33.0378	 0	[(0, 59)]
 60	  0	 47	           0	     1.28042	     33.3026	 0	[(0, 60)]
 61	 49	  8	           0	     8.99913	    0.709889	 2	[(49, 61)]
 62	 49	 10	           0	     12.7231	     5.49164	 2	[(49, 62)]
 63	  0	 52	           0	     9.68678	     39.3555	 2	[(0, 63)]
 64	  0	 53	           0	     7.70731	     40.7804	 2	[(0, 64)]
 65	  0	 54	           0	      4.9879	     42.2366	 2	[(0, 65)]
 66	  9	 51	           0	     3.78037	     42.1232	 2	[(9, 66)]
 67	  4	 56	           0	     3.30554	     47.4238	 3	[(4, 67)]
 68	  4	 58	           0	     2.24348	     50.2725	 2	[(4, 68)]
 69	  4	 59	           0	    0.603279	     51.6161	 2	[(4, 69)]
 70	  4	 60	    -0.98604	    -0.98604	     52.7686	 2	[(4, 70)]
 71	  4	 61	    -0.98604	   -0.650959	     53.3699	 2	[(4, 71)]
 72	  4	 61	    -0.98604	   -0.650959	     53.3699	 2	[(4, 72)]
 73	  4	 61	    -0.98604	   -0.650959	     53.3699	 2	[(4, 73)]
 74	  4	 61	    -0.98604	   -0.650959	     53.3699	 2	[(4, 74)]
 75	  4	 61	    -0.98604	   -0.650959	     53.3699	 2	[(4, 75)]
 76	  4	 62	    -0.98604	     4.55189	     53.6512	 3	[(4, 76)]
 77	 74	  2	    -0.98604	     3.71496	    0.299596	 1	[(74, 77)]
 78	 74	  4	    -0.98604	     2.25599	    0.296001	 1	[(74, 78)]
 79	 74	  6	    -0.98604	     4.22885	     5.18272	 0	[(74, 79)]
 80	 74	  7	    -0.98604	     4.21778	     5.69776	 0	[(74, 80)]
 81	 74	  8	    -0.98604	     4.09684	     6.18993	 0	[(74, 81)]
 82	 74	  9	    -0.98604	     4.05045	     7.63133	 0	[(74, 82)]
 83	 74	 10	    -0.98604	     3.66673	     8.85283	 0	[(74, 83)]
 84	 74	 11	    -0.98604	     4.23649	     8.87317	 0	[(74, 84)]
 85	 74	 11	    -0.98604	     4.23649	     8.87317	 0	[(74, 85)]
 86	 74	 11	    -0.98604	     4.23649	     8.87317	 0	[(74, 86)]
 87	 74	 12	    -0.98604	     4.10028	     9.02168	 0	[(74, 87)]
 88	 74	 13	    -0.98604	     4.07674	     9.07528	 0	[(74, 88)]
 89	 74	 13	    -0.98604	     4.07674	     9.07528	 0	[(74, 89)]
 90	 74	 13	    -0.98604	     4.07674	     9.07528	 0	[(74, 90)]
 91	 74	 13	    -0.98604	     4.07674	     9.07528	 0	[(74, 91)]
 92	 74	 15	    -0.98604	     3.95645	     9.20191	 0	[(74, 92)]
 93	  4	 81	    -0.98604	     7.88028	     70.9787	 4	[(4, 93)]
 94	  4	 82	    -0.98604	     5.95475	     72.1033	 4	[(4, 94)]
 95	  4	 84	    -0.98604	     2.43327	     74.3083	 4	[(4, 95)]
 96	  4	 85	    -0.98604	     1.09853	     75.4402	 4	[(4, 96)]
 97	  4	 86	    -0.98604	     1.76097	     75.8041	 4	[(4, 97)]
 98	  4	 88	    -0.98604	   0.0931617	     77.5452	 3	[(4, 98)]
 99	  4	 89	    -0.98604	    0.700107	     77.5429	 3	[(4, 99)]
100	  4	 90	    -0.98604	     0.99868	     77.2745	 3	[(4, 100)]
101	  4	 90	    -0.98604	     0.99868	     77.2745	 3	[(4, 101)]
102	  4	 90	    -0.98604	     0.99868	     77.2745	 3	[(4, 102)]
103	  4	 91	    -0.98604	     5.79018	     77.4102	 4	[(4, 103)]
104	  4	 91	    -0.98604	     5.79018	     77.4102	 4	[(4, 104)]
105	  4	 91	    -0.98604	     5.79018	     77.4102	 4	[(4, 105)]
106	103	 63	    -0.98604	     3.06188	     53.6742	 3	[(4, 75), (103, 106)]
107	103	 65	    -0.98604	   -0.915017	     53.6585	 2	[(4, 75), (103, 107)]
108	103	 67	    -0.98604	     4.07173	     58.6566	 2	[(4, 75), (103, 108)]
109	103	 68	    -0.98604	     2.96761	     58.8731	 2	[(4, 75), (103, 109)]
110	103	 69	    -0.98604	     3.03171	     59.7917	 2	[(4, 75), (103, 110)]
111	103	 70	    -0.98604	     1.97495	      61.337	 2	[(4, 75), (103, 111)]
112	103	 71	    -0.98604	     2.62254	      61.538	 2	[(4, 75), (103, 112)]
113	103	 72	    -0.98604	     2.42422	       62.53	 2	[(4, 75), (103, 113)]
114	103	 73	    -0.98604	     2.20332	     63.5509	 2	[(4, 75), (103, 114)]
115	103	 74	    -0.98604	     2.50197	     64.5906	 2	[(4, 75), (103, 115)]
116	103	 75	    -0.98604	     2.75391	     62.2303	 2	[(4, 75), (103, 116)]
117	103	 76	    -0.98604	     2.75286	     62.1513	 2	[(4, 75), (103, 117)]
118	103	 77	    -0.98604	     2.74063	     62.1606	 2	[(4, 75), (103, 118)]
119	103	 78	    -0.98604	     2.72838	     62.1676	 2	[(4, 75), (103, 119)]
120	103	 79	    -0.98604	     5.46873	     69.4156	 2	[(4, 75), (103, 120)]
121	103	 80	    -0.98604	     5.54878	     70.0359	 2	[(4, 75), (103, 121)]
122	103	 81	    -0.98604	     5.56919	     71.3429	 2	[(4, 75), (103, 122)]
123	103	 82	    -0.98604	     5.35158	     72.5985	 2	[(4, 75), (103, 123)]
124	103	 83	    -0.98604	      4.9416	     73.7608	 2	[(4, 75), (103, 124)]
125	103	 84	    -0.98604	     4.76806	     74.7348	 2	[(4, 75), (103, 125)]
126	103	 85	    -0.98604	     4.58978	     75.6724	 2	[(4, 75), (103, 126)]
127	103	 86	    -0.98604	     4.34982	     76.6446	 2	[(4, 75), (103, 127)]
128	103	 87	    -0.98604	     4.42987	     77.4409	 2	[(4, 75), (103, 128)]
129	103	 88	    -0.98604	     3.84924	      78.693	 2	[(4, 75), (103, 129)]
130	103	 89	    -0.98604	     4.45801	     78.7108	 2	[(4, 75), (103, 130)]
131	103	 89	    -0.98604	     4.45801	     78.7108	 2	[(4, 75), (103, 131)]
132	103	 89	    -0.98604	     4.45801	     78.7108	 2	[(4, 75), (103, 132)]
133	103	 89	    -0.98604	     4.45801	     78.7108	 2	[(4, 75), (103, 133)]
134	  0	124	    -0.98604	     4.57891	     109.299	 4	[(0, 134)]
135	  0	125	    -0.98604	     3.41961	     110.423	 4	[(0, 135)]
136	  0	126	    -0.98604	     2.16663	     111.448	 4	[(0, 136)]
137	  0	127	    -0.98604	    0.354918	     112.497	 4	[(0, 137)]
138	  0	128	    -0.98604	   -0.666693	     113.444	 4	[(0, 138)]
139	  0	129	     -2.9213	     -2.9213	     114.488	 4	[(0, 139)]
140	  0	130	     -2.9213	    -2.26179	     114.862	 4	[(0, 140)]
141	  0	131	     -2.9213	    -1.78421	     114.818	 4	[(0, 141)]
142	  0	131	     -2.9213	    -1.78421	     114.818	 4	[(0, 142)]
143	  0	131	     -2.9213	    -1.78421	     114.818	 4	[(0, 143)]
144	  0	133	     -2.9213	    -1.12254	     114.773	 4	[(0, 144)]
145	  0	134	     -2.9213	      3.7317	     115.924	 5	[(0, 145)]
146	  0	135	     -2.9213	     3.91276	     116.028	 5	[(0, 146)]
147	  0	136	     -2.9213	     3.99067	     117.776	 5	[(0, 147)]
148	  0	138	     -2.9213	     3.44334	     120.439	 5	[(0, 148)]
149	  0	139	     -2.9213	    -1.33669	     122.175	 5	[(0, 149)]
150	  0	140	    -4.68688	    -4.68688	     123.373	 5	[(0, 150)]
151	  0	141	    -4.89228	    -4.89228	     124.153	 5	[(0, 151)]
152	  0	142	    -5.62941	    -5.62941	     125.098	 5	[(0, 152)]
153	  0	143	    -7.48942	    -7.48942	     126.253	 5	[(0, 153)]
154	  0	144	    -8.04501	    -8.04501	     127.206	 5	[(0, 154)]
155	  0	145	     -8.1671	     -8.1671	     128.019	 5	[(0, 155)]
156	  0	146	    -9.44691	    -9.44691	     129.139	 5	[(0, 156)]
157	  0	147	    -10.4491	    -10.4491	     130.212	 5	[(0, 157)]
158	  0	148	    -10.9574	    -10.9574	      131.19	 5	[(0, 158)]
159	  0	149	    -11.2224	    -11.2224	     132.043	 5	[(0, 159)]
160	  0	150	    -11.4458	    -11.4458	     132.914	 5	[(0, 160)]
161	  0	151	    -11.7482	    -11.7482	     133.889	 5	[(0, 161)]
162	  0	152	    -13.9022	    -13.9022	      135.22	 5	[(0, 162)]
163	  0	153	    -13.9022	    -13.2538	     135.575	 5	[(0, 163)]
164	  0	153	    -13.9022	    -13.2538	     135.575	 5	[(0, 164)]
165	  0	154	    -14.3609	    -14.3609	     135.931	 6	[(0, 165)]
166	  0	155	    -15.3174	    -15.3174	     136.919	 6	[(0, 166)]
167	  0	156	    -16.3337	    -16.3337	     138.004	 6	[(0, 167)]
168	  0	157	    -17.7133	    -17.7133	     139.093	 6	[(0, 168)]
169	  0	158	    -19.0024	    -19.0024	      140.35	 6	[(0, 169)]
170	  0	159	    -20.9279	    -20.9279	     141.513	 6	[(0, 170)]
171	  0	160	    -22.0009	    -22.0009	      142.68	 6	[(0, 171)]
172	  0	161	    -23.6894	    -23.6894	     143.907	 6	[(0, 172)]
173	  0	162	    -23.6894	    -22.9534	     144.202	 6	[(0, 173)]
174	  0	162	    -23.6894	    -22.9534	     144.202	 6	[(0, 174)]
175	  0	162	    -23.6894	    -22.9534	     144.202	 6	[(0, 175)]
176	  0	162	    -23.6894	    -22.9534	     144.202	 6	[(0, 176)]
177	  0	162	    -23.6894	    -22.9534	     144.202	 6	[(0, 177)]
178	  0	162	    -23.6894	    -22.9534	     144.202	 6	[(0, 178)]
179	  0	162	    -23.6894	    -22.9534	     144.202	 6	[(0, 179)]
180	  0	162	    -23.6894	    -22.9534	     144.202	 6	[(0, 180)]
181	  0	162	    -23.6894	    -22.9534	     144.202	 6	[(0, 181)]
182	  0	162	    -23.6894	    -22.9534	     144.202	 6	[(0, 182)]
183	  0	163	    -23.6894	     -16.363	     144.331	 7	[(0, 183)]
184	  0	166	    -23.6894	    -13.9304	     143.941	 7	[(0, 184)]
185	  0	168	    -23.6894	    -20.7024	     143.918	 6	[(0, 185)]
186	  0	169	    -23.6894	    -20.7143	     143.931	 6	[(0, 186)]
187	  0	170	    -23.6894	    -22.7643	     146.985	 6	[(0, 187)]
188	  0	171	    -23.6894	    -14.5581	     151.685	 7	[(0, 188)]
189	  0	172	    -23.6894	    -14.4272	     151.614	 7	[(0, 189)]
190	  0	173	    -23.6894	     -16.637	     153.352	 7	[(0, 190)]
191	  0	174	    -23.6894	    -17.4423	     154.415	 7	[(0, 191)]
192	  0	175	    -23.6894	    -17.6738	     155.331	 7	[(0, 192)]
193	  0	176	    -23.6894	    -17.0028	     155.354	 7	[(0, 193)]
194	  0	177	    -23.6894	    -17.8214	     156.539	 7	[(0, 194)]
195	  0	178	    -23.6894	    -18.2382	     157.826	 7	[(0, 195)]
196	  0	179	    -23.6894	    -18.0518	     158.947	 7	[(0, 196)]
197	  0	180	    -23.6894	    -18.3351	     160.012	 7	[(0, 197)]
198	  0	181	    -23.6894	    -20.2292	     161.325	 7	[(0, 198)]
199	  0	182	    -23.6894	    -21.1156	     162.325	 7	[(0, 199)]
200	  0	183	    -24.4769	    -24.4769	      163.49	 7	[(0, 200)]
201	  0	184	    -26.1862	    -26.1862	     164.492	 7	[(0, 201)]
202	  0	185	    -27.6209	    -27.6209	     165.473	 7	[(0, 202)]
203	  0	186	    -29.1716	    -29.1716	     166.489	 7	[(0, 203)]
204	  0	187	     -30.213	     -30.213	     167.526	 7	[(0, 204)]
205	  0	188	    -31.7649	    -31.7649	     168.714	 7	[(0, 205)]
206	  0	189	    -31.7649	    -31.7228	     170.235	 7	[(0, 206)]
207	  0	191	    -31.7649	    -30.8291	     170.366	 7	[(0, 207)]
208	  0	193	    -31.7649	    -30.4353	     168.914	 7	[(0, 208)]
209	  0	194	    -31.7649	    -30.4383	     168.932	 7	[(0, 209)]
210	  0	195	    -31.7649	     -30.442	     168.904	 7	[(0, 210)]
211	  0	196	    -31.7649	    -29.0303	     174.434	 7	[(0, 211)]
212	  0	197	    -31.7649	    -29.0197	     175.438	 7	[(0, 212)]
213	  0	198	    -31.7649	     -29.192	      176.71	 7	[(0, 213)]
214	  0	199	    -31.7649	     -29.258	     177.731	 7	[(0, 214)]
215	  0	200	    -31.7649	    -29.3984	     178.727	 7	[(0, 215)]
216	  0	201	    -31.7649	    -29.5429	     179.715	 7	[(0, 216)]
217	  0	202	    -31.7649	    -30.8188	     181.053	 7	[(0, 217)]
218	  0	203	    -32.3148	    -32.3148	     182.204	 7	[(0, 218)]
219	  0	204	    -33.6673	    -33.6673	     183.195	 7	[(0, 219)]
220	  0	205	    -33.6673	    -33.0586	     183.574	 7	[(0, 220)]
221	  0	206	    -33.6673	    -32.6035	     183.479	 7	[(0, 221)]
222	  0	206	    -33.6673	    -32.6035	     183.479	 7	[(0, 222)]
223	  0	207	    -33.6673	    -30.0659	       183.7	 8	[(0, 223)]
224	  0	207	    -33.6673	    -30.0659	       183.7	 8	[(0, 224)]
225	  0	208	    -33.6673	    -28.0625	     183.836	 9	[(0, 225)]
226	  0	208	    -33.6673	    -28.0625	     183.836	 9	[(0, 226)]
227	  0	210	    -33.6673	    -27.4319	     183.836	 9	[(0, 227)]
228	  0	211	    -33.6673	    -27.1575	     183.922	 9	[(0, 228)]
229	  0	213	    -33.6673	    -26.3667	     189.046	 8	[(0, 229)]
230	  0	214	    -33.6673	       -26.3	     189.691	 8	[(0, 230)]
231	  0	215	    -33.6673	     -26.761	      191.04	 8	[(0, 231)]
232	  0	216	    -33.6673	    -27.6739	     192.255	 8	[(0, 232)]
233	  0	217	    -33.6673	    -29.2237	     193.462	 8	[(0, 233)]
234	  0	218	    -33.6673	    -29.3677	     194.286	 8	[(0, 234)]
235	  0	219	    -33.6673	    -29.4695	      195.08	 8	[(0, 235)]
236	  0	220	    -33.6673	    -30.1531	     196.132	 8	[(0, 236)]
237	  0	221	    -33.6673	    -30.3645	     197.118	 8	[(0, 237)]
238	  0	222	    -33.6673	    -30.3424	     197.963	 8	[(0, 238)]
239	  0	223	    -33.6673	    -30.6746	     198.979	 8	[(0, 239)]
240	  0	224	    -33.6673	    -31.4674	     200.195	 8	[(0, 240)]
241	  0	225	    -33.6673	    -30.7965	     200.342	 8	[(0, 241)]
242	  0	226	    -33.6673	    -30.4553	     200.023	 8	[(0, 242)]
243	  0	227	    -33.6673	    -30.6027	      200.43	 8	[(0, 243)]
244	  0	229	      -33.67	      -33.67	     205.042	 8	[(0, 244)]
245	  0	230	      -33.67	    -33.3027	     205.684	 8	[(0, 245)]
246	  0	231	      -33.67	     -32.795	     205.766	 8	[(0, 246)]
247	  0	231	      -33.67	     -32.795	     205.766	 8	[(0, 247)]
248	  0	231	      -33.67	     -32.795	     205.766	 8	[(0, 248)]
249	  0	231	      -33.67	     -32.795	     205.766	 8	[(0, 249)]
250	  0	233	      -33.67	    -32.7462	     205.659	 8	[(0, 250)]
251	  0	233	      -33.67	    -32.7462	     205.659	 8	[(0, 251)]
252	  0	234	      -33.67	    -27.6953	     207.321	 9	[(0, 252)]
253	  0	235	      -33.67	    -27.4214	     207.385	 9	[(0, 253)]
254	  0	236	      -33.67	    -27.1468	     206.816	 9	[(0, 254)]
255	  0	237	      -33.67	     -27.167	      206.72	 9	[(0, 255)]
256	  0	237	      -33.67	     -27.167	      206.72	 9	[(0, 256)]
257	  0	238	      -33.67	    -25.0275	     206.892	10	[(0, 257)]
258	  0	239	      -33.67	    -24.7798	     206.897	10	[(0, 258)]
259	  0	241	      -33.67	     -22.688	     213.398	 9	[(0, 259)]
260	  0	242	      -33.67	    -22.7885	     213.776	 9	[(0, 260)]
261	  0	243	      -33.67	    -22.8646	     214.589	 9	[(0, 261)]
262	  0	244	      -33.67	    -23.0373	     215.954	 9	[(0, 262)]
263	  0	245	      -33.67	    -22.4731	     215.745	 9	[(0, 263)]
264	  0	245	      -33.67	    -22.4731	     215.745	 9	[(0, 264)]
265	  0	245	      -33.67	    -22.4731	     215.745	 9	[(0, 265)]
266	  0	245	      -33.67	    -22.4731	     215.745	 9	[(0, 266)]
267	  0	245	      -33.67	    -22.4731	     215.745	 9	[(0, 267)]
268	  0	248	      -33.67	    -22.4226	     214.939	 9	[(0, 268)]
269	  0	250	      -33.67	    -19.5422	      216.23	10	[(0, 269)]
270	  0	251	      -33.67	     -21.284	     217.263	10	[(0, 270)]
271	  0	252	      -33.67	    -22.8922	     218.272	10	[(0, 271)]
272	  0	253	      -33.67	    -22.3571	     218.726	10	[(0, 272)]
273	  0	254	      -33.67	    -21.9016	     218.714	10	[(0, 273)]
274	  0	254	      -33.67	    -21.9016	     218.714	10	[(0, 274)]
275	  0	255	      -33.67	      -22.42	     219.118	10	[(0, 275)]
276	  0	255	      -33.67	      -22.42	     219.118	10	[(0, 276)]
277	  0	255	      -33.67	      -22.42	     219.118	10	[(0, 277)]
278	  0	256	      -33.67	    -16.2607	     219.456	11	[(0, 278)]
279	  0	257	      -33.67	    -16.0673	     219.457	11	[(0, 279)]
280	  0	258	      -33.67	    -15.9457	     219.408	11	[(0, 280)]
281	  0	259	      -33.67	    -16.0242	     219.425	11	[(0, 281)]
282	  0	259	      -33.67	    -16.0242	     219.425	11	[(0, 282)]
283	  0	260	      -33.67	    -16.1407	     219.591	11	[(0, 283)]
284	  0	261	      -33.67	    -16.1441	     219.571	11	[(0, 284)]
285	  0	261	      -33.67	    -16.1441	     219.571	11	[(0, 285)]
286	  0	262	      -33.67	    -16.2988	     219.815	11	[(0, 286)]
287	  0	263	      -33.67	    -15.5433	     222.364	11	[(0, 287)]
288	  0	263	      -33.67	    -15.5433	     222.364	11	[(0, 288)]
289	  0	265	      -33.67	    -15.4899	     222.477	11	[(0, 289)]
290	  0	265	      -33.67	    -15.4899	     222.477	11	[(0, 290)]
291	  0	265	      -33.67	    -15.4899	     222.477	11	[(0, 291)]
292	  0	265	      -33.67	    -15.4899	     222.477	11	[(0, 292)]
293	  0	267	      -33.67	    -11.3971	     222.604	12	[(0, 293)]
294	  0	270	      -33.67	    -12.5817	     222.384	12	[(0, 294)]
295	  0	272	      -33.67	    -15.1025	     222.514	11	[(0, 295)]
296	  4	272	      -33.67	      -13.72	     219.283	11	[(4, 296)]
297	  0	274	      -33.67	    -10.2855	     228.131	11	[(0, 297)]
298	  0	276	      -33.67	     -2.5394	     228.331	12	[(0, 298)]
299	  0	277	      -33.67	    -2.51402	     229.707	12	[(0, 299)]
300	  0	278	      -33.67	    -2.04369	     228.493	12	[(0, 300)]
301	  0	278	      -33.67	    -2.04369	     228.493	12	[(0, 301)]
302	  0	279	      -33.67	    -2.28674	     228.972	12	[(0, 302)]
303	  0	280	      -33.67	    -3.10556	     226.565	12	[(0, 303)]
304	  0	282	      -33.67	    -1.16599	     234.685	12	[(0, 304)]
305	  0	283	      -33.67	    -4.67967	     234.769	12	[(0, 305)]
306	  0	284	      -33.67	    -4.69916	     235.796	12	[(0, 306)]
307	  0	285	      -33.67	    -4.11258	     235.932	12	[(0, 307)]
308	  0	286	      -33.67	    -3.84669	     235.673	12	[(0, 308)]
309	  0	287	      -33.67	     -3.8087	     235.689	12	[(0, 309)]
310	  0	288	      -33.67	    -3.79637	     234.814	12	[(0, 310)]
311	  0	289	      -33.67	    -3.82535	     235.381	12	[(0, 311)]
312	  0	290	      -33.67	    -3.83124	     235.303	12	[(0, 312)]
313	  0	291	      -33.67	     -3.8548	     235.776	12	[(0, 313)]
314	  0	291	      -33.67	     -3.8548	     235.776	12	[(0, 314)]
315	  0	292	      -33.67	     -3.9758	     235.663	12	[(0, 315)]
316	  0	293	      -33.67	    -3.97417	     235.683	12	[(0, 316)]
317	  0	294	      -33.67	    -3.98543	     235.453	12	[(0, 317)]
318	  0	295	      -33.67	    -3.97067	     235.086	12	[(0, 318)]
319	  0	296	      -33.67	    0.729135	     244.686	12	[(0, 319)]
320	  0	297	      -33.67	    -3.99818	      235.37	12	[(0, 320)]
321	  0	298	      -33.67	    -4.00982	     235.224	12	[(0, 321)]
322	  0	299	      -33.67	    -4.03063	     235.461	12	[(0, 322)]
323	  0	300	      -33.67	    -4.23214	     235.625	12	[(0, 323)]
324	  0	300	      -33.67	    -4.23214	     235.625	12	[(0, 324)]
325	  0	301	      -33.67	    -4.36138	     235.772	12	[(0, 325)]
326	  0	302	      -33.67	    -4.35787	       235.8	12	[(0, 326)]
327	  0	303	      -33.67	    -4.35257	     235.757	12	[(0, 327)]
328	  0	303	      -33.67	    -4.35257	     235.757	12	[(0, 328)]
329	  0	304	      -33.67	     3.76642	     235.924	13	[(0, 329)]
330	  0	304	      -33.67	     3.76642	     235.924	13	[(0, 330)]
331	  0	306	      -33.67	    -4.50753	     236.032	12	[(0, 331)]
332	328	  4	      -33.67	      2.2426	    0.295932	 1	[(328, 332)]
333	328	  6	      -33.67	     3.75294	     5.05193	 0	[(328, 333)]
334	328	  7	      -33.67	     3.74082	       5.553	 0	[(328, 334)]
335	328	  8	      -33.67	     3.73689	     6.77006	 0	[(328, 335)]
336	328	  9	      -33.67	     3.57561	     7.79697	 0	[(328, 336)]
337	328	 10	      -33.67	       3.513	     8.78648	 0	[(328, 337)]
338	328	 11	      -33.67	     3.45378	     9.76236	 0	[(328, 338)]
339	328	 12	      -33.67	     3.33019	     10.7752	 0	[(328, 339)]
340	328	 13	      -33.67	     3.20722	      11.799	 0	[(328, 340)]
341	328	 14	      -33.67	     3.13845	     12.7669	 0	[(328, 341)]
342	328	 15	      -33.67	     3.00832	     13.7681	 0	[(328, 342)]
343	328	 16	      -33.67	     3.53638	     13.4655	 0	[(328, 343)]
344	328	 16	      -33.67	     3.53638	     13.4655	 0	[(328, 344)]
345	328	 16	      -33.67	     3.53638	     13.4655	 0	[(328, 345)]
346	328	 16	      -33.67	     3.53638	     13.4655	 0	[(328, 346)]
347	328	 16	      -33.67	     3.53638	     13.4655	 0	[(328, 347)]
348	328	 16	      -33.67	     3.53638	     13.4655	 0	[(328, 348)]
349	328	 16	      -33.67	     3.53638	     13.4655	 0	[(328, 349)]
350	328	 16	      -33.67	     3.53638	     13.4655	 0	[(328, 350)]
351	328	 19	      -33.67	     3.28218	     13.7174	 0	[(328, 351)]
352	328	 19	      -33.67	     3.28218	     13.7174	 0	[(328, 352)]
353	328	 20	      -33.67	     3.07507	     13.9856	 0	[(328, 353)]
354	328	 20	      -33.67	     3.07507	     13.9856	 0	[(328, 354)]
355	328	 21	      -33.67	     2.92951	     14.1216	 0	[(328, 355)]
356	328	 21	      -33.67	     2.92951	     14.1216	 0	[(328, 356)]
357	328	 21	      -33.67	     2.92951	     14.1216	 0	[(328, 357)]
358	328	 21	      -33.67	     2.92951	     14.1216	 0	[(328, 358)]
359	328	 21	      -33.67	     2.92951	     14.1216	 0	[(328, 359)]
360	328	 21	      -33.67	     2.92951	     14.1216	 0	[(328, 360)]
361	328	 21	      -33.67	     2.92951	     14.1216	 0	[(328, 361)]
362	328	 21	      -33.67	     2.92951	     14.1216	 0	[(328, 362)]
363	328	 21	      -33.67	     2.92951	     14.1216	 0	[(328, 363)]
364	328	 21	      -33.67	     2.92951	     14.1216	 0	[(328, 364)]
365	328	 24	      -33.67	     2.67648	     14.3712	 0	[(328, 365)]
366	328	 25	      -33.67	     2.68004	     14.3774	 0	[(328, 366)]
367	328	 25	      -33.67	     2.68004	     14.3774	 0	[(328, 367)]
368	328	 25	      -33.67	     2.68004	     14.3774	 0	[(328, 368)]
369	  0	348	      -33.67	     2.24836	     283.046	15	[(0, 369)]
370	  0	349	      -33.67	    -3.06798	     284.225	15	[(0, 370)]
371	  0	350	      -33.67	     -8.7774	     285.481	15	[(0, 371)]
372	  0	351	      -33.67	    -13.7809	     286.826	15	[(0, 372)]
373	  0	352	      -33.67	    -18.5609	     287.902	15	[(0, 373)]
374	  0	353	      -33.67	    -24.0785	     289.236	15	[(0, 374)]
375	  0	354	      -33.67	    -23.2114	     304.487	15	[(0, 375)]
376	  4	354	      -33.67	     -23.698	     293.806	15	[(4, 376)]
377	  0	356	      -33.67	    -25.0094	     297.526	15	[(0, 377)]
378	  0	357	      -33.67	    -24.6448	     296.818	15	[(0, 378)]
379	  0	358	      -33.67	    -24.5315	     296.744	15	[(0, 379)]
380	  0	359	      -33.67	    -24.5565	      296.79	15	[(0, 380)]
381	  0	360	      -33.67	    -24.5832	      296.84	15	[(0, 381)]
382	  4	360	      -33.67	    -21.5756	     299.695	15	[(4, 382)]
383	  4	361	      -33.67	    -21.7471	     301.284	15	[(4, 383)]
384	  0	363	      -33.67	    -24.9167	     305.957	15	[(0, 384)]
385	  0	364	      -33.67	    -25.3896	     306.912	15	[(0, 385)]
386	  0	365	      -33.67	    -25.6157	     307.809	15	[(0, 386)]
387	  0	366	      -33.67	    -25.7266	       308.6	15	[(0, 387)]
388	  0	367	      -33.67	     -26.271	     309.831	15	[(0, 388)]
389	  0	368	      -33.67	    -27.8061	      311.16	15	[(0, 389)]
390	  0	369	      -33.67	     -28.121	     312.086	15	[(0, 390)]
391	  0	370	      -33.67	    -28.4935	     313.014	15	[(0, 391)]
392	  0	371	      -33.67	    -29.5958	     314.169	15	[(0, 392)]
393	  0	372	      -33.67	    -30.3107	     315.197	15	[(0, 393)]
394	  0	373	      -33.67	    -29.6298	     315.405	15	[(0, 394)]
395	  0	374	      -33.67	    -29.6946	      315.94	15	[(0, 395)]
396	  0	375	      -33.67	    -30.1967	     317.165	15	[(0, 396)]
397	  0	376	      -33.67	    -29.7171	      316.43	15	[(0, 397)]
398	  0	377	      -33.67	    -29.5985	      315.97	15	[(0, 398)]
399	  0	378	      -33.67	    -29.6008	     315.945	15	[(0, 399)]
400	  0	378	      -33.67	    -29.6008	     315.945	15	[(0, 400)]
401	  0	379	      -33.67	    -25.2248	     324.669	16	[(0, 401)]
402	  0	380	      -33.67	    -27.8324	     317.283	16	[(0, 402)]
403	  0	382	      -33.67	    -27.8291	     323.122	15	[(0, 403)]
404	  4	382	      -33.67	    -25.8348	     320.553	15	[(4, 404)]
405	  0	384	      -33.67	    -27.7184	     324.037	15	[(0, 405)]
406	  0	385	      -33.67	    -27.6233	     324.362	15	[(0, 406)]
407	  0	386	      -33.67	    -27.4266	     324.067	15	[(0, 407)]
408	  0	387	      -33.67	    -27.3613	     323.886	15	[(0, 408)]
409	  0	388	      -33.67	     -25.064	     331.885	15	[(0, 409)]
410	  0	388	      -33.67	     -25.064	     331.885	15	[(0, 410)]
411	  0	389	      -33.67	    -22.9729	     332.193	16	[(0, 411)]
412	  0	390	      -33.67	    -25.0607	     324.558	16	[(0, 412)]
413	  0	392	      -33.67	    -24.6414	      331.34	15	[(0, 413)]
414	  0	393	      -33.67	    -24.8174	     331.733	15	[(0, 414)]
415	  0	394	      -33.67	     -25.783	     333.629	15	[(0, 415)]
416	  0	395	      -33.67	     -28.295	     334.854	15	[(0, 416)]
417	  0	396	      -33.67	    -28.5734	     335.736	15	[(0, 417)]
418	  0	397	      -33.67	    -29.7815	     336.839	15	[(0, 418)]
419	  0	398	      -33.67	    -29.9456	     337.624	15	[(0, 419)]
420	  0	399	      -33.67	    -30.5595	     338.672	15	[(0, 420)]
421	  0	400	      -33.67	    -31.4351	     339.732	15	[(0, 421)]
422	  0	402	      -33.67	    -31.2969	     340.492	15	[(0, 422)]
423	  0	403	      -33.67	    -31.6607	     341.407	15	[(0, 423)]
424	  0	404	      -33.67	    -32.0325	     342.333	15	[(0, 424)]
425	  0	405	      -33.67	    -32.3287	     343.343	15	[(0, 425)]
426	  4	405	    -34.0429	    -34.0429	     342.309	15	[(4, 426)]
427	  4	406	    -34.5159	    -34.5159	     343.227	15	[(4, 427)]
428	  4	407	    -34.7609	    -34.7609	     344.102	15	[(4, 428)]
429	  4	408	    -35.1235	    -35.1235	     345.038	15	[(4, 429)]
430	  4	409	    -36.1038	    -36.1038	     346.293	15	[(4, 430)]
431	  4	410	    -36.1038	    -35.4721	     346.551	15	[(4, 431)]
432	  4	410	    -36.1038	    -35.4721	     346.551	15	[(4, 432)]
433	  4	410	    -36.1038	    -35.4721	     346.551	15	[(4, 433)]
434	  4	410	    -36.1038	    -35.4721	     346.551	15	[(4, 434)]
435	  4	410	    -36.1038	    -35.4721	     346.551	15	[(4, 435)]
436	  4	410	    -36.1038	    -35.4721	     346.551	15	[(4, 436)]
437	  4	410	    -36.1038	    -35.4721	     346.551	15	[(4, 437)]
438	  4	410	    -36.1038	    -35.4721	     346.551	15	[(4, 438)]
439	  4	410	    -36.1038	    -35.4721	     346.551	15	[(4, 439)]
440	  4	410	    -36.1038	    -35.4721	     346.551	15	[(4, 440)]
441	  4	410	    -36.1038	    -35.4721	     346.551	15	[(4, 441)]
442	  4	410	    -36.1038	    -35.4721	     346.551	15	[(4, 442)]
443	  4	410	    -36.1038	    -35.4721	     346.551	15	[(4, 443)]
444	  4	410	    -36.1038	    -35.4721	     346.551	15	[(4, 444)]
445	  4	410	    -36.1038	    -35.4721	     346.551	15	[(4, 445)]
446	  4	410	    -36.1038	    -35.4721	     346.551	15	[(4, 446)]
447	  4	410	    -36.1038	    -35.4721	     346.551	15	[(4, 447)]
448	  4	410	    -36.1038	    -35.4721	     346.551	15	[(4, 448)]
449	  4	410	    -36.1038	    -35.4721	     346.551	15	[(4, 449)]
450	  4	410	    -36.1038	    -35.4721	     346.551	15	[(4, 450)]
451	  4	410	    -36.1038	    -35.4721	     346.551	15	[(4, 451)]
452	  4	410	    -36.1038	    -35.4721	     346.551	15	[(4, 452)]
453	  4	410	    -36.1038	    -35.4721	     346.551	15	[(4, 453)]
454	  4	410	    -36.1038	    -35.4721	     346.551	15	[(4, 454)]
455	  4	410	    -36.1038	    -35.4721	     346.551	15	[(4, 455)]
456	  4	410	    -36.1038	    -35.4721	     346.551	15	[(4, 456)]
457	  4	410	    -36.1038	    -35.4721	     346.551	15	[(4, 457)]
458	  4	410	    -36.1038	    -35.4721	     346.551	15	[(4, 458)]
459	  4	410	    -36.1038	    -35.4721	     346.551	15	[(4, 459)]
460	  4	410	    -36.1038	    -35.4721	     346.551	15	[(4, 460)]
461	  4	410	    -36.1038	    -35.4721	     346.551	15	[(4, 461)]
462	  4	410	    -36.1038	    -35.4721	     346.551	15	[(4, 462)]
463	  4	410	    -36.1038	    -35.4721	     346.551	15	[(4, 463)]
464	  4	410	    -36.1038	    -35.4721	     346.551	15	[(4, 464)]
465	  4	410	    -36.1038	    -35.4721	     346.551	15	[(4, 465)]
466	  4	410	    -36.1038	    -35.4721	     346.551	15	[(4, 466)]
467	  4	410	    -36.1038	    -35.4721	     346.551	15	[(4, 467)]
468	  4	410	    -36.1038	    -35.4721	     346.551	15	[(4, 468)]
469	  4	410	    -36.1038	    -35.4721	     346.551	15	[(4, 469)]
470	  4	410	    -36.1038	    -35.4721	     346.551	15	[(4, 470)]
471	  4	410	    -36.1038	    -35.4721	     346.551	15	[(4, 471)]
472	  4	410	    -36.1038	    -35.4721	     346.551	15	[(4, 472)]
473	  4	410	    -36.1038	    -35.4721	     346.551	15	[(4, 473)]
