nresidues = 191
5 9 0.380284
5 13 0.152114
5 93 0.152114
6 9 2.56692
6 10 0.190142
6 175 0.912681
7 10 2.66199
7 11 0.380284
8 11 1.90142
8 12 0.855638
8 174 0.304227
8 175 0.456341
8 176 0.456341
8 177 0.608454
8 182 0.912681
8 190 0.152114
9 12 1.90142
9 13 0.475354
9 93 0.152114
9 173 0.152114
9 174 0.152114
9 175 0.760568
10 13 1.90142
10 14 0.475354
10 86 0.152114
11 14 1.90142
11 15 0.190142
12 15 1.80635
12 16 0.190142
12 170 0.152114
12 171 2.2817
12 174 0.456341
12 182 0.608454
12 188 0.304227
13 16 1.61621
13 17 0.095071
13 85 1.0648
13 89 0.304227
13 172 0.152114
14 17 1.99649
14 18 0.475354
14 86 0.152114
15 18 1.90142
15 19 0.285214
15 139 0.152114
15 171 0.912681
15 185 0.760568
15 186 0.152114
15 188 0.608454
16 19 1.61621
16 20 1.90142
16 21 0.285214
16 171 0.456341
16 172 0.304227
16 185 0.304227
17 20 1.61621
17 21 1.99649
17 22 0.380284
17 27 0.608454
17 28 0.304227
17 29 0.760568
17 80 0.304227
17 81 0.608454
17 82 0.912681
17 85 1.36902
18 22 0.095071
18 82 0.608454
19 137 0.608454
20 109 0.152114
20 134 0.608454
20 137 1.52114
20 185 0.456341
21 29 0.304227
21 33 0.304227
21 85 0.608454
21 105 0.152114
21 109 0.608454
22 25 1.97748
22 26 1.0648
22 27 0.456341
22 28 0.304227
22 33 1.21691
23 33 0.760568
23 36 0.912681
23 37 0.304227
23 40 0.760568
24 33 0.760568
24 36 0.304227
27 81 2.58593
27 82 0.152114
28 33 0.380284
28 79 0.760568
28 80 3.19439
28 81 0.152114
29 33 0.380284
29 34 0.095071
29 65 0.608454
29 79 3.04227
29 80 0.608454
29 85 0.304227
30 33 2.09156
30 34 0.190142
30 65 0.608454
30 79 0.912681
31 34 2.2817
31 35 0.95071
31 58 0.304227
31 61 0.608454
31 62 0.456341
31 65 0.456341
32 35 1.80635
32 36 0.190142
33 36 1.90142
33 37 0.190142
34 37 1.90142
34 38 0.380284
34 65 0.456341
35 38 1.90142
35 39 0.190142
35 58 0.912681
36 39 1.90142
36 40 0.285214
37 40 1.99649
37 41 0.285214
38 41 1.90142
38 42 0.285214
38 54 0.304227
38 58 0.304227
38 61 0.152114
39 42 1.90142
39 43 0.475354
40 43 1.90142
40 44 0.190142
41 44 1.90142
41 45 0.190142
41 47 0.285214
41 112 0.304227
42 45 1.80635
42 46 1.90142
42 47 0.570426
42 54 0.152114
44 132 0.152114
44 136 0.152114
45 116 0.760568
45 119 0.608454
47 53 0.285214
48 51 0.152114
48 54 0.095071
49 54 0.95071
49 55 0.095071
50 55 0.190142
51 54 1.90142
51 55 0.570426
52 55 1.80635
52 56 0.475354
53 56 1.99649
53 57 0.190142
54 57 1.90142
54 58 0.190142
55 58 1.80635
55 59 0.190142
56 59 1.90142
56 60 0.285214
57 60 1.99649
57 61 0.380284
57 112 0.304227
58 61 1.90142
58 62 1.14085
59 62 1.90142
59 63 0.190142
60 63 1.90142
60 64 0.475354
61 64 2.09156
61 65 0.190142
61 112 0.152114
62 65 1.90142
62 66 0.475354
63 66 1.90142
63 67 0.095071
64 67 1.90142
64 68 0.190142
64 105 0.304227
64 108 0.608454
64 109 0.608454
65 68 2.18663
65 69 1.14085
65 78 0.304227
65 80 0.304227
66 69 1.99649
66 70 0.665498
67 70 2.09156
67 71 0.380284
67 105 1.21691
68 71 1.99649
68 72 0.190142
68 105 0.456341
69 72 1.90142
69 73 0.285214
69 78 0.456341
71 88 0.152114
71 103 1.0648
71 105 0.608454
72 84 0.608454
73 76 1.67325
73 77 1.21691
73 78 0.608454
73 79 0.304227
73 84 0.760568
74 84 0.152114
74 87 0.760568
75 84 0.304227
79 84 0.475354
80 84 0.570426
81 84 2.37677
81 85 0.190142
82 85 1.99649
82 86 0.380284
83 86 1.80635
83 87 0.190142
84 87 1.90142
84 88 0.190142
85 88 2.09156
85 89 1.33099
86 89 1.90142
86 90 0.190142
87 90 1.80635
87 91 0.285214
88 91 1.99649
88 92 0.380284
88 105 0.304227
89 92 1.99649
89 93 0.285214
89 106 0.608454
89 172 1.21691
90 93 1.61621
90 94 0.095071
91 94 1.61621
91 95 0.190142
92 95 1.61621
92 96 0.285214
92 103 0.152114
93 96 2.09156
93 97 0.95071
93 172 0.152114
94 97 2.09156
94 98 0.285214
95 98 1.71128
95 99 1.80635
95 100 1.23592
96 99 0.095071
96 100 0.285214
96 102 0.304227
96 173 0.456341
102 106 0.380284
102 169 0.304227
103 106 1.90142
103 107 0.095071
104 107 1.90142
104 108 0.190142
105 108 1.90142
105 109 0.190142
106 109 1.90142
106 110 0.190142
106 168 0.456341
107 110 2.09156
107 111 0.475354
108 111 1.99649
108 112 0.190142
109 112 1.99649
109 113 0.475354
109 168 0.456341
110 113 1.99649
110 114 0.190142
110 164 0.760568
110 165 0.608454
110 168 2.2817
111 114 1.90142
111 115 0.475354
111 161 0.608454
112 115 1.90142
112 116 0.570426
113 116 1.90142
113 117 0.380284
113 164 0.152114
114 117 1.90142
114 118 0.285214
114 123 0.456341
114 125 0.608454
114 159 0.304227
114 160 0.912681
114 161 0.760568
114 164 1.0648
115 118 0.285214
116 119 0.095071
117 125 0.608454
117 129 0.456341
117 130 0.152114
117 133 0.608454
117 134 0.608454
118 121 1.36902
118 122 1.0648
118 123 0.760568
118 124 0.304227
118 129 0.608454
119 129 0.456341
120 129 0.608454
123 159 0.152114
123 160 3.65073
123 161 0.152114
124 129 0.285214
124 158 0.456341
124 159 3.04227
125 129 0.475354
125 130 0.095071
125 148 0.304227
125 159 0.456341
125 164 0.304227
126 129 2.94721
126 130 0.190142
126 148 1.0648
127 130 1.90142
127 131 0.190142
127 145 0.760568
127 148 1.82536
127 149 0.608454
128 131 1.71128
128 132 0.665498
129 132 1.90142
129 133 0.190142
130 133 1.90142
130 134 0.855638
130 144 0.456341
130 147 0.152114
130 148 0.304227
130 151 0.456341
130 183 0.152114
130 184 0.608454
130 185 0.152114
131 134 1.80635
131 135 0.380284
131 144 0.456341
132 135 1.61621
132 136 0.095071
133 136 2.09156
133 137 0.190142
134 137 1.90142
134 138 1.61621
134 139 0.475354
134 144 0.304227
134 164 0.304227
134 185 0.456341
135 138 0.095071
135 139 0.285214
135 141 0.456341
135 144 0.152114
139 143 0.095071
139 144 0.285214
139 185 0.304227
139 186 0.152114
140 143 2.09156
140 144 0.285214
141 144 1.99649
141 145 0.95071
142 145 1.61621
142 146 0.190142
143 146 1.61621
143 147 0.190142
143 186 3.19439
143 187 0.760568
143 189 0.912681
144 147 1.90142
144 148 0.190142
145 148 1.80635
145 149 0.380284
146 149 1.90142
146 150 0.285214
146 187 0.456341
147 150 1.90142
147 151 0.475354
147 183 0.152114
147 186 0.456341
147 187 0.304227
148 151 1.90142
148 152 0.380284
149 152 1.99649
149 153 1.90142
149 154 0.095071
150 153 0.095071
150 180 0.456341
150 183 0.152114
151 167 0.304227
151 180 0.152114
151 183 0.304227
151 184 0.456341
152 155 3.04227
152 156 3.04227
152 157 1.0648
153 156 0.456341
153 180 0.304227
155 158 0.152114
157 163 0.190142
158 163 0.190142
159 163 0.095071
160 163 2.09156
160 164 0.190142
161 164 1.90142
161 165 0.190142
162 165 1.90142
162 166 0.380284
163 166 1.99649
163 167 0.475354
164 167 1.90142
164 168 0.570426
165 168 1.99649
165 169 0.095071
166 169 1.90142
166 170 0.190142
167 170 1.90142
167 171 0.190142
167 180 0.304227
167 181 0.456341
167 184 0.456341
168 171 1.80635
168 172 0.570426
168 184 0.456341
168 185 0.608454
169 172 1.90142
169 173 0.285214
170 173 1.71128
170 174 0.285214
170 179 0.456341
170 180 0.152114
170 181 2.73804
171 181 0.760568
171 182 0.456341
171 185 1.0648
174 179 0.152114
176 179 0.304227
176 182 0.608454
177 182 0.456341
177 190 0.608454
178 182 0.152114
179 182 1.0648
179 183 0.152114
180 183 0.608454
181 184 0.304227
182 188 0.304227
183 186 0.760568
183 187 0.760568
183 188 0.760568
