nresidues = 170
47 76 0.25
47 78 0.125
48 74 0.0625
48 75 1.25
48 76 0.0625
48 79 0.125
48 164 0.0625
48 165 0.125
48 166 0.0625
49 73 0.0625
49 74 1.25
49 75 0.25
50 72 0.0625
50 73 1.3125
51 71 0.0625
51 72 1.3125
51 73 0.25
52 71 1.3125
52 162 0.0625
53 70 1.3125
53 71 0.25
53 73 0.0625
54 69 1.25
55 58 0.125
55 68 0.3125
55 69 0.5
55 70 0.0625
58 68 0.0625
59 63 0.1875
60 152 0.0625
60 153 1.3125
60 154 0.0625
60 155 0.125
61 151 0.0625
61 152 1.75
61 153 0.1875
62 150 0.0625
62 151 1.1875
63 146 0.125
63 150 1.1875
63 151 0.125
63 153 0.0625
64 67 0.125
65 146 1.0625
66 145 0.1875
66 146 0.125
67 145 1.3125
68 143 0.125
68 144 1.25
68 145 0.0625
69 112 0.0625
69 144 1.375
69 146 0.0625
69 160 0.0625
70 143 1.1875
70 144 0.1875
71 141 0.125
71 142 1.3125
71 143 0.25
72 141 1.3125
72 142 0.25
72 162 0.0625
73 140 1.125
73 141 0.0625
74 82 0.375
74 138 1.1875
74 139 1.1875
74 140 0.0625
75 138 0.0625
75 139 0.625
76 79 0.3125
76 139 0.3125
79 138 0.1875
79 166 0.0625
79 168 0.0625
80 137 1.25
80 138 0.4375
80 167 1.0625
81 123 0.5625
81 135 0.125
81 136 1.3125
81 137 0.0625
81 166 1.25
81 167 0.5
81 169 0.25
82 134 0.0625
82 135 1.25
82 136 0.3125
82 137 0.1875
82 138 0.0625
82 142 0.0625
82 164 0.0625
82 165 1.3125
83 133 0.125
83 134 1.1875
83 164 1.25
83 165 0.125
84 133 0.1875
84 136 0.125
84 163 1.3125
84 164 0.0625
85 94 0.125
85 95 0.6875
85 96 1.3125
85 99 0.0625
85 131 0.125
85 132 0.25
85 133 0.375
85 162 1.25
85 163 0.125
86 91 0.0625
86 96 0.0625
86 99 0.375
86 161 1.25
87 91 0.0625
87 161 0.3125
87 162 0.0625
87 163 0.3125
88 99 0.25
88 100 0.125
90 99 1.25
90 100 0.25
91 96 0.0625
91 98 1.1875
91 99 0.0625
92 98 1.375
93 96 0.375
93 97 0.5
93 98 0.1875
94 132 0.1875
95 132 0.0625
95 134 0.1875
96 99 0.125
97 113 1.1875
97 114 0.0625
97 119 0.125
97 134 0.0625
98 112 1.25
99 111 1.1875
99 112 0.75
99 113 0.0625
99 160 0.0625
99 162 0.125
100 109 0.5625
100 110 1.3125
100 111 0.0625
101 108 0.0625
101 109 1.3125
101 110 0.25
101 159 0.125
102 108 1.25
102 158 0.1875
102 159 0.0625
103 106 1.125
103 107 0.0625
103 108 0.0625
103 156 0.5625
103 157 1.1875
103 158 0.125
104 156 0.3125
104 157 0.3125
105 156 0.5
106 154 0.0625
106 156 0.3125
108 154 0.1875
108 158 0.0625
110 146 0.0625
110 151 0.375
110 158 0.25
111 146 1.3125
111 147 0.25
111 151 0.375
112 145 1.25
112 147 0.25
113 143 0.0625
113 144 1.25
113 145 0.1875
113 147 0.0625
114 119 0.15625
114 136 0.125
114 143 1.1875
114 144 0.0625
114 145 0.0625
115 118 0.898438
115 119 0.15625
115 143 0.1875
115 145 0.1875
116 119 0.78125
116 120 0.429688
117 120 0.9375
117 121 0.117188
118 121 0.78125
118 136 0.125
118 142 0.1875
118 143 0.1875
119 122 0.078125
119 134 0.125
121 136 0.125
121 140 0.5
121 141 0.1875
122 134 0.25
122 135 1.4375
122 136 0.25
123 135 1.3125
123 136 0.25
123 137 0.375
124 134 1.1875
124 135 0.5
125 133 1.25
125 134 0.0625
126 131 0.0625
126 132 1.1875
126 133 0.3125
126 135 0.0625
126 167 0.5
127 130 0.125
127 131 1.3125
127 132 0.1875
128 131 0.3125
128 133 0.25
128 165 0.125
133 163 0.0625
133 165 0.125
135 167 0.0625
136 142 0.25
137 140 0.0625
146 151 0.25
146 153 0.0625
147 151 0.1875
153 158 0.25
154 158 0.375
