nresidues = 226
30 33 0.950296
30 93 0.316765
31 64 0.950296
31 68 0.950296
31 93 0.316765
31 97 0.633531
32 35 1.8808
32 36 0.197978
32 64 0.158383
32 97 0.475148
32 100 0.475148
32 101 0.633531
33 36 1.97978
33 37 0.0989892
34 37 2.27675
34 57 0.158383
34 60 0.791913
34 61 0.158383
35 38 1.97978
35 39 0.0989892
35 61 0.158383
35 101 0.158383
35 104 0.316765
36 39 1.97978
36 40 0.395957
36 100 0.158383
37 40 1.7818
37 41 0.197978
38 41 1.8808
38 42 0.0989892
38 54 0.475148
38 108 0.950296
39 42 1.97978
39 43 0.197978
39 104 0.158383
40 43 1.97978
40 44 0.593935
41 44 1.7818
41 54 0.316765
42 45 0.296969
42 51 0.316765
42 108 0.950296
42 111 0.316765
42 112 0.316765
42 115 0.791913
45 49 0.158383
45 115 0.791913
46 49 1.58383
48 115 1.26706
49 115 0.633531
50 112 0.633531
50 116 0.158383
50 134 0.475148
50 135 0.158383
51 112 0.633531
51 134 1.42544
52 112 0.633531
52 134 3.6428
53 108 0.475148
53 109 0.316765
53 112 1.10868
53 134 0.316765
53 136 0.633531
53 139 0.475148
54 57 1.97978
54 58 0.197978
54 108 0.316765
55 58 1.97978
55 59 0.197978
56 59 1.97978
56 60 0.494945
57 60 1.97978
57 61 0.296969
58 61 1.97978
58 62 0.593935
59 62 1.97978
59 63 0.890901
60 63 2.07877
60 64 0.197978
61 64 1.97978
61 65 0.296969
61 101 0.316765
61 105 0.158383
62 65 1.97978
62 66 0.197978
63 66 1.97978
63 67 0.197978
64 67 1.97978
64 68 0.494945
64 101 0.633531
65 68 1.97978
65 69 0.197978
65 98 0.791913
65 101 0.316765
65 102 0.158383
66 69 1.97978
66 70 0.791913
67 70 2.07877
67 71 0.296969
68 71 1.97978
68 72 0.197978
68 94 0.158383
68 97 0.158383
68 98 0.475148
68 101 0.158383
69 72 1.97978
69 73 1.18787
70 73 1.97978
70 74 0.0989892
71 74 1.97978
71 75 0.494945
71 94 0.633531
72 75 2.07877
72 76 0.395957
72 91 1.26706
72 94 1.42544
73 76 1.8808
73 77 0.197978
74 77 2.17776
74 78 0.296969
75 78 1.97978
75 79 0.197978
75 87 0.158383
75 91 0.158383
75 94 0.791913
76 79 1.8808
76 80 0.197978
76 91 0.475148
77 80 2.07877
77 81 0.395957
78 81 1.7818
78 82 1.8808
78 83 1.68281
78 84 0.494945
78 87 0.158383
79 83 0.0989892
79 84 0.494945
84 87 0.593935
85 88 0.197978
86 89 0.296969
87 90 2.07877
87 91 0.494945
88 91 2.27675
88 92 0.296969
89 92 1.8808
89 93 0.197978
90 93 2.17776
90 94 0.593935
91 94 1.97978
91 95 0.197978
92 95 2.27675
92 96 0.296969
93 96 1.8808
93 97 0.197978
94 97 1.97978
94 98 0.395957
95 98 1.97978
95 99 0.296969
96 99 1.97978
96 100 0.197978
97 100 1.97978
97 101 0.395957
98 101 1.97978
98 102 0.197978
99 102 2.07877
99 103 0.197978
100 103 2.07877
100 104 0.395957
101 104 1.97978
101 105 0.395957
102 105 1.97978
102 106 0.296969
103 106 1.8808
103 107 0.197978
104 107 1.97978
104 108 0.197978
105 108 1.97978
105 109 0.494945
106 109 2.07877
106 110 0.197978
107 110 1.97978
107 111 0.197978
108 111 1.97978
108 112 0.791913
109 112 1.97978
109 113 0.197978
110 113 1.97978
110 114 0.791913
111 114 2.07877
111 115 0.593935
112 115 1.97978
112 116 0.494945
112 134 0.316765
112 139 1.74221
113 116 2.07877
113 117 0.197978
113 142 1.10868
114 117 1.8808
114 118 0.0989892
115 118 1.97978
115 119 0.0989892
116 119 2.27675
116 135 0.158383
116 139 0.791913
116 143 0.633531
117 120 1.8808
117 121 1.28686
117 142 0.158383
117 146 1.26706
118 121 1.97978
118 122 0.197978
119 122 1.97978
119 123 2.27675
119 127 0.158383
119 143 0.158383
120 123 1.7818
120 124 0.890901
120 125 0.296969
120 143 0.316765
121 146 0.791913
121 150 0.316765
121 165 0.158383
121 166 0.633531
123 126 0.158383
123 131 0.950296
125 143 0.158383
125 147 0.316765
127 132 0.316765
127 135 0.158383
127 143 1.10868
128 131 3.48442
128 132 0.316765
129 132 4.11795
129 133 0.316765
130 133 0.158383
131 135 0.158383
132 135 0.475148
132 140 0.633531
135 139 0.989892
135 140 0.296969
135 143 0.158383
136 139 2.27675
137 140 1.97978
137 141 0.296969
138 141 1.97978
138 142 0.197978
139 142 2.07877
139 143 0.197978
140 143 2.07877
140 144 0.593935
141 144 1.97978
141 145 0.395957
142 145 1.97978
142 146 0.296969
143 146 2.07877
143 147 0.197978
144 147 2.37574
144 148 0.890901
145 148 2.7717
145 149 0.296969
146 149 1.97978
146 150 0.197978
147 150 1.97978
147 151 0.197978
148 151 1.97978
148 152 0.395957
149 152 1.97978
149 153 0.197978
150 153 1.97978
150 154 0.395957
151 154 1.97978
151 155 0.593935
152 155 1.97978
152 156 0.197978
153 156 2.17776
153 157 0.395957
154 157 0.296969
154 161 0.158383
154 162 3.00927
154 163 0.791913
154 164 0.633531
154 165 0.158383
154 166 0.158383
155 161 2.69251
155 162 0.158383
157 162 0.475148
157 163 0.316765
157 165 0.158383
158 162 0.158383
164 167 1.42544
166 169 0.316765
