nresidues = 603
8 177 2.91122
8 178 0.582243
8 179 0.145561
9 175 0.436682
9 176 3.3479
9 177 0.291122
9 178 0.145561
10 14 0.272928
10 174 0.145561
10 175 3.49346
10 176 1.16449
10 178 0.145561
11 14 1.81951
11 172 2.62009
11 173 0.291122
11 174 2.76566
11 175 0.436682
12 15 1.81951
12 16 0.272928
12 142 0.291122
12 171 0.145561
12 172 3.05678
12 174 0.291122
13 16 1.81951
13 17 0.181951
13 42 0.436682
13 172 0.436682
14 17 1.81951
14 18 0.272928
15 18 1.81951
15 19 0.272928
15 146 0.145561
15 181 0.582243
16 19 1.81951
16 20 0.0909755
16 145 0.291122
16 149 0.145561
17 20 1.81951
17 21 0.454876
17 42 0.145561
17 43 0.291122
17 46 0.291122
17 50 0.145561
18 21 2.27439
18 22 0.181951
18 46 0.873365
18 181 0.291122
19 22 1.81951
19 23 0.363902
19 146 0.145561
19 149 0.145561
19 181 0.291122
20 23 1.81951
20 24 1.54658
20 25 0.272928
20 50 0.145561
20 104 0.145561
20 153 0.145561
21 24 0.0909755
21 46 0.873365
21 49 0.291122
21 50 0.145561
22 183 0.145561
22 185 0.436682
23 74 0.291122
23 150 0.727804
23 153 0.727804
23 157 0.436682
23 184 0.873365
23 185 1.60117
23 188 0.436682
24 74 0.727804
25 50 0.436682
25 77 0.291122
26 50 3.05678
26 51 0.873365
27 51 2.91122
27 68 0.873365
27 433 0.436682
27 434 0.436682
28 43 0.145561
28 51 0.291122
28 52 3.05678
28 53 0.582243
28 77 3.3479
29 52 0.145561
29 53 3.20234
29 61 0.727804
29 64 1.45561
29 65 0.145561
29 68 0.727804
29 77 0.145561
29 78 2.91122
29 79 0.873365
29 430 0.291122
29 433 0.291122
30 52 0.873365
30 53 0.145561
30 54 2.76566
30 55 0.145561
30 79 1.16449
31 52 0.145561
31 55 0.291122
31 56 0.436682
31 57 0.436682
31 58 0.873365
31 79 0.436682
32 36 0.145561
32 40 0.145561
32 52 0.145561
33 36 2.91122
33 37 1.16449
34 37 0.291122
34 169 0.145561
35 81 0.727804
35 82 0.436682
35 108 3.05678
35 109 0.291122
35 110 0.291122
35 169 0.582243
36 39 1.91048
36 40 0.272928
36 79 0.291122
36 107 0.145561
37 40 2.36535
37 41 0.181951
37 173 0.436682
38 41 1.81951
38 42 0.0909755
38 169 0.727804
38 172 0.582243
38 173 1.60117
39 42 1.81951
39 43 0.363902
39 172 0.145561
40 43 1.81951
40 44 0.181951
40 52 0.291122
40 79 0.291122
41 44 1.81951
41 173 0.436682
42 45 1.81951
42 46 0.181951
43 46 1.81951
43 47 0.0909755
44 47 0.909755
46 49 3.05678
46 50 0.436682
47 50 0.436682
47 51 0.291122
48 51 0.145561
52 79 0.582243
52 462 0.145561
53 462 0.873365
54 461 0.436682
54 462 0.582243
55 60 0.145561
55 455 1.01893
55 458 0.291122
56 454 0.291122
56 455 1.01893
56 457 0.145561
56 458 0.145561
56 461 0.582243
57 60 1.72854
57 88 2.03785
57 454 0.145561
57 455 0.145561
58 61 1.72854
58 62 0.0909755
58 85 0.727804
58 88 3.63902
58 89 0.291122
59 62 1.91048
59 63 0.454876
59 88 0.291122
59 91 0.145561
60 63 1.91048
60 64 0.181951
60 426 0.291122
60 452 0.291122
60 454 0.145561
60 455 1.31005
61 64 1.81951
61 65 0.181951
61 78 0.291122
62 65 1.81951
62 66 0.181951
62 78 0.145561
62 89 0.727804
62 92 0.436682
63 66 1.81951
63 67 0.181951
63 91 0.145561
63 92 0.145561
63 420 0.291122
63 421 0.145561
63 422 0.145561
63 423 0.145561
63 426 0.582243
64 67 1.91048
64 68 0.454876
64 426 0.291122
64 430 0.145561
65 68 1.81951
65 76 0.436682
65 77 0.291122
65 103 0.436682
66 69 1.81951
66 70 0.363902
66 95 0.145561
66 101 0.145561
66 103 0.145561
67 70 1.81951
67 71 0.363902
67 413 0.145561
67 427 0.145561
67 430 0.291122
68 71 1.81951
68 72 0.454876
68 74 1.54658
68 430 0.436682
68 434 0.727804
69 72 1.63756
69 73 0.0909755
69 74 0.181951
69 101 0.145561
69 102 0.291122
70 95 0.582243
70 99 0.291122
70 101 0.145561
70 411 0.291122
70 414 0.436682
70 415 0.145561
71 411 0.873365
71 413 0.145561
71 430 0.145561
71 431 0.291122
71 435 0.291122
72 434 0.582243
72 435 0.145561
73 157 0.145561
74 157 1.16449
75 102 3.20234
75 103 0.436682
75 153 0.436682
75 156 0.145561
75 157 1.01893
76 103 3.05678
76 104 0.291122
77 104 2.91122
78 104 0.145561
78 105 2.91122
79 89 0.145561
79 106 3.05678
80 85 0.727804
80 106 0.145561
80 107 2.76566
80 108 0.145561
81 84 2.62009
81 85 2.91122
81 86 0.145561
81 108 2.76566
82 108 0.582243
82 110 0.145561
82 121 0.436682
82 125 0.727804
83 86 1.72854
83 87 0.272928
83 123 0.145561
83 125 0.145561
84 87 1.81951
84 88 0.363902
84 121 0.582243
85 88 1.72854
85 89 0.0909755
86 89 0.454876
86 129 0.727804
87 90 0.272928
87 128 0.145561
89 92 1.72854
89 93 0.363902
89 107 0.145561
90 93 1.81951
90 94 0.454876
90 128 0.436682
90 129 0.291122
91 94 1.54658
91 95 0.181951
91 418 0.291122
91 420 0.727804
92 95 1.81951
92 96 0.181951
93 96 1.81951
93 97 0.181951
93 105 0.145561
93 132 0.582243
93 162 0.145561
94 97 2.27439
94 98 0.272928
94 131 0.873365
94 132 1.16449
94 418 1.01893
95 98 1.72854
95 99 0.363902
95 415 0.727804
96 99 1.72854
96 100 1.72854
96 101 0.363902
96 103 0.145561
96 162 0.291122
97 100 0.0909755
97 131 0.873365
97 132 0.582243
98 417 0.436682
98 418 0.291122
99 414 0.145561
99 415 0.727804
99 416 1.31005
99 417 0.145561
100 160 3.49346
101 160 2.47453
101 161 0.436682
102 156 0.582243
102 157 0.145561
102 160 0.582243
102 161 2.76566
103 161 0.145561
103 162 2.76566
103 163 0.291122
104 152 0.145561
104 153 0.145561
104 163 2.91122
105 163 0.291122
105 164 2.91122
105 165 0.145561
106 149 0.145561
106 165 2.76566
107 125 0.291122
107 129 0.727804
107 164 0.145561
107 165 0.291122
107 166 2.76566
107 167 0.145561
108 125 0.582243
108 167 2.76566
109 115 0.291122
109 123 0.291122
109 125 1.16449
109 167 0.727804
109 168 3.05678
109 169 0.436682
110 115 0.291122
110 120 0.436682
110 121 1.01893
110 122 0.145561
110 168 2.76566
110 169 0.145561
111 114 2.76566
111 115 0.436682
111 170 0.873365
112 115 0.145561
112 168 0.145561
112 170 0.873365
114 117 0.727804
114 119 0.145561
114 122 0.436682
115 122 0.873365
115 168 0.291122
116 122 0.291122
117 122 0.291122
118 122 0.582243
119 122 0.873365
124 127 1.01893
125 128 0.727804
125 129 0.291122
126 129 2.47453
126 136 1.74673
126 137 0.436682
126 138 0.145561
126 166 0.727804
127 130 0.145561
129 132 2.62009
129 133 0.291122
129 136 0.727804
129 164 0.291122
129 166 0.145561
130 133 0.145561
130 136 0.291122
133 136 0.145561
133 162 3.05678
133 164 0.145561
134 155 0.145561
134 159 1.45561
134 162 2.76566
135 151 0.436682
135 152 0.582243
135 155 1.16449
135 162 0.145561
135 163 2.91122
135 164 2.76566
136 164 2.76566
136 166 0.436682
137 148 0.145561
137 164 0.145561
137 165 2.91122
137 166 0.873365
138 166 3.63902
139 145 0.145561
139 166 0.291122
139 168 0.291122
139 171 0.436682
140 171 0.291122
141 144 2.18341
141 145 0.0909755
141 171 0.291122
142 145 0.181951
142 146 0.0909755
142 171 0.145561
142 174 0.291122
142 176 0.582243
143 146 0.0909755
143 176 0.145561
144 147 1.81951
144 148 0.272928
145 148 1.81951
145 149 0.272928
146 149 1.81951
146 150 0.181951
146 176 0.145561
146 181 0.291122
147 150 1.91048
147 151 0.363902
148 151 1.81951
148 152 0.181951
148 165 0.145561
149 152 1.81951
149 153 0.454876
149 165 0.145561
150 153 1.81951
150 154 0.63683
150 183 0.873365
150 184 0.873365
151 154 2.36535
151 155 0.909755
152 155 1.81951
152 156 0.181951
152 163 0.582243
152 165 0.145561
153 156 1.81951
153 157 0.545853
154 157 1.72854
154 158 0.181951
154 184 0.727804
155 158 1.81951
155 159 0.363902
156 159 1.72854
156 160 1.72854
156 161 0.363902
157 160 0.454876
157 188 0.727804
167 172 0.181951
168 171 0.363902
168 172 0.0909755
169 172 0.181951
169 173 0.0909755
170 173 1.81951
170 174 0.181951
171 174 0.363902
177 180 0.436682
178 181 0.291122
183 186 0.145561
184 187 2.91122
185 188 0.291122
193 306 0.145561
193 324 0.145561
193 327 0.291122
194 306 0.436682
194 322 0.145561
194 323 2.91122
194 324 0.145561
195 323 0.436682
195 327 0.727804
196 201 0.0909755
196 323 0.291122
196 328 0.436682
197 200 2.09244
197 201 0.272928
198 201 1.81951
198 202 0.272928
199 202 1.81951
199 203 0.818778
200 203 2.27439
200 204 0.181951
200 319 0.145561
201 204 1.81951
201 205 0.363902
201 332 0.145561
201 335 0.145561
202 205 1.81951
202 206 0.272928
202 335 0.873365
203 206 1.81951
203 207 0.272928
203 319 0.436682
204 207 1.81951
204 208 0.181951
204 280 0.145561
204 302 0.145561
204 319 0.145561
204 321 0.145561
204 332 0.145561
205 208 1.81951
205 209 0.454876
205 332 0.436682
205 335 0.145561
205 336 0.145561
206 209 1.81951
206 210 0.181951
207 210 1.81951
207 300 0.291122
207 319 0.145561
208 211 0.181951
208 238 0.291122
209 236 0.145561
209 339 1.01893
211 214 0.436682
211 277 0.873365
211 278 0.291122
212 277 1.01893
212 344 0.291122
213 275 0.436682
213 276 3.20234
213 277 3.20234
213 278 0.145561
213 344 3.3479
213 590 0.291122
213 591 0.582243
214 238 0.436682
214 239 0.145561
214 278 2.76566
214 344 0.873365
215 238 0.291122
215 239 2.91122
215 241 0.145561
215 258 0.145561
215 272 0.436682
215 273 0.145561
215 276 0.291122
215 278 0.145561
215 279 2.76566
215 280 0.145561
215 344 0.145561
216 229 0.145561
216 238 0.145561
216 239 0.145561
216 240 2.91122
216 241 0.582243
216 280 2.91122
217 241 4.36682
217 242 0.582243
217 261 0.145561
217 279 0.145561
217 280 0.582243
217 281 2.91122
217 282 0.145561
217 284 0.873365
217 286 0.873365
217 295 0.291122
218 222 0.145561
218 229 0.727804
218 241 0.582243
218 242 3.3479
218 243 0.291122
218 246 0.291122
218 250 0.291122
218 257 0.291122
218 282 2.91122
218 283 2.62009
218 284 0.873365
219 222 0.291122
219 243 0.291122
219 246 0.582243
219 249 0.145561
219 283 2.91122
220 223 1.45561
220 245 0.582243
220 246 0.145561
220 283 2.62009
221 283 0.436682
221 325 0.145561
222 225 2.91122
222 229 0.145561
222 249 0.291122
222 325 0.145561
223 249 0.582243
224 326 1.01893
225 228 2.18341
225 229 0.363902
225 249 0.145561
225 326 0.291122
225 329 0.145561
226 229 1.81951
226 230 0.181951
226 249 0.291122
226 250 0.145561
227 230 1.72854
227 231 0.181951
228 231 1.91048
228 232 0.363902
228 326 1.01893
228 329 0.145561
229 232 1.81951
229 233 0.181951
229 240 0.291122
229 250 0.145561
229 329 0.291122
230 233 1.81951
230 234 0.63683
230 250 0.145561
230 254 0.582243
231 234 1.81951
231 235 0.363902
231 333 1.01893
232 235 1.63756
232 236 0.272928
232 329 0.291122
232 332 0.291122
232 333 0.436682
233 236 1.63756
233 237 1.72854
233 238 0.545853
233 240 0.582243
233 254 1.16449
233 256 0.145561
233 345 0.436682
234 237 0.272928
234 254 0.727804
235 337 0.436682
235 338 3.20234
235 339 0.436682
236 336 0.291122
236 337 0.145561
236 339 1.01893
237 338 0.582243
237 339 0.727804
237 340 0.291122
237 345 2.47453
238 339 0.145561
238 345 0.291122
239 256 2.91122
239 258 0.145561
239 344 0.291122
239 348 0.436682
240 250 0.145561
240 254 0.145561
240 256 0.436682
240 257 2.76566
240 258 0.582243
241 259 2.91122
241 261 0.145561
242 246 0.436682
242 257 0.727804
242 259 2.62009
242 260 0.291122
243 246 3.20234
243 260 0.291122
243 284 0.436682
244 247 0.291122
244 260 0.145561
244 264 0.727804
244 397 1.31005
244 401 0.436682
244 412 0.145561
244 414 0.291122
245 412 0.582243
245 416 0.582243
246 249 0.873365
247 250 2.47453
247 252 1.16449
247 257 0.145561
247 400 0.145561
247 401 1.16449
247 404 0.291122
247 406 0.436682
247 412 0.727804
248 406 0.145561
248 407 2.91122
248 408 0.436682
249 408 0.145561
250 254 0.145561
251 254 0.291122
251 406 2.76566
252 257 0.291122
252 356 0.436682
252 404 0.291122
252 405 0.727804
252 406 1.16449
253 356 0.291122
253 407 0.145561
254 257 0.291122
254 345 0.145561
254 356 0.727804
255 349 0.291122
255 352 0.436682
255 356 0.145561
256 345 0.291122
256 349 0.145561
257 356 0.291122
258 266 0.145561
258 268 2.91122
258 269 0.291122
258 272 0.145561
258 348 0.145561
258 352 0.145561
259 266 0.291122
259 269 0.436682
260 264 0.582243
260 265 3.49346
260 266 0.291122
260 269 0.291122
260 401 0.436682
261 264 0.145561
261 265 0.582243
261 270 0.873365
261 286 0.582243
262 265 0.436682
262 270 0.582243
262 286 0.291122
262 288 0.873365
262 551 2.47453
262 552 0.436682
263 398 0.291122
263 478 4.22126
263 481 0.145561
263 482 0.436682
263 552 0.727804
264 397 0.582243
264 398 0.145561
264 401 0.727804
264 478 0.291122
265 401 0.145561
265 402 0.436682
266 269 1.72854
266 355 1.45561
266 359 0.145561
266 401 0.145561
266 551 0.145561
267 270 1.81951
267 271 1.36463
267 351 0.436682
267 355 0.291122
267 554 0.145561
267 556 0.145561
267 579 0.436682
267 580 0.145561
268 271 1.72854
268 272 0.181951
268 351 0.291122
268 355 1.16449
269 272 1.63756
269 273 0.181951
270 273 1.63756
270 274 0.0909755
270 551 0.873365
270 552 0.145561
271 274 1.72854
271 275 0.0909755
271 351 0.582243
271 554 0.436682
271 580 0.727804
271 581 1.31005
272 275 1.81951
272 276 0.181951
272 344 0.145561
272 348 0.145561
272 581 0.145561
273 276 0.0909755
273 294 0.291122
273 295 0.145561
275 344 0.291122
275 585 0.145561
275 592 1.16449
276 297 0.145561
276 298 0.145561
277 298 2.91122
277 299 2.91122
277 300 0.145561
278 300 3.3479
278 302 0.145561
279 298 0.145561
279 300 0.145561
279 301 2.76566
279 302 0.436682
280 302 3.20234
280 304 0.145561
281 284 2.32897
281 295 0.291122
281 301 0.873365
281 302 0.582243
281 303 3.05678
281 304 0.145561
282 304 2.91122
282 325 0.145561
283 304 0.145561
283 305 0.291122
285 310 0.727804
285 313 0.291122
285 314 1.60117
286 289 0.291122
286 314 0.727804
287 314 0.727804
288 291 2.91122
288 292 0.582243
289 292 2.62009
289 293 2.76566
289 294 0.291122
289 295 0.145561
289 314 0.436682
290 293 0.291122
290 313 0.291122
290 314 1.01893
293 296 0.582243
295 298 1.01893
295 301 0.873365
295 315 0.436682
299 318 0.145561
300 318 1.16449
301 315 1.31005
301 316 0.436682
301 317 2.91122
301 318 3.05678
301 319 0.145561
302 317 0.145561
302 319 3.05678
303 310 0.582243
303 311 0.582243
303 312 0.145561
303 319 0.145561
303 320 2.76566
303 321 0.436682
304 321 2.76566
304 323 0.145561
304 328 0.582243
305 310 0.727804
305 311 0.145561
305 321 0.145561
305 322 3.05678
305 323 2.76566
306 322 0.436682
306 323 0.145561
307 310 3.78458
307 311 0.145561
307 322 0.291122
308 311 0.145561
308 322 0.291122
310 313 0.582243
311 322 0.291122
312 315 0.436682
317 320 0.436682
323 328 0.0909755
324 327 2.18341
324 328 0.363902
325 328 1.81951
325 329 0.363902
326 329 1.72854
326 330 0.181951
327 330 1.81951
327 331 0.181951
328 331 1.81951
328 332 0.363902
329 332 1.81951
329 333 0.181951
330 333 1.81951
330 334 0.181951
331 334 1.72854
331 335 0.272928
332 335 1.81951
332 336 0.181951
333 336 0.272928
341 345 0.181951
341 346 0.363902
342 345 2.00146
342 346 0.181951
343 346 1.81951
343 347 0.181951
343 588 0.436682
343 590 0.727804
344 347 1.81951
344 348 1.18268
344 590 0.145561
345 348 1.81951
345 349 0.545853
346 349 1.91048
346 350 0.181951
346 588 1.01893
347 350 1.81951
347 351 0.181951
347 581 0.145561
347 584 0.727804
347 585 0.291122
347 588 0.145561
348 351 1.81951
348 352 0.272928
349 352 1.81951
349 353 0.181951
350 353 1.81951
350 354 0.181951
350 584 0.582243
351 354 1.81951
351 355 0.181951
351 579 0.145561
351 581 0.727804
351 584 0.727804
352 355 1.81951
352 356 0.63683
353 356 1.72854
353 357 0.181951
354 357 1.81951
354 358 0.0909755
354 577 0.436682
354 578 1.01893
354 579 0.291122
354 584 0.727804
355 358 2.00146
355 359 0.454876
355 402 0.582243
356 359 1.81951
356 360 0.181951
357 360 1.81951
357 361 0.272928
358 361 2.09244
358 362 0.363902
358 549 0.436682
358 573 0.727804
358 574 0.436682
358 575 0.291122
358 578 0.291122
359 362 1.81951
359 363 0.454876
359 402 0.291122
359 403 0.145561
360 363 1.81951
360 364 0.63683
361 364 1.54658
361 365 0.0909755
362 365 0.0909755
362 373 0.873365
362 374 0.582243
362 574 0.145561
363 373 0.145561
363 374 0.145561
363 377 1.01893
363 403 1.16449
365 371 0.727804
365 374 0.145561
365 377 0.145561
365 518 0.436682
365 574 0.582243
366 518 3.05678
366 519 0.291122
367 518 0.582243
367 519 0.582243
368 517 2.91122
368 518 0.582243
368 519 0.145561
369 516 2.47453
369 518 0.291122
370 374 0.181951
370 375 0.272928
370 515 0.291122
370 516 0.582243
370 518 0.145561
370 521 0.436682
370 541 0.145561
370 542 0.582243
370 543 2.91122
370 544 0.145561
371 374 2.54731
371 375 0.0909755
371 543 0.291122
371 544 0.145561
371 546 0.582243
371 574 0.291122
372 375 1.81951
372 376 0.272928
372 399 0.145561
372 471 0.291122
373 376 1.81951
373 377 0.0909755
373 399 0.145561
373 403 0.291122
373 547 0.145561
373 548 0.145561
374 377 2.00146
374 378 0.181951
374 518 0.727804
374 521 0.582243
375 378 1.81951
375 379 0.272928
375 469 0.145561
375 471 0.436682
375 541 0.145561
376 379 1.81951
376 380 0.454876
376 399 0.582243
376 403 0.291122
377 380 1.81951
377 381 0.363902
377 518 0.145561
378 381 1.81951
378 382 0.0909755
378 525 0.873365
379 382 1.81951
379 383 0.181951
379 389 0.145561
379 441 0.145561
379 525 0.145561
380 383 0.181951
380 403 0.582243
380 404 0.436682
380 405 0.291122
382 439 0.436682
382 441 0.145561
382 525 0.582243
382 526 0.145561
382 529 0.727804
383 389 0.145561
383 439 0.582243
384 387 0.291122
384 439 0.873365
385 409 0.145561
385 410 0.582243
386 409 0.582243
386 410 0.291122
386 438 1.60117
387 410 3.3479
387 411 0.145561
387 439 3.05678
388 411 2.91122
388 431 0.145561
388 435 0.582243
388 438 0.145561
388 439 0.291122
388 440 2.76566
388 441 0.291122
389 404 0.436682
389 406 0.291122
389 410 0.145561
389 411 0.436682
389 412 2.91122
389 413 0.291122
389 441 3.3479
390 413 2.76566
390 423 0.145561
390 424 0.582243
390 426 0.145561
390 427 0.873365
390 428 0.291122
390 441 0.436682
390 442 2.91122
390 443 0.291122
391 396 0.181951
391 397 0.0909755
391 400 0.145561
391 413 0.436682
391 414 0.582243
391 423 0.145561
391 443 2.76566
392 396 0.181951
392 397 0.272928
392 414 0.291122
392 421 0.873365
392 422 1.01893
392 423 0.436682
392 424 0.145561
392 443 0.291122
392 444 0.291122
392 448 0.582243
393 397 0.363902
393 414 0.145561
393 419 0.436682
393 420 0.291122
393 421 0.145561
394 397 2.09244
394 478 0.873365
395 398 1.81951
395 399 0.363902
395 477 0.145561
395 478 0.582243
396 399 1.81951
396 400 0.181951
396 443 0.291122
396 471 0.291122
397 400 1.54658
397 401 0.181951
397 414 0.436682
398 401 1.81951
398 402 0.63683
398 478 0.291122
398 548 0.291122
399 402 1.81951
399 403 0.363902
399 548 0.145561
400 403 1.63756
400 404 0.363902
402 548 0.145561
402 549 0.873365
402 550 0.145561
402 551 0.145561
406 410 1.01893
406 412 0.145561
407 410 0.873365
409 438 0.145561
414 423 0.145561
415 418 3.20234
415 419 1.16449
415 420 0.436682
415 423 0.145561
420 423 0.436682
421 447 0.582243
421 448 2.76566
421 451 0.582243
422 426 0.181951
422 448 0.145561
422 452 1.01893
423 426 2.09244
423 427 0.0909755
424 427 1.72854
424 428 0.181951
424 442 1.31005
425 428 1.81951
425 429 0.454876
425 442 0.145561
425 452 0.727804
425 453 0.145561
425 455 0.436682
425 456 0.291122
426 429 1.81951
426 430 0.181951
427 430 1.81951
427 431 0.181951
428 431 1.81951
428 432 0.181951
428 440 0.436682
428 442 0.145561
428 466 0.436682
429 432 1.72854
429 433 0.454876
429 455 0.145561
429 458 0.291122
429 459 0.145561
429 464 0.145561
430 433 1.81951
430 434 0.454876
431 434 1.81951
431 435 0.454876
431 440 0.436682
432 435 1.72854
432 436 0.545853
432 438 0.436682
432 440 0.291122
432 464 0.436682
432 465 0.727804
433 436 0.0909755
433 464 0.145561
435 438 1.16449
439 467 0.145561
440 466 2.91122
440 467 0.436682
441 466 0.145561
441 467 3.63902
442 466 0.145561
442 467 0.291122
442 468 3.63902
442 469 0.436682
443 469 2.91122
444 469 0.291122
444 470 3.05678
444 471 0.436682
445 448 1.72854
445 449 0.181951
445 471 2.76566
446 449 1.63756
446 450 0.363902
446 470 0.145561
446 471 0.436682
446 472 1.01893
446 473 0.873365
446 474 0.291122
446 475 0.145561
446 496 0.291122
446 501 0.145561
447 450 1.72854
447 451 0.0909755
447 476 0.145561
448 451 1.72854
448 452 0.0909755
449 452 1.72854
449 453 0.181951
449 470 0.145561
449 501 0.582243
450 453 0.363902
450 499 0.145561
450 501 0.436682
451 454 0.0909755
452 455 0.181951
453 456 0.363902
453 501 0.145561
454 457 0.181951
455 458 2.27439
456 459 1.81951
456 460 0.0909755
456 468 0.436682
456 508 0.145561
456 510 0.436682
456 538 0.145561
457 460 1.91048
457 461 0.181951
457 508 0.145561
458 461 1.81951
458 462 0.454876
459 462 1.63756
459 463 1.81951
459 464 0.363902
459 466 0.727804
459 468 1.16449
459 510 0.145561
459 536 0.291122
460 463 0.272928
460 508 0.436682
460 509 0.291122
460 510 0.291122
463 535 1.01893
464 535 2.47453
464 536 0.727804
465 532 0.582243
465 534 0.582243
465 535 0.727804
465 536 0.291122
466 536 2.91122
466 537 0.291122
467 532 0.291122
467 537 2.76566
468 510 0.291122
468 537 0.873365
468 538 3.20234
468 539 0.291122
469 539 2.76566
470 501 0.145561
470 539 0.291122
470 540 2.91122
470 541 0.582243
471 541 2.91122
472 498 0.145561
472 540 0.582243
472 541 0.582243
472 542 2.91122
472 543 0.727804
473 543 0.291122
474 495 2.91122
474 496 2.03785
474 497 0.145561
474 498 0.436682
475 480 0.272928
475 494 3.20234
475 495 0.291122
475 496 1.16449
476 479 1.81951
476 480 0.181951
476 493 0.291122
476 494 0.145561
476 496 1.01893
477 480 1.81951
477 481 0.454876
478 481 1.63756
478 482 0.545853
479 482 2.18341
479 483 0.272928
479 494 0.436682
480 483 1.81951
480 484 0.181951
480 491 0.727804
480 494 0.873365
480 495 0.145561
481 484 1.81951
481 485 0.363902
481 547 2.18341
482 485 1.81951
482 486 0.454876
483 486 1.72854
483 487 0.63683
483 491 1.16449
483 492 0.582243
483 494 0.582243
484 491 0.145561
484 547 0.291122
484 572 1.16449
485 547 1.16449
485 553 0.727804
491 494 0.145561
498 514 1.31005
499 504 0.0909755
499 514 0.291122
499 540 0.145561
500 503 2.27439
500 504 0.0909755
500 514 0.873365
500 540 0.727804
501 504 2.09244
501 505 0.181951
501 538 0.436682
501 540 0.582243
502 505 1.81951
502 506 0.181951
502 512 0.436682
502 513 0.291122
502 514 0.291122
503 506 1.81951
503 507 0.0909755
504 507 1.72854
504 508 0.181951
505 508 1.81951
505 509 1.81951
505 510 2.09244
505 512 0.145561
506 509 0.181951
506 510 0.0909755
510 536 0.436682
510 537 0.145561
510 538 0.145561
511 531 0.582243
511 537 3.05678
512 538 2.91122
513 524 0.291122
513 527 0.873365
513 531 0.291122
513 537 0.145561
513 538 0.291122
513 539 2.76566
513 540 0.436682
514 540 4.0757
514 542 0.727804
515 520 0.545853
515 524 0.145561
515 540 0.291122
515 541 2.76566
515 542 0.582243
516 520 0.545853
516 542 0.291122
517 520 2.27439
518 521 0.363902
518 522 0.0909755
519 522 0.0909755
520 523 1.54658
520 524 0.181951
521 524 1.81951
521 525 0.454876
522 525 1.72854
522 526 0.272928
523 526 1.81951
523 527 0.454876
524 527 1.81951
524 528 0.181951
524 539 0.291122
525 528 1.81951
525 529 0.181951
525 539 0.873365
526 529 1.81951
526 530 0.0909755
527 530 1.81951
527 531 0.363902
528 531 1.81951
528 532 0.181951
528 537 0.291122
528 539 0.145561
529 532 1.54658
529 533 0.272928
530 533 0.272928
531 534 1.72854
531 535 2.00146
531 536 0.0909755
531 537 0.181951
532 535 0.181951
547 572 0.291122
547 573 0.727804
548 573 0.291122
549 554 0.145561
549 569 0.436682
549 573 0.436682
549 578 0.145561
550 553 3.05678
550 554 0.145561
550 573 0.873365
551 554 0.436682
553 569 0.291122
554 569 0.727804
555 561 0.291122
555 565 0.145561
555 566 0.873365
555 569 0.873365
556 569 0.436682
556 578 0.145561
556 580 0.291122
557 560 3.3479
557 561 0.582243
557 566 0.436682
557 582 0.582243
557 592 0.145561
558 561 0.436682
558 566 0.145561
561 566 0.181951
562 565 2.27439
562 566 0.363902
563 566 1.81951
563 567 0.181951
564 567 1.54658
564 568 0.181951
565 568 1.81951
565 569 0.181951
566 569 1.81951
566 570 0.545853
567 570 2.27439
567 571 0.181951
568 571 1.81951
568 572 0.181951
569 572 1.81951
569 573 0.818778
570 573 1.63756
570 574 1.81951
570 575 0.181951
570 576 0.272928
575 578 0.436682
579 583 0.545853
579 584 0.363902
580 583 0.454876
580 584 0.0909755
581 584 1.81951
581 585 0.454876
582 585 1.81951
582 586 0.454876
582 592 0.145561
583 586 1.81951
583 587 0.272928
584 587 1.91048
584 588 0.272928
585 588 1.72854
585 589 1.81951
585 590 2.09244
586 589 0.0909755
586 590 0.0909755
