nresidues = 494
4 73 0.1875
4 74 0.125
4 77 0.3125
4 78 0.125
5 70 0.0625
7 68 0.3125
7 70 0.25
8 66 0.0625
8 68 0.1875
8 71 0.375
9 12 0.125
9 61 0.125
10 64 0.0625
10 65 0.3125
10 66 0.25
10 67 0.375
10 71 0.0625
10 125 0.0625
11 18 0.0625
11 67 0.0625
11 71 0.375
11 75 0.0625
12 128 1.0625
12 129 0.0625
12 132 0.25
13 17 0.117188
13 125 0.0625
13 128 0.4375
14 17 0.78125
14 128 0.4375
15 18 0.78125
15 19 0.078125
15 79 0.1875
15 81 0.0625
16 19 0.78125
16 20 0.234375
17 20 0.859375
17 21 0.15625
17 124 0.5625
17 127 0.125
17 128 0.1875
18 21 0.78125
18 22 0.078125
18 81 0.25
18 85 0.1875
19 22 0.820312
19 23 0.117188
19 81 0.3125
20 23 0.78125
20 24 0.273438
20 124 0.1875
21 24 0.820312
21 25 0.078125
21 85 0.25
21 89 0.0625
21 121 0.1875
21 125 0.0625
22 25 0.78125
22 26 0.273438
22 81 0.1875
22 82 0.125
22 85 0.375
23 26 0.664062
23 27 0.117188
24 27 0.742188
24 28 0.78125
24 29 0.976562
24 30 0.078125
24 120 0.5
24 124 0.25
25 28 0.0390625
25 30 0.0390625
25 84 0.5625
25 85 0.3125
25 88 0.5
26 82 0.0625
26 84 0.125
29 32 0.3125
30 88 0.0625
30 119 1.25
30 120 1.1875
30 121 0.25
31 119 0.1875
32 118 0.0625
32 119 1.1875
32 120 0.125
32 337 0.625
33 117 0.375
33 118 1.3125
33 336 1.3125
33 337 0.3125
33 343 0.3125
34 116 0.0625
34 117 1.3125
34 118 0.25
34 120 0.0625
34 333 0.0625
34 335 1.25
34 336 0.0625
35 115 0.125
35 116 1.1875
35 117 0.125
35 333 1.25
35 334 1.375
35 335 0.125
36 115 1.25
36 116 0.1875
36 120 0.125
36 123 0.1875
36 124 0.0625
36 127 0.3125
36 331 0.125
36 332 1.625
36 333 0.4375
37 112 0.25
37 114 1.25
37 115 0.3125
37 330 0.0625
37 331 1.5
37 332 0.1875
37 334 0.1875
37 360 0.0625
37 361 0.0625
37 362 0.4375
38 111 0.0625
38 112 1.1875
38 113 1.25
38 114 0.1875
38 131 0.0625
38 330 1.3125
38 331 0.1875
39 111 0.1875
39 329 1.25
39 330 0.3125
39 332 0.0625
39 357 0.4375
40 43 0.0625
40 44 0.0625
40 108 0.5
40 109 1.5
40 110 0.0625
40 113 0.125
40 327 0.0625
40 328 0.1875
40 329 0.0625
41 109 0.375
41 110 0.125
41 330 0.0625
41 355 0.25
42 109 0.0625
43 46 0.0625
43 47 0.1875
43 48 0.0625
43 49 0.25
43 108 0.125
43 109 0.25
44 47 0.125
44 139 0.0625
44 324 0.375
44 327 0.1875
45 139 0.1875
45 142 0.0625
45 143 0.375
45 146 0.5
45 321 0.0625
45 323 0.1875
45 324 0.1875
47 146 0.625
47 456 0.0625
48 108 0.125
48 450 0.1875
48 456 0.125
49 107 1.0625
49 108 0.125
49 142 0.0625
49 145 0.25
49 443 0.3125
49 446 0.125
49 450 0.0625
49 451 0.25
50 105 0.0625
50 106 1.3125
50 107 0.4375
50 142 0.3125
51 104 0.0625
51 105 1.1875
51 106 0.0625
51 107 0.0625
51 138 0.3125
51 141 0.0625
51 142 0.125
51 145 0.0625
52 100 0.125
52 101 0.4375
52 102 0.25
52 103 1.25
52 104 0.0625
52 105 0.125
52 107 0.0625
52 114 0.0625
52 134 0.0625
52 138 0.375
53 103 0.375
53 134 0.1875
53 137 1.5625
53 138 0.1875
54 57 0.78125
54 58 0.15625
54 103 0.3125
54 137 0.125
55 58 1.09375
55 59 0.117188
55 100 0.0625
55 101 0.0625
55 102 0.0625
55 103 0.1875
55 419 0.0625
55 427 0.0625
56 59 0.78125
56 60 0.195312
56 103 0.125
56 175 0.1875
56 429 0.0625
57 60 0.78125
57 61 0.078125
57 133 0.1875
57 137 0.125
57 168 0.1875
57 172 0.5625
58 61 0.820312
58 62 0.195312
58 133 0.0625
59 62 0.78125
59 63 0.117188
59 419 0.0625
59 420 0.125
59 425 0.125
60 63 0.78125
60 64 0.117188
61 64 0.742188
61 65 0.195312
61 125 0.0625
61 126 0.0625
61 129 0.25
61 130 0.125
62 65 0.117188
62 94 0.125
62 98 0.0625
62 126 0.0625
62 420 0.125
63 420 0.125
63 425 0.4375
65 92 0.3125
65 94 0.0625
65 126 0.0625
66 71 0.0390625
67 71 0.195312
67 72 0.0390625
67 89 0.3125
67 92 0.125
67 125 0.125
68 71 0.976562
68 72 0.117188
69 72 0.78125
69 73 0.078125
70 73 0.78125
70 74 0.078125
71 74 0.78125
71 75 0.117188
72 75 0.820312
72 76 0.195312
72 86 0.125
72 89 0.125
73 76 0.859375
73 77 0.195312
74 77 0.703125
74 78 1.01562
74 79 0.3125
75 78 0.664062
75 79 0.820312
75 80 0.742188
75 81 0.15625
75 86 0.0625
75 89 0.0625
76 79 0.703125
76 80 0.0390625
76 83 0.625
76 86 0.125
81 85 0.117188
81 86 0.078125
82 85 0.78125
82 86 0.15625
83 86 0.859375
83 87 0.15625
84 87 0.898438
84 88 0.0390625
85 88 1.01562
85 89 0.234375
86 89 0.820312
86 90 0.078125
87 90 0.78125
87 91 0.15625
88 91 0.78125
88 92 0.078125
88 121 0.0625
89 92 0.117188
92 122 0.125
92 125 0.0625
93 122 0.25
94 98 0.125
94 122 0.375
94 126 0.0625
94 423 0.125
95 122 0.3125
95 422 1.8125
95 423 0.0625
96 116 0.0625
96 117 1.3125
96 119 0.0625
96 122 0.1875
96 123 0.0625
96 420 0.0625
96 421 1.1875
96 422 1.3125
96 423 0.0625
97 115 0.0625
97 116 1.3125
97 117 0.25
97 420 1.375
97 421 0.25
97 422 0.125
98 115 1.1875
98 116 0.125
98 417 0.0625
98 418 1.1875
98 419 1.25
98 420 0.125
99 114 1.3125
99 115 0.5
99 117 0.25
99 361 0.3125
99 383 0.25
99 416 0.0625
99 417 1.3125
99 418 0.0625
99 419 0.0625
100 113 1.25
100 114 0.0625
100 415 0.0625
100 416 1.4375
100 417 0.25
100 419 0.0625
101 105 0.3125
101 107 0.0625
101 113 0.125
101 415 0.0625
102 105 0.4375
102 417 0.1875
102 427 0.25
103 175 0.5
103 179 0.0625
103 435 0.25
103 438 0.125
104 438 1.1875
104 439 0.1875
104 442 0.3125
105 413 0.0625
105 438 0.375
105 442 0.125
106 366 0.375
106 442 0.1875
106 446 0.125
107 111 0.25
107 113 0.125
108 111 0.5
108 366 0.125
108 378 0.0625
108 459 1.1875
108 461 0.0625
109 461 0.1875
110 461 0.0625
111 364 0.125
111 366 0.0625
111 378 0.3125
111 461 0.125
112 364 0.1875
112 416 0.0625
113 416 0.1875
114 134 0.0625
115 361 0.25
115 362 0.1875
115 383 0.0625
116 123 0.0390625
116 130 0.0625
116 331 0.125
117 123 0.0390625
117 361 0.375
118 123 0.0390625
119 122 0.859375
119 123 0.078125
120 123 0.78125
120 124 0.078125
120 336 0.0625
121 124 0.742188
121 125 0.0390625
122 125 0.742188
122 126 0.0390625
123 126 0.703125
123 127 0.0390625
124 127 0.273438
126 129 0.664062
126 130 0.15625
127 130 0.78125
127 131 0.15625
127 331 0.375
128 131 0.78125
128 132 0.078125
129 132 0.78125
129 133 0.234375
130 133 0.859375
130 134 0.117188
130 331 0.1875
131 134 0.742188
131 135 0.3125
131 329 0.1875
131 330 0.1875
131 331 0.1875
132 135 0.664062
132 136 0.0390625
133 136 0.664062
133 137 0.195312
134 137 0.664062
134 138 0.15625
135 138 0.664062
135 139 0.078125
135 327 0.4375
135 328 0.25
135 329 0.375
136 139 0.78125
136 140 0.273438
136 169 0.375
136 172 0.0625
136 173 0.125
136 319 0.125
137 140 0.664062
137 141 0.078125
137 172 0.375
137 175 0.0625
137 176 0.0625
138 141 0.78125
138 142 0.15625
138 327 0.125
139 142 0.78125
139 143 0.078125
139 321 0.125
139 324 0.125
139 325 0.25
139 326 0.125
140 143 0.78125
140 144 0.078125
140 173 0.0625
140 176 0.0625
140 318 0.125
140 319 0.1875
140 320 0.0625
140 321 0.0625
141 144 0.78125
141 145 0.078125
141 176 0.1875
141 180 0.0625
142 145 0.78125
142 146 0.078125
143 146 0.820312
143 147 0.15625
143 296 0.5
143 317 0.0625
143 318 0.3125
143 323 0.25
144 147 0.820312
144 148 0.078125
144 156 0.0625
144 177 0.25
144 180 1.1875
144 318 0.125
145 148 0.78125
145 149 0.078125
145 180 0.1875
146 149 0.742188
146 150 0.0390625
146 296 0.625
147 150 0.78125
147 151 0.195312
147 156 0.125
147 295 0.0625
147 296 0.125
147 299 0.0625
147 318 0.0625
148 151 0.78125
148 152 0.195312
148 153 0.078125
148 154 0.078125
148 181 0.4375
148 183 0.25
149 453 0.4375
150 296 0.0625
150 299 0.125
150 300 0.125
150 303 0.125
150 453 0.1875
151 154 0.1875
151 156 0.0625
151 299 0.0625
151 303 0.125
151 312 0.4375
154 183 0.0625
154 310 0.25
155 183 0.25
155 310 0.0625
155 311 1.25
155 312 0.25
156 181 0.0625
156 182 1.4375
156 183 1.375
156 312 1.25
156 314 0.125
157 184 1.25
157 199 0.0625
157 311 0.125
157 312 0.1875
157 313 1.1875
157 314 0.125
158 174 0.3125
158 177 0.0625
158 184 0.125
158 185 1.3125
158 186 0.0625
158 314 1.3125
158 319 0.0625
159 186 0.3125
159 313 0.0625
159 314 1.25
159 315 0.0625
160 163 1.3125
160 164 0.0625
160 315 0.125
160 319 0.1875
161 164 0.125
161 170 0.125
161 187 0.3125
163 315 0.0625
163 316 0.375
163 320 0.0625
164 169 0.078125
164 170 0.078125
164 319 0.0625
165 169 0.078125
166 169 0.742188
167 170 0.78125
167 171 0.0390625
168 171 0.820312
168 172 0.820312
169 172 0.703125
169 173 0.0390625
169 319 0.0625
170 173 0.703125
170 174 0.117188
171 174 0.703125
171 175 0.078125
171 187 0.125
171 189 0.3125
171 193 0.0625
171 194 0.125
172 175 0.898438
172 176 0.078125
172 194 0.5
173 176 0.820312
173 177 0.078125
173 319 0.1875
174 177 0.78125
174 178 0.078125
174 185 0.25
174 190 0.0625
174 196 0.125
175 178 0.78125
175 179 0.195312
175 194 0.3125
175 196 0.0625
175 432 0.125
175 435 0.0625
176 179 0.78125
176 180 0.0390625
177 180 0.742188
177 181 0.78125
177 182 0.15625
178 182 0.15625
178 183 0.0390625
178 196 0.125
178 197 0.25
178 432 0.1875
178 433 0.25
178 436 0.8125
179 432 0.125
179 435 0.1875
179 439 0.0625
181 436 0.0625
182 436 0.1875
183 197 0.125
184 196 0.0625
184 197 1.25
184 199 0.0625
185 196 0.125
185 197 0.1875
185 198 1.4375
185 199 0.125
186 198 0.0625
186 199 0.125
187 190 0.859375
187 198 0.0625
188 191 0.742188
188 192 0.078125
189 192 0.820312
189 193 0.15625
190 193 0.703125
190 194 0.859375
190 195 0.664062
191 194 0.703125
191 195 0.742188
191 196 0.0390625
191 198 0.0625
194 432 0.1875
196 432 0.0625
201 220 0.1875
201 228 0.25
201 261 0.125
202 206 0.117188
202 207 0.0390625
202 217 0.1875
202 228 0.125
202 229 0.3125
202 230 0.3125
202 261 0.0625
203 206 0.0390625
203 230 0.1875
204 207 0.78125
204 208 0.3125
204 230 0.4375
204 232 0.3125
204 233 0.3125
204 263 0.0625
205 208 0.859375
205 209 0.117188
206 209 0.859375
206 210 0.0390625
206 216 0.0625
206 220 0.0625
207 210 0.78125
207 211 0.703125
207 212 0.078125
207 213 0.0390625
207 216 0.125
207 233 0.25
207 234 0.125
208 211 0.0390625
208 233 0.0625
208 234 0.0625
210 215 0.125
210 216 0.125
210 219 0.1875
211 234 0.5
212 215 1.05469
212 216 0.0390625
212 234 0.0625
213 216 0.78125
213 217 0.351562
213 234 0.0625
213 239 0.25
213 240 0.125
213 243 0.25
214 217 0.78125
214 218 0.195312
214 243 0.0625
214 246 1.25
214 247 0.1875
214 250 0.3125
215 218 0.78125
215 219 0.078125
216 219 0.78125
216 220 0.078125
217 220 0.78125
217 221 0.078125
217 229 0.8125
217 230 0.1875
217 240 0.0625
217 243 0.1875
217 244 0.0625
217 247 0.125
218 221 0.78125
218 222 0.195312
218 247 0.125
218 250 0.0625
218 251 0.0625
219 222 0.742188
219 223 0.15625
220 223 0.859375
220 224 0.742188
220 226 0.0625
220 227 0.0625
221 224 0.117188
221 227 0.0625
221 247 0.0625
221 251 0.125
221 255 0.0625
224 227 0.0625
224 255 0.0625
225 255 1.375
225 256 0.3125
226 256 1.375
226 258 0.125
227 255 0.125
227 256 0.1875
227 257 1.25
227 258 1.25
227 259 0.0625
228 258 0.0625
228 259 1.25
228 289 0.4375
229 244 0.125
229 247 0.0625
229 257 0.1875
229 260 1.375
229 261 0.125
230 261 1.5625
231 235 1.1875
231 236 0.125
231 239 1.0625
231 240 0.4375
231 241 0.1875
231 260 0.125
231 261 0.0625
231 262 0.0625
232 236 0.125
232 262 0.125
232 263 0.25
232 264 0.3125
235 238 0.859375
235 239 0.820312
235 240 0.0390625
236 239 0.664062
236 240 0.742188
236 241 0.15625
236 242 0.0390625
236 262 0.0625
236 274 0.0625
237 242 0.117188
237 273 0.0625
237 274 0.0625
237 277 0.1875
238 242 0.15625
239 242 0.742188
239 243 0.15625
240 243 0.78125
240 244 0.078125
241 244 0.78125
241 245 0.195312
241 274 0.125
241 277 0.25
242 245 0.820312
242 246 0.078125
243 246 0.78125
243 247 0.117188
244 247 0.78125
244 248 0.078125
244 260 0.0625
245 248 0.78125
245 249 0.195312
245 277 0.125
245 281 0.125
245 283 0.0625
246 249 0.78125
246 250 0.429688
247 250 0.78125
247 251 0.117188
248 251 0.703125
248 252 0.0390625
248 257 0.1875
248 283 0.3125
249 281 0.375
249 283 0.125
251 254 0.1875
251 255 0.0625
252 255 0.125
257 283 0.25
257 286 0.125
258 286 1.25
258 287 0.125
258 289 0.0625
259 286 0.125
259 287 1.1875
260 274 0.0625
260 287 0.125
260 288 1.25
260 289 0.3125
261 289 1.4375
261 291 0.375
262 267 0.1875
262 270 0.125
262 274 0.0625
262 288 0.0625
262 289 0.125
262 290 1.125
262 291 0.0625
263 291 0.5
263 292 0.4375
266 269 1.01562
266 270 0.117188
267 270 0.703125
267 271 0.15625
267 290 0.0625
267 302 0.1875
267 307 0.0625
267 309 0.125
268 272 0.15625
268 302 0.0625
268 307 0.125
269 272 0.78125
270 273 0.78125
270 274 0.117188
271 274 0.78125
271 275 0.078125
271 288 0.0625
271 307 0.3125
271 308 0.25
271 309 0.0625
272 275 0.742188
272 276 0.078125
272 305 0.125
272 306 0.25
273 276 0.976562
273 277 0.15625
273 280 0.0625
274 277 0.859375
274 278 0.195312
274 288 0.1875
275 278 0.859375
275 279 0.46875
275 283 0.0625
275 286 0.25
275 288 0.0625
275 308 0.1875
275 310 0.0625
276 279 0.78125
276 280 0.15625
277 280 0.664062
277 281 0.078125
278 281 0.78125
278 282 0.742188
278 283 0.234375
278 286 0.0625
278 288 0.0625
279 282 0.0390625
279 283 0.0390625
279 284 0.195312
283 286 0.1875
287 310 0.5
288 308 0.25
288 309 1.25
288 310 1.375
288 311 0.0625
289 311 1.625
290 294 0.1875
290 309 0.125
290 311 0.125
290 312 1.1875
290 313 0.125
291 294 0.125
291 313 0.25
293 298 0.078125
293 317 0.0625
294 298 0.117188
294 312 0.25
294 313 0.125
294 314 0.125
294 317 0.125
295 298 0.859375
295 299 0.195312
295 317 0.125
296 299 0.664062
296 300 0.078125
297 300 0.742188
297 301 0.078125
298 301 0.820312
298 302 0.15625
299 302 0.78125
299 303 0.117188
299 312 0.3125
300 303 0.78125
300 304 0.195312
301 304 0.78125
301 305 0.234375
302 305 0.78125
302 306 0.664062
302 307 0.3125
302 312 0.0625
303 306 0.0390625
303 312 0.0625
309 312 0.625
314 318 0.0390625
315 318 0.664062
315 319 0.0390625
316 319 0.703125
316 320 0.195312
316 322 0.0390625
317 320 0.664062
317 321 0.742188
317 322 0.15625
318 321 0.0390625
320 325 0.125
321 324 1.3125
321 325 0.1875
322 325 0.0625
332 357 0.125
333 346 0.25
334 345 1.25
334 346 0.3125
334 358 0.0625
334 359 1.25
334 360 0.1875
335 343 0.375
335 344 1.3125
336 343 1.5625
336 344 0.1875
336 346 0.0625
337 341 0.1875
337 342 1.25
337 343 0.125
338 341 0.0625
338 342 0.0625
340 344 0.25
345 359 0.125
345 360 0.0625
345 470 0.25
345 474 0.1875
346 359 0.0625
346 474 0.0625
347 356 0.125
347 474 0.125
347 478 0.0625
348 356 0.0625
349 356 0.0625
349 475 0.0625
349 478 0.1875
349 479 0.0625
350 355 0.0625
350 356 0.0625
350 479 0.0625
351 479 0.0625
352 355 1.3125
352 356 0.0625
353 356 0.1875
353 471 0.125
353 475 0.0625
354 399 0.25
356 471 0.1875
356 475 0.125
357 471 0.0625
358 362 0.375
358 463 0.125
358 467 0.0625
358 471 0.25
359 362 0.25
359 471 0.1875
359 474 0.0625
361 382 1.1875
361 383 0.875
362 380 0.0625
362 381 1.3125
362 383 0.1875
362 416 0.0625
362 467 0.0625
363 379 0.0625
363 380 1.25
363 381 0.1875
363 383 0.125
363 414 0.1875
363 415 0.1875
363 416 0.5
364 378 0.125
364 379 1.25
364 413 0.0625
364 414 1.1875
364 415 0.25
365 378 1.25
365 379 0.4375
365 381 0.3125
365 385 0.125
365 386 0.1875
365 387 0.6875
365 388 0.375
365 412 0.25
365 413 1.4375
365 414 0.4375
366 377 1.125
366 378 0.75
366 411 0.0625
366 412 1.25
366 413 0.1875
366 459 0.1875
367 375 1.0625
367 376 1.25
367 377 0.25
367 379 0.125
367 393 0.125
367 410 0.0625
367 411 1.1875
367 412 0.125
368 373 0.1875
368 374 1.3125
368 376 0.0625
368 410 1.3125
368 411 0.3125
369 372 1.9375
369 373 1.25
369 374 0.4375
369 376 0.0625
369 409 1.0625
370 409 0.25
370 410 0.375
370 411 0.0625
374 447 0.375
375 445 0.0625
375 446 0.3125
375 447 0.1875
375 450 0.0625
376 395 0.0625
376 405 0.5
376 459 0.0625
376 460 0.0625
377 459 0.6875
377 460 1.25
378 395 0.0625
378 459 0.4375
378 460 0.125
378 461 1.1875
378 462 0.1875
379 385 0.3125
379 387 0.0625
379 393 0.25
379 394 0.0625
379 395 0.0625
379 462 1.25
379 464 0.3125
380 461 0.0625
380 462 0.25
380 463 1.3125
380 464 0.1875
380 467 0.0625
381 385 0.3125
381 464 0.0625
382 385 0.1875
382 467 0.125
382 470 0.1875
385 390 0.3125
385 464 0.125
386 389 1.375
386 390 0.25
387 390 0.5
387 410 0.125
387 412 0.0625
388 412 0.1875
390 393 0.125
390 410 0.125
391 408 0.375
392 406 0.375
392 407 1.3125
392 408 0.3125
393 405 0.0625
393 406 1.1875
393 407 0.1875
393 410 0.1875
394 404 0.5
394 405 1.25
394 406 0.5
394 465 0.0625
395 404 1.25
395 405 0.5
395 407 0.0625
395 462 0.375
396 401 0.25
396 403 1.25
396 404 0.125
396 462 0.5
396 463 0.125
396 464 0.0625
396 465 0.125
396 468 0.5
397 400 1.6875
397 401 0.1875
397 403 0.125
397 462 0.0625
398 401 0.0625
398 461 0.125
398 462 0.0625
398 468 0.375
400 403 0.1875
401 404 0.1875
401 468 0.125
407 410 0.3125
413 417 0.0625
413 438 0.125
418 421 0.0625
418 426 0.125
418 427 0.0625
419 425 1.3125
419 426 1.25
419 427 0.25
420 423 0.25
420 424 1.5
420 425 0.25
421 424 0.5625
425 428 0.0625
425 429 0.125
427 430 0.25
430 434 0.234375
430 435 0.0390625
431 434 1.01562
431 435 0.078125
432 435 0.78125
432 436 0.078125
433 436 0.78125
433 437 0.078125
434 437 0.820312
434 438 0.078125
435 438 0.78125
435 439 0.078125
436 439 0.78125
436 440 0.078125
437 440 0.78125
437 441 0.390625
438 441 0.78125
438 442 0.507812
439 442 0.78125
439 443 0.078125
440 443 0.820312
440 444 0.3125
441 444 0.78125
441 445 0.117188
442 445 0.78125
443 446 0.117188
443 451 0.25
444 451 0.1875
446 450 0.117188
446 451 0.195312
446 459 0.0625
447 450 0.820312
447 451 0.0390625
448 451 0.898438
448 452 0.195312
449 452 0.195312
449 456 1.3125
449 457 0.25
450 456 0.0625
450 457 0.375
450 458 0.375
450 459 0.25
450 460 0.1875
452 455 0.3125
452 456 0.5
463 467 0.0390625
464 467 0.859375
464 468 0.078125
465 468 0.78125
465 469 0.234375
466 469 0.78125
466 470 0.15625
467 470 0.78125
467 471 0.078125
468 471 0.78125
468 472 0.3125
469 472 0.742188
469 473 0.234375
470 473 0.664062
470 474 0.078125
471 474 0.78125
471 475 0.078125
472 475 0.78125
472 476 0.078125
473 476 0.78125
473 477 0.078125
474 477 0.78125
474 478 0.15625
475 478 0.742188
475 479 0.351562
476 479 0.78125
476 480 0.078125
477 480 0.898438
477 481 0.3125
478 481 0.78125
478 482 0.117188
479 482 0.742188
480 483 0.15625
481 484 0.15625
