nresidues = 494
4 73 0.425204
4 74 0.283469
4 77 0.708673
4 78 0.283469
5 70 0.141735
7 68 0.708673
7 70 0.566938
8 66 0.141735
8 68 0.425204
8 71 0.850407
9 12 0.283469
9 61 0.283469
10 64 0.141735
10 65 0.708673
10 66 0.566938
10 67 0.850407
10 71 0.141735
10 125 0.141735
11 18 0.141735
11 67 0.141735
11 71 0.850407
11 75 0.141735
12 128 2.40949
12 129 0.141735
12 132 0.566938
13 17 0.265753
13 125 0.141735
13 128 0.992142
14 17 1.77168
14 128 0.992142
15 18 1.77168
15 19 0.177168
15 79 0.425204
15 81 0.141735
16 19 1.77168
16 20 0.531504
17 20 1.94885
17 21 0.354336
17 124 1.27561
17 127 0.283469
17 128 0.425204
18 21 1.77168
18 22 0.177168
18 81 0.566938
18 85 0.425204
19 22 1.86026
19 23 0.265753
19 81 0.708673
20 23 1.77168
20 24 0.62009
20 124 0.425204
21 24 1.86026
21 25 0.177168
21 85 0.566938
21 89 0.141735
21 121 0.425204
21 125 0.141735
22 25 1.77168
22 26 0.62009
22 81 0.425204
22 82 0.283469
22 85 0.850407
23 26 1.50593
23 27 0.265753
24 27 1.6831
24 28 1.77168
24 29 2.2146
24 30 0.177168
24 120 1.13388
24 124 0.566938
25 28 0.0885841
25 30 0.0885841
25 84 1.27561
25 85 0.708673
25 88 1.13388
26 82 0.141735
26 84 0.283469
29 32 0.708673
30 88 0.141735
30 119 2.83469
30 120 2.69296
30 121 0.566938
31 119 0.425204
32 118 0.141735
32 119 2.69296
32 120 0.283469
32 337 1.41735
33 117 0.850407
33 118 2.97642
33 336 2.97642
33 337 0.708673
33 343 0.708673
34 116 0.141735
34 117 2.97642
34 118 0.566938
34 120 0.141735
34 333 0.141735
34 335 2.83469
34 336 0.141735
35 115 0.283469
35 116 2.69296
35 117 0.283469
35 333 2.83469
35 334 3.11816
35 335 0.283469
36 115 2.83469
36 116 0.425204
36 120 0.283469
36 123 0.425204
36 124 0.141735
36 127 0.708673
36 331 0.283469
36 332 3.6851
36 333 0.992142
37 112 0.566938
37 114 2.83469
37 115 0.708673
37 330 0.141735
37 331 3.40163
37 332 0.425204
37 334 0.425204
37 360 0.141735
37 361 0.141735
37 362 0.992142
38 111 0.141735
38 112 2.69296
38 113 2.83469
38 114 0.425204
38 131 0.141735
38 330 2.97642
38 331 0.425204
39 111 0.425204
39 329 2.83469
39 330 0.708673
39 332 0.141735
39 357 0.992142
40 43 0.141735
40 44 0.141735
40 108 1.13388
40 109 3.40163
40 110 0.141735
40 113 0.283469
40 327 0.141735
40 328 0.425204
40 329 0.141735
41 109 0.850407
41 110 0.283469
41 330 0.141735
41 355 0.566938
42 109 0.141735
43 46 0.141735
43 47 0.425204
43 48 0.141735
43 49 0.566938
43 108 0.283469
43 109 0.566938
44 47 0.283469
44 139 0.141735
44 324 0.850407
44 327 0.425204
45 139 0.425204
45 142 0.141735
45 143 0.850407
45 146 1.13388
45 321 0.141735
45 323 0.425204
45 324 0.425204
47 146 1.41735
47 456 0.141735
48 108 0.283469
48 450 0.425204
48 456 0.283469
49 107 2.40949
49 108 0.283469
49 142 0.141735
49 145 0.566938
49 443 0.708673
49 446 0.283469
49 450 0.141735
49 451 0.566938
50 105 0.141735
50 106 2.97642
50 107 0.992142
50 142 0.708673
51 104 0.141735
51 105 2.69296
51 106 0.141735
51 107 0.141735
51 138 0.708673
51 141 0.141735
51 142 0.283469
51 145 0.141735
52 100 0.283469
52 101 0.992142
52 102 0.566938
52 103 2.83469
52 104 0.141735
52 105 0.283469
52 107 0.141735
52 114 0.141735
52 134 0.141735
52 138 0.850407
53 103 0.850407
53 134 0.425204
53 137 3.54336
53 138 0.425204
54 57 1.77168
54 58 0.354336
54 103 0.708673
54 137 0.283469
55 58 2.48035
55 59 0.265753
55 100 0.141735
55 101 0.141735
55 102 0.141735
55 103 0.425204
55 419 0.141735
55 427 0.141735
56 59 1.77168
56 60 0.442919
56 103 0.283469
56 175 0.425204
56 429 0.141735
57 60 1.77168
57 61 0.177168
57 133 0.425204
57 137 0.283469
57 168 0.425204
57 172 1.27561
58 61 1.86026
58 62 0.442919
58 133 0.141735
59 62 1.77168
59 63 0.265753
59 419 0.141735
59 420 0.283469
59 425 0.283469
60 63 1.77168
60 64 0.265753
61 64 1.6831
61 65 0.442919
61 125 0.141735
61 126 0.141735
61 129 0.566938
61 130 0.283469
62 65 0.265753
62 94 0.283469
62 98 0.141735
62 126 0.141735
62 420 0.283469
63 420 0.283469
63 425 0.992142
65 92 0.708673
65 94 0.141735
65 126 0.141735
66 71 0.0885841
67 71 0.442919
67 72 0.0885841
67 89 0.708673
67 92 0.283469
67 125 0.283469
68 71 2.2146
68 72 0.265753
69 72 1.77168
69 73 0.177168
70 73 1.77168
70 74 0.177168
71 74 1.77168
71 75 0.265753
72 75 1.86026
72 76 0.442919
72 86 0.283469
72 89 0.283469
73 76 1.94885
73 77 0.442919
74 77 1.59451
74 78 2.30317
74 79 0.708673
75 78 1.50593
75 79 1.86026
75 80 1.6831
75 81 0.354336
75 86 0.141735
75 89 0.141735
76 79 1.59451
76 80 0.0885841
76 83 1.41735
76 86 0.283469
81 85 0.265753
81 86 0.177168
82 85 1.77168
82 86 0.354336
83 86 1.94885
83 87 0.354336
84 87 2.03743
84 88 0.0885841
85 88 2.30317
85 89 0.531504
86 89 1.86026
86 90 0.177168
87 90 1.77168
87 91 0.354336
88 91 1.77168
88 92 0.177168
88 121 0.141735
89 92 0.265753
92 122 0.283469
92 125 0.141735
93 122 0.566938
94 98 0.283469
94 122 0.850407
94 126 0.141735
94 423 0.283469
95 122 0.708673
95 422 4.1103
95 423 0.141735
96 116 0.141735
96 117 2.97642
96 119 0.141735
96 122 0.425204
96 123 0.141735
96 420 0.141735
96 421 2.69296
96 422 2.97642
96 423 0.141735
97 115 0.141735
97 116 2.97642
97 117 0.566938
97 420 3.11816
97 421 0.566938
97 422 0.283469
98 115 2.69296
98 116 0.283469
98 417 0.141735
98 418 2.69296
98 419 2.83469
98 420 0.283469
99 114 2.97642
99 115 1.13388
99 117 0.566938
99 361 0.708673
99 383 0.566938
99 416 0.141735
99 417 2.97642
99 418 0.141735
99 419 0.141735
100 113 2.83469
100 114 0.141735
100 415 0.141735
100 416 3.25989
100 417 0.566938
100 419 0.141735
101 105 0.708673
101 107 0.141735
101 113 0.283469
101 415 0.141735
102 105 0.992142
102 417 0.425204
102 427 0.566938
103 175 1.13388
103 179 0.141735
103 435 0.566938
103 438 0.283469
104 438 2.69296
104 439 0.425204
104 442 0.708673
105 413 0.141735
105 438 0.850407
105 442 0.283469
106 366 0.850407
106 442 0.425204
106 446 0.283469
107 111 0.566938
107 113 0.283469
108 111 1.13388
108 366 0.283469
108 378 0.141735
108 459 2.69296
108 461 0.141735
109 461 0.425204
110 461 0.141735
111 364 0.283469
111 366 0.141735
111 378 0.708673
111 461 0.283469
112 364 0.425204
112 416 0.141735
113 416 0.425204
114 134 0.141735
115 361 0.566938
115 362 0.425204
115 383 0.141735
116 123 0.0885841
116 130 0.141735
116 331 0.283469
117 123 0.0885841
117 361 0.850407
118 123 0.0885841
119 122 1.94885
119 123 0.177168
120 123 1.77168
120 124 0.177168
120 336 0.141735
121 124 1.6831
121 125 0.0885841
122 125 1.6831
122 126 0.0885841
123 126 1.59451
123 127 0.0885841
124 127 0.62009
126 129 1.50593
126 130 0.354336
127 130 1.77168
127 131 0.354336
127 331 0.850407
128 131 1.77168
128 132 0.177168
129 132 1.77168
129 133 0.531504
130 133 1.94885
130 134 0.265753
130 331 0.425204
131 134 1.6831
131 135 0.708673
131 329 0.425204
131 330 0.425204
131 331 0.425204
132 135 1.50593
132 136 0.0885841
133 136 1.50593
133 137 0.442919
134 137 1.50593
134 138 0.354336
135 138 1.50593
135 139 0.177168
135 327 0.992142
135 328 0.566938
135 329 0.850407
136 139 1.77168
136 140 0.62009
136 169 0.850407
136 172 0.141735
136 173 0.283469
136 319 0.283469
137 140 1.50593
137 141 0.177168
137 172 0.850407
137 175 0.141735
137 176 0.141735
138 141 1.77168
138 142 0.354336
138 327 0.283469
139 142 1.77168
139 143 0.177168
139 321 0.283469
139 324 0.283469
139 325 0.566938
139 326 0.283469
140 143 1.77168
140 144 0.177168
140 173 0.141735
140 176 0.141735
140 318 0.283469
140 319 0.425204
140 320 0.141735
140 321 0.141735
141 144 1.77168
141 145 0.177168
141 176 0.425204
141 180 0.141735
142 145 1.77168
142 146 0.177168
143 146 1.86026
143 147 0.354336
143 296 1.13388
143 317 0.141735
143 318 0.708673
143 323 0.566938
144 147 1.86026
144 148 0.177168
144 156 0.141735
144 177 0.566938
144 180 2.69296
144 318 0.283469
145 148 1.77168
145 149 0.177168
145 180 0.425204
146 149 1.6831
146 150 0.0885841
146 296 1.41735
147 150 1.77168
147 151 0.442919
147 156 0.283469
147 295 0.141735
147 296 0.283469
147 299 0.141735
147 318 0.141735
148 151 1.77168
148 152 0.442919
148 153 0.177168
148 154 0.177168
148 181 0.992142
148 183 0.566938
149 453 0.992142
150 296 0.141735
150 299 0.283469
150 300 0.283469
150 303 0.283469
150 453 0.425204
151 154 0.425204
151 156 0.141735
151 299 0.141735
151 303 0.283469
151 312 0.992142
154 183 0.141735
154 310 0.566938
155 183 0.566938
155 310 0.141735
155 311 2.83469
155 312 0.566938
156 181 0.141735
156 182 3.25989
156 183 3.11816
156 312 2.83469
156 314 0.283469
157 184 2.83469
157 199 0.141735
157 311 0.283469
157 312 0.425204
157 313 2.69296
157 314 0.283469
158 174 0.708673
158 177 0.141735
158 184 0.283469
158 185 2.97642
158 186 0.141735
158 314 2.97642
158 319 0.141735
159 186 0.708673
159 313 0.141735
159 314 2.83469
159 315 0.141735
160 163 2.97642
160 164 0.141735
160 315 0.283469
160 319 0.425204
161 164 0.283469
161 170 0.283469
161 187 0.708673
163 315 0.141735
163 316 0.850407
163 320 0.141735
164 169 0.177168
164 170 0.177168
164 319 0.141735
165 169 0.177168
166 169 1.6831
167 170 1.77168
167 171 0.0885841
168 171 1.86026
168 172 1.86026
169 172 1.59451
169 173 0.0885841
169 319 0.141735
170 173 1.59451
170 174 0.265753
171 174 1.59451
171 175 0.177168
171 187 0.283469
171 189 0.708673
171 193 0.141735
171 194 0.283469
172 175 2.03743
172 176 0.177168
172 194 1.13388
173 176 1.86026
173 177 0.177168
173 319 0.425204
174 177 1.77168
174 178 0.177168
174 185 0.566938
174 190 0.141735
174 196 0.283469
175 178 1.77168
175 179 0.442919
175 194 0.708673
175 196 0.141735
175 432 0.283469
175 435 0.141735
176 179 1.77168
176 180 0.0885841
177 180 1.6831
177 181 1.77168
177 182 0.354336
178 182 0.354336
178 183 0.0885841
178 196 0.283469
178 197 0.566938
178 432 0.425204
178 433 0.566938
178 436 1.84255
179 432 0.283469
179 435 0.425204
179 439 0.141735
181 436 0.141735
182 436 0.425204
183 197 0.283469
184 196 0.141735
184 197 2.83469
184 199 0.141735
185 196 0.283469
185 197 0.425204
185 198 3.25989
185 199 0.283469
186 198 0.141735
186 199 0.283469
187 190 1.94885
187 198 0.141735
188 191 1.6831
188 192 0.177168
189 192 1.86026
189 193 0.354336
190 193 1.59451
190 194 1.94885
190 195 1.50593
191 194 1.59451
191 195 1.6831
191 196 0.0885841
191 198 0.141735
194 432 0.425204
196 432 0.141735
201 220 0.425204
201 228 0.566938
201 261 0.283469
202 206 0.265753
202 207 0.0885841
202 217 0.425204
202 228 0.283469
202 229 0.708673
202 230 0.708673
202 261 0.141735
203 206 0.0885841
203 230 0.425204
204 207 1.77168
204 208 0.708673
204 230 0.992142
204 232 0.708673
204 233 0.708673
204 263 0.141735
205 208 1.94885
205 209 0.265753
206 209 1.94885
206 210 0.0885841
206 216 0.141735
206 220 0.141735
207 210 1.77168
207 211 1.59451
207 212 0.177168
207 213 0.0885841
207 216 0.283469
207 233 0.566938
207 234 0.283469
208 211 0.0885841
208 233 0.141735
208 234 0.141735
210 215 0.283469
210 216 0.283469
210 219 0.425204
211 234 1.13388
212 215 2.39178
212 216 0.0885841
212 234 0.141735
213 216 1.77168
213 217 0.797255
213 234 0.141735
213 239 0.566938
213 240 0.283469
213 243 0.566938
214 217 1.77168
214 218 0.442919
214 243 0.141735
214 246 2.83469
214 247 0.425204
214 250 0.708673
215 218 1.77168
215 219 0.177168
216 219 1.77168
216 220 0.177168
217 220 1.77168
217 221 0.177168
217 229 1.84255
217 230 0.425204
217 240 0.141735
217 243 0.425204
217 244 0.141735
217 247 0.283469
218 221 1.77168
218 222 0.442919
218 247 0.283469
218 250 0.141735
218 251 0.141735
219 222 1.6831
219 223 0.354336
220 223 1.94885
220 224 1.6831
220 226 0.141735
220 227 0.141735
221 224 0.265753
221 227 0.141735
221 247 0.141735
221 251 0.283469
221 255 0.141735
224 227 0.141735
224 255 0.141735
225 255 3.11816
225 256 0.708673
226 256 3.11816
226 258 0.283469
227 255 0.283469
227 256 0.425204
227 257 2.83469
227 258 2.83469
227 259 0.141735
228 258 0.141735
228 259 2.83469
228 289 0.992142
229 244 0.283469
229 247 0.141735
229 257 0.425204
229 260 3.11816
229 261 0.283469
230 261 3.54336
231 235 2.69296
231 236 0.283469
231 239 2.40949
231 240 0.992142
231 241 0.425204
231 260 0.283469
231 261 0.141735
231 262 0.141735
232 236 0.283469
232 262 0.283469
232 263 0.566938
232 264 0.708673
235 238 1.94885
235 239 1.86026
235 240 0.0885841
236 239 1.50593
236 240 1.6831
236 241 0.354336
236 242 0.0885841
236 262 0.141735
236 274 0.141735
237 242 0.265753
237 273 0.141735
237 274 0.141735
237 277 0.425204
238 242 0.354336
239 242 1.6831
239 243 0.354336
240 243 1.77168
240 244 0.177168
241 244 1.77168
241 245 0.442919
241 274 0.283469
241 277 0.566938
242 245 1.86026
242 246 0.177168
243 246 1.77168
243 247 0.265753
244 247 1.77168
244 248 0.177168
244 260 0.141735
245 248 1.77168
245 249 0.442919
245 277 0.283469
245 281 0.283469
245 283 0.141735
246 249 1.77168
246 250 0.974426
247 250 1.77168
247 251 0.265753
248 251 1.59451
248 252 0.0885841
248 257 0.425204
248 283 0.708673
249 281 0.850407
249 283 0.283469
251 254 0.425204
251 255 0.141735
252 255 0.283469
257 283 0.566938
257 286 0.283469
258 286 2.83469
258 287 0.283469
258 289 0.141735
259 286 0.283469
259 287 2.69296
260 274 0.141735
260 287 0.283469
260 288 2.83469
260 289 0.708673
261 289 3.25989
261 291 0.850407
262 267 0.425204
262 270 0.283469
262 274 0.141735
262 288 0.141735
262 289 0.283469
262 290 2.55122
262 291 0.141735
263 291 1.13388
263 292 0.992142
266 269 2.30317
266 270 0.265753
267 270 1.59451
267 271 0.354336
267 290 0.141735
267 302 0.425204
267 307 0.141735
267 309 0.283469
268 272 0.354336
268 302 0.141735
268 307 0.283469
269 272 1.77168
270 273 1.77168
270 274 0.265753
271 274 1.77168
271 275 0.177168
271 288 0.141735
271 307 0.708673
271 308 0.566938
271 309 0.141735
272 275 1.6831
272 276 0.177168
272 305 0.283469
272 306 0.566938
273 276 2.2146
273 277 0.354336
273 280 0.141735
274 277 1.94885
274 278 0.442919
274 288 0.425204
275 278 1.94885
275 279 1.06301
275 283 0.141735
275 286 0.566938
275 288 0.141735
275 308 0.425204
275 310 0.141735
276 279 1.77168
276 280 0.354336
277 280 1.50593
277 281 0.177168
278 281 1.77168
278 282 1.6831
278 283 0.531504
278 286 0.141735
278 288 0.141735
279 282 0.0885841
279 283 0.0885841
279 284 0.442919
283 286 0.425204
287 310 1.13388
288 308 0.566938
288 309 2.83469
288 310 3.11816
288 311 0.141735
289 311 3.6851
290 294 0.425204
290 309 0.283469
290 311 0.283469
290 312 2.69296
290 313 0.283469
291 294 0.283469
291 313 0.566938
293 298 0.177168
293 317 0.141735
294 298 0.265753
294 312 0.566938
294 313 0.283469
294 314 0.283469
294 317 0.283469
295 298 1.94885
295 299 0.442919
295 317 0.283469
296 299 1.50593
296 300 0.177168
297 300 1.6831
297 301 0.177168
298 301 1.86026
298 302 0.354336
299 302 1.77168
299 303 0.265753
299 312 0.708673
300 303 1.77168
300 304 0.442919
301 304 1.77168
301 305 0.531504
302 305 1.77168
302 306 1.50593
302 307 0.708673
302 312 0.141735
303 306 0.0885841
303 312 0.141735
309 312 1.41735
314 318 0.0885841
315 318 1.50593
315 319 0.0885841
316 319 1.59451
316 320 0.442919
316 322 0.0885841
317 320 1.50593
317 321 1.6831
317 322 0.354336
318 321 0.0885841
320 325 0.283469
321 324 2.97642
321 325 0.425204
322 325 0.141735
332 357 0.283469
333 346 0.566938
334 345 2.83469
334 346 0.708673
334 358 0.141735
334 359 2.83469
334 360 0.425204
335 343 0.850407
335 344 2.97642
336 343 3.54336
336 344 0.425204
336 346 0.141735
337 341 0.425204
337 342 2.83469
337 343 0.283469
338 341 0.141735
338 342 0.141735
340 344 0.566938
345 359 0.283469
345 360 0.141735
345 470 0.566938
345 474 0.425204
346 359 0.141735
346 474 0.141735
347 356 0.283469
347 474 0.283469
347 478 0.141735
348 356 0.141735
349 356 0.141735
349 475 0.141735
349 478 0.425204
349 479 0.141735
350 355 0.141735
350 356 0.141735
350 479 0.141735
351 479 0.141735
352 355 2.97642
352 356 0.141735
353 356 0.425204
353 471 0.283469
353 475 0.141735
354 399 0.566938
356 471 0.425204
356 475 0.283469
357 471 0.141735
358 362 0.850407
358 463 0.283469
358 467 0.141735
358 471 0.566938
359 362 0.566938
359 471 0.425204
359 474 0.141735
361 382 2.69296
361 383 1.98428
362 380 0.141735
362 381 2.97642
362 383 0.425204
362 416 0.141735
362 467 0.141735
363 379 0.141735
363 380 2.83469
363 381 0.425204
363 383 0.283469
363 414 0.425204
363 415 0.425204
363 416 1.13388
364 378 0.283469
364 379 2.83469
364 413 0.141735
364 414 2.69296
364 415 0.566938
365 378 2.83469
365 379 0.992142
365 381 0.708673
365 385 0.283469
365 386 0.425204
365 387 1.55908
365 388 0.850407
365 412 0.566938
365 413 3.25989
365 414 0.992142
366 377 2.55122
366 378 1.70081
366 411 0.141735
366 412 2.83469
366 413 0.425204
366 459 0.425204
367 375 2.40949
367 376 2.83469
367 377 0.566938
367 379 0.283469
367 393 0.283469
367 410 0.141735
367 411 2.69296
367 412 0.283469
368 373 0.425204
368 374 2.97642
368 376 0.141735
368 410 2.97642
368 411 0.708673
369 372 4.39377
369 373 2.83469
369 374 0.992142
369 376 0.141735
369 409 2.40949
370 409 0.566938
370 410 0.850407
370 411 0.141735
374 447 0.850407
375 445 0.141735
375 446 0.708673
375 447 0.425204
375 450 0.141735
376 395 0.141735
376 405 1.13388
376 459 0.141735
376 460 0.141735
377 459 1.55908
377 460 2.83469
378 395 0.141735
378 459 0.992142
378 460 0.283469
378 461 2.69296
378 462 0.425204
379 385 0.708673
379 387 0.141735
379 393 0.566938
379 394 0.141735
379 395 0.141735
379 462 2.83469
379 464 0.708673
380 461 0.141735
380 462 0.566938
380 463 2.97642
380 464 0.425204
380 467 0.141735
381 385 0.708673
381 464 0.141735
382 385 0.425204
382 467 0.283469
382 470 0.425204
385 390 0.708673
385 464 0.283469
386 389 3.11816
386 390 0.566938
387 390 1.13388
387 410 0.283469
387 412 0.141735
388 412 0.425204
390 393 0.283469
390 410 0.283469
391 408 0.850407
392 406 0.850407
392 407 2.97642
392 408 0.708673
393 405 0.141735
393 406 2.69296
393 407 0.425204
393 410 0.425204
394 404 1.13388
394 405 2.83469
394 406 1.13388
394 465 0.141735
395 404 2.83469
395 405 1.13388
395 407 0.141735
395 462 0.850407
396 401 0.566938
396 403 2.83469
396 404 0.283469
396 462 1.13388
396 463 0.283469
396 464 0.141735
396 465 0.283469
396 468 1.13388
397 400 3.82683
397 401 0.425204
397 403 0.283469
397 462 0.141735
398 401 0.141735
398 461 0.283469
398 462 0.141735
398 468 0.850407
400 403 0.425204
401 404 0.425204
401 468 0.283469
407 410 0.708673
413 417 0.141735
413 438 0.283469
418 421 0.141735
418 426 0.283469
418 427 0.141735
419 425 2.97642
419 426 2.83469
419 427 0.566938
420 423 0.566938
420 424 3.40163
420 425 0.566938
421 424 1.27561
425 428 0.141735
425 429 0.283469
427 430 0.566938
430 434 0.531504
430 435 0.0885841
431 434 2.30317
431 435 0.177168
432 435 1.77168
432 436 0.177168
433 436 1.77168
433 437 0.177168
434 437 1.86026
434 438 0.177168
435 438 1.77168
435 439 0.177168
436 439 1.77168
436 440 0.177168
437 440 1.77168
437 441 0.885841
438 441 1.77168
438 442 1.15159
439 442 1.77168
439 443 0.177168
440 443 1.86026
440 444 0.708673
441 444 1.77168
441 445 0.265753
442 445 1.77168
443 446 0.265753
443 451 0.566938
444 451 0.425204
446 450 0.265753
446 451 0.442919
446 459 0.141735
447 450 1.86026
447 451 0.0885841
448 451 2.03743
448 452 0.442919
449 452 0.442919
449 456 2.97642
449 457 0.566938
450 456 0.141735
450 457 0.850407
450 458 0.850407
450 459 0.566938
450 460 0.425204
452 455 0.708673
452 456 1.13388
463 467 0.0885841
464 467 1.94885
464 468 0.177168
465 468 1.77168
465 469 0.531504
466 469 1.77168
466 470 0.354336
467 470 1.77168
467 471 0.177168
468 471 1.77168
468 472 0.708673
469 472 1.6831
469 473 0.531504
470 473 1.50593
470 474 0.177168
471 474 1.77168
471 475 0.177168
472 475 1.77168
472 476 0.177168
473 476 1.77168
473 477 0.177168
474 477 1.77168
474 478 0.354336
475 478 1.6831
475 479 0.797255
476 479 1.77168
476 480 0.177168
477 480 2.03743
477 481 0.708673
478 481 1.77168
478 482 0.265753
479 482 1.6831
480 483 0.354336
481 484 0.354336
