L	Ls	nvertices	F_L	F_L_constrained	rho_sum	nloops	regions
  1	  0	  0	           0	           0	           0	 0	[(0, 1)]
  2	  0	  0	           0	           0	           0	 0	[(0, 2)]
  3	  0	  0	           0	           0	           0	 0	[(0, 3)]
  4	  0	  0	           0	           0	           0	 0	[(0, 4)]
  5	  0	  2	   -0.265664	   -0.265664	    0.260029	 0	[(0, 5)]
  6	  0	  2	   -0.265664	   -0.265664	    0.260029	 0	[(0, 6)]
  7	  0	  3	   -0.397485	   -0.397485	    0.388338	 0	[(0, 7)]
  8	  0	  3	   -0.397485	   -0.397485	    0.388338	 0	[(0, 8)]
  9	  0	  3	   -0.397485	   -0.397485	    0.388338	 0	[(0, 9)]
 10	  0	  5	   -0.397485	     3.86987	    0.433758	 1	[(0, 10)]
 11	  0	  7	   -0.397485	     2.08796	    0.413197	 1	[(0, 11)]
 12	  6	  7	   -0.397485	     4.58069	     5.55377	 0	[(6, 12)]
 13	  6	  8	   -0.397485	     4.30783	     5.99948	 0	[(6, 13)]
 14	  6	  9	   -0.397485	     4.25764	      6.5159	 0	[(6, 14)]
 15	  6	 10	   -0.397485	     4.80689	     6.70574	 0	[(6, 15)]
 16	  6	 11	   -0.397485	     4.97237	      6.6088	 0	[(6, 16)]
 17	  6	 12	   -0.397485	     4.96948	     6.59609	 0	[(6, 17)]
 18	  6	 12	   -0.397485	     4.96948	     6.59609	 0	[(6, 18)]
 19	  6	 12	   -0.397485	     4.96948	     6.59609	 0	[(6, 19)]
 20	  6	 12	   -0.397485	     4.96948	     6.59609	 0	[(6, 20)]
 21	 18	  2	   -0.397485	     3.70451	    0.323488	 1	[(18, 21)]
 22	 18	  4	   -0.397485	   -0.266651	    0.294927	 0	[(18, 22)]
 23	 18	  6	   -0.397485	     4.69941	     5.25699	 0	[(18, 23)]
 24	 18	  7	   -0.397485	     4.47471	     5.74471	 0	[(18, 24)]
 25	 18	  8	   -0.397485	     4.45134	     6.24847	 0	[(18, 25)]
 26	 18	  9	   -0.397485	     4.48858	     7.20271	 0	[(18, 26)]
 27	 18	 10	   -0.397485	     4.56902	     8.21981	 0	[(18, 27)]
 28	 18	 11	   -0.397485	     4.24305	     9.49888	 0	[(18, 28)]
 29	 18	 12	   -0.397485	     3.77026	     10.6785	 0	[(18, 29)]
 30	 18	 13	   -0.397485	     3.75408	     11.5714	 0	[(18, 30)]
 31	 18	 14	   -0.397485	     3.67317	     12.4458	 0	[(18, 31)]
 32	 18	 15	   -0.397485	     3.24249	     13.4878	 0	[(18, 32)]
 33	 18	 16	   -0.397485	     3.79424	     13.4566	 0	[(18, 33)]
 34	 18	 17	   -0.397485	     4.03082	      12.859	 0	[(18, 34)]
 35	 18	 17	   -0.397485	     4.03082	      12.859	 0	[(18, 35)]
 36	 18	 17	   -0.397485	     4.03082	      12.859	 0	[(18, 36)]
 37	 18	 17	   -0.397485	     4.03082	      12.859	 0	[(18, 37)]
 38	 18	 17	   -0.397485	     4.03082	      12.859	 0	[(18, 38)]
 39	 18	 17	   -0.397485	     4.03082	      12.859	 0	[(18, 39)]
 40	 18	 17	   -0.397485	     4.03082	      12.859	 0	[(18, 40)]
 41	 18	 17	   -0.397485	     4.03082	      12.859	 0	[(18, 41)]
 42	 18	 17	   -0.397485	     4.03082	      12.859	 0	[(18, 42)]
 43	 18	 17	   -0.397485	     4.03082	      12.859	 0	[(18, 43)]
 44	 18	 17	   -0.397485	     4.03082	      12.859	 0	[(18, 44)]
 45	 18	 17	   -0.397485	     4.03082	      12.859	 0	[(18, 45)]
 46	 18	 17	   -0.397485	     4.03082	      12.859	 0	[(18, 46)]
 47	 18	 17	   -0.397485	     4.03082	      12.859	 0	[(18, 47)]
 48	 18	 17	   -0.397485	     4.03082	      12.859	 0	[(18, 48)]
 49	 18	 19	   -0.397485	     3.71904	     13.2243	 0	[(18, 49)]
 50	 18	 21	   -0.397485	     3.76354	     13.1561	 0	[(18, 50)]
 51	 18	 22	   -0.397485	      3.7821	     13.1297	 0	[(18, 51)]
 52	 18	 23	   -0.397485	     3.77364	     13.1369	 0	[(18, 52)]
 53	 18	 23	   -0.397485	     3.77364	     13.1369	 0	[(18, 53)]
 54	 18	 23	   -0.397485	     3.77364	     13.1369	 0	[(18, 54)]
 55	 18	 23	   -0.397485	     3.77364	     13.1369	 0	[(18, 55)]
 56	 18	 23	   -0.397485	     3.77364	     13.1369	 0	[(18, 56)]
 57	 18	 23	   -0.397485	     3.77364	     13.1369	 0	[(18, 57)]
 58	 18	 25	   -0.397485	     3.51758	     13.3792	 0	[(18, 58)]
 59	 18	 25	   -0.397485	     3.51758	     13.3792	 0	[(18, 59)]
 60	 18	 27	   -0.397485	     3.37857	     13.5375	 0	[(18, 60)]
 61	 57	  4	   -0.397485	     2.24717	    0.292372	 1	[(57, 61)]
 62	 18	 30	   -0.397485	      3.4979	     13.4118	 0	[(18, 62)]
 63	 57	  7	   -0.397485	     4.63777	     5.77427	 0	[(57, 63)]
 64	 57	  8	   -0.397485	     4.58267	     6.27098	 0	[(57, 64)]
 65	 57	  9	   -0.397485	     4.58223	     6.77654	 0	[(57, 65)]
 66	 57	 10	   -0.397485	      5.0401	     7.09723	 0	[(57, 66)]
 67	 57	 10	   -0.397485	      5.0401	     7.09723	 0	[(57, 67)]
 68	 57	 11	   -0.397485	       4.869	     7.26683	 0	[(57, 68)]
 69	 57	 11	   -0.397485	       4.869	     7.26683	 0	[(57, 69)]
 70	 57	 11	   -0.397485	       4.869	     7.26683	 0	[(57, 70)]
 71	 57	 11	   -0.397485	       4.869	     7.26683	 0	[(57, 71)]
 72	 57	 11	   -0.397485	       4.869	     7.26683	 0	[(57, 72)]
 73	 57	 11	   -0.397485	       4.869	     7.26683	 0	[(57, 73)]
 74	 57	 12	   -0.397485	     11.2209	     7.39352	 1	[(57, 74)]
 75	 57	 13	   -0.397485	     11.2772	     7.41631	 1	[(57, 75)]
 76	 57	 14	   -0.397485	     11.3449	     7.40114	 1	[(57, 76)]
 77	 57	 15	   -0.397485	      11.216	     7.52455	 1	[(57, 77)]
 78	 57	 15	   -0.397485	      11.216	     7.52455	 1	[(57, 78)]
 79	 57	 16	   -0.397485	     13.1704	     7.65661	 2	[(57, 79)]
 80	 57	 16	   -0.397485	     13.1704	     7.65661	 2	[(57, 80)]
 81	 57	 16	   -0.397485	     13.1704	     7.65661	 2	[(57, 81)]
 82	 57	 16	   -0.397485	     13.1704	     7.65661	 2	[(57, 82)]
 83	 57	 16	   -0.397485	     13.1704	     7.65661	 2	[(57, 83)]
 84	 57	 16	   -0.397485	     13.1704	     7.65661	 2	[(57, 84)]
 85	 57	 19	   -0.397485	     12.9459	     7.96509	 2	[(57, 85)]
 86	 70	  7	   -0.397485	     5.88635	     0.56076	 1	[(70, 86)]
 87	 70	 10	   -0.397485	     6.10033	    0.534367	 1	[(70, 87)]
 88	 70	 11	   -0.397485	     6.27393	    0.547253	 1	[(70, 88)]
 89	 70	 14	   -0.397485	     10.8158	     6.69821	 1	[(70, 89)]
 90	 70	 16	   -0.397485	     11.1209	     6.99758	 1	[(70, 90)]
 91	 70	 17	   -0.397485	     10.0843	     7.60931	 1	[(70, 91)]
 92	 70	 18	   -0.397485	     10.8398	     7.92266	 1	[(70, 92)]
 93	 70	 18	   -0.397485	     10.8398	     7.92266	 1	[(70, 93)]
 94	 70	 18	   -0.397485	     10.8398	     7.92266	 1	[(70, 94)]
 95	 70	 18	   -0.397485	     10.8398	     7.92266	 1	[(70, 95)]
 96	 70	 20	   -0.397485	     11.0833	     8.21147	 1	[(70, 96)]
 97	 70	 22	   -0.397485	     11.5888	     11.6482	 1	[(70, 97)]
 98	 70	 23	   -0.397485	     11.9816	     12.3492	 1	[(70, 98)]
 99	 70	 25	   -0.397485	     14.0686	     12.7114	 1	[(70, 99)]
100	 70	 26	   -0.397485	     20.3731	     12.6041	 2	[(70, 100)]
101	 70	 27	   -0.397485	     20.5393	      12.527	 2	[(70, 101)]
102	 70	 27	   -0.397485	     20.5393	      12.527	 2	[(70, 102)]
103	100	  2	   -0.397485	     3.71596	     0.29741	 1	[(100, 103)]
104	100	  4	   -0.397485	     2.25348	    0.296333	 1	[(100, 104)]
105	100	  6	   -0.397485	     4.52336	     5.23573	 0	[(100, 105)]
106	100	  7	   -0.397485	     4.63444	      5.7758	 0	[(100, 106)]
107	100	  8	   -0.397485	     4.18689	     6.19567	 0	[(100, 107)]
108	100	  9	   -0.397485	     4.11572	     7.53907	 0	[(100, 108)]
109	100	 10	   -0.397485	     4.07287	     8.56505	 0	[(100, 109)]
110	100	 11	   -0.397485	      4.6452	     8.15737	 0	[(100, 110)]
111	100	 12	   -0.397485	     4.67337	      8.3062	 0	[(100, 111)]
112	100	 13	   -0.397485	     4.68432	     8.25897	 0	[(100, 112)]
113	100	 14	   -0.397485	     5.44405	     11.7517	 0	[(100, 113)]
114	100	 15	   -0.397485	     5.45011	     13.0657	 0	[(100, 114)]
115	100	 16	   -0.397485	     5.36838	     14.2611	 0	[(100, 115)]
116	100	 17	   -0.397485	     5.15764	     15.4238	 0	[(100, 116)]
117	100	 18	   -0.397485	     5.02015	     16.3966	 0	[(100, 117)]
118	100	 19	   -0.397485	     4.83337	     17.4055	 0	[(100, 118)]
119	100	 20	   -0.397485	     4.69737	     18.3606	 0	[(100, 119)]
120	100	 21	   -0.397485	     4.30456	     19.4731	 0	[(100, 120)]
121	100	 22	   -0.397485	     4.01316	     20.4862	 0	[(100, 121)]
122	100	 23	   -0.397485	     3.79628	     21.4611	 0	[(100, 122)]
123	100	 24	   -0.397485	     3.42667	     22.4746	 0	[(100, 123)]
124	100	 25	   -0.397485	     3.19773	      23.438	 0	[(100, 124)]
125	100	 26	   -0.397485	     3.05033	     24.3725	 0	[(100, 125)]
126	100	 27	   -0.397485	       3.105	     25.0707	 0	[(100, 126)]
127	100	 28	   -0.397485	     3.47778	     24.9341	 0	[(100, 127)]
128	100	 29	   -0.397485	      3.6041	     24.4818	 0	[(100, 128)]
129	100	 30	   -0.397485	     3.63931	     24.2896	 0	[(100, 129)]
130	100	 31	   -0.397485	     3.63432	      24.266	 0	[(100, 130)]
131	100	 31	   -0.397485	     3.63432	      24.266	 0	[(100, 131)]
132	100	 31	   -0.397485	     3.63432	      24.266	 0	[(100, 132)]
133	100	 31	   -0.397485	     3.63432	      24.266	 0	[(100, 133)]
134	100	 31	   -0.397485	     3.63432	      24.266	 0	[(100, 134)]
135	100	 31	   -0.397485	     3.63432	      24.266	 0	[(100, 135)]
136	100	 33	   -0.397485	     3.37826	     24.5084	 0	[(100, 136)]
137	100	 35	   -0.397485	     3.38218	     24.5276	 0	[(100, 137)]
138	100	 37	   -0.397485	     3.48222	     24.4221	 0	[(100, 138)]
139	100	 37	   -0.397485	     3.48222	     24.4221	 0	[(100, 139)]
140	100	 37	   -0.397485	     3.48222	     24.4221	 0	[(100, 140)]
141	100	 37	   -0.397485	     3.48222	     24.4221	 0	[(100, 141)]
142	139	  2	   -0.397485	     3.70932	     0.31223	 1	[(139, 142)]
143	139	  4	   -0.397485	   -0.257948	    0.274772	 0	[(139, 143)]
144	139	  6	   -0.397485	   -0.146652	    0.150996	 0	[(139, 144)]
145	139	  7	   -0.397485	     5.61168	     5.51031	 0	[(139, 145)]
146	139	  8	   -0.397485	     5.71049	     5.99514	 0	[(139, 146)]
147	139	  9	   -0.397485	     5.43764	     6.07711	 0	[(139, 147)]
148	139	 10	   -0.397485	     5.17838	      6.3107	 0	[(139, 148)]
149	139	 11	   -0.397485	     4.96966	     6.62988	 0	[(139, 149)]
150	139	 12	   -0.397485	     4.87475	     6.99071	 0	[(139, 150)]
151	139	 13	   -0.397485	     4.74559	     7.84577	 0	[(139, 151)]
152	139	 14	   -0.397485	     4.35745	     9.22475	 0	[(139, 152)]
153	139	 15	   -0.397485	     4.33962	     10.1401	 0	[(139, 153)]
154	139	 16	   -0.397485	     3.05671	     11.4579	 0	[(139, 154)]
155	100	 56	   -0.397485	     1.16719	     36.9722	 0	[(100, 155)]
156	100	 57	   -0.397485	    0.621559	     39.7211	 0	[(100, 156)]
157	100	 58	   -0.397485	    0.583138	     41.9747	 0	[(100, 157)]
158	100	 59	     -1.0422	     -1.0422	      43.908	 0	[(100, 158)]
159	139	 20	     -1.0422	     3.49132	     12.2652	 0	[(139, 159)]
160	100	 61	     -1.0422	     6.61752	     44.3367	 1	[(100, 160)]
161	100	 61	     -1.0422	     6.61752	     44.3367	 1	[(100, 161)]
162	100	 62	     -1.0422	     9.11071	     44.4799	 2	[(100, 162)]
163	160	 61	     -1.0422	      2.6694	      44.215	 1	[(100, 158), (160, 163)]
164	160	 63	     -1.0422	     1.20429	     44.2016	 1	[(100, 158), (160, 164)]
165	160	 65	     -1.0422	     3.68334	     49.1848	 0	[(100, 158), (160, 165)]
166	160	 66	     -1.0422	     3.62372	     49.7059	 0	[(100, 158), (160, 166)]
167	160	 67	     -1.0422	     3.32729	     50.1697	 0	[(100, 158), (160, 167)]
168	160	 68	     -1.0422	     3.24953	     50.6672	 0	[(100, 158), (160, 168)]
169	160	 69	     -1.0422	     2.85927	     52.0322	 0	[(100, 158), (160, 169)]
170	160	 70	     -1.0422	     3.45694	     51.5898	 0	[(100, 158), (160, 170)]
171	160	 71	     -1.0422	     3.60925	     51.1891	 0	[(100, 158), (160, 171)]
172	160	 71	     -1.0422	     3.60925	     51.1891	 0	[(100, 158), (160, 172)]
173	160	 71	     -1.0422	     3.60925	     51.1891	 0	[(100, 158), (160, 173)]
174	160	 71	     -1.0422	     3.60925	     51.1891	 0	[(100, 158), (160, 174)]
175	160	 71	     -1.0422	     3.60925	     51.1891	 0	[(100, 158), (160, 175)]
176	160	 71	     -1.0422	     3.60925	     51.1891	 0	[(100, 158), (160, 176)]
177	160	 71	     -1.0422	     3.60925	     51.1891	 0	[(100, 158), (160, 177)]
178	160	 71	     -1.0422	     3.60925	     51.1891	 0	[(100, 158), (160, 178)]
179	175	 62	     -1.0422	      2.8702	     44.1865	 1	[(100, 158), (175, 179)]
180	175	 64	     -1.0422	     1.31069	     44.1717	 1	[(100, 158), (175, 180)]
181	175	 66	    -1.20253	    -1.20253	     44.0743	 0	[(100, 158), (175, 181)]
182	175	 67	    -1.20253	     4.06349	     49.9678	 0	[(100, 158), (175, 182)]
183	175	 68	    -1.20253	     3.99993	     50.3719	 0	[(100, 158), (175, 183)]
184	175	 69	    -1.20253	     3.96819	     50.8178	 0	[(100, 158), (175, 184)]
185	175	 70	    -1.20253	     4.51033	     50.9696	 0	[(100, 158), (175, 185)]
186	175	 71	    -1.20253	     4.64514	      50.878	 0	[(100, 158), (175, 186)]
187	175	 71	    -1.20253	     4.64514	      50.878	 0	[(100, 158), (175, 187)]
188	185	 61	    -1.20253	     2.65976	     44.2376	 1	[(100, 158), (185, 188)]
189	185	 63	    -1.20253	     1.20086	     44.2082	 1	[(100, 158), (185, 189)]
190	185	 65	    -1.20253	     2.11031	     48.7993	 0	[(100, 158), (185, 190)]
191	185	 66	    -1.20253	     1.75024	     50.1655	 0	[(100, 158), (185, 191)]
192	185	 67	    -1.20253	    0.720674	     51.3563	 0	[(100, 158), (185, 192)]
193	185	 68	    -1.20253	    0.598747	      52.154	 0	[(100, 158), (185, 193)]
194	185	 69	    -1.20253	    0.425447	     53.0282	 0	[(100, 158), (185, 194)]
195	185	 70	    -1.20253	   -0.100271	     54.0636	 0	[(100, 158), (185, 195)]
196	185	 71	    -1.20253	   -0.117595	     54.9427	 0	[(100, 158), (185, 196)]
197	185	 72	    -1.20253	    0.371756	     54.9821	 0	[(100, 158), (185, 197)]
198	185	 72	    -1.20253	    0.371756	     54.9821	 0	[(100, 158), (185, 198)]
199	185	 72	    -1.20253	    0.371756	     54.9821	 0	[(100, 158), (185, 199)]
200	185	 72	    -1.20253	    0.371756	     54.9821	 0	[(100, 158), (185, 200)]
201	185	 74	    -1.20253	     0.46881	       54.53	 0	[(100, 158), (185, 201)]
202	185	 74	    -1.20253	     0.46881	       54.53	 0	[(100, 158), (185, 202)]
203	185	 76	    -1.20253	   -0.283423	     55.6052	 0	[(100, 158), (185, 203)]
204	185	 76	    -1.20253	   -0.283423	     55.6052	 0	[(100, 158), (185, 204)]
205	185	 77	    -1.20253	   -0.573858	     55.8586	 0	[(100, 158), (185, 205)]
206	185	 78	    -1.20253	   -0.576385	     55.9106	 0	[(100, 158), (185, 206)]
207	185	 79	    -1.20253	     6.27902	     55.8371	 1	[(100, 158), (185, 207)]
208	185	 79	    -1.20253	     6.27902	     55.8371	 1	[(100, 158), (185, 208)]
209	185	 80	    -1.20253	     8.85704	      55.959	 2	[(100, 158), (185, 209)]
210	185	 81	    -1.20253	     9.11903	     55.9756	 2	[(100, 158), (185, 210)]
211	185	 83	    -1.20253	     6.39059	     55.9455	 1	[(100, 158), (185, 211)]
212	185	 83	    -1.20253	     6.39059	     55.9455	 1	[(100, 158), (185, 212)]
213	185	 84	    -1.20253	     8.32754	     56.0725	 2	[(100, 158), (185, 213)]
214	185	 84	    -1.20253	     8.32754	     56.0725	 2	[(100, 158), (185, 214)]
215	207	 65	    -1.20253	     3.19243	     44.3151	 1	[(100, 158), (207, 215)]
216	207	 68	    -1.20253	     5.29829	     50.6239	 1	[(100, 158), (207, 216)]
217	207	 70	    -1.20253	     5.18096	     52.0999	 0	[(100, 158), (207, 217)]
218	207	 71	    -1.20253	     5.24097	     52.8368	 0	[(100, 158), (207, 218)]
219	207	 72	    -1.20253	     5.02098	     53.7013	 0	[(100, 158), (207, 219)]
220	207	 73	    -1.20253	     4.95733	     54.7237	 0	[(100, 158), (207, 220)]
221	207	 74	    -1.20253	     4.74334	     55.8168	 0	[(100, 158), (207, 221)]
222	207	 75	    -1.20253	     4.17952	     56.9517	 0	[(100, 158), (207, 222)]
223	207	 76	    -1.20253	     4.78628	      57.141	 0	[(100, 158), (207, 223)]
224	207	 77	    -1.20253	     4.92299	     57.4393	 0	[(100, 158), (207, 224)]
225	207	 78	    -1.20253	     5.06773	     56.8536	 0	[(100, 158), (207, 225)]
226	207	 78	    -1.20253	     5.06773	     56.8536	 0	[(100, 158), (207, 226)]
227	207	 79	    -1.20253	     7.23186	     59.5544	 1	[(100, 158), (207, 227)]
228	207	 80	    -1.20253	     7.42039	     59.9238	 1	[(100, 158), (207, 228)]
229	207	 80	    -1.20253	     7.42039	     59.9238	 1	[(100, 158), (207, 229)]
230	207	 80	    -1.20253	     7.42039	     59.9238	 1	[(100, 158), (207, 230)]
231	202	 88	    -1.20253	     7.80408	     67.8143	 1	[(100, 158), (202, 231)]
232	185	105	    -1.20253	     6.07824	     81.6714	 2	[(100, 158), (185, 232)]
233	185	106	    -1.20253	     6.79439	     82.0181	 2	[(100, 158), (185, 233)]
234	185	106	    -1.20253	     6.79439	     82.0181	 2	[(100, 158), (185, 234)]
235	185	107	    -1.20253	     6.57539	     82.2218	 2	[(100, 158), (185, 235)]
236	185	108	    -1.20253	     6.61036	     82.2123	 2	[(100, 158), (185, 236)]
237	185	108	    -1.20253	     6.61036	     82.2123	 2	[(100, 158), (185, 237)]
238	185	108	    -1.20253	     6.61036	     82.2123	 2	[(100, 158), (185, 238)]
239	185	109	    -1.20253	     6.42986	     82.4668	 2	[(100, 158), (185, 239)]
240	185	111	    -1.20253	     7.18101	     82.0533	 2	[(100, 158), (185, 240)]
241	185	111	    -1.20253	     7.18101	     82.0533	 2	[(100, 158), (185, 241)]
242	185	111	    -1.20253	     7.18101	     82.0533	 2	[(100, 158), (185, 242)]
243	185	112	    -1.20253	     15.0021	     86.1734	 3	[(100, 158), (185, 243)]
244	185	112	    -1.20253	     15.0021	     86.1734	 3	[(100, 158), (185, 244)]
245	242	 61	    -1.20253	     2.64208	     44.2844	 1	[(100, 158), (242, 245)]
246	242	 63	    -1.20253	     1.19881	     44.2188	 1	[(100, 158), (242, 246)]
247	242	 65	    -1.20253	     2.43211	      48.879	 0	[(100, 158), (242, 247)]
248	242	 66	    -1.20253	     2.07698	     49.9491	 0	[(100, 158), (242, 248)]
249	242	 67	    -1.20253	     1.99915	     51.0004	 0	[(100, 158), (242, 249)]
250	242	 68	    -1.20253	       1.921	     51.9214	 0	[(100, 158), (242, 250)]
251	242	 69	    -1.20253	     1.72274	     52.9025	 0	[(100, 158), (242, 251)]
252	242	 70	    -1.20253	     1.61687	     53.8984	 0	[(100, 158), (242, 252)]
253	242	 71	    -1.20253	     1.44643	     54.9317	 0	[(100, 158), (242, 253)]
254	242	 72	    -1.20253	     1.11619	     56.0114	 0	[(100, 158), (242, 254)]
255	242	 73	    -1.20253	    0.907107	     57.0072	 0	[(100, 158), (242, 255)]
256	242	 74	    -1.20253	    0.551441	     58.0409	 0	[(100, 158), (242, 256)]
257	242	 75	    -1.20253	   -0.369788	     59.2084	 0	[(100, 158), (242, 257)]
258	242	 76	    -1.20253	   -0.488472	     60.0021	 0	[(100, 158), (242, 258)]
259	242	 77	    -1.20253	    -0.91654	     60.9116	 0	[(100, 158), (242, 259)]
260	242	 78	    -1.20253	   -0.275817	      60.809	 0	[(100, 158), (242, 260)]
261	242	 79	    -1.20253	  -0.0480726	     60.4771	 0	[(100, 158), (242, 261)]
262	242	 80	    -1.20253	  -0.0398292	     60.4128	 0	[(100, 158), (242, 262)]
263	242	 80	    -1.20253	  -0.0398292	     60.4128	 0	[(100, 158), (242, 263)]
264	242	 81	    -1.20253	   -0.293118	     60.6383	 0	[(100, 158), (242, 264)]
265	242	 81	    -1.20253	   -0.293118	     60.6383	 0	[(100, 158), (242, 265)]
266	242	 82	    -1.20253	   -0.459312	     60.7944	 0	[(100, 158), (242, 266)]
267	242	 82	    -1.20253	   -0.459312	     60.7944	 0	[(100, 158), (242, 267)]
268	242	 82	    -1.20253	   -0.459312	     60.7944	 0	[(100, 158), (242, 268)]
269	242	 82	    -1.20253	   -0.459312	     60.7944	 0	[(100, 158), (242, 269)]
270	242	 82	    -1.20253	   -0.459312	     60.7944	 0	[(100, 158), (242, 270)]
271	242	 82	    -1.20253	   -0.459312	     60.7944	 0	[(100, 158), (242, 271)]
272	242	 82	    -1.20253	   -0.459312	     60.7944	 0	[(100, 158), (242, 272)]
273	242	 82	    -1.20253	   -0.459312	     60.7944	 0	[(100, 158), (242, 273)]
274	270	 62	    -1.20253	     2.85626	     44.1989	 1	[(100, 158), (270, 274)]
275	270	 64	    -1.20253	     1.33066	     44.1762	 1	[(100, 158), (270, 275)]
276	270	 66	    -1.20253	     3.84559	     49.4883	 0	[(100, 158), (270, 276)]
277	270	 67	    -1.20253	     3.58808	     49.9104	 0	[(100, 158), (270, 277)]
278	270	 68	    -1.20253	     3.62558	     50.3754	 0	[(100, 158), (270, 278)]
279	270	 69	    -1.20253	     4.10118	     50.6838	 0	[(100, 158), (270, 279)]
280	270	 69	    -1.20253	     4.10118	     50.6838	 0	[(100, 158), (270, 280)]
281	270	 70	    -1.20253	     3.25625	     51.9122	 0	[(100, 158), (270, 281)]
282	270	 71	    -1.20253	     3.30166	     52.5427	 0	[(100, 158), (270, 282)]
283	185	153	    -1.20253	     3.08276	     122.643	 4	[(100, 158), (185, 283)]
284	185	154	    -1.20253	     1.38311	     123.623	 4	[(100, 158), (185, 284)]
285	185	155	    -1.20253	    -1.16179	     125.062	 4	[(100, 158), (185, 285)]
286	100	182	    -1.87469	    -1.87469	     153.349	 6	[(100, 286)]
287	100	183	    -4.89361	    -4.89361	     155.377	 6	[(100, 287)]
288	185	 98	    -4.89361	   -0.585608	     83.5016	 4	[(185, 288)]
289	185	 98	    -4.89361	   -0.585608	     83.5016	 4	[(185, 289)]
290	185	 99	    -4.89361	    -0.72437	     83.6312	 4	[(185, 290)]
291	185	101	    -4.89361	   -0.299322	     83.5728	 4	[(185, 291)]
292	100	188	    -4.89361	      1.3046	      160.07	 7	[(100, 292)]
293	100	189	    -4.89361	  -0.0227372	     161.213	 7	[(100, 293)]
294	100	190	    -4.89361	    0.379042	     161.757	 7	[(100, 294)]
295	100	191	    -4.89361	    0.912421	     161.674	 7	[(100, 295)]
296	100	192	    -4.89361	    0.190879	     162.463	 7	[(100, 296)]
297	100	193	    -4.89361	    0.390596	      162.45	 7	[(100, 297)]
298	100	194	    -4.89361	    0.621322	     162.088	 7	[(100, 298)]
299	100	195	    -4.89361	    0.371116	     162.314	 7	[(100, 299)]
300	100	196	    -4.89361	    0.443811	     162.255	 7	[(100, 300)]
301	100	197	    -4.89361	    0.444542	     162.287	 7	[(100, 301)]
302	100	197	    -4.89361	    0.444542	     162.287	 7	[(100, 302)]
303	100	197	    -4.89361	    0.444542	     162.287	 7	[(100, 303)]
304	100	197	    -4.89361	    0.444542	     162.287	 7	[(100, 304)]
305	100	197	    -4.89361	    0.444542	     162.287	 7	[(100, 305)]
306	100	197	    -4.89361	    0.444542	     162.287	 7	[(100, 306)]
307	100	197	    -4.89361	    0.444542	     162.287	 7	[(100, 307)]
308	100	199	    -4.89361	    0.178878	     162.547	 7	[(100, 308)]
309	100	201	    -4.89361	    0.167766	     162.612	 7	[(100, 309)]
310	 34	270	    -4.89361	    0.259297	     232.143	11	[(34, 310)]
311	 34	271	    -4.89361	    -4.20444	     233.263	11	[(34, 311)]
312	 34	272	    -4.89361	    -3.54546	     233.671	11	[(34, 312)]
313	 34	272	    -4.89361	    -3.54546	     233.671	11	[(34, 313)]
314	 34	272	    -4.89361	    -3.54546	     233.671	11	[(34, 314)]
315	 34	272	    -4.89361	    -3.54546	     233.671	11	[(34, 315)]
316	 34	274	    -4.89361	    -3.76875	     234.283	11	[(34, 316)]
317	 34	275	    -4.89361	    -3.62877	     234.392	11	[(34, 317)]
318	 34	276	    -5.74147	    -5.74147	     235.944	11	[(34, 318)]
319	 34	277	    -5.74147	    -5.26538	     236.136	11	[(34, 319)]
320	 34	278	    -5.74147	    -5.61963	     236.917	11	[(34, 320)]
321	 34	279	    -5.74147	     -5.2761	     236.689	11	[(34, 321)]
322	 34	279	    -5.74147	     -5.2761	     236.689	11	[(34, 322)]
323	 34	280	    -5.74147	     -5.4174	     236.836	11	[(34, 323)]
324	 34	280	    -5.74147	     -5.4174	     236.836	11	[(34, 324)]
325	 34	281	    -5.74147	     -5.5661	     236.971	11	[(34, 325)]
326	 34	281	    -5.74147	     -5.5661	     236.971	11	[(34, 326)]
327	 34	281	    -5.74147	     -5.5661	     236.971	11	[(34, 327)]
328	 34	281	    -5.74147	     -5.5661	     236.971	11	[(34, 328)]
329	320	  2	    -5.74147	     3.74166	    0.246413	 1	[(320, 329)]
330	320	  5	    -5.74147	       4.367	    0.259895	 1	[(320, 330)]
331	320	  6	    -5.74147	     6.36817	     3.78479	 1	[(320, 331)]
332	 34	288	    -5.74147	     7.30104	     242.274	13	[(34, 332)]
333	 34	289	    -5.74147	     7.34265	     245.842	13	[(34, 333)]
334	 34	290	    -5.74147	     4.98449	     247.988	13	[(34, 334)]
335	 34	291	    -5.74147	     2.64133	      249.14	13	[(34, 335)]
336	 34	292	    -5.74147	     3.17075	     249.636	13	[(34, 336)]
337	 34	293	    -5.74147	     3.69913	       249.6	13	[(34, 337)]
338	 34	294	    -5.74147	     3.77129	     249.507	13	[(34, 338)]
339	 34	295	    -5.74147	     3.78958	     249.522	13	[(34, 339)]
340	 34	296	    -5.74147	     3.73028	     249.515	13	[(34, 340)]
341	 34	296	    -5.74147	     3.73028	     249.515	13	[(34, 341)]
342	 34	296	    -5.74147	     3.73028	     249.515	13	[(34, 342)]
343	 34	297	    -5.74147	     3.54832	     249.689	13	[(34, 343)]
344	 34	298	    -5.74147	       3.393	     249.888	13	[(34, 344)]
345	 34	299	    -5.74147	     3.42606	     249.891	13	[(34, 345)]
346	340	285	    -5.74147	    -1.97812	     237.414	12	[(34, 328), (340, 346)]
347	340	287	    -5.74147	    -1.45893	     237.355	12	[(34, 328), (340, 347)]
348	340	289	    -5.74147	    -1.11388	     237.235	12	[(34, 328), (340, 348)]
349	340	290	    -5.74147	     2.77208	     243.303	12	[(34, 328), (340, 349)]
350	340	291	    -5.74147	     3.09938	     243.924	12	[(34, 328), (340, 350)]
351	340	291	    -5.74147	     3.09938	     243.924	12	[(34, 328), (340, 351)]
352	340	291	    -5.74147	     3.09938	     243.924	12	[(34, 328), (340, 352)]
353	 34	311	    -5.74147	     5.97726	     262.961	15	[(34, 353)]
354	 34	312	    -5.74147	     2.40843	     264.056	15	[(34, 354)]
355	 34	313	    -5.74147	   -0.460077	     265.073	15	[(34, 355)]
356	 34	314	    -5.74147	    -1.43362	     266.009	15	[(34, 356)]
357	 34	315	    -5.74147	    -3.66766	     267.048	15	[(34, 357)]
358	 34	316	    -6.47286	    -6.47286	     268.222	15	[(34, 358)]
359	 34	317	    -8.43094	    -8.43094	     269.283	15	[(34, 359)]
360	 34	318	    -11.7705	    -11.7705	     271.327	15	[(34, 360)]
361	 34	320	    -13.9737	    -13.9737	     273.705	14	[(34, 361)]
362	 34	321	    -16.3912	    -16.3912	     274.719	14	[(34, 362)]
363	 34	322	    -18.3647	    -18.3647	      275.72	14	[(34, 363)]
364	 34	323	    -18.3647	    -17.7096	     276.108	14	[(34, 364)]
365	 34	324	    -18.3647	    -17.2544	     276.092	14	[(34, 365)]
366	 34	324	    -18.3647	    -17.2544	     276.092	14	[(34, 366)]
367	 34	325	    -18.3647	    -17.5045	     276.323	14	[(34, 367)]
368	 34	326	    -18.3647	    -12.6994	     276.283	15	[(34, 368)]
369	 34	327	    -18.3647	    -11.8743	     276.404	15	[(34, 369)]
370	 34	328	    -18.3647	    -11.6386	      276.34	15	[(34, 370)]
371	 34	329	    -18.3647	    -11.9752	     276.594	15	[(34, 371)]
372	 34	330	    -18.3647	    -11.9856	      276.53	15	[(34, 372)]
373	 34	331	    -18.3647	    -12.0191	     276.471	15	[(34, 373)]
374	 34	332	    -18.3647	      -12.97	     282.165	15	[(34, 374)]
375	 34	333	    -18.3647	    -14.1048	     283.541	15	[(34, 375)]
376	 34	334	    -18.3647	    -16.9491	     284.879	15	[(34, 376)]
377	 34	335	    -18.3647	    -18.0316	     285.861	15	[(34, 377)]
378	 34	336	    -18.5474	    -18.5474	     286.786	15	[(34, 378)]
379	 34	337	    -18.8039	    -18.8039	     287.607	15	[(34, 379)]
380	 34	338	     -23.326	     -23.326	     288.918	15	[(34, 380)]
381	 34	339	    -23.6583	    -23.6583	     289.793	15	[(34, 381)]
382	 34	340	    -24.5277	    -24.5277	     291.025	15	[(34, 382)]
383	 34	341	    -25.2031	    -25.2031	     292.066	15	[(34, 383)]
384	 34	342	    -27.4462	    -27.4462	     294.002	15	[(34, 384)]
385	 34	343	    -27.6035	    -27.6035	     294.801	15	[(34, 385)]
386	 34	344	    -27.7994	    -27.7994	     295.591	15	[(34, 386)]
387	 34	345	    -27.7994	    -27.6561	     296.152	15	[(34, 387)]
388	 34	346	    -29.1738	    -29.1738	     297.515	15	[(34, 388)]
389	 34	346	    -29.1738	    -29.1738	     297.515	15	[(34, 389)]
