nresidues = 389
1 5 0.3125
1 7 0.125
1 10 0.25
5 139 0.125
5 141 0.0625
6 10 0.195312
6 11 0.078125
6 16 0.0625
7 10 1.09375
7 11 0.078125
8 11 0.742188
8 12 0.078125
9 12 0.820312
9 13 0.078125
10 13 0.859375
10 14 0.742188
10 15 0.078125
11 14 0.0390625
11 64 0.125
12 63 0.125
12 64 0.375
12 65 0.0625
12 66 0.1875
12 100 0.1875
13 100 0.25
14 17 0.25
16 102 0.125
17 99 0.3125
17 102 0.4375
18 21 0.898438
18 102 0.25
19 22 0.78125
19 23 0.0390625
20 23 0.664062
20 24 0.117188
21 24 0.820312
21 25 0.0390625
21 94 0.125
21 98 0.0625
21 101 0.5625
21 102 0.125
22 25 0.820312
22 26 0.078125
23 26 0.78125
23 27 0.078125
24 27 0.664062
24 28 0.195312
24 94 0.0625
25 28 0.820312
25 29 0.234375
25 95 0.125
25 99 0.125
26 29 0.820312
26 30 0.117188
27 30 0.664062
27 31 0.078125
28 31 0.742188
28 32 0.820312
28 33 0.195312
28 94 0.0625
29 32 0.195312
29 34 0.117188
34 93 0.6875
34 95 0.1875
34 96 0.125
35 92 0.0625
35 93 1.4375
35 306 0.0625
35 307 0.4375
36 92 1.25
36 306 1.3125
36 307 0.1875
37 90 0.0625
37 91 1.25
37 92 0.3125
37 93 0.0625
37 94 0.0625
37 303 0.125
37 305 1.3125
37 306 0.25
38 90 1.375
38 91 0.0625
38 303 1.1875
38 304 1.1875
38 305 0.25
38 320 0.4375
39 89 1.25
39 90 0.125
39 301 0.1875
39 302 1.25
39 303 0.125
40 86 0.1875
40 88 1.1875
40 89 0.25
40 300 0.0625
40 301 1.375
40 302 0.25
40 304 0.1875
40 316 0.1875
41 85 0.0625
41 86 1.1875
41 87 0.125
41 88 0.25
41 108 0.0625
41 300 1.1875
41 301 0.0625
42 85 0.1875
42 86 0.0625
42 298 0.0625
42 299 1.3125
42 300 0.125
42 316 0.1875
43 83 1.3125
43 84 0.0625
43 297 0.0625
43 298 0.3125
43 299 0.25
44 83 0.125
44 84 0.375
46 49 1.125
46 50 0.125
46 51 0.1875
46 52 0.25
46 81 0.125
46 83 0.0625
46 297 0.0625
47 50 0.4375
47 295 0.0625
47 296 0.0625
48 295 0.25
50 116 0.125
50 120 1.375
50 272 0.0625
51 82 0.0625
52 80 0.0625
52 81 1.25
52 82 0.1875
52 116 0.0625
52 123 0.125
52 386 0.5
52 387 0.625
52 388 0.125
53 79 0.0625
53 80 1.25
53 81 0.4375
53 116 0.375
54 79 1.1875
54 80 0.0625
54 81 0.1875
54 112 0.3125
54 115 0.25
54 116 0.1875
54 119 0.125
55 58 0.0625
55 75 0.125
55 77 1.25
55 78 0.125
55 79 0.125
55 87 0.0625
55 112 0.25
56 77 0.375
56 107 0.0625
56 108 0.25
56 111 1.4375
56 112 0.1875
56 115 0.0625
57 60 0.742188
57 61 0.078125
57 77 0.25
57 108 0.1875
58 61 0.78125
58 62 0.0390625
58 74 0.0625
58 75 0.125
58 76 0.0625
58 77 0.375
59 62 0.78125
59 63 0.0390625
59 77 0.125
59 148 0.25
59 367 0.25
59 368 0.0625
60 63 0.78125
60 64 0.078125
60 107 0.5
61 64 0.78125
61 65 0.15625
61 88 0.0625
61 104 0.125
61 107 0.125
61 108 0.125
62 65 0.703125
62 66 0.078125
62 357 0.0625
62 358 0.1875
62 367 0.0625
63 66 0.195312
64 68 0.0625
64 100 0.125
64 103 0.125
64 107 0.1875
65 68 0.1875
65 90 0.0625
65 100 0.125
65 358 0.0625
66 361 1.375
66 363 0.125
67 361 0.1875
68 100 0.1875
68 360 1.125
68 361 0.125
69 96 0.125
69 360 0.0625
70 90 0.0625
70 91 1.4375
70 92 0.0625
70 97 0.0625
70 358 0.125
70 359 1.125
70 360 1.1875
71 89 0.0625
71 90 1.3125
71 91 0.0625
71 358 1.375
71 359 0.5
71 360 0.0625
72 89 1.25
72 356 1.125
72 357 1.625
72 358 0.25
73 88 1.375
73 89 0.125
73 91 0.25
73 354 0.0625
73 355 1.375
73 356 0.0625
74 87 1.25
74 353 0.1875
74 354 1.375
74 355 0.375
74 357 0.0625
75 79 0.1875
75 86 0.0625
75 87 0.125
75 323 0.0625
75 353 0.125
76 79 0.5
76 353 0.0625
76 376 0.1875
77 148 0.25
77 152 0.0625
77 373 0.125
77 376 0.125
78 373 0.0625
78 376 0.25
78 377 0.125
78 380 0.1875
79 325 0.0625
79 376 0.4375
79 380 0.4375
80 119 0.0625
80 331 0.375
80 380 0.25
80 386 0.0625
81 85 0.25
81 87 0.1875
81 297 0.0625
81 299 0.1875
82 85 1
82 331 0.375
84 317 0.1875
85 331 0.3125
85 333 0.0625
86 354 0.125
87 299 0.125
89 320 0.0625
89 321 0.1875
89 354 0.0625
90 97 0.125
90 104 0.0625
91 320 0.375
92 97 0.125
93 96 1.375
93 97 0.25
94 97 1.1875
94 98 0.5
94 101 0.1875
95 99 0.0625
96 99 0.125
97 100 0.3125
98 101 0.0625
100 103 0.703125
100 104 0.195312
101 104 0.820312
101 105 0.117188
101 301 0.4375
102 105 0.664062
103 106 0.742188
103 107 0.273438
104 107 0.820312
104 108 0.078125
105 108 0.820312
105 109 0.15625
105 299 0.375
105 300 0.3125
106 109 0.664062
106 110 0.0390625
107 111 0.0390625
108 111 0.742188
108 112 0.15625
108 299 0.1875
109 112 0.742188
109 113 0.0390625
109 296 1.3125
109 297 0.25
109 298 0.0625
109 299 0.1875
110 113 0.742188
110 114 0.15625
110 138 0.0625
110 142 0.0625
110 145 0.0625
111 114 0.78125
111 115 0.078125
111 145 0.125
111 149 0.0625
112 115 0.78125
112 116 0.15625
112 297 0.1875
112 299 0.125
113 116 0.78125
113 117 0.078125
113 294 0.0625
113 295 0.0625
113 297 0.0625
114 117 0.78125
114 118 0.078125
114 145 0.0625
114 146 0.1875
114 149 0.125
114 291 0.5
114 292 0.125
114 294 0.0625
115 118 0.820312
115 119 0.078125
115 149 0.125
115 153 0.0625
116 119 0.78125
116 120 0.195312
117 120 0.820312
117 121 0.15625
117 290 0.0625
117 294 0.0625
118 121 0.78125
118 122 0.078125
118 150 0.0625
118 153 1.25
118 291 0.0625
119 122 0.820312
119 123 0.15625
119 153 0.1875
119 377 0.0625
120 123 0.820312
120 124 0.078125
120 272 0.625
120 388 1.125
121 124 0.820312
121 125 0.078125
121 130 0.0390625
121 275 0.0625
122 125 0.78125
122 126 0.664062
122 127 0.3125
122 128 0.15625
122 129 0.0390625
122 154 0.1875
122 156 0.1875
123 126 0.0390625
123 127 0.0390625
123 386 0.125
123 388 0.125
124 275 0.1875
124 279 0.125
125 128 0.25
125 275 0.125
125 279 0.1875
125 285 0.125
126 279 0.0625
126 280 0.25
127 378 0.0625
127 382 0.375
128 156 0.0625
128 279 0.1875
128 282 0.1875
128 283 0.125
129 156 0.4375
129 283 0.125
129 284 1.375
129 285 0.25
130 155 1.3125
130 156 1.3125
130 285 1.3125
131 155 0.0625
131 156 0.25
131 157 1.5
131 172 0.0625
131 265 0.1875
131 285 0.1875
131 286 1.1875
131 287 0.125
132 147 0.125
132 150 0.125
132 157 0.125
132 158 1.1875
132 159 0.125
132 287 1.25
133 136 0.0625
133 159 0.125
133 286 0.125
133 287 1.1875
133 288 0.1875
134 137 0.375
134 288 0.1875
134 292 0.1875
135 138 0.125
135 143 0.0625
135 147 0.25
135 160 0.0625
137 288 0.125
137 293 0.0625
138 146 0.125
138 292 0.125
138 293 0.0625
139 142 0.820312
140 143 0.117188
140 144 0.0390625
141 144 0.0390625
142 145 0.859375
142 146 0.117188
143 146 0.742188
143 147 0.117188
144 147 0.78125
144 148 0.078125
144 162 0.0625
144 163 0.125
144 166 0.0625
145 148 0.78125
145 149 0.117188
146 149 0.78125
146 150 0.078125
146 292 0.125
147 150 0.78125
147 151 0.078125
147 158 0.8125
147 159 0.125
147 160 0.0625
148 151 0.820312
148 152 0.273438
148 167 0.1875
148 373 0.0625
149 152 0.742188
149 153 0.0390625
150 153 0.742188
150 154 0.703125
150 155 0.234375
150 291 0.0625
151 154 0.742188
151 155 0.15625
151 156 0.078125
151 167 0.1875
151 169 0.125
151 370 0.25
151 371 0.1875
151 374 0.25
152 373 0.0625
152 374 0.125
152 377 0.25
154 374 0.3125
155 291 0.0625
155 374 0.3125
156 374 0.5
158 171 1.25
158 172 0.0625
159 171 0.0625
159 172 0.0625
160 163 0.78125
160 164 0.078125
160 171 0.1875
161 164 0.78125
161 165 0.0390625
161 171 0.0625
162 165 0.703125
162 166 0.195312
163 166 0.664062
163 167 0.117188
164 167 0.898438
164 168 0.78125
164 169 0.976562
164 170 0.078125
164 171 0.078125
165 168 0.0390625
166 369 0.125
167 369 0.4375
167 371 0.0625
168 371 0.3125
169 371 0.25
174 232 0.25
175 179 0.0390625
175 180 0.078125
175 204 0.125
175 205 0.125
175 206 0.25
175 232 0.1875
176 179 0.703125
177 180 0.78125
177 181 0.15625
177 206 0.3125
177 208 0.25
177 209 0.25
177 234 0.1875
178 181 0.78125
178 182 0.195312
179 182 0.703125
179 183 0.117188
179 189 0.0625
180 183 0.703125
180 184 0.742188
180 185 0.0390625
180 186 0.0390625
180 189 0.125
180 206 0.125
180 209 0.0625
181 184 0.0390625
181 210 0.0625
183 188 0.0625
183 189 0.0625
183 192 0.125
185 188 0.9375
185 189 0.078125
186 189 0.820312
186 190 0.429688
186 210 0.0625
186 211 0.4375
186 216 0.4375
186 219 0.0625
187 190 1.05469
187 191 0.195312
187 219 0.0625
188 191 0.820312
188 192 0.507812
189 192 0.78125
189 193 0.078125
190 193 0.703125
190 194 0.078125
190 205 0.375
190 206 0.3125
190 207 0.0625
190 216 0.1875
190 219 0.0625
190 220 0.3125
190 224 0.125
191 194 0.78125
191 195 0.117188
192 195 0.9375
192 196 0.117188
193 196 0.664062
193 197 0.234375
193 203 0.1875
194 197 0.0390625
194 203 0.75
194 227 0.0625
197 201 0.125
197 203 0.1875
198 201 0.0625
198 203 0.3125
199 203 0.5
199 227 0.125
202 229 0.125
203 227 0.1875
203 228 1.3125
203 229 1.1875
203 230 0.0625
204 228 0.0625
204 230 1.625
204 231 0.1875
204 232 0.0625
205 220 0.0625
205 228 0.0625
205 231 1.1875
205 232 0.1875
206 209 0.0625
206 232 1.4375
207 213 0.25
207 216 0.429688
207 231 0.125
207 232 0.0625
208 211 1.0625
208 213 0.375
208 216 0.117188
208 236 0.0625
209 216 0.234375
210 216 0.15625
211 216 0.3125
212 215 0.78125
212 216 0.117188
213 216 0.742188
213 217 0.078125
213 233 0.125
213 235 0.25
214 217 0.703125
214 218 0.0390625
214 249 0.375
214 253 0.5
215 218 0.742188
215 219 0.078125
216 219 0.820312
216 220 0.078125
217 220 0.78125
217 221 0.0390625
217 250 0.0625
218 221 0.898438
218 222 0.195312
218 253 0.0625
218 257 0.125
219 222 0.898438
219 223 0.0390625
220 223 0.15625
220 228 0.3125
221 224 0.664062
221 225 0.0390625
221 228 0.0625
221 259 0.375
222 259 0.1875
224 227 1.5
225 228 0.125
225 261 0.5
226 261 0.625
228 261 0.125
228 262 0.1875
229 262 1.0625
229 263 0.1875
230 262 0.0625
230 263 1.25
231 263 0.125
231 264 1.25
231 265 1.375
232 265 1.5
232 267 0.125
233 243 0.0625
233 264 0.0625
233 265 0.125
233 266 1.3125
233 267 0.0625
234 240 0.1875
234 267 0.125
235 239 0.25
235 240 0.6875
235 243 0.125
236 239 1.25
236 240 0.1875
239 246 0.0625
240 243 0.4375
240 267 0.1875
240 268 0.375
240 269 0.0625
242 245 1.17188
242 246 0.117188
243 246 0.820312
243 247 0.234375
243 266 0.0625
243 278 0.375
244 247 0.78125
244 248 0.273438
244 277 0.1875
244 278 0.1875
244 281 0.25
245 248 0.78125
245 249 0.078125
246 249 0.742188
246 250 0.078125
247 250 0.742188
247 251 0.117188
247 264 0.0625
247 266 0.0625
247 278 0.1875
247 281 0.125
247 282 0.0625
248 251 0.78125
248 252 0.078125
249 252 0.78125
249 253 0.117188
250 253 0.78125
250 254 0.15625
250 264 0.0625
251 254 0.820312
251 255 0.078125
251 264 0.1875
251 281 0.4375
251 283 0.0625
252 255 0.820312
252 256 0.3125
253 256 0.664062
253 257 0.46875
254 257 0.78125
254 258 0.742188
254 259 0.9375
254 262 0.0625
255 258 0.0390625
255 259 0.0390625
255 260 0.0390625
258 261 0.0625
263 283 0.875
264 282 1.25
264 283 1.3125
265 284 1.4375
266 282 0.0625
266 284 0.0625
266 285 1.3125
266 286 0.125
267 286 1.375
270 274 0.0390625
270 275 0.0390625
270 286 0.0625
270 287 0.125
270 290 0.0625
271 274 0.898438
271 275 0.15625
272 275 0.78125
272 276 0.195312
272 388 0.0625
273 276 0.703125
273 277 0.117188
274 277 0.820312
274 278 0.0390625
275 278 0.742188
275 279 0.15625
275 285 0.3125
276 279 0.117188
276 388 0.125
278 281 1.25
278 282 0.375
279 282 0.375
279 285 0.125
282 285 0.1875
287 291 0.1875
288 291 1.25
288 292 0.0625
289 292 1.1875
289 293 1.375
290 294 0.0625
291 294 0.1875
302 316 0.375
303 311 1.25
303 312 0.125
304 310 1.25
304 311 1.4375
304 312 0.0625
304 316 0.0625
304 317 0.125
304 318 1.4375
304 319 0.25
305 308 0.3125
305 309 1.5
305 319 0.0625
305 320 0.125
306 309 0.375
310 318 0.25
311 318 0.25
312 316 0.0625
312 317 0.125
312 318 0.125
313 316 0.25
318 321 0.125
320 335 1.125
320 336 0.3125
321 334 1.5
321 335 0.6875
321 337 0.0625
322 332 0.0625
322 333 1.1875
322 334 0.375
322 352 0.5
322 353 0.25
322 354 0.625
323 332 1.25
323 333 0.0625
323 352 1.1875
323 353 0.4375
323 354 0.0625
324 330 0.0625
324 331 1.1875
324 332 0.25
324 334 0.125
324 338 0.0625
324 339 0.125
324 340 0.375
324 350 0.0625
324 351 1.1875
324 352 0.1875
325 330 1.1875
325 331 0.5625
325 350 1.25
325 351 0.0625
325 353 0.25
325 376 0.25
325 380 0.3125
325 384 0.3125
326 329 0.125
326 330 0.0625
326 343 0.1875
326 349 1.1875
326 350 0.125
327 349 0.4375
327 383 0.125
327 384 0.0625
328 346 0.1875
328 384 0.125
329 384 0.25
330 343 0.0625
330 345 0.4375
330 346 0.125
331 353 0.0625
331 384 0.0625
332 340 0.0625
332 344 0.5625
335 338 0.3125
336 339 0.0625
340 344 0.125
340 350 0.1875
341 348 0.0625
341 349 1.125
341 350 0.25
342 347 0.1875
342 348 1.1875
342 350 0.1875
343 346 1.25
343 347 0.125
343 348 0.125
343 350 0.125
352 355 0.25
356 365 0.0625
357 362 0.0625
357 363 1.3125
357 364 0.0625
357 365 0.0625
358 361 0.125
358 362 1.375
358 363 0.1875
358 364 0.0625
359 362 0.375
359 364 0.0625
368 373 0.078125
369 372 0.742188
369 373 0.0390625
370 373 0.820312
370 374 0.078125
371 374 0.78125
371 375 0.078125
372 375 1.21094
372 376 0.0390625
373 376 0.820312
373 377 0.0390625
374 377 0.78125
374 378 0.273438
375 378 0.664062
375 379 0.15625
376 379 0.703125
376 380 0.78125
377 380 0.820312
377 381 0.078125
378 381 0.820312
378 382 0.078125
379 382 0.820312
379 383 0.117188
380 383 0.820312
380 384 0.273438
381 384 0.742188
381 385 0.742188
381 386 0.15625
382 385 0.0390625
