nresidues = 311
5 303 0.409769
6 174 0.273179
6 301 0.273179
6 303 0.546358
7 47 0.13659
7 301 3.00497
7 302 0.273179
7 303 1.63907
8 161 0.13659
8 165 0.682948
8 175 0.273179
9 12 0.273179
9 61 0.956127
9 62 0.546358
9 300 0.546358
10 13 2.32202
10 14 0.273179
10 47 0.409769
10 50 0.409769
10 59 0.13659
10 60 2.45861
11 14 0.13659
11 59 0.546358
11 60 0.409769
11 61 0.409769
12 61 0.273179
12 177 0.273179
12 240 0.13659
12 242 0.682948
13 160 0.819537
13 161 0.273179
13 164 0.13659
13 240 0.13659
13 242 0.546358
14 59 0.409769
14 106 0.13659
14 160 0.273179
14 242 0.409769
15 106 0.546358
15 160 0.956127
16 106 0.409769
16 138 0.409769
17 57 0.546358
17 59 0.409769
17 106 0.956127
17 107 3.00497
17 108 0.956127
17 244 0.13659
18 107 2.45861
18 108 0.273179
18 137 2.73179
18 138 0.409769
19 106 2.86838
19 107 0.682948
19 108 0.13659
19 109 0.13659
19 110 0.273179
19 113 0.546358
19 136 2.5952
20 105 2.86838
20 106 0.273179
20 113 0.13659
20 135 3.00497
20 136 0.682948
20 244 0.273179
21 103 0.13659
21 104 2.5952
21 105 0.546358
21 113 0.13659
21 133 0.13659
21 134 2.73179
22 102 0.409769
22 103 2.5952
22 104 0.409769
22 132 0.13659
22 133 2.5952
22 134 0.546358
22 135 0.13659
22 136 0.13659
22 244 0.409769
22 255 0.409769
22 257 0.13659
23 101 0.13659
23 102 2.86838
23 103 0.546358
23 132 2.5952
23 133 0.409769
24 99 0.819537
24 101 2.86838
24 102 0.819537
24 130 2.73179
24 131 2.5952
24 132 0.546358
24 297 0.409769
25 99 2.32202
25 100 2.73179
25 101 0.546358
25 103 0.13659
25 124 0.13659
25 128 0.409769
25 129 3.14156
25 130 0.546358
25 131 0.13659
26 99 0.546358
26 100 1.63907
26 128 2.86838
26 129 0.409769
26 131 0.409769
27 68 0.273179
27 100 0.273179
27 127 2.5952
27 128 0.13659
28 31 0.546358
28 126 0.409769
28 127 1.09272
28 129 0.13659
29 32 0.13659
31 34 1.79274
31 35 0.170737
31 127 0.546358
32 35 1.45126
32 36 0.512211
32 68 0.13659
32 71 0.546358
32 72 0.13659
33 37 0.170737
34 37 1.70737
34 38 0.0853685
34 127 0.409769
35 38 1.79274
35 39 0.341474
35 68 0.13659
35 72 0.13659
35 124 0.273179
35 128 0.13659
36 39 1.622
36 40 0.0853685
36 72 0.546358
36 73 0.409769
36 308 0.682948
37 40 1.79274
37 41 0.170737
37 308 0.273179
37 309 0.273179
38 41 1.79274
38 42 0.170737
38 123 0.273179
38 124 0.273179
39 42 1.70737
39 43 0.170737
39 72 0.13659
39 101 0.13659
39 305 0.13659
40 43 1.70737
40 44 0.170737
40 305 0.13659
41 44 1.70737
41 45 0.170737
41 123 0.546358
42 45 1.70737
42 46 0.426841
42 62 0.13659
42 123 0.409769
43 46 1.70737
43 47 0.170737
43 302 0.546358
44 47 1.70737
44 48 0.682948
44 302 0.13659
44 306 0.682948
45 48 1.79274
45 49 0.768315
45 119 0.273179
45 120 0.13659
45 123 0.13659
46 49 1.53663
46 50 0.0853685
46 58 0.13659
46 60 0.546358
46 62 0.13659
46 105 0.13659
46 120 0.273179
47 50 0.256106
47 302 0.273179
48 51 1.622
48 52 0.0853685
49 52 1.87811
49 53 0.59758
49 58 1.3659
49 116 0.273179
50 53 1.622
50 54 0.170737
50 58 0.546358
50 59 0.13659
51 54 0.256106
53 56 2.86838
53 57 2.45861
53 58 0.409769
53 112 0.273179
53 115 0.13659
54 57 0.13659
56 107 3.00497
56 108 0.409769
56 109 0.273179
56 112 0.13659
57 108 0.13659
58 106 3.14156
58 116 0.13659
59 105 2.73179
59 106 0.819537
60 104 2.73179
61 103 2.5952
61 104 2.18543
61 179 0.273179
62 102 2.73179
62 299 0.273179
62 300 0.13659
63 101 2.86838
63 102 0.819537
63 297 0.13659
63 298 3.14156
63 299 0.409769
64 69 0.273179
64 73 0.13659
64 99 2.32202
64 100 2.73179
64 101 0.13659
64 297 3.14156
64 298 0.409769
64 305 0.13659
65 68 2.5952
65 69 0.273179
65 99 0.13659
65 100 0.13659
65 296 2.73179
65 297 0.13659
66 69 0.13659
66 82 0.409769
66 83 0.13659
66 296 0.409769
67 83 0.273179
67 98 0.13659
68 71 3.27815
68 72 0.273179
68 100 1.50248
69 72 2.86838
69 73 1.22931
69 76 0.546358
69 77 0.409769
69 78 0.409769
69 81 0.273179
69 173 0.273179
69 304 0.409769
70 73 2.32202
70 74 0.273179
70 77 1.09272
73 76 0.409769
73 304 0.409769
73 305 0.13659
73 308 0.682948
76 172 0.819537
76 173 0.546358
76 304 0.13659
77 81 0.546358
77 173 1.63907
78 81 0.273179
78 170 0.546358
78 173 0.546358
78 178 0.682948
78 298 0.819537
79 170 0.273179
79 178 0.273179
80 178 0.819537
80 262 0.273179
80 263 0.546358
80 264 0.273179
81 178 0.273179
82 267 0.13659
82 296 0.409769
83 98 0.819537
83 296 0.273179
84 94 0.13659
84 95 0.273179
84 96 0.13659
84 98 0.273179
84 182 0.546358
84 266 0.546358
84 270 0.13659
84 294 2.45861
84 295 0.409769
84 296 0.13659
85 267 0.546358
86 94 2.73179
87 93 2.73179
87 94 0.546358
87 267 0.273179
87 270 0.956127
87 271 0.13659
87 275 0.13659
88 92 2.73179
88 93 0.682948
88 274 0.273179
88 275 0.273179
89 92 2.18543
89 274 0.273179
89 275 0.956127
92 274 0.819537
92 282 2.04884
92 286 0.273179
93 291 0.273179
94 182 0.13659
95 291 0.273179
95 292 0.273179
95 293 2.5952
95 294 0.273179
96 293 0.13659
96 294 2.86838
97 292 0.13659
97 294 2.86838
97 295 0.546358
98 295 0.546358
98 296 0.273179
99 131 0.13659
99 132 0.546358
99 293 0.13659
99 295 0.273179
99 297 0.13659
102 181 0.13659
102 297 0.409769
104 257 0.273179
105 113 0.409769
105 116 0.13659
106 113 0.682948
106 242 0.819537
107 113 0.409769
109 112 1.79274
109 113 0.170737
110 113 1.70737
110 114 0.170737
110 135 0.819537
111 114 1.70737
111 115 0.170737
112 115 1.70737
112 116 0.256106
113 116 1.79274
113 117 0.170737
114 117 1.70737
114 118 0.512211
114 135 0.819537
115 118 1.70737
115 119 0.170737
116 119 1.79274
116 120 0.341474
117 120 1.70737
117 121 0.170737
118 121 1.70737
118 122 0.256106
119 122 1.70737
119 123 0.170737
120 123 1.70737
120 124 0.170737
121 124 1.622
122 125 0.0853685
124 127 0.546358
124 128 0.273179
134 183 0.13659
134 246 0.273179
134 255 0.273179
135 246 2.5952
136 244 0.13659
136 245 2.5952
137 244 2.86838
137 245 1.22931
137 246 0.273179
138 141 0.0853685
138 142 0.256106
138 143 1.45126
139 142 1.70737
139 143 0.59758
139 144 0.0853685
139 145 0.256106
139 245 0.13659
140 143 0.256106
142 149 2.73179
142 150 0.409769
143 147 0.682948
143 148 2.86838
143 149 0.546358
143 207 0.409769
143 208 0.682948
143 245 0.13659
144 147 2.45861
144 148 0.409769
144 186 0.819537
144 254 0.409769
145 188 0.13659
145 192 0.273179
145 252 0.13659
145 253 0.13659
146 191 1.50248
146 199 0.13659
146 207 0.273179
147 207 0.546358
148 191 0.13659
148 199 0.819537
148 200 0.13659
148 203 0.956127
148 205 0.13659
148 206 0.13659
148 207 1.3659
149 152 0.13659
149 210 0.409769
150 241 0.13659
151 154 0.409769
151 156 0.13659
152 156 0.409769
152 205 0.13659
152 210 0.273179
153 156 0.13659
153 241 0.13659
154 239 0.13659
154 240 0.819537
154 241 1.22931
155 159 0.256106
155 160 0.512211
155 163 0.273179
155 238 0.13659
155 239 0.273179
155 240 0.13659
156 159 1.622
156 160 0.170737
157 160 0.341474
157 161 0.0853685
158 161 2.56106
158 162 0.0853685
159 162 1.79274
159 163 0.426841
159 238 0.956127
160 163 1.70737
160 164 0.170737
160 240 0.546358
160 242 0.13659
161 164 1.53663
161 165 0.341474
162 261 0.682948
163 238 0.682948
163 239 0.409769
163 260 2.73179
163 261 0.273179
164 176 0.13659
164 177 0.546358
164 259 2.45861
164 260 3.27815
164 261 0.13659
165 175 0.13659
165 176 2.73179
165 261 0.819537
166 169 0.546358
166 173 0.13659
166 174 3.00497
166 176 0.546358
166 261 0.409769
166 298 0.273179
167 170 0.409769
167 174 0.546358
168 171 0.273179
169 261 0.546358
170 173 3.27815
171 174 0.13659
172 304 0.13659
173 176 0.13659
173 298 0.13659
173 304 0.273179
174 301 0.13659
175 300 2.32202
175 301 0.13659
176 298 0.546358
176 299 2.5952
177 259 0.546358
177 260 3.14156
177 298 3.27815
177 299 0.13659
178 258 0.13659
178 259 2.5952
178 260 0.819537
178 261 0.682948
178 262 0.546358
178 263 0.409769
178 297 2.5952
178 298 1.22931
179 258 2.86838
179 295 0.13659
179 296 2.73179
179 297 0.546358
179 299 0.13659
180 256 0.13659
180 257 2.5952
180 258 0.273179
180 263 0.409769
180 266 1.09272
180 295 2.73179
180 296 0.682948
181 255 0.13659
181 256 3.00497
181 293 2.45861
181 294 2.5952
181 295 0.13659
181 297 0.273179
182 254 0.13659
182 255 2.5952
182 256 0.682948
182 266 0.273179
182 270 0.13659
182 291 0.13659
182 293 2.86838
183 246 0.956127
183 251 0.682948
183 254 2.5952
183 255 0.13659
183 290 0.13659
183 291 2.73179
183 292 2.73179
183 293 0.273179
184 246 0.273179
184 252 2.32202
184 253 2.5952
184 254 0.546358
184 256 0.273179
184 289 0.682948
184 290 2.86838
184 291 0.546358
185 252 2.73179
185 253 0.13659
185 289 3.27815
185 290 0.546358
185 292 0.13659
186 252 0.409769
186 253 0.682948
186 254 0.273179
186 288 2.73179
186 289 1.09272
187 190 2.04884
187 191 0.170737
187 288 0.546358
188 191 1.70737
188 192 0.341474
188 252 0.546358
189 192 1.45126
189 193 0.256106
190 193 1.622
190 287 0.409769
190 288 0.273179
191 194 0.59758
191 199 1.09272
191 202 0.13659
191 203 0.273179
191 285 0.13659
191 288 0.682948
194 199 0.256106
194 202 0.13659
194 288 0.682948
195 198 1.87811
195 199 0.0853685
196 199 1.70737
196 200 0.682948
196 207 0.273179
197 200 1.79274
197 201 0.59758
198 201 1.70737
198 202 0.341474
199 202 1.70737
199 207 0.426841
200 203 1.622
200 204 1.622
200 205 0.426841
200 206 0.682948
200 207 0.170737
200 213 1.09272
201 213 0.682948
201 219 0.273179
201 222 0.13659
202 222 3.00497
202 223 0.273179
202 284 0.13659
202 285 0.273179
202 288 0.273179
203 222 2.32202
203 223 2.45861
203 224 0.546358
204 212 2.32202
204 213 1.22931
205 210 1.22931
205 211 2.86838
205 212 0.819537
205 213 0.409769
206 209 2.5952
206 210 3.00497
206 211 0.682948
207 210 0.13659
212 218 0.426841
213 217 0.170737
213 218 0.170737
214 217 1.79274
214 218 0.0853685
215 218 0.256106
218 222 0.13659
218 224 0.13659
219 222 0.819537
219 225 0.273179
220 226 0.409769
220 277 0.13659
220 281 0.819537
221 281 0.13659
221 282 0.682948
221 283 2.5952
221 284 0.956127
222 225 1.79274
222 226 0.256106
222 283 0.13659
223 226 1.70737
223 227 0.512211
223 273 0.13659
223 283 1.3659
223 285 0.273179
224 227 1.45126
224 228 0.170737
225 228 0.0853685
226 229 0.0853685
226 272 1.63907
226 276 0.546358
226 277 0.819537
226 281 0.409769
226 282 0.409769
226 283 0.13659
227 269 0.273179
227 273 0.273179
229 236 2.5952
229 237 0.13659
229 268 0.409769
229 269 0.273179
230 234 0.682948
230 235 3.00497
231 234 0.682948
231 235 1.09272
237 265 0.956127
237 269 0.13659
238 260 0.13659
238 265 0.682948
239 258 0.546358
239 259 2.45861
239 260 0.13659
239 265 0.273179
239 269 0.13659
240 258 2.45861
240 259 1.91225
241 256 0.409769
241 257 2.73179
243 254 0.409769
243 255 3.00497
243 256 1.09272
243 257 0.13659
244 254 3.00497
244 255 0.409769
245 253 2.5952
246 251 0.682948
246 252 3.14156
246 253 0.956127
246 254 0.409769
247 251 2.73179
247 252 0.13659
248 251 3.14156
248 252 0.546358
251 292 0.409769
256 266 0.273179
258 266 0.273179
260 265 0.409769
262 265 0.426841
263 266 1.45126
263 267 0.0853685
264 267 1.79274
264 268 0.341474
265 268 1.70737
265 269 0.341474
266 269 1.70737
266 270 0.341474
267 270 1.79274
267 271 0.170737
268 271 1.70737
268 272 0.170737
269 272 1.70737
269 273 0.256106
270 273 1.70737
270 274 0.256106
271 274 1.70737
271 275 2.04884
272 275 1.53663
272 276 0.170737
273 282 2.5952
273 283 0.682948
273 286 0.546358
274 282 0.13659
274 286 0.409769
276 281 3.00497
276 282 0.13659
277 280 0.273179
277 281 1.22931
282 287 0.682948
283 286 0.409769
284 287 2.18543
284 288 0.273179
285 288 2.73179
285 289 0.13659
286 289 0.13659
300 304 0.0853685
300 305 0.170737
301 304 1.70737
301 305 0.0853685
302 305 1.70737
302 306 0.59758
303 306 1.622
304 307 0.939054
304 308 0.170737
305 308 0.0853685
