L	Ls	nvertices	F_L	F_L_constrained	rho_sum	nloops	regions
  3	  0	  0	           0	           0	           0	 0	[(0, 3)]
  4	  0	  0	           0	           0	           0	 0	[(0, 4)]
  5	  0	  0	           0	           0	           0	 0	[(0, 5)]
  6	  0	  0	           0	           0	           0	 0	[(0, 6)]
  7	  0	  3	           0	     3.90164	    0.294507	 1	[(0, 7)]
  8	  0	  5	           0	     2.36272	    0.272102	 1	[(0, 8)]
  9	  0	  7	           0	     5.06333	     5.81613	 0	[(0, 9)]
 10	  0	  8	           0	     4.96094	     6.26572	 0	[(0, 10)]
 11	  0	  9	           0	     4.56614	     6.87801	 0	[(0, 11)]
 12	  0	 10	           0	     4.53185	     8.34594	 0	[(0, 12)]
 13	  0	 11	           0	     4.13294	     9.54018	 0	[(0, 13)]
 14	  0	 12	           0	     3.73197	     10.5796	 0	[(0, 14)]
 15	  0	 13	           0	     3.62659	     11.4978	 0	[(0, 15)]
 16	  0	 14	           0	     3.52204	     12.3834	 0	[(0, 16)]
 17	  0	 15	           0	     3.25121	     13.4109	 0	[(0, 17)]
 18	  0	 16	           0	     3.78845	     13.3812	 0	[(0, 18)]
 19	  0	 16	           0	     3.78845	     13.3812	 0	[(0, 19)]
 20	  0	 17	           0	     3.32118	     14.0574	 0	[(0, 20)]
 21	  0	 17	           0	     3.32118	     14.0574	 0	[(0, 21)]
 22	  0	 17	           0	     3.32118	     14.0574	 0	[(0, 22)]
 23	  0	 17	           0	     3.32118	     14.0574	 0	[(0, 23)]
 24	  0	 17	           0	     3.32118	     14.0574	 0	[(0, 24)]
 25	  0	 17	           0	     3.32118	     14.0574	 0	[(0, 25)]
 26	  0	 17	           0	     3.32118	     14.0574	 0	[(0, 26)]
 27	  0	 17	           0	     3.32118	     14.0574	 0	[(0, 27)]
 28	  0	 17	           0	     3.32118	     14.0574	 0	[(0, 28)]
 29	  0	 17	           0	     3.32118	     14.0574	 0	[(0, 29)]
 30	  0	 17	           0	     3.32118	     14.0574	 0	[(0, 30)]
 31	  0	 17	           0	     3.32118	     14.0574	 0	[(0, 31)]
 32	 21	  3	           0	     4.73551	    0.345101	 1	[(21, 32)]
 33	 21	  4	           0	     5.14037	    0.312733	 1	[(21, 33)]
 34	 21	  7	           0	     8.27022	     5.24316	 1	[(21, 34)]
 35	 21	 11	           0	     9.50619	     6.75562	 1	[(21, 35)]
 36	 21	 12	           0	     9.39811	     8.82571	 1	[(21, 36)]
 37	 21	 13	           0	     10.1583	     9.03538	 1	[(21, 37)]
 38	 21	 13	           0	     10.1583	     9.03538	 1	[(21, 38)]
 39	 21	 13	           0	     10.1583	     9.03538	 1	[(21, 39)]
 40	 21	 13	           0	     10.1583	     9.03538	 1	[(21, 40)]
 41	 32	  4	           0	     4.83741	     2.48438	 1	[(32, 41)]
 42	 32	  7	           0	     6.13541	     4.50987	 1	[(32, 42)]
 43	 32	  8	           0	     5.07603	     6.93222	 1	[(32, 43)]
 44	 32	 11	           0	     6.45006	     8.96208	 1	[(32, 44)]
 45	 21	 19	           0	     4.96542	      16.208	 2	[(21, 45)]
 46	 21	 20	           0	     5.73204	     16.5119	 2	[(21, 46)]
 47	 21	 22	           0	     6.00404	     16.6503	 2	[(21, 47)]
 48	 21	 22	           0	     6.00404	     16.6503	 2	[(21, 48)]
 49	 45	  3	           0	     3.90133	    0.292533	 1	[(45, 49)]
 50	 45	  5	           0	     2.37795	    0.271839	 1	[(45, 50)]
 51	 45	  7	   -0.159829	   -0.159829	     0.16523	 0	[(45, 51)]
 52	 45	  8	   -0.172415	   -0.172415	    0.178116	 0	[(45, 52)]
 53	 45	  9	   -0.184957	   -0.184957	    0.190918	 0	[(45, 53)]
 54	 45	  9	   -0.184957	   -0.184957	    0.190918	 0	[(45, 54)]
 55	 45	  9	   -0.184957	   -0.184957	    0.190918	 0	[(45, 55)]
 56	 45	  9	   -0.184957	   -0.184957	    0.190918	 0	[(45, 56)]
 57	 18	 32	   -0.184957	     5.86739	     24.2531	 2	[(18, 57)]
 58	 18	 33	   -0.184957	     4.67418	     25.8417	 2	[(18, 58)]
 59	 18	 34	   -0.184957	     3.17308	     27.4932	 2	[(18, 59)]
 60	 21	 35	   -0.184957	     2.71532	     29.0564	 2	[(21, 60)]
 61	 18	 38	   -0.184957	     2.98177	     30.9944	 2	[(18, 61)]
 62	 21	 36	   -0.184957	     3.34745	     29.2675	 2	[(21, 62)]
 63	 18	 41	   -0.184957	     4.69555	       33.58	 2	[(18, 63)]
 64	 18	 41	   -0.184957	     4.69555	       33.58	 2	[(18, 64)]
 65	 18	 41	   -0.184957	     4.69555	       33.58	 2	[(18, 65)]
 66	 18	 41	   -0.184957	     4.69555	       33.58	 2	[(18, 66)]
 67	 18	 41	   -0.184957	     4.69555	       33.58	 2	[(18, 67)]
 68	 18	 41	   -0.184957	     4.69555	       33.58	 2	[(18, 68)]
 69	 18	 42	   -0.184957	     4.54917	     33.6833	 2	[(18, 69)]
 70	 54	  5	   -0.184957	      8.6438	    0.602364	 2	[(54, 70)]
 71	 18	 46	   -0.184957	     7.28125	     37.6715	 3	[(18, 71)]
 72	 18	 47	   -0.184957	     5.31867	     38.6294	 3	[(18, 72)]
 73	 18	 48	   -0.184957	     2.00805	     39.0937	 3	[(18, 73)]
 74	 18	 49	   -0.184957	    0.146445	     39.9829	 3	[(18, 74)]
 75	 18	 50	    -2.37893	    -2.37893	     41.0598	 3	[(18, 75)]
 76	 18	 51	    -4.09091	    -4.09091	      42.033	 3	[(18, 76)]
 77	 18	 52	    -5.23317	    -5.23317	     42.9943	 3	[(18, 77)]
 78	 18	 53	    -7.33271	    -7.33271	     44.0196	 3	[(18, 78)]
 79	 18	 54	    -8.74623	    -8.74623	     45.0149	 3	[(18, 79)]
 80	 18	 55	    -8.74623	    -8.43058	     45.5645	 3	[(18, 80)]
 81	 18	 56	    -8.74623	    -8.49402	     46.7517	 3	[(18, 81)]
 82	 18	 57	    -8.74623	    -8.03763	     46.3945	 3	[(18, 82)]
 83	 18	 57	    -8.74623	    -8.03763	     46.3945	 3	[(18, 83)]
 84	 18	 57	    -8.74623	    -8.03763	     46.3945	 3	[(18, 84)]
 85	 18	 58	    -8.74623	    -3.53173	     46.5508	 4	[(18, 85)]
 86	 18	 58	    -8.74623	    -3.53173	     46.5508	 4	[(18, 86)]
 87	 18	 58	    -8.74623	    -3.53173	     46.5508	 4	[(18, 87)]
 88	 18	 58	    -8.74623	    -3.53173	     46.5508	 4	[(18, 88)]
 89	 18	 58	    -8.74623	    -3.53173	     46.5508	 4	[(18, 89)]
 90	 18	 58	    -8.74623	    -3.53173	     46.5508	 4	[(18, 90)]
 91	 18	 58	    -8.74623	    -3.53173	     46.5508	 4	[(18, 91)]
 92	 18	 58	    -8.74623	    -3.53173	     46.5508	 4	[(18, 92)]
 93	 18	 58	    -8.74623	    -3.53173	     46.5508	 4	[(18, 93)]
 94	 18	 60	    -8.74623	     0.21077	     46.7893	 5	[(18, 94)]
 95	 18	 63	    -8.74623	    -1.10843	      46.814	 5	[(18, 95)]
 96	 18	 66	    -8.74623	     1.20838	     54.7633	 4	[(18, 96)]
 97	 18	 68	    -8.74623	    0.428294	     54.4772	 4	[(18, 97)]
 98	 18	 71	    -8.74623	     3.07869	     55.3522	 4	[(18, 98)]
 99	 18	 72	    -8.74623	      3.7171	     55.8939	 4	[(18, 99)]
100	 18	 73	    -8.74623	     2.41738	     56.6696	 4	[(18, 100)]
101	 18	 74	    -8.74623	     3.14303	     56.8059	 4	[(18, 101)]
102	 18	 75	    -8.74623	     4.20236	     58.8479	 4	[(18, 102)]
103	 18	 75	    -8.74623	     4.20236	     58.8479	 4	[(18, 103)]
104	 18	 76	    -8.74623	     3.36645	     57.2814	 4	[(18, 104)]
105	 96	 67	    -8.74623	     3.66005	     47.2204	 6	[(18, 95), (96, 105)]
106	 96	 69	    -8.74623	     3.85306	     47.2125	 6	[(18, 95), (96, 106)]
107	 96	 71	    -8.74623	     4.08402	     47.1824	 6	[(18, 95), (96, 107)]
108	 96	 73	    -8.74623	     3.93732	     47.2035	 6	[(18, 95), (96, 108)]
109	 18	 82	    -8.74623	     6.30517	     56.4317	 5	[(18, 109)]
110	 18	 83	    -8.74623	     5.67799	     59.6979	 5	[(18, 110)]
111	 18	 84	    -8.74623	     5.82959	     60.4137	 5	[(18, 111)]
112	 18	 84	    -8.74623	     5.82959	     60.4137	 5	[(18, 112)]
113	 18	 84	    -8.74623	     5.82959	     60.4137	 5	[(18, 113)]
114	 18	 84	    -8.74623	     5.82959	     60.4137	 5	[(18, 114)]
115	 18	 84	    -8.74623	     5.82959	     60.4137	 5	[(18, 115)]
116	 18	 84	    -8.74623	     5.82959	     60.4137	 5	[(18, 116)]
117	 18	 86	    -8.74623	     5.56912	     60.6529	 5	[(18, 117)]
118	 18	 86	    -8.74623	     5.56912	     60.6529	 5	[(18, 118)]
119	 18	 86	    -8.74623	     5.56912	     60.6529	 5	[(18, 119)]
120	 96	 79	    -8.74623	      7.6188	     53.1607	 6	[(18, 95), (96, 120)]
121	 96	 80	    -8.74623	     7.47327	     53.2982	 6	[(18, 95), (96, 121)]
122	 96	 80	    -8.74623	     7.47327	     53.2982	 6	[(18, 95), (96, 122)]
123	 96	 80	    -8.74623	     7.47327	     53.2982	 6	[(18, 95), (96, 123)]
124	 96	 80	    -8.74623	     7.47327	     53.2982	 6	[(18, 95), (96, 124)]
125	 96	 83	    -8.74623	     7.20756	     53.5842	 6	[(18, 95), (96, 125)]
126	 96	 85	    -8.74623	     1.59764	     53.3958	 5	[(18, 95), (96, 126)]
127	 96	 86	    -8.74623	     1.61283	     53.3738	 5	[(18, 95), (96, 127)]
128	 96	 86	    -8.74623	     1.61283	     53.3738	 5	[(18, 95), (96, 128)]
129	 18	 99	    -8.74623	     1.68895	     70.4146	 5	[(18, 129)]
130	 18	100	    -8.74623	    0.145594	      74.072	 5	[(18, 130)]
131	 18	101	    -8.74623	    0.439976	     74.8111	 5	[(18, 131)]
132	 18	101	    -8.74623	    0.439976	     74.8111	 5	[(18, 132)]
133	 18	101	    -8.74623	    0.439976	     74.8111	 5	[(18, 133)]
134	 18	102	    -8.74623	   0.0819895	     75.4059	 5	[(18, 134)]
135	 18	103	    -8.74623	    0.171969	     75.3809	 5	[(18, 135)]
136	 18	104	    -8.74623	   0.0681445	     75.5812	 5	[(18, 136)]
137	133	 65	    -8.74623	     2.60468	     47.1177	 6	[(18, 95), (133, 137)]
138	133	 67	    -8.74623	     1.17325	      47.126	 6	[(18, 95), (133, 138)]
139	133	 69	    -8.74623	     2.95872	     51.0443	 6	[(18, 95), (133, 139)]
140	133	 69	    -8.74623	     2.95872	     51.0443	 6	[(18, 95), (133, 140)]
141	124	 70	    -8.74623	     4.86323	     51.1957	 7	[(18, 95), (124, 141)]
142	133	 71	    -8.74623	     3.54971	     53.3093	 7	[(18, 95), (133, 142)]
143	 18	113	    -8.74623	    -2.09893	     88.2006	 8	[(18, 143)]
144	 18	114	    -8.74623	    -6.53242	     89.5186	 8	[(18, 144)]
145	 18	116	    -11.6977	    -11.6977	     91.3123	 7	[(18, 145)]
146	 18	117	    -16.1241	    -16.1241	     93.7908	 7	[(18, 146)]
147	 18	118	    -17.8129	    -17.8129	     94.8221	 7	[(18, 147)]
148	 18	119	    -19.5053	    -19.5053	     95.8194	 7	[(18, 148)]
149	 18	120	    -21.9564	    -21.9564	     100.504	 7	[(18, 149)]
150	 18	121	    -24.6796	    -24.6796	      101.51	 7	[(18, 150)]
151	 18	122	    -25.9901	    -25.9901	      102.47	 7	[(18, 151)]
152	 18	123	    -27.1348	    -27.1348	     103.961	 7	[(18, 152)]
153	 18	124	    -27.1348	    -26.5378	     104.348	 7	[(18, 153)]
154	 18	124	    -27.1348	    -26.5378	     104.348	 7	[(18, 154)]
155	 18	125	    -27.1348	    -25.0488	     105.025	 8	[(18, 155)]
156	 18	125	    -27.1348	    -25.0488	     105.025	 8	[(18, 156)]
157	 18	125	    -27.1348	    -25.0488	     105.025	 8	[(18, 157)]
158	 18	126	    -27.1348	    -21.2378	     105.296	 9	[(18, 158)]
159	 18	128	    -27.1348	     -24.934	      105.17	 8	[(18, 159)]
160	 18	130	    -27.1348	    -24.6419	     104.849	 8	[(18, 160)]
161	 18	131	    -27.1348	    -24.6946	      104.91	 8	[(18, 161)]
162	 18	132	    -27.1348	    -21.2493	     110.784	 8	[(18, 162)]
163	 18	133	    -27.1348	    -21.3295	     110.836	 8	[(18, 163)]
164	 18	134	    -27.1348	    -21.3698	     112.167	 8	[(18, 164)]
165	 18	135	    -27.1348	    -22.0852	     113.436	 8	[(18, 165)]
166	 18	136	    -27.1348	    -23.6577	     114.956	 8	[(18, 166)]
167	 18	137	    -27.1348	    -23.8965	     115.862	 8	[(18, 167)]
168	 18	138	    -27.1348	     -24.573	     116.841	 8	[(18, 168)]
169	 18	139	    -27.1348	    -23.9191	     116.969	 8	[(18, 169)]
170	 18	139	    -27.1348	    -23.9191	     116.969	 8	[(18, 170)]
171	 18	139	    -27.1348	    -23.9191	     116.969	 8	[(18, 171)]
172	 18	139	    -27.1348	    -23.9191	     116.969	 8	[(18, 172)]
173	 18	139	    -27.1348	    -23.9191	     116.969	 8	[(18, 173)]
174	 18	139	    -27.1348	    -23.9191	     116.969	 8	[(18, 174)]
175	 18	139	    -27.1348	    -23.9191	     116.969	 8	[(18, 175)]
176	 18	139	    -27.1348	    -23.9191	     116.969	 8	[(18, 176)]
177	 18	139	    -27.1348	    -23.9191	     116.969	 8	[(18, 177)]
178	 18	139	    -27.1348	    -23.9191	     116.969	 8	[(18, 178)]
179	 18	139	    -27.1348	    -23.9191	     116.969	 8	[(18, 179)]
180	 18	139	    -27.1348	    -23.9191	     116.969	 8	[(18, 180)]
181	 18	139	    -27.1348	    -23.9191	     116.969	 8	[(18, 181)]
182	 18	139	    -27.1348	    -23.9191	     116.969	 8	[(18, 182)]
183	 18	139	    -27.1348	    -23.9191	     116.969	 8	[(18, 183)]
184	 18	139	    -27.1348	    -23.9191	     116.969	 8	[(18, 184)]
185	 18	139	    -27.1348	    -23.9191	     116.969	 8	[(18, 185)]
186	 18	139	    -27.1348	    -23.9191	     116.969	 8	[(18, 186)]
187	 18	139	    -27.1348	    -23.9191	     116.969	 8	[(18, 187)]
188	 18	141	    -27.1348	    -24.1772	     117.215	 8	[(18, 188)]
189	 18	141	    -27.1348	    -24.1772	     117.215	 8	[(18, 189)]
190	 18	141	    -27.1348	    -24.1772	     117.215	 8	[(18, 190)]
191	 18	141	    -27.1348	    -24.1772	     117.215	 8	[(18, 191)]
192	 18	141	    -27.1348	    -24.1772	     117.215	 8	[(18, 192)]
193	 18	141	    -27.1348	    -24.1772	     117.215	 8	[(18, 193)]
194	 18	143	    -27.1348	     -24.445	     117.479	 8	[(18, 194)]
195	 18	143	    -27.1348	     -24.445	     117.479	 8	[(18, 195)]
196	 18	144	    -27.1348	    -24.5743	     117.603	 8	[(18, 196)]
197	 18	144	    -27.1348	    -24.5743	     117.603	 8	[(18, 197)]
198	 18	144	    -27.1348	    -24.5743	     117.603	 8	[(18, 198)]
199	 18	144	    -27.1348	    -24.5743	     117.603	 8	[(18, 199)]
200	 18	144	    -27.1348	    -24.5743	     117.603	 8	[(18, 200)]
201	 18	144	    -27.1348	    -24.5743	     117.603	 8	[(18, 201)]
202	 18	144	    -27.1348	    -24.5743	     117.603	 8	[(18, 202)]
203	 18	144	    -27.1348	    -24.5743	     117.603	 8	[(18, 203)]
204	 18	147	    -27.1348	    -24.8386	     117.875	 8	[(18, 204)]
205	 18	147	    -27.1348	    -24.8386	     117.875	 8	[(18, 205)]
206	 18	147	    -27.1348	    -24.8386	     117.875	 8	[(18, 206)]
207	 18	149	    -27.1348	     -25.107	     118.142	 8	[(18, 207)]
208	 18	149	    -27.1348	     -25.107	     118.142	 8	[(18, 208)]
209	 18	150	    -27.1348	    -16.6043	     118.274	10	[(18, 209)]
210	 18	152	    -27.1348	    -16.1969	     118.158	10	[(18, 210)]
211	 18	154	    -27.1348	    -15.9642	     122.317	 9	[(18, 211)]
212	 18	155	    -27.1348	    -15.4878	     122.733	 9	[(18, 212)]
213	 18	155	    -27.1348	    -15.4878	     122.733	 9	[(18, 213)]
214	 18	155	    -27.1348	    -15.4878	     122.733	 9	[(18, 214)]
215	 18	155	    -27.1348	    -15.4878	     122.733	 9	[(18, 215)]
216	 18	155	    -27.1348	    -15.4878	     122.733	 9	[(18, 216)]
217	 18	155	    -27.1348	    -15.4878	     122.733	 9	[(18, 217)]
218	 18	155	    -27.1348	    -15.4878	     122.733	 9	[(18, 218)]
219	 18	157	    -27.1348	    -11.7922	     123.089	10	[(18, 219)]
220	 18	160	    -27.1348	    -13.0651	     122.876	10	[(18, 220)]
221	 18	162	    -27.1348	    -9.96448	     128.455	10	[(18, 221)]
222	 18	164	    -27.1348	    -8.60493	     129.493	10	[(18, 222)]
223	 18	165	    -27.1348	    -9.50689	     131.301	10	[(18, 223)]
224	 18	166	    -27.1348	    -11.5856	     132.625	10	[(18, 224)]
225	 18	167	    -27.1348	    -12.5336	     133.801	10	[(18, 225)]
226	 18	168	    -27.1348	    -13.4571	     135.432	10	[(18, 226)]
227	 18	170	    -27.1348	     -12.064	     137.405	10	[(18, 227)]
228	 18	171	    -27.1348	    -11.3612	     137.604	10	[(18, 228)]
229	 18	172	    -27.1348	    -11.0309	     136.804	10	[(18, 229)]
230	 18	172	    -27.1348	    -11.0309	     136.804	10	[(18, 230)]
231	 18	172	    -27.1348	    -11.0309	     136.804	10	[(18, 231)]
232	 18	175	    -27.1348	    -11.3442	     137.272	10	[(18, 232)]
233	 18	179	    -27.1348	    -11.3341	     135.483	10	[(18, 233)]
234	 18	181	    -27.1348	     -6.6768	     143.958	10	[(18, 234)]
235	 18	182	    -27.1348	    -6.07247	     144.263	10	[(18, 235)]
236	 18	182	    -27.1348	    -6.07247	     144.263	10	[(18, 236)]
237	 18	182	    -27.1348	    -6.07247	     144.263	10	[(18, 237)]
238	 18	183	    -27.1348	    -1.68737	     144.459	11	[(18, 238)]
239	 18	183	    -27.1348	    -1.68737	     144.459	11	[(18, 239)]
240	 18	186	    -27.1348	    0.138177	     144.816	12	[(18, 240)]
241	 18	189	    -27.1348	    -3.86584	     144.821	11	[(18, 241)]
242	 18	191	    -27.1348	    -11.5957	     135.689	10	[(18, 242)]
243	 18	192	    -27.1348	    -11.6085	     135.702	10	[(18, 243)]
244	 18	193	    -27.1348	    -1.00273	     150.695	10	[(18, 244)]
245	 18	194	    -27.1348	    -1.01811	     151.479	10	[(18, 245)]
246	 18	195	    -27.1348	   -0.995421	     151.758	10	[(18, 246)]
247	 18	200	    -27.1348	    -6.08053	     143.066	10	[(18, 247)]
248	 18	201	    -27.1348	    -5.52824	     143.464	10	[(18, 248)]
249	 18	201	    -27.1348	    -5.52824	     143.464	10	[(18, 249)]
250	 18	201	    -27.1348	    -5.52824	     143.464	10	[(18, 250)]
251	 18	202	    -27.1348	    -5.67645	     143.523	10	[(18, 251)]
252	 18	202	    -27.1348	    -5.67645	     143.523	10	[(18, 252)]
253	 18	203	    -27.1348	    -5.82079	     143.675	10	[(18, 253)]
254	 18	204	    -27.1348	    -5.87455	     143.747	10	[(18, 254)]
255	 18	204	    -27.1348	    -5.87455	     143.747	10	[(18, 255)]
256	 18	207	    -27.1348	     -1.2917	     143.562	11	[(18, 256)]
257	 18	208	    -27.1348	     4.29746	     152.407	11	[(18, 257)]
258	 18	210	    -27.1348	     10.4591	     148.544	13	[(18, 258)]
259	247	  9	    -27.1348	     11.1197	     5.79428	 2	[(247, 259)]
260	247	 12	    -27.1348	     8.67157	     6.36898	 1	[(247, 260)]
261	247	 12	    -27.1348	     8.67157	     6.36898	 1	[(247, 261)]
262	247	 12	    -27.1348	     8.67157	     6.36898	 1	[(247, 262)]
263	247	 13	    -27.1348	     13.1502	     6.54492	 2	[(247, 263)]
264	247	 13	    -27.1348	     13.1502	     6.54492	 2	[(247, 264)]
265	262	209	    -27.1348	     2.42141	     143.866	12	[(18, 256), (262, 265)]
266	262	211	    -27.1348	    0.952339	     143.855	12	[(18, 256), (262, 266)]
267	262	213	    -27.1348	     3.30189	     148.803	11	[(18, 256), (262, 267)]
268	262	214	    -27.1348	     2.30314	     149.093	11	[(18, 256), (262, 268)]
269	262	215	    -27.1348	     2.24561	     150.274	11	[(18, 256), (262, 269)]
270	262	216	    -27.1348	     2.28876	     151.201	11	[(18, 256), (262, 270)]
271	262	217	    -27.1348	     2.73679	     151.013	11	[(18, 256), (262, 271)]
272	262	217	    -27.1348	     2.73679	     151.013	11	[(18, 256), (262, 272)]
273	262	218	    -27.1348	      2.5285	     151.241	11	[(18, 256), (262, 273)]
274	262	218	    -27.1348	      2.5285	     151.241	11	[(18, 256), (262, 274)]
275	262	218	    -27.1348	      2.5285	     151.241	11	[(18, 256), (262, 275)]
276	262	219	    -27.1348	     2.37901	     151.405	11	[(18, 256), (262, 276)]
277	262	219	    -27.1348	     2.37901	     151.405	11	[(18, 256), (262, 277)]
278	262	221	    -27.1348	     2.52656	     150.891	11	[(18, 256), (262, 278)]
279	262	221	    -27.1348	     2.52656	     150.891	11	[(18, 256), (262, 279)]
280	262	222	    -27.1348	     2.39911	     151.012	11	[(18, 256), (262, 280)]
281	262	222	    -27.1348	     2.39911	     151.012	11	[(18, 256), (262, 281)]
282	262	222	    -27.1348	     2.39911	     151.012	11	[(18, 256), (262, 282)]
283	262	222	    -27.1348	     2.39911	     151.012	11	[(18, 256), (262, 283)]
284	262	222	    -27.1348	     2.39911	     151.012	11	[(18, 256), (262, 284)]
285	262	222	    -27.1348	     2.39911	     151.012	11	[(18, 256), (262, 285)]
286	262	222	    -27.1348	     2.39911	     151.012	11	[(18, 256), (262, 286)]
287	262	222	    -27.1348	     2.39911	     151.012	11	[(18, 256), (262, 287)]
288	262	222	    -27.1348	     2.39911	     151.012	11	[(18, 256), (262, 288)]
289	262	222	    -27.1348	     2.39911	     151.012	11	[(18, 256), (262, 289)]
290	262	222	    -27.1348	     2.39911	     151.012	11	[(18, 256), (262, 290)]
291	286	210	    -27.1348	     2.65713	     143.814	12	[(18, 256), (286, 291)]
292	286	212	    -27.1348	     3.02178	      143.83	12	[(18, 256), (286, 292)]
293	286	213	    -27.1348	     5.25194	     147.678	12	[(18, 256), (286, 293)]
294	286	214	    -27.1348	     5.87877	     148.272	12	[(18, 256), (286, 294)]
295	286	214	    -27.1348	     5.87877	     148.272	12	[(18, 256), (286, 295)]
296	286	215	    -27.1348	     5.68659	     148.446	12	[(18, 256), (286, 296)]
297	286	216	    -27.1348	      5.7142	     148.453	12	[(18, 256), (286, 297)]
298	286	216	    -27.1348	      5.7142	     148.453	12	[(18, 256), (286, 298)]
299	286	216	    -27.1348	      5.7142	     148.453	12	[(18, 256), (286, 299)]
300	286	216	    -27.1348	      5.7142	     148.453	12	[(18, 256), (286, 300)]
301	286	216	    -27.1348	      5.7142	     148.453	12	[(18, 256), (286, 301)]
302	286	216	    -27.1348	      5.7142	     148.453	12	[(18, 256), (286, 302)]
303	286	216	    -27.1348	      5.7142	     148.453	12	[(18, 256), (286, 303)]
304	286	216	    -27.1348	      5.7142	     148.453	12	[(18, 256), (286, 304)]
305	286	216	    -27.1348	      5.7142	     148.453	12	[(18, 256), (286, 305)]
306	286	216	    -27.1348	      5.7142	     148.453	12	[(18, 256), (286, 306)]
307	286	216	    -27.1348	      5.7142	     148.453	12	[(18, 256), (286, 307)]
308	286	216	    -27.1348	      5.7142	     148.453	12	[(18, 256), (286, 308)]
309	286	216	    -27.1348	      5.7142	     148.453	12	[(18, 256), (286, 309)]
310	 18	270	    -27.1348	     4.67337	     210.932	17	[(18, 310)]
311	 18	272	    -27.1348	     4.04336	     212.081	17	[(18, 311)]
312	 18	273	    -27.1348	     3.99502	     212.979	17	[(18, 312)]
313	 18	273	    -27.1348	     3.99502	     212.979	17	[(18, 313)]
314	310	209	    -27.1348	     2.42141	     143.866	12	[(18, 256), (310, 314)]
315	310	212	    -27.1348	     1.06013	     143.828	12	[(18, 256), (310, 315)]
316	310	214	    -27.1348	     3.80008	     149.186	11	[(18, 256), (310, 316)]
317	310	215	    -27.1348	     3.52291	     149.572	11	[(18, 256), (310, 317)]
318	310	216	    -27.1348	     3.62846	     150.025	11	[(18, 256), (310, 318)]
319	310	217	    -27.1348	     3.62359	     150.488	11	[(18, 256), (310, 319)]
320	 18	281	    -27.1348	     4.73197	     220.315	17	[(18, 320)]
321	 18	282	    -27.1348	     4.66042	     221.161	17	[(18, 321)]
322	 18	283	    -27.1348	      4.1159	     222.201	17	[(18, 322)]
323	 18	283	    -27.1348	      4.1159	     222.201	17	[(18, 323)]
324	 18	283	    -27.1348	      4.1159	     222.201	17	[(18, 324)]
325	 18	284	    -27.1348	     3.38868	     223.029	17	[(18, 325)]
326	310	222	    -27.1348	      2.2531	     154.621	11	[(18, 256), (310, 326)]
327	 18	286	    -27.1348	     3.59994	     222.919	17	[(18, 327)]
328	 18	287	    -27.1348	     3.66173	     222.796	17	[(18, 328)]
329	 18	287	    -27.1348	     3.66173	     222.796	17	[(18, 329)]
330	 18	287	    -27.1348	     3.66173	     222.796	17	[(18, 330)]
331	310	224	    -27.1348	     2.39009	     154.469	11	[(18, 256), (310, 331)]
332	329	209	    -27.1348	     2.41925	     143.871	12	[(18, 256), (329, 332)]
333	329	211	    -27.1348	    0.952323	     143.855	12	[(18, 256), (329, 333)]
334	329	213	    -27.1348	     3.37874	     148.821	11	[(18, 256), (329, 334)]
335	329	214	    -27.1348	     3.34782	     149.357	11	[(18, 256), (329, 335)]
336	329	215	    -27.1348	     3.28174	     149.843	11	[(18, 256), (329, 336)]
337	329	216	    -27.1348	     2.86391	     151.212	11	[(18, 256), (329, 337)]
338	329	217	    -27.1348	     2.36023	     152.421	11	[(18, 256), (329, 338)]
339	329	218	    -27.1348	     2.10043	     153.393	11	[(18, 256), (329, 339)]
340	329	219	    -27.1348	     1.96187	     154.261	11	[(18, 256), (329, 340)]
341	329	220	    -27.1348	     1.85575	     155.138	11	[(18, 256), (329, 341)]
342	329	221	    -27.1348	     1.66298	     156.145	11	[(18, 256), (329, 342)]
343	329	222	    -27.1348	     1.59881	       157.1	11	[(18, 256), (329, 343)]
344	329	223	    -27.1348	     1.48346	       158.1	11	[(18, 256), (329, 344)]
345	329	224	    -27.1348	     1.35285	     159.087	11	[(18, 256), (329, 345)]
346	329	225	    -27.1348	       1.233	      160.09	11	[(18, 256), (329, 346)]
347	329	226	    -27.1348	     1.33346	     160.888	11	[(18, 256), (329, 347)]
348	329	227	    -27.1348	    0.783403	     162.179	11	[(18, 256), (329, 348)]
349	329	228	    -27.1348	    0.687678	     163.128	11	[(18, 256), (329, 349)]
350	329	229	    -27.1348	    0.506238	     164.151	11	[(18, 256), (329, 350)]
351	329	230	    -27.1348	    0.392204	     165.039	11	[(18, 256), (329, 351)]
352	329	231	    -27.1348	   0.0043054	     166.163	11	[(18, 256), (329, 352)]
353	329	232	    -27.1348	   -0.894144	     167.358	11	[(18, 256), (329, 353)]
354	329	233	    -27.1348	    -1.10059	     168.187	11	[(18, 256), (329, 354)]
355	329	234	    -27.1348	   -0.440948	     168.179	11	[(18, 256), (329, 355)]
356	329	235	    -27.1348	   -0.228239	     167.934	11	[(18, 256), (329, 356)]
357	329	235	    -27.1348	   -0.228239	     167.934	11	[(18, 256), (329, 357)]
358	329	235	    -27.1348	   -0.228239	     167.934	11	[(18, 256), (329, 358)]
359	329	235	    -27.1348	   -0.228239	     167.934	11	[(18, 256), (329, 359)]
360	329	237	    -27.1348	    -0.32976	      167.98	11	[(18, 256), (329, 360)]
361	329	237	    -27.1348	    -0.32976	      167.98	11	[(18, 256), (329, 361)]
362	329	237	    -27.1348	    -0.32976	      167.98	11	[(18, 256), (329, 362)]
363	329	237	    -27.1348	    -0.32976	      167.98	11	[(18, 256), (329, 363)]
364	329	237	    -27.1348	    -0.32976	      167.98	11	[(18, 256), (329, 364)]
365	329	237	    -27.1348	    -0.32976	      167.98	11	[(18, 256), (329, 365)]
366	329	237	    -27.1348	    -0.32976	      167.98	11	[(18, 256), (329, 366)]
367	329	237	    -27.1348	    -0.32976	      167.98	11	[(18, 256), (329, 367)]
368	329	237	    -27.1348	    -0.32976	      167.98	11	[(18, 256), (329, 368)]
369	329	237	    -27.1348	    -0.32976	      167.98	11	[(18, 256), (329, 369)]
370	329	237	    -27.1348	    -0.32976	      167.98	11	[(18, 256), (329, 370)]
371	361	209	    -27.1348	     2.45232	     143.804	12	[(18, 256), (361, 371)]
372	361	213	    -27.1348	    0.974462	      143.83	12	[(18, 256), (361, 372)]
373	329	244	    -27.1348	     2.03933	     168.241	12	[(18, 256), (329, 373)]
374	361	215	    -27.1348	     3.91597	      148.23	12	[(18, 256), (361, 374)]
375	361	217	    -27.1348	     4.43213	     150.189	12	[(18, 256), (361, 375)]
376	361	220	    -27.1348	     5.30751	      152.62	12	[(18, 256), (361, 376)]
377	361	222	    -27.1348	     4.90257	     154.732	12	[(18, 256), (361, 377)]
378	361	224	    -27.1348	     5.14006	     156.619	12	[(18, 256), (361, 378)]
379	361	225	    -27.1348	     5.89252	      156.84	12	[(18, 256), (361, 379)]
380	361	225	    -27.1348	     5.89252	      156.84	12	[(18, 256), (361, 380)]
381	361	225	    -27.1348	     5.89252	      156.84	12	[(18, 256), (361, 381)]
382	361	225	    -27.1348	     5.89252	      156.84	12	[(18, 256), (361, 382)]
383	361	225	    -27.1348	     5.89252	      156.84	12	[(18, 256), (361, 383)]
384	361	225	    -27.1348	     5.89252	      156.84	12	[(18, 256), (361, 384)]
385	381	210	    -27.1348	     2.60525	     143.871	12	[(18, 256), (381, 385)]
386	381	212	    -27.1348	    -1.54046	     143.833	11	[(18, 256), (381, 386)]
387	381	214	    -27.1348	     3.64338	     149.238	11	[(18, 256), (381, 387)]
388	381	215	    -27.1348	     3.54017	     149.703	11	[(18, 256), (381, 388)]
389	381	216	    -27.1348	       3.366	     150.324	11	[(18, 256), (381, 389)]
390	381	217	    -27.1348	     3.23569	     151.742	11	[(18, 256), (381, 390)]
391	381	218	    -27.1348	     3.22616	      152.74	11	[(18, 256), (381, 391)]
392	381	219	    -27.1348	     3.08878	     153.748	11	[(18, 256), (381, 392)]
393	381	220	    -27.1348	      2.7642	     154.861	11	[(18, 256), (381, 393)]
394	381	221	    -27.1348	     2.69122	     155.826	11	[(18, 256), (381, 394)]
395	381	222	    -27.1348	     2.61756	     156.757	11	[(18, 256), (381, 395)]
396	381	223	    -27.1348	      2.3518	     157.799	11	[(18, 256), (381, 396)]
397	381	224	    -27.1348	     2.08656	     158.863	11	[(18, 256), (381, 397)]
398	381	225	    -27.1348	     1.87365	     159.873	11	[(18, 256), (381, 398)]
399	381	226	    -27.1348	     1.83263	     160.743	11	[(18, 256), (381, 399)]
400	381	227	    -27.1348	     1.75757	     161.653	11	[(18, 256), (381, 400)]
401	381	228	    -27.1348	     1.69877	     162.593	11	[(18, 256), (381, 401)]
402	381	229	    -27.1348	     1.66597	     163.579	11	[(18, 256), (381, 402)]
403	381	230	    -27.1348	     1.67953	       164.5	11	[(18, 256), (381, 403)]
404	381	231	    -27.1348	     1.47268	     165.649	11	[(18, 256), (381, 404)]
405	381	232	    -27.1348	     1.15163	     166.777	11	[(18, 256), (381, 405)]
406	381	233	    -27.1348	   -0.138436	      168.06	11	[(18, 256), (381, 406)]
407	381	234	    -27.1348	    -1.72369	     169.184	11	[(18, 256), (381, 407)]
408	381	235	    -27.1348	     -1.7746	     169.914	11	[(18, 256), (381, 408)]
409	381	236	    -27.1348	    -1.15619	     170.007	11	[(18, 256), (381, 409)]
410	381	236	    -27.1348	    -1.15619	     170.007	11	[(18, 256), (381, 410)]
411	381	236	    -27.1348	    -1.15619	     170.007	11	[(18, 256), (381, 411)]
412	381	237	    -27.1348	    -1.85396	     170.599	11	[(18, 256), (381, 412)]
413	381	237	    -27.1348	    -1.85396	     170.599	11	[(18, 256), (381, 413)]
414	381	237	    -27.1348	    -1.85396	     170.599	11	[(18, 256), (381, 414)]
415	381	237	    -27.1348	    -1.85396	     170.599	11	[(18, 256), (381, 415)]
416	381	237	    -27.1348	    -1.85396	     170.599	11	[(18, 256), (381, 416)]
417	381	237	    -27.1348	    -1.85396	     170.599	11	[(18, 256), (381, 417)]
418	381	237	    -27.1348	    -1.85396	     170.599	11	[(18, 256), (381, 418)]
419	381	237	    -27.1348	    -1.85396	     170.599	11	[(18, 256), (381, 419)]
420	381	237	    -27.1348	    -1.85396	     170.599	11	[(18, 256), (381, 420)]
421	381	237	    -27.1348	    -1.85396	     170.599	11	[(18, 256), (381, 421)]
422	381	239	    -27.1348	    -2.19987	      171.08	11	[(18, 256), (381, 422)]
423	381	241	    -27.1348	    -2.12051	     170.896	11	[(18, 256), (381, 423)]
424	381	241	    -27.1348	    -2.12051	     170.896	11	[(18, 256), (381, 424)]
425	381	242	    -27.1348	     -2.2672	     171.065	11	[(18, 256), (381, 425)]
426	381	244	    -27.1348	    0.300429	      171.03	12	[(18, 256), (381, 426)]
427	186	225	    -27.1348	     2.54954	     158.971	10	[(186, 427)]
428	186	226	    -27.1348	      2.5361	     158.968	10	[(186, 428)]
429	381	248	    -27.1348	      2.5288	     177.684	11	[(18, 256), (381, 429)]
430	381	249	    -27.1348	     2.48502	     178.936	11	[(18, 256), (381, 430)]
431	381	250	    -27.1348	     2.12458	      180.25	11	[(18, 256), (381, 431)]
432	381	251	    -27.1348	     1.76998	     181.343	11	[(18, 256), (381, 432)]
433	381	252	    -27.1348	     1.52261	     182.313	11	[(18, 256), (381, 433)]
434	381	253	    -27.1348	     1.42604	     183.116	11	[(18, 256), (381, 434)]
435	381	254	    -27.1348	     1.08611	     184.032	11	[(18, 256), (381, 435)]
436	381	254	    -27.1348	     1.08611	     184.032	11	[(18, 256), (381, 436)]
437	381	255	    -27.1348	    0.868181	     184.228	11	[(18, 256), (381, 437)]
438	381	255	    -27.1348	    0.868181	     184.228	11	[(18, 256), (381, 438)]
439	381	256	    -27.1348	    0.640069	     184.466	11	[(18, 256), (381, 439)]
440	381	256	    -27.1348	    0.640069	     184.466	11	[(18, 256), (381, 440)]
441	381	258	    -27.1348	      0.7625	     184.386	11	[(18, 256), (381, 441)]
442	381	259	    -27.1348	    0.769463	     184.386	11	[(18, 256), (381, 442)]
443	186	240	    -27.1348	     5.54871	     172.376	10	[(186, 443)]
444	422	229	    -27.1348	     6.78161	     161.765	11	[(18, 256), (422, 444)]
445	422	229	    -27.1348	     6.78161	     161.765	11	[(18, 256), (422, 445)]
446	422	230	    -27.1348	       8.096	      161.97	12	[(18, 256), (422, 446)]
447	444	244	    -27.1348	     1.44591	     171.369	12	[(18, 256), (381, 425), (444, 447)]
448	444	246	    -27.1348	   -0.019929	     171.357	12	[(18, 256), (381, 425), (444, 448)]
449	444	248	    -27.1348	     2.36117	     176.332	11	[(18, 256), (381, 425), (444, 449)]
450	444	249	    -27.1348	     2.20987	     176.818	11	[(18, 256), (381, 425), (444, 450)]
451	444	250	    -27.1348	     2.20944	     177.322	11	[(18, 256), (381, 425), (444, 451)]
452	444	251	    -27.1348	      2.2397	     178.255	11	[(18, 256), (381, 425), (444, 452)]
453	444	252	    -27.1348	     1.88785	     179.661	11	[(18, 256), (381, 425), (444, 453)]
454	444	253	    -27.1348	     1.80892	     180.646	11	[(18, 256), (381, 425), (444, 454)]
455	444	254	    -27.1348	     1.41248	     181.767	11	[(18, 256), (381, 425), (444, 455)]
456	444	255	    -27.1348	      0.5717	     182.914	11	[(18, 256), (381, 425), (444, 456)]
457	444	256	    -27.1348	    0.433778	     183.812	11	[(18, 256), (381, 425), (444, 457)]
458	444	257	    -27.1348	    0.907818	     184.091	11	[(18, 256), (381, 425), (444, 458)]
459	444	257	    -27.1348	    0.907818	     184.091	11	[(18, 256), (381, 425), (444, 459)]
460	444	257	    -27.1348	    0.907818	     184.091	11	[(18, 256), (381, 425), (444, 460)]
461	444	257	    -27.1348	    0.907818	     184.091	11	[(18, 256), (381, 425), (444, 461)]
462	444	257	    -27.1348	    0.907818	     184.091	11	[(18, 256), (381, 425), (444, 462)]
463	444	258	    -27.1348	     6.42887	     184.272	12	[(18, 256), (381, 425), (444, 463)]
464	461	244	    -27.1348	     1.44591	     171.369	12	[(18, 256), (381, 425), (461, 464)]
465	461	246	    -27.1348	  -0.0218547	     171.361	12	[(18, 256), (381, 425), (461, 465)]
466	461	248	    -27.1348	     1.81978	     176.181	11	[(18, 256), (381, 425), (461, 466)]
467	461	249	    -27.1348	      1.8769	     176.705	11	[(18, 256), (381, 425), (461, 467)]
468	461	250	    -27.1348	     2.45873	      177.04	11	[(18, 256), (381, 425), (461, 468)]
469	461	250	    -27.1348	     2.45873	      177.04	11	[(18, 256), (381, 425), (461, 469)]
470	461	251	    -27.1348	     1.36283	      177.77	11	[(18, 256), (381, 425), (461, 470)]
471	461	252	    -27.1348	      1.7095	      177.88	11	[(18, 256), (381, 425), (461, 471)]
472	461	252	    -27.1348	      1.7095	      177.88	11	[(18, 256), (381, 425), (461, 472)]
473	461	252	    -27.1348	      1.7095	      177.88	11	[(18, 256), (381, 425), (461, 473)]
474	461	252	    -27.1348	      1.7095	      177.88	11	[(18, 256), (381, 425), (461, 474)]
475	461	252	    -27.1348	      1.7095	      177.88	11	[(18, 256), (381, 425), (461, 475)]
476	461	252	    -27.1348	      1.7095	      177.88	11	[(18, 256), (381, 425), (461, 476)]
477	461	252	    -27.1348	      1.7095	      177.88	11	[(18, 256), (381, 425), (461, 477)]
478	461	252	    -27.1348	      1.7095	      177.88	11	[(18, 256), (381, 425), (461, 478)]
479	461	252	    -27.1348	      1.7095	      177.88	11	[(18, 256), (381, 425), (461, 479)]
480	461	252	    -27.1348	      1.7095	      177.88	11	[(18, 256), (381, 425), (461, 480)]
481	461	252	    -27.1348	      1.7095	      177.88	11	[(18, 256), (381, 425), (461, 481)]
482	461	252	    -27.1348	      1.7095	      177.88	11	[(18, 256), (381, 425), (461, 482)]
483	461	254	    -27.1348	     1.45364	     178.126	11	[(18, 256), (381, 425), (461, 483)]
484	461	254	    -27.1348	     1.45364	     178.126	11	[(18, 256), (381, 425), (461, 484)]
485	461	254	    -27.1348	     1.45364	     178.126	11	[(18, 256), (381, 425), (461, 485)]
486	461	255	    -27.1348	     1.21041	     178.597	11	[(18, 256), (381, 425), (461, 486)]
487	461	257	    -27.1348	     1.01351	     180.953	11	[(18, 256), (381, 425), (461, 487)]
488	461	259	    -27.1348	     1.21778	     182.904	11	[(18, 256), (381, 425), (461, 488)]
489	461	261	    -27.1348	     1.78273	     184.846	11	[(18, 256), (381, 425), (461, 489)]
490	461	262	    -27.1348	     2.48732	     185.083	11	[(18, 256), (381, 425), (461, 490)]
491	461	263	    -27.1348	     2.82577	     184.799	11	[(18, 256), (381, 425), (461, 491)]
492	461	263	    -27.1348	     2.82577	     184.799	11	[(18, 256), (381, 425), (461, 492)]
493	461	263	    -27.1348	     2.82577	     184.799	11	[(18, 256), (381, 425), (461, 493)]
494	461	263	    -27.1348	     2.82577	     184.799	11	[(18, 256), (381, 425), (461, 494)]
495	461	263	    -27.1348	     2.82577	     184.799	11	[(18, 256), (381, 425), (461, 495)]
496	461	263	    -27.1348	     2.82577	     184.799	11	[(18, 256), (381, 425), (461, 496)]
497	461	265	    -27.1348	     2.56958	     185.037	11	[(18, 256), (381, 425), (461, 497)]
498	461	265	    -27.1348	     2.56958	     185.037	11	[(18, 256), (381, 425), (461, 498)]
499	461	267	    -27.1348	      2.4163	     185.237	11	[(18, 256), (381, 425), (461, 499)]
500	461	269	    -27.1348	     2.43324	     185.237	11	[(18, 256), (381, 425), (461, 500)]
501	461	269	    -27.1348	     2.43324	     185.237	11	[(18, 256), (381, 425), (461, 501)]
502	461	269	    -27.1348	     2.43324	     185.237	11	[(18, 256), (381, 425), (461, 502)]
503	500	244	    -27.1348	     1.43437	     171.396	12	[(18, 256), (381, 425), (500, 503)]
504	500	246	    -27.1348	  -0.0257685	     171.363	12	[(18, 256), (381, 425), (500, 504)]
505	500	248	    -27.1348	      1.8534	      176.21	11	[(18, 256), (381, 425), (500, 505)]
506	500	249	    -27.1348	     1.65527	     176.696	11	[(18, 256), (381, 425), (500, 506)]
507	500	250	    -27.1348	     1.49631	     177.846	11	[(18, 256), (381, 425), (500, 507)]
508	500	251	    -27.1348	     1.35175	      178.94	11	[(18, 256), (381, 425), (500, 508)]
509	500	252	    -27.1348	    0.931823	      180.05	11	[(18, 256), (381, 425), (500, 509)]
510	 18	464	    -27.1348	     2.56813	     381.456	28	[(18, 510)]
511	 18	465	    -27.1348	    0.478857	     383.105	28	[(18, 511)]
512	 18	466	    -27.1348	      0.2321	     383.912	28	[(18, 512)]
513	 18	467	    -27.1348	   -0.768093	     384.943	28	[(18, 513)]
514	 18	468	    -27.1348	    -1.90268	     385.963	28	[(18, 514)]
515	 18	469	    -27.1348	    -2.39183	     387.155	28	[(18, 515)]
516	 18	470	    -27.1348	    -2.52332	     387.963	28	[(18, 516)]
517	 18	471	    -27.1348	    -1.99167	     388.054	28	[(18, 517)]
518	 18	471	    -27.1348	    -1.99167	     388.054	28	[(18, 518)]
519	 18	472	    -27.1348	    -2.20862	     388.251	28	[(18, 519)]
520	 18	473	    -27.1348	    -2.25471	      388.33	28	[(18, 520)]
521	 18	474	    -27.1348	     -2.6917	     388.911	28	[(18, 521)]
522	 18	475	    -27.1348	    -2.48848	     388.712	28	[(18, 522)]
523	 18	475	    -27.1348	    -2.48848	     388.712	28	[(18, 523)]
524	500	 21	    -27.1348	     2.40375	     15.5319	 0	[(500, 524)]
525	500	 21	    -27.1348	     2.40375	     15.5319	 0	[(500, 525)]
526	523	  2	    -27.1348	      3.7421	    0.245625	 1	[(523, 526)]
527	523	  4	    -27.1348	   -0.258034	    0.274988	 0	[(523, 527)]
528	523	  6	    -27.1348	   -0.147512	    0.152896	 0	[(523, 528)]
529	500	 28	    -27.1348	     2.37037	      15.581	 0	[(500, 529)]
530	523	  8	    -27.1348	     4.90999	     6.07551	 0	[(523, 530)]
531	523	  9	    -27.1348	     4.84818	     6.49021	 0	[(523, 531)]
532	523	 10	    -27.1348	     4.85564	     6.95985	 0	[(523, 532)]
533	523	 11	    -27.1348	      4.8267	     8.11384	 0	[(523, 533)]
534	523	 12	    -27.1348	     4.85085	     9.16104	 0	[(523, 534)]
535	523	 13	    -27.1348	     4.51314	     10.4294	 0	[(523, 535)]
536	523	 14	    -27.1348	     4.02691	     11.5861	 0	[(523, 536)]
537	 18	490	    -27.1348	     2.23431	     402.307	29	[(18, 537)]
538	 18	491	    -27.1348	     1.26469	     403.299	29	[(18, 538)]
539	 18	492	    -27.1348	   0.0829466	     404.599	29	[(18, 539)]
540	 18	493	    -27.1348	    -1.33013	     406.447	29	[(18, 540)]
541	 18	494	    -27.1348	    -2.13368	     407.709	29	[(18, 541)]
542	 18	495	    -27.1348	    -2.69889	     408.654	29	[(18, 542)]
543	 18	496	    -27.1348	    -4.04188	     409.787	29	[(18, 543)]
544	 18	497	    -27.1348	    -5.30817	     411.389	29	[(18, 544)]
545	 18	498	    -27.1348	    -5.77401	      412.35	29	[(18, 545)]
546	 18	499	    -27.1348	    -6.16924	     413.249	29	[(18, 546)]
547	 18	500	    -27.1348	    -7.43598	     414.519	29	[(18, 547)]
548	 18	501	    -27.1348	     -8.9561	     416.637	29	[(18, 548)]
549	 18	502	    -27.1348	    -10.1032	     417.749	29	[(18, 549)]
550	 18	503	    -27.1348	    -10.2613	     418.552	29	[(18, 550)]
551	 18	504	    -27.1348	    -11.5471	     420.229	29	[(18, 551)]
552	 18	505	    -27.1348	    -12.8861	     421.474	29	[(18, 552)]
553	 18	506	    -27.1348	    -13.1285	     422.374	29	[(18, 553)]
554	 18	507	    -27.1348	    -12.4822	     422.493	29	[(18, 554)]
555	 18	508	    -27.1348	    -12.1938	     422.224	29	[(18, 555)]
556	 18	509	    -27.1348	    -12.2386	     422.349	29	[(18, 556)]
557	 18	510	    -27.1348	    -12.2044	     422.236	29	[(18, 557)]
558	 18	510	    -27.1348	    -12.2044	     422.236	29	[(18, 558)]
559	 18	511	    -27.1348	    -12.3407	     422.386	29	[(18, 559)]
560	 18	511	    -27.1348	    -12.3407	     422.386	29	[(18, 560)]
561	 18	512	    -27.1348	    -12.4688	     422.509	29	[(18, 561)]
562	 18	512	    -27.1348	    -12.4688	     422.509	29	[(18, 562)]
563	 18	513	    -27.1348	    -12.6055	     422.647	29	[(18, 563)]
564	 18	513	    -27.1348	    -12.6055	     422.647	29	[(18, 564)]
565	 18	513	    -27.1348	    -12.6055	     422.647	29	[(18, 565)]
566	 18	513	    -27.1348	    -12.6055	     422.647	29	[(18, 566)]
567	 18	513	    -27.1348	    -12.6055	     422.647	29	[(18, 567)]
568	 18	514	    -27.1348	    -12.7897	      422.83	29	[(18, 568)]
569	 18	514	    -27.1348	    -12.7897	      422.83	29	[(18, 569)]
570	 18	516	    -27.1348	     -12.888	     422.931	29	[(18, 570)]
571	 18	516	    -27.1348	     -12.888	     422.931	29	[(18, 571)]
572	 18	516	    -27.1348	     -12.888	     422.931	29	[(18, 572)]
573	 18	516	    -27.1348	     -12.888	     422.931	29	[(18, 573)]
574	 18	519	    -27.1348	    -2.95384	     423.144	31	[(18, 574)]
575	 18	520	    -27.1348	    -2.54014	     422.944	31	[(18, 575)]
576	 18	521	    -27.1348	     4.04338	     429.658	32	[(18, 576)]
577	 18	524	    -27.1348	     2.48214	     431.558	32	[(18, 577)]
578	 18	525	    -27.1348	     1.45637	     433.532	32	[(18, 578)]
579	 18	527	    -27.1348	     0.69381	     435.237	31	[(18, 579)]
580	 18	528	    -27.1348	      1.0533	     435.962	31	[(18, 580)]
581	 18	529	    -27.1348	     1.58576	     433.362	31	[(18, 581)]
582	 18	530	    -27.1348	    0.271349	     438.173	32	[(18, 582)]
583	 18	531	    -27.1348	   -0.527213	     439.159	32	[(18, 583)]
584	 18	532	    -27.1348	    -3.53115	     440.369	32	[(18, 584)]
585	 18	533	    -27.1348	    -5.21553	     441.382	32	[(18, 585)]
586	 18	534	    -27.1348	    -6.64649	     442.342	32	[(18, 586)]
587	 18	536	    -27.1348	    -9.41265	     443.902	32	[(18, 587)]
588	 18	537	    -27.1348	    -10.8369	     445.076	32	[(18, 588)]
589	 18	538	    -27.1348	    -11.7355	      446.51	32	[(18, 589)]
590	 18	540	    -27.1348	    -11.7163	     447.173	31	[(18, 590)]
591	 18	540	    -27.1348	    -11.7163	     447.173	31	[(18, 591)]
592	 18	541	    -27.1348	    -13.2039	     448.233	31	[(18, 592)]
593	 18	542	    -27.1348	    -13.8188	     449.728	31	[(18, 593)]
594	 18	544	    -27.1348	    -11.5303	     450.417	31	[(18, 594)]
595	 18	544	    -27.1348	    -11.5303	     450.417	31	[(18, 595)]
596	 18	544	    -27.1348	    -11.5303	     450.417	31	[(18, 596)]
597	 18	544	    -27.1348	    -11.5303	     450.417	31	[(18, 597)]
598	 18	544	    -27.1348	    -11.5303	     450.417	31	[(18, 598)]
599	 18	546	    -27.1348	    -11.9201	     451.104	31	[(18, 599)]
600	 18	548	    -27.1348	    -11.8397	      450.83	31	[(18, 600)]
601	 18	548	    -27.1348	    -11.8397	      450.83	31	[(18, 601)]
602	 18	549	    -27.1348	    -6.08309	     452.353	32	[(18, 602)]
603	 18	550	    -27.1348	     -6.7944	     453.259	32	[(18, 603)]
604	 18	551	    -27.1348	    -6.61597	     453.855	32	[(18, 604)]
605	 18	552	    -27.1348	    -6.12562	     453.497	32	[(18, 605)]
606	 18	553	    -27.1348	    -3.61776	     455.541	34	[(18, 606)]
607	 18	554	    -27.1348	    -5.24116	     456.798	34	[(18, 607)]
608	 18	556	    -27.1348	    -7.65978	     458.022	33	[(18, 608)]
609	 18	557	    -27.1348	    -7.51731	     459.752	33	[(18, 609)]
610	 18	558	    -27.1348	    -8.20464	     463.457	33	[(18, 610)]
611	 18	559	    -27.1348	    -10.1906	     465.352	33	[(18, 611)]
612	 18	560	    -27.1348	    -9.88246	     465.941	33	[(18, 612)]
613	 18	561	    -27.1348	    -9.56823	     466.307	33	[(18, 613)]
614	 18	562	    -27.1348	    -11.3764	     467.729	33	[(18, 614)]
615	 18	563	    -27.1348	    -12.9566	     468.861	33	[(18, 615)]
616	 18	564	    -27.1348	     -13.845	     469.786	33	[(18, 616)]
617	 18	565	    -27.1348	    -15.0157	     470.883	35	[(18, 617)]
618	 18	566	    -27.1348	    -16.6909	     471.911	35	[(18, 618)]
619	 18	567	    -27.1348	    -19.4584	     473.053	35	[(18, 619)]
620	 18	569	    -27.1348	    -18.8298	     474.168	35	[(18, 620)]
621	 18	570	    -27.1348	    -22.1029	     475.399	35	[(18, 621)]
622	 18	571	    -27.1348	    -23.3498	      476.43	35	[(18, 622)]
623	 18	572	    -27.1348	    -25.3035	     477.633	35	[(18, 623)]
624	 18	573	    -27.1348	     -25.827	      479.09	35	[(18, 624)]
625	 18	575	    -27.1348	    -26.7258	     481.085	34	[(18, 625)]
626	 18	578	    -30.9183	    -30.9183	      480.35	32	[(18, 626)]
627	 18	579	    -30.9183	    -30.7289	     478.461	32	[(18, 627)]
628	 18	580	    -30.9183	    -28.6842	     484.835	32	[(18, 628)]
629	 18	581	    -30.9183	    -28.0154	     485.535	32	[(18, 629)]
630	 18	582	    -30.9183	    -27.7336	     486.175	32	[(18, 630)]
631	 18	582	    -30.9183	    -27.7336	     486.175	32	[(18, 631)]
632	 18	583	    -30.9183	     -27.973	     486.387	32	[(18, 632)]
633	 18	583	    -30.9183	     -27.973	     486.387	32	[(18, 633)]
634	 18	585	    -30.9183	    -27.8351	     487.477	32	[(18, 634)]
635	 18	586	    -30.9183	    -28.0988	     491.424	33	[(18, 635)]
636	 18	587	    -30.9183	    -28.9091	     491.617	33	[(18, 636)]
637	 18	588	    -33.5108	    -33.5108	     493.715	33	[(18, 637)]
638	 18	589	     -41.376	     -41.376	     495.065	33	[(18, 638)]
639	 18	590	    -43.5964	    -43.5964	     496.627	33	[(18, 639)]
640	 18	591	    -46.6824	    -46.6824	     497.762	33	[(18, 640)]
641	 18	592	    -48.2379	    -48.2379	     498.753	33	[(18, 641)]
642	 18	593	    -48.2848	    -48.2848	     499.504	33	[(18, 642)]
643	 18	593	    -48.2848	    -48.2848	     499.504	33	[(18, 643)]
644	 18	593	    -48.2848	    -48.2848	     499.504	33	[(18, 644)]
