L	Ls	nvertices	F_L	F_L_constrained	rho_sum	nloops	regions
  0	  0	  0	           0	           0	           0	 0	[(0, 0)]
  1	  0	  0	           0	           0	           0	 0	[(0, 1)]
  2	  0	  0	           0	           0	           0	 0	[(0, 2)]
  3	  0	  0	           0	           0	           0	 0	[(0, 3)]
  4	  0	  0	           0	           0	           0	 0	[(0, 4)]
  5	  0	  3	   -0.266179	   -0.266179	    0.276604	 0	[(0, 5)]
  6	  0	  3	   -0.266179	   -0.266179	    0.276604	 0	[(0, 6)]
  7	  0	  3	   -0.266179	   -0.266179	    0.276604	 0	[(0, 7)]
  8	  0	  3	   -0.266179	   -0.266179	    0.276604	 0	[(0, 8)]
  9	  0	  6	   -0.368782	   -0.368782	    0.373361	 0	[(0, 9)]
 10	  0	  7	   -0.368782	   -0.366343	    0.382215	 0	[(0, 10)]
 11	  0	  7	   -0.368782	   -0.366343	    0.382215	 0	[(0, 11)]
 12	  0	  8	   -0.368782	     1.73118	    0.502849	 1	[(0, 12)]
 13	  9	  4	   -0.368782	    -0.25761	    0.274153	 0	[(9, 13)]
 14	  0	 11	   -0.388237	   -0.388237	    0.405149	 0	[(0, 14)]
 15	  0	 12	   -0.388237	     3.36792	     5.37677	 0	[(0, 15)]
 16	  0	 13	   -0.388237	     3.32488	     6.24719	 0	[(0, 16)]
 17	  0	 14	   -0.388237	      1.5874	     7.77838	 0	[(0, 17)]
 18	  0	 15	   -0.388237	    0.940363	     8.71357	 0	[(0, 18)]
 19	  0	 16	   -0.388237	    0.664887	     9.61475	 0	[(0, 19)]
 20	  0	 17	   -0.388237	   -0.071413	     10.6146	 0	[(0, 20)]
 21	  0	 18	   -0.388237	    -0.27433	     11.4968	 0	[(0, 21)]
 22	  0	 19	     -1.0929	     -1.0929	     12.6302	 0	[(0, 22)]
 23	  0	 20	    -2.16784	    -2.16784	     13.7046	 0	[(0, 23)]
 24	  0	 21	    -2.24135	    -2.24135	     14.5402	 0	[(0, 24)]
 25	  0	 22	    -3.26044	    -3.26044	     15.6399	 0	[(0, 25)]
 26	  0	 23	    -3.29207	    -3.29207	     16.4121	 0	[(0, 26)]
 27	  0	 24	    -4.56962	    -4.56962	     17.6561	 0	[(0, 27)]
 28	  0	 25	    -4.60872	    -4.60872	      18.428	 0	[(0, 28)]
 29	  0	 26	    -4.60872	    -3.98382	     18.4312	 0	[(0, 29)]
 30	  0	 27	    -4.60872	    -3.76654	     18.1524	 0	[(0, 30)]
 31	  0	 28	    -4.60872	     -3.7522	      18.097	 0	[(0, 31)]
 32	  0	 28	    -4.60872	     -3.7522	      18.097	 0	[(0, 32)]
 33	  0	 28	    -4.60872	     -3.7522	      18.097	 0	[(0, 33)]
 34	  0	 28	    -4.60872	     -3.7522	      18.097	 0	[(0, 34)]
 35	  0	 30	    -4.60872	    -3.88841	     18.2214	 0	[(0, 35)]
 36	  0	 32	    -4.60872	    -3.89632	     18.2384	 0	[(0, 36)]
 37	  0	 34	    -4.60872	    -3.82097	     18.1599	 0	[(0, 37)]
 38	  0	 34	    -4.60872	    -3.82097	     18.1599	 0	[(0, 38)]
 39	  0	 34	    -4.60872	    -3.82097	     18.1599	 0	[(0, 39)]
 40	  0	 35	    -4.60872	    -3.94943	     18.2821	 0	[(0, 40)]
 41	  0	 35	    -4.60872	    -3.94943	     18.2821	 0	[(0, 41)]
 42	  0	 37	    -4.60872	-0.000825631	     18.5013	 1	[(0, 42)]
 43	  0	 39	    -4.60872	     2.08736	     22.2871	 1	[(0, 43)]
 44	  0	 40	    -4.60872	     2.79974	     22.7817	 1	[(0, 44)]
 45	  0	 41	    -4.60872	     3.21817	     23.0239	 1	[(0, 45)]
 46	  0	 41	    -4.60872	     3.21817	     23.0239	 1	[(0, 46)]
 47	  0	 41	    -4.60872	     3.21817	     23.0239	 1	[(0, 47)]
 48	  0	 41	    -4.60872	     3.21817	     23.0239	 1	[(0, 48)]
 49	  0	 41	    -4.60872	     3.21817	     23.0239	 1	[(0, 49)]
 50	  0	 41	    -4.60872	     3.21817	     23.0239	 1	[(0, 50)]
 51	  0	 41	    -4.60872	     3.21817	     23.0239	 1	[(0, 51)]
 52	  0	 41	    -4.60872	     3.21817	     23.0239	 1	[(0, 52)]
 53	  0	 42	    -4.60872	     3.08568	     23.1535	 1	[(0, 53)]
 54	  0	 44	    -4.60872	     3.09583	      23.161	 1	[(0, 54)]
 55	  0	 45	    -4.60872	     3.10971	     23.1389	 1	[(0, 55)]
 56	  0	 46	    -4.60872	     3.10422	     23.1452	 1	[(0, 56)]
 57	  0	 46	    -4.60872	     3.10422	     23.1452	 1	[(0, 57)]
 58	  0	 46	    -4.60872	     3.10422	     23.1452	 1	[(0, 58)]
 59	  0	 46	    -4.60872	     3.10422	     23.1452	 1	[(0, 59)]
 60	  0	 47	    -4.60872	     2.97688	     23.2676	 1	[(0, 60)]
 61	  0	 48	    -4.60872	     2.96962	     23.2797	 1	[(0, 61)]
 62	  0	 50	    -4.60872	     2.97766	      23.277	 1	[(0, 62)]
 63	 59	 41	    -4.60872	   -0.262553	     18.7845	 1	[(0, 42), (59, 63)]
 64	  0	 53	    -4.60872	     2.78831	     23.4509	 1	[(0, 64)]
 65	 59	 44	    -4.60872	     4.18562	     24.0431	 1	[(0, 42), (59, 65)]
 66	 59	 45	    -4.60872	     3.53382	     25.1152	 1	[(0, 42), (59, 66)]
 67	 59	 46	    -4.60872	     3.33683	     26.1177	 1	[(0, 42), (59, 67)]
 68	 59	 47	    -4.60872	     3.29943	     26.9642	 1	[(0, 42), (59, 68)]
 69	 59	 48	    -4.60872	     3.08583	     27.8925	 1	[(0, 42), (59, 69)]
 70	 59	 49	    -4.60872	     2.63225	     29.0429	 1	[(0, 42), (59, 70)]
 71	 59	 50	    -4.60872	     2.21925	     30.1334	 1	[(0, 42), (59, 71)]
 72	 59	 51	    -4.60872	     1.83903	     31.1347	 1	[(0, 42), (59, 72)]
 73	 59	 52	    -4.60872	     1.90635	     31.8851	 1	[(0, 42), (59, 73)]
 74	 59	 53	    -4.60872	     1.90546	     32.6856	 1	[(0, 42), (59, 74)]
 75	 59	 53	    -4.60872	     1.90546	     32.6856	 1	[(0, 42), (59, 75)]
 76	 59	 53	    -4.60872	     1.90546	     32.6856	 1	[(0, 42), (59, 76)]
 77	 59	 53	    -4.60872	     1.90546	     32.6856	 1	[(0, 42), (59, 77)]
 78	 59	 53	    -4.60872	     1.90546	     32.6856	 1	[(0, 42), (59, 78)]
 79	 59	 53	    -4.60872	     1.90546	     32.6856	 1	[(0, 42), (59, 79)]
 80	 59	 53	    -4.60872	     1.90546	     32.6856	 1	[(0, 42), (59, 80)]
 81	 59	 53	    -4.60872	     1.90546	     32.6856	 1	[(0, 42), (59, 81)]
 82	 59	 53	    -4.60872	     1.90546	     32.6856	 1	[(0, 42), (59, 82)]
 83	 59	 53	    -4.60872	     1.90546	     32.6856	 1	[(0, 42), (59, 83)]
 84	 59	 53	    -4.60872	     1.90546	     32.6856	 1	[(0, 42), (59, 84)]
 85	 59	 53	    -4.60872	     1.90546	     32.6856	 1	[(0, 42), (59, 85)]
 86	 79	 40	    -4.60872	     3.95808	     18.8661	 2	[(0, 42), (79, 86)]
 87	 79	 42	    -4.60872	     5.05978	     21.8053	 2	[(0, 42), (79, 87)]
 88	 79	 44	    -4.60872	     5.17252	     24.5136	 2	[(0, 42), (79, 88)]
 89	 79	 46	    -4.60872	     6.41266	     25.3071	 2	[(0, 42), (79, 89)]
 90	 79	 47	    -4.60872	     6.88691	     25.0124	 2	[(0, 42), (79, 90)]
 91	 79	 47	    -4.60872	     6.88691	     25.0124	 2	[(0, 42), (79, 91)]
 92	 79	 47	    -4.60872	     6.88691	     25.0124	 2	[(0, 42), (79, 92)]
 93	 89	 39	    -4.60872	     3.69317	      18.851	 2	[(0, 42), (89, 93)]
 94	 89	 42	    -4.60872	     3.18345	     21.8927	 2	[(0, 42), (89, 94)]
 95	 89	 44	    -4.60872	     1.63829	      24.376	 1	[(0, 42), (89, 95)]
 96	 89	 45	    -4.60872	     2.40974	     24.6184	 1	[(0, 42), (89, 96)]
 97	 89	 46	    -4.60872	     2.79479	       24.51	 1	[(0, 42), (89, 97)]
 98	 89	 47	    -4.60872	     2.85467	     24.3969	 1	[(0, 42), (89, 98)]
 99	 76	 59	    -4.60872	     1.94999	     38.2917	 2	[(0, 42), (76, 99)]
100	 76	 59	    -4.60872	     1.94999	     38.2917	 2	[(0, 42), (76, 100)]
101	 76	 59	    -4.60872	     1.94999	     38.2917	 2	[(0, 42), (76, 101)]
102	 76	 59	    -4.60872	     1.94999	     38.2917	 2	[(0, 42), (76, 102)]
103	 76	 59	    -4.60872	     1.94999	     38.2917	 2	[(0, 42), (76, 103)]
104	 76	 59	    -4.60872	     1.94999	     38.2917	 2	[(0, 42), (76, 104)]
105	 76	 61	    -4.60872	     1.69394	      38.534	 2	[(0, 42), (76, 105)]
106	 76	 61	    -4.60872	     1.69394	      38.534	 2	[(0, 42), (76, 106)]
107	 76	 61	    -4.60872	     1.69394	      38.534	 2	[(0, 42), (76, 107)]
108	 76	 61	    -4.60872	     1.69394	      38.534	 2	[(0, 42), (76, 108)]
109	 76	 61	    -4.60872	     1.69394	      38.534	 2	[(0, 42), (76, 109)]
110	 76	 61	    -4.60872	     1.69394	      38.534	 2	[(0, 42), (76, 110)]
111	 76	 61	    -4.60872	     1.69394	      38.534	 2	[(0, 42), (76, 111)]
112	 76	 61	    -4.60872	     1.69394	      38.534	 2	[(0, 42), (76, 112)]
113	 76	 61	    -4.60872	     1.69394	      38.534	 2	[(0, 42), (76, 113)]
114	 76	 61	    -4.60872	     1.69394	      38.534	 2	[(0, 42), (76, 114)]
115	 76	 61	    -4.60872	     1.69394	      38.534	 2	[(0, 42), (76, 115)]
116	 76	 61	    -4.60872	     1.69394	      38.534	 2	[(0, 42), (76, 116)]
117	110	 40	    -4.60872	     3.87541	     18.8245	 2	[(0, 42), (110, 117)]
118	110	 42	    -4.60872	     3.24537	     21.3308	 2	[(0, 42), (110, 118)]
119	110	 44	    -4.60872	     2.81144	     23.8433	 2	[(0, 42), (110, 119)]
120	110	 46	    -4.60872	     2.91607	     25.8914	 2	[(0, 42), (110, 120)]
121	110	 48	    -4.60872	    0.924128	     27.6738	 2	[(0, 42), (110, 121)]
122	110	 49	    -4.60872	      1.7974	     29.3632	 2	[(0, 42), (110, 122)]
123	110	 49	    -4.60872	      1.7974	     29.3632	 2	[(0, 42), (110, 123)]
124	110	 49	    -4.60872	      1.7974	     29.3632	 2	[(0, 42), (110, 124)]
125	110	 49	    -4.60872	      1.7974	     29.3632	 2	[(0, 42), (110, 125)]
126	110	 49	    -4.60872	      1.7974	     29.3632	 2	[(0, 42), (110, 126)]
127	110	 49	    -4.60872	      1.7974	     29.3632	 2	[(0, 42), (110, 127)]
128	124	 40	    -4.60872	      3.8738	     18.8522	 2	[(0, 42), (124, 128)]
129	124	 42	    -4.60872	      3.4747	     22.2302	 2	[(0, 42), (124, 129)]
130	124	 44	    -4.60872	      1.4764	     24.8678	 1	[(0, 42), (124, 130)]
131	124	 45	    -4.60872	    0.735751	     25.8144	 1	[(0, 42), (124, 131)]
132	 56	107	    -4.60872	   -0.758834	     77.9084	 3	[(0, 42), (56, 132)]
133	 56	108	    -4.60872	    -3.46726	     79.0578	 3	[(0, 42), (56, 133)]
134	 56	109	    -5.57787	    -5.57787	     80.0582	 3	[(0, 42), (56, 134)]
135	 56	110	    -9.53203	    -9.53203	     81.2739	 3	[(0, 42), (56, 135)]
136	 56	111	    -12.1064	    -12.1064	     82.4156	 3	[(0, 42), (56, 136)]
137	 56	112	    -13.3695	    -13.3695	     84.3974	 3	[(0, 42), (56, 137)]
138	 56	113	    -14.5257	    -14.5257	     85.8979	 3	[(0, 42), (56, 138)]
139	 56	114	    -14.5257	    -14.4483	     87.4946	 3	[(0, 42), (56, 139)]
140	 56	115	    -14.5257	     -13.955	     88.7554	 3	[(0, 42), (56, 140)]
141	 56	117	     -15.482	     -15.482	     92.1534	 3	[(0, 42), (56, 141)]
142	 56	117	     -15.482	     -15.482	     92.1534	 3	[(0, 42), (56, 142)]
143	 56	118	    -15.6233	    -15.6233	     92.2893	 3	[(0, 42), (56, 143)]
144	 56	119	    -15.6233	      -12.63	     93.0544	 4	[(0, 42), (56, 144)]
145	 56	121	    -17.3593	    -17.3593	     94.8014	 4	[(0, 42), (56, 145)]
146	 56	122	     -19.061	     -19.061	     95.8304	 4	[(0, 42), (56, 146)]
147	 56	123	    -20.3131	    -20.3131	     96.7757	 4	[(0, 42), (56, 147)]
148	 56	124	    -22.3806	    -22.3806	     97.8122	 4	[(0, 42), (56, 148)]
149	 56	125	    -24.0388	    -24.0388	     98.8028	 4	[(0, 42), (56, 149)]
150	 56	126	    -26.5778	    -26.5778	     99.8237	 4	[(0, 42), (56, 150)]
151	 56	127	    -27.4295	    -27.4295	     100.713	 4	[(0, 42), (56, 151)]
152	 56	128	    -29.6307	    -29.6307	      101.76	 4	[(0, 42), (56, 152)]
153	 56	129	     -31.292	     -31.292	     102.748	 4	[(0, 42), (56, 153)]
154	 56	129	     -31.292	     -31.292	     102.748	 4	[(0, 42), (56, 154)]
155	 56	131	     -31.292	     -29.979	     103.498	 4	[(0, 42), (56, 155)]
156	 56	132	     -31.292	    -25.9082	     103.521	 5	[(0, 42), (56, 156)]
157	 56	133	     -31.292	    -25.5007	     103.481	 5	[(0, 42), (56, 157)]
158	 56	133	     -31.292	    -25.5007	     103.481	 5	[(0, 42), (56, 158)]
159	 56	133	     -31.292	    -25.5007	     103.481	 5	[(0, 42), (56, 159)]
160	 56	133	     -31.292	    -25.5007	     103.481	 5	[(0, 42), (56, 160)]
161	 56	135	     -31.292	    -21.1883	      103.63	 6	[(0, 42), (56, 161)]
162	 56	137	     -31.292	    -21.1052	     107.732	 6	[(0, 42), (56, 162)]
163	 56	139	     -31.292	     -21.022	     108.902	 5	[(0, 42), (56, 163)]
164	 56	140	     -31.292	    -22.9647	      110.63	 5	[(0, 42), (56, 164)]
165	 56	141	     -31.292	     -24.584	     111.704	 5	[(0, 42), (56, 165)]
166	 56	142	     -31.292	    -25.7208	     112.733	 5	[(0, 42), (56, 166)]
167	 56	143	     -31.292	    -26.4661	     113.646	 5	[(0, 42), (56, 167)]
168	 56	144	     -31.292	    -27.6066	     114.653	 5	[(0, 42), (56, 168)]
169	 56	145	     -31.292	    -29.6027	     115.729	 5	[(0, 42), (56, 169)]
170	 56	146	     -31.292	    -29.8885	     116.566	 5	[(0, 42), (56, 170)]
171	 56	147	     -31.292	    -30.5539	     117.531	 5	[(0, 42), (56, 171)]
172	 56	148	     -31.292	    -30.7233	     118.336	 5	[(0, 42), (56, 172)]
173	 56	149	     -31.946	     -31.946	     119.546	 5	[(0, 42), (56, 173)]
174	 56	150	    -32.1729	    -32.1729	     120.416	 5	[(0, 42), (56, 174)]
175	 56	151	    -32.6066	    -32.6066	     121.432	 5	[(0, 42), (56, 175)]
176	 56	152	    -32.9285	    -32.9285	     122.334	 5	[(0, 42), (56, 176)]
177	 56	153	    -33.4319	    -33.4319	     123.399	 5	[(0, 42), (56, 177)]
178	 56	154	    -33.5483	    -33.5483	     124.271	 5	[(0, 42), (56, 178)]
179	 56	155	     -33.821	     -33.821	     125.256	 5	[(0, 42), (56, 179)]
180	 56	156	    -34.7393	    -34.7393	     126.436	 5	[(0, 42), (56, 180)]
181	 56	157	     -35.774	     -35.774	     127.565	 5	[(0, 42), (56, 181)]
182	 56	158	    -36.3707	    -36.3707	      128.54	 5	[(0, 42), (56, 182)]
183	 56	159	    -37.9873	    -37.9873	     129.632	 5	[(0, 42), (56, 183)]
184	 56	160	    -39.0777	    -39.0777	     130.739	 5	[(0, 42), (56, 184)]
185	 56	161	    -39.7032	    -39.7032	     131.682	 5	[(0, 42), (56, 185)]
186	 56	162	     -40.096	     -40.096	     132.557	 5	[(0, 42), (56, 186)]
187	 56	163	    -40.4864	    -40.4864	     133.653	 5	[(0, 42), (56, 187)]
188	 56	164	    -40.4864	    -32.0765	     134.572	 7	[(0, 42), (56, 188)]
189	 56	165	    -40.4864	     -33.485	     135.827	 7	[(0, 42), (56, 189)]
190	 56	166	    -40.4864	    -33.6416	      136.69	 7	[(0, 42), (56, 190)]
191	 56	167	    -40.4864	    -34.4962	     137.872	 7	[(0, 42), (56, 191)]
192	 56	168	    -40.4864	     -34.804	     138.749	 7	[(0, 42), (56, 192)]
193	 56	169	    -40.4864	    -34.3714	     139.115	 7	[(0, 42), (56, 193)]
194	 56	170	    -40.4864	    -34.2424	     139.383	 7	[(0, 42), (56, 194)]
195	 56	171	    -40.4864	     -34.042	     138.852	 7	[(0, 42), (56, 195)]
196	 56	171	    -40.4864	     -34.042	     138.852	 7	[(0, 42), (56, 196)]
197	 56	172	    -40.4864	    -34.3038	     139.162	 7	[(0, 42), (56, 197)]
198	 56	172	    -40.4864	    -34.3038	     139.162	 7	[(0, 42), (56, 198)]
199	 56	172	    -40.4864	    -34.3038	     139.162	 7	[(0, 42), (56, 199)]
200	 56	172	    -40.4864	    -34.3038	     139.162	 7	[(0, 42), (56, 200)]
201	 56	174	    -40.4864	    -34.1886	     138.928	 7	[(0, 42), (56, 201)]
202	 56	174	    -40.4864	    -34.1886	     138.928	 7	[(0, 42), (56, 202)]
203	 56	176	    -40.4864	    -34.3415	     139.119	 7	[(0, 42), (56, 203)]
204	 56	177	    -40.4864	    -33.5519	     141.744	 7	[(0, 42), (56, 204)]
205	 56	179	    -40.4864	    -32.0632	     144.299	 7	[(0, 42), (56, 205)]
206	 56	180	    -40.4864	    -31.7244	      144.92	 7	[(0, 42), (56, 206)]
207	 56	180	    -40.4864	    -31.7244	      144.92	 7	[(0, 42), (56, 207)]
208	 56	180	    -40.4864	    -31.7244	      144.92	 7	[(0, 42), (56, 208)]
209	 56	180	    -40.4864	    -31.7244	      144.92	 7	[(0, 42), (56, 209)]
210	 56	181	    -40.4864	    -31.8694	     145.058	 7	[(0, 42), (56, 210)]
211	 56	181	    -40.4864	    -31.8694	     145.058	 7	[(0, 42), (56, 211)]
212	 56	182	    -40.4864	    -32.2345	     145.386	 7	[(0, 42), (56, 212)]
213	 56	182	    -40.4864	    -32.2345	     145.386	 7	[(0, 42), (56, 213)]
214	 56	182	    -40.4864	    -32.2345	     145.386	 7	[(0, 42), (56, 214)]
215	 56	182	    -40.4864	    -32.2345	     145.386	 7	[(0, 42), (56, 215)]
216	 56	182	    -40.4864	    -32.2345	     145.386	 7	[(0, 42), (56, 216)]
217	 56	182	    -40.4864	    -32.2345	     145.386	 7	[(0, 42), (56, 217)]
218	 56	182	    -40.4864	    -32.2345	     145.386	 7	[(0, 42), (56, 218)]
219	 56	182	    -40.4864	    -32.2345	     145.386	 7	[(0, 42), (56, 219)]
220	 56	182	    -40.4864	    -32.2345	     145.386	 7	[(0, 42), (56, 220)]
221	 56	182	    -40.4864	    -32.2345	     145.386	 7	[(0, 42), (56, 221)]
222	 56	182	    -40.4864	    -32.2345	     145.386	 7	[(0, 42), (56, 222)]
223	 56	182	    -40.4864	    -32.2345	     145.386	 7	[(0, 42), (56, 223)]
224	 56	182	    -40.4864	    -32.2345	     145.386	 7	[(0, 42), (56, 224)]
225	 56	182	    -40.4864	    -32.2345	     145.386	 7	[(0, 42), (56, 225)]
226	 56	182	    -40.4864	    -32.2345	     145.386	 7	[(0, 42), (56, 226)]
227	 56	182	    -40.4864	    -32.2345	     145.386	 7	[(0, 42), (56, 227)]
228	 56	182	    -40.4864	    -32.2345	     145.386	 7	[(0, 42), (56, 228)]
229	 56	182	    -40.4864	    -32.2345	     145.386	 7	[(0, 42), (56, 229)]
230	 56	182	    -40.4864	    -32.2345	     145.386	 7	[(0, 42), (56, 230)]
231	 56	182	    -40.4864	    -32.2345	     145.386	 7	[(0, 42), (56, 231)]
232	 56	182	    -40.4864	    -32.2345	     145.386	 7	[(0, 42), (56, 232)]
233	 56	182	    -40.4864	    -32.2345	     145.386	 7	[(0, 42), (56, 233)]
234	 56	182	    -40.4864	    -32.2345	     145.386	 7	[(0, 42), (56, 234)]
235	 56	182	    -40.4864	    -32.2345	     145.386	 7	[(0, 42), (56, 235)]
236	 56	182	    -40.4864	    -32.2345	     145.386	 7	[(0, 42), (56, 236)]
237	 56	182	    -40.4864	    -32.2345	     145.386	 7	[(0, 42), (56, 237)]
238	 56	182	    -40.4864	    -32.2345	     145.386	 7	[(0, 42), (56, 238)]
239	 56	182	    -40.4864	    -32.2345	     145.386	 7	[(0, 42), (56, 239)]
240	 56	182	    -40.4864	    -32.2345	     145.386	 7	[(0, 42), (56, 240)]
241	 56	182	    -40.4864	    -32.2345	     145.386	 7	[(0, 42), (56, 241)]
242	 56	182	    -40.4864	    -32.2345	     145.386	 7	[(0, 42), (56, 242)]
243	 56	182	    -40.4864	    -32.2345	     145.386	 7	[(0, 42), (56, 243)]
244	 56	182	    -40.4864	    -32.2345	     145.386	 7	[(0, 42), (56, 244)]
245	 56	182	    -40.4864	    -32.2345	     145.386	 7	[(0, 42), (56, 245)]
246	 56	182	    -40.4864	    -32.2345	     145.386	 7	[(0, 42), (56, 246)]
247	 56	182	    -40.4864	    -32.2345	     145.386	 7	[(0, 42), (56, 247)]
248	 56	182	    -40.4864	    -32.2345	     145.386	 7	[(0, 42), (56, 248)]
249	 56	182	    -40.4864	    -32.2345	     145.386	 7	[(0, 42), (56, 249)]
250	 56	182	    -40.4864	    -32.2345	     145.386	 7	[(0, 42), (56, 250)]
251	 56	182	    -40.4864	    -32.2345	     145.386	 7	[(0, 42), (56, 251)]
252	 56	182	    -40.4864	    -32.2345	     145.386	 7	[(0, 42), (56, 252)]
253	 56	182	    -40.4864	    -32.2345	     145.386	 7	[(0, 42), (56, 253)]
254	 56	182	    -40.4864	    -32.2345	     145.386	 7	[(0, 42), (56, 254)]
255	 56	182	    -40.4864	    -32.2345	     145.386	 7	[(0, 42), (56, 255)]
256	 56	182	    -40.4864	    -32.2345	     145.386	 7	[(0, 42), (56, 256)]
257	 56	182	    -40.4864	    -32.2345	     145.386	 7	[(0, 42), (56, 257)]
258	 56	182	    -40.4864	    -32.2345	     145.386	 7	[(0, 42), (56, 258)]
259	 56	182	    -40.4864	    -32.2345	     145.386	 7	[(0, 42), (56, 259)]
260	 56	182	    -40.4864	    -32.2345	     145.386	 7	[(0, 42), (56, 260)]
261	 56	182	    -40.4864	    -32.2345	     145.386	 7	[(0, 42), (56, 261)]
262	 56	182	    -40.4864	    -32.2345	     145.386	 7	[(0, 42), (56, 262)]
263	 56	182	    -40.4864	    -32.2345	     145.386	 7	[(0, 42), (56, 263)]
264	 56	182	    -40.4864	    -32.2345	     145.386	 7	[(0, 42), (56, 264)]
265	 56	182	    -40.4864	    -32.2345	     145.386	 7	[(0, 42), (56, 265)]
266	 56	182	    -40.4864	    -32.2345	     145.386	 7	[(0, 42), (56, 266)]
267	 56	182	    -40.4864	    -32.2345	     145.386	 7	[(0, 42), (56, 267)]
268	 56	182	    -40.4864	    -32.2345	     145.386	 7	[(0, 42), (56, 268)]
269	 56	182	    -40.4864	    -32.2345	     145.386	 7	[(0, 42), (56, 269)]
270	 56	182	    -40.4864	    -32.2345	     145.386	 7	[(0, 42), (56, 270)]
271	 56	182	    -40.4864	    -32.2345	     145.386	 7	[(0, 42), (56, 271)]
272	 56	182	    -40.4864	    -32.2345	     145.386	 7	[(0, 42), (56, 272)]
273	 56	182	    -40.4864	    -32.2345	     145.386	 7	[(0, 42), (56, 273)]
274	 56	182	    -40.4864	    -32.2345	     145.386	 7	[(0, 42), (56, 274)]
275	 56	182	    -40.4864	    -32.2345	     145.386	 7	[(0, 42), (56, 275)]
276	 56	182	    -40.4864	    -32.2345	     145.386	 7	[(0, 42), (56, 276)]
277	 56	182	    -40.4864	    -32.2345	     145.386	 7	[(0, 42), (56, 277)]
278	 56	182	    -40.4864	    -32.2345	     145.386	 7	[(0, 42), (56, 278)]
279	 56	182	    -40.4864	    -32.2345	     145.386	 7	[(0, 42), (56, 279)]
280	 56	182	    -40.4864	    -32.2345	     145.386	 7	[(0, 42), (56, 280)]
281	 56	182	    -40.4864	    -32.2345	     145.386	 7	[(0, 42), (56, 281)]
282	 56	182	    -40.4864	    -32.2345	     145.386	 7	[(0, 42), (56, 282)]
283	 56	182	    -40.4864	    -32.2345	     145.386	 7	[(0, 42), (56, 283)]
284	 56	182	    -40.4864	    -32.2345	     145.386	 7	[(0, 42), (56, 284)]
285	 56	182	    -40.4864	    -32.2345	     145.386	 7	[(0, 42), (56, 285)]
286	 56	182	    -40.4864	    -32.2345	     145.386	 7	[(0, 42), (56, 286)]
287	 56	182	    -40.4864	    -32.2345	     145.386	 7	[(0, 42), (56, 287)]
288	 56	182	    -40.4864	    -32.2345	     145.386	 7	[(0, 42), (56, 288)]
289	 56	182	    -40.4864	    -32.2345	     145.386	 7	[(0, 42), (56, 289)]
290	 56	182	    -40.4864	    -32.2345	     145.386	 7	[(0, 42), (56, 290)]
291	 56	182	    -40.4864	    -32.2345	     145.386	 7	[(0, 42), (56, 291)]
292	 56	182	    -40.4864	    -32.2345	     145.386	 7	[(0, 42), (56, 292)]
293	 56	182	    -40.4864	    -32.2345	     145.386	 7	[(0, 42), (56, 293)]
294	 56	182	    -40.4864	    -32.2345	     145.386	 7	[(0, 42), (56, 294)]
295	 56	182	    -40.4864	    -32.2345	     145.386	 7	[(0, 42), (56, 295)]
296	 56	182	    -40.4864	    -32.2345	     145.386	 7	[(0, 42), (56, 296)]
297	 56	182	    -40.4864	    -32.2345	     145.386	 7	[(0, 42), (56, 297)]
298	 56	182	    -40.4864	    -32.2345	     145.386	 7	[(0, 42), (56, 298)]
299	 56	182	    -40.4864	    -32.2345	     145.386	 7	[(0, 42), (56, 299)]
300	 56	182	    -40.4864	    -32.2345	     145.386	 7	[(0, 42), (56, 300)]
301	 56	182	    -40.4864	    -32.2345	     145.386	 7	[(0, 42), (56, 301)]
302	 56	182	    -40.4864	    -32.2345	     145.386	 7	[(0, 42), (56, 302)]
303	 56	182	    -40.4864	    -32.2345	     145.386	 7	[(0, 42), (56, 303)]
304	 56	182	    -40.4864	    -32.2345	     145.386	 7	[(0, 42), (56, 304)]
305	 56	182	    -40.4864	    -32.2345	     145.386	 7	[(0, 42), (56, 305)]
306	 56	182	    -40.4864	    -32.2345	     145.386	 7	[(0, 42), (56, 306)]
307	 56	182	    -40.4864	    -32.2345	     145.386	 7	[(0, 42), (56, 307)]
308	 56	182	    -40.4864	    -32.2345	     145.386	 7	[(0, 42), (56, 308)]
309	 56	182	    -40.4864	    -32.2345	     145.386	 7	[(0, 42), (56, 309)]
310	 56	182	    -40.4864	    -32.2345	     145.386	 7	[(0, 42), (56, 310)]
311	 56	182	    -40.4864	    -32.2345	     145.386	 7	[(0, 42), (56, 311)]
312	 56	182	    -40.4864	    -32.2345	     145.386	 7	[(0, 42), (56, 312)]
313	 56	182	    -40.4864	    -32.2345	     145.386	 7	[(0, 42), (56, 313)]
314	 56	182	    -40.4864	    -32.2345	     145.386	 7	[(0, 42), (56, 314)]
315	 56	182	    -40.4864	    -32.2345	     145.386	 7	[(0, 42), (56, 315)]
316	 56	182	    -40.4864	    -32.2345	     145.386	 7	[(0, 42), (56, 316)]
317	 56	182	    -40.4864	    -32.2345	     145.386	 7	[(0, 42), (56, 317)]
318	 56	182	    -40.4864	    -32.2345	     145.386	 7	[(0, 42), (56, 318)]
319	 56	182	    -40.4864	    -32.2345	     145.386	 7	[(0, 42), (56, 319)]
320	 56	182	    -40.4864	    -32.2345	     145.386	 7	[(0, 42), (56, 320)]
321	 56	182	    -40.4864	    -32.2345	     145.386	 7	[(0, 42), (56, 321)]
322	 56	182	    -40.4864	    -32.2345	     145.386	 7	[(0, 42), (56, 322)]
323	 56	182	    -40.4864	    -32.2345	     145.386	 7	[(0, 42), (56, 323)]
324	 56	182	    -40.4864	    -32.2345	     145.386	 7	[(0, 42), (56, 324)]
325	 56	182	    -40.4864	    -32.2345	     145.386	 7	[(0, 42), (56, 325)]
326	 56	182	    -40.4864	    -32.2345	     145.386	 7	[(0, 42), (56, 326)]
327	 56	182	    -40.4864	    -32.2345	     145.386	 7	[(0, 42), (56, 327)]
328	 56	182	    -40.4864	    -32.2345	     145.386	 7	[(0, 42), (56, 328)]
329	 56	182	    -40.4864	    -32.2345	     145.386	 7	[(0, 42), (56, 329)]
330	 56	182	    -40.4864	    -32.2345	     145.386	 7	[(0, 42), (56, 330)]
331	 56	182	    -40.4864	    -32.2345	     145.386	 7	[(0, 42), (56, 331)]
332	 56	182	    -40.4864	    -32.2345	     145.386	 7	[(0, 42), (56, 332)]
333	 56	182	    -40.4864	    -32.2345	     145.386	 7	[(0, 42), (56, 333)]
334	 56	182	    -40.4864	    -32.2345	     145.386	 7	[(0, 42), (56, 334)]
335	 56	182	    -40.4864	    -32.2345	     145.386	 7	[(0, 42), (56, 335)]
336	 56	182	    -40.4864	    -32.2345	     145.386	 7	[(0, 42), (56, 336)]
337	 56	182	    -40.4864	    -32.2345	     145.386	 7	[(0, 42), (56, 337)]
338	 56	182	    -40.4864	    -32.2345	     145.386	 7	[(0, 42), (56, 338)]
339	 56	182	    -40.4864	    -32.2345	     145.386	 7	[(0, 42), (56, 339)]
340	 56	182	    -40.4864	    -32.2345	     145.386	 7	[(0, 42), (56, 340)]
341	 56	182	    -40.4864	    -32.2345	     145.386	 7	[(0, 42), (56, 341)]
342	 56	182	    -40.4864	    -32.2345	     145.386	 7	[(0, 42), (56, 342)]
343	 56	182	    -40.4864	    -32.2345	     145.386	 7	[(0, 42), (56, 343)]
344	 56	182	    -40.4864	    -32.2345	     145.386	 7	[(0, 42), (56, 344)]
345	 56	182	    -40.4864	    -32.2345	     145.386	 7	[(0, 42), (56, 345)]
346	 56	182	    -40.4864	    -32.2345	     145.386	 7	[(0, 42), (56, 346)]
347	 56	182	    -40.4864	    -32.2345	     145.386	 7	[(0, 42), (56, 347)]
348	 56	182	    -40.4864	    -32.2345	     145.386	 7	[(0, 42), (56, 348)]
349	 56	182	    -40.4864	    -32.2345	     145.386	 7	[(0, 42), (56, 349)]
350	 56	182	    -40.4864	    -32.2345	     145.386	 7	[(0, 42), (56, 350)]
351	 56	182	    -40.4864	    -32.2345	     145.386	 7	[(0, 42), (56, 351)]
352	 56	182	    -40.4864	    -32.2345	     145.386	 7	[(0, 42), (56, 352)]
353	 56	182	    -40.4864	    -32.2345	     145.386	 7	[(0, 42), (56, 353)]
354	 56	182	    -40.4864	    -32.2345	     145.386	 7	[(0, 42), (56, 354)]
355	 56	182	    -40.4864	    -32.2345	     145.386	 7	[(0, 42), (56, 355)]
