nresidues = 322
2 301 0.895779
3 6 0.255937
3 300 2.68734
3 301 0.511874
4 138 0.127968
4 141 0.255937
4 300 2.68734
4 302 0.127968
5 52 1.40765
5 53 0.255937
5 137 0.639842
5 138 0.255937
5 143 0.127968
5 299 2.4314
5 300 0.383905
6 51 2.68734
6 52 2.8153
6 297 0.127968
6 298 2.55937
6 299 0.511874
7 53 2.68734
7 143 0.383905
7 223 0.127968
7 225 0.127968
7 297 2.55937
7 298 0.895779
7 300 0.127968
8 46 0.76781
8 54 2.55937
8 55 0.255937
8 296 2.55937
9 46 0.255937
9 55 2.55937
9 225 0.127968
9 282 0.127968
9 295 2.55937
9 296 0.511874
10 46 0.255937
10 55 0.127968
10 56 2.68734
10 57 0.383905
10 285 0.255937
10 294 0.127968
10 295 0.255937
11 57 0.127968
11 58 2.17546
11 282 0.127968
11 284 2.4314
11 285 0.383905
12 58 0.127968
12 59 2.94327
12 227 0.383905
12 263 0.639842
12 264 0.255937
12 266 0.76781
12 284 2.30343
12 285 2.55937
12 286 0.383905
13 35 0.639842
13 59 2.4314
13 60 2.8153
13 285 2.4314
13 286 0.383905
14 30 0.127968
14 32 0.127968
14 35 0.127968
14 59 1.15172
14 60 2.55937
14 61 3.07124
14 62 0.639842
14 96 0.76781
14 266 0.255937
14 286 0.511874
15 32 2.68734
15 35 0.383905
15 36 0.255937
15 60 0.127968
15 61 2.68734
15 62 0.127968
15 65 0.383905
15 74 0.127968
15 77 0.383905
15 78 0.255937
16 32 2.68734
16 33 0.255937
16 65 0.639842
17 33 1.79156
17 68 0.383905
18 32 0.895779
18 33 1.27968
18 64 0.255937
18 68 0.255937
19 32 0.255937
19 33 0.255937
20 29 0.895779
20 30 2.8153
20 31 0.76781
20 32 0.255937
21 29 2.8153
21 30 0.255937
21 32 0.127968
22 26 0.895779
22 28 2.68734
23 26 0.76781
23 27 1.02375
23 28 0.76781
23 30 0.127968
24 182 0.255937
28 267 1.15172
28 287 0.76781
29 286 0.127968
29 287 0.383905
30 266 0.511874
30 286 2.8153
30 287 0.511874
31 34 1.51963
31 35 0.15996
31 286 0.76781
31 287 0.383905
31 288 0.895779
31 289 1.15172
32 35 0.239942
32 62 0.511874
32 64 0.383905
32 286 0.383905
33 36 0.15996
34 37 1.67958
34 38 0.15996
35 38 1.5996
35 39 0.15996
35 285 0.255937
36 39 1.5996
36 40 0.3999
37 40 1.9995
37 41 0.15996
38 41 1.5996
38 42 0.15996
38 285 0.127968
38 288 0.383905
38 292 0.127968
38 293 0.895779
39 42 1.5996
39 43 0.239942
39 78 0.127968
39 81 0.127968
39 82 0.127968
40 43 1.5996
40 44 0.15996
40 81 1.15172
41 44 1.5996
41 45 0.479881
41 293 0.639842
42 45 1.5996
42 46 0.799802
42 295 0.639842
43 46 1.67958
43 47 0.319921
43 81 0.255937
43 84 0.127968
43 85 0.255937
44 47 1.5996
44 48 0.479881
45 48 1.75957
45 49 0.3999
45 295 0.639842
45 310 0.511874
46 49 1.75957
46 50 1.43964
46 51 0.479881
46 54 0.511874
46 85 0.127968
46 295 0.511874
46 296 0.511874
46 297 0.255937
47 50 0.15996
47 84 0.639842
47 85 0.383905
47 86 0.127968
49 297 0.639842
49 299 0.383905
49 310 0.639842
51 87 0.255937
51 297 0.127968
52 87 0.127968
53 87 0.127968
53 88 2.55937
54 88 0.127968
54 89 2.68734
54 90 0.511874
55 90 2.55937
55 143 0.127968
55 225 0.383905
56 60 0.511874
56 90 0.383905
56 91 3.19921
56 92 0.383905
57 92 2.68734
57 226 0.127968
57 227 0.76781
57 261 0.127968
57 262 0.127968
57 282 0.127968
58 92 0.127968
58 97 0.76781
58 227 0.511874
59 94 0.383905
59 95 1.02375
59 96 1.02375
59 97 0.895779
59 227 0.895779
60 78 0.383905
60 82 0.127968
60 97 0.383905
61 65 0.239942
61 71 0.127968
61 74 0.511874
61 75 0.127968
61 78 0.127968
61 96 0.127968
61 100 0.639842
61 101 0.255937
62 65 0.479881
62 96 1.27968
62 100 0.639842
63 66 1.51963
63 96 0.127968
63 99 0.127968
63 100 0.127968
64 67 1.83955
64 68 0.0799802
65 68 1.67958
65 69 1.5996
65 70 1.51963
65 71 0.319921
65 74 0.383905
65 100 0.383905
66 69 0.0799802
66 71 0.15996
66 99 0.383905
66 100 0.383905
70 73 1.67958
70 74 0.15996
71 74 1.5996
71 75 0.15996
71 100 0.639842
71 101 0.383905
72 75 1.5996
72 76 0.3999
72 101 0.127968
73 76 1.5996
73 77 0.239942
74 77 1.5996
74 78 0.15996
75 78 1.83955
75 79 0.3999
75 111 0.383905
76 79 1.5996
76 80 0.15996
77 80 1.51963
77 81 0.0799802
78 81 1.5996
78 82 0.319921
79 82 1.67958
79 83 0.3999
79 91 0.255937
79 110 0.76781
80 83 1.43964
81 84 0.15996
82 85 0.15996
83 86 0.0799802
83 110 1.02375
89 113 0.127968
90 113 0.639842
90 133 0.895779
90 135 1.02375
91 110 0.255937
91 111 1.02375
91 113 0.511874
91 131 0.511874
91 145 0.255937
92 145 0.127968
92 226 0.255937
92 227 0.127968
93 97 0.239942
93 98 0.15996
93 106 1.15172
93 107 0.127968
93 111 0.639842
93 131 3.83905
93 227 0.127968
94 97 1.75957
94 98 0.239942
94 149 0.639842
94 227 0.76781
95 98 1.5996
95 99 1.1997
95 149 0.895779
95 154 0.383905
95 196 0.511874
95 227 0.255937
95 264 0.511874
96 99 2.31942
96 100 0.319921
97 100 1.5996
97 101 0.319921
97 111 0.127968
98 101 0.239942
98 103 0.76781
98 106 0.255937
98 149 0.76781
98 154 0.255937
98 155 0.255937
99 154 0.127968
99 196 0.255937
101 105 0.0799802
101 106 0.319921
102 105 1.83955
102 106 0.319921
103 106 1.67958
103 107 0.15996
103 129 0.127968
103 130 0.127968
103 147 1.02375
103 149 0.383905
103 150 0.127968
103 155 0.76781
103 156 1.02375
104 107 1.5996
104 108 0.15996
105 108 1.83955
105 109 0.239942
106 109 0.479881
106 111 2.30343
106 112 0.127968
107 112 0.895779
107 126 0.255937
109 112 0.255937
111 131 0.255937
112 121 0.255937
112 131 0.511874
113 131 0.511874
113 133 1.27968
114 131 0.127968
114 133 0.895779
122 134 3.45515
123 133 2.55937
123 134 1.02375
123 207 0.383905
124 132 2.55937
124 133 0.383905
125 128 2.94327
125 129 2.17546
125 130 3.19921
125 132 0.255937
125 207 0.895779
126 129 0.127968
126 130 0.255937
126 131 0.255937
128 203 0.511874
129 156 1.02375
130 147 0.895779
130 150 0.511874
130 156 0.127968
130 162 0.255937
130 201 0.127968
130 203 0.127968
130 204 0.255937
131 146 2.30343
131 147 0.76781
132 145 2.55937
132 204 0.127968
132 207 0.511874
133 144 2.4314
133 145 0.76781
133 207 0.76781
134 142 0.76781
134 143 2.55937
134 144 0.127968
134 207 0.255937
134 211 0.127968
135 142 2.8153
135 143 1.02375
136 141 0.511874
136 142 0.255937
137 141 0.255937
137 143 0.255937
138 141 0.511874
140 220 2.94327
140 221 0.255937
141 221 3.07124
141 300 0.255937
141 301 0.127968
141 320 0.255937
142 215 0.255937
142 218 0.383905
142 220 1.27968
142 221 0.127968
142 222 2.55937
142 223 0.383905
143 223 2.68734
143 225 0.255937
144 207 0.255937
144 211 0.127968
144 222 0.127968
144 223 0.255937
144 224 2.4314
144 225 0.511874
145 225 2.4314
146 200 0.255937
146 204 0.76781
146 207 0.127968
146 224 0.255937
146 225 0.383905
147 150 0.255937
147 199 0.127968
147 200 0.511874
147 204 0.895779
148 197 2.17546
148 198 2.55937
148 199 0.511874
148 200 0.639842
148 226 0.127968
148 228 0.511874
149 152 1.15172
149 154 0.383905
149 196 0.639842
149 197 0.639842
149 199 2.17546
149 227 0.255937
149 228 0.255937
149 264 0.255937
150 156 1.40765
150 162 0.76781
150 199 2.68734
150 200 0.255937
150 201 0.895779
150 204 0.639842
151 162 0.255937
151 165 0.127968
151 166 0.76781
151 198 2.55937
151 199 0.639842
151 200 0.255937
151 201 0.127968
151 242 0.383905
152 155 0.383905
152 156 0.255937
152 166 0.76781
152 242 0.127968
153 156 0.127968
153 163 0.76781
153 166 0.127968
153 167 0.255937
153 170 0.127968
153 195 0.127968
154 195 0.639842
156 160 0.127968
156 162 0.639842
156 163 0.511874
157 160 0.511874
157 163 0.511874
158 163 1.02375
160 163 1.75957
160 164 0.239942
161 164 1.5996
161 165 0.15996
162 165 1.5996
162 166 0.319921
162 201 0.255937
163 166 1.67958
163 167 0.15996
164 167 1.5996
164 168 0.559863
165 168 1.5996
165 169 0.559863
166 169 1.5996
166 170 0.15996
166 242 0.383905
167 170 1.5996
167 171 1.11972
168 171 1.5996
168 172 0.15996
169 172 1.51963
169 173 0.239942
170 173 1.67958
170 174 0.239942
170 180 0.127968
170 193 0.383905
170 194 0.383905
170 195 0.127968
171 174 0.3999
171 175 0.15996
171 177 0.255937
171 180 0.127968
172 175 0.0799802
173 184 0.255937
173 190 0.895779
173 193 2.8153
174 180 0.76781
174 182 0.511874
174 184 0.255937
174 193 0.383905
176 179 2.68734
176 180 0.511874
176 182 0.383905
176 183 0.255937
176 184 0.127968
179 182 0.76781
180 194 2.8153
180 195 0.511874
181 194 0.127968
181 195 0.383905
181 196 0.511874
182 194 0.255937
183 191 0.0799802
183 194 0.255937
183 238 0.255937
184 190 0.15996
184 193 0.127968
185 190 0.239942
185 191 0.15996
186 191 0.3999
187 191 0.239942
188 191 0.3999
188 237 0.127968
189 192 0.639842
189 232 0.127968
189 240 0.127968
190 193 0.559863
191 194 0.0799802
191 237 2.4314
191 238 0.255937
192 197 0.639842
192 237 0.255937
192 240 0.255937
192 241 0.255937
192 242 1.02375
192 244 0.639842
193 242 0.639842
194 197 0.76781
194 242 0.383905
196 238 0.383905
196 264 0.639842
197 228 0.255937
197 238 0.511874
197 240 0.383905
197 242 1.27968
197 264 0.511874
198 228 0.127968
198 241 2.68734
198 242 1.27968
199 243 0.639842
200 204 0.319921
200 205 0.15996
200 226 0.255937
200 230 0.127968
200 241 0.127968
200 243 0.639842
200 247 0.255937
201 204 1.75957
201 205 0.319921
202 205 1.5996
202 206 0.559863
203 206 1.5996
203 207 0.15996
204 207 1.67958
204 208 0.15996
205 208 1.67958
205 209 0.15996
205 243 0.127968
205 246 0.127968
205 247 0.127968
206 209 1.5996
206 210 0.15996
207 210 1.5996
207 211 0.3999
208 211 1.5996
208 212 0.3999
209 212 1.5996
209 213 0.239942
209 250 0.383905
209 254 0.76781
210 213 1.5996
210 214 0.15996
211 214 1.5996
211 215 0.239942
212 215 1.67958
212 216 0.3999
212 222 0.383905
212 254 1.53562
212 256 0.127968
212 257 0.127968
213 216 1.67958
213 217 0.239942
213 254 0.76781
214 217 1.5996
214 218 0.639842
215 218 1.5996
215 219 1.51963
215 220 0.559863
215 222 0.255937
215 256 0.639842
216 219 0.0799802
216 254 1.40765
216 255 0.127968
216 256 0.511874
220 256 0.383905
221 256 2.55937
221 320 0.895779
221 321 0.639842
222 256 0.76781
222 257 2.55937
222 258 2.4314
222 259 0.127968
223 259 2.68734
224 251 0.127968
224 259 0.383905
224 260 2.94327
224 261 0.383905
225 261 2.68734
226 260 0.383905
226 261 0.127968
226 262 2.55937
227 262 2.4314
227 263 2.68734
227 264 1.15172
228 239 0.127968
228 241 0.127968
228 260 0.255937
228 262 0.383905
228 264 0.76781
229 235 0.255937
229 239 0.255937
229 240 2.55937
229 262 0.255937
229 263 0.127968
229 281 0.127968
230 240 0.255937
230 244 0.895779
230 247 0.255937
230 248 0.511874
230 260 0.383905
230 279 0.127968
231 234 2.55937
231 240 0.255937
231 248 0.127968
231 252 0.127968
231 273 0.895779
231 279 0.639842
232 235 0.255937
232 244 0.255937
233 270 0.127968
233 271 1.15172
234 268 2.17546
234 269 0.383905
234 271 0.127968
234 279 0.127968
234 281 0.511874
235 265 0.639842
236 239 2.4314
236 265 0.255937
237 240 0.511874
239 264 0.383905
239 265 0.511874
241 244 0.511874
243 246 1.67958
243 247 0.0799802
244 247 1.5996
244 248 0.239942
245 248 1.67958
245 249 0.239942
245 252 0.127968
246 249 1.51963
246 250 0.15996
247 250 1.5996
247 251 0.239942
248 251 1.5996
248 252 0.559863
248 279 0.127968
249 252 1.35966
249 253 0.15996
250 253 1.5996
250 254 0.239942
251 254 0.239942
251 257 0.127968
251 260 0.127968
251 279 0.127968
252 273 1.02375
254 257 0.255937
255 321 0.127968
257 277 0.127968
258 277 2.30343
258 278 0.127968
258 300 0.127968
258 318 0.127968
258 320 0.383905
259 278 2.55937
260 278 0.255937
260 279 2.94327
260 280 0.255937
261 280 2.4314
262 280 0.255937
262 281 2.55937
262 282 0.255937
263 281 0.127968
265 268 0.127968
265 281 0.255937
265 282 0.127968
266 283 2.8153
266 284 0.127968
266 286 0.383905
266 287 1.27968
266 312 0.511874
267 283 0.383905
267 312 0.127968
268 281 2.68734
268 282 0.127968
268 283 0.255937
269 280 2.55937
269 281 0.511874
270 278 0.127968
270 279 2.55937
270 307 0.127968
270 313 0.127968
270 314 0.76781
270 315 0.255937
270 316 0.255937
271 278 2.8153
271 279 0.511874
272 276 0.383905
272 277 2.55937
272 278 0.127968
273 276 0.127968
273 277 0.255937
278 316 0.255937
278 318 0.511874
280 316 0.255937
283 294 0.127968
283 312 1.02375
283 313 0.511874
284 287 2.17546
284 288 0.383905
284 312 0.255937
285 288 0.76781
285 294 0.127968
288 292 0.511874
288 293 0.383905
288 294 0.127968
288 312 0.383905
289 292 0.639842
292 311 0.127968
292 312 0.255937
293 310 2.4314
293 311 2.55937
293 312 0.383905
294 310 2.30343
294 313 0.383905
295 309 2.4314
295 310 2.17546
295 313 0.255937
296 307 0.127968
296 308 2.55937
296 310 0.383905
297 306 0.127968
297 307 2.55937
297 308 0.383905
297 310 0.511874
298 306 2.55937
299 304 0.127968
299 305 2.8153
299 306 0.639842
299 308 0.127968
300 304 2.30343
300 305 0.383905
300 320 0.255937
301 304 2.04749
301 306 0.127968
301 320 0.511874
302 320 0.76781
303 319 2.4314
303 320 2.04749
304 318 2.55937
304 320 1.53562
305 316 0.127968
305 317 2.8153
305 318 0.383905
306 316 2.55937
306 317 0.127968
307 313 0.127968
307 314 0.127968
307 315 2.8153
307 316 0.511874
308 315 0.895779
309 313 2.8153
309 315 0.255937
310 313 0.639842
