nresidues = 322
2 301 0.4375
3 6 0.125
3 300 1.3125
3 301 0.25
4 138 0.0625
4 141 0.125
4 300 1.3125
4 302 0.0625
5 52 0.6875
5 53 0.125
5 137 0.3125
5 138 0.125
5 143 0.0625
5 299 1.1875
5 300 0.1875
6 51 1.3125
6 52 1.375
6 297 0.0625
6 298 1.25
6 299 0.25
7 53 1.3125
7 143 0.1875
7 223 0.0625
7 225 0.0625
7 297 1.25
7 298 0.4375
7 300 0.0625
8 46 0.375
8 54 1.25
8 55 0.125
8 296 1.25
9 46 0.125
9 55 1.25
9 225 0.0625
9 282 0.0625
9 295 1.25
9 296 0.25
10 46 0.125
10 55 0.0625
10 56 1.3125
10 57 0.1875
10 285 0.125
10 294 0.0625
10 295 0.125
11 57 0.0625
11 58 1.0625
11 282 0.0625
11 284 1.1875
11 285 0.1875
12 58 0.0625
12 59 1.4375
12 227 0.1875
12 263 0.3125
12 264 0.125
12 266 0.375
12 284 1.125
12 285 1.25
12 286 0.1875
13 35 0.3125
13 59 1.1875
13 60 1.375
13 285 1.1875
13 286 0.1875
14 30 0.0625
14 32 0.0625
14 35 0.0625
14 59 0.5625
14 60 1.25
14 61 1.5
14 62 0.3125
14 96 0.375
14 266 0.125
14 286 0.25
15 32 1.3125
15 35 0.1875
15 36 0.125
15 60 0.0625
15 61 1.3125
15 62 0.0625
15 65 0.1875
15 74 0.0625
15 77 0.1875
15 78 0.125
16 32 1.3125
16 33 0.125
16 65 0.3125
17 33 0.875
17 68 0.1875
18 32 0.4375
18 33 0.625
18 64 0.125
18 68 0.125
19 32 0.125
19 33 0.125
20 29 0.4375
20 30 1.375
20 31 0.375
20 32 0.125
21 29 1.375
21 30 0.125
21 32 0.0625
22 26 0.4375
22 28 1.3125
23 26 0.375
23 27 0.5
23 28 0.375
23 30 0.0625
24 182 0.125
28 267 0.5625
28 287 0.375
29 286 0.0625
29 287 0.1875
30 266 0.25
30 286 1.375
30 287 0.25
31 34 0.742188
31 35 0.078125
31 286 0.375
31 287 0.1875
31 288 0.4375
31 289 0.5625
32 35 0.117188
32 62 0.25
32 64 0.1875
32 286 0.1875
33 36 0.078125
34 37 0.820312
34 38 0.078125
35 38 0.78125
35 39 0.078125
35 285 0.125
36 39 0.78125
36 40 0.195312
37 40 0.976562
37 41 0.078125
38 41 0.78125
38 42 0.078125
38 285 0.0625
38 288 0.1875
38 292 0.0625
38 293 0.4375
39 42 0.78125
39 43 0.117188
39 78 0.0625
39 81 0.0625
39 82 0.0625
40 43 0.78125
40 44 0.078125
40 81 0.5625
41 44 0.78125
41 45 0.234375
41 293 0.3125
42 45 0.78125
42 46 0.390625
42 295 0.3125
43 46 0.820312
43 47 0.15625
43 81 0.125
43 84 0.0625
43 85 0.125
44 47 0.78125
44 48 0.234375
45 48 0.859375
45 49 0.195312
45 295 0.3125
45 310 0.25
46 49 0.859375
46 50 0.703125
46 51 0.234375
46 54 0.25
46 85 0.0625
46 295 0.25
46 296 0.25
46 297 0.125
47 50 0.078125
47 84 0.3125
47 85 0.1875
47 86 0.0625
49 297 0.3125
49 299 0.1875
49 310 0.3125
51 87 0.125
51 297 0.0625
52 87 0.0625
53 87 0.0625
53 88 1.25
54 88 0.0625
54 89 1.3125
54 90 0.25
55 90 1.25
55 143 0.0625
55 225 0.1875
56 60 0.25
56 90 0.1875
56 91 1.5625
56 92 0.1875
57 92 1.3125
57 226 0.0625
57 227 0.375
57 261 0.0625
57 262 0.0625
57 282 0.0625
58 92 0.0625
58 97 0.375
58 227 0.25
59 94 0.1875
59 95 0.5
59 96 0.5
59 97 0.4375
59 227 0.4375
60 78 0.1875
60 82 0.0625
60 97 0.1875
61 65 0.117188
61 71 0.0625
61 74 0.25
61 75 0.0625
61 78 0.0625
61 96 0.0625
61 100 0.3125
61 101 0.125
62 65 0.234375
62 96 0.625
62 100 0.3125
63 66 0.742188
63 96 0.0625
63 99 0.0625
63 100 0.0625
64 67 0.898438
64 68 0.0390625
65 68 0.820312
65 69 0.78125
65 70 0.742188
65 71 0.15625
65 74 0.1875
65 100 0.1875
66 69 0.0390625
66 71 0.078125
66 99 0.1875
66 100 0.1875
70 73 0.820312
70 74 0.078125
71 74 0.78125
71 75 0.078125
71 100 0.3125
71 101 0.1875
72 75 0.78125
72 76 0.195312
72 101 0.0625
73 76 0.78125
73 77 0.117188
74 77 0.78125
74 78 0.078125
75 78 0.898438
75 79 0.195312
75 111 0.1875
76 79 0.78125
76 80 0.078125
77 80 0.742188
77 81 0.0390625
78 81 0.78125
78 82 0.15625
79 82 0.820312
79 83 0.195312
79 91 0.125
79 110 0.375
80 83 0.703125
81 84 0.078125
82 85 0.078125
83 86 0.0390625
83 110 0.5
89 113 0.0625
90 113 0.3125
90 133 0.4375
90 135 0.5
91 110 0.125
91 111 0.5
91 113 0.25
91 131 0.25
91 145 0.125
92 145 0.0625
92 226 0.125
92 227 0.0625
93 97 0.117188
93 98 0.078125
93 106 0.5625
93 107 0.0625
93 111 0.3125
93 131 1.875
93 227 0.0625
94 97 0.859375
94 98 0.117188
94 149 0.3125
94 227 0.375
95 98 0.78125
95 99 0.585938
95 149 0.4375
95 154 0.1875
95 196 0.25
95 227 0.125
95 264 0.25
96 99 1.13281
96 100 0.15625
97 100 0.78125
97 101 0.15625
97 111 0.0625
98 101 0.117188
98 103 0.375
98 106 0.125
98 149 0.375
98 154 0.125
98 155 0.125
99 154 0.0625
99 196 0.125
101 105 0.0390625
101 106 0.15625
102 105 0.898438
102 106 0.15625
103 106 0.820312
103 107 0.078125
103 129 0.0625
103 130 0.0625
103 147 0.5
103 149 0.1875
103 150 0.0625
103 155 0.375
103 156 0.5
104 107 0.78125
104 108 0.078125
105 108 0.898438
105 109 0.117188
106 109 0.234375
106 111 1.125
106 112 0.0625
107 112 0.4375
107 126 0.125
109 112 0.125
111 131 0.125
112 121 0.125
112 131 0.25
113 131 0.25
113 133 0.625
114 131 0.0625
114 133 0.4375
122 134 1.6875
123 133 1.25
123 134 0.5
123 207 0.1875
124 132 1.25
124 133 0.1875
125 128 1.4375
125 129 1.0625
125 130 1.5625
125 132 0.125
125 207 0.4375
126 129 0.0625
126 130 0.125
126 131 0.125
128 203 0.25
129 156 0.5
130 147 0.4375
130 150 0.25
130 156 0.0625
130 162 0.125
130 201 0.0625
130 203 0.0625
130 204 0.125
131 146 1.125
131 147 0.375
132 145 1.25
132 204 0.0625
132 207 0.25
133 144 1.1875
133 145 0.375
133 207 0.375
134 142 0.375
134 143 1.25
134 144 0.0625
134 207 0.125
134 211 0.0625
135 142 1.375
135 143 0.5
136 141 0.25
136 142 0.125
137 141 0.125
137 143 0.125
138 141 0.25
140 220 1.4375
140 221 0.125
141 221 1.5
141 300 0.125
141 301 0.0625
141 320 0.125
142 215 0.125
142 218 0.1875
142 220 0.625
142 221 0.0625
142 222 1.25
142 223 0.1875
143 223 1.3125
143 225 0.125
144 207 0.125
144 211 0.0625
144 222 0.0625
144 223 0.125
144 224 1.1875
144 225 0.25
145 225 1.1875
146 200 0.125
146 204 0.375
146 207 0.0625
146 224 0.125
146 225 0.1875
147 150 0.125
147 199 0.0625
147 200 0.25
147 204 0.4375
148 197 1.0625
148 198 1.25
148 199 0.25
148 200 0.3125
148 226 0.0625
148 228 0.25
149 152 0.5625
149 154 0.1875
149 196 0.3125
149 197 0.3125
149 199 1.0625
149 227 0.125
149 228 0.125
149 264 0.125
150 156 0.6875
150 162 0.375
150 199 1.3125
150 200 0.125
150 201 0.4375
150 204 0.3125
151 162 0.125
151 165 0.0625
151 166 0.375
151 198 1.25
151 199 0.3125
151 200 0.125
151 201 0.0625
151 242 0.1875
152 155 0.1875
152 156 0.125
152 166 0.375
152 242 0.0625
153 156 0.0625
153 163 0.375
153 166 0.0625
153 167 0.125
153 170 0.0625
153 195 0.0625
154 195 0.3125
156 160 0.0625
156 162 0.3125
156 163 0.25
157 160 0.25
157 163 0.25
158 163 0.5
160 163 0.859375
160 164 0.117188
161 164 0.78125
161 165 0.078125
162 165 0.78125
162 166 0.15625
162 201 0.125
163 166 0.820312
163 167 0.078125
164 167 0.78125
164 168 0.273438
165 168 0.78125
165 169 0.273438
166 169 0.78125
166 170 0.078125
166 242 0.1875
167 170 0.78125
167 171 0.546875
168 171 0.78125
168 172 0.078125
169 172 0.742188
169 173 0.117188
170 173 0.820312
170 174 0.117188
170 180 0.0625
170 193 0.1875
170 194 0.1875
170 195 0.0625
171 174 0.195312
171 175 0.078125
171 177 0.125
171 180 0.0625
172 175 0.0390625
173 184 0.125
173 190 0.4375
173 193 1.375
174 180 0.375
174 182 0.25
174 184 0.125
174 193 0.1875
176 179 1.3125
176 180 0.25
176 182 0.1875
176 183 0.125
176 184 0.0625
179 182 0.375
180 194 1.375
180 195 0.25
181 194 0.0625
181 195 0.1875
181 196 0.25
182 194 0.125
183 191 0.0390625
183 194 0.125
183 238 0.125
184 190 0.078125
184 193 0.0625
185 190 0.117188
185 191 0.078125
186 191 0.195312
187 191 0.117188
188 191 0.195312
188 237 0.0625
189 192 0.3125
189 232 0.0625
189 240 0.0625
190 193 0.273438
191 194 0.0390625
191 237 1.1875
191 238 0.125
192 197 0.3125
192 237 0.125
192 240 0.125
192 241 0.125
192 242 0.5
192 244 0.3125
193 242 0.3125
194 197 0.375
194 242 0.1875
196 238 0.1875
196 264 0.3125
197 228 0.125
197 238 0.25
197 240 0.1875
197 242 0.625
197 264 0.25
198 228 0.0625
198 241 1.3125
198 242 0.625
199 243 0.3125
200 204 0.15625
200 205 0.078125
200 226 0.125
200 230 0.0625
200 241 0.0625
200 243 0.3125
200 247 0.125
201 204 0.859375
201 205 0.15625
202 205 0.78125
202 206 0.273438
203 206 0.78125
203 207 0.078125
204 207 0.820312
204 208 0.078125
205 208 0.820312
205 209 0.078125
205 243 0.0625
205 246 0.0625
205 247 0.0625
206 209 0.78125
206 210 0.078125
207 210 0.78125
207 211 0.195312
208 211 0.78125
208 212 0.195312
209 212 0.78125
209 213 0.117188
209 250 0.1875
209 254 0.375
210 213 0.78125
210 214 0.078125
211 214 0.78125
211 215 0.117188
212 215 0.820312
212 216 0.195312
212 222 0.1875
212 254 0.75
212 256 0.0625
212 257 0.0625
213 216 0.820312
213 217 0.117188
213 254 0.375
214 217 0.78125
214 218 0.3125
215 218 0.78125
215 219 0.742188
215 220 0.273438
215 222 0.125
215 256 0.3125
216 219 0.0390625
216 254 0.6875
216 255 0.0625
216 256 0.25
220 256 0.1875
221 256 1.25
221 320 0.4375
221 321 0.3125
222 256 0.375
222 257 1.25
222 258 1.1875
222 259 0.0625
223 259 1.3125
224 251 0.0625
224 259 0.1875
224 260 1.4375
224 261 0.1875
225 261 1.3125
226 260 0.1875
226 261 0.0625
226 262 1.25
227 262 1.1875
227 263 1.3125
227 264 0.5625
228 239 0.0625
228 241 0.0625
228 260 0.125
228 262 0.1875
228 264 0.375
229 235 0.125
229 239 0.125
229 240 1.25
229 262 0.125
229 263 0.0625
229 281 0.0625
230 240 0.125
230 244 0.4375
230 247 0.125
230 248 0.25
230 260 0.1875
230 279 0.0625
231 234 1.25
231 240 0.125
231 248 0.0625
231 252 0.0625
231 273 0.4375
231 279 0.3125
232 235 0.125
232 244 0.125
233 270 0.0625
233 271 0.5625
234 268 1.0625
234 269 0.1875
234 271 0.0625
234 279 0.0625
234 281 0.25
235 265 0.3125
236 239 1.1875
236 265 0.125
237 240 0.25
239 264 0.1875
239 265 0.25
241 244 0.25
243 246 0.820312
243 247 0.0390625
244 247 0.78125
244 248 0.117188
245 248 0.820312
245 249 0.117188
245 252 0.0625
246 249 0.742188
246 250 0.078125
247 250 0.78125
247 251 0.117188
248 251 0.78125
248 252 0.273438
248 279 0.0625
249 252 0.664062
249 253 0.078125
250 253 0.78125
250 254 0.117188
251 254 0.117188
251 257 0.0625
251 260 0.0625
251 279 0.0625
252 273 0.5
254 257 0.125
255 321 0.0625
257 277 0.0625
258 277 1.125
258 278 0.0625
258 300 0.0625
258 318 0.0625
258 320 0.1875
259 278 1.25
260 278 0.125
260 279 1.4375
260 280 0.125
261 280 1.1875
262 280 0.125
262 281 1.25
262 282 0.125
263 281 0.0625
265 268 0.0625
265 281 0.125
265 282 0.0625
266 283 1.375
266 284 0.0625
266 286 0.1875
266 287 0.625
266 312 0.25
267 283 0.1875
267 312 0.0625
268 281 1.3125
268 282 0.0625
268 283 0.125
269 280 1.25
269 281 0.25
270 278 0.0625
270 279 1.25
270 307 0.0625
270 313 0.0625
270 314 0.375
270 315 0.125
270 316 0.125
271 278 1.375
271 279 0.25
272 276 0.1875
272 277 1.25
272 278 0.0625
273 276 0.0625
273 277 0.125
278 316 0.125
278 318 0.25
280 316 0.125
283 294 0.0625
283 312 0.5
283 313 0.25
284 287 1.0625
284 288 0.1875
284 312 0.125
285 288 0.375
285 294 0.0625
288 292 0.25
288 293 0.1875
288 294 0.0625
288 312 0.1875
289 292 0.3125
292 311 0.0625
292 312 0.125
293 310 1.1875
293 311 1.25
293 312 0.1875
294 310 1.125
294 313 0.1875
295 309 1.1875
295 310 1.0625
295 313 0.125
296 307 0.0625
296 308 1.25
296 310 0.1875
297 306 0.0625
297 307 1.25
297 308 0.1875
297 310 0.25
298 306 1.25
299 304 0.0625
299 305 1.375
299 306 0.3125
299 308 0.0625
300 304 1.125
300 305 0.1875
300 320 0.125
301 304 1
301 306 0.0625
301 320 0.25
302 320 0.375
303 319 1.1875
303 320 1
304 318 1.25
304 320 0.75
305 316 0.0625
305 317 1.375
305 318 0.1875
306 316 1.25
306 317 0.0625
307 313 0.0625
307 314 0.0625
307 315 1.375
307 316 0.25
308 315 0.4375
309 313 1.375
309 315 0.125
310 313 0.3125
