nresidues = 274
94 228 0.375
94 234 0.1875
94 269 0.125
95 234 0.125
96 100 0.15625
96 101 0.0390625
96 104 0.0625
96 134 0.0625
96 235 0.0625
97 100 0.898438
97 101 0.15625
98 101 0.78125
98 102 0.078125
99 102 0.820312
99 103 0.078125
99 272 0.125
100 103 0.820312
100 104 0.117188
100 234 0.0625
100 272 0.0625
101 104 0.820312
101 105 0.078125
101 134 0.0625
102 106 0.078125
103 106 0.742188
103 107 0.078125
103 268 0.0625
104 107 0.78125
104 108 0.117188
104 121 0.25
104 265 0.125
105 108 0.78125
105 109 0.234375
105 135 0.4375
105 137 0.125
106 109 0.820312
106 110 0.234375
107 110 0.78125
107 111 0.078125
107 261 0.125
107 264 0.125
107 265 0.0625
108 111 0.78125
108 112 0.078125
108 119 0.125
108 121 0.125
108 135 0.1875
108 137 0.125
109 112 0.78125
109 113 0.078125
110 113 0.820312
110 114 0.078125
111 114 0.820312
111 115 0.15625
111 119 0.3125
111 237 0.0625
111 239 0.125
111 257 0.1875
111 261 0.0625
112 115 0.859375
112 116 0.742188
112 117 0.15625
112 119 0.0625
112 137 0.1875
112 138 0.3125
112 139 0.125
114 257 0.4375
115 239 0.0625
115 254 0.25
115 257 0.125
116 139 0.1875
116 141 0.125
117 138 0.0625
117 139 0.3125
117 239 0.0625
117 240 1.125
117 241 0.0625
117 242 0.0625
117 245 0.6875
118 136 0.125
118 137 1.25
118 138 0.4375
118 139 0.0625
118 145 0.3125
118 239 1.1875
118 240 0.1875
119 136 1.375
119 137 0.25
119 237 0.0625
119 238 1.3125
120 135 1.25
120 136 0.1875
120 145 0.3125
120 236 0.0625
120 237 1.3125
120 238 0.3125
120 240 0.125
121 133 1.3125
121 134 1.25
121 135 0.125
121 226 0.0625
121 236 1.25
121 237 0.125
122 131 0.0625
122 132 1.375
122 164 0.0625
122 235 1.25
122 236 0.1875
123 130 0.0625
123 131 1.25
123 132 0.3125
123 134 0.125
123 164 0.3125
123 234 0.125
124 129 0.25
124 130 1.25
124 164 0.25
125 128 1.5
125 129 1.1875
125 130 0.125
125 152 0.1875
126 129 0.25
127 179 0.25
127 180 0.0625
128 152 0.3125
128 180 0.1875
129 155 0.375
129 176 0.375
130 152 0.3125
130 153 1.3125
130 154 0.0625
131 151 0.0625
131 152 1.25
131 153 0.25
131 160 0.0625
132 150 0.3125
132 151 1.25
133 147 0.0625
133 148 0.125
133 149 1.375
133 150 0.0625
133 151 0.1875
134 149 0.3125
135 149 0.25
136 145 0.0625
136 147 0.25
136 149 0.0625
138 144 0.375
138 146 0.4375
139 144 0.4375
141 144 0.375
141 245 1.125
143 245 0.25
144 245 0.125
145 240 0.4375
148 151 0.0625
153 158 0.25
153 160 0.0625
154 157 1.25
154 158 0.1875
154 161 0.0625
154 185 0.375
154 215 0.625
155 161 1.25
155 162 0.125
155 165 0.0625
155 177 0.0625
156 162 0.1875
156 182 0.5
156 183 0.25
156 185 0.0625
156 189 0.125
156 190 0.0625
156 196 0.125
157 185 0.0625
157 189 0.0625
157 211 0.1875
157 214 1.3125
157 215 0.125
158 161 0.78125
158 162 0.15625
158 211 0.1875
159 162 0.742188
159 163 0.078125
159 209 0.25
159 223 0.25
160 163 0.78125
160 164 0.117188
160 223 0.0625
161 164 0.78125
161 165 0.078125
162 165 0.820312
162 166 0.078125
162 199 0.25
162 200 0.0625
162 209 0.125
162 210 0.1875
162 214 0.3125
163 166 0.742188
163 167 0.15625
163 209 0.1875
163 225 0.25
164 167 0.78125
164 225 0.125
164 233 0.25
164 234 0.125
164 235 0.4375
164 236 0.125
165 168 0.117188
165 173 0.125
165 176 0.0625
165 196 0.0625
165 200 0.125
166 200 0.0625
166 203 0.0625
166 204 0.375
167 225 0.0625
167 227 0.1875
167 233 0.1875
168 172 0.273438
168 173 0.0390625
168 176 0.0625
169 172 1.05469
169 173 0.117188
170 173 0.820312
170 174 0.15625
170 197 0.3125
171 174 0.78125
171 175 0.15625
172 175 0.78125
172 176 0.15625
173 176 0.820312
173 177 0.234375
173 197 0.1875
174 177 0.742188
174 178 0.273438
174 197 0.0625
175 178 0.78125
175 179 0.078125
176 179 0.820312
176 180 0.117188
177 180 0.664062
177 181 0.0390625
177 182 0.0390625
177 193 0.0625
177 196 0.0625
182 191 0.3125
182 196 0.0625
183 189 0.0625
184 189 0.3125
184 191 0.125
185 189 0.25
185 214 0.0625
185 215 0.5625
186 189 0.3125
186 213 0.25
186 214 0.1875
186 215 0.1875
186 216 0.1875
186 217 0.125
188 212 0.0625
188 213 0.0625
188 214 0.125
189 214 0.375
190 199 0.1875
190 214 0.125
192 195 1.13281
192 196 0.078125
193 196 0.820312
193 197 0.15625
194 197 0.78125
194 198 0.078125
195 198 0.78125
195 199 0.078125
196 199 0.78125
196 200 0.117188
197 200 0.78125
197 201 0.078125
198 201 0.78125
198 202 0.234375
199 202 0.820312
199 203 0.15625
199 206 0.0625
200 203 0.898438
200 204 0.195312
201 204 0.898438
201 205 0.078125
202 205 0.820312
202 206 0.273438
203 206 0.820312
203 207 0.742188
203 208 0.234375
203 209 0.117188
206 209 0.125
206 210 0.0625
206 259 0.0625
207 224 0.0625
207 259 0.3125
208 222 0.125
208 223 1.3125
208 251 0.0625
208 252 0.125
208 255 0.25
208 259 0.0625
209 221 0.0625
209 222 1.375
209 223 0.375
210 214 0.0625
210 220 0.4375
210 221 1.3125
210 251 0.125
211 214 0.6875
211 215 0.0625
211 219 0.0625
211 220 1.375
211 221 0.25
212 219 1.0625
212 220 0.5625
213 216 0.25
213 217 0.3125
213 218 0.0625
213 219 0.125
213 243 0.1875
216 219 0.1875
218 242 1.3125
218 243 0.5
219 240 0.0625
219 241 1.3125
220 239 0.0625
220 240 1.1875
220 241 0.375
220 243 0.125
220 246 0.375
220 247 0.1875
220 248 0.375
220 251 0.0625
221 239 1.25
221 240 0.25
222 237 0.0625
222 238 1.25
222 239 0.125
222 246 0.0625
222 251 0.125
222 254 0.25
222 255 0.0625
222 258 0.125
223 237 1.25
223 238 0.0625
223 258 0.125
224 236 1.25
224 237 0.0625
224 258 0.0625
224 262 0.1875
225 233 0.125
225 235 1.3125
225 262 0.0625
226 232 0.0625
226 233 1.1875
226 234 1.3125
226 235 0.1875
226 237 0.0625
226 262 0.1875
226 265 0.3125
226 266 0.3125
227 231 0.5625
227 232 1.4375
227 233 0.0625
227 234 0.3125
227 266 0.0625
228 231 0.25
228 232 0.375
228 234 0.25
228 269 0.3125
229 269 0.3125
234 269 0.125
237 258 0.1875
237 261 0.25
237 262 0.0625
237 265 0.0625
239 254 0.0625
239 258 0.0625
240 246 0.0625
241 246 0.1875
242 245 1.625
242 246 0.1875
243 246 0.1875
243 247 0.125
244 247 0.125
245 250 0.25
246 254 0.0625
247 250 1.3125
247 251 0.0625
248 251 0.125
250 253 0.859375
250 254 0.585938
251 254 0.820312
251 255 0.0390625
252 255 0.742188
252 256 0.078125
253 256 0.78125
253 257 0.195312
254 257 0.976562
254 258 0.078125
255 258 0.78125
255 259 0.15625
256 259 0.78125
256 260 0.078125
257 260 0.78125
257 261 0.0390625
258 261 0.78125
258 262 0.078125
259 262 0.78125
259 263 0.078125
260 263 0.78125
260 264 0.234375
261 264 0.78125
261 265 0.078125
262 265 0.78125
262 266 0.117188
263 266 0.78125
263 267 0.195312
264 267 0.820312
264 268 0.078125
265 268 0.820312
265 269 0.078125
266 269 0.78125
266 270 0.0390625
267 270 0.742188
267 271 0.0390625
268 271 0.742188
268 272 0.117188
269 272 0.859375
269 273 0.078125
270 273 0.195312
