nresidues = 274
94 228 0.892195
94 234 0.446097
94 269 0.297398
95 234 0.297398
96 100 0.371748
96 101 0.092937
96 104 0.148699
96 134 0.148699
96 235 0.148699
97 100 2.13755
97 101 0.371748
98 101 1.85874
98 102 0.185874
99 102 1.95168
99 103 0.185874
99 272 0.297398
100 103 1.95168
100 104 0.278812
100 234 0.148699
100 272 0.148699
101 104 1.95168
101 105 0.185874
101 134 0.148699
102 106 0.185874
103 106 1.7658
103 107 0.185874
103 268 0.148699
104 107 1.85874
104 108 0.278812
104 121 0.594797
104 265 0.297398
105 108 1.85874
105 109 0.557622
105 135 1.04089
105 137 0.297398
106 109 1.95168
106 110 0.557622
107 110 1.85874
107 111 0.185874
107 261 0.297398
107 264 0.297398
107 265 0.148699
108 111 1.85874
108 112 0.185874
108 119 0.297398
108 121 0.297398
108 135 0.446097
108 137 0.297398
109 112 1.85874
109 113 0.185874
110 113 1.95168
110 114 0.185874
111 114 1.95168
111 115 0.371748
111 119 0.743496
111 237 0.148699
111 239 0.297398
111 257 0.446097
111 261 0.148699
112 115 2.04461
112 116 1.7658
112 117 0.371748
112 119 0.148699
112 137 0.446097
112 138 0.743496
112 139 0.297398
114 257 1.04089
115 239 0.148699
115 254 0.594797
115 257 0.297398
116 139 0.446097
116 141 0.297398
117 138 0.148699
117 139 0.743496
117 239 0.148699
117 240 2.67658
117 241 0.148699
117 242 0.148699
117 245 1.63569
118 136 0.297398
118 137 2.97398
118 138 1.04089
118 139 0.148699
118 145 0.743496
118 239 2.82528
118 240 0.446097
119 136 3.27138
119 137 0.594797
119 237 0.148699
119 238 3.12268
120 135 2.97398
120 136 0.446097
120 145 0.743496
120 236 0.148699
120 237 3.12268
120 238 0.743496
120 240 0.297398
121 133 3.12268
121 134 2.97398
121 135 0.297398
121 226 0.148699
121 236 2.97398
121 237 0.297398
122 131 0.148699
122 132 3.27138
122 164 0.148699
122 235 2.97398
122 236 0.446097
123 130 0.148699
123 131 2.97398
123 132 0.743496
123 134 0.297398
123 164 0.743496
123 234 0.297398
124 129 0.594797
124 130 2.97398
124 164 0.594797
125 128 3.56878
125 129 2.82528
125 130 0.297398
125 152 0.446097
126 129 0.594797
127 179 0.594797
127 180 0.148699
128 152 0.743496
128 180 0.446097
129 155 0.892195
129 176 0.892195
130 152 0.743496
130 153 3.12268
130 154 0.148699
131 151 0.148699
131 152 2.97398
131 153 0.594797
131 160 0.148699
132 150 0.743496
132 151 2.97398
133 147 0.148699
133 148 0.297398
133 149 3.27138
133 150 0.148699
133 151 0.446097
134 149 0.743496
135 149 0.594797
136 145 0.148699
136 147 0.594797
136 149 0.148699
138 144 0.892195
138 146 1.04089
139 144 1.04089
141 144 0.892195
141 245 2.67658
143 245 0.594797
144 245 0.297398
145 240 1.04089
148 151 0.148699
153 158 0.594797
153 160 0.148699
154 157 2.97398
154 158 0.446097
154 161 0.148699
154 185 0.892195
154 215 1.48699
155 161 2.97398
155 162 0.297398
155 165 0.148699
155 177 0.148699
156 162 0.446097
156 182 1.18959
156 183 0.594797
156 185 0.148699
156 189 0.297398
156 190 0.148699
156 196 0.297398
157 185 0.148699
157 189 0.148699
157 211 0.446097
157 214 3.12268
157 215 0.297398
158 161 1.85874
158 162 0.371748
158 211 0.446097
159 162 1.7658
159 163 0.185874
159 209 0.594797
159 223 0.594797
160 163 1.85874
160 164 0.278812
160 223 0.148699
161 164 1.85874
161 165 0.185874
162 165 1.95168
162 166 0.185874
162 199 0.594797
162 200 0.148699
162 209 0.297398
162 210 0.446097
162 214 0.743496
163 166 1.7658
163 167 0.371748
163 209 0.446097
163 225 0.594797
164 167 1.85874
164 225 0.297398
164 233 0.594797
164 234 0.297398
164 235 1.04089
164 236 0.297398
165 168 0.278812
165 173 0.297398
165 176 0.148699
165 196 0.148699
165 200 0.297398
166 200 0.148699
166 203 0.148699
166 204 0.892195
167 225 0.148699
167 227 0.446097
167 233 0.446097
168 172 0.65056
168 173 0.092937
168 176 0.148699
169 172 2.5093
169 173 0.278812
170 173 1.95168
170 174 0.371748
170 197 0.743496
171 174 1.85874
171 175 0.371748
172 175 1.85874
172 176 0.371748
173 176 1.95168
173 177 0.557622
173 197 0.446097
174 177 1.7658
174 178 0.65056
174 197 0.148699
175 178 1.85874
175 179 0.185874
176 179 1.95168
176 180 0.278812
177 180 1.57993
177 181 0.092937
177 182 0.092937
177 193 0.148699
177 196 0.148699
182 191 0.743496
182 196 0.148699
183 189 0.148699
184 189 0.743496
184 191 0.297398
185 189 0.594797
185 214 0.148699
185 215 1.33829
186 189 0.743496
186 213 0.594797
186 214 0.446097
186 215 0.446097
186 216 0.446097
186 217 0.297398
188 212 0.148699
188 213 0.148699
188 214 0.297398
189 214 0.892195
190 199 0.446097
190 214 0.297398
192 195 2.69517
192 196 0.185874
193 196 1.95168
193 197 0.371748
194 197 1.85874
194 198 0.185874
195 198 1.85874
195 199 0.185874
196 199 1.85874
196 200 0.278812
197 200 1.85874
197 201 0.185874
198 201 1.85874
198 202 0.557622
199 202 1.95168
199 203 0.371748
199 206 0.148699
200 203 2.13755
200 204 0.464684
201 204 2.13755
201 205 0.185874
202 205 1.95168
202 206 0.65056
203 206 1.95168
203 207 1.7658
203 208 0.557622
203 209 0.278812
206 209 0.297398
206 210 0.148699
206 259 0.148699
207 224 0.148699
207 259 0.743496
208 222 0.297398
208 223 3.12268
208 251 0.148699
208 252 0.297398
208 255 0.594797
208 259 0.148699
209 221 0.148699
209 222 3.27138
209 223 0.892195
210 214 0.148699
210 220 1.04089
210 221 3.12268
210 251 0.297398
211 214 1.63569
211 215 0.148699
211 219 0.148699
211 220 3.27138
211 221 0.594797
212 219 2.52789
212 220 1.33829
213 216 0.594797
213 217 0.743496
213 218 0.148699
213 219 0.297398
213 243 0.446097
216 219 0.446097
218 242 3.12268
218 243 1.18959
219 240 0.148699
219 241 3.12268
220 239 0.148699
220 240 2.82528
220 241 0.892195
220 243 0.297398
220 246 0.892195
220 247 0.446097
220 248 0.892195
220 251 0.148699
221 239 2.97398
221 240 0.594797
222 237 0.148699
222 238 2.97398
222 239 0.297398
222 246 0.148699
222 251 0.297398
222 254 0.594797
222 255 0.148699
222 258 0.297398
223 237 2.97398
223 238 0.148699
223 258 0.297398
224 236 2.97398
224 237 0.148699
224 258 0.148699
224 262 0.446097
225 233 0.297398
225 235 3.12268
225 262 0.148699
226 232 0.148699
226 233 2.82528
226 234 3.12268
226 235 0.446097
226 237 0.148699
226 262 0.446097
226 265 0.743496
226 266 0.743496
227 231 1.33829
227 232 3.42008
227 233 0.148699
227 234 0.743496
227 266 0.148699
228 231 0.594797
228 232 0.892195
228 234 0.594797
228 269 0.743496
229 269 0.743496
234 269 0.297398
237 258 0.446097
237 261 0.594797
237 262 0.148699
237 265 0.148699
239 254 0.148699
239 258 0.148699
240 246 0.148699
241 246 0.446097
242 245 3.86618
242 246 0.446097
243 246 0.446097
243 247 0.297398
244 247 0.297398
245 250 0.594797
246 254 0.148699
247 250 3.12268
247 251 0.148699
248 251 0.297398
250 253 2.04461
250 254 1.39406
251 254 1.95168
251 255 0.092937
252 255 1.7658
252 256 0.185874
253 256 1.85874
253 257 0.464684
254 257 2.32342
254 258 0.185874
255 258 1.85874
255 259 0.371748
256 259 1.85874
256 260 0.185874
257 260 1.85874
257 261 0.092937
258 261 1.85874
258 262 0.185874
259 262 1.85874
259 263 0.185874
260 263 1.85874
260 264 0.557622
261 264 1.85874
261 265 0.185874
262 265 1.85874
262 266 0.278812
263 266 1.85874
263 267 0.464684
264 267 1.95168
264 268 0.185874
265 268 1.95168
265 269 0.185874
266 269 1.85874
266 270 0.092937
267 270 1.7658
267 271 0.092937
268 271 1.7658
268 272 0.278812
269 272 2.04461
269 273 0.185874
270 273 0.464684
