nresidues = 112
7 96 0.484043
8 65 0.161348
8 66 0.161348
8 92 0.484043
8 93 0.161348
8 96 0.806739
9 64 0.161348
9 65 3.22696
9 93 0.161348
9 96 0.645391
10 13 2.21853
10 65 0.322696
10 67 0.161348
11 14 2.11769
11 15 0.40337
11 96 0.645391
11 100 2.09752
12 15 2.01685
12 16 0.100842
13 16 0.100842
13 17 0.806739
13 63 0.161348
13 65 0.161348
13 67 0.484043
14 17 0.302528
14 25 0.161348
14 28 0.161348
14 29 0.322696
14 63 0.161348
14 64 0.645391
15 18 0.201685
15 22 0.322696
15 100 0.806739
15 107 0.161348
18 21 2.90426
18 22 0.322696
18 25 0.161348
22 25 2.01685
22 26 0.504211
22 107 1.93617
23 26 2.01685
23 27 0.201685
24 27 2.01685
24 28 0.40337
25 28 2.01685
25 29 0.302528
25 100 0.161348
26 29 2.01685
26 30 0.201685
26 104 1.12943
26 107 0.484043
27 30 2.01685
27 31 0.40337
28 31 1.91601
28 32 0.201685
28 64 0.161348
29 32 2.01685
29 33 0.201685
29 100 0.322696
30 33 2.01685
30 34 0.201685
31 34 2.11769
31 35 0.705898
32 35 2.11769
32 39 0.968087
32 60 0.484043
32 61 0.161348
32 64 0.161348
32 69 0.161348
32 90 0.322696
32 94 0.161348
32 97 0.322696
33 36 0.201685
33 94 0.161348
34 37 0.100842
35 38 2.01685
35 39 1.41179
36 39 2.42022
36 40 0.201685
36 94 0.322696
37 41 0.302528
38 41 2.01685
38 42 0.504211
39 42 2.01685
39 43 0.40337
39 56 0.161348
39 57 0.645391
39 60 0.322696
39 90 0.484043
40 43 0.302528
41 44 0.100842
41 47 0.161348
42 47 0.645391
42 49 3.06561
42 50 0.322696
42 53 0.161348
43 53 0.161348
43 54 0.161348
43 83 0.322696
43 86 0.161348
43 87 0.806739
44 47 0.484043
44 50 0.484043
44 83 0.322696
45 50 0.806739
45 83 0.484043
47 50 0.645391
49 52 2.21853
49 53 0.201685
50 53 2.01685
50 54 0.40337
50 83 0.484043
51 54 2.01685
51 55 0.201685
52 55 2.01685
52 56 0.40337
53 56 2.01685
53 57 0.302528
54 57 2.01685
54 58 0.201685
54 73 0.645391
54 77 0.322696
54 83 0.161348
55 58 1.91601
55 77 0.322696
56 59 1.91601
56 60 0.201685
57 60 2.11769
57 61 0.201685
57 69 0.484043
57 73 0.484043
58 61 2.01685
58 62 0.705898
58 70 0.161348
58 73 0.806739
58 77 0.806739
59 62 2.01685
59 63 0.100842
60 63 1.91601
60 64 0.302528
61 64 2.01685
61 65 2.01685
61 66 0.90758
61 69 0.645391
62 67 0.100842
62 70 0.484043
62 71 0.645391
62 74 0.806739
66 69 2.01685
67 70 1.91601
67 71 0.302528
68 71 2.01685
68 72 0.40337
69 72 2.01685
69 73 0.302528
69 86 0.161348
69 89 0.484043
69 90 0.161348
70 73 2.01685
70 74 0.201685
71 74 2.01685
71 75 0.40337
72 75 2.01685
72 76 0.201685
72 81 0.161348
72 85 0.484043
72 86 0.322696
72 89 0.161348
73 76 2.01685
73 77 0.40337
73 86 0.161348
74 77 2.01685
74 78 0.100842
75 78 2.01685
75 79 2.01685
75 80 2.52106
75 81 0.302528
76 79 0.100842
76 81 0.302528
76 86 0.322696
81 85 0.100842
82 85 2.01685
82 86 0.100842
83 86 2.01685
83 87 0.605054
84 87 2.42022
84 88 0.302528
85 88 2.01685
85 89 0.201685
86 89 2.01685
86 90 0.201685
87 90 2.01685
87 91 0.504211
88 91 2.01685
88 92 0.201685
89 92 2.01685
89 93 0.201685
90 93 2.01685
90 94 0.40337
91 94 2.01685
91 95 0.201685
92 95 2.01685
92 96 0.201685
93 96 2.01685
93 97 0.40337
94 97 2.01685
94 98 0.201685
95 98 2.01685
95 99 0.201685
96 99 2.01685
96 100 0.201685
97 100 2.01685
98 101 0.201685
99 102 0.100842
100 103 2.52106
100 104 1.21011
100 107 0.968087
101 104 2.21853
101 105 0.201685
102 105 1.91601
102 106 0.100842
103 106 2.01685
103 107 0.40337
104 107 2.01685
104 108 0.201685
105 108 2.01685
105 109 0.100842
106 109 2.01685
106 110 0.40337
107 110 2.01685
108 111 0.100842
