nresidues = 664
1 289 0.442729
1 290 0.147576
1 293 1.91849
2 5 2.02918
2 6 0.368941
3 6 1.8447
3 7 0.18447
3 37 1.91849
3 38 0.147576
3 41 0.147576
3 42 1.32819
3 221 0.147576
4 7 1.93694
4 8 0.645648
4 219 0.295153
5 8 1.8447
5 279 0.590306
5 281 0.147576
5 290 0.147576
6 9 1.75247
6 41 0.442729
6 293 0.590306
6 294 1.03303
7 10 1.93694
7 11 0.18447
7 33 0.442729
7 34 0.295153
8 11 2.12141
8 12 0.18447
8 277 0.442729
8 279 0.590306
9 12 1.8447
9 13 0.368941
9 279 0.442729
10 13 1.66023
10 14 0.461175
10 33 0.442729
10 69 0.147576
10 72 0.147576
10 73 0.147576
10 294 0.295153
11 14 1.8447
11 15 0.276707
11 30 0.737882
11 33 0.737882
11 34 1.32819
11 219 0.295153
11 249 0.885458
11 277 0.147576
12 15 1.75247
12 16 0.553411
12 279 0.590306
13 16 1.75247
13 17 0.18447
13 68 0.147576
13 72 0.147576
13 83 0.295153
14 17 1.568
14 18 0.276707
14 29 0.295153
14 68 0.885458
14 72 0.147576
15 18 1.8447
15 19 0.18447
15 270 0.295153
15 273 0.442729
15 274 0.147576
16 19 1.8447
16 20 0.18447
16 270 0.147576
16 274 1.18061
16 283 0.737882
16 284 0.442729
17 20 1.8447
17 21 0.18447
17 68 0.295153
17 86 0.147576
17 89 0.147576
17 284 0.147576
18 21 1.8447
18 22 1.75247
18 23 0.368941
18 24 0.276707
18 89 0.147576
18 263 0.147576
18 264 0.295153
19 22 0.18447
19 264 0.885458
19 265 0.590306
19 266 0.737882
19 267 0.295153
19 270 0.590306
20 87 0.590306
20 284 0.295153
21 89 0.295153
22 264 0.590306
23 89 0.147576
23 90 1.32819
24 90 0.295153
24 262 2.95153
24 263 0.295153
25 29 0.18447
25 65 1.18061
25 90 0.295153
25 261 1.03303
25 262 0.295153
26 29 2.02918
26 30 0.368941
26 260 3.0991
26 261 0.147576
26 262 0.147576
26 263 0.442729
26 265 0.147576
27 30 1.8447
27 31 0.0922352
27 247 3.39426
27 248 0.147576
27 260 0.295153
28 31 1.75247
28 32 0.276707
29 32 1.66023
29 33 0.18447
29 66 0.590306
29 68 0.295153
30 248 0.590306
30 249 0.442729
30 265 0.295153
30 273 0.147576
31 219 0.295153
31 245 0.295153
31 246 0.147576
32 35 1.8447
32 36 0.18447
32 63 0.147576
32 69 0.147576
32 152 0.590306
32 183 1.03303
33 36 1.8447
33 37 0.18447
34 37 1.75247
34 38 0.18447
34 218 0.295153
34 219 0.737882
34 224 0.442729
35 38 1.8447
35 39 0.18447
35 152 0.295153
35 181 0.295153
35 218 0.147576
35 224 0.295153
35 243 0.295153
35 245 0.147576
36 39 1.75247
36 40 0.368941
36 69 0.147576
36 73 0.147576
36 152 0.147576
37 40 1.568
37 41 0.830116
37 294 0.295153
38 41 1.568
38 42 1.75247
38 43 0.18447
38 221 0.442729
38 224 0.442729
38 225 0.295153
39 42 1.568
39 43 1.8447
39 44 0.18447
39 59 0.295153
39 150 0.885458
39 152 0.147576
40 44 0.645648
40 46 0.295153
40 59 0.737882
40 73 0.590306
40 74 0.147576
40 77 0.295153
41 293 1.03303
41 294 0.442729
42 225 0.590306
43 57 0.147576
43 150 0.147576
43 225 0.295153
43 228 1.18061
43 229 0.147576
43 232 0.442729
44 57 0.737882
44 150 0.295153
44 303 0.147576
45 53 0.590306
45 55 0.590306
45 56 2.95153
45 57 1.03303
45 146 0.442729
46 53 0.147576
46 77 0.147576
46 79 1.03303
46 296 0.295153
46 300 0.147576
47 50 2.95153
47 300 1.62334
47 301 0.590306
47 304 0.737882
48 51 0.295153
48 77 0.295153
48 78 0.442729
48 79 1.18061
48 296 0.590306
49 297 0.295153
49 301 0.147576
50 53 0.590306
50 304 1.03303
51 56 0.737882
51 79 0.295153
51 107 0.147576
52 56 0.590306
53 56 1.18061
53 303 0.590306
53 304 2.36122
53 307 0.885458
54 58 0.590306
54 147 0.147576
54 329 0.147576
55 58 0.147576
55 144 0.442729
55 145 0.737882
55 146 0.885458
55 147 1.32819
55 307 1.03303
56 110 1.32819
56 147 1.18061
57 147 0.885458
57 148 3.68941
57 150 0.147576
58 126 0.295153
58 147 0.737882
58 148 0.147576
58 149 2.80395
58 150 0.295153
58 424 1.91849
59 110 0.295153
59 150 2.95153
59 152 1.03303
60 111 0.147576
60 119 0.442729
60 126 0.147576
60 150 0.295153
60 151 2.95153
60 152 0.295153
61 64 0.147576
61 66 0.295153
61 113 0.590306
61 152 2.80395
62 118 0.147576
62 119 1.03303
62 120 0.147576
62 152 2.95153
62 153 0.147576
62 157 0.590306
63 66 0.147576
63 152 0.590306
63 153 0.590306
64 67 0.295153
64 99 0.590306
64 100 0.295153
64 113 0.147576
65 99 0.442729
65 261 0.295153
66 69 0.18447
67 70 1.8447
67 71 0.645648
67 89 0.295153
67 98 0.442729
67 100 0.295153
68 71 1.93694
68 72 0.461175
68 89 0.737882
69 72 1.8447
69 73 0.368941
69 152 0.295153
70 73 1.8447
70 74 0.461175
70 100 0.147576
71 74 1.75247
71 75 0.18447
71 81 0.295153
71 89 0.295153
71 96 1.91849
71 97 1.03303
71 99 0.442729
71 100 0.147576
72 75 1.8447
72 76 0.368941
73 76 1.75247
73 77 0.461175
73 294 0.295153
74 77 1.66023
74 78 1.66023
74 79 1.01459
74 107 0.442729
74 108 0.147576
74 109 0.147576
75 78 0.0922352
75 81 0.885458
75 82 0.442729
75 83 0.295153
75 86 0.147576
75 291 0.885458
76 294 3.83699
76 295 0.147576
77 294 0.590306
77 295 3.54183
77 296 2.80395
78 295 0.147576
78 297 0.295153
79 107 0.295153
79 108 0.295153
81 85 0.0922352
81 86 0.18447
81 95 0.147576
81 105 0.147576
82 85 1.8447
82 86 0.0922352
83 86 1.8447
83 87 0.276707
83 284 0.737882
83 286 0.147576
83 291 0.147576
84 87 2.21365
84 88 0.461175
85 88 1.8447
85 94 0.737882
85 95 1.03303
85 96 0.737882
86 89 0.18447
87 284 0.737882
88 91 0.737882
88 94 0.590306
88 96 0.442729
89 96 3.24668
89 97 0.147576
90 96 0.147576
90 97 0.147576
90 98 0.885458
91 94 0.442729
95 104 0.442729
95 105 0.590306
97 101 0.590306
99 113 0.147576
99 114 0.295153
100 109 0.295153
100 111 0.147576
100 112 3.0991
100 113 0.295153
101 104 2.21365
101 109 0.590306
101 111 2.65637
101 112 0.590306
102 109 0.442729
102 110 0.442729
102 111 0.295153
102 112 0.147576
102 451 0.442729
105 109 0.590306
110 126 0.147576
110 423 0.442729
111 122 0.590306
111 423 0.295153
111 451 0.295153
112 447 0.590306
112 451 0.590306
113 119 0.147576
115 118 0.295153
115 443 0.295153
115 447 0.147576
116 157 0.590306
116 160 0.147576
117 120 1.66023
117 121 0.0922352
117 157 0.147576
117 162 0.442729
118 121 1.93694
118 122 0.553411
118 162 0.147576
118 412 0.442729
118 443 0.737882
118 444 0.295153
118 447 0.295153
119 122 1.93694
119 123 0.18447
120 123 1.8447
120 124 0.276707
120 151 0.147576
120 153 0.147576
120 166 0.147576
120 167 0.147576
121 124 1.8447
121 162 0.147576
121 166 0.442729
121 416 3.0991
121 417 0.295153
122 125 1.75247
122 126 0.368941
122 416 0.442729
122 419 0.147576
122 420 0.295153
123 126 1.8447
123 127 0.18447
123 149 0.442729
124 127 1.8447
124 128 0.461175
124 166 0.295153
124 178 0.147576
124 417 0.295153
125 128 1.8447
125 129 0.18447
125 417 0.295153
125 420 0.442729
125 421 0.147576
126 129 1.8447
126 130 0.18447
126 149 0.295153
126 420 0.147576
126 424 0.147576
127 130 1.8447
127 131 0.18447
127 149 0.295153
128 131 1.8447
128 132 0.461175
128 173 0.295153
128 175 0.147576
128 396 0.147576
128 417 0.147576
129 132 1.8447
129 133 0.18447
129 424 0.737882
129 427 0.885458
130 133 1.75247
130 134 0.18447
130 145 0.737882
130 146 0.737882
130 147 1.62334
130 177 1.03303
131 134 1.8447
131 135 0.18447
131 173 0.442729
131 175 0.147576
132 135 1.8447
132 136 0.461175
132 400 0.442729
132 402 0.147576
132 427 0.590306
133 136 1.8447
133 137 0.553411
133 145 0.295153
133 325 0.147576
133 328 0.147576
133 329 0.147576
133 427 0.737882
134 137 1.75247
134 138 0.737882
134 145 0.737882
135 400 0.590306
135 401 0.737882
136 139 0.590306
136 328 0.590306
136 401 0.737882
136 402 0.295153
137 314 1.03303
137 321 0.295153
137 324 0.295153
137 325 0.737882
137 328 0.442729
138 142 1.93694
138 143 1.10682
138 144 0.461175
138 145 0.461175
139 142 0.368941
139 143 0.0922352
139 314 0.147576
139 318 1.32819
139 321 0.147576
142 313 0.590306
142 314 0.590306
142 317 0.147576
142 318 0.147576
143 310 0.147576
144 307 0.737882
144 314 0.737882
144 325 0.147576
145 325 0.147576
146 177 0.737882
147 177 0.295153
147 424 0.737882
148 177 3.83699
148 179 0.295153
148 232 1.03303
149 177 0.442729
149 178 2.95153
149 179 0.295153
150 179 3.0991
150 181 0.147576
150 232 0.147576
151 179 0.147576
151 180 3.0991
151 181 0.590306
152 181 3.68941
153 157 0.18447
153 158 0.276707
153 181 0.442729
153 182 2.95153
153 183 0.295153
154 157 1.8447
154 158 0.276707
154 182 0.442729
155 158 1.8447
155 159 0.553411
155 182 0.590306
155 185 0.295153
155 186 0.147576
155 187 0.147576
155 197 0.295153
156 159 1.8447
156 160 0.276707
157 160 0.276707
157 163 0.295153
158 163 0.442729
158 182 0.590306
158 197 0.147576
158 201 0.295153
158 204 0.737882
158 205 0.590306
158 240 0.295153
159 196 0.147576
159 197 0.885458
160 163 0.276707
161 164 1.8447
161 165 0.0922352
162 165 1.8447
162 166 0.368941
162 412 1.47576
162 413 0.147576
162 416 0.147576
163 166 1.66023
163 167 0.276707
163 204 1.03303
164 167 1.568
164 168 0.18447
164 204 0.295153
164 208 1.18061
165 168 1.66023
165 169 0.0922352
165 410 1.77092
165 411 0.147576
165 412 0.737882
165 413 0.147576
166 169 1.93694
166 170 0.18447
166 413 0.295153
166 417 0.295153
167 170 1.8447
167 205 0.442729
167 208 0.442729
167 210 1.03303
168 171 1.75247
168 172 0.0922352
168 208 0.295153
168 410 0.442729
169 172 1.8447
169 173 0.368941
169 407 0.147576
169 410 0.147576
169 417 0.147576
170 173 1.75247
170 174 1.66023
170 175 0.276707
170 210 0.295153
170 238 0.295153
171 174 0.18447
171 208 0.295153
174 236 0.442729
174 238 0.147576
175 178 0.442729
175 235 2.5088
175 237 2.95153
175 238 0.442729
176 234 0.147576
176 235 0.295153
176 236 0.147576
176 237 0.442729
178 210 0.147576
178 238 2.95153
178 239 0.147576
179 231 0.147576
179 232 0.147576
179 239 2.80395
179 241 0.147576
180 239 0.442729
180 240 2.95153
180 241 0.442729
181 228 0.295153
181 241 3.0991
182 197 0.147576
182 240 0.147576
182 241 0.442729
182 242 2.95153
182 243 0.590306
183 243 2.65637
183 245 0.590306
184 242 0.147576
184 243 0.737882
184 244 2.95153
184 245 0.147576
185 245 0.442729
185 247 0.442729
186 192 2.95153
186 193 1.18061
186 194 0.147576
187 191 2.80395
187 192 0.295153
187 193 0.442729
187 247 0.147576
187 256 0.295153
187 257 0.147576
187 258 0.147576
188 191 0.737882
188 193 0.295153
188 196 0.442729
188 258 0.147576
189 261 0.590306
190 196 1.47576
191 196 0.737882
192 196 0.885458
193 196 3.98456
193 197 0.737882
194 197 0.147576
194 198 0.147576
197 201 0.147576
200 203 2.3981
200 204 0.18447
201 204 1.8447
201 205 0.368941
202 205 1.8447
202 206 0.276707
202 212 0.442729
202 214 0.885458
203 206 1.8447
203 207 0.18447
204 207 1.8447
204 208 1.10682
205 208 1.93694
205 209 1.568
205 210 0.737882
205 212 0.295153
205 240 0.590306
206 209 0.0922352
206 210 0.0922352
206 212 0.147576
206 214 1.32819
209 237 0.590306
210 237 0.147576
210 238 5.16517
210 239 0.885458
210 240 0.147576
211 230 0.590306
211 234 0.885458
211 238 0.442729
211 239 3.24668
211 240 0.295153
212 240 2.95153
212 242 0.147576
213 216 0.442729
213 226 0.147576
213 227 0.295153
213 230 1.18061
213 240 0.295153
213 241 2.95153
213 242 0.442729
214 242 2.65637
215 242 2.5088
216 223 0.590306
216 227 0.295153
216 241 0.737882
216 242 0.737882
216 243 2.80395
216 244 0.442729
217 220 0.885458
217 223 0.295153
217 224 0.147576
217 244 2.80395
218 224 0.295153
218 244 0.147576
219 245 0.885458
219 246 0.442729
219 249 1.62334
220 223 2.12141
220 224 0.368941
221 224 1.8447
221 225 0.18447
222 225 1.8447
222 226 0.18447
223 226 1.75247
223 227 0.18447
224 227 1.8447
224 228 0.276707
225 228 1.8447
225 229 0.645648
226 229 1.93694
226 230 0.645648
227 230 1.8447
227 231 0.18447
227 241 0.295153
228 231 1.8447
228 232 0.461175
228 241 0.147576
229 232 1.8447
229 233 0.18447
230 233 1.8447
230 234 0.0922352
231 234 0.368941
231 239 0.590306
231 241 0.147576
234 237 0.147576
246 249 0.295153
246 255 0.295153
247 255 3.24668
247 256 0.590306
247 257 0.147576
247 260 0.737882
248 251 0.295153
248 255 0.442729
248 260 0.147576
250 273 1.18061
250 276 1.18061
250 277 0.147576
251 254 3.24668
251 255 0.295153
251 269 1.03303
251 273 0.295153
251 276 0.147576
252 269 0.590306
252 272 0.590306
252 273 0.147576
252 276 0.590306
253 269 1.32819
253 272 0.147576
254 257 1.18061
254 260 0.295153
254 264 0.147576
254 265 0.737882
257 260 0.442729
258 261 0.295153
265 269 0.0922352
265 270 0.0922352
266 269 1.8447
266 270 0.368941
267 270 1.8447
267 271 0.18447
268 271 1.8447
268 272 0.276707
269 272 1.93694
269 273 0.368941
270 273 1.8447
270 274 0.368941
271 274 1.8447
271 275 0.0922352
272 275 1.93694
272 276 0.18447
273 276 1.8447
273 277 0.461175
274 277 1.75247
274 278 1.8447
274 279 0.461175
274 281 0.590306
274 282 0.590306
274 283 0.295153
275 278 0.0922352
279 286 0.147576
279 290 0.295153
281 285 1.62334
281 287 1.47576
282 285 0.737882
286 290 0.0922352
286 291 0.737882
287 290 2.21365
287 291 0.0922352
288 291 1.8447
288 292 0.18447
289 292 1.75247
289 293 0.461175
290 293 1.8447
290 294 0.461175
291 294 1.93694
291 295 0.18447
296 299 1.75247
296 300 0.0922352
297 300 1.75247
297 301 0.18447
298 301 1.75247
298 302 0.18447
299 302 1.8447
299 303 0.461175
300 303 1.8447
300 304 0.18447
301 304 1.75247
301 305 0.368941
302 305 1.8447
302 306 0.18447
303 306 1.8447
303 307 0.18447
304 307 1.93694
304 308 0.461175
305 308 1.8447
305 309 0.461175
306 309 1.8447
306 310 0.18447
307 310 1.93694
307 311 0.276707
308 311 1.8447
308 312 0.18447
309 312 1.8447
309 313 0.0922352
310 313 1.8447
310 314 0.18447
311 314 1.8447
311 315 0.18447
311 322 0.295153
311 325 0.295153
311 326 0.295153
312 315 1.8447
312 316 0.276707
313 316 1.8447
313 317 0.0922352
314 317 1.93694
314 318 0.461175
314 321 0.295153
314 322 0.442729
315 318 1.75247
315 319 0.368941
315 322 0.295153
316 319 0.0922352
318 321 2.58259
318 322 0.18447
319 322 1.8447
319 323 0.18447
320 323 1.8447
320 324 0.276707
321 324 1.8447
321 325 0.18447
322 325 1.8447
322 326 0.18447
323 326 1.8447
323 327 0.18447
324 327 2.67482
324 328 0.461175
324 373 0.147576
325 328 1.8447
325 329 0.461175
326 329 1.75247
326 330 0.461175
327 330 1.8447
327 331 1.75247
327 332 0.830116
327 333 0.18447
327 334 0.276707
327 373 0.295153
327 374 1.32819
328 331 0.0922352
328 373 0.885458
328 374 0.737882
328 425 2.65637
328 426 1.03303
328 427 0.295153
329 424 0.147576
329 425 0.885458
329 426 0.147576
331 454 0.147576
333 337 0.295153
333 372 0.147576
333 454 0.147576
333 507 0.442729
334 337 0.295153
334 371 0.147576
334 372 0.295153
336 339 1.8447
336 340 0.553411
337 340 1.8447
337 341 0.368941
337 368 0.737882
337 371 0.147576
337 372 0.442729
337 507 0.295153
337 508 0.147576
338 341 1.8447
338 342 1.01459
338 504 0.590306
338 508 0.295153
339 342 1.8447
339 343 0.18447
340 343 1.8447
340 344 0.0922352
340 371 0.295153
341 344 1.8447
341 345 0.368941
341 504 0.295153
342 345 1.8447
342 346 0.18447
343 346 1.8447
343 347 0.18447
344 347 1.8447
344 348 0.461175
344 363 0.147576
344 364 0.147576
344 367 0.885458
344 500 0.147576
345 348 1.8447
345 349 0.0922352
345 500 0.147576
345 501 0.295153
345 504 0.147576
345 533 0.147576
346 349 1.8447
346 350 0.18447
347 350 1.8447
347 351 0.553411
348 351 1.8447
348 496 0.737882
348 497 0.295153
348 500 0.147576
348 525 0.590306
349 497 0.590306
349 525 0.590306
349 526 0.590306
349 527 0.442729
349 528 1.62334
349 533 0.295153
351 496 0.147576
351 525 0.147576
352 496 0.147576
352 525 1.18061
353 496 0.442729
353 525 0.295153
354 522 0.295153
354 523 3.39426
354 524 0.147576
355 359 0.0922352
355 360 0.18447
355 363 0.147576
355 496 0.147576
355 522 3.68941
355 523 0.442729
356 359 1.8447
356 360 0.18447
356 519 3.24668
356 520 0.295153
356 521 0.590306
356 522 0.147576
357 360 2.02918
357 361 0.18447
357 499 0.147576
357 518 1.18061
357 519 2.95153
357 523 0.295153
358 361 1.93694
358 362 0.0922352
358 385 0.885458
358 387 0.737882
358 460 0.147576
358 461 0.147576
358 519 0.590306
358 520 0.885458
359 362 2.21365
359 363 0.737882
359 387 0.147576
360 363 1.8447
360 364 0.18447
360 496 0.295153
360 499 0.295153
361 364 1.8447
361 365 0.368941
361 458 0.147576
361 503 1.03303
361 518 0.295153
362 365 1.8447
362 366 0.18447
362 387 1.32819
362 389 0.442729
363 366 1.8447
363 367 0.18447
364 367 1.93694
364 368 0.461175
364 503 0.442729
365 368 1.8447
365 369 0.0922352
365 390 0.590306
365 430 0.147576
365 503 0.590306
366 370 0.18447
366 390 1.18061
366 391 1.03303
367 370 0.18447
367 371 0.18447
368 371 1.93694
368 372 0.276707
368 375 0.147576
368 503 0.590306
368 504 0.147576
369 372 0.18447
369 390 1.47576
370 390 0.147576
372 375 0.885458
374 426 0.147576
374 427 3.68941
374 428 0.442729
375 403 0.442729
375 428 3.0991
375 430 0.147576
375 503 0.295153
376 403 3.54183
376 405 0.295153
376 421 0.147576
376 427 0.295153
376 428 0.147576
376 429 2.95153
376 430 0.147576
377 403 0.295153
377 404 3.39426
377 405 0.442729
377 430 3.98456
378 404 0.885458
378 405 2.80395
378 407 0.442729
378 430 0.147576
378 431 2.80395
378 432 0.147576
379 382 1.03303
379 386 0.442729
379 388 0.147576
379 404 0.147576
379 406 2.5088
379 407 0.295153
379 414 0.147576
379 432 3.0991
380 408 3.39426
380 414 0.295153
380 432 0.147576
381 408 0.147576
381 409 0.442729
382 385 3.0991
382 386 1.03303
382 433 0.295153
382 434 0.590306
383 386 2.5088
383 387 2.65637
383 388 0.295153
383 389 0.147576
383 404 0.147576
384 387 0.295153
385 434 0.295153
385 461 0.442729
386 432 1.47576
386 433 1.03303
386 434 0.147576
386 460 0.885458
388 404 1.03303
388 430 0.737882
388 432 0.295153
389 393 0.885458
389 404 0.885458
390 393 1.03303
392 403 0.590306
393 403 0.590306
394 402 2.95153
394 403 3.39426
394 404 0.590306
395 398 3.0991
395 399 0.295153
395 404 2.80395
395 406 0.295153
396 399 3.24668
396 400 0.147576
396 402 0.442729
396 404 0.590306
396 405 0.295153
397 406 0.147576
399 402 0.147576
405 421 0.147576
407 410 1.03303
407 414 2.06607
407 417 0.147576
407 421 0.147576
410 413 1.8447
410 414 0.18447
411 414 1.93694
411 415 0.276707
411 433 0.442729
411 437 0.295153
411 440 0.442729
411 441 0.442729
412 415 1.8447
412 416 0.18447
412 440 0.442729
412 441 0.442729
412 443 0.147576
412 444 0.295153
413 416 1.8447
413 417 0.368941
414 417 1.8447
414 418 0.18447
414 431 0.885458
414 432 0.442729
415 418 1.8447
415 419 0.461175
415 441 0.147576
415 444 0.737882
415 455 0.295153
416 419 1.93694
417 420 1.75247
417 421 0.276707
418 421 1.8447
418 422 0.276707
418 429 0.147576
418 431 0.147576
418 455 0.737882
419 422 2.12141
419 423 0.368941
419 444 0.295153
419 447 0.295153
419 448 0.295153
419 451 0.147576
419 455 0.147576
420 423 1.8447
420 424 0.18447
421 424 1.75247
421 427 0.147576
421 429 0.147576
422 429 0.147576
422 453 1.32819
422 454 0.147576
423 451 0.147576
423 453 0.885458
427 454 0.295153
428 454 1.47576
428 507 0.590306
429 454 0.295153
429 455 2.95153
430 456 2.95153
430 503 0.442729
431 455 0.590306
431 456 0.295153
431 457 3.0991
431 458 0.590306
432 458 3.68941
433 437 0.147576
433 458 0.147576
433 459 3.24668
434 437 3.24668
434 460 2.95153
434 461 1.77092
435 438 0.442729
435 459 0.442729
435 460 0.295153
435 462 0.147576
435 475 0.737882
435 479 0.147576
435 517 0.147576
436 439 0.442729
436 472 0.295153
436 473 0.590306
436 474 0.442729
436 475 0.147576
436 478 0.295153
437 440 2.95153
438 441 2.95153
438 442 0.295153
438 445 0.147576
438 459 0.442729
439 442 0.147576
439 478 0.737882
441 444 1.8447
441 445 0.0922352
442 445 1.8447
442 446 0.0922352
442 481 1.03303
442 482 0.147576
442 485 0.442729
443 446 1.93694
443 447 0.368941
444 447 1.8447
444 448 0.18447
445 448 1.8447
445 459 0.147576
445 482 0.147576
445 488 0.147576
446 449 1.8447
446 450 0.18447
447 450 1.8447
447 451 0.368941
448 451 1.75247
448 452 1.75247
448 453 0.276707
448 457 0.147576
448 513 0.590306
449 452 0.0922352
449 486 0.147576
449 487 0.590306
449 513 0.295153
452 487 0.295153
452 511 4.13214
452 512 0.295153
453 511 2.5088
453 512 3.39426
453 513 0.442729
454 507 0.147576
454 509 0.442729
454 512 0.147576
455 513 2.95153
455 514 0.147576
456 503 0.295153
456 506 0.295153
456 514 2.95153
456 516 0.147576
457 513 0.147576
457 514 0.442729
457 515 2.95153
457 516 0.442729
458 503 0.147576
458 516 2.65637
458 518 0.147576
459 516 0.590306
459 517 2.80395
459 518 0.442729
460 518 2.80395
461 466 0.295153
461 475 0.295153
461 518 2.80395
461 520 0.885458
462 475 1.03303
462 492 0.737882
462 517 0.295153
462 518 1.18061
462 519 0.295153
463 466 0.590306
463 475 0.295153
463 613 0.147576
464 467 0.147576
464 474 0.295153
464 632 0.147576
464 644 0.295153
464 645 0.442729
464 648 0.147576
465 521 0.885458
465 641 0.442729
465 645 0.295153
466 469 0.147576
466 473 0.295153
466 474 0.442729
466 520 0.885458
467 474 0.442729
467 639 2.95153
467 640 0.147576
467 644 0.147576
468 638 0.737882
468 639 0.885458
468 640 0.737882
469 473 0.590306
469 474 0.147576
470 473 2.95153
470 474 2.21365
470 637 0.295153
470 638 0.295153
471 474 0.295153
471 635 0.147576
471 636 0.442729
471 637 0.442729
474 636 0.442729
474 637 0.737882
474 644 0.147576
475 478 0.590306
476 614 3.0991
476 615 0.442729
476 632 0.147576
476 634 0.295153
477 480 1.75247
477 481 0.0922352
477 615 0.295153
478 481 1.8447
478 482 0.18447
479 482 1.8447
479 483 0.645648
479 517 0.147576
480 483 1.8447
480 484 0.276707
480 615 0.147576
480 618 0.147576
481 484 1.66023
481 485 0.276707
482 485 0.553411
482 488 0.295153
482 490 0.442729
483 557 0.147576
483 586 0.737882
483 612 1.18061
483 618 1.03303
483 619 0.442729
485 488 0.442729
487 509 1.03303
487 511 0.442729
487 512 0.147576
487 513 0.147576
488 509 0.147576
488 513 2.95153
488 587 0.442729
489 505 0.295153
489 509 0.147576
489 513 0.442729
489 514 2.95153
489 515 0.442729
489 587 1.77092
490 515 2.80395
490 517 0.147576
490 584 0.147576
490 585 0.442729
490 587 0.442729
491 502 0.590306
491 505 1.47576
491 514 0.147576
491 515 0.295153
491 516 2.95153
491 517 0.590306
491 536 0.295153
491 537 0.147576
491 584 3.0991
491 585 1.47576
491 588 0.147576
492 517 1.03303
492 557 3.54183
492 558 0.590306
492 559 0.147576
492 560 0.590306
492 584 0.295153
492 612 0.442729
493 498 0.922352
493 499 0.368941
493 517 0.147576
493 518 0.147576
493 523 0.147576
493 558 0.442729
494 498 0.553411
494 523 0.442729
494 524 0.147576
494 528 0.147576
494 558 0.737882
494 561 0.295153
495 498 1.93694
495 499 0.368941
495 524 0.147576
495 525 0.737882
495 526 0.295153
495 528 1.18061
496 499 1.93694
496 500 0.0922352
496 525 0.590306
497 500 1.8447
497 501 0.18447
497 525 0.442729
497 528 0.295153
497 533 0.147576
497 536 0.147576
498 501 1.8447
498 502 0.18447
498 528 0.442729
498 536 0.147576
498 541 0.737882
498 582 0.590306
498 584 0.737882
499 502 1.8447
499 503 0.276707
500 503 1.8447
500 504 0.18447
501 504 1.8447
501 505 0.18447
501 536 0.590306
501 537 0.295153
502 505 1.8447
502 506 0.0922352
502 516 0.442729
503 506 1.75247
503 507 0.461175
503 516 0.737882
504 507 2.02918
504 508 1.19906
505 508 1.75247
505 509 0.276707
506 509 0.0922352
506 514 0.590306
509 512 1.77092
509 513 0.737882
509 514 0.295153
519 523 0.590306
521 559 0.295153
521 645 0.147576
523 559 0.295153
524 562 0.442729
526 543 0.590306
526 544 0.147576
526 565 0.147576
527 543 0.147576
528 532 0.553411
528 536 0.442729
528 541 0.737882
529 532 2.58259
529 533 0.18447
530 533 1.8447
530 534 0.18447
531 534 1.8447
531 535 0.553411
532 535 1.8447
532 536 0.0922352
532 542 0.590306
532 543 0.590306
533 536 0.368941
535 538 3.54183
535 541 0.442729
535 596 0.590306
536 539 0.147576
536 541 0.737882
538 588 2.80395
538 589 0.295153
538 592 1.91849
538 596 0.442729
539 583 2.95153
539 584 3.68941
539 585 0.737882
539 588 0.295153
539 589 0.295153
540 582 2.80395
540 583 0.147576
540 589 0.295153
540 596 0.590306
541 581 3.0991
541 582 1.03303
541 596 0.295153
542 545 0.442729
542 579 0.590306
542 580 2.80395
542 599 0.147576
542 600 0.147576
543 561 0.147576
543 565 0.147576
543 580 2.95153
544 565 0.147576
544 568 0.885458
544 579 3.24668
544 580 0.590306
545 568 0.590306
545 578 2.95153
545 579 1.47576
546 549 0.147576
546 550 0.295153
546 577 0.737882
546 578 0.295153
547 577 0.442729
549 577 0.147576
549 604 0.147576
549 605 0.442729
550 553 0.147576
550 577 3.24668
550 579 0.442729
550 605 0.295153
551 576 0.737882
551 577 3.83699
551 607 0.147576
551 663 0.147576
552 571 0.147576
552 577 0.147576
552 578 2.80395
552 579 0.442729
552 607 2.95153
552 609 0.147576
552 659 0.147576
553 579 2.95153
553 581 0.147576
553 602 0.147576
553 605 0.442729
553 607 0.147576
553 608 3.0991
553 609 0.295153
554 567 0.295153
554 571 0.295153
554 579 0.590306
554 580 2.95153
554 581 0.442729
554 609 3.24668
554 655 0.147576
554 659 0.147576
555 581 2.80395
555 601 0.295153
555 609 0.295153
555 610 2.95153
555 611 0.295153
555 619 0.147576
555 622 0.147576
556 560 0.147576
556 561 0.590306
556 564 0.147576
556 581 0.295153
556 582 2.80395
556 583 0.147576
556 611 2.80395
557 560 2.95153
557 561 0.295153
557 583 0.147576
557 612 0.885458
557 619 0.295153
558 561 0.295153
560 563 1.8447
560 564 0.18447
560 611 0.442729
560 612 0.885458
560 613 0.590306
560 645 0.147576
561 564 1.8447
561 565 0.276707
561 582 0.147576
562 565 1.8447
562 566 0.18447
563 566 1.8447
563 567 0.18447
563 611 0.147576
563 650 0.590306
563 651 0.442729
563 652 0.295153
563 655 0.295153
564 567 1.8447
564 568 0.18447
564 580 0.147576
565 568 1.93694
565 569 0.276707
566 569 1.8447
566 570 0.0922352
566 652 0.147576
567 570 1.8447
567 571 0.368941
567 655 0.147576
567 656 0.295153
568 571 1.8447
568 572 0.830116
568 578 0.737882
568 580 0.442729
569 572 1.8447
569 573 0.18447
570 573 1.8447
570 574 0.18447
571 574 1.93694
571 575 1.66023
571 576 0.461175
571 659 0.147576
571 660 0.147576
572 575 0.0922352
572 576 0.0922352
574 660 0.885458
576 663 0.147576
579 599 0.590306
579 600 0.590306
579 602 0.147576
581 600 0.442729
583 586 0.147576
583 589 0.590306
585 588 2.12141
585 589 0.18447
586 589 1.93694
586 590 0.461175
586 618 0.442729
586 622 0.737882
587 590 1.75247
587 591 0.276707
588 591 1.75247
588 592 0.276707
589 592 0.461175
589 597 1.03303
589 600 0.295153
589 601 0.147576
590 597 0.295153
590 621 0.442729
590 622 0.737882
592 596 0.18447
592 597 0.461175
593 596 2.21365
593 597 0.553411
594 597 2.21365
594 598 0.18447
595 598 1.8447
595 599 0.276707
596 599 2.21365
596 600 0.461175
597 600 1.8447
597 601 0.368941
598 601 1.75247
598 602 1.01459
598 603 0.368941
601 608 0.737882
601 622 0.147576
602 605 0.737882
602 608 0.295153
603 608 0.147576
605 608 0.737882
606 626 0.295153
607 662 0.442729
608 622 0.737882
608 623 0.442729
608 627 2.80395
608 628 0.295153
608 662 0.147576
609 623 0.147576
609 628 2.80395
609 662 0.147576
610 619 0.442729
610 623 0.147576
610 629 2.95153
610 630 0.590306
611 630 2.80395
612 619 1.18061
612 630 0.295153
612 631 0.147576
612 650 0.885458
613 650 0.442729
614 631 2.95153
614 632 0.590306
615 632 3.0991
616 619 0.295153
616 629 0.590306
616 632 0.295153
617 620 0.885458
618 621 0.442729
618 622 0.147576
619 622 3.0991
619 623 0.737882
619 629 0.147576
620 623 2.80395
620 624 0.442729
620 629 0.442729
623 626 2.5088
623 627 0.147576
623 628 0.147576
623 629 0.295153
626 662 0.147576
627 662 0.885458
630 649 0.147576
630 650 0.295153
630 655 0.147576
631 650 0.442729
632 635 0.147576
632 648 0.885458
632 650 0.147576
634 648 0.147576
635 648 0.295153
637 644 0.737882
637 648 0.147576
639 644 0.368941
640 643 1.8447
640 644 0.18447
641 644 1.8447
641 645 0.368941
642 645 1.66023
642 646 0.0922352
643 646 2.02918
643 647 0.18447
644 647 1.8447
644 648 0.368941
645 648 1.66023
645 649 1.8447
645 650 0.553411
646 649 0.0922352
646 651 0.0922352
649 654 0.737882
651 654 2.02918
651 655 0.276707
652 655 1.8447
652 656 0.368941
653 656 1.8447
653 657 0.18447
654 657 1.8447
654 658 0.461175
655 658 1.8447
655 659 0.18447
656 659 1.8447
656 660 0.368941
657 660 1.8447
657 661 0.276707
658 661 1.8447
659 662 1.75247
659 663 0.18447
660 663 0.276707
