nresidues = 511
35 38 1.81142
35 39 0.543425
36 39 1.81142
36 40 0.181142
36 426 0.86948
36 480 0.579653
37 40 1.90199
37 41 0.543425
38 41 1.81142
38 42 0.181142
39 42 1.81142
39 43 0.181142
39 430 2.31861
39 480 0.579653
40 43 1.81142
40 44 0.181142
40 477 0.43474
41 44 1.81142
41 45 0.181142
42 45 1.81142
42 46 0.0905708
42 430 0.144913
42 433 0.144913
43 46 1.81142
43 47 0.181142
43 433 0.289827
43 473 0.144913
43 476 0.289827
43 477 0.289827
44 47 1.81142
44 48 0.181142
44 92 0.86948
44 94 0.289827
44 477 0.724566
45 48 1.81142
45 49 0.181142
45 441 1.15931
46 49 1.72085
46 433 0.289827
46 437 0.144913
46 446 0.43474
46 473 0.724566
47 50 1.81142
47 51 0.181142
47 88 0.43474
47 92 0.579653
47 469 0.144913
47 473 0.289827
48 51 1.81142
48 52 0.724566
48 94 0.579653
49 52 1.72085
49 441 1.88387
49 442 0.289827
49 443 0.289827
49 444 0.43474
49 445 0.724566
49 446 0.144913
50 53 1.72085
50 54 0.181142
50 444 0.289827
50 446 0.289827
50 464 0.144913
50 469 0.86948
51 54 1.99256
51 55 0.815136
51 82 0.144913
51 85 0.144913
51 97 0.86948
51 101 0.289827
51 469 0.144913
52 55 1.90199
52 56 0.181142
52 444 2.46353
53 56 1.81142
53 57 0.362283
53 64 0.144913
53 444 0.144913
54 57 1.63027
54 58 2.08313
54 59 0.543425
54 61 0.43474
54 63 0.144913
54 81 0.724566
54 82 0.144913
55 59 0.633997
57 64 0.144913
57 69 1.59405
57 70 0.289827
57 444 0.144913
58 61 0.579653
58 63 0.43474
58 64 0.144913
58 70 0.144913
58 71 0.289827
59 104 0.579653
60 78 2.46353
60 79 0.144913
60 104 0.144913
61 71 2.31861
61 72 2.60844
61 73 1.88387
61 79 0.144913
62 72 2.89827
62 73 1.73896
62 74 0.289827
62 75 1.30422
62 76 0.579653
62 77 0.724566
62 78 0.579653
62 79 3.33301
62 80 2.75335
62 81 0.579653
62 126 0.289827
63 71 2.89827
63 72 0.86948
63 73 0.724566
63 74 1.01439
63 81 0.289827
63 464 0.289827
64 70 3.04318
64 444 0.43474
64 463 2.46353
64 464 0.579653
65 68 2.89827
65 69 2.89827
65 70 0.579653
65 71 0.289827
65 72 0.144913
65 462 1.15931
66 69 0.144913
66 442 0.724566
66 444 0.43474
66 446 0.289827
66 447 0.289827
66 462 0.86948
66 463 0.724566
67 460 0.144913
67 461 0.144913
67 462 1.01439
68 462 0.579653
69 444 0.43474
73 77 0.144913
75 78 0.144913
75 80 0.289827
75 118 0.144913
75 121 0.86948
75 125 0.289827
75 126 0.724566
76 113 1.30422
76 115 0.43474
76 116 0.579653
76 117 0.43474
77 126 0.144913
78 104 0.43474
78 108 0.43474
78 109 0.289827
78 110 1.30422
78 112 0.289827
78 113 0.289827
78 117 0.144913
78 122 0.144913
78 126 1.15931
79 82 1.81142
79 83 0.0905708
79 104 0.144913
79 126 0.579653
80 83 1.81142
80 84 0.181142
80 126 0.724566
80 466 0.144913
81 84 1.5397
81 85 0.181142
81 466 0.43474
81 469 0.289827
82 85 1.72085
82 101 0.43474
83 86 0.0905708
83 126 0.43474
84 125 0.724566
84 466 1.30422
84 469 2.46353
84 470 0.86948
84 501 1.01439
84 503 0.86948
85 88 1.81142
85 89 0.181142
85 101 0.144913
85 469 0.289827
86 89 1.81142
86 90 0.271714
86 101 0.144913
86 129 0.144913
87 90 1.72085
87 91 0.362283
87 132 0.144913
87 136 0.144913
87 474 0.724566
87 503 0.579653
88 91 1.81142
88 92 0.362283
88 469 0.579653
88 470 0.43474
88 474 0.579653
89 92 1.81142
89 93 1.72085
89 94 0.0905708
89 97 0.144913
89 98 0.144913
90 93 0.0905708
90 98 0.289827
90 141 0.144913
91 474 0.289827
91 477 0.43474
91 478 0.144913
91 486 0.579653
92 473 0.144913
92 477 0.144913
93 144 0.43474
94 97 1.81142
94 98 0.362283
95 98 1.81142
95 99 0.452853
95 144 0.144913
96 99 1.63027
96 100 0.181142
97 100 1.81142
97 101 0.362283
98 101 1.81142
98 102 0.452853
98 144 0.144913
99 102 1.81142
99 103 0.271714
99 145 0.579653
99 147 0.43474
100 103 1.72085
100 104 0.0905708
101 104 1.81142
101 105 0.271714
102 105 1.63027
102 150 0.289827
102 154 0.43474
103 106 1.72085
103 150 0.43474
104 107 1.81142
104 108 0.362283
105 108 0.452853
105 157 0.579653
107 157 0.144913
108 157 0.579653
109 112 0.86948
110 130 0.289827
110 161 0.144913
110 164 0.144913
110 182 0.144913
111 182 0.289827
113 182 0.289827
116 180 2.89827
117 122 0.0905708
117 165 0.144913
117 178 0.144913
117 179 2.75335
117 180 0.579653
117 182 0.144913
118 121 2.08313
118 122 0.362283
118 178 3.18809
119 122 1.63027
119 123 0.452853
119 176 0.289827
119 178 0.86948
119 201 0.144913
120 123 1.81142
120 124 0.543425
120 178 0.289827
120 197 0.579653
120 200 0.289827
121 124 1.72085
121 125 0.633997
122 125 1.5397
122 126 1.81142
122 161 0.144913
123 126 1.5397
123 127 1.81142
123 128 0.0905708
123 201 0.43474
123 204 0.724566
123 205 0.43474
124 128 0.0905708
124 200 0.144913
124 204 0.144913
124 499 0.724566
124 500 0.43474
124 501 0.43474
124 503 0.144913
125 128 1.5397
125 129 0.0905708
125 465 0.43474
125 466 0.289827
125 467 0.579653
125 501 0.86948
125 503 0.289827
126 129 1.72085
126 130 0.271714
126 161 0.289827
127 130 1.72085
127 131 0.543425
127 158 0.289827
127 205 0.289827
128 131 1.81142
128 132 0.181142
128 204 0.144913
128 499 0.289827
128 503 0.579653
129 132 1.5397
129 133 0.0905708
129 503 0.579653
130 133 1.72085
130 134 0.181142
130 154 0.43474
130 157 0.579653
130 158 0.43474
130 161 0.144913
131 134 1.81142
131 135 0.271714
131 155 0.144913
131 158 0.43474
131 204 0.144913
132 135 1.81142
132 136 0.452853
132 503 0.724566
132 504 0.86948
133 136 1.81142
133 137 0.362283
133 154 0.289827
134 137 1.72085
134 138 0.452853
134 151 0.289827
134 154 0.289827
134 155 0.43474
135 138 1.63027
135 139 0.0905708
135 140 0.0905708
135 207 1.15931
135 505 0.43474
135 506 0.724566
136 139 1.63027
136 140 1.81142
136 141 0.271714
136 486 0.144913
136 496 0.144913
137 141 1.72085
137 142 0.271714
138 142 0.633997
138 148 0.579653
138 151 0.144913
138 152 0.144913
139 142 0.543425
140 486 0.43474
140 496 0.43474
141 144 0.144913
147 150 2.1737
147 151 0.362283
148 151 1.99256
148 152 0.633997
149 152 1.81142
149 153 0.0905708
150 153 1.72085
150 154 0.0905708
151 154 1.81142
152 155 1.72085
152 156 0.271714
153 156 1.99256
153 157 0.271714
154 157 1.5397
154 158 0.362283
155 158 1.81142
155 159 0.181142
155 211 0.144913
156 159 1.81142
156 160 0.543425
157 160 2.26427
157 161 0.181142
158 161 1.81142
158 162 0.0905708
158 208 0.144913
159 162 1.81142
159 163 0.543425
159 212 0.86948
159 217 0.144913
160 163 1.81142
160 164 0.271714
161 164 2.08313
161 165 0.452853
162 165 1.81142
162 166 0.362283
162 205 0.289827
162 208 0.144913
162 217 0.289827
163 166 0.633997
163 217 0.724566
164 167 0.181142
164 182 0.144913
165 168 0.181142
165 205 0.144913
166 169 1.81142
166 205 0.144913
166 216 0.86948
167 170 0.181142
167 180 0.724566
167 181 0.144913
167 182 0.289827
167 185 1.01439
168 171 0.0905708
168 176 3.04318
168 177 0.144913
169 174 0.43474
169 176 0.724566
169 201 0.289827
169 205 0.289827
169 220 0.579653
171 174 0.43474
171 175 0.579653
171 177 0.144913
171 249 0.289827
172 249 2.46353
172 250 3.04318
173 223 0.289827
173 227 0.86948
173 249 0.43474
173 250 0.43474
173 251 0.579653
174 224 0.144913
175 193 0.144913
175 227 0.144913
175 249 0.289827
176 193 0.579653
176 224 0.144913
176 249 0.289827
177 180 0.144913
177 187 1.88387
177 190 0.144913
177 193 0.43474
177 249 0.289827
178 193 0.289827
178 197 0.43474
179 187 2.89827
179 188 0.43474
180 186 3.04318
181 184 3.47792
181 185 2.75335
181 186 0.43474
182 185 0.144913
190 249 0.144913
191 248 2.89827
191 249 0.43474
192 246 0.144913
192 247 3.04318
192 248 0.289827
192 249 0.144913
192 255 0.144913
193 197 0.452853
193 198 0.633997
193 246 2.75335
193 247 0.579653
194 197 1.90199
194 198 0.362283
194 245 2.89827
194 247 0.144913
194 264 2.46353
195 198 1.90199
195 199 0.0905708
195 228 0.144913
195 243 0.144913
195 244 0.289827
195 245 0.144913
195 247 0.144913
195 264 3.04318
195 265 0.43474
195 268 0.86948
196 199 1.72085
196 200 0.452853
196 264 0.579653
196 265 0.579653
196 266 0.144913
196 267 0.144913
197 201 0.181142
198 201 0.0905708
198 228 0.144913
199 225 0.43474
199 228 0.144913
199 271 0.289827
200 204 0.0905708
200 267 1.44913
200 271 1.44913
200 500 0.144913
201 204 2.08313
201 205 0.362283
202 205 1.63027
202 206 0.452853
202 221 0.289827
202 222 0.144913
202 225 0.144913
202 275 0.579653
202 286 0.144913
203 206 1.63027
203 207 0.181142
203 271 0.144913
203 275 0.289827
203 278 0.144913
203 499 0.144913
204 207 1.81142
204 208 0.181142
204 271 0.86948
204 499 0.43474
205 208 1.72085
205 209 0.0905708
205 217 3.47792
205 221 0.289827
206 209 1.81142
206 210 0.271714
206 222 0.289827
206 282 0.144913
207 210 1.81142
207 211 0.815136
207 278 0.724566
207 505 0.43474
207 506 0.579653
208 211 1.72085
208 212 0.543425
208 217 0.452853
209 212 2.08313
209 213 1.72085
209 214 0.362283
209 215 0.271714
209 216 0.0905708
209 217 0.543425
209 218 0.271714
210 278 0.724566
210 282 1.01439
212 217 0.144913
214 217 0.0905708
215 218 1.90199
215 219 0.452853
216 219 1.81142
216 220 0.452853
217 220 1.63027
217 221 0.181142
218 221 1.90199
218 222 0.543425
219 222 1.63027
219 223 0.181142
220 223 1.72085
220 224 0.0905708
221 224 1.81142
221 225 0.181142
222 225 1.81142
222 226 0.181142
222 283 0.289827
222 286 0.144913
223 226 0.362283
223 227 0.362283
224 227 0.0905708
225 228 1.90199
225 229 0.271714
225 268 0.144913
225 272 0.144913
225 286 0.724566
226 229 1.72085
227 230 1.72085
227 231 0.0905708
227 251 0.144913
227 252 1.01439
227 254 0.144913
228 231 0.0905708
228 247 0.289827
228 254 0.144913
228 268 0.43474
229 272 0.144913
229 286 0.144913
229 289 0.579653
231 237 0.289827
231 243 0.289827
231 254 0.289827
231 289 0.289827
232 253 3.04318
232 254 0.289827
233 236 0.579653
233 253 0.289827
234 237 0.579653
235 257 0.144913
236 243 2.75335
236 244 0.144913
236 254 0.579653
236 256 0.289827
237 240 0.724566
237 241 0.144913
237 242 3.04318
237 289 0.579653
238 242 0.144913
238 257 0.144913
238 259 0.289827
238 317 0.144913
239 242 0.579653
239 296 0.579653
239 300 1.88387
239 317 1.15931
239 322 0.144913
240 292 2.89827
240 293 0.144913
240 296 0.86948
241 269 0.144913
241 289 0.144913
241 293 0.144913
242 259 0.144913
242 261 0.144913
242 269 0.579653
242 293 0.144913
242 296 0.579653
242 297 0.144913
243 254 0.86948
243 258 0.144913
243 259 0.43474
243 269 0.144913
244 254 0.724566
244 256 0.86948
244 258 2.75335
245 256 1.01439
245 258 0.43474
245 265 0.724566
246 254 3.33301
246 255 0.144913
246 256 0.43474
247 252 0.43474
247 253 2.89827
247 254 0.144913
248 251 2.60844
248 252 0.144913
248 253 0.724566
248 255 0.144913
257 317 0.144913
257 319 0.289827
258 317 2.75335
258 318 0.43474
259 265 0.0905708
259 316 2.89827
259 317 0.579653
260 265 0.543425
260 269 0.144913
260 316 0.43474
261 265 1.5397
261 266 0.181142
261 297 0.43474
261 301 0.144913
261 314 0.144913
261 330 0.43474
261 332 0.43474
261 333 0.144913
261 337 0.144913
262 265 1.90199
262 266 0.452853
262 316 0.289827
262 326 0.144913
262 327 1.01439
262 330 0.724566
263 266 0.0905708
263 327 0.144913
263 329 0.144913
265 268 0.181142
266 269 1.81142
266 332 0.86948
267 270 2.1737
267 271 0.362283
267 500 0.144913
268 271 1.72085
268 272 0.362283
269 272 0.181142
269 290 0.289827
269 293 0.144913
270 273 1.63027
270 274 0.905708
270 332 0.144913
270 499 0.144913
270 500 1.01439
271 274 1.72085
271 275 0.271714
271 499 1.15931
271 500 0.43474
272 275 1.63027
272 286 0.579653
272 290 0.144913
273 276 1.81142
273 277 0.0905708
273 290 0.579653
273 340 0.289827
274 277 1.81142
274 278 0.181142
274 339 0.144913
274 415 0.289827
274 497 0.289827
274 498 0.579653
274 499 0.289827
275 278 1.81142
275 279 0.0905708
275 283 1.30422
275 286 0.43474
276 279 1.81142
276 280 0.99628
276 283 0.144913
276 287 0.86948
276 343 0.144913
276 344 0.144913
277 343 0.144913
277 494 0.144913
277 507 0.289827
278 282 0.144913
278 506 0.289827
278 507 3.47792
278 508 0.724566
279 282 3.62283
279 283 0.579653
279 508 0.289827
280 283 2.46353
280 284 0.289827
282 508 0.144913
283 286 2.1737
284 287 1.81142
284 288 0.271714
285 288 1.81142
285 289 0.181142
286 289 1.81142
286 290 0.181142
287 290 1.81142
287 291 0.181142
287 344 0.289827
288 291 1.72085
288 292 0.0905708
289 292 1.72085
289 293 0.0905708
290 293 1.90199
290 294 0.271714
290 336 0.289827
290 340 0.289827
290 349 0.289827
291 294 1.81142
291 295 0.724566
291 344 0.144913
292 295 1.81142
292 296 0.271714
293 296 1.81142
293 297 0.362283
294 297 1.81142
294 298 0.362283
294 337 0.724566
294 349 0.289827
295 298 1.81142
295 299 0.181142
295 346 0.43474
295 349 0.144913
296 299 1.81142
296 300 0.362283
297 300 1.5397
297 301 1.81142
297 314 0.289827
298 302 0.271714
298 337 0.289827
298 349 0.289827
298 352 0.579653
300 322 0.86948
301 313 0.144913
301 314 2.89827
301 315 1.15931
302 313 2.75335
302 352 0.43474
303 311 0.144913
303 312 2.75335
303 313 0.724566
303 324 0.144913
303 378 0.86948
304 308 2.46353
304 309 0.43474
304 311 0.86948
304 312 0.289827
305 308 3.18809
305 309 0.144913
305 311 0.43474
305 313 0.289827
305 378 0.144913
305 391 0.144913
305 395 0.289827
306 309 0.289827
306 380 0.144913
306 391 0.289827
307 391 1.44913
307 392 0.144913
307 395 0.144913
308 311 0.579653
308 393 0.579653
308 394 0.724566
308 395 0.289827
311 394 0.144913
312 355 0.144913
312 356 0.144913
312 359 0.144913
313 359 0.43474
313 363 0.144913
313 376 0.724566
313 378 1.01439
314 325 0.144913
314 326 0.144913
314 333 0.289827
314 352 0.144913
314 378 0.289827
315 322 0.144913
315 323 2.89827
316 321 0.144913
316 322 2.89827
316 323 0.144913
317 320 0.724566
317 321 2.89827
317 322 1.01439
318 321 0.43474
324 377 2.75335
324 378 5.5067
324 379 0.144913
325 376 2.89827
325 377 0.289827
325 378 1.01439
326 330 0.579653
326 375 2.89827
326 376 0.289827
327 330 3.18809
327 374 3.04318
327 376 0.724566
328 331 0.289827
328 364 0.86948
328 373 0.144913
328 374 0.289827
328 376 0.144913
328 403 0.144913
328 406 1.01439
328 407 0.144913
328 408 0.724566
328 409 0.144913
329 332 0.144913
329 408 0.43474
330 333 1.15931
331 360 0.724566
331 376 0.144913
331 408 0.43474
331 409 0.289827
331 412 0.43474
332 335 1.72085
332 412 0.43474
333 336 1.81142
333 337 0.181142
333 356 1.01439
333 412 0.144913
334 337 1.81142
334 338 0.362283
334 353 0.289827
334 356 0.144913
334 412 0.289827
335 338 1.81142
335 339 0.181142
335 412 0.144913
336 339 1.81142
336 340 0.0905708
337 340 1.72085
337 341 0.0905708
337 349 0.86948
337 352 1.01439
337 353 0.144913
337 356 0.144913
338 341 1.72085
338 342 0.271714
338 350 0.144913
338 412 0.144913
338 415 0.144913
338 416 0.289827
338 419 0.144913
339 342 1.63027
339 343 0.271714
340 343 1.72085
340 344 0.362283
341 344 1.63027
341 345 1.81142
341 346 0.271714
341 349 0.144913
341 350 0.86948
342 350 0.144913
342 419 0.144913
342 490 3.33301
342 491 0.144913
343 491 0.43474
346 349 2.44542
346 350 0.0905708
347 350 1.99256
347 351 0.905708
348 351 1.63027
348 352 0.181142
349 352 1.81142
349 353 0.0905708
350 353 1.72085
350 354 0.271714
351 354 1.81142
351 355 0.181142
352 355 1.99256
352 356 0.271714
353 356 1.81142
353 357 0.271714
354 357 1.81142
354 358 0.452853
354 416 0.144913
354 420 0.144913
354 425 0.289827
355 358 1.81142
356 359 1.72085
356 360 0.271714
357 360 1.81142
357 361 0.181142
357 412 0.144913
357 413 0.43474
358 361 1.81142
358 362 0.181142
358 428 0.289827
359 362 1.81142
359 363 0.0905708
360 363 2.08313
360 364 0.0905708
361 364 1.81142
361 365 0.905708
361 413 0.724566
361 428 2.46353
362 365 1.63027
362 366 0.362283
363 367 0.0905708
363 372 0.289827
363 373 0.289827
363 376 0.289827
363 396 0.289827
364 367 0.0905708
364 370 3.47792
364 371 1.15931
364 372 0.43474
364 403 0.144913
364 409 0.86948
364 432 0.144913
365 370 0.43474
366 390 0.289827
367 370 1.01439
367 371 0.579653
367 452 2.75335
367 453 0.579653
368 452 2.46353
368 453 0.43474
368 454 0.144913
369 435 0.144913
369 439 0.144913
369 452 1.01439
369 454 0.144913
369 456 0.144913
371 403 0.43474
371 435 0.289827
371 436 0.144913
371 452 0.724566
372 452 0.579653
373 376 0.43474
373 398 0.144913
373 400 2.89827
373 402 2.60844
373 452 0.144913
374 400 2.89827
374 402 0.43474
374 406 0.724566
375 398 2.60844
375 399 3.33301
375 400 0.43474
376 396 0.289827
376 397 2.89827
376 399 0.144913
377 396 2.89827
377 397 2.60844
378 395 0.144913
378 397 0.724566
379 382 3.62283
379 383 0.144913
379 397 0.579653
382 397 0.144913
383 391 1.01439
383 397 0.144913
384 387 2.89827
384 388 0.144913
384 397 0.43474
385 388 0.144913
387 390 1.90199
387 391 0.181142
387 397 1.01439
387 398 0.86948
388 391 1.81142
388 392 0.815136
389 392 1.81142
389 393 0.181142
390 393 1.90199
390 394 1.81142
390 396 1.90199
391 394 1.72085
391 395 1.81142
391 396 0.362283
398 401 0.144913
401 450 3.33301
401 451 3.04318
401 452 0.579653
402 449 2.89827
402 450 0.43474
402 461 0.144913
403 406 0.579653
403 436 0.579653
403 448 2.89827
403 449 0.144913
403 452 0.144913
404 448 0.144913
404 467 0.144913
405 440 0.144913
405 446 0.144913
405 447 0.289827
405 464 0.289827
405 467 0.289827
405 472 0.144913
407 410 1.81142
407 411 0.181142
407 471 0.724566
408 411 1.90199
408 412 0.181142
409 412 1.81142
409 413 0.815136
410 413 1.81142
410 414 0.181142
410 429 0.144913
410 432 0.144913
410 436 0.144913
410 475 0.144913
410 476 0.144913
411 414 1.81142
411 415 0.181142
411 475 1.01439
412 415 1.81142
412 416 0.181142
413 416 1.81142
413 417 0.181142
413 425 0.144913
413 428 0.579653
413 429 0.144913
414 417 1.81142
414 418 0.724566
414 475 0.144913
414 478 0.724566
414 487 1.15931
414 488 0.86948
415 418 1.81142
415 419 0.271714
415 488 0.43474
416 419 1.63027
416 420 0.452853
416 425 0.86948
417 420 1.63027
417 421 0.181142
417 422 0.271714
417 425 0.289827
417 426 1.30422
418 483 0.43474
418 487 1.01439
418 488 0.579653
418 489 0.289827
418 490 0.289827
419 490 0.144913
420 425 0.289827
422 425 0.271714
423 426 2.71714
423 427 0.271714
424 427 1.81142
424 428 0.815136
425 428 1.81142
425 429 0.181142
426 429 1.81142
426 430 0.0905708
426 479 0.86948
426 480 0.724566
427 430 1.81142
427 431 0.452853
428 431 1.5397
428 432 0.181142
429 432 1.81142
429 433 0.181142
429 476 0.144913
429 479 0.144913
429 480 0.144913
430 433 2.08313
430 434 0.543425
430 480 0.43474
431 434 1.81142
431 435 0.181142
432 435 1.81142
432 436 0.362283
433 436 1.81142
433 437 0.181142
434 437 1.81142
434 438 0.362283
435 438 1.81142
435 439 0.362283
436 439 1.72085
436 440 1.81142
437 440 1.5397
437 441 0.362283
437 446 0.289827
439 456 0.43474
439 457 0.144913
439 460 0.289827
440 446 3.04318
440 447 0.86948
440 460 0.144913
441 445 3.04318
441 446 0.724566
441 460 0.144913
442 445 0.86948
442 460 0.289827
445 464 0.43474
446 463 0.144913
446 464 0.724566
446 473 0.289827
447 460 0.144913
447 461 0.144913
447 463 2.75335
448 460 3.04318
448 461 0.579653
449 457 2.60844
449 459 2.89827
449 461 0.43474
450 457 3.04318
450 458 0.289827
450 459 0.86948
450 461 0.289827
451 454 1.44913
451 457 3.33301
454 457 2.75335
464 469 0.181142
465 468 0.181142
466 469 1.72085
466 501 0.144913
467 470 1.72085
467 471 1.90199
467 501 0.289827
468 471 1.5397
468 472 1.81142
468 473 0.271714
469 473 0.0905708
470 474 0.362283
470 501 0.144913
470 502 0.144913
470 503 0.144913
471 474 1.72085
471 475 0.452853
471 500 0.43474
471 501 1.30422
471 502 0.43474
472 475 1.5397
472 476 0.362283
473 476 1.5397
473 477 0.181142
474 477 1.81142
474 478 0.452853
474 498 0.144913
474 502 0.579653
475 478 1.72085
475 479 0.181142
475 502 0.579653
476 479 1.63027
476 480 0.181142
477 480 1.81142
477 481 0.99628
478 481 0.271714
478 486 0.289827
478 487 0.579653
478 498 0.289827
481 487 0.289827
482 487 0.579653
483 487 0.43474
483 489 0.144913
484 487 0.43474
484 489 0.144913
485 495 0.289827
485 496 0.289827
486 498 0.579653
488 494 0.86948
489 493 0.43474
489 494 1.15931
490 493 0.579653
494 507 0.144913
495 506 2.89827
495 507 1.15931
496 504 0.43474
496 505 3.47792
496 506 0.724566
497 503 0.144913
497 504 2.89827
497 505 0.86948
498 502 0.579653
498 503 2.89827
498 504 0.43474
499 502 0.43474
499 503 1.01439
