nresidues = 402
1 30 0.415745
1 31 0.692909
1 32 3.0488
1 33 0.277164
1 34 0.415745
2 32 0.554327
2 33 2.77164
2 34 0.138582
2 346 0.277164
2 347 0.138582
2 350 0.277164
3 34 0.692909
4 35 0.415745
4 36 0.554327
4 335 0.277164
4 338 0.138582
4 342 0.138582
5 342 0.970073
6 338 1.5244
6 342 1.10865
7 36 3.18738
7 38 0.277164
7 65 0.415745
7 338 0.138582
8 37 2.91022
8 38 0.138582
8 67 3.18738
8 69 0.138582
8 331 0.277164
8 334 0.415745
8 335 0.277164
9 38 2.77164
9 40 0.277164
9 58 0.138582
9 61 0.692909
9 62 0.138582
9 65 0.138582
9 67 0.415745
9 68 2.63305
9 69 0.415745
10 21 0.692909
10 25 0.692909
10 37 0.692909
10 38 0.277164
10 39 3.18738
10 40 0.554327
10 69 2.77164
10 331 0.831491
11 21 0.138582
11 40 2.63305
11 42 0.138582
11 58 0.415745
11 69 0.554327
11 70 2.91022
11 71 0.277164
12 21 0.692909
12 39 0.970073
12 40 0.138582
12 41 2.49447
12 42 2.91022
12 71 0.970073
13 18 0.606296
13 42 2.35589
13 43 0.277164
13 71 0.138582
13 72 2.63305
13 73 0.138582
14 17 1.99211
14 18 0.433067
14 42 0.138582
14 43 0.831491
14 44 0.415745
14 47 0.277164
14 73 0.692909
14 74 1.24724
14 306 0.415745
15 18 1.73227
15 19 0.173227
15 74 0.138582
15 80 1.24724
15 306 3.46454
15 307 0.138582
15 308 0.970073
15 311 2.49447
16 19 1.81888
16 20 0.259842
16 306 2.63305
16 307 0.138582
16 310 0.692909
16 311 0.138582
16 314 0.415745
16 320 0.138582
16 322 0.138582
17 20 1.64566
17 21 0.173227
17 71 1.10865
17 72 0.415745
17 304 0.138582
17 305 0.138582
17 306 0.415745
18 21 0.0866136
18 22 0.173227
18 41 1.24724
18 42 0.138582
18 43 0.138582
18 71 0.138582
19 22 0.259842
19 23 0.173227
19 311 0.277164
19 314 0.831491
20 23 1.81888
20 24 0.346454
20 322 0.138582
20 327 0.138582
20 385 0.138582
20 386 0.138582
20 389 0.138582
21 24 1.73227
21 25 0.346454
21 69 0.138582
21 70 0.692909
21 71 2.35589
21 327 0.138582
21 331 1.66298
22 25 1.9055
22 26 0.433067
23 26 1.73227
23 27 0.173227
23 386 0.277164
23 389 0.138582
24 27 1.64566
24 28 1.81888
24 29 0.0866136
24 327 0.277164
24 328 0.138582
25 28 1.47243
25 29 1.81888
25 30 0.519682
25 31 0.0866136
25 331 0.415745
26 30 0.0866136
26 31 0.173227
27 31 0.0866136
27 32 0.0866136
27 390 0.692909
28 31 0.0866136
28 32 0.259842
28 328 0.277164
28 350 0.277164
28 389 0.138582
28 392 0.415745
28 393 0.138582
28 396 0.277164
29 32 1.81888
29 33 0.433067
29 331 0.415745
30 33 0.259842
30 35 0.277164
31 397 0.138582
32 350 0.831491
32 396 0.277164
32 397 0.277164
32 401 0.831491
33 347 0.138582
33 350 0.277164
35 335 0.138582
38 65 0.692909
40 54 0.138582
40 57 0.692909
40 58 0.692909
40 61 0.415745
41 46 0.259842
41 54 0.277164
42 47 0.433067
42 54 0.138582
42 58 0.138582
42 73 0.138582
43 46 1.73227
43 47 0.519682
44 47 2.25194
44 48 0.173227
44 76 0.138582
44 84 0.554327
44 86 0.415745
45 48 1.81888
45 49 0.173227
45 84 0.277164
46 49 2.51179
46 50 0.519682
46 54 0.138582
47 50 1.81888
47 51 1.73227
47 52 0.346454
47 54 0.277164
47 55 0.277164
47 73 0.277164
47 74 0.554327
47 93 0.415745
48 51 0.173227
48 86 1.5244
48 87 1.24724
48 90 0.970073
49 87 0.138582
50 53 0.554327
50 54 0.415745
51 87 0.554327
51 90 0.831491
52 55 1.99211
52 90 0.138582
53 56 1.9055
53 57 0.952751
54 57 1.73227
54 58 0.173227
55 58 1.73227
55 59 0.0866136
55 93 0.415745
55 96 0.277164
56 59 1.73227
56 60 0.259842
56 100 0.277164
57 60 1.73227
57 61 0.173227
58 61 1.73227
58 62 0.173227
59 62 1.73227
59 63 0.259842
59 100 0.277164
60 63 2.07873
60 64 0.173227
60 100 0.138582
61 64 1.73227
61 65 0.346454
62 65 1.64566
62 66 1.64566
62 68 0.277164
62 101 0.138582
62 298 0.138582
63 101 0.277164
63 297 0.970073
65 338 0.554327
66 297 2.77164
66 298 0.277164
66 338 0.138582
67 298 2.63305
67 300 0.138582
67 334 0.138582
67 337 0.138582
67 338 0.138582
67 341 0.138582
68 298 0.277164
68 299 2.77164
68 300 0.554327
69 300 2.91022
69 330 0.554327
69 331 0.138582
69 334 0.138582
70 73 0.692909
70 94 0.692909
70 299 0.415745
70 300 0.415745
70 301 2.91022
71 327 0.138582
72 302 0.277164
72 304 0.138582
72 305 0.138582
72 306 0.554327
73 93 0.277164
73 94 0.138582
73 306 0.415745
74 80 0.970073
74 306 0.138582
75 91 0.138582
75 92 0.554327
75 93 0.138582
76 80 0.433067
76 86 0.277164
76 89 0.970073
76 90 0.277164
77 80 1.9055
77 81 0.259842
77 89 0.277164
78 81 2.16534
78 82 0.346454
78 89 0.692909
79 82 1.81888
79 83 0.173227
80 83 2.25194
80 84 0.259842
80 86 0.259842
80 306 0.138582
80 308 0.277164
81 84 1.64566
81 85 1.73227
81 86 0.346454
81 88 0.415745
81 89 0.138582
83 308 0.415745
83 312 0.692909
87 90 0.138582
91 95 0.0866136
91 96 0.259842
91 137 0.138582
92 95 1.99211
92 96 0.173227
93 96 1.73227
93 97 0.259842
94 97 1.73227
94 98 0.952751
94 301 0.277164
95 98 1.99211
95 99 0.173227
96 99 1.73227
96 100 0.259842
97 100 1.73227
97 101 0.346454
97 299 0.277164
98 101 1.64566
98 102 0.0866136
98 105 0.138582
98 130 0.415745
98 132 0.692909
98 137 0.415745
99 133 0.138582
101 291 0.138582
101 293 0.415745
101 295 0.138582
101 297 0.138582
102 133 0.277164
102 184 0.831491
102 291 0.415745
102 293 0.415745
102 294 0.415745
102 295 0.138582
103 131 2.77164
103 132 0.415745
103 291 0.415745
103 292 2.63305
103 293 0.138582
103 294 0.138582
104 129 0.415745
104 130 3.18738
104 188 0.554327
104 191 0.277164
104 290 0.138582
104 291 2.91022
104 292 0.415745
105 128 0.138582
105 129 2.77164
105 130 0.692909
105 132 0.138582
105 289 0.138582
105 290 2.91022
105 291 0.138582
106 128 2.63305
106 129 0.138582
106 191 0.277164
106 195 1.5244
106 262 0.138582
106 288 2.49447
106 289 2.77164
106 290 0.415745
106 292 0.277164
107 127 2.91022
107 128 0.692909
107 274 1.38582
107 275 0.138582
107 287 0.831491
107 288 3.18738
107 289 0.277164
107 303 0.277164
108 127 0.277164
108 199 0.138582
108 287 3.46454
108 288 0.970073
109 126 0.277164
109 281 0.831491
109 286 2.77164
109 287 0.415745
110 286 1.38582
110 325 0.138582
110 329 1.10865
110 359 0.138582
111 125 0.415745
111 359 0.138582
112 115 0.554327
112 286 0.138582
112 359 0.138582
112 362 0.138582
112 363 0.692909
113 363 0.831491
114 362 0.277164
114 363 0.554327
114 367 0.138582
114 375 2.91022
114 376 0.831491
115 281 0.138582
115 371 0.277164
115 374 0.138582
115 375 0.277164
116 376 0.138582
117 122 0.138582
117 280 2.91022
118 279 0.138582
118 280 0.970073
119 122 1.38582
119 255 0.138582
121 255 0.415745
121 256 0.831491
121 257 3.46454
121 258 0.277164
122 126 0.554327
122 254 0.692909
122 257 0.692909
122 258 2.77164
122 277 0.138582
122 280 0.277164
122 281 0.831491
123 258 2.63305
124 258 1.10865
124 259 2.91022
124 260 0.138582
124 281 0.138582
125 259 2.63305
125 260 2.63305
125 281 0.415745
126 254 0.138582
126 259 0.138582
126 261 2.49447
126 277 0.138582
127 195 0.554327
127 261 0.138582
127 262 3.18738
127 263 0.415745
128 262 0.138582
128 263 3.0488
129 188 0.138582
129 263 0.277164
129 264 2.77164
129 265 0.554327
130 137 0.554327
130 188 0.277164
130 265 2.63305
130 267 1.10865
130 270 0.554327
130 271 1.10865
131 180 0.554327
131 184 0.831491
131 185 0.138582
131 188 2.07873
131 219 0.138582
131 265 0.277164
131 266 2.49447
131 267 0.692909
132 267 0.415745
132 291 0.138582
133 179 0.277164
133 180 0.692909
133 184 0.554327
133 267 0.415745
134 137 0.277164
134 179 2.63305
134 180 0.415745
134 267 0.277164
135 138 0.415745
135 178 0.831491
135 179 0.277164
135 180 0.692909
135 215 0.692909
135 266 0.138582
136 139 0.692909
136 178 0.277164
136 268 0.277164
137 267 1.66298
137 268 0.415745
137 271 0.692909
139 177 2.77164
140 175 0.138582
140 176 2.77164
140 177 0.277164
141 175 2.91022
141 176 0.554327
142 174 2.63305
142 175 0.554327
143 173 3.0488
143 174 0.138582
144 147 0.138582
144 172 2.77164
144 173 0.692909
145 172 0.415745
146 171 2.49447
147 169 3.0488
147 171 0.277164
148 167 0.138582
148 168 2.91022
148 169 0.831491
149 165 0.138582
149 167 2.49447
149 168 0.415745
150 165 2.91022
150 166 2.77164
150 167 0.831491
150 175 0.277164
151 163 1.5244
151 164 2.91022
152 162 0.138582
152 163 2.63305
152 164 0.415745
153 161 0.277164
153 162 2.77164
153 163 0.415745
154 160 0.138582
154 161 2.77164
154 162 0.554327
155 160 2.63305
156 159 0.831491
156 160 1.24724
166 175 0.138582
169 173 0.138582
178 215 0.692909
179 215 0.692909
180 184 0.0866136
180 185 0.0866136
180 215 0.138582
181 184 1.9055
181 185 0.346454
182 185 1.73227
182 186 0.0866136
182 222 0.277164
183 186 1.64566
183 187 0.606296
184 187 1.81888
184 188 0.173227
185 188 1.81888
185 189 0.173227
185 219 0.970073
185 222 0.692909
186 189 1.73227
186 190 0.433067
186 222 0.138582
186 226 0.415745
187 190 1.73227
187 191 0.173227
187 294 0.970073
187 295 0.138582
188 191 1.73227
188 192 0.433067
188 205 0.138582
188 223 0.831491
188 264 0.138582
188 265 0.415745
189 192 1.73227
189 193 0.606296
189 223 1.10865
190 193 1.81888
190 194 0.259842
190 226 0.692909
190 230 1.24724
190 231 0.415745
191 194 1.73227
191 195 0.173227
192 195 1.73227
192 196 0.259842
192 262 0.554327
192 264 0.138582
193 196 1.73227
193 197 0.346454
193 223 0.415745
193 226 0.415745
193 227 0.692909
193 231 1.10865
193 235 0.277164
193 242 0.277164
194 197 1.73227
194 198 0.173227
194 231 0.831491
195 198 1.73227
195 199 0.519682
195 201 0.0866136
196 199 1.73227
196 200 1.64566
196 201 0.519682
196 202 0.259842
196 203 0.173227
196 235 0.138582
196 240 0.277164
196 262 0.277164
197 200 0.173227
197 231 0.138582
197 234 0.554327
197 235 0.415745
197 238 0.138582
197 240 0.138582
200 240 0.415745
201 240 0.277164
201 260 0.277164
201 261 0.138582
201 262 0.138582
202 240 0.831491
202 241 3.18738
202 261 2.77164
202 262 0.415745
203 241 0.277164
203 242 2.91022
203 243 0.415745
203 262 2.63305
204 243 3.60313
204 250 0.138582
204 254 0.277164
204 261 0.277164
204 262 0.277164
204 263 2.91022
204 264 0.415745
205 219 0.277164
205 223 1.24724
205 242 0.415745
205 243 0.138582
205 244 3.46454
205 245 0.138582
205 264 0.692909
206 244 0.138582
206 245 2.91022
206 246 0.554327
206 247 0.138582
206 250 0.138582
207 216 1.38582
207 244 0.554327
207 245 0.138582
207 246 3.0488
207 247 0.554327
207 266 0.138582
208 211 3.18738
208 212 0.277164
208 216 0.692909
208 246 0.138582
208 248 0.692909
209 212 2.91022
209 213 0.277164
209 216 0.277164
209 217 0.554327
209 220 0.415745
209 244 0.692909
209 246 0.138582
210 213 0.415745
210 246 0.138582
212 215 1.9055
212 216 2.33857
212 217 0.0866136
213 217 0.346454
214 217 1.81888
214 218 0.173227
215 218 1.64566
215 219 0.173227
216 219 1.73227
216 266 0.554327
217 220 1.81888
217 221 0.606296
218 221 1.99211
218 222 0.519682
219 222 1.73227
219 223 0.346454
219 266 0.138582
220 223 1.73227
220 224 0.173227
220 244 1.66298
221 224 1.73227
221 225 0.519682
222 225 1.64566
222 226 0.433067
223 226 1.64566
223 227 0.173227
223 242 0.554327
224 227 1.73227
224 228 0.173227
225 228 1.73227
225 229 0.519682
226 229 1.73227
226 230 1.9055
226 231 0.173227
227 230 1.55905
227 231 2.07873
227 232 0.433067
227 235 1.10865
227 242 0.554327
230 234 0.0866136
231 234 1.73227
231 235 0.433067
232 235 1.64566
232 236 0.173227
233 236 1.81888
233 237 0.173227
234 237 1.73227
234 238 0.173227
235 238 1.73227
235 239 1.64566
235 240 1.64566
235 241 0.606296
236 239 0.0866136
243 253 0.138582
245 249 0.433067
245 250 0.0866136
246 249 1.73227
246 250 0.0866136
247 250 1.64566
247 251 0.259842
248 251 1.73227
248 252 0.0866136
249 252 1.73227
249 253 0.692909
250 253 1.73227
250 254 0.346454
250 263 0.277164
251 254 1.64566
251 255 0.0866136
251 273 0.138582
252 255 1.64566
253 256 1.73227
253 257 0.259842
254 257 0.259842
254 261 0.138582
254 263 0.831491
257 261 0.138582
263 273 0.692909
265 269 0.173227
265 270 0.0866136
266 269 1.9055
266 270 0.0866136
267 270 1.64566
267 271 0.173227
268 271 1.73227
268 272 0.433067
269 272 1.73227
269 273 0.259842
270 273 1.55905
270 274 0.259842
271 274 1.55905
271 275 0.259842
272 275 1.73227
272 276 0.0866136
273 276 1.73227
273 277 0.259842
274 277 1.73227
274 278 0.173227
274 287 0.138582
275 278 1.73227
275 279 0.173227
275 284 0.415745
276 279 1.73227
276 280 0.173227
277 280 1.73227
277 281 0.519682
277 287 0.277164
278 281 1.73227
278 282 1.64566
278 283 0.259842
278 287 0.554327
279 282 1.73227
282 374 0.415745
283 286 0.554327
283 370 0.277164
284 287 0.138582
284 304 0.138582
285 304 0.138582
285 323 0.692909
285 325 2.77164
285 326 0.415745
286 323 0.277164
286 325 0.415745
286 362 0.138582
286 371 0.415745
287 326 0.138582
289 300 2.63305
289 301 0.831491
289 303 0.277164
290 299 2.91022
290 300 0.970073
291 297 0.138582
291 298 2.77164
291 299 0.692909
292 297 2.63305
292 298 0.138582
293 296 2.63305
293 297 0.692909
298 337 0.970073
300 330 0.138582
300 333 1.94015
300 334 0.554327
300 337 0.692909
301 330 0.277164
302 327 0.138582
304 326 0.277164
307 310 2.16534
307 311 0.173227
308 311 1.73227
308 312 0.606296
309 312 1.64566
309 313 0.346454
310 313 1.9055
310 314 0.173227
310 320 1.10865
310 321 0.692909
310 322 0.831491
311 314 1.73227
311 315 0.519682
312 315 1.64566
312 316 0.173227
313 316 1.73227
313 317 1.55905
313 318 2.77164
313 319 0.0866136
314 317 0.0866136
314 318 0.0866136
314 386 0.138582
319 384 2.21731
319 386 0.415745
320 384 2.91022
320 385 0.970073
321 368 0.138582
321 385 0.415745
322 368 0.138582
322 385 1.10865
323 368 0.554327
323 370 0.970073
323 371 0.415745
324 327 1.73227
324 328 0.346454
324 388 0.277164
325 328 1.73227
325 329 0.519682
325 358 0.138582
325 362 0.138582
325 388 0.138582
326 329 1.64566
326 330 0.173227
327 330 1.73227
327 331 0.259842
328 331 1.73227
328 332 0.346454
328 392 0.138582
329 332 1.9055
329 333 0.0866136
329 355 1.80156
329 359 0.277164
330 333 1.64566
330 334 0.173227
331 334 1.73227
331 335 0.346454
332 335 1.55905
332 336 0.259842
332 351 0.554327
332 354 0.277164
332 355 0.692909
333 336 1.81888
333 337 0.173227
334 337 1.73227
334 338 0.173227
335 338 1.81888
335 339 0.0866136
335 347 0.277164
335 351 0.415745
336 339 1.64566
336 340 0.519682
336 348 0.138582
336 351 0.554327
336 352 0.692909
336 355 1.24724
337 340 2.07873
337 341 0.346454
338 341 1.81888
338 342 1.38582
338 347 0.138582
339 342 1.55905
339 343 1.73227
339 344 0.606296
339 348 0.415745
344 347 1.64566
345 348 1.73227
345 349 0.173227
346 349 1.73227
346 350 0.173227
347 350 1.73227
347 351 0.259842
348 351 1.73227
348 352 0.433067
349 352 1.73227
349 353 0.259842
350 353 1.73227
350 354 0.173227
351 354 1.64566
351 355 0.346454
352 355 1.73227
352 356 0.173227
353 356 1.73227
353 357 0.433067
353 401 0.138582
354 357 1.73227
354 358 0.346454
354 396 0.138582
355 358 1.73227
355 359 0.173227
356 359 1.73227
356 360 0.173227
357 360 1.73227
357 361 0.173227
357 396 0.138582
357 399 0.277164
358 361 1.73227
358 362 0.259842
358 392 0.277164
359 362 1.73227
359 363 0.606296
360 363 1.73227
360 364 0.259842
361 364 1.99211
361 365 1.47243
361 366 2.07873
361 391 0.138582
361 392 0.277164
361 395 0.415745
362 365 1.55905
362 366 0.0866136
362 367 0.0866136
362 371 0.277164
362 388 0.138582
364 380 0.138582
364 395 0.415745
365 379 3.0488
365 380 2.77164
365 381 0.138582
366 380 0.277164
366 381 2.91022
366 388 0.138582
366 395 0.138582
367 371 0.519682
367 372 0.346454
367 375 0.277164
367 379 0.415745
367 381 0.138582
367 382 2.91022
367 383 0.277164
367 388 0.138582
368 371 1.73227
368 372 0.0866136
368 382 0.138582
368 383 0.415745
368 388 0.138582
369 372 1.73227
369 373 0.779521
369 382 0.138582
370 373 0.346454
370 374 0.173227
371 374 1.73227
371 375 0.259842
372 375 0.173227
372 379 0.138582
372 382 0.138582
375 378 0.138582
383 387 0.606296
383 388 0.0866136
383 391 0.277164
384 387 2.94485
384 388 0.173227
385 388 1.73227
385 389 0.259842
386 389 1.81888
386 390 0.519682
387 390 1.81888
387 391 0.173227
388 391 1.73227
388 392 0.346454
389 392 1.73227
389 393 0.0866136
390 393 1.73227
390 394 0.173227
391 394 1.81888
391 395 0.952751
392 395 1.73227
392 396 0.346454
393 396 1.73227
393 397 0.259842
394 397 1.81888
394 398 0.173227
395 398 1.73227
395 399 0.346454
396 399 1.73227
396 400 1.47243
396 401 0.259842
397 400 0.0866136
