nresidues = 402
1 30 0.1875
1 31 0.3125
1 32 1.375
1 33 0.125
1 34 0.1875
2 32 0.25
2 33 1.25
2 34 0.0625
2 346 0.125
2 347 0.0625
2 350 0.125
3 34 0.3125
4 35 0.1875
4 36 0.25
4 335 0.125
4 338 0.0625
4 342 0.0625
5 342 0.4375
6 338 0.6875
6 342 0.5
7 36 1.4375
7 38 0.125
7 65 0.1875
7 338 0.0625
8 37 1.3125
8 38 0.0625
8 67 1.4375
8 69 0.0625
8 331 0.125
8 334 0.1875
8 335 0.125
9 38 1.25
9 40 0.125
9 58 0.0625
9 61 0.3125
9 62 0.0625
9 65 0.0625
9 67 0.1875
9 68 1.1875
9 69 0.1875
10 21 0.3125
10 25 0.3125
10 37 0.3125
10 38 0.125
10 39 1.4375
10 40 0.25
10 69 1.25
10 331 0.375
11 21 0.0625
11 40 1.1875
11 42 0.0625
11 58 0.1875
11 69 0.25
11 70 1.3125
11 71 0.125
12 21 0.3125
12 39 0.4375
12 40 0.0625
12 41 1.125
12 42 1.3125
12 71 0.4375
13 18 0.273438
13 42 1.0625
13 43 0.125
13 71 0.0625
13 72 1.1875
13 73 0.0625
14 17 0.898438
14 18 0.195312
14 42 0.0625
14 43 0.375
14 44 0.1875
14 47 0.125
14 73 0.3125
14 74 0.5625
14 306 0.1875
15 18 0.78125
15 19 0.078125
15 74 0.0625
15 80 0.5625
15 306 1.5625
15 307 0.0625
15 308 0.4375
15 311 1.125
16 19 0.820312
16 20 0.117188
16 306 1.1875
16 307 0.0625
16 310 0.3125
16 311 0.0625
16 314 0.1875
16 320 0.0625
16 322 0.0625
17 20 0.742188
17 21 0.078125
17 71 0.5
17 72 0.1875
17 304 0.0625
17 305 0.0625
17 306 0.1875
18 21 0.0390625
18 22 0.078125
18 41 0.5625
18 42 0.0625
18 43 0.0625
18 71 0.0625
19 22 0.117188
19 23 0.078125
19 311 0.125
19 314 0.375
20 23 0.820312
20 24 0.15625
20 322 0.0625
20 327 0.0625
20 385 0.0625
20 386 0.0625
20 389 0.0625
21 24 0.78125
21 25 0.15625
21 69 0.0625
21 70 0.3125
21 71 1.0625
21 327 0.0625
21 331 0.75
22 25 0.859375
22 26 0.195312
23 26 0.78125
23 27 0.078125
23 386 0.125
23 389 0.0625
24 27 0.742188
24 28 0.820312
24 29 0.0390625
24 327 0.125
24 328 0.0625
25 28 0.664062
25 29 0.820312
25 30 0.234375
25 31 0.0390625
25 331 0.1875
26 30 0.0390625
26 31 0.078125
27 31 0.0390625
27 32 0.0390625
27 390 0.3125
28 31 0.0390625
28 32 0.117188
28 328 0.125
28 350 0.125
28 389 0.0625
28 392 0.1875
28 393 0.0625
28 396 0.125
29 32 0.820312
29 33 0.195312
29 331 0.1875
30 33 0.117188
30 35 0.125
31 397 0.0625
32 350 0.375
32 396 0.125
32 397 0.125
32 401 0.375
33 347 0.0625
33 350 0.125
35 335 0.0625
38 65 0.3125
40 54 0.0625
40 57 0.3125
40 58 0.3125
40 61 0.1875
41 46 0.117188
41 54 0.125
42 47 0.195312
42 54 0.0625
42 58 0.0625
42 73 0.0625
43 46 0.78125
43 47 0.234375
44 47 1.01562
44 48 0.078125
44 76 0.0625
44 84 0.25
44 86 0.1875
45 48 0.820312
45 49 0.078125
45 84 0.125
46 49 1.13281
46 50 0.234375
46 54 0.0625
47 50 0.820312
47 51 0.78125
47 52 0.15625
47 54 0.125
47 55 0.125
47 73 0.125
47 74 0.25
47 93 0.1875
48 51 0.078125
48 86 0.6875
48 87 0.5625
48 90 0.4375
49 87 0.0625
50 53 0.25
50 54 0.1875
51 87 0.25
51 90 0.375
52 55 0.898438
52 90 0.0625
53 56 0.859375
53 57 0.429688
54 57 0.78125
54 58 0.078125
55 58 0.78125
55 59 0.0390625
55 93 0.1875
55 96 0.125
56 59 0.78125
56 60 0.117188
56 100 0.125
57 60 0.78125
57 61 0.078125
58 61 0.78125
58 62 0.078125
59 62 0.78125
59 63 0.117188
59 100 0.125
60 63 0.9375
60 64 0.078125
60 100 0.0625
61 64 0.78125
61 65 0.15625
62 65 0.742188
62 66 0.742188
62 68 0.125
62 101 0.0625
62 298 0.0625
63 101 0.125
63 297 0.4375
65 338 0.25
66 297 1.25
66 298 0.125
66 338 0.0625
67 298 1.1875
67 300 0.0625
67 334 0.0625
67 337 0.0625
67 338 0.0625
67 341 0.0625
68 298 0.125
68 299 1.25
68 300 0.25
69 300 1.3125
69 330 0.25
69 331 0.0625
69 334 0.0625
70 73 0.3125
70 94 0.3125
70 299 0.1875
70 300 0.1875
70 301 1.3125
71 327 0.0625
72 302 0.125
72 304 0.0625
72 305 0.0625
72 306 0.25
73 93 0.125
73 94 0.0625
73 306 0.1875
74 80 0.4375
74 306 0.0625
75 91 0.0625
75 92 0.25
75 93 0.0625
76 80 0.195312
76 86 0.125
76 89 0.4375
76 90 0.125
77 80 0.859375
77 81 0.117188
77 89 0.125
78 81 0.976562
78 82 0.15625
78 89 0.3125
79 82 0.820312
79 83 0.078125
80 83 1.01562
80 84 0.117188
80 86 0.117188
80 306 0.0625
80 308 0.125
81 84 0.742188
81 85 0.78125
81 86 0.15625
81 88 0.1875
81 89 0.0625
83 308 0.1875
83 312 0.3125
87 90 0.0625
91 95 0.0390625
91 96 0.117188
91 137 0.0625
92 95 0.898438
92 96 0.078125
93 96 0.78125
93 97 0.117188
94 97 0.78125
94 98 0.429688
94 301 0.125
95 98 0.898438
95 99 0.078125
96 99 0.78125
96 100 0.117188
97 100 0.78125
97 101 0.15625
97 299 0.125
98 101 0.742188
98 102 0.0390625
98 105 0.0625
98 130 0.1875
98 132 0.3125
98 137 0.1875
99 133 0.0625
101 291 0.0625
101 293 0.1875
101 295 0.0625
101 297 0.0625
102 133 0.125
102 184 0.375
102 291 0.1875
102 293 0.1875
102 294 0.1875
102 295 0.0625
103 131 1.25
103 132 0.1875
103 291 0.1875
103 292 1.1875
103 293 0.0625
103 294 0.0625
104 129 0.1875
104 130 1.4375
104 188 0.25
104 191 0.125
104 290 0.0625
104 291 1.3125
104 292 0.1875
105 128 0.0625
105 129 1.25
105 130 0.3125
105 132 0.0625
105 289 0.0625
105 290 1.3125
105 291 0.0625
106 128 1.1875
106 129 0.0625
106 191 0.125
106 195 0.6875
106 262 0.0625
106 288 1.125
106 289 1.25
106 290 0.1875
106 292 0.125
107 127 1.3125
107 128 0.3125
107 274 0.625
107 275 0.0625
107 287 0.375
107 288 1.4375
107 289 0.125
107 303 0.125
108 127 0.125
108 199 0.0625
108 287 1.5625
108 288 0.4375
109 126 0.125
109 281 0.375
109 286 1.25
109 287 0.1875
110 286 0.625
110 325 0.0625
110 329 0.5
110 359 0.0625
111 125 0.1875
111 359 0.0625
112 115 0.25
112 286 0.0625
112 359 0.0625
112 362 0.0625
112 363 0.3125
113 363 0.375
114 362 0.125
114 363 0.25
114 367 0.0625
114 375 1.3125
114 376 0.375
115 281 0.0625
115 371 0.125
115 374 0.0625
115 375 0.125
116 376 0.0625
117 122 0.0625
117 280 1.3125
118 279 0.0625
118 280 0.4375
119 122 0.625
119 255 0.0625
121 255 0.1875
121 256 0.375
121 257 1.5625
121 258 0.125
122 126 0.25
122 254 0.3125
122 257 0.3125
122 258 1.25
122 277 0.0625
122 280 0.125
122 281 0.375
123 258 1.1875
124 258 0.5
124 259 1.3125
124 260 0.0625
124 281 0.0625
125 259 1.1875
125 260 1.1875
125 281 0.1875
126 254 0.0625
126 259 0.0625
126 261 1.125
126 277 0.0625
127 195 0.25
127 261 0.0625
127 262 1.4375
127 263 0.1875
128 262 0.0625
128 263 1.375
129 188 0.0625
129 263 0.125
129 264 1.25
129 265 0.25
130 137 0.25
130 188 0.125
130 265 1.1875
130 267 0.5
130 270 0.25
130 271 0.5
131 180 0.25
131 184 0.375
131 185 0.0625
131 188 0.9375
131 219 0.0625
131 265 0.125
131 266 1.125
131 267 0.3125
132 267 0.1875
132 291 0.0625
133 179 0.125
133 180 0.3125
133 184 0.25
133 267 0.1875
134 137 0.125
134 179 1.1875
134 180 0.1875
134 267 0.125
135 138 0.1875
135 178 0.375
135 179 0.125
135 180 0.3125
135 215 0.3125
135 266 0.0625
136 139 0.3125
136 178 0.125
136 268 0.125
137 267 0.75
137 268 0.1875
137 271 0.3125
139 177 1.25
140 175 0.0625
140 176 1.25
140 177 0.125
141 175 1.3125
141 176 0.25
142 174 1.1875
142 175 0.25
143 173 1.375
143 174 0.0625
144 147 0.0625
144 172 1.25
144 173 0.3125
145 172 0.1875
146 171 1.125
147 169 1.375
147 171 0.125
148 167 0.0625
148 168 1.3125
148 169 0.375
149 165 0.0625
149 167 1.125
149 168 0.1875
150 165 1.3125
150 166 1.25
150 167 0.375
150 175 0.125
151 163 0.6875
151 164 1.3125
152 162 0.0625
152 163 1.1875
152 164 0.1875
153 161 0.125
153 162 1.25
153 163 0.1875
154 160 0.0625
154 161 1.25
154 162 0.25
155 160 1.1875
156 159 0.375
156 160 0.5625
166 175 0.0625
169 173 0.0625
178 215 0.3125
179 215 0.3125
180 184 0.0390625
180 185 0.0390625
180 215 0.0625
181 184 0.859375
181 185 0.15625
182 185 0.78125
182 186 0.0390625
182 222 0.125
183 186 0.742188
183 187 0.273438
184 187 0.820312
184 188 0.078125
185 188 0.820312
185 189 0.078125
185 219 0.4375
185 222 0.3125
186 189 0.78125
186 190 0.195312
186 222 0.0625
186 226 0.1875
187 190 0.78125
187 191 0.078125
187 294 0.4375
187 295 0.0625
188 191 0.78125
188 192 0.195312
188 205 0.0625
188 223 0.375
188 264 0.0625
188 265 0.1875
189 192 0.78125
189 193 0.273438
189 223 0.5
190 193 0.820312
190 194 0.117188
190 226 0.3125
190 230 0.5625
190 231 0.1875
191 194 0.78125
191 195 0.078125
192 195 0.78125
192 196 0.117188
192 262 0.25
192 264 0.0625
193 196 0.78125
193 197 0.15625
193 223 0.1875
193 226 0.1875
193 227 0.3125
193 231 0.5
193 235 0.125
193 242 0.125
194 197 0.78125
194 198 0.078125
194 231 0.375
195 198 0.78125
195 199 0.234375
195 201 0.0390625
196 199 0.78125
196 200 0.742188
196 201 0.234375
196 202 0.117188
196 203 0.078125
196 235 0.0625
196 240 0.125
196 262 0.125
197 200 0.078125
197 231 0.0625
197 234 0.25
197 235 0.1875
197 238 0.0625
197 240 0.0625
200 240 0.1875
201 240 0.125
201 260 0.125
201 261 0.0625
201 262 0.0625
202 240 0.375
202 241 1.4375
202 261 1.25
202 262 0.1875
203 241 0.125
203 242 1.3125
203 243 0.1875
203 262 1.1875
204 243 1.625
204 250 0.0625
204 254 0.125
204 261 0.125
204 262 0.125
204 263 1.3125
204 264 0.1875
205 219 0.125
205 223 0.5625
205 242 0.1875
205 243 0.0625
205 244 1.5625
205 245 0.0625
205 264 0.3125
206 244 0.0625
206 245 1.3125
206 246 0.25
206 247 0.0625
206 250 0.0625
207 216 0.625
207 244 0.25
207 245 0.0625
207 246 1.375
207 247 0.25
207 266 0.0625
208 211 1.4375
208 212 0.125
208 216 0.3125
208 246 0.0625
208 248 0.3125
209 212 1.3125
209 213 0.125
209 216 0.125
209 217 0.25
209 220 0.1875
209 244 0.3125
209 246 0.0625
210 213 0.1875
210 246 0.0625
212 215 0.859375
212 216 1.05469
212 217 0.0390625
213 217 0.15625
214 217 0.820312
214 218 0.078125
215 218 0.742188
215 219 0.078125
216 219 0.78125
216 266 0.25
217 220 0.820312
217 221 0.273438
218 221 0.898438
218 222 0.234375
219 222 0.78125
219 223 0.15625
219 266 0.0625
220 223 0.78125
220 224 0.078125
220 244 0.75
221 224 0.78125
221 225 0.234375
222 225 0.742188
222 226 0.195312
223 226 0.742188
223 227 0.078125
223 242 0.25
224 227 0.78125
224 228 0.078125
225 228 0.78125
225 229 0.234375
226 229 0.78125
226 230 0.859375
226 231 0.078125
227 230 0.703125
227 231 0.9375
227 232 0.195312
227 235 0.5
227 242 0.25
230 234 0.0390625
231 234 0.78125
231 235 0.195312
232 235 0.742188
232 236 0.078125
233 236 0.820312
233 237 0.078125
234 237 0.78125
234 238 0.078125
235 238 0.78125
235 239 0.742188
235 240 0.742188
235 241 0.273438
236 239 0.0390625
243 253 0.0625
245 249 0.195312
245 250 0.0390625
246 249 0.78125
246 250 0.0390625
247 250 0.742188
247 251 0.117188
248 251 0.78125
248 252 0.0390625
249 252 0.78125
249 253 0.3125
250 253 0.78125
250 254 0.15625
250 263 0.125
251 254 0.742188
251 255 0.0390625
251 273 0.0625
252 255 0.742188
253 256 0.78125
253 257 0.117188
254 257 0.117188
254 261 0.0625
254 263 0.375
257 261 0.0625
263 273 0.3125
265 269 0.078125
265 270 0.0390625
266 269 0.859375
266 270 0.0390625
267 270 0.742188
267 271 0.078125
268 271 0.78125
268 272 0.195312
269 272 0.78125
269 273 0.117188
270 273 0.703125
270 274 0.117188
271 274 0.703125
271 275 0.117188
272 275 0.78125
272 276 0.0390625
273 276 0.78125
273 277 0.117188
274 277 0.78125
274 278 0.078125
274 287 0.0625
275 278 0.78125
275 279 0.078125
275 284 0.1875
276 279 0.78125
276 280 0.078125
277 280 0.78125
277 281 0.234375
277 287 0.125
278 281 0.78125
278 282 0.742188
278 283 0.117188
278 287 0.25
279 282 0.78125
282 374 0.1875
283 286 0.25
283 370 0.125
284 287 0.0625
284 304 0.0625
285 304 0.0625
285 323 0.3125
285 325 1.25
285 326 0.1875
286 323 0.125
286 325 0.1875
286 362 0.0625
286 371 0.1875
287 326 0.0625
289 300 1.1875
289 301 0.375
289 303 0.125
290 299 1.3125
290 300 0.4375
291 297 0.0625
291 298 1.25
291 299 0.3125
292 297 1.1875
292 298 0.0625
293 296 1.1875
293 297 0.3125
298 337 0.4375
300 330 0.0625
300 333 0.875
300 334 0.25
300 337 0.3125
301 330 0.125
302 327 0.0625
304 326 0.125
307 310 0.976562
307 311 0.078125
308 311 0.78125
308 312 0.273438
309 312 0.742188
309 313 0.15625
310 313 0.859375
310 314 0.078125
310 320 0.5
310 321 0.3125
310 322 0.375
311 314 0.78125
311 315 0.234375
312 315 0.742188
312 316 0.078125
313 316 0.78125
313 317 0.703125
313 318 1.25
313 319 0.0390625
314 317 0.0390625
314 318 0.0390625
314 386 0.0625
319 384 1
319 386 0.1875
320 384 1.3125
320 385 0.4375
321 368 0.0625
321 385 0.1875
322 368 0.0625
322 385 0.5
323 368 0.25
323 370 0.4375
323 371 0.1875
324 327 0.78125
324 328 0.15625
324 388 0.125
325 328 0.78125
325 329 0.234375
325 358 0.0625
325 362 0.0625
325 388 0.0625
326 329 0.742188
326 330 0.078125
327 330 0.78125
327 331 0.117188
328 331 0.78125
328 332 0.15625
328 392 0.0625
329 332 0.859375
329 333 0.0390625
329 355 0.8125
329 359 0.125
330 333 0.742188
330 334 0.078125
331 334 0.78125
331 335 0.15625
332 335 0.703125
332 336 0.117188
332 351 0.25
332 354 0.125
332 355 0.3125
333 336 0.820312
333 337 0.078125
334 337 0.78125
334 338 0.078125
335 338 0.820312
335 339 0.0390625
335 347 0.125
335 351 0.1875
336 339 0.742188
336 340 0.234375
336 348 0.0625
336 351 0.25
336 352 0.3125
336 355 0.5625
337 340 0.9375
337 341 0.15625
338 341 0.820312
338 342 0.625
338 347 0.0625
339 342 0.703125
339 343 0.78125
339 344 0.273438
339 348 0.1875
344 347 0.742188
345 348 0.78125
345 349 0.078125
346 349 0.78125
346 350 0.078125
347 350 0.78125
347 351 0.117188
348 351 0.78125
348 352 0.195312
349 352 0.78125
349 353 0.117188
350 353 0.78125
350 354 0.078125
351 354 0.742188
351 355 0.15625
352 355 0.78125
352 356 0.078125
353 356 0.78125
353 357 0.195312
353 401 0.0625
354 357 0.78125
354 358 0.15625
354 396 0.0625
355 358 0.78125
355 359 0.078125
356 359 0.78125
356 360 0.078125
357 360 0.78125
357 361 0.078125
357 396 0.0625
357 399 0.125
358 361 0.78125
358 362 0.117188
358 392 0.125
359 362 0.78125
359 363 0.273438
360 363 0.78125
360 364 0.117188
361 364 0.898438
361 365 0.664062
361 366 0.9375
361 391 0.0625
361 392 0.125
361 395 0.1875
362 365 0.703125
362 366 0.0390625
362 367 0.0390625
362 371 0.125
362 388 0.0625
364 380 0.0625
364 395 0.1875
365 379 1.375
365 380 1.25
365 381 0.0625
366 380 0.125
366 381 1.3125
366 388 0.0625
366 395 0.0625
367 371 0.234375
367 372 0.15625
367 375 0.125
367 379 0.1875
367 381 0.0625
367 382 1.3125
367 383 0.125
367 388 0.0625
368 371 0.78125
368 372 0.0390625
368 382 0.0625
368 383 0.1875
368 388 0.0625
369 372 0.78125
369 373 0.351562
369 382 0.0625
370 373 0.15625
370 374 0.078125
371 374 0.78125
371 375 0.117188
372 375 0.078125
372 379 0.0625
372 382 0.0625
375 378 0.0625
383 387 0.273438
383 388 0.0390625
383 391 0.125
384 387 1.32812
384 388 0.078125
385 388 0.78125
385 389 0.117188
386 389 0.820312
386 390 0.234375
387 390 0.820312
387 391 0.078125
388 391 0.78125
388 392 0.15625
389 392 0.78125
389 393 0.0390625
390 393 0.78125
390 394 0.078125
391 394 0.820312
391 395 0.429688
392 395 0.78125
392 396 0.15625
393 396 0.78125
393 397 0.117188
394 397 0.820312
394 398 0.078125
395 398 0.78125
395 399 0.15625
396 399 0.78125
396 400 0.664062
396 401 0.117188
397 400 0.0390625
