nresidues = 303
0 5 0.719627
0 6 0.143925
1 5 0.719627
2 5 2.73458
2 6 0.143925
2 81 0.143925
3 6 3.59814
3 81 0.287851
4 7 0.575702
4 45 0.431776
4 49 0.143925
4 82 0.575702
6 35 0.431776
7 34 0.575702
7 35 0.287851
7 41 0.143925
7 45 0.143925
7 78 0.143925
8 34 0.143925
8 42 0.719627
8 156 0.719627
9 29 0.143925
9 156 1.00748
10 29 1.00748
10 30 0.431776
10 31 0.575702
10 34 0.143925
10 42 0.287851
10 160 0.431776
11 28 0.143925
11 29 2.87851
11 30 0.431776
11 33 0.575702
11 160 0.143925
12 27 0.719627
12 28 3.31029
12 29 0.287851
12 160 0.575702
12 161 0.143925
12 275 0.143925
13 27 3.45421
13 28 0.575702
13 30 0.287851
14 26 2.87851
14 27 1.1514
15 26 0.719627
15 28 0.143925
15 243 0.143925
15 247 1.29533
15 263 0.143925
16 247 1.00748
17 246 1.1514
17 247 0.575702
18 239 0.143925
18 242 1.1514
18 243 0.287851
18 246 0.143925
18 247 0.575702
18 263 0.143925
19 263 0.143925
20 24 0.143925
20 263 0.143925
20 266 0.431776
20 267 0.143925
22 266 0.575702
22 267 0.431776
22 269 0.143925
22 270 2.87851
23 270 0.287851
23 271 0.863553
24 266 0.863553
24 269 0.143925
24 270 0.143925
24 271 0.431776
24 272 2.87851
25 164 1.00748
25 272 0.287851
25 273 2.73458
25 274 0.575702
26 266 0.143925
26 274 2.73458
27 273 0.143925
27 274 0.431776
27 275 2.73458
27 276 0.287851
28 249 0.143925
28 259 0.143925
28 276 2.73458
28 278 0.143925
29 42 0.143925
29 156 0.575702
29 160 0.719627
29 276 0.287851
29 277 3.02243
29 278 0.575702
30 33 0.287851
30 278 2.73458
31 34 1.29533
31 37 2.44673
31 38 3.02243
31 39 0.863553
31 42 1.58318
31 278 2.87851
31 279 0.143925
32 37 0.575702
32 280 0.143925
32 281 1.00748
33 281 0.287851
34 37 0.143925
34 38 0.575702
34 39 0.143925
34 41 1.00748
35 41 0.863553
35 77 0.143925
36 41 0.719627
36 77 0.287851
36 105 0.143925
36 284 0.431776
37 280 2.87851
37 284 0.287851
38 41 0.359814
38 70 0.719627
38 279 2.87851
38 280 0.287851
39 42 0.269861
39 149 0.143925
39 177 0.143925
39 279 0.431776
40 43 1.70912
40 44 0.179907
40 70 0.287851
40 71 0.719627
40 74 0.575702
41 44 1.79907
41 45 0.179907
41 74 0.431776
41 77 0.431776
42 45 1.79907
42 46 0.179907
42 148 0.287851
42 149 0.143925
42 152 0.719627
42 153 0.719627
42 156 1.1514
43 46 1.79907
43 47 0.359814
43 145 0.575702
44 47 1.52921
44 48 0.269861
44 74 0.575702
44 75 0.431776
44 78 0.287851
45 48 1.79907
45 49 0.449766
45 78 0.287851
46 49 1.70912
46 50 0.359814
46 144 0.863553
46 147 0.143925
46 148 0.143925
47 50 1.52921
47 51 0.179907
47 142 0.719627
47 144 0.143925
48 51 1.79907
48 52 0.269861
48 57 0.143925
48 63 0.287851
48 75 0.143925
48 78 0.287851
48 82 0.143925
48 84 0.143925
49 52 1.79907
49 53 0.179907
49 82 0.143925
50 53 2.15888
50 54 0.80958
50 144 0.719627
50 147 0.287851
51 54 1.97898
51 55 1.61916
51 56 1.97898
51 57 0.269861
52 55 0.0899534
52 57 0.179907
52 82 0.575702
52 84 0.719627
54 144 0.719627
56 135 0.431776
57 61 0.719627
57 63 0.143925
57 84 1.58318
57 135 0.143925
58 61 0.863553
58 84 1.29533
59 82 0.287851
59 83 3.02243
59 84 0.287851
60 83 0.143925
60 85 0.719627
61 84 3.02243
61 85 0.431776
62 85 3.45421
62 87 0.575702
62 133 0.287851
62 134 3.31029
62 135 0.287851
63 84 0.287851
63 85 0.287851
63 86 3.45421
63 87 0.431776
63 135 2.87851
64 86 0.431776
64 87 2.87851
64 89 0.143925
64 125 0.143925
64 128 0.143925
64 133 0.431776
64 134 0.719627
64 135 0.431776
64 136 2.87851
64 137 0.431776
65 75 0.287851
65 87 0.143925
65 88 2.87851
65 89 0.287851
65 136 0.143925
65 137 0.719627
65 138 0.863553
65 139 0.431776
66 89 2.73458
66 118 0.431776
66 121 0.575702
66 139 0.143925
67 70 0.143925
67 71 0.575702
67 72 0.287851
67 89 0.431776
67 90 0.287851
67 91 0.143925
67 94 0.143925
67 118 0.431776
68 94 0.575702
68 118 0.575702
68 209 0.143925
69 98 0.287851
70 73 1.79907
70 74 0.179907
70 98 0.719627
70 280 0.719627
70 284 0.287851
71 74 1.79907
71 75 0.449766
71 139 1.29533
72 75 1.70912
72 76 0.179907
72 88 0.431776
72 102 0.719627
73 76 1.79907
73 77 0.179907
73 98 0.143925
73 101 0.143925
73 102 0.287851
73 284 0.719627
74 77 1.88902
74 78 0.269861
75 78 1.70912
75 79 0.179907
75 86 0.143925
75 137 0.287851
76 79 1.79907
76 80 0.179907
76 102 0.143925
76 105 1.00748
76 107 0.143925
77 80 1.79907
77 81 0.179907
77 105 1.43925
78 81 1.88902
78 82 0.359814
79 82 1.70912
79 83 1.79907
79 84 0.449766
79 86 0.143925
80 105 0.143925
86 107 2.87851
86 108 0.431776
87 108 2.73458
87 128 0.143925
87 133 0.719627
88 102 0.143925
88 107 0.143925
88 108 0.287851
88 109 2.87851
88 110 0.431776
89 110 2.87851
89 121 0.143925
89 124 0.575702
89 125 0.287851
90 94 0.287851
90 102 0.431776
90 109 0.575702
90 110 0.287851
90 111 3.16636
90 112 0.575702
91 94 0.287851
91 112 2.87851
91 117 0.143925
92 99 0.269861
92 112 0.575702
92 113 1.1514
92 114 0.575702
93 99 0.0899534
93 114 0.575702
94 98 0.0899534
94 99 0.53972
95 98 2.15888
95 99 0.449766
96 99 2.33878
96 100 0.179907
97 100 1.79907
97 101 0.179907
97 284 0.287851
97 287 0.431776
98 101 1.79907
98 102 0.449766
98 285 0.287851
99 102 1.88902
99 103 0.179907
99 109 0.575702
99 111 0.431776
100 103 1.79907
100 104 0.179907
101 104 0.0899534
101 105 0.179907
102 105 1.70912
102 106 1.52921
102 107 0.0899534
102 109 0.0899534
103 106 0.0899534
103 107 0.179907
103 108 0.0899534
110 128 0.287851
112 116 1.1514
112 117 0.143925
112 121 0.143925
112 124 0.143925
113 116 3.59814
113 117 0.143925
114 117 0.143925
116 119 1.61916
116 120 0.0899534
117 120 1.79907
117 121 0.179907
118 121 1.88902
118 122 0.179907
118 140 0.143925
119 122 1.79907
119 123 0.449766
120 123 1.79907
120 124 0.179907
121 124 1.79907
121 125 0.179907
122 125 1.79907
122 126 0.359814
122 138 1.29533
122 141 0.431776
123 126 1.79907
123 127 0.359814
124 127 1.97898
124 128 0.269861
125 128 1.79907
125 129 0.179907
125 136 0.143925
126 129 1.79907
126 130 0.449766
126 136 0.143925
127 130 1.79907
127 131 0.179907
128 131 1.88902
128 132 1.70912
128 133 0.53972
129 132 0.0899534
129 134 0.179907
137 142 0.575702
138 141 3.88599
138 142 0.431776
139 145 0.431776
139 174 0.143925
140 174 0.431776
140 211 0.287851
140 217 2.87851
140 218 2.59066
140 219 0.431776
141 217 0.143925
141 218 0.143925
141 219 0.575702
142 145 0.179907
142 146 0.0899534
142 219 0.287851
143 146 1.79907
143 147 0.179907
144 147 1.70912
144 148 0.0899534
145 148 1.70912
145 149 0.0899534
145 174 0.719627
145 176 0.287851
145 219 0.143925
146 149 1.79907
146 150 0.179907
146 176 0.287851
146 179 0.287851
146 180 0.143925
146 183 0.143925
146 219 0.143925
147 150 1.79907
147 151 0.80958
148 151 1.88902
148 152 1.97898
149 152 1.52921
149 153 2.42875
149 154 0.0899534
149 155 0.0899534
149 176 0.863553
149 177 1.29533
149 180 3.16636
150 155 0.269861
150 180 0.575702
150 183 0.719627
150 184 0.575702
150 187 1.1514
151 155 0.359814
152 155 2.06893
152 156 0.719627
153 156 1.79907
153 157 0.449766
153 181 0.431776
154 157 1.79907
154 158 0.179907
154 184 0.863553
154 185 0.143925
155 158 1.79907
155 159 0.179907
155 184 0.863553
156 159 1.88902
156 160 0.719627
157 160 1.70912
157 161 0.449766
157 165 0.143925
157 168 0.143925
157 185 0.143925
157 275 0.287851
158 161 1.88902
158 162 1.70912
158 163 0.80958
158 165 0.287851
158 184 0.287851
158 185 0.143925
158 188 0.863553
159 162 0.0899534
161 164 0.863553
161 165 0.287851
161 275 0.143925
163 190 0.431776
164 190 0.575702
164 273 0.863553
165 190 0.575702
165 192 0.143925
165 273 3.02243
165 275 0.287851
166 190 0.143925
166 192 2.87851
166 193 0.287851
166 272 0.863553
166 273 3.31029
167 193 3.16636
167 265 0.575702
167 269 0.287851
167 272 0.287851
167 273 0.143925
167 274 2.73458
167 275 0.287851
168 181 1.00748
168 193 0.287851
168 194 3.02243
168 195 0.719627
168 275 2.87851
168 277 0.575702
169 195 2.87851
169 197 0.287851
169 258 0.143925
169 274 0.143925
169 275 0.431776
169 276 2.73458
170 177 0.143925
170 178 0.287851
170 195 0.143925
170 196 2.87851
170 197 0.431776
171 197 2.87851
171 208 0.575702
171 254 0.287851
171 257 0.143925
171 258 0.287851
172 196 0.143925
172 197 0.575702
172 208 2.87851
172 209 0.287851
173 207 0.143925
173 209 0.143925
173 211 0.431776
174 217 0.287851
174 219 0.287851
175 178 1.70912
175 179 0.53972
175 219 0.431776
175 220 0.863553
176 179 1.79907
176 180 0.0899534
176 219 0.143925
177 180 1.61916
177 181 0.269861
177 277 0.143925
178 181 1.70912
178 182 0.179907
178 194 0.287851
178 195 0.431776
178 196 0.143925
178 225 0.143925
179 182 1.79907
179 183 0.719627
179 219 0.143925
179 220 0.143925
179 224 0.287851
180 183 1.79907
180 184 0.0899534
181 184 1.79907
181 185 0.359814
182 185 1.79907
182 186 0.359814
182 194 0.287851
182 224 1.00748
183 186 1.61916
183 187 0.269861
183 219 0.143925
183 224 0.287851
184 187 1.70912
184 188 0.899534
185 188 0.359814
186 192 0.143925
186 194 0.143925
186 223 0.143925
186 224 0.719627
186 226 1.1514
192 226 0.143925
193 226 0.719627
193 227 0.143925
194 224 0.431776
194 225 2.87851
194 226 3.45421
194 227 0.143925
195 225 0.143925
195 227 3.45421
195 229 0.287851
196 227 0.287851
196 228 3.02243
196 229 0.143925
197 208 0.143925
197 229 3.16636
197 257 0.431776
197 258 0.287851
198 208 0.287851
198 209 0.143925
198 210 0.575702
198 228 0.431776
198 229 0.143925
198 230 3.31029
198 231 0.143925
199 203 0.287851
199 208 0.287851
199 209 0.431776
199 210 1.1514
199 230 0.143925
199 231 2.87851
200 203 0.719627
200 210 0.863553
200 230 0.143925
200 231 1.00748
200 232 1.72711
201 210 0.575702
203 232 0.575702
203 233 1.1514
204 233 1.00748
205 208 1.1514
205 231 0.143925
205 236 0.143925
205 253 0.431776
205 254 0.143925
206 254 0.287851
208 254 0.431776
210 230 0.719627
211 215 0.269861
211 216 0.359814
211 217 0.80958
212 215 1.70912
212 216 0.0899534
213 216 0.359814
216 220 0.575702
217 220 0.287851
220 225 0.287851
221 224 0.863553
222 225 0.431776
225 228 0.143925
229 264 0.143925
229 265 0.143925
230 264 0.431776
231 236 0.0899534
231 257 0.287851
231 260 0.143925
231 261 0.143925
231 264 0.143925
232 235 1.79907
232 236 0.0899534
233 236 1.79907
233 237 0.989489
234 237 1.97898
234 238 1.16939
235 238 1.79907
235 239 0.449766
235 260 0.431776
236 239 1.79907
236 240 0.179907
236 253 0.287851
236 256 0.719627
236 257 0.287851
237 240 1.88902
237 241 0.80958
237 253 0.143925
237 290 0.287851
238 241 2.15888
238 242 0.179907
239 242 1.79907
239 243 0.359814
239 256 0.431776
239 259 0.431776
239 260 0.143925
240 243 1.70912
240 251 0.287851
240 252 0.863553
240 253 0.287851
240 256 0.143925
240 290 0.575702
240 291 1.00748
241 244 1.70912
241 245 0.179907
241 290 0.719627
241 291 0.287851
241 292 0.719627
242 245 1.79907
242 246 2.42875
243 246 1.61916
243 247 1.79907
243 248 1.70912
243 249 1.97898
243 251 0.143925
243 259 0.143925
244 247 1.61916
244 248 0.0899534
244 249 0.269861
250 281 3.45421
250 282 1.72711
250 283 0.575702
250 286 0.431776
250 291 0.719627
251 255 0.269861
251 278 0.143925
251 280 3.02243
251 281 2.87851
251 282 0.431776
251 291 0.287851
252 255 1.79907
252 280 0.143925
252 285 0.431776
253 256 1.70912
253 257 0.0899534
254 257 1.79907
254 258 0.179907
254 279 0.287851
255 258 1.79907
255 259 0.269861
255 278 0.863553
255 279 0.431776
255 280 0.143925
256 259 1.79907
256 260 0.179907
257 260 1.79907
257 261 0.0899534
258 261 1.70912
258 262 0.179907
258 277 0.143925
259 262 1.79907
259 263 0.359814
259 278 0.143925
260 263 1.70912
260 264 0.179907
261 264 1.79907
261 265 0.179907
262 265 1.88902
262 266 0.179907
262 274 0.143925
262 276 0.143925
263 266 1.88902
263 267 0.179907
264 267 1.79907
264 268 0.179907
265 268 1.79907
265 269 0.359814
265 274 0.143925
266 269 0.269861
269 272 0.431776
280 285 1.29533
281 285 0.287851
282 285 3.45421
283 286 0.287851
285 288 3.16636
285 290 0.287851
286 289 0.143925
289 292 0.143925
