nresidues = 303
0 5 0.3125
0 6 0.0625
1 5 0.3125
2 5 1.1875
2 6 0.0625
2 81 0.0625
3 6 1.5625
3 81 0.125
4 7 0.25
4 45 0.1875
4 49 0.0625
4 82 0.25
6 35 0.1875
7 34 0.25
7 35 0.125
7 41 0.0625
7 45 0.0625
7 78 0.0625
8 34 0.0625
8 42 0.3125
8 156 0.3125
9 29 0.0625
9 156 0.4375
10 29 0.4375
10 30 0.1875
10 31 0.25
10 34 0.0625
10 42 0.125
10 160 0.1875
11 28 0.0625
11 29 1.25
11 30 0.1875
11 33 0.25
11 160 0.0625
12 27 0.3125
12 28 1.4375
12 29 0.125
12 160 0.25
12 161 0.0625
12 275 0.0625
13 27 1.5
13 28 0.25
13 30 0.125
14 26 1.25
14 27 0.5
15 26 0.3125
15 28 0.0625
15 243 0.0625
15 247 0.5625
15 263 0.0625
16 247 0.4375
17 246 0.5
17 247 0.25
18 239 0.0625
18 242 0.5
18 243 0.125
18 246 0.0625
18 247 0.25
18 263 0.0625
19 263 0.0625
20 24 0.0625
20 263 0.0625
20 266 0.1875
20 267 0.0625
22 266 0.25
22 267 0.1875
22 269 0.0625
22 270 1.25
23 270 0.125
23 271 0.375
24 266 0.375
24 269 0.0625
24 270 0.0625
24 271 0.1875
24 272 1.25
25 164 0.4375
25 272 0.125
25 273 1.1875
25 274 0.25
26 266 0.0625
26 274 1.1875
27 273 0.0625
27 274 0.1875
27 275 1.1875
27 276 0.125
28 249 0.0625
28 259 0.0625
28 276 1.1875
28 278 0.0625
29 42 0.0625
29 156 0.25
29 160 0.3125
29 276 0.125
29 277 1.3125
29 278 0.25
30 33 0.125
30 278 1.1875
31 34 0.5625
31 37 1.0625
31 38 1.3125
31 39 0.375
31 42 0.6875
31 278 1.25
31 279 0.0625
32 37 0.25
32 280 0.0625
32 281 0.4375
33 281 0.125
34 37 0.0625
34 38 0.25
34 39 0.0625
34 41 0.4375
35 41 0.375
35 77 0.0625
36 41 0.3125
36 77 0.125
36 105 0.0625
36 284 0.1875
37 280 1.25
37 284 0.125
38 41 0.15625
38 70 0.3125
38 279 1.25
38 280 0.125
39 42 0.117188
39 149 0.0625
39 177 0.0625
39 279 0.1875
40 43 0.742188
40 44 0.078125
40 70 0.125
40 71 0.3125
40 74 0.25
41 44 0.78125
41 45 0.078125
41 74 0.1875
41 77 0.1875
42 45 0.78125
42 46 0.078125
42 148 0.125
42 149 0.0625
42 152 0.3125
42 153 0.3125
42 156 0.5
43 46 0.78125
43 47 0.15625
43 145 0.25
44 47 0.664062
44 48 0.117188
44 74 0.25
44 75 0.1875
44 78 0.125
45 48 0.78125
45 49 0.195312
45 78 0.125
46 49 0.742188
46 50 0.15625
46 144 0.375
46 147 0.0625
46 148 0.0625
47 50 0.664062
47 51 0.078125
47 142 0.3125
47 144 0.0625
48 51 0.78125
48 52 0.117188
48 57 0.0625
48 63 0.125
48 75 0.0625
48 78 0.125
48 82 0.0625
48 84 0.0625
49 52 0.78125
49 53 0.078125
49 82 0.0625
50 53 0.9375
50 54 0.351562
50 144 0.3125
50 147 0.125
51 54 0.859375
51 55 0.703125
51 56 0.859375
51 57 0.117188
52 55 0.0390625
52 57 0.078125
52 82 0.25
52 84 0.3125
54 144 0.3125
56 135 0.1875
57 61 0.3125
57 63 0.0625
57 84 0.6875
57 135 0.0625
58 61 0.375
58 84 0.5625
59 82 0.125
59 83 1.3125
59 84 0.125
60 83 0.0625
60 85 0.3125
61 84 1.3125
61 85 0.1875
62 85 1.5
62 87 0.25
62 133 0.125
62 134 1.4375
62 135 0.125
63 84 0.125
63 85 0.125
63 86 1.5
63 87 0.1875
63 135 1.25
64 86 0.1875
64 87 1.25
64 89 0.0625
64 125 0.0625
64 128 0.0625
64 133 0.1875
64 134 0.3125
64 135 0.1875
64 136 1.25
64 137 0.1875
65 75 0.125
65 87 0.0625
65 88 1.25
65 89 0.125
65 136 0.0625
65 137 0.3125
65 138 0.375
65 139 0.1875
66 89 1.1875
66 118 0.1875
66 121 0.25
66 139 0.0625
67 70 0.0625
67 71 0.25
67 72 0.125
67 89 0.1875
67 90 0.125
67 91 0.0625
67 94 0.0625
67 118 0.1875
68 94 0.25
68 118 0.25
68 209 0.0625
69 98 0.125
70 73 0.78125
70 74 0.078125
70 98 0.3125
70 280 0.3125
70 284 0.125
71 74 0.78125
71 75 0.195312
71 139 0.5625
72 75 0.742188
72 76 0.078125
72 88 0.1875
72 102 0.3125
73 76 0.78125
73 77 0.078125
73 98 0.0625
73 101 0.0625
73 102 0.125
73 284 0.3125
74 77 0.820312
74 78 0.117188
75 78 0.742188
75 79 0.078125
75 86 0.0625
75 137 0.125
76 79 0.78125
76 80 0.078125
76 102 0.0625
76 105 0.4375
76 107 0.0625
77 80 0.78125
77 81 0.078125
77 105 0.625
78 81 0.820312
78 82 0.15625
79 82 0.742188
79 83 0.78125
79 84 0.195312
79 86 0.0625
80 105 0.0625
86 107 1.25
86 108 0.1875
87 108 1.1875
87 128 0.0625
87 133 0.3125
88 102 0.0625
88 107 0.0625
88 108 0.125
88 109 1.25
88 110 0.1875
89 110 1.25
89 121 0.0625
89 124 0.25
89 125 0.125
90 94 0.125
90 102 0.1875
90 109 0.25
90 110 0.125
90 111 1.375
90 112 0.25
91 94 0.125
91 112 1.25
91 117 0.0625
92 99 0.117188
92 112 0.25
92 113 0.5
92 114 0.25
93 99 0.0390625
93 114 0.25
94 98 0.0390625
94 99 0.234375
95 98 0.9375
95 99 0.195312
96 99 1.01562
96 100 0.078125
97 100 0.78125
97 101 0.078125
97 284 0.125
97 287 0.1875
98 101 0.78125
98 102 0.195312
98 285 0.125
99 102 0.820312
99 103 0.078125
99 109 0.25
99 111 0.1875
100 103 0.78125
100 104 0.078125
101 104 0.0390625
101 105 0.078125
102 105 0.742188
102 106 0.664062
102 107 0.0390625
102 109 0.0390625
103 106 0.0390625
103 107 0.078125
103 108 0.0390625
110 128 0.125
112 116 0.5
112 117 0.0625
112 121 0.0625
112 124 0.0625
113 116 1.5625
113 117 0.0625
114 117 0.0625
116 119 0.703125
116 120 0.0390625
117 120 0.78125
117 121 0.078125
118 121 0.820312
118 122 0.078125
118 140 0.0625
119 122 0.78125
119 123 0.195312
120 123 0.78125
120 124 0.078125
121 124 0.78125
121 125 0.078125
122 125 0.78125
122 126 0.15625
122 138 0.5625
122 141 0.1875
123 126 0.78125
123 127 0.15625
124 127 0.859375
124 128 0.117188
125 128 0.78125
125 129 0.078125
125 136 0.0625
126 129 0.78125
126 130 0.195312
126 136 0.0625
127 130 0.78125
127 131 0.078125
128 131 0.820312
128 132 0.742188
128 133 0.234375
129 132 0.0390625
129 134 0.078125
137 142 0.25
138 141 1.6875
138 142 0.1875
139 145 0.1875
139 174 0.0625
140 174 0.1875
140 211 0.125
140 217 1.25
140 218 1.125
140 219 0.1875
141 217 0.0625
141 218 0.0625
141 219 0.25
142 145 0.078125
142 146 0.0390625
142 219 0.125
143 146 0.78125
143 147 0.078125
144 147 0.742188
144 148 0.0390625
145 148 0.742188
145 149 0.0390625
145 174 0.3125
145 176 0.125
145 219 0.0625
146 149 0.78125
146 150 0.078125
146 176 0.125
146 179 0.125
146 180 0.0625
146 183 0.0625
146 219 0.0625
147 150 0.78125
147 151 0.351562
148 151 0.820312
148 152 0.859375
149 152 0.664062
149 153 1.05469
149 154 0.0390625
149 155 0.0390625
149 176 0.375
149 177 0.5625
149 180 1.375
150 155 0.117188
150 180 0.25
150 183 0.3125
150 184 0.25
150 187 0.5
151 155 0.15625
152 155 0.898438
152 156 0.3125
153 156 0.78125
153 157 0.195312
153 181 0.1875
154 157 0.78125
154 158 0.078125
154 184 0.375
154 185 0.0625
155 158 0.78125
155 159 0.078125
155 184 0.375
156 159 0.820312
156 160 0.3125
157 160 0.742188
157 161 0.195312
157 165 0.0625
157 168 0.0625
157 185 0.0625
157 275 0.125
158 161 0.820312
158 162 0.742188
158 163 0.351562
158 165 0.125
158 184 0.125
158 185 0.0625
158 188 0.375
159 162 0.0390625
161 164 0.375
161 165 0.125
161 275 0.0625
163 190 0.1875
164 190 0.25
164 273 0.375
165 190 0.25
165 192 0.0625
165 273 1.3125
165 275 0.125
166 190 0.0625
166 192 1.25
166 193 0.125
166 272 0.375
166 273 1.4375
167 193 1.375
167 265 0.25
167 269 0.125
167 272 0.125
167 273 0.0625
167 274 1.1875
167 275 0.125
168 181 0.4375
168 193 0.125
168 194 1.3125
168 195 0.3125
168 275 1.25
168 277 0.25
169 195 1.25
169 197 0.125
169 258 0.0625
169 274 0.0625
169 275 0.1875
169 276 1.1875
170 177 0.0625
170 178 0.125
170 195 0.0625
170 196 1.25
170 197 0.1875
171 197 1.25
171 208 0.25
171 254 0.125
171 257 0.0625
171 258 0.125
172 196 0.0625
172 197 0.25
172 208 1.25
172 209 0.125
173 207 0.0625
173 209 0.0625
173 211 0.1875
174 217 0.125
174 219 0.125
175 178 0.742188
175 179 0.234375
175 219 0.1875
175 220 0.375
176 179 0.78125
176 180 0.0390625
176 219 0.0625
177 180 0.703125
177 181 0.117188
177 277 0.0625
178 181 0.742188
178 182 0.078125
178 194 0.125
178 195 0.1875
178 196 0.0625
178 225 0.0625
179 182 0.78125
179 183 0.3125
179 219 0.0625
179 220 0.0625
179 224 0.125
180 183 0.78125
180 184 0.0390625
181 184 0.78125
181 185 0.15625
182 185 0.78125
182 186 0.15625
182 194 0.125
182 224 0.4375
183 186 0.703125
183 187 0.117188
183 219 0.0625
183 224 0.125
184 187 0.742188
184 188 0.390625
185 188 0.15625
186 192 0.0625
186 194 0.0625
186 223 0.0625
186 224 0.3125
186 226 0.5
192 226 0.0625
193 226 0.3125
193 227 0.0625
194 224 0.1875
194 225 1.25
194 226 1.5
194 227 0.0625
195 225 0.0625
195 227 1.5
195 229 0.125
196 227 0.125
196 228 1.3125
196 229 0.0625
197 208 0.0625
197 229 1.375
197 257 0.1875
197 258 0.125
198 208 0.125
198 209 0.0625
198 210 0.25
198 228 0.1875
198 229 0.0625
198 230 1.4375
198 231 0.0625
199 203 0.125
199 208 0.125
199 209 0.1875
199 210 0.5
199 230 0.0625
199 231 1.25
200 203 0.3125
200 210 0.375
200 230 0.0625
200 231 0.4375
200 232 0.75
201 210 0.25
203 232 0.25
203 233 0.5
204 233 0.4375
205 208 0.5
205 231 0.0625
205 236 0.0625
205 253 0.1875
205 254 0.0625
206 254 0.125
208 254 0.1875
210 230 0.3125
211 215 0.117188
211 216 0.15625
211 217 0.351562
212 215 0.742188
212 216 0.0390625
213 216 0.15625
216 220 0.25
217 220 0.125
220 225 0.125
221 224 0.375
222 225 0.1875
225 228 0.0625
229 264 0.0625
229 265 0.0625
230 264 0.1875
231 236 0.0390625
231 257 0.125
231 260 0.0625
231 261 0.0625
231 264 0.0625
232 235 0.78125
232 236 0.0390625
233 236 0.78125
233 237 0.429688
234 237 0.859375
234 238 0.507812
235 238 0.78125
235 239 0.195312
235 260 0.1875
236 239 0.78125
236 240 0.078125
236 253 0.125
236 256 0.3125
236 257 0.125
237 240 0.820312
237 241 0.351562
237 253 0.0625
237 290 0.125
238 241 0.9375
238 242 0.078125
239 242 0.78125
239 243 0.15625
239 256 0.1875
239 259 0.1875
239 260 0.0625
240 243 0.742188
240 251 0.125
240 252 0.375
240 253 0.125
240 256 0.0625
240 290 0.25
240 291 0.4375
241 244 0.742188
241 245 0.078125
241 290 0.3125
241 291 0.125
241 292 0.3125
242 245 0.78125
242 246 1.05469
243 246 0.703125
243 247 0.78125
243 248 0.742188
243 249 0.859375
243 251 0.0625
243 259 0.0625
244 247 0.703125
244 248 0.0390625
244 249 0.117188
250 281 1.5
250 282 0.75
250 283 0.25
250 286 0.1875
250 291 0.3125
251 255 0.117188
251 278 0.0625
251 280 1.3125
251 281 1.25
251 282 0.1875
251 291 0.125
252 255 0.78125
252 280 0.0625
252 285 0.1875
253 256 0.742188
253 257 0.0390625
254 257 0.78125
254 258 0.078125
254 279 0.125
255 258 0.78125
255 259 0.117188
255 278 0.375
255 279 0.1875
255 280 0.0625
256 259 0.78125
256 260 0.078125
257 260 0.78125
257 261 0.0390625
258 261 0.742188
258 262 0.078125
258 277 0.0625
259 262 0.78125
259 263 0.15625
259 278 0.0625
260 263 0.742188
260 264 0.078125
261 264 0.78125
261 265 0.078125
262 265 0.820312
262 266 0.078125
262 274 0.0625
262 276 0.0625
263 266 0.820312
263 267 0.078125
264 267 0.78125
264 268 0.078125
265 268 0.78125
265 269 0.15625
265 274 0.0625
266 269 0.117188
269 272 0.1875
280 285 0.5625
281 285 0.125
282 285 1.5
283 286 0.125
285 288 1.375
285 290 0.125
286 289 0.0625
289 292 0.0625
