nresidues = 147
18 55 0.0625
18 56 1.25
18 57 0.5
19 54 0.0625
19 55 1.3125
19 56 0.125
20 24 0.117188
20 25 0.117188
20 55 0.4375
20 57 0.125
20 72 0.0625
20 103 0.125
20 105 0.125
21 24 0.9375
21 25 0.078125
21 55 0.0625
22 25 0.820312
22 26 0.078125
22 55 0.25
22 139 0.125
22 140 0.4375
22 141 0.1875
22 142 0.25
22 144 0.125
23 26 0.78125
23 27 0.078125
23 143 0.0625
23 144 0.375
24 27 0.78125
24 28 0.078125
25 28 0.820312
25 29 0.195312
25 49 0.0625
25 55 0.125
25 72 0.125
26 29 0.78125
26 30 0.078125
26 42 0.1875
26 46 0.125
26 141 0.0625
26 146 0.25
27 30 0.78125
27 31 0.390625
27 146 0.0625
28 31 0.898438
28 32 0.195312
28 105 0.1875
29 32 0.78125
29 33 0.703125
29 34 0.15625
29 42 0.125
29 45 0.1875
29 46 0.0625
29 105 0.0625
30 33 0.0390625
30 146 0.3125
32 106 0.1875
32 109 0.125
32 113 0.1875
33 37 0.125
33 113 0.0625
34 37 0.25
34 40 0.0625
34 45 0.3125
34 109 0.25
34 113 0.0625
35 40 1.1875
35 41 0.375
35 42 0.25
36 39 0.25
36 40 1.25
37 40 0.25
37 113 0.875
37 117 0.125
38 116 0.125
38 117 0.125
40 44 0.0390625
40 45 0.195312
40 121 0.3125
40 122 0.6875
41 44 0.859375
41 45 0.117188
41 137 0.0625
42 45 0.78125
42 46 0.117188
42 141 0.125
42 146 0.0625
43 46 0.742188
43 47 0.078125
43 137 0.4375
43 141 0.0625
44 47 0.820312
44 48 0.078125
44 122 0.125
44 128 0.4375
44 137 0.25
45 48 0.78125
45 49 0.078125
45 112 0.0625
45 116 0.0625
45 122 0.25
45 125 0.125
46 49 0.78125
46 50 0.078125
46 55 0.1875
46 140 0.125
46 141 0.0625
47 50 0.78125
47 51 0.15625
47 131 0.0625
47 132 0.5625
47 140 0.1875
48 51 0.78125
48 52 0.117188
48 73 0.0625
48 122 0.0625
49 52 0.703125
49 53 0.820312
49 54 0.664062
49 55 0.15625
49 72 0.1875
49 73 0.0625
50 53 0.703125
50 54 0.273438
50 55 0.15625
50 140 0.25
51 127 0.25
51 131 1.0625
51 140 0.0625
52 72 0.0625
52 74 0.3125
52 125 0.375
52 126 0.1875
52 127 0.25
53 56 0.25
53 59 0.0625
53 71 0.0625
53 72 0.5
55 72 0.3125
56 59 0.125
56 71 1.125
56 72 0.0625
57 71 0.0625
57 100 0.0625
57 101 0.25
57 102 0.1875
57 103 0.125
58 101 0.125
59 69 0.0625
59 70 1.25
59 71 0.125
59 74 0.25
59 101 0.0625
60 69 1.25
60 74 0.0625
61 68 1.375
61 69 0.5
61 74 0.0625
62 67 1.125
62 68 0.1875
63 66 0.0625
63 67 0.6875
63 68 0.0625
63 69 0.25
63 76 0.0625
65 78 0.375
65 87 0.125
66 85 0.125
66 86 0.1875
67 76 0.3125
67 77 0.25
67 86 0.1875
68 75 0.0625
68 76 1.3125
68 77 0.25
68 83 0.0625
69 74 0.8125
69 75 1.25
69 76 0.3125
70 73 1.125
70 74 1.5
70 75 0.25
70 77 0.0625
70 81 0.0625
70 83 0.3125
70 85 0.0625
70 97 0.5
70 100 1.25
70 101 0.1875
71 74 0.3125
71 100 0.0625
71 101 0.0625
73 112 0.0625
73 125 0.25
75 80 0.0625
75 100 0.125
75 108 0.0625
75 111 0.125
76 79 1.0625
76 80 1.3125
77 81 0.3125
77 83 0.25
77 86 0.5625
77 97 0.0625
78 86 0.125
78 87 0.25
78 88 0.125
78 89 1.1875
78 90 0.0625
79 90 1.75
79 91 1.25
79 92 0.25
80 91 1.4375
80 92 1.4375
80 93 0.25
80 115 0.5
80 118 0.0625
80 120 0.125
81 91 0.25
81 95 1.25
81 96 0.125
81 97 0.625
81 100 0.125
82 91 0.125
82 95 0.125
82 96 1.3125
82 97 0.3125
83 86 0.25
83 97 0.0625
91 94 0.5625
91 95 0.25
92 114 0.125
92 118 0.0625
93 111 0.4375
93 114 0.0625
95 100 0.125
96 99 0.125
97 100 1.3125
98 101 1.25
99 102 0.125
99 107 0.125
100 107 0.1875
100 108 0.3125
105 108 0.78125
105 109 0.195312
106 109 0.78125
106 110 0.234375
107 110 0.78125
107 111 0.078125
108 111 0.820312
108 112 0.078125
109 112 0.78125
109 113 0.117188
110 113 0.78125
110 114 0.078125
111 114 0.78125
111 115 0.15625
112 115 0.742188
112 116 0.078125
112 125 0.25
113 116 0.820312
113 117 0.15625
114 117 0.78125
114 118 0.15625
115 118 0.78125
115 119 0.664062
115 120 0.15625
115 124 0.0625
115 125 0.125
116 119 0.0390625
120 123 1.125
121 124 0.0625
121 125 0.0625
122 125 0.3125
122 128 0.75
123 128 0.0625
125 128 0.820312
125 129 0.0390625
126 129 0.820312
126 130 0.234375
127 130 0.742188
127 131 0.117188
128 131 0.703125
128 132 0.9375
128 133 0.3125
129 133 0.0390625
131 135 0.125
132 135 0.375
132 137 0.0625
136 139 0.125
136 142 0.3125
137 140 0.1875
138 141 1.25
138 142 0.75
139 142 0.5
141 144 0.3125
141 146 0.0625
