nresidues = 1032
41 53 0.0625
41 54 0.0625
41 125 0.125
41 126 1.375
41 127 0.1875
42 127 1.375
43 51 0.0625
43 126 0.125
43 127 0.0625
43 220 0.0625
43 222 0.125
44 49 0.0625
44 222 0.1875
45 130 0.125
45 133 0.3125
45 222 0.0625
46 49 0.125
46 222 0.125
47 222 1.0625
47 323 0.125
47 324 0.25
47 325 0.125
48 222 1.125
48 325 0.125
49 220 0.125
49 221 1.25
49 222 0.25
50 220 1.25
50 221 0.0625
51 218 0.0625
51 219 1.3125
51 220 0.25
52 217 0.1875
52 218 1.1875
52 219 0.125
53 56 0.4375
53 85 0.125
53 124 0.0625
53 218 0.3125
53 220 0.0625
54 84 1.25
54 85 0.125
55 83 1.1875
55 84 0.0625
55 124 0.125
56 81 0.0625
56 82 1.1875
56 83 0.1875
56 122 0.1875
56 123 1.3125
56 218 0.125
57 80 0.4375
57 81 1.3125
57 82 0.0625
57 121 0.0625
57 122 1.1875
57 123 0.25
58 80 1.625
58 81 0.4375
58 83 0.1875
58 89 0.0625
58 120 0.0625
58 121 1.3125
58 122 0.3125
59 63 0.5
59 79 0.0625
59 80 0.5
59 81 0.0625
59 120 1.8125
59 121 0.1875
60 63 0.125
60 118 0.0625
60 119 1.3125
60 120 0.375
61 64 0.25
61 118 0.125
61 119 0.5
61 121 0.125
64 70 0.0625
64 80 0.0625
64 121 0.25
66 69 0.125
67 70 0.125
67 121 0.4375
67 149 0.125
67 186 0.375
68 71 0.0625
68 72 0.1875
68 149 0.3125
68 152 0.0625
69 72 0.25
69 75 0.4375
70 75 0.4375
70 80 0.0625
70 121 0.0625
70 123 0.375
70 184 0.0625
71 149 0.375
71 150 1.3125
71 151 1.5625
71 152 0.0625
71 182 0.375
72 75 0.125
72 123 0.125
72 152 0.0625
72 182 0.0625
73 151 0.125
73 180 0.125
73 182 0.1875
75 80 0.0625
75 123 0.1875
77 80 0.75
77 123 0.0625
80 121 0.1875
80 123 0.0625
81 93 0.25
81 96 0.1875
81 98 0.3125
82 96 0.5
83 87 0.25
83 92 0.0625
83 95 0.375
84 87 0.25
84 95 0.25
85 214 1.0625
85 217 0.1875
86 214 1.1875
86 215 0.5625
86 216 0.1875
86 217 0.6875
86 368 0.0625
86 370 0.625
86 398 0.125
86 400 0.5
87 95 0.0625
87 122 0.25
87 213 1.0625
87 214 0.125
88 91 0.859375
88 92 0.0390625
88 122 0.25
88 209 0.25
88 211 0.3125
88 212 1.3125
88 215 0.0625
88 367 0.3125
89 92 0.742188
89 93 0.117188
89 116 0.125
89 120 0.5625
89 122 0.1875
89 209 0.3125
89 212 0.25
90 93 0.78125
90 94 0.390625
90 102 0.1875
90 108 0.0625
90 111 0.125
90 208 0.125
90 209 0.3125
90 367 0.3125
91 94 0.78125
91 95 0.078125
91 367 0.0625
91 369 0.0625
92 95 0.78125
92 96 0.117188
93 96 0.78125
93 97 0.664062
93 98 0.117188
93 99 0.0390625
93 116 0.125
94 99 0.0390625
94 100 0.0390625
94 102 0.125
99 111 0.1875
99 112 0.125
99 115 0.25
100 107 0.25
101 104 0.1875
101 107 0.3125
102 108 0.0625
102 367 0.1875
102 575 0.0625
102 647 0.125
103 365 0.0625
103 369 0.125
103 556 0.25
103 575 0.125
103 647 0.25
103 648 0.625
103 657 0.0625
103 658 0.1875
104 107 0.375
104 555 0.1875
104 556 1.5
104 557 0.25
104 558 0.125
104 575 0.0625
105 556 0.0625
105 561 0.5
105 574 0.0625
105 575 0.3125
106 109 1.375
106 110 0.1875
106 574 0.0625
107 110 0.3125
108 111 0.125
108 205 0.1875
108 206 0.125
108 208 0.1875
108 367 0.125
108 574 0.25
109 574 0.375
111 115 0.0625
111 116 0.0625
111 208 0.25
112 115 0.3125
112 116 0.125
113 116 1.4375
113 208 0.0625
114 117 0.1875
115 118 0.0625
115 120 0.25
116 120 0.125
116 189 0.125
116 208 0.3125
116 209 0.4375
116 212 0.125
117 189 0.25
118 189 0.375
118 212 0.0625
119 186 0.125
119 187 1.25
119 188 0.125
119 189 0.0625
119 212 0.0625
120 185 0.0625
120 186 1.25
120 187 0.3125
120 212 0.125
121 149 0.1875
121 184 0.125
121 185 1.5
121 186 0.5625
122 183 0.0625
122 184 1.3125
122 185 0.25
122 187 0.0625
122 212 0.0625
122 213 0.1875
122 214 0.1875
123 182 0.3125
123 183 1.25
124 182 1.25
124 183 0.3125
125 180 0.125
125 181 1.375
125 182 0.1875
126 179 0.0625
126 180 1.25
126 181 0.5
127 179 1.375
128 131 0.0625
128 176 0.0625
128 177 0.0625
128 178 1.25
128 179 0.1875
128 181 0.125
128 222 0.125
130 222 0.25
131 177 0.1875
131 222 0.0625
132 222 0.0625
133 222 0.5
133 223 1.3125
134 171 0.3125
134 173 0.5
134 221 0.0625
134 222 1.4375
134 223 0.3125
134 224 0.1875
134 255 0.4375
135 171 1.25
135 172 1.3125
135 173 0.0625
135 220 0.0625
135 221 1.3125
135 222 0.375
136 169 0.1875
136 170 1.4375
136 171 0.5625
136 219 0.0625
136 220 1.25
136 221 0.3125
136 223 0.125
136 253 0.125
136 255 0.3125
137 148 0.0625
137 168 1.25
137 169 1.25
137 170 0.25
137 172 0.0625
137 183 0.0625
137 219 1.1875
138 167 0.625
138 168 1.25
138 218 1.25
138 219 0.3125
138 221 0.5625
139 142 0.125
139 161 0.0625
139 166 0.0625
139 167 1.3125
139 168 0.375
139 170 0.125
139 185 0.1875
139 217 0.125
139 218 0.25
140 164 1.1875
140 166 0.1875
140 216 0.3125
141 164 1.1875
141 213 0.0625
141 214 1.25
141 215 0.25
142 145 0.25
142 146 0.0625
142 163 1.1875
142 164 0.0625
142 213 1.1875
143 164 0.0625
143 187 0.0625
143 188 1.1875
143 197 0.1875
143 211 0.1875
143 212 1.25
143 213 0.1875
143 215 0.0625
144 162 1.25
144 163 0.0625
144 188 0.0625
144 189 0.1875
144 190 0.125
144 195 0.375
145 158 0.3125
145 161 1.25
145 162 0.5
145 186 0.0625
145 187 1.25
145 188 0.3125
145 194 0.0625
145 195 0.25
146 157 1.3125
146 158 0.25
146 161 0.1875
146 186 1.25
146 188 0.125
147 156 1.3125
147 157 0.3125
147 158 0.1875
147 184 0.0625
147 185 1.25
147 186 0.1875
147 188 0.375
148 154 1.3125
148 155 1.4375
148 156 0.125
148 161 0.0625
148 184 1.1875
148 185 0.125
149 152 0.3125
149 153 1.75
149 154 0.8125
149 183 1.25
149 184 0.25
150 153 0.375
150 155 0.125
150 172 0.0625
150 175 0.0625
150 182 1.25
151 175 0.1875
151 177 0.25
151 181 0.5625
151 182 0.0625
153 175 0.125
154 157 0.0625
155 172 0.0625
155 175 0.1875
156 161 0.0625
156 170 0.0625
157 160 1.25
157 161 0.125
158 161 0.25
158 162 0.1875
158 188 0.6875
160 168 0.1875
160 170 0.0625
161 168 0.125
162 166 0.25
162 442 0.25
163 166 0.1875
163 196 1.1875
164 197 0.125
165 197 0.0625
165 198 0.125
165 216 0.125
165 394 0.125
165 395 0.3125
165 396 0.125
165 416 0.125
165 422 0.1875
165 446 0.0625
165 449 0.125
165 450 0.1875
166 442 0.0625
166 445 0.125
166 446 0.0625
166 449 0.125
167 449 0.125
167 452 0.25
169 229 0.4375
169 253 0.375
171 255 0.1875
172 175 1.5
172 176 0.25
173 176 0.0625
176 181 0.3125
177 180 0.125
177 181 0.875
185 214 0.125
185 218 0.125
187 212 0.125
187 213 0.125
187 214 0.0625
188 212 0.125
189 194 0.078125
189 195 0.0390625
190 194 0.0390625
190 195 0.234375
190 197 0.25
190 198 0.0625
190 210 0.5625
191 194 0.898438
191 195 0.273438
192 195 0.078125
192 198 0.25
192 199 0.125
192 210 0.25
192 420 1.4375
192 421 0.125
193 419 0.0625
193 420 1.25
193 421 0.25
193 431 0.25
193 432 1.25
193 433 0.25
194 421 0.4375
194 433 0.375
195 421 0.3125
196 421 0.125
196 422 0.75
196 435 0.0625
196 439 0.0625
196 442 0.1875
197 417 0.0625
197 422 0.25
198 368 0.0625
198 395 0.0625
198 417 0.25
198 420 0.0625
199 395 0.25
199 417 0.25
199 420 0.0625
200 203 0.3125
200 207 0.1875
200 211 0.375
200 363 0.125
200 364 0.0625
200 365 0.125
200 366 0.625
200 368 0.0625
200 395 0.375
200 646 0.1875
201 393 0.1875
201 418 0.1875
201 419 0.125
202 577 0.3125
202 579 0.0625
202 582 0.125
202 652 0.375
203 363 0.1875
203 393 0.125
203 395 0.25
203 576 0.0625
203 641 0.25
203 642 0.5625
203 651 0.25
203 652 0.0625
204 576 0.125
204 577 1.1875
204 578 0.1875
204 647 0.25
205 366 0.125
205 574 0.75
205 577 0.3125
205 578 0.3125
205 647 0.25
206 210 0.0625
207 210 0.0625
207 211 0.25
207 366 0.0625
207 367 0.125
209 212 0.25
211 366 0.25
211 367 0.125
211 368 0.125
215 368 0.0625
216 396 0.0625
216 450 0.25
216 453 0.4375
221 229 0.3125
223 226 0.0625
223 324 1.4375
223 325 0.1875
224 324 0.25
225 253 0.0625
225 254 1.25
225 255 1.1875
225 256 0.125
225 324 0.0625
226 252 0.125
226 253 1.25
226 260 0.0625
226 262 0.0625
226 319 0.125
226 324 0.4375
226 325 0.0625
227 251 0.0625
227 252 1.1875
227 253 0.25
227 325 0.3125
228 250 0.0625
228 251 1.25
228 252 0.0625
228 315 0.0625
228 325 0.3125
228 326 0.1875
228 327 0.0625
229 250 1.125
229 251 0.375
229 253 0.0625
229 284 0.0625
229 325 0.1875
230 249 0.0625
230 251 0.0625
230 452 0.3125
230 455 0.4375
231 249 1.1875
231 250 0.125
231 313 0.125
232 248 1.25
232 249 0.375
232 313 0.0625
232 455 1.25
232 456 0.4375
232 487 0.375
233 246 0.0625
233 247 1.25
233 268 0.0625
233 313 0.0625
233 331 0.3125
233 456 0.0625
234 245 0.0625
234 246 1.25
234 247 0.25
234 249 0.0625
234 487 0.25
235 245 1.1875
235 246 0.0625
235 332 0.25
235 333 0.4375
235 334 0.3125
236 244 1.3125
236 245 0.1875
236 335 0.0625
237 241 0.1875
237 243 1.25
237 297 0.0625
237 299 0.125
237 333 0.1875
237 334 0.125
237 351 0.0625
238 241 0.375
238 242 0.5
238 243 0.4375
241 297 0.0625
241 299 0.0625
241 301 0.125
241 351 0.25
242 295 1.25
242 296 0.0625
242 297 0.25
243 293 0.125
243 294 1.4375
243 295 0.25
243 297 0.0625
244 292 0.0625
244 293 1.25
244 294 0.3125
244 333 0.0625
245 291 0.3125
245 292 1.1875
245 293 0.0625
246 269 0.0625
246 291 1.25
246 292 0.375
247 288 0.0625
247 291 0.0625
248 268 0.1875
248 273 0.1875
248 287 0.0625
248 288 1.1875
248 289 0.5
248 313 0.0625
249 286 0.0625
249 287 1.25
249 288 0.125
249 487 0.3125
250 286 1.25
250 287 0.3125
250 315 0.0625
251 284 0.5
251 285 1.3125
251 286 0.375
252 264 0.0625
252 277 0.0625
252 279 0.125
252 283 0.0625
252 284 1.3125
252 285 0.0625
252 287 0.0625
253 279 0.0625
253 283 1.25
253 284 0.0625
254 258 0.25
254 259 0.125
254 260 0.125
254 279 0.25
254 280 0.3125
254 281 1.25
254 282 1.25
254 283 0.125
255 282 0.25
256 281 1.1875
256 282 0.125
257 281 0.1875
258 281 0.0625
259 279 1.25
259 280 0.0625
260 278 1.1875
260 279 0.25
261 276 0.0625
261 277 1.1875
261 278 0.125
261 319 0.0625
262 275 0.0625
262 276 1.3125
262 277 0.25
262 279 0.0625
262 317 0.125
262 318 1.375
262 319 0.0625
263 274 0.0625
263 275 1.3125
263 276 0.375
263 316 0.0625
263 317 1.25
263 318 0.1875
264 274 1.25
264 275 0.25
264 289 0.125
264 316 1.1875
265 273 1.25
265 274 0.25
265 315 1.3125
265 316 0.125
266 271 0.0625
266 272 1.1875
266 273 0.25
266 314 1.1875
267 271 1.25
267 312 0.0625
267 313 1.25
267 314 0.1875
268 271 0.25
268 273 0.0625
268 312 1.1875
268 313 0.125
268 331 0.125
269 311 0.1875
269 312 0.0625
271 292 0.0625
271 293 0.1875
271 294 0.0625
273 289 0.375
273 292 0.0625
273 315 0.0625
274 289 0.1875
275 287 0.0625
275 288 0.0625
275 289 0.25
275 290 0.25
277 285 0.0625
277 287 0.0625
278 285 0.25
279 283 0.375
279 284 0.0625
279 285 0.125
280 283 0.375
294 297 0.125
294 311 0.1875
297 311 0.3125
298 309 0.625
298 311 0.1875
299 307 0.0625
299 333 1.3125
299 351 0.1875
300 307 1.1875
300 308 0.5
300 309 0.1875
300 333 0.125
300 334 0.1875
300 351 0.125
300 406 0.375
300 409 0.0625
300 411 0.125
300 458 0.8125
300 459 0.125
301 305 0.5625
301 306 0.25
301 307 0.25
301 308 0.25
301 351 0.5
301 353 0.0625
302 305 1.375
302 308 0.1875
302 350 0.125
302 355 0.0625
302 409 1.3125
303 308 0.0625
303 383 0.0625
303 408 0.0625
303 409 0.125
304 693 0.0625
305 353 0.0625
305 355 0.0625
305 726 0.125
308 406 0.125
308 407 0.1875
308 408 0.125
308 409 0.0625
310 330 0.3125
310 331 1.375
310 403 0.5625
310 406 0.5625
310 407 0.3125
310 458 0.125
311 330 1.3125
311 331 0.5
311 333 0.125
312 329 1.3125
312 330 0.125
312 331 0.0625
313 327 0.0625
313 328 1.25
313 329 0.4375
314 327 1.25
314 328 0.125
315 326 1.25
315 327 0.1875
316 323 0.125
316 325 1.375
316 326 0.0625
317 323 1.25
317 324 1.25
317 325 0.1875
318 322 1.5625
318 323 0.125
319 322 0.375
319 324 0.0625
330 456 0.125
331 456 1.1875
331 458 0.0625
332 458 0.0625
334 350 0.0625
334 351 0.1875
334 457 0.0625
334 458 0.5625
334 460 0.125
334 490 0.25
335 350 1.3125
335 351 0.1875
336 349 1.3125
336 461 0.125
336 490 0.0625
337 347 0.0625
337 348 1.3125
337 349 0.25
337 491 0.0625
338 346 0.3125
338 347 1.1875
338 348 0.125
338 491 0.125
339 345 0.0625
339 346 1.3125
339 347 0.25
340 344 0.0625
340 345 1.25
340 346 0.0625
340 506 0.0625
340 507 0.125
340 508 0.0625
341 344 0.3125
341 345 0.4375
341 634 0.0625
341 636 0.0625
343 632 0.1875
343 633 0.3125
343 634 0.0625
344 508 0.125
345 508 1.3125
345 636 0.0625
346 493 0.1875
346 494 0.0625
346 506 0.0625
346 507 0.4375
346 508 0.25
346 537 0.0625
346 636 0.25
347 354 0.125
347 355 0.125
347 628 0.125
347 636 0.125
348 354 1.1875
348 355 0.0625
348 357 0.0625
348 413 0.0625
348 461 0.375
348 462 0.3125
348 493 0.125
348 509 0.125
348 537 0.1875
349 353 1.5
349 354 0.125
350 353 0.3125
353 726 0.0625
354 628 0.25
355 628 0.5625
356 388 0.1875
356 624 0.1875
356 625 0.125
356 628 0.3125
356 635 0.125
356 636 1.375
356 637 0.0625
357 388 0.3125
357 389 0.25
357 461 0.0625
357 537 0.3125
357 637 1.25
357 638 0.125
357 639 0.0625
358 386 0.1875
358 387 1.4375
358 388 1.5
358 625 0.0625
358 638 1.1875
358 672 0.4375
358 691 0.5625
359 389 1.25
359 621 0.125
359 638 0.1875
359 639 1.3125
359 640 0.125
360 390 1.25
360 391 0.125
360 639 0.25
360 640 1.1875
360 642 0.1875
360 643 0.125
361 391 1.25
361 639 0.0625
361 640 0.0625
361 641 0.0625
361 642 1.4375
361 643 1.25
361 644 0.0625
362 378 0.125
362 390 0.0625
362 391 0.1875
362 397 0.375
362 401 0.5
362 643 0.0625
362 644 0.375
363 644 0.5625
363 645 0.25
363 646 0.1875
364 368 0.0625
364 395 0.125
364 397 0.1875
364 646 0.125
365 368 0.3125
365 369 0.9375
365 646 1.4375
366 646 0.375
366 647 0.1875
370 375 0.078125
370 397 0.0625
370 398 0.125
370 400 0.1875
371 374 0.898438
371 375 0.078125
372 375 0.78125
372 376 0.0390625
372 400 0.0625
372 404 0.0625
373 376 0.820312
373 377 0.3125
373 872 0.1875
374 377 0.820312
374 378 0.195312
375 378 0.820312
375 379 0.15625
375 404 0.125
376 379 0.820312
376 380 0.15625
376 404 0.1875
377 380 0.78125
377 381 0.15625
377 659 0.0625
377 849 0.125
377 872 0.5
378 381 0.78125
378 382 0.0390625
378 644 0.0625
378 655 0.1875
378 659 0.0625
379 382 0.78125
379 401 0.3125
379 404 0.1875
379 408 0.1875
379 410 0.0625
380 383 0.78125
380 384 0.078125
380 408 0.0625
380 851 0.375
381 384 0.78125
381 385 0.15625
381 655 0.375
381 659 0.5625
381 661 0.25
381 665 0.4375
381 849 0.5
381 850 0.1875
381 851 0.125
382 385 0.78125
382 386 0.664062
382 387 0.195312
382 390 0.0625
382 410 0.0625
382 643 0.0625
383 386 0.0390625
383 387 0.0390625
383 408 0.0625
383 410 0.125
384 665 0.3125
384 669 0.375
384 851 0.3125
384 852 0.1875
385 643 0.0625
385 654 0.0625
385 665 0.6875
385 668 1.1875
385 669 0.125
385 672 0.0625
386 672 0.3125
387 621 0.125
387 643 0.0625
387 672 0.125
388 410 1.1875
388 411 0.25
389 411 1.4375
389 413 0.125
390 411 0.125
390 412 1.25
390 413 0.125
390 643 0.0625
391 413 1.375
391 467 0.125
391 496 0.1875
391 539 0.25
391 540 0.375
391 639 0.0625
391 641 0.0625
392 396 0.0625
392 397 0.0625
392 401 0.0625
392 413 0.0625
392 414 1.1875
392 415 0.0625
393 415 1.125
393 416 0.125
393 417 0.5625
393 418 0.1875
393 467 0.25
393 540 0.0625
393 641 0.125
394 415 0.0625
394 416 0.0625
394 417 0.1875
395 417 0.1875
396 402 0.078125
396 415 0.125
396 416 0.0625
396 450 0.1875
396 453 0.25
396 463 0.125
397 401 0.234375
397 402 0.078125
397 453 0.3125
398 401 0.742188
398 402 0.0390625
398 453 0.25
399 402 0.78125
399 403 0.117188
399 453 0.4375
400 403 0.820312
400 404 0.15625
401 404 0.78125
401 405 0.078125
402 405 0.820312
402 406 0.273438
402 412 0.1875
402 453 0.0625
402 454 0.3125
402 457 0.625
402 459 0.0625
402 460 0.0625
403 406 0.820312
403 407 0.195312
403 457 0.1875
404 407 0.78125
404 408 0.195312
405 408 0.742188
405 409 0.742188
405 410 0.15625
405 412 0.0625
405 459 0.3125
406 409 0.0390625
406 457 0.75
406 458 0.375
406 459 0.1875
410 459 0.125
411 459 1.375
411 461 0.1875
412 459 0.4375
412 460 1.3125
412 461 0.125
413 461 0.125
413 462 1.0625
413 464 0.0625
413 509 0.0625
413 537 0.125
414 454 0.0625
414 460 0.125
414 462 0.1875
414 463 1.3125
415 463 0.1875
415 464 1.25
416 422 0.4375
416 446 0.1875
416 447 0.1875
416 450 0.0625
416 463 0.6875
416 465 0.0625
416 467 0.0625
416 479 0.4375
417 420 0.4375
417 422 0.0625
417 423 0.1875
417 467 0.125
418 423 0.3125
418 467 0.0625
418 468 0.4375
419 430 0.3125
419 431 1.375
419 468 0.0625
420 423 1.1875
420 424 0.0625
420 431 0.1875
420 432 0.25
421 424 0.0625
421 433 0.25
421 434 0.125
421 435 0.4375
421 439 0.375
422 435 0.125
422 446 0.125
422 479 0.125
423 426 1.25
423 427 0.5625
423 466 0.1875
423 467 0.3125
423 468 0.375
423 469 0.375
424 427 0.125
424 432 0.1875
424 433 1.4375
424 434 0.125
424 435 0.125
425 434 0.25
425 435 0.3125
425 440 0.1875
425 472 0.0625
425 475 0.125
426 469 0.25
426 470 0.1875
426 471 0.0625
426 472 0.0625
427 430 0.4375
427 431 0.1875
427 469 0.25
435 439 0.390625
435 440 0.15625
435 443 0.125
435 475 0.25
435 479 0.0625
436 439 0.898438
436 440 0.078125
437 440 0.117188
437 441 0.0390625
437 474 0.5
438 441 0.78125
438 442 0.078125
439 442 0.78125
439 443 0.078125
440 443 0.78125
440 444 0.078125
440 474 1.125
440 475 0.0625
441 444 0.820312
441 445 0.078125
442 445 0.78125
442 446 0.15625
443 446 0.78125
443 447 0.078125
443 479 0.25
444 447 0.78125
444 448 0.078125
444 478 0.1875
444 481 0.0625
444 482 0.0625
445 448 0.78125
445 449 0.117188
446 449 0.78125
446 450 0.117188
447 450 0.742188
447 451 0.078125
447 463 0.5
447 479 0.25
447 482 0.1875
447 483 0.125
448 451 0.78125
448 452 0.195312
448 482 0.125
448 485 0.375
448 486 0.1875
449 452 0.78125
449 453 0.117188
450 453 1.17188
450 454 0.15625
451 454 0.742188
451 455 0.15625
451 486 0.125
451 488 0.3125
452 455 0.351562
453 457 0.125
454 457 0.1875
454 460 0.0625
455 486 0.375
455 488 0.0625
457 460 0.25
460 490 0.25
461 491 0.1875
462 491 1.25
462 493 0.0625
463 483 0.1875
463 488 0.125
463 491 0.0625
463 492 1.1875
463 493 0.125
464 493 1.625
464 495 0.375
464 496 0.1875
464 509 0.25
465 471 0.25
465 476 0.125
465 479 0.125
465 483 0.0625
465 492 0.1875
465 493 0.0625
465 494 1.1875
466 469 1.1875
466 494 1.25
466 495 1.25
467 495 1.375
467 496 1.25
467 497 0.0625
467 511 0.1875
468 497 0.1875
468 499 0.1875
468 511 0.1875
469 499 0.625
470 494 0.125
470 499 0.0625
470 500 0.1875
470 501 0.125
471 475 0.117188
471 494 0.0625
471 501 0.0625
471 502 0.0625
472 475 0.9375
472 476 0.078125
472 502 0.125
473 476 0.78125
473 477 0.078125
473 502 0.25
473 503 0.25
474 477 0.78125
474 478 0.0390625
475 478 0.742188
475 479 0.273438
476 479 0.78125
476 480 0.195312
476 501 0.5
476 502 0.375
476 503 0.8125
476 504 0.25
477 480 0.78125
477 481 0.390625
477 503 0.0625
478 481 0.78125
478 482 0.078125
479 482 0.78125
479 483 0.117188
480 483 0.78125
480 484 0.078125
480 503 0.0625
480 504 0.0625
481 484 0.78125
481 485 0.078125
482 485 0.78125
482 486 0.078125
483 486 0.78125
483 487 0.742188
483 488 0.3125
483 492 0.0625
484 487 0.078125
492 504 0.0625
493 507 0.0625
493 509 0.0625
494 500 0.0625
494 501 0.125
494 505 0.125
494 506 0.1875
494 507 0.1875
495 499 0.0625
495 507 0.0625
496 509 1.25
496 510 1.25
496 511 0.25
496 539 0.375
497 507 0.1875
497 509 1.3125
497 510 0.0625
497 511 0.125
498 507 0.1875
498 509 0.125
499 507 0.0625
500 505 1.375
501 504 1.3125
501 505 0.25
508 536 1.125
508 537 0.0625
509 537 1.6875
510 531 0.125
510 532 0.1875
510 533 0.1875
510 535 0.75
510 537 0.1875
510 538 1.3125
510 539 0.0625
511 515 0.125
511 540 0.1875
512 529 0.0625
512 530 0.75
512 531 0.375
512 780 1.1875
513 522 0.0625
513 531 1.0625
513 532 0.0625
513 541 0.1875
513 780 0.0625
514 518 0.1875
514 522 0.375
514 523 0.1875
514 541 1.5
514 542 1.375
514 781 1.4375
514 782 0.0625
515 540 0.5
515 542 1.1875
515 543 1.1875
515 544 0.125
515 576 0.0625
515 582 0.1875
515 641 0.125
515 652 0.25
515 780 0.125
515 781 1.1875
516 542 0.0625
516 543 1.6875
516 544 0.0625
516 576 0.3125
516 582 0.125
516 587 0.125
516 781 0.0625
517 520 0.0625
517 543 0.0625
517 587 0.0625
517 591 0.1875
517 595 0.25
517 612 0.0625
517 616 0.1875
517 782 0.125
517 785 0.125
518 522 0.4375
518 523 0.125
518 616 0.25
518 782 0.0625
518 783 0.0625
519 522 0.125
519 616 0.125
519 771 0.3125
519 773 0.125
519 785 0.5625
520 523 0.1875
520 595 0.1875
520 615 0.25
520 616 0.125
520 619 0.125
520 681 0.125
520 771 0.0625
521 524 1.25
521 681 0.0625
521 682 0.0625
521 771 0.0625
522 525 0.125
522 531 0.3125
522 532 0.1875
522 773 0.125
522 775 0.25
522 783 0.125
523 532 0.125
523 533 1.1875
523 534 0.125
523 541 0.1875
523 542 0.1875
523 616 0.3125
523 619 0.125
523 620 1.1875
523 623 0.375
524 622 0.25
524 623 0.5625
524 626 0.375
524 679 0.0625
524 680 0.1875
524 681 0.0625
524 682 0.5
525 528 0.3125
525 533 1.1875
525 535 0.125
525 775 0.375
526 534 0.0625
526 535 0.125
526 627 0.125
526 630 0.3125
526 632 0.0625
526 633 0.1875
528 531 0.3125
528 535 0.0625
528 775 0.5
529 535 0.375
531 535 0.125
531 775 0.125
531 778 0.4375
531 779 0.0625
532 535 0.0625
532 538 0.125
533 538 0.0625
533 624 0.0625
534 623 0.3125
534 624 0.5625
534 627 0.3125
534 635 0.1875
535 633 0.125
535 634 1.375
535 635 0.125
536 634 0.0625
536 635 1.25
536 636 1.3125
536 637 0.0625
537 636 0.5
537 637 1.4375
538 541 0.25
538 624 0.25
538 637 0.1875
538 638 1.3125
538 639 0.1875
539 639 1.3125
540 639 1.1875
540 641 0.3125
541 620 0.3125
541 638 0.0625
541 639 0.0625
541 640 1.3125
541 641 0.1875
542 620 0.125
542 640 0.1875
542 641 0.3125
542 652 0.125
543 616 0.125
544 651 1.3125
544 652 0.3125
545 576 0.1875
545 585 0.0625
545 588 0.5625
545 613 0.1875
545 650 1.375
545 651 0.125
546 613 0.6875
546 640 0.25
546 650 1.375
546 651 0.0625
546 652 0.1875
546 653 0.4375
546 664 0.0625
547 553 0.0390625
547 609 0.125
547 610 0.25
547 613 0.4375
547 662 0.1875
548 552 0.117188
548 553 0.15625
548 556 0.0625
548 610 0.125
548 649 0.125
548 650 0.0625
548 656 0.0625
548 662 0.0625
549 552 0.898438
549 553 0.117188
549 660 0.4375
549 661 0.125
550 553 0.78125
550 554 0.234375
550 602 0.0625
550 603 0.0625
550 606 0.125
551 554 0.664062
551 555 0.117188
551 846 0.375
551 884 0.5
552 555 0.78125
552 556 0.117188
552 656 0.375
552 658 0.125
552 660 0.0625
553 556 0.859375
553 557 0.117188
553 562 0.125
553 606 0.0625
553 650 0.0625
554 557 0.0390625
555 658 0.8125
555 845 0.0625
556 575 0.25
556 648 0.5
556 649 0.25
556 650 0.0625
557 561 0.351562
557 562 0.15625
557 565 0.0625
557 573 0.0625
557 650 0.0625
558 561 1.01562
558 562 0.15625
559 562 0.78125
559 563 0.078125
560 563 0.78125
560 564 0.078125
561 564 0.78125
561 565 0.078125
561 573 0.0625
562 565 0.820312
562 566 0.0390625
562 602 0.0625
563 566 0.976562
563 567 0.429688
564 567 0.742188
564 568 0.15625
564 571 0.0625
564 573 0.0625
565 568 0.703125
565 569 0.117188
565 573 0.125
565 585 0.0625
565 602 0.0625
565 605 0.0625
566 569 0.0390625
566 599 0.125
566 600 0.25
566 601 0.8125
566 602 0.375
566 605 0.3125
568 571 0.1875
569 584 1.25
569 585 1.5625
569 586 0.0625
569 589 0.125
570 584 0.25
570 586 0.1875
571 584 0.1875
572 583 1.3125
573 576 0.125
573 583 0.125
573 650 0.125
574 647 0.3125
575 647 0.5625
575 648 0.4375
575 649 1.3125
575 650 0.1875
576 582 1.6875
576 584 0.1875
576 651 0.875
576 652 0.0625
577 582 0.25
577 583 0.0625
577 651 0.0625
579 582 1.25
579 583 0.0625
580 583 0.0625
581 781 0.375
582 652 0.375
582 780 0.125
582 781 0.125
585 588 0.820312
585 589 0.0390625
586 589 0.742188
586 590 0.390625
587 590 0.664062
587 591 0.078125
587 781 0.0625
587 782 0.25
588 591 0.78125
588 592 0.078125
588 605 0.0625
588 609 0.125
588 613 0.125
589 592 0.78125
589 593 0.117188
590 593 0.820312
590 594 0.117188
591 594 0.820312
591 595 0.15625
592 595 0.703125
592 596 0.820312
592 597 0.0390625
592 605 0.1875
592 608 0.25
592 612 0.0625
593 596 0.703125
593 597 0.898438
593 598 0.0390625
594 788 0.375
594 789 0.0625
595 615 0.5
595 771 0.5625
595 788 0.0625
595 789 0.25
595 790 1.25
595 791 1.4375
596 608 0.25
596 611 0.5
596 612 0.25
596 615 0.3125
596 765 0.375
596 791 0.1875
596 792 0.1875
596 795 0.125
597 608 0.25
598 604 0.0390625
598 608 0.125
599 604 0.273438
599 605 0.195312
600 604 0.117188
601 604 0.859375
601 605 0.078125
602 605 0.78125
602 606 0.117188
603 606 0.78125
603 607 0.15625
604 607 1.01562
604 608 0.429688
605 608 0.820312
605 609 0.078125
606 609 0.78125
606 610 0.234375
607 610 0.78125
607 611 0.0390625
607 795 0.0625
607 888 0.875
608 611 0.78125
608 612 0.078125
608 795 0.375
608 888 0.0625
609 612 0.78125
609 613 0.351562
610 613 0.859375
610 614 0.078125
610 662 0.5
610 663 0.125
611 614 0.820312
611 615 0.078125
611 765 0.25
611 794 0.0625
611 833 0.0625
611 834 0.25
611 888 0.25
612 615 0.78125
612 616 0.078125
613 616 0.742188
613 617 0.117188
613 662 0.0625
613 663 1.1875
614 617 0.664062
614 618 0.15625
614 663 0.375
614 666 0.5
614 667 0.25
614 670 0.3125
614 765 0.125
614 834 0.125
615 618 0.703125
615 619 0.078125
615 765 0.0625
615 791 0.0625
616 619 0.78125
616 620 0.078125
617 620 0.78125
617 621 0.195312
617 640 0.1875
617 654 0.0625
617 664 0.125
617 667 0.0625
617 668 0.125
618 621 0.78125
618 622 0.429688
618 667 0.125
618 670 0.0625
618 671 0.0625
618 762 0.3125
618 763 0.25
618 764 0.75
619 622 0.703125
619 623 0.117188
619 681 0.125
620 623 0.78125
620 624 0.15625
620 638 0.3125
620 640 0.25
621 624 0.78125
621 625 0.117188
621 638 0.25
621 640 0.125
621 671 0.0625
621 672 0.375
622 625 0.78125
622 626 0.078125
622 671 0.125
622 676 0.3125
622 678 0.875
622 762 0.0625
622 764 0.3125
623 626 0.78125
623 627 0.195312
624 627 0.664062
624 628 0.078125
624 635 0.3125
624 637 0.0625
624 638 0.25
625 628 0.0390625
625 689 0.125
625 691 0.0625
626 629 0.0390625
626 635 0.0625
626 678 0.0625
626 680 0.1875
626 682 0.5
626 683 0.1875
626 685 0.0625
626 729 0.25
627 630 0.429688
627 634 1.3125
627 635 0.3125
628 634 0.125
628 635 0.4375
628 726 0.0625
628 727 0.0625
629 729 0.25
630 634 0.1875
630 729 0.0625
640 654 0.3125
641 652 1.9375
642 652 1.375
642 653 1.1875
642 654 0.0625
643 653 1.1875
643 654 1.25
643 655 0.3125
644 652 0.0625
644 655 0.375
645 649 0.1875
645 653 0.0625
647 657 0.1875
648 658 0.1875
649 653 0.25
653 656 0.125
653 664 0.0625
654 662 0.0625
654 664 1.125
654 665 0.3125
655 659 0.125
655 660 1.1875
655 665 0.125
656 659 0.3125
656 660 0.3125
658 848 0.125
659 848 0.125
660 838 0.1875
660 848 0.3125
661 665 0.625
661 666 0.117188
661 838 0.0625
661 850 0.3125
661 852 0.0625
662 665 0.859375
662 666 0.234375
663 666 0.820312
663 667 0.0390625
663 834 0.0625
664 667 0.742188
664 668 0.078125
665 668 0.78125
665 669 0.078125
666 669 0.820312
666 670 0.078125
666 834 0.0625
666 836 0.5
666 838 0.125
666 855 0.4375
666 856 0.1875
667 670 0.78125
667 671 0.078125
668 671 0.78125
668 672 0.195312
669 672 0.742188
669 673 0.0390625
669 852 0.125
669 853 0.25
670 673 0.429688
670 676 0.375
670 761 0.1875
670 762 0.3125
670 854 0.0625
671 676 0.25
673 676 0.4375
673 691 0.0625
673 760 0.1875
674 689 0.0625
674 690 1.3125
674 691 1.375
674 692 0.125
675 689 1.1875
675 690 0.125
675 692 0.0625
675 759 0.125
675 760 0.125
676 687 0.0625
676 688 1.25
676 689 0.25
676 760 0.375
676 762 0.125
677 686 0.125
677 687 1.25
677 701 0.0625
677 749 0.25
677 750 0.0625
677 751 0.0625
677 760 0.0625
677 762 0.1875
678 685 0.0625
678 686 1.25
678 687 0.25
678 689 0.25
678 749 0.1875
678 762 0.0625
678 764 0.375
679 684 0.4375
679 685 1.1875
679 749 0.0625
679 764 0.5
679 766 0.25
680 683 1.1875
680 684 0.125
680 685 0.375
680 687 0.0625
681 764 0.125
681 766 0.125
683 734 0.0625
684 734 1.25
684 735 0.5625
684 736 0.1875
685 733 1.3125
686 703 0.25
686 731 1.3125
686 732 1.1875
686 733 0.3125
686 735 0.0625
686 749 0.0625
687 729 0.0625
687 730 1.25
688 723 0.0625
688 728 0.0625
688 729 1.25
688 730 0.1875
688 751 0.125
689 723 0.0625
689 728 1.1875
689 729 0.0625
690 694 0.25
690 695 0.125
690 696 0.0625
690 723 0.1875
690 724 0.375
690 725 1.1875
690 726 1.25
690 727 1.1875
690 728 0.0625
691 726 0.25
691 727 0.0625
692 725 1.3125
692 726 0.25
693 725 0.1875
693 726 0.0625
694 725 0.1875
695 723 1.25
696 699 0.1875
696 722 1.3125
696 723 0.1875
697 721 1.1875
697 722 0.25
698 720 0.0625
698 721 1.25
698 753 1.125
698 754 0.125
699 718 0.0625
699 719 1.1875
699 720 1.25
699 721 0.375
699 723 0.0625
699 751 0.0625
699 752 1.3125
699 753 0.0625
700 717 0.0625
700 718 1.4375
700 719 0.1875
700 750 0.0625
700 751 1.25
700 752 0.375
701 716 0.0625
701 717 1.25
701 718 0.25
701 721 0.0625
701 732 0.0625
701 750 1.1875
702 716 1.3125
702 717 0.1875
702 748 0.0625
702 749 1.1875
702 750 0.25
703 714 0.1875
703 715 1.25
703 716 0.1875
703 733 0.0625
703 735 0.0625
703 748 1.1875
703 749 0.0625
704 712 0.375
704 714 1.375
704 715 0.3125
704 746 0.0625
704 747 1.25
704 748 0.3125
705 711 0.0625
705 712 1.3125
705 713 1.125
705 714 0.1875
705 735 0.0625
705 741 0.125
705 745 0.0625
705 746 1.3125
705 747 0.125
706 710 0.0625
706 711 1.4375
706 712 0.1875
706 745 1.25
706 746 0.25
706 748 0.0625
706 860 0.625
707 710 1.125
707 713 0.25
707 740 0.1875
707 741 0.4375
707 742 0.375
708 744 0.25
708 746 0.0625
708 793 0.25
708 797 0.0625
708 830 0.0625
709 829 0.3125
709 830 0.25
710 829 0.125
711 829 0.3125
712 715 0.125
713 738 0.0625
713 739 0.125
713 740 0.125
713 741 0.125
714 733 0.0625
714 736 0.25
714 738 0.125
716 733 0.3125
718 721 0.1875
718 732 0.1875
721 731 0.0625
721 732 0.0625
722 730 0.0625
723 728 0.25
723 729 0.125
724 728 0.1875
725 728 0.0625
738 741 0.125
741 745 0.25
741 768 0.0625
742 745 0.25
742 768 0.0625
743 766 0.0625
743 767 1.375
743 768 0.1875
743 790 0.3125
744 766 1.25
744 790 0.1875
744 791 0.375
744 792 0.125
744 793 0.125
745 764 0.0625
745 765 1.1875
745 766 0.6875
745 767 0.125
746 764 1.3125
746 765 0.0625
746 831 0.0625
747 762 0.0625
747 763 1.3125
747 764 0.1875
747 766 0.0625
748 761 0.375
748 762 1.125
748 860 0.4375
748 863 0.1875
749 761 1.25
749 762 0.3125
750 758 0.1875
750 760 1.3125
751 757 0.0625
751 758 1.3125
751 759 1.375
751 760 0.1875
752 756 0.125
752 757 1.25
753 756 0.1875
753 757 0.375
753 759 0.0625
758 761 0.625
761 858 0.25
761 859 0.0625
761 863 0.5
763 858 0.0625
763 860 0.125
765 791 0.1875
765 794 0.1875
765 833 0.3125
766 791 0.25
767 789 0.1875
767 790 0.375
767 791 0.0625
769 787 0.125
769 788 0.25
769 789 0.125
770 787 1.1875
770 788 1.3125
771 785 0.3125
771 787 1.25
771 788 0.3125
771 789 0.25
772 785 1.375
772 786 1.5625
772 787 0.25
773 783 0.1875
773 784 1.25
773 785 0.125
773 786 0.1875
774 777 1.25
774 783 0.125
774 784 0.375
775 778 0.3125
775 783 0.25
777 784 0.375
778 782 1.25
778 783 0.3125
778 784 0.0625
779 782 0.25
785 788 0.5625
791 794 0.125
792 795 0.4375
793 796 1.25
794 797 0.0625
794 888 0.375
797 833 0.0625
797 888 0.0625
797 889 0.1875
798 830 0.1875
798 889 0.1875
799 830 0.0625
799 889 1.875
799 890 0.125
800 824 0.1875
800 826 0.1875
800 830 0.1875
800 831 0.3125
800 832 0.0625
800 889 0.1875
801 823 0.0625
801 824 1.375
801 825 1.3125
802 822 0.0625
802 823 1.3125
802 890 0.0625
802 893 0.3125
803 821 1.125
803 822 1.3125
803 823 0.3125
803 825 0.0625
804 821 1.1875
804 822 0.0625
804 885 0.0625
804 895 0.0625
805 819 0.0625
805 820 1.375
805 821 0.1875
806 819 1.25
806 895 0.0625
806 896 0.125
806 897 0.3125
807 817 0.0625
807 818 1.3125
807 819 0.1875
807 897 1.25
808 816 0.0625
808 817 1.25
808 818 0.3125
808 881 0.125
808 897 0.3125
809 815 0.0625
809 816 1.3125
809 817 0.125
810 815 1.25
810 816 0.125
811 815 0.125
814 872 1.1875
814 873 0.3125
815 870 0.125
815 871 1.25
815 872 0.0625
815 873 0.25
816 869 0.0625
816 870 1.25
816 871 0.5625
816 873 0.375
817 869 1.25
817 870 0.125
818 867 0.0625
818 868 1.25
818 869 0.1875
818 871 0.25
818 883 0.0625
818 897 0.0625
819 866 0.0625
819 867 1.375
819 868 0.0625
820 852 0.125
820 865 0.0625
820 866 1.3125
820 867 0.3125
821 864 0.0625
821 865 1.1875
821 866 0.125
822 837 0.0625
822 857 0.0625
822 859 0.1875
822 863 0.0625
822 864 1.3125
822 865 0.25
822 867 0.0625
823 862 0.0625
823 863 1.3125
823 864 0.1875
824 830 0.0625
824 831 0.1875
824 832 0.0625
824 859 0.3125
824 860 0.5625
824 861 1.5625
824 862 0.0625
826 830 0.0625
826 861 0.0625
828 861 0.125
829 861 0.1875
830 861 0.125
831 859 1.3125
831 860 0.375
831 889 0.1875
832 835 0.0625
832 858 1.25
832 859 0.1875
832 889 0.25
832 890 0.125
833 857 1.0625
833 858 0.25
833 887 1.1875
833 888 1.375
833 889 0.1875
834 856 0.125
834 857 1.25
834 886 0.0625
834 887 1.1875
835 855 1.125
835 856 1.3125
835 857 0.1875
835 885 0.0625
835 886 1.25
835 887 0.0625
836 855 0.5
836 884 0.0625
836 885 1.1875
836 886 0.3125
837 852 0.3125
837 855 0.375
837 883 0.125
837 884 1.25
837 885 0.0625
838 852 0.0625
838 882 0.0625
838 883 1.375
838 884 0.375
839 846 1.25
839 847 0.3125
839 852 0.0625
839 869 0.0625
839 871 0.25
839 882 1.25
840 844 0.3125
840 845 1.5625
840 847 0.125
840 881 1.1875
840 882 0.4375
840 884 0.0625
841 844 0.25
841 845 0.375
841 879 0.375
842 879 0.1875
844 884 0.0625
847 850 0.0625
847 871 0.0625
847 875 0.0625
847 876 0.0625
848 875 0.125
849 871 0.0625
849 872 0.125
849 875 0.0625
850 869 0.0625
850 870 1.25
851 868 0.0625
851 869 1.25
851 870 0.1875
852 855 0.3125
852 867 0.125
852 868 1.4375
852 869 0.375
853 867 0.375
853 868 0.25
854 857 0.125
854 867 0.25
859 863 0.25
860 863 0.4375
871 876 0.0625
871 881 0.125
872 875 1.5625
873 876 0.1875
874 877 0.125
876 879 0.375
876 881 0.125
881 896 1.125
881 897 0.25
882 894 0.0625
882 895 1.3125
882 896 0.125
883 893 0.0625
883 894 1.3125
883 895 0.125
883 897 0.0625
884 892 0.0625
884 893 1.25
884 894 0.25
885 891 0.0625
885 892 1.3125
885 893 0.3125
886 890 0.0625
886 891 1.25
886 892 0.3125
887 890 1.25
887 891 0.0625
