nresidues = 1032
41 53 0.130112
41 54 0.130112
41 125 0.260223
41 126 2.86246
41 127 0.390335
42 127 2.86246
43 51 0.130112
43 126 0.260223
43 127 0.130112
43 220 0.130112
43 222 0.260223
44 49 0.130112
44 222 0.390335
45 130 0.260223
45 133 0.650559
45 222 0.130112
46 49 0.260223
46 222 0.260223
47 222 2.2119
47 323 0.260223
47 324 0.520447
47 325 0.260223
48 222 2.34201
48 325 0.260223
49 220 0.260223
49 221 2.60223
49 222 0.520447
50 220 2.60223
50 221 0.130112
51 218 0.130112
51 219 2.73235
51 220 0.520447
52 217 0.390335
52 218 2.47212
52 219 0.260223
53 56 0.910782
53 85 0.260223
53 124 0.130112
53 218 0.650559
53 220 0.130112
54 84 2.60223
54 85 0.260223
55 83 2.47212
55 84 0.130112
55 124 0.260223
56 81 0.130112
56 82 2.47212
56 83 0.390335
56 122 0.390335
56 123 2.73235
56 218 0.260223
57 80 0.910782
57 81 2.73235
57 82 0.130112
57 121 0.130112
57 122 2.47212
57 123 0.520447
58 80 3.38291
58 81 0.910782
58 83 0.390335
58 89 0.130112
58 120 0.130112
58 121 2.73235
58 122 0.650559
59 63 1.04089
59 79 0.130112
59 80 1.04089
59 81 0.130112
59 120 3.77324
59 121 0.390335
60 63 0.260223
60 118 0.130112
60 119 2.73235
60 120 0.78067
61 64 0.520447
61 118 0.260223
61 119 1.04089
61 121 0.260223
64 70 0.130112
64 80 0.130112
64 121 0.520447
66 69 0.260223
67 70 0.260223
67 121 0.910782
67 149 0.260223
67 186 0.78067
68 71 0.130112
68 72 0.390335
68 149 0.650559
68 152 0.130112
69 72 0.520447
69 75 0.910782
70 75 0.910782
70 80 0.130112
70 121 0.130112
70 123 0.78067
70 184 0.130112
71 149 0.78067
71 150 2.73235
71 151 3.25279
71 152 0.130112
71 182 0.78067
72 75 0.260223
72 123 0.260223
72 152 0.130112
72 182 0.130112
73 151 0.260223
73 180 0.260223
73 182 0.390335
75 80 0.130112
75 123 0.390335
77 80 1.56134
77 123 0.130112
80 121 0.390335
80 123 0.130112
81 93 0.520447
81 96 0.390335
81 98 0.650559
82 96 1.04089
83 87 0.520447
83 92 0.130112
83 95 0.78067
84 87 0.520447
84 95 0.520447
85 214 2.2119
85 217 0.390335
86 214 2.47212
86 215 1.17101
86 216 0.390335
86 217 1.43123
86 368 0.130112
86 370 1.30112
86 398 0.260223
86 400 1.04089
87 95 0.130112
87 122 0.520447
87 213 2.2119
87 214 0.260223
88 91 1.78904
88 92 0.0813198
88 122 0.520447
88 209 0.520447
88 211 0.650559
88 212 2.73235
88 215 0.130112
88 367 0.650559
89 92 1.54508
89 93 0.243961
89 116 0.260223
89 120 1.17101
89 122 0.390335
89 209 0.650559
89 212 0.520447
90 93 1.6264
90 94 0.813198
90 102 0.390335
90 108 0.130112
90 111 0.260223
90 208 0.260223
90 209 0.650559
90 367 0.650559
91 94 1.6264
91 95 0.16264
91 367 0.130112
91 369 0.130112
92 95 1.6264
92 96 0.243961
93 96 1.6264
93 97 1.38244
93 98 0.243961
93 99 0.0813198
93 116 0.260223
94 99 0.0813198
94 100 0.0813198
94 102 0.260223
99 111 0.390335
99 112 0.260223
99 115 0.520447
100 107 0.520447
101 104 0.390335
101 107 0.650559
102 108 0.130112
102 367 0.390335
102 575 0.130112
102 647 0.260223
103 365 0.130112
103 369 0.260223
103 556 0.520447
103 575 0.260223
103 647 0.520447
103 648 1.30112
103 657 0.130112
103 658 0.390335
104 107 0.78067
104 555 0.390335
104 556 3.12268
104 557 0.520447
104 558 0.260223
104 575 0.130112
105 556 0.130112
105 561 1.04089
105 574 0.130112
105 575 0.650559
106 109 2.86246
106 110 0.390335
106 574 0.130112
107 110 0.650559
108 111 0.260223
108 205 0.390335
108 206 0.260223
108 208 0.390335
108 367 0.260223
108 574 0.520447
109 574 0.78067
111 115 0.130112
111 116 0.130112
111 208 0.520447
112 115 0.650559
112 116 0.260223
113 116 2.99257
113 208 0.130112
114 117 0.390335
115 118 0.130112
115 120 0.520447
116 120 0.260223
116 189 0.260223
116 208 0.650559
116 209 0.910782
116 212 0.260223
117 189 0.520447
118 189 0.78067
118 212 0.130112
119 186 0.260223
119 187 2.60223
119 188 0.260223
119 189 0.130112
119 212 0.130112
120 185 0.130112
120 186 2.60223
120 187 0.650559
120 212 0.260223
121 149 0.390335
121 184 0.260223
121 185 3.12268
121 186 1.17101
122 183 0.130112
122 184 2.73235
122 185 0.520447
122 187 0.130112
122 212 0.130112
122 213 0.390335
122 214 0.390335
123 182 0.650559
123 183 2.60223
124 182 2.60223
124 183 0.650559
125 180 0.260223
125 181 2.86246
125 182 0.390335
126 179 0.130112
126 180 2.60223
126 181 1.04089
127 179 2.86246
128 131 0.130112
128 176 0.130112
128 177 0.130112
128 178 2.60223
128 179 0.390335
128 181 0.260223
128 222 0.260223
130 222 0.520447
131 177 0.390335
131 222 0.130112
132 222 0.130112
133 222 1.04089
133 223 2.73235
134 171 0.650559
134 173 1.04089
134 221 0.130112
134 222 2.99257
134 223 0.650559
134 224 0.390335
134 255 0.910782
135 171 2.60223
135 172 2.73235
135 173 0.130112
135 220 0.130112
135 221 2.73235
135 222 0.78067
136 169 0.390335
136 170 2.99257
136 171 1.17101
136 219 0.130112
136 220 2.60223
136 221 0.650559
136 223 0.260223
136 253 0.260223
136 255 0.650559
137 148 0.130112
137 168 2.60223
137 169 2.60223
137 170 0.520447
137 172 0.130112
137 183 0.130112
137 219 2.47212
138 167 1.30112
138 168 2.60223
138 218 2.60223
138 219 0.650559
138 221 1.17101
139 142 0.260223
139 161 0.130112
139 166 0.130112
139 167 2.73235
139 168 0.78067
139 170 0.260223
139 185 0.390335
139 217 0.260223
139 218 0.520447
140 164 2.47212
140 166 0.390335
140 216 0.650559
141 164 2.47212
141 213 0.130112
141 214 2.60223
141 215 0.520447
142 145 0.520447
142 146 0.130112
142 163 2.47212
142 164 0.130112
142 213 2.47212
143 164 0.130112
143 187 0.130112
143 188 2.47212
143 197 0.390335
143 211 0.390335
143 212 2.60223
143 213 0.390335
143 215 0.130112
144 162 2.60223
144 163 0.130112
144 188 0.130112
144 189 0.390335
144 190 0.260223
144 195 0.78067
145 158 0.650559
145 161 2.60223
145 162 1.04089
145 186 0.130112
145 187 2.60223
145 188 0.650559
145 194 0.130112
145 195 0.520447
146 157 2.73235
146 158 0.520447
146 161 0.390335
146 186 2.60223
146 188 0.260223
147 156 2.73235
147 157 0.650559
147 158 0.390335
147 184 0.130112
147 185 2.60223
147 186 0.390335
147 188 0.78067
148 154 2.73235
148 155 2.99257
148 156 0.260223
148 161 0.130112
148 184 2.47212
148 185 0.260223
149 152 0.650559
149 153 3.64313
149 154 1.69145
149 183 2.60223
149 184 0.520447
150 153 0.78067
150 155 0.260223
150 172 0.130112
150 175 0.130112
150 182 2.60223
151 175 0.390335
151 177 0.520447
151 181 1.17101
151 182 0.130112
153 175 0.260223
154 157 0.130112
155 172 0.130112
155 175 0.390335
156 161 0.130112
156 170 0.130112
157 160 2.60223
157 161 0.260223
158 161 0.520447
158 162 0.390335
158 188 1.43123
160 168 0.390335
160 170 0.130112
161 168 0.260223
162 166 0.520447
162 442 0.520447
163 166 0.390335
163 196 2.47212
164 197 0.260223
165 197 0.130112
165 198 0.260223
165 216 0.260223
165 394 0.260223
165 395 0.650559
165 396 0.260223
165 416 0.260223
165 422 0.390335
165 446 0.130112
165 449 0.260223
165 450 0.390335
166 442 0.130112
166 445 0.260223
166 446 0.130112
166 449 0.260223
167 449 0.260223
167 452 0.520447
169 229 0.910782
169 253 0.78067
171 255 0.390335
172 175 3.12268
172 176 0.520447
173 176 0.130112
176 181 0.650559
177 180 0.260223
177 181 1.82156
185 214 0.260223
185 218 0.260223
187 212 0.260223
187 213 0.260223
187 214 0.130112
188 212 0.260223
189 194 0.16264
189 195 0.0813198
190 194 0.0813198
190 195 0.487919
190 197 0.520447
190 198 0.130112
190 210 1.17101
191 194 1.87036
191 195 0.56924
192 195 0.16264
192 198 0.520447
192 199 0.260223
192 210 0.520447
192 420 2.99257
192 421 0.260223
193 419 0.130112
193 420 2.60223
193 421 0.520447
193 431 0.520447
193 432 2.60223
193 433 0.520447
194 421 0.910782
194 433 0.78067
195 421 0.650559
196 421 0.260223
196 422 1.56134
196 435 0.130112
196 439 0.130112
196 442 0.390335
197 417 0.130112
197 422 0.520447
198 368 0.130112
198 395 0.130112
198 417 0.520447
198 420 0.130112
199 395 0.520447
199 417 0.520447
199 420 0.130112
200 203 0.650559
200 207 0.390335
200 211 0.78067
200 363 0.260223
200 364 0.130112
200 365 0.260223
200 366 1.30112
200 368 0.130112
200 395 0.78067
200 646 0.390335
201 393 0.390335
201 418 0.390335
201 419 0.260223
202 577 0.650559
202 579 0.130112
202 582 0.260223
202 652 0.78067
203 363 0.390335
203 393 0.260223
203 395 0.520447
203 576 0.130112
203 641 0.520447
203 642 1.17101
203 651 0.520447
203 652 0.130112
204 576 0.260223
204 577 2.47212
204 578 0.390335
204 647 0.520447
205 366 0.260223
205 574 1.56134
205 577 0.650559
205 578 0.650559
205 647 0.520447
206 210 0.130112
207 210 0.130112
207 211 0.520447
207 366 0.130112
207 367 0.260223
209 212 0.520447
211 366 0.520447
211 367 0.260223
211 368 0.260223
215 368 0.130112
216 396 0.130112
216 450 0.520447
216 453 0.910782
221 229 0.650559
223 226 0.130112
223 324 2.99257
223 325 0.390335
224 324 0.520447
225 253 0.130112
225 254 2.60223
225 255 2.47212
225 256 0.260223
225 324 0.130112
226 252 0.260223
226 253 2.60223
226 260 0.130112
226 262 0.130112
226 319 0.260223
226 324 0.910782
226 325 0.130112
227 251 0.130112
227 252 2.47212
227 253 0.520447
227 325 0.650559
228 250 0.130112
228 251 2.60223
228 252 0.130112
228 315 0.130112
228 325 0.650559
228 326 0.390335
228 327 0.130112
229 250 2.34201
229 251 0.78067
229 253 0.130112
229 284 0.130112
229 325 0.390335
230 249 0.130112
230 251 0.130112
230 452 0.650559
230 455 0.910782
231 249 2.47212
231 250 0.260223
231 313 0.260223
232 248 2.60223
232 249 0.78067
232 313 0.130112
232 455 2.60223
232 456 0.910782
232 487 0.78067
233 246 0.130112
233 247 2.60223
233 268 0.130112
233 313 0.130112
233 331 0.650559
233 456 0.130112
234 245 0.130112
234 246 2.60223
234 247 0.520447
234 249 0.130112
234 487 0.520447
235 245 2.47212
235 246 0.130112
235 332 0.520447
235 333 0.910782
235 334 0.650559
236 244 2.73235
236 245 0.390335
236 335 0.130112
237 241 0.390335
237 243 2.60223
237 297 0.130112
237 299 0.260223
237 333 0.390335
237 334 0.260223
237 351 0.130112
238 241 0.78067
238 242 1.04089
238 243 0.910782
241 297 0.130112
241 299 0.130112
241 301 0.260223
241 351 0.520447
242 295 2.60223
242 296 0.130112
242 297 0.520447
243 293 0.260223
243 294 2.99257
243 295 0.520447
243 297 0.130112
244 292 0.130112
244 293 2.60223
244 294 0.650559
244 333 0.130112
245 291 0.650559
245 292 2.47212
245 293 0.130112
246 269 0.130112
246 291 2.60223
246 292 0.78067
247 288 0.130112
247 291 0.130112
248 268 0.390335
248 273 0.390335
248 287 0.130112
248 288 2.47212
248 289 1.04089
248 313 0.130112
249 286 0.130112
249 287 2.60223
249 288 0.260223
249 487 0.650559
250 286 2.60223
250 287 0.650559
250 315 0.130112
251 284 1.04089
251 285 2.73235
251 286 0.78067
252 264 0.130112
252 277 0.130112
252 279 0.260223
252 283 0.130112
252 284 2.73235
252 285 0.130112
252 287 0.130112
253 279 0.130112
253 283 2.60223
253 284 0.130112
254 258 0.520447
254 259 0.260223
254 260 0.260223
254 279 0.520447
254 280 0.650559
254 281 2.60223
254 282 2.60223
254 283 0.260223
255 282 0.520447
256 281 2.47212
256 282 0.260223
257 281 0.390335
258 281 0.130112
259 279 2.60223
259 280 0.130112
260 278 2.47212
260 279 0.520447
261 276 0.130112
261 277 2.47212
261 278 0.260223
261 319 0.130112
262 275 0.130112
262 276 2.73235
262 277 0.520447
262 279 0.130112
262 317 0.260223
262 318 2.86246
262 319 0.130112
263 274 0.130112
263 275 2.73235
263 276 0.78067
263 316 0.130112
263 317 2.60223
263 318 0.390335
264 274 2.60223
264 275 0.520447
264 289 0.260223
264 316 2.47212
265 273 2.60223
265 274 0.520447
265 315 2.73235
265 316 0.260223
266 271 0.130112
266 272 2.47212
266 273 0.520447
266 314 2.47212
267 271 2.60223
267 312 0.130112
267 313 2.60223
267 314 0.390335
268 271 0.520447
268 273 0.130112
268 312 2.47212
268 313 0.260223
268 331 0.260223
269 311 0.390335
269 312 0.130112
271 292 0.130112
271 293 0.390335
271 294 0.130112
273 289 0.78067
273 292 0.130112
273 315 0.130112
274 289 0.390335
275 287 0.130112
275 288 0.130112
275 289 0.520447
275 290 0.520447
277 285 0.130112
277 287 0.130112
278 285 0.520447
279 283 0.78067
279 284 0.130112
279 285 0.260223
280 283 0.78067
294 297 0.260223
294 311 0.390335
297 311 0.650559
298 309 1.30112
298 311 0.390335
299 307 0.130112
299 333 2.73235
299 351 0.390335
300 307 2.47212
300 308 1.04089
300 309 0.390335
300 333 0.260223
300 334 0.390335
300 351 0.260223
300 406 0.78067
300 409 0.130112
300 411 0.260223
300 458 1.69145
300 459 0.260223
301 305 1.17101
301 306 0.520447
301 307 0.520447
301 308 0.520447
301 351 1.04089
301 353 0.130112
302 305 2.86246
302 308 0.390335
302 350 0.260223
302 355 0.130112
302 409 2.73235
303 308 0.130112
303 383 0.130112
303 408 0.130112
303 409 0.260223
304 693 0.130112
305 353 0.130112
305 355 0.130112
305 726 0.260223
308 406 0.260223
308 407 0.390335
308 408 0.260223
308 409 0.130112
310 330 0.650559
310 331 2.86246
310 403 1.17101
310 406 1.17101
310 407 0.650559
310 458 0.260223
311 330 2.73235
311 331 1.04089
311 333 0.260223
312 329 2.73235
312 330 0.260223
312 331 0.130112
313 327 0.130112
313 328 2.60223
313 329 0.910782
314 327 2.60223
314 328 0.260223
315 326 2.60223
315 327 0.390335
316 323 0.260223
316 325 2.86246
316 326 0.130112
317 323 2.60223
317 324 2.60223
317 325 0.390335
318 322 3.25279
318 323 0.260223
319 322 0.78067
319 324 0.130112
330 456 0.260223
331 456 2.47212
331 458 0.130112
332 458 0.130112
334 350 0.130112
334 351 0.390335
334 457 0.130112
334 458 1.17101
334 460 0.260223
334 490 0.520447
335 350 2.73235
335 351 0.390335
336 349 2.73235
336 461 0.260223
336 490 0.130112
337 347 0.130112
337 348 2.73235
337 349 0.520447
337 491 0.130112
338 346 0.650559
338 347 2.47212
338 348 0.260223
338 491 0.260223
339 345 0.130112
339 346 2.73235
339 347 0.520447
340 344 0.130112
340 345 2.60223
340 346 0.130112
340 506 0.130112
340 507 0.260223
340 508 0.130112
341 344 0.650559
341 345 0.910782
341 634 0.130112
341 636 0.130112
343 632 0.390335
343 633 0.650559
343 634 0.130112
344 508 0.260223
345 508 2.73235
345 636 0.130112
346 493 0.390335
346 494 0.130112
346 506 0.130112
346 507 0.910782
346 508 0.520447
346 537 0.130112
346 636 0.520447
347 354 0.260223
347 355 0.260223
347 628 0.260223
347 636 0.260223
348 354 2.47212
348 355 0.130112
348 357 0.130112
348 413 0.130112
348 461 0.78067
348 462 0.650559
348 493 0.260223
348 509 0.260223
348 537 0.390335
349 353 3.12268
349 354 0.260223
350 353 0.650559
353 726 0.130112
354 628 0.520447
355 628 1.17101
356 388 0.390335
356 624 0.390335
356 625 0.260223
356 628 0.650559
356 635 0.260223
356 636 2.86246
356 637 0.130112
357 388 0.650559
357 389 0.520447
357 461 0.130112
357 537 0.650559
357 637 2.60223
357 638 0.260223
357 639 0.130112
358 386 0.390335
358 387 2.99257
358 388 3.12268
358 625 0.130112
358 638 2.47212
358 672 0.910782
358 691 1.17101
359 389 2.60223
359 621 0.260223
359 638 0.390335
359 639 2.73235
359 640 0.260223
360 390 2.60223
360 391 0.260223
360 639 0.520447
360 640 2.47212
360 642 0.390335
360 643 0.260223
361 391 2.60223
361 639 0.130112
361 640 0.130112
361 641 0.130112
361 642 2.99257
361 643 2.60223
361 644 0.130112
362 378 0.260223
362 390 0.130112
362 391 0.390335
362 397 0.78067
362 401 1.04089
362 643 0.130112
362 644 0.78067
363 644 1.17101
363 645 0.520447
363 646 0.390335
364 368 0.130112
364 395 0.260223
364 397 0.390335
364 646 0.260223
365 368 0.650559
365 369 1.95168
365 646 2.99257
366 646 0.78067
366 647 0.390335
370 375 0.16264
370 397 0.130112
370 398 0.260223
370 400 0.390335
371 374 1.87036
371 375 0.16264
372 375 1.6264
372 376 0.0813198
372 400 0.130112
372 404 0.130112
373 376 1.70772
373 377 0.650559
373 872 0.390335
374 377 1.70772
374 378 0.406598
375 378 1.70772
375 379 0.325279
375 404 0.260223
376 379 1.70772
376 380 0.325279
376 404 0.390335
377 380 1.6264
377 381 0.325279
377 659 0.130112
377 849 0.260223
377 872 1.04089
378 381 1.6264
378 382 0.0813198
378 644 0.130112
378 655 0.390335
378 659 0.130112
379 382 1.6264
379 401 0.650559
379 404 0.390335
379 408 0.390335
379 410 0.130112
380 383 1.6264
380 384 0.16264
380 408 0.130112
380 851 0.78067
381 384 1.6264
381 385 0.325279
381 655 0.78067
381 659 1.17101
381 661 0.520447
381 665 0.910782
381 849 1.04089
381 850 0.390335
381 851 0.260223
382 385 1.6264
382 386 1.38244
382 387 0.406598
382 390 0.130112
382 410 0.130112
382 643 0.130112
383 386 0.0813198
383 387 0.0813198
383 408 0.130112
383 410 0.260223
384 665 0.650559
384 669 0.78067
384 851 0.650559
384 852 0.390335
385 643 0.130112
385 654 0.130112
385 665 1.43123
385 668 2.47212
385 669 0.260223
385 672 0.130112
386 672 0.650559
387 621 0.260223
387 643 0.130112
387 672 0.260223
388 410 2.47212
388 411 0.520447
389 411 2.99257
389 413 0.260223
390 411 0.260223
390 412 2.60223
390 413 0.260223
390 643 0.130112
391 413 2.86246
391 467 0.260223
391 496 0.390335
391 539 0.520447
391 540 0.78067
391 639 0.130112
391 641 0.130112
392 396 0.130112
392 397 0.130112
392 401 0.130112
392 413 0.130112
392 414 2.47212
392 415 0.130112
393 415 2.34201
393 416 0.260223
393 417 1.17101
393 418 0.390335
393 467 0.520447
393 540 0.130112
393 641 0.260223
394 415 0.130112
394 416 0.130112
394 417 0.390335
395 417 0.390335
396 402 0.16264
396 415 0.260223
396 416 0.130112
396 450 0.390335
396 453 0.520447
396 463 0.260223
397 401 0.487919
397 402 0.16264
397 453 0.650559
398 401 1.54508
398 402 0.0813198
398 453 0.520447
399 402 1.6264
399 403 0.243961
399 453 0.910782
400 403 1.70772
400 404 0.325279
401 404 1.6264
401 405 0.16264
402 405 1.70772
402 406 0.56924
402 412 0.390335
402 453 0.130112
402 454 0.650559
402 457 1.30112
402 459 0.130112
402 460 0.130112
403 406 1.70772
403 407 0.406598
403 457 0.390335
404 407 1.6264
404 408 0.406598
405 408 1.54508
405 409 1.54508
405 410 0.325279
405 412 0.130112
405 459 0.650559
406 409 0.0813198
406 457 1.56134
406 458 0.78067
406 459 0.390335
410 459 0.260223
411 459 2.86246
411 461 0.390335
412 459 0.910782
412 460 2.73235
412 461 0.260223
413 461 0.260223
413 462 2.2119
413 464 0.130112
413 509 0.130112
413 537 0.260223
414 454 0.130112
414 460 0.260223
414 462 0.390335
414 463 2.73235
415 463 0.390335
415 464 2.60223
416 422 0.910782
416 446 0.390335
416 447 0.390335
416 450 0.130112
416 463 1.43123
416 465 0.130112
416 467 0.130112
416 479 0.910782
417 420 0.910782
417 422 0.130112
417 423 0.390335
417 467 0.260223
418 423 0.650559
418 467 0.130112
418 468 0.910782
419 430 0.650559
419 431 2.86246
419 468 0.130112
420 423 2.47212
420 424 0.130112
420 431 0.390335
420 432 0.520447
421 424 0.130112
421 433 0.520447
421 434 0.260223
421 435 0.910782
421 439 0.78067
422 435 0.260223
422 446 0.260223
422 479 0.260223
423 426 2.60223
423 427 1.17101
423 466 0.390335
423 467 0.650559
423 468 0.78067
423 469 0.78067
424 427 0.260223
424 432 0.390335
424 433 2.99257
424 434 0.260223
424 435 0.260223
425 434 0.520447
425 435 0.650559
425 440 0.390335
425 472 0.130112
425 475 0.260223
426 469 0.520447
426 470 0.390335
426 471 0.130112
426 472 0.130112
427 430 0.910782
427 431 0.390335
427 469 0.520447
435 439 0.813198
435 440 0.325279
435 443 0.260223
435 475 0.520447
435 479 0.130112
436 439 1.87036
436 440 0.16264
437 440 0.243961
437 441 0.0813198
437 474 1.04089
438 441 1.6264
438 442 0.16264
439 442 1.6264
439 443 0.16264
440 443 1.6264
440 444 0.16264
440 474 2.34201
440 475 0.130112
441 444 1.70772
441 445 0.16264
442 445 1.6264
442 446 0.325279
443 446 1.6264
443 447 0.16264
443 479 0.520447
444 447 1.6264
444 448 0.16264
444 478 0.390335
444 481 0.130112
444 482 0.130112
445 448 1.6264
445 449 0.243961
446 449 1.6264
446 450 0.243961
447 450 1.54508
447 451 0.16264
447 463 1.04089
447 479 0.520447
447 482 0.390335
447 483 0.260223
448 451 1.6264
448 452 0.406598
448 482 0.260223
448 485 0.78067
448 486 0.390335
449 452 1.6264
449 453 0.243961
450 453 2.43961
450 454 0.325279
451 454 1.54508
451 455 0.325279
451 486 0.260223
451 488 0.650559
452 455 0.731877
453 457 0.260223
454 457 0.390335
454 460 0.130112
455 486 0.78067
455 488 0.130112
457 460 0.520447
460 490 0.520447
461 491 0.390335
462 491 2.60223
462 493 0.130112
463 483 0.390335
463 488 0.260223
463 491 0.130112
463 492 2.47212
463 493 0.260223
464 493 3.38291
464 495 0.78067
464 496 0.390335
464 509 0.520447
465 471 0.520447
465 476 0.260223
465 479 0.260223
465 483 0.130112
465 492 0.390335
465 493 0.130112
465 494 2.47212
466 469 2.47212
466 494 2.60223
466 495 2.60223
467 495 2.86246
467 496 2.60223
467 497 0.130112
467 511 0.390335
468 497 0.390335
468 499 0.390335
468 511 0.390335
469 499 1.30112
470 494 0.260223
470 499 0.130112
470 500 0.390335
470 501 0.260223
471 475 0.243961
471 494 0.130112
471 501 0.130112
471 502 0.130112
472 475 1.95168
472 476 0.16264
472 502 0.260223
473 476 1.6264
473 477 0.16264
473 502 0.520447
473 503 0.520447
474 477 1.6264
474 478 0.0813198
475 478 1.54508
475 479 0.56924
476 479 1.6264
476 480 0.406598
476 501 1.04089
476 502 0.78067
476 503 1.69145
476 504 0.520447
477 480 1.6264
477 481 0.813198
477 503 0.130112
478 481 1.6264
478 482 0.16264
479 482 1.6264
479 483 0.243961
480 483 1.6264
480 484 0.16264
480 503 0.130112
480 504 0.130112
481 484 1.6264
481 485 0.16264
482 485 1.6264
482 486 0.16264
483 486 1.6264
483 487 1.54508
483 488 0.650559
483 492 0.130112
484 487 0.16264
492 504 0.130112
493 507 0.130112
493 509 0.130112
494 500 0.130112
494 501 0.260223
494 505 0.260223
494 506 0.390335
494 507 0.390335
495 499 0.130112
495 507 0.130112
496 509 2.60223
496 510 2.60223
496 511 0.520447
496 539 0.78067
497 507 0.390335
497 509 2.73235
497 510 0.130112
497 511 0.260223
498 507 0.390335
498 509 0.260223
499 507 0.130112
500 505 2.86246
501 504 2.73235
501 505 0.520447
508 536 2.34201
508 537 0.130112
509 537 3.51302
510 531 0.260223
510 532 0.390335
510 533 0.390335
510 535 1.56134
510 537 0.390335
510 538 2.73235
510 539 0.130112
511 515 0.260223
511 540 0.390335
512 529 0.130112
512 530 1.56134
512 531 0.78067
512 780 2.47212
513 522 0.130112
513 531 2.2119
513 532 0.130112
513 541 0.390335
513 780 0.130112
514 518 0.390335
514 522 0.78067
514 523 0.390335
514 541 3.12268
514 542 2.86246
514 781 2.99257
514 782 0.130112
515 540 1.04089
515 542 2.47212
515 543 2.47212
515 544 0.260223
515 576 0.130112
515 582 0.390335
515 641 0.260223
515 652 0.520447
515 780 0.260223
515 781 2.47212
516 542 0.130112
516 543 3.51302
516 544 0.130112
516 576 0.650559
516 582 0.260223
516 587 0.260223
516 781 0.130112
517 520 0.130112
517 543 0.130112
517 587 0.130112
517 591 0.390335
517 595 0.520447
517 612 0.130112
517 616 0.390335
517 782 0.260223
517 785 0.260223
518 522 0.910782
518 523 0.260223
518 616 0.520447
518 782 0.130112
518 783 0.130112
519 522 0.260223
519 616 0.260223
519 771 0.650559
519 773 0.260223
519 785 1.17101
520 523 0.390335
520 595 0.390335
520 615 0.520447
520 616 0.260223
520 619 0.260223
520 681 0.260223
520 771 0.130112
521 524 2.60223
521 681 0.130112
521 682 0.130112
521 771 0.130112
522 525 0.260223
522 531 0.650559
522 532 0.390335
522 773 0.260223
522 775 0.520447
522 783 0.260223
523 532 0.260223
523 533 2.47212
523 534 0.260223
523 541 0.390335
523 542 0.390335
523 616 0.650559
523 619 0.260223
523 620 2.47212
523 623 0.78067
524 622 0.520447
524 623 1.17101
524 626 0.78067
524 679 0.130112
524 680 0.390335
524 681 0.130112
524 682 1.04089
525 528 0.650559
525 533 2.47212
525 535 0.260223
525 775 0.78067
526 534 0.130112
526 535 0.260223
526 627 0.260223
526 630 0.650559
526 632 0.130112
526 633 0.390335
528 531 0.650559
528 535 0.130112
528 775 1.04089
529 535 0.78067
531 535 0.260223
531 775 0.260223
531 778 0.910782
531 779 0.130112
532 535 0.130112
532 538 0.260223
533 538 0.130112
533 624 0.130112
534 623 0.650559
534 624 1.17101
534 627 0.650559
534 635 0.390335
535 633 0.260223
535 634 2.86246
535 635 0.260223
536 634 0.130112
536 635 2.60223
536 636 2.73235
536 637 0.130112
537 636 1.04089
537 637 2.99257
538 541 0.520447
538 624 0.520447
538 637 0.390335
538 638 2.73235
538 639 0.390335
539 639 2.73235
540 639 2.47212
540 641 0.650559
541 620 0.650559
541 638 0.130112
541 639 0.130112
541 640 2.73235
541 641 0.390335
542 620 0.260223
542 640 0.390335
542 641 0.650559
542 652 0.260223
543 616 0.260223
544 651 2.73235
544 652 0.650559
545 576 0.390335
545 585 0.130112
545 588 1.17101
545 613 0.390335
545 650 2.86246
545 651 0.260223
546 613 1.43123
546 640 0.520447
546 650 2.86246
546 651 0.130112
546 652 0.390335
546 653 0.910782
546 664 0.130112
547 553 0.0813198
547 609 0.260223
547 610 0.520447
547 613 0.910782
547 662 0.390335
548 552 0.243961
548 553 0.325279
548 556 0.130112
548 610 0.260223
548 649 0.260223
548 650 0.130112
548 656 0.130112
548 662 0.130112
549 552 1.87036
549 553 0.243961
549 660 0.910782
549 661 0.260223
550 553 1.6264
550 554 0.487919
550 602 0.130112
550 603 0.130112
550 606 0.260223
551 554 1.38244
551 555 0.243961
551 846 0.78067
551 884 1.04089
552 555 1.6264
552 556 0.243961
552 656 0.78067
552 658 0.260223
552 660 0.130112
553 556 1.78904
553 557 0.243961
553 562 0.260223
553 606 0.130112
553 650 0.130112
554 557 0.0813198
555 658 1.69145
555 845 0.130112
556 575 0.520447
556 648 1.04089
556 649 0.520447
556 650 0.130112
557 561 0.731877
557 562 0.325279
557 565 0.130112
557 573 0.130112
557 650 0.130112
558 561 2.11431
558 562 0.325279
559 562 1.6264
559 563 0.16264
560 563 1.6264
560 564 0.16264
561 564 1.6264
561 565 0.16264
561 573 0.130112
562 565 1.70772
562 566 0.0813198
562 602 0.130112
563 566 2.03299
563 567 0.894519
564 567 1.54508
564 568 0.325279
564 571 0.130112
564 573 0.130112
565 568 1.46376
565 569 0.243961
565 573 0.260223
565 585 0.130112
565 602 0.130112
565 605 0.130112
566 569 0.0813198
566 599 0.260223
566 600 0.520447
566 601 1.69145
566 602 0.78067
566 605 0.650559
568 571 0.390335
569 584 2.60223
569 585 3.25279
569 586 0.130112
569 589 0.260223
570 584 0.520447
570 586 0.390335
571 584 0.390335
572 583 2.73235
573 576 0.260223
573 583 0.260223
573 650 0.260223
574 647 0.650559
575 647 1.17101
575 648 0.910782
575 649 2.73235
575 650 0.390335
576 582 3.51302
576 584 0.390335
576 651 1.82156
576 652 0.130112
577 582 0.520447
577 583 0.130112
577 651 0.130112
579 582 2.60223
579 583 0.130112
580 583 0.130112
581 781 0.78067
582 652 0.78067
582 780 0.260223
582 781 0.260223
585 588 1.70772
585 589 0.0813198
586 589 1.54508
586 590 0.813198
587 590 1.38244
587 591 0.16264
587 781 0.130112
587 782 0.520447
588 591 1.6264
588 592 0.16264
588 605 0.130112
588 609 0.260223
588 613 0.260223
589 592 1.6264
589 593 0.243961
590 593 1.70772
590 594 0.243961
591 594 1.70772
591 595 0.325279
592 595 1.46376
592 596 1.70772
592 597 0.0813198
592 605 0.390335
592 608 0.520447
592 612 0.130112
593 596 1.46376
593 597 1.87036
593 598 0.0813198
594 788 0.78067
594 789 0.130112
595 615 1.04089
595 771 1.17101
595 788 0.130112
595 789 0.520447
595 790 2.60223
595 791 2.99257
596 608 0.520447
596 611 1.04089
596 612 0.520447
596 615 0.650559
596 765 0.78067
596 791 0.390335
596 792 0.390335
596 795 0.260223
597 608 0.520447
598 604 0.0813198
598 608 0.260223
599 604 0.56924
599 605 0.406598
600 604 0.243961
601 604 1.78904
601 605 0.16264
602 605 1.6264
602 606 0.243961
603 606 1.6264
603 607 0.325279
604 607 2.11431
604 608 0.894519
605 608 1.70772
605 609 0.16264
606 609 1.6264
606 610 0.487919
607 610 1.6264
607 611 0.0813198
607 795 0.130112
607 888 1.82156
608 611 1.6264
608 612 0.16264
608 795 0.78067
608 888 0.130112
609 612 1.6264
609 613 0.731877
610 613 1.78904
610 614 0.16264
610 662 1.04089
610 663 0.260223
611 614 1.70772
611 615 0.16264
611 765 0.520447
611 794 0.130112
611 833 0.130112
611 834 0.520447
611 888 0.520447
612 615 1.6264
612 616 0.16264
613 616 1.54508
613 617 0.243961
613 662 0.130112
613 663 2.47212
614 617 1.38244
614 618 0.325279
614 663 0.78067
614 666 1.04089
614 667 0.520447
614 670 0.650559
614 765 0.260223
614 834 0.260223
615 618 1.46376
615 619 0.16264
615 765 0.130112
615 791 0.130112
616 619 1.6264
616 620 0.16264
617 620 1.6264
617 621 0.406598
617 640 0.390335
617 654 0.130112
617 664 0.260223
617 667 0.130112
617 668 0.260223
618 621 1.6264
618 622 0.894519
618 667 0.260223
618 670 0.130112
618 671 0.130112
618 762 0.650559
618 763 0.520447
618 764 1.56134
619 622 1.46376
619 623 0.243961
619 681 0.260223
620 623 1.6264
620 624 0.325279
620 638 0.650559
620 640 0.520447
621 624 1.6264
621 625 0.243961
621 638 0.520447
621 640 0.260223
621 671 0.130112
621 672 0.78067
622 625 1.6264
622 626 0.16264
622 671 0.260223
622 676 0.650559
622 678 1.82156
622 762 0.130112
622 764 0.650559
623 626 1.6264
623 627 0.406598
624 627 1.38244
624 628 0.16264
624 635 0.650559
624 637 0.130112
624 638 0.520447
625 628 0.0813198
625 689 0.260223
625 691 0.130112
626 629 0.0813198
626 635 0.130112
626 678 0.130112
626 680 0.390335
626 682 1.04089
626 683 0.390335
626 685 0.130112
626 729 0.520447
627 630 0.894519
627 634 2.73235
627 635 0.650559
628 634 0.260223
628 635 0.910782
628 726 0.130112
628 727 0.130112
629 729 0.520447
630 634 0.390335
630 729 0.130112
640 654 0.650559
641 652 4.03346
642 652 2.86246
642 653 2.47212
642 654 0.130112
643 653 2.47212
643 654 2.60223
643 655 0.650559
644 652 0.130112
644 655 0.78067
645 649 0.390335
645 653 0.130112
647 657 0.390335
648 658 0.390335
649 653 0.520447
653 656 0.260223
653 664 0.130112
654 662 0.130112
654 664 2.34201
654 665 0.650559
655 659 0.260223
655 660 2.47212
655 665 0.260223
656 659 0.650559
656 660 0.650559
658 848 0.260223
659 848 0.260223
660 838 0.390335
660 848 0.650559
661 665 1.30112
661 666 0.243961
661 838 0.130112
661 850 0.650559
661 852 0.130112
662 665 1.78904
662 666 0.487919
663 666 1.70772
663 667 0.0813198
663 834 0.130112
664 667 1.54508
664 668 0.16264
665 668 1.6264
665 669 0.16264
666 669 1.70772
666 670 0.16264
666 834 0.130112
666 836 1.04089
666 838 0.260223
666 855 0.910782
666 856 0.390335
667 670 1.6264
667 671 0.16264
668 671 1.6264
668 672 0.406598
669 672 1.54508
669 673 0.0813198
669 852 0.260223
669 853 0.520447
670 673 0.894519
670 676 0.78067
670 761 0.390335
670 762 0.650559
670 854 0.130112
671 676 0.520447
673 676 0.910782
673 691 0.130112
673 760 0.390335
674 689 0.130112
674 690 2.73235
674 691 2.86246
674 692 0.260223
675 689 2.47212
675 690 0.260223
675 692 0.130112
675 759 0.260223
675 760 0.260223
676 687 0.130112
676 688 2.60223
676 689 0.520447
676 760 0.78067
676 762 0.260223
677 686 0.260223
677 687 2.60223
677 701 0.130112
677 749 0.520447
677 750 0.130112
677 751 0.130112
677 760 0.130112
677 762 0.390335
678 685 0.130112
678 686 2.60223
678 687 0.520447
678 689 0.520447
678 749 0.390335
678 762 0.130112
678 764 0.78067
679 684 0.910782
679 685 2.47212
679 749 0.130112
679 764 1.04089
679 766 0.520447
680 683 2.47212
680 684 0.260223
680 685 0.78067
680 687 0.130112
681 764 0.260223
681 766 0.260223
683 734 0.130112
684 734 2.60223
684 735 1.17101
684 736 0.390335
685 733 2.73235
686 703 0.520447
686 731 2.73235
686 732 2.47212
686 733 0.650559
686 735 0.130112
686 749 0.130112
687 729 0.130112
687 730 2.60223
688 723 0.130112
688 728 0.130112
688 729 2.60223
688 730 0.390335
688 751 0.260223
689 723 0.130112
689 728 2.47212
689 729 0.130112
690 694 0.520447
690 695 0.260223
690 696 0.130112
690 723 0.390335
690 724 0.78067
690 725 2.47212
690 726 2.60223
690 727 2.47212
690 728 0.130112
691 726 0.520447
691 727 0.130112
692 725 2.73235
692 726 0.520447
693 725 0.390335
693 726 0.130112
694 725 0.390335
695 723 2.60223
696 699 0.390335
696 722 2.73235
696 723 0.390335
697 721 2.47212
697 722 0.520447
698 720 0.130112
698 721 2.60223
698 753 2.34201
698 754 0.260223
699 718 0.130112
699 719 2.47212
699 720 2.60223
699 721 0.78067
699 723 0.130112
699 751 0.130112
699 752 2.73235
699 753 0.130112
700 717 0.130112
700 718 2.99257
700 719 0.390335
700 750 0.130112
700 751 2.60223
700 752 0.78067
701 716 0.130112
701 717 2.60223
701 718 0.520447
701 721 0.130112
701 732 0.130112
701 750 2.47212
702 716 2.73235
702 717 0.390335
702 748 0.130112
702 749 2.47212
702 750 0.520447
703 714 0.390335
703 715 2.60223
703 716 0.390335
703 733 0.130112
703 735 0.130112
703 748 2.47212
703 749 0.130112
704 712 0.78067
704 714 2.86246
704 715 0.650559
704 746 0.130112
704 747 2.60223
704 748 0.650559
705 711 0.130112
705 712 2.73235
705 713 2.34201
705 714 0.390335
705 735 0.130112
705 741 0.260223
705 745 0.130112
705 746 2.73235
705 747 0.260223
706 710 0.130112
706 711 2.99257
706 712 0.390335
706 745 2.60223
706 746 0.520447
706 748 0.130112
706 860 1.30112
707 710 2.34201
707 713 0.520447
707 740 0.390335
707 741 0.910782
707 742 0.78067
708 744 0.520447
708 746 0.130112
708 793 0.520447
708 797 0.130112
708 830 0.130112
709 829 0.650559
709 830 0.520447
710 829 0.260223
711 829 0.650559
712 715 0.260223
713 738 0.130112
713 739 0.260223
713 740 0.260223
713 741 0.260223
714 733 0.130112
714 736 0.520447
714 738 0.260223
716 733 0.650559
718 721 0.390335
718 732 0.390335
721 731 0.130112
721 732 0.130112
722 730 0.130112
723 728 0.520447
723 729 0.260223
724 728 0.390335
725 728 0.130112
738 741 0.260223
741 745 0.520447
741 768 0.130112
742 745 0.520447
742 768 0.130112
743 766 0.130112
743 767 2.86246
743 768 0.390335
743 790 0.650559
744 766 2.60223
744 790 0.390335
744 791 0.78067
744 792 0.260223
744 793 0.260223
745 764 0.130112
745 765 2.47212
745 766 1.43123
745 767 0.260223
746 764 2.73235
746 765 0.130112
746 831 0.130112
747 762 0.130112
747 763 2.73235
747 764 0.390335
747 766 0.130112
748 761 0.78067
748 762 2.34201
748 860 0.910782
748 863 0.390335
749 761 2.60223
749 762 0.650559
750 758 0.390335
750 760 2.73235
751 757 0.130112
751 758 2.73235
751 759 2.86246
751 760 0.390335
752 756 0.260223
752 757 2.60223
753 756 0.390335
753 757 0.78067
753 759 0.130112
758 761 1.30112
761 858 0.520447
761 859 0.130112
761 863 1.04089
763 858 0.130112
763 860 0.260223
765 791 0.390335
765 794 0.390335
765 833 0.650559
766 791 0.520447
767 789 0.390335
767 790 0.78067
767 791 0.130112
769 787 0.260223
769 788 0.520447
769 789 0.260223
770 787 2.47212
770 788 2.73235
771 785 0.650559
771 787 2.60223
771 788 0.650559
771 789 0.520447
772 785 2.86246
772 786 3.25279
772 787 0.520447
773 783 0.390335
773 784 2.60223
773 785 0.260223
773 786 0.390335
774 777 2.60223
774 783 0.260223
774 784 0.78067
775 778 0.650559
775 783 0.520447
777 784 0.78067
778 782 2.60223
778 783 0.650559
778 784 0.130112
779 782 0.520447
785 788 1.17101
791 794 0.260223
792 795 0.910782
793 796 2.60223
794 797 0.130112
794 888 0.78067
797 833 0.130112
797 888 0.130112
797 889 0.390335
798 830 0.390335
798 889 0.390335
799 830 0.130112
799 889 3.90335
799 890 0.260223
800 824 0.390335
800 826 0.390335
800 830 0.390335
800 831 0.650559
800 832 0.130112
800 889 0.390335
801 823 0.130112
801 824 2.86246
801 825 2.73235
802 822 0.130112
802 823 2.73235
802 890 0.130112
802 893 0.650559
803 821 2.34201
803 822 2.73235
803 823 0.650559
803 825 0.130112
804 821 2.47212
804 822 0.130112
804 885 0.130112
804 895 0.130112
805 819 0.130112
805 820 2.86246
805 821 0.390335
806 819 2.60223
806 895 0.130112
806 896 0.260223
806 897 0.650559
807 817 0.130112
807 818 2.73235
807 819 0.390335
807 897 2.60223
808 816 0.130112
808 817 2.60223
808 818 0.650559
808 881 0.260223
808 897 0.650559
809 815 0.130112
809 816 2.73235
809 817 0.260223
810 815 2.60223
810 816 0.260223
811 815 0.260223
814 872 2.47212
814 873 0.650559
815 870 0.260223
815 871 2.60223
815 872 0.130112
815 873 0.520447
816 869 0.130112
816 870 2.60223
816 871 1.17101
816 873 0.78067
817 869 2.60223
817 870 0.260223
818 867 0.130112
818 868 2.60223
818 869 0.390335
818 871 0.520447
818 883 0.130112
818 897 0.130112
819 866 0.130112
819 867 2.86246
819 868 0.130112
820 852 0.260223
820 865 0.130112
820 866 2.73235
820 867 0.650559
821 864 0.130112
821 865 2.47212
821 866 0.260223
822 837 0.130112
822 857 0.130112
822 859 0.390335
822 863 0.130112
822 864 2.73235
822 865 0.520447
822 867 0.130112
823 862 0.130112
823 863 2.73235
823 864 0.390335
824 830 0.130112
824 831 0.390335
824 832 0.130112
824 859 0.650559
824 860 1.17101
824 861 3.25279
824 862 0.130112
826 830 0.130112
826 861 0.130112
828 861 0.260223
829 861 0.390335
830 861 0.260223
831 859 2.73235
831 860 0.78067
831 889 0.390335
832 835 0.130112
832 858 2.60223
832 859 0.390335
832 889 0.520447
832 890 0.260223
833 857 2.2119
833 858 0.520447
833 887 2.47212
833 888 2.86246
833 889 0.390335
834 856 0.260223
834 857 2.60223
834 886 0.130112
834 887 2.47212
835 855 2.34201
835 856 2.73235
835 857 0.390335
835 885 0.130112
835 886 2.60223
835 887 0.130112
836 855 1.04089
836 884 0.130112
836 885 2.47212
836 886 0.650559
837 852 0.650559
837 855 0.78067
837 883 0.260223
837 884 2.60223
837 885 0.130112
838 852 0.130112
838 882 0.130112
838 883 2.86246
838 884 0.78067
839 846 2.60223
839 847 0.650559
839 852 0.130112
839 869 0.130112
839 871 0.520447
839 882 2.60223
840 844 0.650559
840 845 3.25279
840 847 0.260223
840 881 2.47212
840 882 0.910782
840 884 0.130112
841 844 0.520447
841 845 0.78067
841 879 0.78067
842 879 0.390335
844 884 0.130112
847 850 0.130112
847 871 0.130112
847 875 0.130112
847 876 0.130112
848 875 0.260223
849 871 0.130112
849 872 0.260223
849 875 0.130112
850 869 0.130112
850 870 2.60223
851 868 0.130112
851 869 2.60223
851 870 0.390335
852 855 0.650559
852 867 0.260223
852 868 2.99257
852 869 0.78067
853 867 0.78067
853 868 0.520447
854 857 0.260223
854 867 0.520447
859 863 0.520447
860 863 0.910782
871 876 0.130112
871 881 0.260223
872 875 3.25279
873 876 0.390335
874 877 0.260223
876 879 0.78067
876 881 0.260223
881 896 2.34201
881 897 0.520447
882 894 0.130112
882 895 2.73235
882 896 0.260223
883 893 0.130112
883 894 2.73235
883 895 0.260223
883 897 0.130112
884 892 0.130112
884 893 2.60223
884 894 0.520447
885 891 0.130112
885 892 2.73235
885 893 0.650559
886 890 0.130112
886 891 2.60223
886 892 0.650559
887 890 2.60223
887 891 0.130112
