nresidues = 201
1 87 0.0625
1 88 1.375
1 89 0.125
1 146 0.25
1 195 0.125
1 199 0.0625
2 89 1.25
2 91 0.125
2 140 0.0625
2 142 0.0625
2 144 0.0625
2 145 1.375
2 146 0.25
3 84 0.0625
3 88 0.0625
3 89 0.25
3 90 1.1875
3 91 0.25
3 146 1.25
3 196 0.0625
4 91 1.25
4 136 0.125
4 146 0.1875
4 147 1.3125
4 148 0.1875
4 163 0.0625
5 81 0.1875
5 90 0.125
5 91 0.1875
5 92 1.3125
5 93 1.25
5 148 1.375
5 189 0.25
5 192 0.125
6 10 0.976562
6 11 0.0390625
6 93 0.0625
6 127 0.25
6 148 0.125
6 149 0.3125
6 151 0.1875
6 154 0.25
7 10 0.78125
7 11 0.820312
7 12 0.195312
7 92 0.0625
7 94 0.1875
7 101 0.0625
8 12 0.820312
8 14 0.0625
8 22 0.3125
8 41 0.0625
8 69 0.375
8 72 0.125
8 94 0.125
8 100 0.0625
8 104 0.25
8 151 0.0625
9 12 0.742188
9 75 0.0625
9 150 0.125
10 75 0.0625
10 148 0.0625
10 149 0.4375
10 150 0.3125
10 170 0.1875
10 189 0.125
11 74 1.25
11 75 0.0625
11 78 0.125
11 110 0.0625
11 189 0.0625
12 73 1.25
12 75 0.1875
12 104 0.1875
12 108 0.0625
13 16 0.0625
13 72 0.0625
13 73 0.1875
13 75 0.75
14 17 0.125
14 19 0.125
15 19 0.1875
16 68 0.0625
16 72 0.0625
17 21 0.0390625
17 68 0.0625
17 72 0.0625
18 21 0.859375
18 53 0.0625
18 56 0.1875
18 65 0.25
19 22 0.78125
19 23 0.195312
20 23 0.78125
20 24 0.078125
20 52 0.125
20 56 0.25
21 24 0.78125
21 25 0.078125
21 45 0.1875
21 48 0.25
21 49 0.25
21 52 0.0625
21 69 0.125
22 25 0.976562
22 26 0.078125
23 26 0.78125
23 27 0.195312
24 27 0.78125
24 28 0.078125
24 48 0.3125
24 51 0.125
25 28 0.78125
25 29 0.0390625
25 41 0.1875
25 44 0.0625
25 45 0.25
25 48 0.25
25 69 0.25
26 29 0.9375
26 30 0.429688
26 153 0.1875
27 30 0.78125
27 31 0.15625
28 31 0.78125
28 32 0.429688
28 44 0.1875
28 48 0.0625
29 32 0.703125
29 33 0.15625
29 44 0.0625
29 126 0.3125
30 33 0.78125
30 34 0.15625
30 127 0.125
30 153 0.25
31 34 0.78125
31 35 0.195312
32 35 0.78125
32 36 0.742188
32 37 0.273438
32 39 0.1875
32 44 0.125
33 36 0.0390625
33 125 0.0625
33 126 0.25
38 121 0.375
38 124 0.75
38 126 0.125
39 43 0.117188
39 44 0.15625
39 126 0.25
40 43 0.820312
40 44 0.117188
40 121 0.25
40 126 0.1875
41 44 0.78125
41 45 0.234375
41 95 0.3125
41 96 0.125
41 100 0.0625
41 121 0.125
41 126 0.125
42 45 0.78125
42 46 0.273438
43 46 0.78125
43 47 0.3125
44 47 0.78125
44 48 0.195312
44 126 0.1875
45 48 0.820312
45 49 0.078125
45 66 0.0625
46 49 0.742188
46 50 0.078125
46 62 0.1875
47 50 0.78125
47 51 0.078125
48 51 0.78125
48 52 0.117188
49 52 0.78125
49 53 0.234375
49 62 0.25
49 65 0.125
49 66 0.125
50 53 0.78125
50 54 0.078125
50 59 0.375
50 62 0.625
51 54 0.78125
51 55 0.195312
52 55 0.742188
52 56 0.078125
53 56 0.78125
53 57 0.78125
53 58 0.976562
53 59 0.0390625
53 61 0.125
53 62 0.0625
54 57 0.0390625
54 59 0.078125
58 61 0.375
59 62 0.125
61 64 0.820312
61 65 0.117188
62 65 0.78125
62 66 0.117188
63 66 0.78125
63 67 0.078125
64 67 0.742188
64 68 0.0390625
65 68 0.9375
66 69 0.78125
66 70 0.15625
67 70 0.78125
67 71 0.078125
68 71 0.78125
68 72 0.0390625
69 72 0.234375
69 100 0.1875
69 104 0.125
70 104 0.125
70 107 0.3125
72 108 0.1875
73 108 0.25
74 78 0.078125
74 108 0.125
74 110 0.0625
75 78 0.195312
75 170 1.1875
76 79 0.273438
77 80 0.117188
77 170 0.5
77 188 0.4375
77 189 0.375
78 81 0.15625
78 110 0.125
78 189 0.125
79 82 0.078125
79 83 0.0390625
80 83 0.9375
80 84 0.195312
80 189 0.0625
80 190 0.6875
80 193 0.1875
81 84 0.742188
81 85 0.117188
81 113 0.25
81 114 0.125
81 189 0.125
82 85 0.820312
82 86 0.3125
82 113 0.4375
83 86 0.742188
83 87 0.0390625
83 193 0.375
84 87 0.78125
84 88 0.117188
84 90 0.0625
84 189 0.0625
84 192 0.0625
84 193 0.0625
84 196 0.125
85 88 0.117188
85 90 0.125
85 113 0.25
87 193 0.0625
87 196 0.0625
87 197 0.0625
87 200 0.1875
89 115 0.25
90 113 0.125
90 114 1.375
90 115 1.1875
91 114 0.375
91 115 0.4375
91 116 1.4375
91 118 0.0625
91 136 0.375
91 140 0.1875
92 114 0.125
92 117 1.3125
92 118 0.375
93 118 1.3125
93 127 0.1875
93 132 0.0625
93 133 0.0625
93 136 0.0625
93 147 0.0625
94 101 0.125
94 118 0.0625
94 119 1.25
94 120 0.125
94 127 0.0625
95 119 0.0625
95 120 0.125
95 121 0.0625
95 126 0.5625
95 127 0.25
96 119 0.3125
97 100 0.859375
97 101 0.117188
97 119 0.125
97 121 0.3125
98 101 0.78125
98 102 0.234375
98 117 0.1875
98 119 0.0625
99 102 0.78125
99 103 0.15625
100 103 0.820312
100 104 0.390625
101 104 0.78125
101 105 0.195312
101 117 0.0625
102 105 0.78125
102 106 0.078125
102 117 0.0625
103 106 0.78125
103 107 0.273438
104 107 0.9375
104 108 0.195312
105 108 0.78125
105 109 0.78125
105 110 0.859375
105 111 0.078125
105 114 0.125
105 117 0.0625
106 109 0.0390625
106 111 0.0390625
109 113 0.0625
110 113 0.4375
110 114 0.125
111 114 0.25
114 117 0.1875
118 136 0.1875
118 139 0.125
118 140 0.125
119 122 0.1875
120 123 1.25
120 124 1.0625
120 125 0.25
120 126 0.0625
120 132 0.125
121 124 0.125
122 135 0.3125
123 131 0.1875
123 132 0.0625
123 135 0.1875
125 129 0.3125
125 131 0.351562
125 132 0.0390625
126 129 0.125
126 132 0.078125
127 133 0.078125
127 153 0.125
127 154 0.625
128 133 0.15625
128 153 0.125
128 157 0.0625
129 132 0.117188
129 133 0.078125
130 133 0.742188
130 134 0.195312
131 134 0.703125
131 135 0.078125
132 135 0.742188
133 136 0.78125
133 137 0.078125
133 147 0.0625
133 154 0.5
133 157 0.6875
133 158 0.125
133 161 0.125
133 163 0.0625
134 137 0.820312
134 138 0.195312
135 138 0.820312
135 139 0.273438
136 139 0.78125
136 140 0.15625
136 163 0.125
137 140 0.742188
137 141 0.742188
137 142 0.195312
137 145 0.0625
138 141 0.0390625
144 164 0.1875
145 163 1.125
145 164 0.25
146 163 0.0625
146 164 1.5625
146 166 0.25
146 195 0.125
146 199 0.0625
147 154 0.1875
147 158 0.125
147 164 0.125
147 165 1.375
147 166 0.125
148 166 1.1875
148 168 0.0625
148 192 0.0625
149 154 0.3125
149 155 0.0625
149 166 0.0625
149 167 1.3125
149 168 0.0625
150 167 0.125
150 168 0.375
150 170 0.1875
151 154 0.78125
151 155 0.0390625
152 155 0.78125
152 156 0.15625
152 175 0.0625
152 176 0.0625
153 156 0.820312
153 157 0.0390625
154 157 0.742188
154 158 0.078125
155 158 0.78125
155 159 0.078125
155 165 0.4375
155 167 0.125
155 182 0.0625
156 159 0.78125
156 160 0.078125
156 175 0.125
156 176 0.0625
156 180 0.0625
157 160 0.78125
157 161 0.078125
158 161 0.78125
158 162 0.742188
158 163 0.898438
159 162 0.0390625
159 163 0.078125
159 164 0.0390625
159 181 0.1875
159 183 0.3125
164 183 0.625
165 182 1.3125
165 183 1.375
165 184 0.0625
166 184 1.3125
166 192 0.125
166 195 0.125
167 173 0.125
167 175 0.1875
167 182 0.125
167 184 0.125
167 185 1.25
167 186 0.1875
168 186 1.25
168 187 0.1875
168 188 0.0625
169 172 0.5
169 173 0.3125
169 186 0.125
169 187 0.25
170 189 0.125
182 185 0.125
184 195 0.3125
186 191 0.273438
187 191 0.117188
188 191 0.898438
188 192 0.078125
189 192 0.898438
189 193 0.078125
190 193 0.78125
190 194 0.390625
191 194 0.820312
191 195 0.078125
192 195 0.820312
192 196 0.15625
193 196 0.78125
193 197 0.234375
194 197 0.78125
194 198 0.117188
195 198 0.820312
195 199 0.390625
196 199 0.78125
196 200 0.15625
197 200 0.0390625
