nresidues = 356
22 43 0.687755
23 43 0.515816
25 44 0.343878
26 42 3.61071
27 40 0.171939
27 41 3.43878
27 42 0.859694
27 44 0.171939
28 40 3.78265
29 38 0.171939
29 39 3.95459
29 40 0.859694
30 33 0.343878
30 34 0.343878
30 38 3.43878
30 39 0.171939
31 38 4.12653
31 39 0.343878
31 264 0.515816
31 280 0.171939
32 36 0.171939
32 38 0.515816
33 36 0.859694
36 268 0.171939
38 264 1.20357
38 267 0.515816
38 268 0.687755
39 262 0.687755
39 264 0.515816
40 262 0.171939
40 265 0.343878
42 47 0.107462
43 46 2.57908
43 47 0.107462
44 47 2.14923
44 48 0.214923
45 48 2.14923
45 49 0.214923
46 49 2.14923
46 50 0.322387
47 50 2.14923
47 51 0.537307
48 51 2.14923
48 52 0.64477
49 52 2.14923
49 53 0.214923
50 53 2.14923
50 54 0.537307
50 330 0.859694
50 336 0.687755
51 54 2.14923
51 55 0.214923
51 336 1.03163
52 55 2.04177
52 56 0.107462
53 56 0.859694
53 329 0.859694
53 331 0.171939
54 57 0.214923
54 156 0.515816
54 331 0.171939
54 334 0.171939
54 335 1.03163
54 336 0.343878
56 152 0.687755
57 99 0.171939
57 150 0.859694
57 152 1.89133
57 335 0.343878
57 338 0.171939
57 340 1.54745
58 98 0.171939
58 152 0.515816
58 340 0.687755
59 340 0.515816
60 343 0.687755
60 344 0.515816
61 91 1.37551
61 94 0.515816
61 344 0.687755
62 91 0.687755
64 87 0.859694
64 88 0.171939
65 85 0.515816
65 87 0.171939
65 88 0.343878
66 85 0.515816
66 88 0.343878
67 85 0.343878
68 85 0.171939
69 73 0.107462
69 74 0.107462
69 85 0.171939
70 73 2.79399
70 74 0.107462
70 82 3.43878
70 84 3.26684
71 74 2.2567
71 75 0.64477
71 78 0.171939
71 81 0.171939
71 82 3.78265
71 84 0.687755
71 85 0.515816
71 86 0.171939
71 89 0.687755
72 75 0.107462
72 82 0.515816
75 78 0.171939
75 86 0.859694
76 116 0.343878
77 116 0.515816
77 118 0.859694
77 123 0.859694
77 127 0.859694
78 81 0.515816
78 82 0.171939
78 89 0.515816
79 127 1.03163
80 127 0.343878
80 131 0.343878
80 134 1.03163
81 84 0.343878
81 89 0.171939
81 92 0.171939
81 130 0.171939
81 134 0.171939
84 88 0.537307
84 89 0.107462
84 92 0.171939
84 346 0.171939
85 88 2.90147
85 89 0.214923
86 89 2.14923
86 90 0.429847
87 90 1.93431
87 91 0.214923
88 91 2.14923
88 92 0.214923
89 92 2.2567
89 93 0.537307
90 93 2.2567
90 94 0.429847
91 94 2.14923
91 95 0.214923
91 343 0.687755
91 344 0.687755
92 95 2.14923
92 96 0.537307
92 346 0.859694
93 96 2.14923
93 97 0.429847
94 97 2.14923
94 98 0.214923
95 98 2.14923
95 99 0.967154
95 344 0.515816
96 99 2.14923
96 100 0.322387
96 130 0.171939
96 151 0.171939
97 100 2.04177
97 101 2.2567
97 102 0.322387
97 105 0.343878
98 102 0.322387
99 150 1.03163
99 151 0.859694
99 152 0.687755
99 155 0.171939
99 156 3.0949
99 157 0.515816
99 344 0.687755
99 347 0.171939
100 151 0.171939
100 155 0.343878
100 157 3.26684
100 158 3.43878
100 159 0.515816
101 104 3.43878
101 105 0.515816
101 108 0.687755
102 157 0.515816
104 107 0.171939
104 108 0.859694
105 108 0.343878
106 109 2.92296
106 110 0.687755
107 110 0.859694
107 112 0.515816
107 120 0.687755
108 120 0.171939
108 121 0.171939
108 122 0.859694
108 159 1.20357
108 312 0.171939
109 120 0.515816
109 122 0.343878
109 123 0.171939
110 115 1.03163
110 120 1.20357
110 123 0.515816
111 114 3.78265
111 115 0.171939
111 120 0.171939
114 117 0.687755
117 123 0.343878
118 123 1.03163
118 124 0.171939
118 127 0.859694
120 123 2.04177
121 124 2.36416
121 125 0.214923
121 307 0.171939
121 308 0.171939
121 309 1.37551
121 312 0.171939
122 125 2.2567
122 126 0.214923
123 126 2.14923
123 127 0.752234
124 127 2.04177
124 128 0.107462
125 128 2.14923
125 129 0.537307
125 308 0.171939
126 129 2.36416
126 130 0.429847
127 130 2.14923
127 131 0.214923
128 131 2.90147
128 132 0.214923
128 299 0.515816
128 300 1.37551
129 132 2.36416
129 133 0.429847
129 301 0.171939
129 304 0.171939
130 133 2.14923
130 134 0.429847
131 134 2.14923
131 135 0.214923
131 300 0.171939
132 135 2.14923
132 136 0.429847
132 296 0.171939
132 300 1.37551
132 301 0.171939
133 136 2.14923
133 137 0.537307
133 149 0.171939
133 347 3.43878
134 137 2.04177
134 138 0.429847
134 346 1.03163
134 347 0.687755
134 350 1.03163
135 138 2.14923
135 139 2.57908
135 140 0.107462
135 300 0.343878
136 139 1.82685
136 140 2.2567
136 144 0.343878
136 149 0.343878
136 296 0.515816
137 141 0.107462
137 144 0.171939
137 148 0.859694
137 149 0.859694
137 347 0.687755
137 348 3.26684
137 349 0.343878
138 141 0.107462
138 349 0.859694
138 350 0.687755
139 142 0.214923
140 143 2.14923
140 144 0.107462
140 291 1.54745
140 292 2.06327
140 295 1.03163
141 144 2.04177
141 145 0.107462
142 288 1.89133
143 285 1.20357
143 288 0.687755
143 289 0.687755
143 292 0.171939
144 147 3.43878
144 148 0.343878
146 339 0.171939
146 341 0.343878
147 337 0.171939
147 338 0.171939
147 339 0.859694
147 341 0.171939
148 341 0.171939
149 153 0.687755
150 153 0.687755
150 340 0.171939
151 154 3.0949
151 155 0.687755
152 155 3.26684
152 156 2.2352
152 335 0.171939
153 156 0.859694
153 326 0.171939
153 327 0.687755
153 329 0.171939
154 161 0.343878
154 162 0.171939
154 326 0.343878
154 327 0.171939
154 329 0.171939
155 158 1.20357
155 159 0.687755
155 161 0.859694
155 162 0.171939
155 176 0.171939
156 176 0.687755
156 327 0.171939
156 329 2.40714
156 335 0.859694
158 176 1.20357
160 175 0.687755
160 312 0.343878
161 164 0.343878
161 175 0.687755
162 173 0.171939
162 174 3.61071
162 175 1.37551
162 176 0.515816
163 173 1.20357
163 174 1.37551
163 325 0.859694
163 326 0.859694
163 329 1.20357
164 175 0.171939
164 320 0.343878
164 321 3.61071
165 169 0.687755
165 170 0.859694
165 173 0.171939
165 198 1.89133
165 209 1.37551
165 320 3.26684
165 321 0.687755
165 323 0.171939
166 170 0.343878
166 209 0.343878
166 210 0.171939
166 314 0.171939
166 318 1.03163
166 320 0.343878
167 210 0.687755
167 316 0.171939
167 318 1.03163
168 185 0.687755
168 315 1.89133
169 185 0.171939
169 194 0.687755
169 195 0.171939
169 207 0.171939
171 179 0.171939
171 183 0.687755
171 193 0.515816
171 194 0.687755
171 197 0.343878
172 177 0.859694
172 178 0.171939
172 179 0.343878
172 183 0.171939
173 197 0.171939
173 325 0.515816
174 177 0.687755
179 183 0.859694
179 184 0.515816
180 183 4.47041
180 184 0.171939
181 184 0.515816
181 187 1.54745
182 187 0.171939
182 190 0.343878
182 194 0.171939
183 194 0.515816
184 187 0.687755
184 194 0.515816
185 194 0.343878
185 315 0.859694
186 315 0.343878
187 190 0.171939
187 194 0.687755
188 191 0.171939
190 193 2.14923
190 194 1.18208
191 194 2.57908
191 195 0.752234
192 195 2.14923
192 196 0.214923
193 196 2.14923
193 197 0.429847
194 197 1.82685
194 198 0.107462
195 198 2.14923
195 199 0.214923
195 204 0.171939
195 205 0.171939
195 206 0.515816
196 199 2.47162
196 200 2.04177
196 201 2.14923
196 202 0.214923
197 201 0.322387
198 208 0.687755
198 209 0.343878
198 254 1.03163
198 323 0.859694
198 325 0.171939
199 202 1.20357
199 250 0.343878
199 253 0.515816
200 253 0.171939
204 246 0.343878
204 249 1.03163
204 250 0.343878
206 211 0.343878
206 243 0.859694
206 246 0.515816
206 247 0.515816
207 210 4.12653
207 211 0.515816
208 211 3.0949
208 212 3.78265
208 250 0.515816
208 251 0.515816
209 212 3.26684
209 213 3.61071
209 214 0.171939
209 297 0.343878
209 321 0.171939
209 322 0.343878
211 218 1.20357
211 247 0.343878
212 215 0.343878
212 218 0.343878
212 219 0.171939
212 220 0.171939
212 247 1.03163
212 248 0.171939
212 251 0.515816
212 294 0.859694
213 293 0.343878
213 294 0.343878
213 297 0.687755
213 323 0.171939
214 297 0.171939
214 298 0.171939
215 294 1.03163
215 298 0.859694
216 294 0.687755
216 298 0.343878
218 244 0.171939
218 294 0.343878
219 240 0.515816
220 248 1.03163
220 251 0.343878
220 252 0.171939
221 240 0.687755
221 275 0.859694
221 287 0.343878
222 240 0.171939
222 244 0.687755
222 248 0.171939
223 273 0.687755
225 273 0.687755
229 234 0.859694
230 233 3.61071
230 234 0.515816
231 238 0.107462
232 238 1.28954
233 238 0.752234
233 239 0.214923
234 238 0.107462
234 239 1.18208
235 238 0.859694
235 239 0.64477
236 239 0.429847
240 244 0.967154
241 244 0.537307
242 245 2.2567
242 246 0.429847
243 246 2.2567
243 247 0.214923
244 247 2.14923
244 248 0.322387
245 248 2.14923
245 249 0.214923
246 249 2.14923
246 250 0.214923
247 250 2.14923
247 251 0.214923
248 251 2.14923
248 252 0.322387
249 252 2.14923
249 253 0.537307
250 253 2.14923
250 254 0.214923
251 254 2.2567
251 255 0.537307
252 255 2.14923
252 256 0.429847
253 256 2.14923
253 257 0.214923
254 257 2.14923
254 258 0.429847
255 258 2.14923
255 259 0.322387
255 324 0.171939
256 259 2.04177
256 260 2.14923
256 261 0.64477
257 260 0.107462
257 325 1.03163
258 324 0.515816
258 325 1.03163
258 328 3.0949
258 329 3.0949
258 330 3.43878
259 324 0.171939
259 328 0.687755
259 330 4.47041
259 331 4.29847
259 332 0.343878
260 330 0.343878
261 265 0.687755
261 332 0.171939
262 265 0.343878
263 266 3.43878
263 267 0.859694
264 267 0.687755
265 280 0.859694
265 282 0.687755
265 332 0.687755
266 279 3.78265
266 280 0.515816
266 282 0.171939
266 283 0.859694
267 272 1.37551
267 278 3.26684
267 283 1.37551
268 271 3.43878
268 278 0.343878
269 272 0.171939
270 278 0.687755
271 274 1.54745
271 278 0.515816
272 283 0.515816
274 278 3.95459
274 279 0.515816
274 283 0.343878
275 278 0.515816
275 279 0.343878
275 283 4.12653
275 284 0.171939
276 279 0.171939
279 283 0.537307
280 283 2.04177
281 284 2.14923
281 285 0.214923
282 285 2.14923
282 286 0.214923
283 286 2.14923
283 287 0.214923
284 287 2.14923
284 288 0.429847
285 288 2.14923
285 289 0.107462
286 289 2.04177
286 290 0.107462
287 290 2.04177
287 291 1.71939
288 291 2.14923
288 292 0.214923
289 292 2.14923
289 293 0.322387
290 293 2.14923
290 294 0.64477
291 294 2.14923
291 295 0.214923
292 295 2.14923
292 296 0.322387
293 296 2.14923
293 297 0.64477
293 322 0.171939
294 297 2.14923
294 298 0.752234
295 298 1.82685
295 299 2.79399
295 300 0.214923
296 299 1.93431
296 300 2.36416
296 301 0.322387
297 300 1.82685
297 301 2.14923
297 302 0.214923
297 303 0.107462
297 321 2.2352
297 322 1.03163
298 303 0.214923
299 303 0.107462
300 303 0.322387
300 304 0.214923
301 304 0.322387
301 319 0.171939
301 321 0.343878
301 322 0.171939
302 305 0.322387
302 321 0.343878
303 306 0.107462
304 307 2.14923
304 308 0.322387
304 319 0.171939
305 308 0.107462
305 313 0.343878
305 317 0.515816
305 318 0.171939
308 319 0.171939
309 312 3.43878
309 313 0.171939
310 313 0.687755
312 320 0.343878
313 317 0.343878
313 318 4.29847
313 319 0.171939
314 317 0.171939
314 318 1.54745
315 318 0.515816
322 326 0.859694
323 326 0.687755
324 327 2.92296
324 328 0.687755
325 328 3.43878
325 329 0.687755
326 329 0.515816
327 334 0.859694
328 331 1.54745
328 332 0.859694
328 333 0.515816
328 334 1.03163
331 336 1.37551
333 336 0.343878
334 337 0.171939
335 338 0.343878
340 343 4.47041
340 344 0.515816
341 344 3.43878
341 345 0.171939
341 348 0.343878
342 345 0.171939
344 347 0.515816
345 348 0.515816
345 350 0.171939
346 350 0.171939
347 350 0.171939
