nresidues = 286
8 11 1.90828
8 12 0.331875
9 12 1.57641
9 13 0.165938
9 44 0.13275
10 13 1.57641
10 14 0.0829689
11 14 2.07422
11 15 0.331875
12 15 1.74234
12 16 0.165938
12 39 0.2655
13 16 1.82531
13 17 0.165938
13 44 0.13275
13 47 0.13275
13 48 0.398251
14 17 1.65938
14 18 0.165938
15 18 1.65938
15 19 0.663751
16 19 1.65938
16 20 0.331875
16 35 0.398251
17 20 1.41047
17 21 0.248908
17 52 0.13275
18 21 1.65938
18 22 0.331875
19 22 1.65938
19 31 0.13275
19 35 0.13275
20 23 0.165938
20 28 0.2655
20 32 0.13275
20 35 0.13275
20 56 0.13275
21 52 0.13275
21 56 0.13275
23 28 0.13275
23 31 0.2655
23 56 0.531001
24 27 3.31875
24 56 0.2655
24 194 0.13275
25 56 0.13275
25 162 0.929251
25 169 0.398251
25 171 0.2655
25 194 0.531001
26 162 0.796501
27 30 1.90828
27 31 0.248908
27 169 0.398251
27 196 1.062
27 198 0.13275
28 31 1.74234
28 32 0.165938
28 53 1.062
28 56 0.796501
28 102 0.2655
29 32 1.74234
29 33 0.414843
30 33 1.65938
30 34 0.497813
31 34 1.65938
31 35 0.248908
32 35 1.65938
32 36 0.165938
32 53 0.796501
33 36 1.74234
33 37 0.248908
34 37 1.65938
34 38 0.414843
35 38 1.49344
35 39 0.165938
36 39 1.41047
36 40 0.0829689
36 42 0.13275
36 45 0.398251
37 40 0.0829689
39 44 0.13275
41 44 2.07422
41 45 0.0829689
42 45 1.49344
42 46 0.0829689
43 46 1.99125
43 47 0.165938
44 47 1.65938
45 48 1.41047
45 49 0.331875
46 50 0.0829689
49 53 0.165938
50 53 1.49344
51 54 1.41047
51 55 0.165938
52 55 1.74234
52 56 0.165938
53 56 1.65938
53 57 0.331875
53 99 0.663751
53 100 0.796501
54 57 1.65938
54 58 0.331875
54 99 1.3275
55 58 1.57641
55 59 0.165938
56 59 1.65938
56 60 0.497813
57 60 1.49344
57 61 1.57641
57 62 0.580783
57 75 0.13275
57 97 0.13275
57 99 1.062
57 102 0.2655
58 61 0.165938
58 75 0.398251
58 76 0.929251
58 77 0.13275
58 80 0.2655
58 86 0.531001
59 173 0.929251
59 192 0.13275
60 75 2.25675
60 158 0.13275
60 171 0.796501
60 173 0.663751
61 74 0.13275
61 75 2.52225
61 76 0.2655
61 156 0.398251
61 157 0.13275
61 158 0.398251
61 174 0.13275
61 175 0.2655
62 73 0.13275
62 74 2.655
62 75 0.398251
63 72 0.531001
63 73 2.655
63 74 0.13275
63 139 0.13275
63 158 0.531001
63 160 0.13275
63 171 0.13275
64 72 3.4515
64 73 0.796501
64 75 0.13275
64 97 0.2655
64 104 0.13275
65 69 0.531001
65 71 0.13275
66 69 0.796501
66 73 0.13275
66 88 0.13275
66 93 0.13275
66 95 0.2655
66 104 0.13275
69 91 0.929251
69 93 0.398251
71 90 0.531001
71 128 0.929251
72 90 0.13275
72 139 0.929251
73 88 0.796501
73 95 0.2655
73 141 0.531001
74 139 0.13275
74 141 0.398251
74 143 0.13275
74 156 0.398251
74 158 0.13275
75 86 0.2655
75 95 0.2655
75 97 0.531001
76 79 2.52225
76 86 0.2655
76 143 0.663751
77 80 0.2655
78 143 1.062
78 145 0.531001
78 154 0.663751
78 156 0.13275
78 175 0.531001
78 177 0.13275
79 85 0.13275
79 86 3.4515
79 87 0.2655
79 143 0.13275
80 85 2.52225
80 86 0.398251
81 85 2.52225
81 86 0.398251
81 94 0.13275
82 85 0.398251
84 96 2.52225
84 97 0.13275
85 94 1.19475
85 95 3.58425
85 106 0.796501
85 107 0.13275
85 108 0.2655
86 94 2.655
86 95 1.19475
86 97 0.13275
86 99 0.398251
87 93 2.78775
87 112 0.13275
88 91 3.4515
88 92 2.52225
88 93 0.663751
88 95 0.13275
89 120 1.19475
89 141 0.2655
89 142 0.398251
90 120 0.398251
90 124 1.46025
90 128 1.062
90 140 0.663751
92 109 2.655
92 110 0.929251
92 111 0.663751
93 107 0.13275
93 108 2.78775
93 110 0.13275
94 106 0.13275
94 107 2.52225
94 108 0.531001
94 110 0.663751
95 104 0.13275
95 105 2.655
95 106 0.13275
96 103 0.531001
96 104 2.78775
96 105 1.062
97 102 1.062
97 103 3.05325
98 101 3.717
98 102 2.52225
98 103 0.2655
99 102 0.2655
114 117 0.929251
116 119 1.82531
116 120 0.165938
116 144 0.2655
116 151 0.531001
116 152 0.2655
116 153 0.13275
117 120 1.74234
117 121 0.829689
118 121 1.65938
118 122 0.165938
118 220 0.531001
119 122 1.65938
119 123 0.248908
119 153 0.2655
119 218 0.2655
119 220 0.796501
119 223 0.2655
120 123 1.74234
120 124 0.912659
120 142 0.796501
120 143 0.2655
120 153 0.13275
121 124 1.65938
121 125 0.165938
122 125 1.65938
122 126 0.0829689
122 224 0.398251
123 126 1.74234
123 127 0.165938
123 142 0.13275
123 224 0.2655
124 127 1.65938
124 128 0.414843
124 142 0.2655
125 128 1.41047
126 129 1.49344
126 130 0.0829689
126 228 0.796501
127 130 1.74234
127 131 0.248908
127 140 0.398251
127 142 0.13275
127 155 0.13275
127 157 0.13275
128 131 1.65938
128 132 0.165938
128 140 0.2655
129 132 1.49344
129 133 0.414843
130 133 1.65938
130 134 0.497813
130 135 0.248908
130 157 0.13275
130 231 0.13275
130 232 0.663751
130 235 0.663751
131 134 1.49344
131 135 0.497813
131 138 0.531001
131 140 0.2655
131 157 0.2655
134 232 0.398251
135 138 0.2655
135 157 0.13275
135 159 0.13275
135 172 1.19475
135 235 0.531001
137 159 0.13275
137 160 0.663751
137 161 0.13275
138 158 2.52225
139 157 2.655
139 158 0.663751
140 156 2.655
141 154 0.13275
141 155 2.52225
141 156 0.398251
142 153 0.13275
142 154 2.655
143 152 0.13275
143 153 2.655
143 154 0.398251
143 156 0.13275
144 152 2.52225
145 150 0.13275
145 151 2.655
145 152 0.929251
146 149 0.398251
146 150 2.655
146 151 0.2655
147 150 0.531001
147 152 0.2655
150 179 0.398251
150 181 0.13275
151 178 0.13275
151 179 2.655
151 180 0.531001
152 178 2.9205
153 176 0.13275
153 177 2.655
153 178 0.663751
154 176 2.655
155 174 0.13275
155 175 2.52225
155 176 0.398251
156 174 2.52225
157 172 0.13275
157 173 2.52225
157 174 0.531001
157 235 0.13275
158 171 0.929251
158 172 2.655
159 171 2.9205
159 172 0.531001
160 170 2.655
160 171 0.13275
161 168 0.398251
161 169 2.52225
161 170 0.398251
162 168 2.25675
162 169 0.929251
162 170 0.13275
162 171 0.13275
163 166 3.05325
163 167 2.3895
163 168 4.11526
164 167 0.398251
166 199 0.398251
167 197 2.52225
167 198 4.64626
167 199 0.398251
168 196 2.655
168 197 0.13275
169 195 2.655
169 196 0.398251
169 198 0.13275
170 194 2.52225
171 193 2.52225
171 194 0.398251
172 192 2.52225
172 193 0.398251
172 235 0.13275
172 238 0.2655
173 191 2.655
173 192 1.3275
174 190 2.655
174 191 0.13275
174 235 0.398251
175 188 0.13275
175 189 2.655
175 190 0.2655
176 187 0.2655
176 188 2.655
176 189 0.531001
176 191 0.13275
176 211 0.13275
176 231 0.796501
176 234 0.2655
176 235 0.663751
177 186 0.13275
177 187 2.52225
177 188 0.663751
178 186 2.52225
178 187 0.2655
178 227 2.124
178 231 0.2655
179 185 2.655
179 186 0.13275
180 184 2.655
180 227 0.2655
181 184 3.31875
182 217 0.13275
183 216 2.9205
183 217 1.062
184 215 2.655
184 217 0.2655
185 214 2.655
185 215 0.398251
185 217 0.13275
186 213 2.78775
186 214 0.398251
187 211 0.13275
187 212 3.186
187 213 0.796501
188 211 2.655
188 212 0.13275
189 210 2.655
189 211 0.531001
190 209 2.655
190 210 0.2655
191 208 2.655
191 209 0.2655
191 235 0.13275
191 238 0.663751
192 207 2.78775
193 205 0.2655
193 206 2.52225
193 207 0.663751
193 238 0.2655
193 242 0.13275
194 204 0.13275
194 205 2.78775
195 203 0.13275
195 204 2.78775
195 205 0.2655
196 202 0.663751
196 203 2.655
196 204 0.2655
197 200 0.2655
197 202 2.655
197 203 0.663751
198 201 0.531001
198 202 0.13275
205 246 0.13275
207 238 0.929251
208 238 0.2655
209 238 0.398251
215 227 0.13275
216 226 0.13275
217 223 0.497813
217 227 0.13275
218 222 0.0829689
218 223 0.414843
219 222 1.57641
219 223 0.331875
220 223 1.65938
220 224 0.165938
221 224 1.41047
221 225 0.331875
222 225 1.65938
222 226 0.165938
223 226 1.74234
223 227 0.497813
224 227 1.65938
224 228 0.165938
225 228 1.65938
225 229 0.165938
226 229 1.65938
226 230 0.248908
227 230 1.65938
227 231 0.331875
228 231 1.65938
228 232 0.165938
229 232 1.65938
229 233 0.165938
230 233 1.65938
230 234 0.165938
231 234 1.65938
231 235 0.580783
232 235 1.57641
232 236 0.497813
233 236 1.65938
233 237 0.165938
234 237 1.65938
234 238 0.0829689
235 238 1.65938
235 239 0.165938
236 239 1.74234
236 240 0.248908
237 240 1.74234
237 241 0.165938
238 241 1.74234
238 242 0.995626
239 242 1.65938
240 243 1.65938
240 244 0.580783
241 244 1.74234
241 245 0.165938
242 245 1.65938
242 246 0.580783
243 246 1.74234
244 247 1.65938
244 248 0.248908
245 248 1.74234
245 249 0.580783
246 249 1.74234
246 250 0.165938
247 250 1.65938
247 251 0.663751
248 251 1.57641
248 252 1.74234
249 252 1.49344
249 253 1.90828
249 254 0.165938
250 254 0.0829689
251 255 0.0829689
252 255 1.65938
252 256 0.0829689
253 256 1.65938
254 257 1.65938
254 258 0.331875
255 258 1.90828
255 259 0.497813
259 262 0.2655
259 263 0.2655
261 265 0.13275
262 265 0.13275
262 266 0.2655
268 273 0.13275
269 272 2.9205
269 273 0.2655
270 273 2.655
270 274 0.531001
271 274 0.531001
