nresidues = 246
0 16 2.91659
0 17 0.583319
0 49 0.291659
0 52 0.874978
0 53 2.91659
0 54 2.77076
1 14 0.14583
1 15 3.06242
1 16 0.291659
1 54 0.14583
1 55 3.06242
1 243 2.18745
2 14 3.06242
2 15 0.14583
2 53 0.14583
2 55 0.291659
2 56 2.77076
2 57 0.291659
3 12 0.14583
3 13 2.77076
3 14 0.729148
3 16 0.14583
3 22 0.291659
3 57 2.77076
3 235 0.874978
3 238 0.14583
3 239 0.437489
3 243 0.14583
4 12 2.91659
4 13 0.729148
4 57 0.583319
4 58 3.20825
4 59 0.291659
4 235 0.14583
4 238 0.14583
5 10 0.14583
5 11 3.06242
5 12 0.437489
5 59 2.91659
5 234 0.583319
5 235 0.14583
6 10 2.62493
6 11 0.437489
6 59 0.291659
6 60 3.35408
6 61 0.14583
6 65 0.14583
7 10 0.437489
7 29 0.583319
7 62 0.437489
8 61 0.14583
8 62 0.291659
8 127 0.291659
9 28 2.91659
9 29 0.729148
9 127 0.583319
10 26 0.729148
10 27 3.35408
10 28 0.291659
10 29 0.583319
11 26 2.77076
11 27 0.583319
11 29 0.874978
12 24 0.729148
12 25 3.20825
12 26 0.14583
12 235 0.14583
13 24 2.77076
13 25 0.874978
13 27 0.14583
13 38 0.291659
13 42 0.14583
14 22 0.291659
14 23 3.20825
14 235 0.291659
15 22 2.77076
15 23 0.437489
15 25 0.437489
15 49 0.14583
16 19 0.291659
16 21 0.583319
16 22 0.437489
16 239 0.14583
17 52 0.14583
18 21 0.729148
18 239 0.291659
19 22 0.874978
19 239 0.874978
22 235 0.291659
22 236 0.291659
23 45 0.14583
24 231 0.437489
24 232 0.583319
24 235 0.14583
25 45 1.02081
25 46 0.583319
27 41 0.14583
27 42 0.14583
29 33 0.14583
29 65 0.291659
30 33 0.14583
30 65 0.14583
33 37 0.820291
33 38 0.273432
33 41 0.291659
33 65 0.291659
33 68 0.291659
34 37 2.00516
34 38 0.182287
34 68 0.583319
35 38 1.82287
35 39 0.182287
35 68 0.14583
35 71 1.16664
35 72 0.437489
35 76 0.14583
36 39 1.91401
36 40 0.182287
36 75 0.729148
36 76 0.729148
37 40 1.82287
37 41 0.820291
38 41 1.82287
38 42 0.546861
38 69 0.14583
38 72 0.437489
39 42 1.82287
39 43 0.364574
39 72 0.291659
39 76 1.60413
40 43 0.0911435
40 44 0.0911435
41 44 0.273432
41 45 0.182287
42 45 1.82287
42 46 0.364574
42 50 0.437489
42 72 0.14583
43 46 1.54944
43 47 0.0911435
43 50 0.14583
46 49 2.77076
47 50 0.291659
48 51 1.02081
49 52 2.91659
50 53 0.437489
50 77 0.437489
53 56 0.14583
53 77 0.437489
54 79 0.14583
55 79 0.14583
55 243 0.437489
56 73 0.583319
56 77 0.14583
56 81 2.91659
56 82 0.14583
56 243 0.583319
57 82 2.77076
57 238 0.583319
57 242 0.14583
58 69 0.14583
58 81 0.14583
58 82 0.291659
58 83 3.20825
58 84 0.583319
58 238 0.14583
59 103 0.729148
59 238 0.14583
60 66 0.583319
60 83 0.14583
60 103 0.14583
61 102 0.14583
61 103 0.14583
61 104 0.291659
62 65 1.73173
62 66 0.182287
63 66 0.638006
64 67 0.0911435
65 68 1.91401
65 69 0.0911435
66 69 1.82287
66 70 0.182287
66 83 1.4583
67 70 1.82287
67 71 1.09372
68 71 2.00516
68 72 0.182287
69 72 1.82287
69 73 0.364574
70 73 1.82287
70 74 0.273432
70 80 0.14583
70 81 0.729148
70 83 0.437489
71 74 1.82287
71 75 0.182287
72 75 1.64058
72 76 0.364574
72 77 0.182287
73 76 1.64058
73 77 1.82287
73 78 1.54944
73 79 1.91401
73 81 0.364574
74 77 1.64058
74 78 0.546861
74 79 0.638006
74 80 0.182287
75 78 0.182287
82 242 0.729148
82 243 0.14583
83 241 0.291659
84 103 0.291659
84 106 0.14583
84 241 0.583319
85 106 0.583319
85 241 0.291659
86 93 0.437489
86 98 0.14583
87 91 0.14583
87 93 0.583319
87 241 0.14583
88 91 2.4791
90 113 0.14583
90 114 0.291659
91 109 0.291659
91 137 2.91659
92 138 3.06242
92 139 0.437489
93 98 0.437489
93 106 0.583319
93 139 3.49991
94 138 0.14583
94 139 0.583319
94 140 0.729148
95 98 0.291659
95 139 0.291659
95 140 0.437489
95 141 0.14583
97 100 3.06242
98 101 0.437489
101 105 0.0911435
101 106 0.0911435
101 139 0.14583
102 105 1.91401
102 106 0.182287
103 106 1.82287
103 107 0.182287
104 107 1.82287
104 108 0.455717
105 108 1.82287
105 109 0.273432
105 130 0.437489
105 131 0.14583
105 132 1.31247
105 139 0.437489
105 142 0.14583
105 143 0.14583
105 144 0.291659
106 109 1.82287
106 110 0.273432
107 110 1.82287
107 111 0.182287
107 234 0.14583
107 237 0.583319
108 111 1.82287
108 112 0.182287
108 122 0.291659
108 124 0.583319
108 233 0.874978
108 234 0.874978
109 112 1.82287
109 113 0.273432
109 122 0.14583
109 134 0.14583
109 139 0.291659
110 113 1.73173
110 114 0.273432
110 237 0.14583
110 240 0.14583
111 114 1.82287
111 115 0.273432
111 233 0.291659
111 236 0.14583
111 237 0.14583
112 115 1.73173
112 116 2.0963
112 117 2.00516
112 118 0.0911435
112 119 0.546861
112 120 0.182287
112 122 0.14583
112 211 0.14583
113 117 0.182287
113 134 0.14583
114 240 0.14583
115 236 1.31247
115 240 0.729148
116 228 0.729148
116 230 0.729148
116 233 0.14583
116 236 0.14583
118 134 2.91659
118 135 2.91659
118 136 3.64574
118 137 0.291659
119 134 2.91659
119 135 0.729148
119 136 0.14583
119 208 0.14583
119 209 0.291659
120 132 0.14583
120 133 2.91659
120 134 0.583319
120 209 2.77076
121 131 0.14583
121 132 2.91659
121 133 0.14583
121 198 0.14583
121 201 0.14583
121 208 0.14583
121 209 0.291659
121 210 2.91659
121 211 0.437489
122 130 0.14583
122 131 2.91659
122 132 0.583319
122 211 3.35408
122 233 0.14583
123 130 2.91659
123 131 0.291659
123 198 0.14583
123 210 0.14583
123 211 0.437489
123 212 3.20825
123 213 0.583319
124 128 0.14583
124 129 3.20825
124 130 0.437489
124 213 3.9374
124 214 0.291659
124 234 0.14583
125 128 2.62493
125 129 0.583319
125 148 0.14583
125 194 0.14583
125 212 0.14583
125 213 0.291659
125 214 2.77076
125 215 2.62493
125 216 0.437489
125 217 0.14583
125 220 0.291659
126 147 0.14583
126 216 0.437489
127 146 2.62493
127 147 0.291659
127 150 0.583319
128 145 3.06242
128 146 0.291659
129 144 2.91659
129 145 1.16664
129 147 0.14583
129 194 0.14583
130 143 3.06242
131 142 3.06242
131 143 0.291659
131 194 0.14583
132 139 0.874978
132 141 2.77076
133 138 0.14583
133 139 3.06242
133 140 3.06242
133 141 0.437489
133 201 0.291659
133 205 0.437489
133 208 0.14583
134 137 0.14583
134 138 3.06242
135 138 0.729148
135 205 0.291659
140 205 0.14583
145 193 0.14583
146 150 0.273432
146 151 0.273432
147 150 1.82287
147 151 0.273432
147 216 0.14583
148 151 1.82287
148 152 0.182287
148 167 0.291659
148 186 0.291659
148 187 0.583319
148 190 0.14583
148 216 1.02081
148 220 0.437489
149 152 2.0963
149 153 0.273432
149 216 0.291659
150 153 1.91401
150 154 0.273432
151 154 2.0963
151 155 0.273432
151 186 0.437489
151 190 0.291659
152 155 1.82287
152 156 0.182287
152 164 0.437489
152 165 0.437489
152 182 0.14583
152 186 0.14583
153 156 1.82287
153 157 0.820291
153 164 0.14583
154 157 1.73173
154 158 0.0911435
155 158 1.54944
155 159 0.455717
155 162 0.583319
155 182 0.14583
155 186 0.14583
156 159 0.0911435
156 162 0.437489
156 163 0.729148
156 164 0.291659
159 162 0.729148
162 178 0.14583
163 178 0.14583
163 179 0.14583
165 179 0.14583
165 182 0.14583
165 183 0.14583
167 187 0.14583
167 219 0.14583
168 183 1.02081
168 187 0.291659
169 183 0.583319
169 187 0.14583
169 188 0.729148
169 219 0.14583
169 223 0.291659
170 183 0.14583
170 184 0.291659
170 188 1.16664
172 175 0.291659
172 180 1.60413
172 183 0.437489
172 184 0.14583
173 184 0.291659
174 184 0.291659
175 180 0.546861
175 181 0.273432
176 180 0.273432
176 181 0.0911435
177 180 2.27859
177 181 0.455717
178 181 1.82287
178 182 0.364574
179 182 1.82287
179 183 0.364574
180 183 1.82287
180 184 0.182287
181 184 1.82287
181 185 0.0911435
182 185 1.82287
182 186 0.273432
183 186 1.73173
183 187 1.82287
183 188 0.0911435
184 187 1.54944
184 188 2.0963
184 189 0.0911435
185 188 1.64058
185 189 0.182287
186 189 1.64058
186 190 0.364574
187 190 1.82287
187 191 0.182287
187 220 0.14583
188 191 1.82287
188 192 0.546861
188 223 0.291659
189 192 1.82287
189 193 0.182287
190 193 1.82287
190 194 0.364574
191 194 1.82287
191 195 0.546861
191 223 0.14583
192 195 2.00516
192 196 0.0911435
193 196 1.73173
193 197 0.364574
194 197 1.82287
194 198 0.455717
194 224 0.14583
195 198 1.82287
195 199 0.0911435
195 223 0.14583
196 199 1.64058
196 200 0.182287
197 200 1.82287
197 201 0.364574
198 201 1.82287
198 202 0.364574
198 224 0.14583
199 202 1.82287
199 203 0.182287
200 203 1.82287
200 204 0.182287
201 204 1.82287
201 205 0.455717
202 205 1.73173
202 206 0.729148
202 207 0.273432
202 208 0.182287
202 225 0.14583
209 227 0.583319
210 225 0.291659
210 226 3.06242
210 227 3.35408
210 228 0.14583
211 228 3.35408
212 217 0.291659
212 224 0.14583
212 228 0.291659
212 229 3.06242
212 230 0.291659
213 217 0.874978
213 230 0.583319
213 231 0.437489
213 233 0.14583
214 217 0.583319
216 219 0.291659
217 220 2.91659
217 221 0.291659
217 229 0.291659
218 221 0.291659
220 223 3.20825
221 224 0.14583
221 226 0.437489
221 229 1.02081
226 229 0.291659
230 233 0.14583
230 236 0.874978
232 235 1.82287
232 236 0.364574
233 236 1.82287
233 237 0.0911435
234 237 1.73173
234 238 0.273432
235 238 1.82287
235 239 0.182287
236 239 1.82287
236 240 0.546861
237 240 1.82287
237 241 0.182287
238 241 1.82287
238 242 0.273432
239 242 1.82287
239 243 2.00516
240 243 1.64058
240 244 0.0911435
