L	Ls	nvertices	F_L	F_L_constrained	rho_sum	nloops	regions
250	  0	  0	           0	           0	           0	 0	[(0, 250)]
251	  0	  0	           0	           0	           0	 0	[(0, 251)]
252	  0	  0	           0	           0	           0	 0	[(0, 252)]
253	  0	  2	           0	     3.71085	     0.30874	 1	[(0, 253)]
254	  0	  4	           0	     2.24503	    0.297765	 1	[(0, 254)]
255	  0	  6	           0	     3.91139	     5.07707	 0	[(0, 255)]
256	  0	  7	           0	     3.69205	     5.54736	 0	[(0, 256)]
257	  0	  8	           0	     3.40221	     6.95141	 0	[(0, 257)]
258	  0	  9	           0	     2.94671	     8.04136	 0	[(0, 258)]
259	  0	 10	           0	     2.56522	     9.04424	 0	[(0, 259)]
260	  0	 11	           0	     2.18554	     10.0352	 0	[(0, 260)]
261	  0	 12	           0	      1.8025	     11.0194	 0	[(0, 261)]
262	  0	 13	           0	    0.987075	     12.1292	 0	[(0, 262)]
263	  0	 14	           0	    0.399467	     13.1373	 0	[(0, 263)]
264	  0	 15	  -0.0979255	  -0.0979255	     14.1157	 0	[(0, 264)]
265	  0	 16	   -0.692703	   -0.692703	      15.101	 0	[(0, 265)]
266	  0	 17	   -0.942115	   -0.942115	      15.998	 0	[(0, 266)]
267	  0	 18	    -1.20107	    -1.20107	     16.8586	 0	[(0, 267)]
268	  0	 19	    -1.20107	   -0.670836	     16.9022	 0	[(0, 268)]
269	  0	 19	    -1.20107	   -0.670836	     16.9022	 0	[(0, 269)]
270	  0	 19	    -1.20107	   -0.670836	     16.9022	 0	[(0, 270)]
271	  0	 20	    -1.20107	     3.28157	      17.651	 1	[(0, 271)]
272	  0	 22	    -1.20107	      2.0494	     19.5372	 1	[(0, 272)]
273	  0	 24	    -1.20107	     1.78018	     22.1885	 0	[(0, 273)]
274	  0	 25	    -1.20107	     1.52057	     23.4167	 0	[(0, 274)]
275	  0	 26	    -1.20107	    -1.19801	     24.7222	 0	[(0, 275)]
276	  0	 27	    -1.65877	    -1.65877	      25.659	 0	[(0, 276)]
277	  0	 28	     -2.0731	     -2.0731	     26.5975	 0	[(0, 277)]
278	  0	 29	    -3.74457	    -3.74457	     27.7249	 0	[(0, 278)]
279	  0	 30	    -5.39682	    -5.39682	     28.8115	 0	[(0, 279)]
280	  0	 31	    -6.51817	    -6.51817	     29.8169	 0	[(0, 280)]
281	  0	 32	     -7.3769	     -7.3769	     30.7567	 0	[(0, 281)]
282	  0	 33	    -7.99584	    -7.99584	     31.6721	 0	[(0, 282)]
283	  0	 34	    -9.67311	    -9.67311	     32.7663	 0	[(0, 283)]
284	  0	 35	    -9.67311	    -9.06512	     33.1435	 0	[(0, 284)]
285	  0	 35	    -9.67311	    -9.06512	     33.1435	 0	[(0, 285)]
286	  0	 35	    -9.67311	    -9.06512	     33.1435	 0	[(0, 286)]
287	  0	 35	    -9.67311	    -9.06512	     33.1435	 0	[(0, 287)]
288	  0	 37	    -9.67311	    -4.22508	     33.4475	 1	[(0, 288)]
289	  0	 39	    -9.67311	    -5.97949	      33.197	 1	[(0, 289)]
290	  0	 41	    -9.67311	    -5.38725	     38.2889	 0	[(0, 290)]
291	  0	 42	    -9.67311	    -6.56047	     39.8808	 0	[(0, 291)]
292	  0	 43	    -9.67311	    -8.86576	     41.0543	 0	[(0, 292)]
293	  0	 44	    -9.67311	    -9.44342	     41.9708	 0	[(0, 293)]
294	  0	 45	    -9.74223	    -9.74223	     42.8119	 0	[(0, 294)]
295	  0	 46	    -10.0912	    -10.0912	     43.6839	 0	[(0, 295)]
296	  0	 47	    -11.3076	    -11.3076	     44.8719	 0	[(0, 296)]
297	  0	 48	    -11.7268	    -11.7268	     45.8338	 0	[(0, 297)]
298	  0	 49	    -12.2109	    -12.2109	     46.8168	 0	[(0, 298)]
299	  0	 50	    -12.6417	    -12.6417	     47.7426	 0	[(0, 299)]
300	  0	 51	    -16.5703	    -16.5703	      49.043	 0	[(0, 300)]
301	  0	 52	    -18.6051	    -18.6051	     50.1071	 0	[(0, 301)]
302	  0	 53	    -18.6051	    -17.8585	     50.4346	 0	[(0, 302)]
303	  0	 53	    -18.6051	    -17.8585	     50.4346	 0	[(0, 303)]
304	  0	 54	    -18.6051	    -18.0585	     50.6224	 0	[(0, 304)]
305	  0	 55	    -18.6051	     -14.355	     51.7921	 1	[(0, 305)]
306	  0	 57	    -18.6051	    -12.6374	     50.3531	 1	[(0, 306)]
307	  0	 57	    -18.6051	    -12.6374	     50.3531	 1	[(0, 307)]
308	  0	 58	    -18.6051	    -12.3776	     52.9923	 1	[(0, 308)]
309	  0	 59	    -18.6051	     -9.5825	     53.0058	 2	[(0, 309)]
310	  0	 61	    -18.6051	    -12.6657	     50.3912	 1	[(0, 310)]
311	  0	 62	    -18.6051	    -7.43649	     57.9905	 1	[(0, 311)]
312	  0	 63	    -18.6051	    -7.51791	     58.5105	 1	[(0, 312)]
313	  0	 64	    -18.6051	    -8.16703	     59.2585	 1	[(0, 313)]
314	  0	 65	    -18.6051	    -8.52965	     60.2741	 1	[(0, 314)]
315	  0	 66	    -18.6051	     -8.9149	     61.2605	 1	[(0, 315)]
316	  0	 67	    -18.6051	    -11.2143	     62.5023	 1	[(0, 316)]
317	  0	 68	    -18.6051	    -11.9463	       63.47	 1	[(0, 317)]
318	  0	 69	    -18.6051	    -12.3865	     64.3793	 1	[(0, 318)]
319	  0	 70	    -18.6051	    -13.4581	     65.4315	 1	[(0, 319)]
320	  0	 71	    -18.6051	    -14.1705	     66.4152	 1	[(0, 320)]
321	  0	 72	    -18.6051	    -14.5959	     67.3631	 1	[(0, 321)]
322	  0	 73	    -18.6051	    -16.6534	     68.5087	 1	[(0, 322)]
323	  0	 74	    -18.6051	    -16.1252	     68.9681	 1	[(0, 323)]
324	  0	 75	    -18.6051	    -15.6261	     68.9033	 1	[(0, 324)]
325	  0	 75	    -18.6051	    -15.6261	     68.9033	 1	[(0, 325)]
326	  0	 76	    -18.6051	    -13.3734	      69.642	 2	[(0, 326)]
327	  0	 77	    -18.6051	    -13.7014	     70.9498	 2	[(0, 327)]
328	  0	 79	    -18.6051	    -15.9403	     74.2171	 1	[(0, 328)]
329	  0	 80	    -18.6051	    -17.1011	     75.3454	 1	[(0, 329)]
330	  0	 81	    -18.6051	    -18.4866	     76.3628	 1	[(0, 330)]
331	  0	 82	    -20.2574	    -20.2574	     77.3917	 1	[(0, 331)]
332	  0	 83	    -21.2008	    -21.2008	     78.3425	 1	[(0, 332)]
333	  0	 84	    -21.5987	    -21.5987	     79.2084	 1	[(0, 333)]
334	  0	 85	    -22.1274	    -22.1274	     80.1198	 1	[(0, 334)]
335	  0	 86	    -23.8871	    -23.8871	     81.2773	 1	[(0, 335)]
336	  0	 87	    -24.7537	    -24.7537	     82.2833	 1	[(0, 336)]
337	  0	 88	    -26.6862	    -26.6862	     82.7688	 1	[(0, 337)]
338	  0	 89	    -28.4273	    -28.4273	      83.788	 1	[(0, 338)]
339	  0	 90	     -31.276	     -31.276	     84.9525	 1	[(0, 339)]
340	  0	 91	    -32.1332	    -32.1332	     85.8501	 1	[(0, 340)]
341	  0	 92	    -32.1332	    -31.4497	     86.1295	 1	[(0, 341)]
342	  0	 93	    -32.1332	    -31.0756	     86.0322	 1	[(0, 342)]
343	  0	 94	    -36.8947	    -36.8947	      87.718	 1	[(0, 343)]
344	  0	 95	    -42.6567	    -42.6567	     89.4235	 1	[(0, 344)]
345	  0	 96	    -42.6567	     -42.251	     89.9957	 1	[(0, 345)]
346	  0	 96	    -42.6567	     -42.251	     89.9957	 1	[(0, 346)]
347	  0	 97	    -42.6567	    -40.1994	     90.1964	 2	[(0, 347)]
348	  0	 98	    -42.6567	    -41.7349	      91.668	 2	[(0, 348)]
349	  0	100	    -42.6567	    -42.4829	     93.3997	 1	[(0, 349)]
350	  0	101	    -42.6567	    -42.4361	     95.2261	 1	[(0, 350)]
351	  0	102	    -42.8497	    -42.8497	     96.2288	 1	[(0, 351)]
352	  0	103	    -43.5786	    -43.5786	     97.3543	 1	[(0, 352)]
353	  0	104	    -44.2396	    -44.2396	     98.4196	 1	[(0, 353)]
354	  0	105	     -44.655	     -44.655	      99.376	 1	[(0, 354)]
355	  0	106	    -46.3897	    -46.3897	     100.534	 1	[(0, 355)]
356	  0	107	    -46.6912	    -46.6912	     101.398	 1	[(0, 356)]
357	  0	108	    -47.0909	    -47.0909	      102.34	 1	[(0, 357)]
358	  0	109	    -47.5173	    -47.5173	      103.26	 1	[(0, 358)]
359	  0	110	     -48.226	     -48.226	     104.366	 1	[(0, 359)]
360	  0	111	      -48.99	      -48.99	     105.414	 1	[(0, 360)]
361	  0	112	      -48.99	    -48.4724	     105.788	 1	[(0, 361)]
362	  0	112	      -48.99	    -48.4724	     105.788	 1	[(0, 362)]
363	  0	113	      -48.99	    -48.6197	     105.928	 1	[(0, 363)]
364	  0	113	      -48.99	    -48.6197	     105.928	 1	[(0, 364)]
365	  0	113	      -48.99	    -48.6197	     105.928	 1	[(0, 365)]
366	  0	113	      -48.99	    -48.6197	     105.928	 1	[(0, 366)]
367	  0	113	      -48.99	    -48.6197	     105.928	 1	[(0, 367)]
368	  0	113	      -48.99	    -48.6197	     105.928	 1	[(0, 368)]
369	  0	113	      -48.99	    -48.6197	     105.928	 1	[(0, 369)]
370	  0	116	      -48.99	     -44.726	     106.229	 2	[(0, 370)]
371	  0	119	      -48.99	    -46.3669	     106.194	 2	[(0, 371)]
372	  0	119	      -48.99	    -46.3669	     106.194	 2	[(0, 372)]
373	  0	119	      -48.99	    -46.3669	     106.194	 2	[(0, 373)]
374	  0	120	      -48.99	    -46.6099	     106.376	 2	[(0, 374)]
375	  0	121	      -48.99	    -46.5584	     106.355	 2	[(0, 375)]
376	  0	121	      -48.99	    -46.5584	     106.355	 2	[(0, 376)]
377	  0	123	      -48.99	    -42.5129	     112.445	 2	[(0, 377)]
378	  0	123	      -48.99	    -42.5129	     112.445	 2	[(0, 378)]
379	  0	123	      -48.99	    -42.5129	     112.445	 2	[(0, 379)]
380	  0	123	      -48.99	    -42.5129	     112.445	 2	[(0, 380)]
381	  0	123	      -48.99	    -42.5129	     112.445	 2	[(0, 381)]
382	  0	123	      -48.99	    -42.5129	     112.445	 2	[(0, 382)]
383	  0	123	      -48.99	    -42.5129	     112.445	 2	[(0, 383)]
384	  0	123	      -48.99	    -42.5129	     112.445	 2	[(0, 384)]
385	  0	123	      -48.99	    -42.5129	     112.445	 2	[(0, 385)]
386	  0	123	      -48.99	    -42.5129	     112.445	 2	[(0, 386)]
387	  0	123	      -48.99	    -42.5129	     112.445	 2	[(0, 387)]
388	  0	123	      -48.99	    -42.5129	     112.445	 2	[(0, 388)]
389	  0	123	      -48.99	    -42.5129	     112.445	 2	[(0, 389)]
390	  0	123	      -48.99	    -42.5129	     112.445	 2	[(0, 390)]
391	  0	123	      -48.99	    -42.5129	     112.445	 2	[(0, 391)]
392	  0	123	      -48.99	    -42.5129	     112.445	 2	[(0, 392)]
393	  0	123	      -48.99	    -42.5129	     112.445	 2	[(0, 393)]
394	  0	123	      -48.99	    -42.5129	     112.445	 2	[(0, 394)]
395	  0	123	      -48.99	    -42.5129	     112.445	 2	[(0, 395)]
396	  0	123	      -48.99	    -42.5129	     112.445	 2	[(0, 396)]
397	  0	123	      -48.99	    -42.5129	     112.445	 2	[(0, 397)]
398	  0	123	      -48.99	    -42.5129	     112.445	 2	[(0, 398)]
399	  0	123	      -48.99	    -42.5129	     112.445	 2	[(0, 399)]
400	  0	124	      -48.99	     -42.948	     112.873	 2	[(0, 400)]
401	  0	124	      -48.99	     -42.948	     112.873	 2	[(0, 401)]
402	  0	125	      -48.99	    -43.3506	      112.93	 2	[(0, 402)]
403	  0	126	      -48.99	    -43.2507	     112.955	 2	[(0, 403)]
404	  0	127	      -48.99	    -43.1785	     112.758	 2	[(0, 404)]
405	  0	129	      -48.99	    -46.3164	     106.502	 2	[(0, 405)]
406	  0	129	      -48.99	    -46.3164	     106.502	 2	[(0, 406)]
407	  0	130	      -48.99	    -46.4485	     106.634	 2	[(0, 407)]
408	  0	131	      -48.99	    -36.7485	     112.795	 3	[(0, 408)]
409	  0	133	      -48.99	    -32.3265	     118.475	 3	[(0, 409)]
410	  0	133	      -48.99	    -32.3265	     118.475	 3	[(0, 410)]
411	  0	134	      -48.99	    -33.3748	      117.98	 3	[(0, 411)]
412	  0	134	      -48.99	    -33.3748	      117.98	 3	[(0, 412)]
413	  0	135	      -48.99	    -35.5516	     118.889	 3	[(0, 413)]
414	  0	136	      -48.99	    -35.3997	     119.332	 3	[(0, 414)]
415	  0	138	      -48.99	    -33.7416	     120.021	 3	[(0, 415)]
416	  0	138	      -48.99	    -33.7416	     120.021	 3	[(0, 416)]
417	  0	139	      -48.99	     -24.935	      120.45	 4	[(0, 417)]
418	  0	139	      -48.99	     -24.935	      120.45	 4	[(0, 418)]
419	  0	140	      -48.99	    -23.1351	     120.948	 5	[(0, 419)]
420	  0	141	      -48.99	     -23.976	     122.821	 5	[(0, 420)]
421	  0	142	      -48.99	    -25.3239	      124.25	 5	[(0, 421)]
422	  0	144	      -48.99	    -27.9853	     128.013	 5	[(0, 422)]
423	  0	146	      -48.99	    -28.0267	       129.2	 4	[(0, 423)]
424	  0	147	      -48.99	    -28.2805	     130.086	 4	[(0, 424)]
425	  0	148	      -48.99	    -29.1385	     131.356	 4	[(0, 425)]
426	  0	149	      -48.99	    -30.3133	     133.381	 4	[(0, 426)]
427	  0	150	      -48.99	    -30.7201	     134.192	 4	[(0, 427)]
428	  0	151	      -48.99	    -31.1404	     135.142	 4	[(0, 428)]
429	  0	152	      -48.99	    -31.8548	     136.225	 4	[(0, 429)]
430	  0	153	      -48.99	     -32.795	     137.315	 4	[(0, 430)]
431	  0	154	      -48.99	    -33.3982	     138.316	 4	[(0, 431)]
432	  0	155	      -48.99	    -34.0067	      139.29	 4	[(0, 432)]
433	  0	156	      -48.99	    -33.4506	     139.585	 4	[(0, 433)]
434	  0	156	      -48.99	    -33.4506	     139.585	 4	[(0, 434)]
435	  0	156	      -48.99	    -33.4506	     139.585	 4	[(0, 435)]
436	  0	156	      -48.99	    -33.4506	     139.585	 4	[(0, 436)]
437	  0	156	      -48.99	    -33.4506	     139.585	 4	[(0, 437)]
438	  0	156	      -48.99	    -33.4506	     139.585	 4	[(0, 438)]
439	  0	156	      -48.99	    -33.4506	     139.585	 4	[(0, 439)]
440	  0	156	      -48.99	    -33.4506	     139.585	 4	[(0, 440)]
441	  0	156	      -48.99	    -33.4506	     139.585	 4	[(0, 441)]
442	  0	156	      -48.99	    -33.4506	     139.585	 4	[(0, 442)]
443	  0	156	      -48.99	    -33.4506	     139.585	 4	[(0, 443)]
444	  0	156	      -48.99	    -33.4506	     139.585	 4	[(0, 444)]
445	  0	156	      -48.99	    -33.4506	     139.585	 4	[(0, 445)]
446	  0	156	      -48.99	    -33.4506	     139.585	 4	[(0, 446)]
