nresidues = 161
0 4 0.202087
0 77 0.161669
0 79 0.161669
0 113 0.161669
0 117 0.323339
1 4 1.91982
1 5 0.202087
1 117 0.808347
1 148 0.161669
2 5 2.02087
2 6 0.808347
2 79 0.646677
2 117 0.485008
3 6 2.02087
3 7 0.303131
3 141 0.485008
4 7 2.02087
4 8 1.11148
5 8 1.91982
5 9 0.60626
5 11 0.101043
5 78 0.161669
5 79 0.161669
6 9 1.81878
6 10 1.91982
6 11 0.303131
6 12 0.707305
6 79 0.323339
6 80 0.646677
6 81 0.485008
7 10 0.505215
9 31 0.161669
9 35 0.646677
9 37 0.161669
9 76 0.485008
9 78 0.161669
10 13 0.646677
11 31 0.323339
11 79 0.485008
11 80 4.04173
11 81 0.485008
12 81 3.07172
12 137 0.161669
13 16 0.161669
13 31 0.485008
13 34 0.485008
13 81 0.323339
13 82 3.07172
14 83 3.71839
14 134 0.485008
14 135 0.485008
14 136 0.485008
14 140 0.161669
15 83 3.07172
15 85 0.485008
16 83 0.485008
16 84 3.39506
16 85 0.323339
17 85 0.323339
18 23 0.808347
18 24 0.161669
18 84 0.161669
18 88 0.161669
19 88 0.161669
20 23 2.22295
20 24 0.202087
20 88 0.646677
21 24 2.02087
21 25 0.303131
21 50 0.646677
21 51 0.161669
21 89 0.323339
21 90 0.970016
21 91 0.161669
22 25 2.12191
22 26 0.202087
22 47 0.161669
22 51 0.323339
23 26 2.12191
23 27 0.404173
24 27 2.02087
24 28 0.202087
24 88 0.161669
25 28 2.22295
25 29 0.202087
25 43 0.161669
25 46 0.161669
25 90 0.323339
26 29 1.81878
26 30 0.303131
26 43 0.646677
27 31 0.202087
27 82 0.323339
28 31 0.303131
28 66 0.161669
28 80 0.646677
28 82 0.161669
28 99 0.161669
28 101 0.323339
29 32 2.02087
29 33 0.303131
29 46 0.161669
30 33 2.02087
30 34 0.60626
31 34 2.12191
31 35 0.202087
32 35 2.02087
32 36 1.91982
32 37 2.02087
32 38 0.505215
32 78 0.161669
32 79 0.323339
33 36 0.101043
33 38 0.202087
35 76 0.485008
36 75 0.323339
36 76 0.485008
37 74 2.91005
37 75 3.39506
37 76 0.323339
37 78 0.161669
38 42 0.505215
38 73 3.39506
38 103 0.161669
39 42 0.202087
39 73 0.485008
39 75 0.323339
40 43 0.101043
41 44 2.02087
41 45 0.202087
41 72 3.39506
41 73 0.161669
42 45 2.02087
42 46 0.505215
42 67 0.970016
42 68 0.485008
42 69 0.161669
42 72 0.485008
42 74 0.485008
42 102 0.646677
42 103 0.161669
43 46 1.91982
43 47 0.505215
44 47 2.02087
44 48 0.60626
45 48 2.02087
45 49 0.303131
45 68 0.161669
45 72 0.161669
46 49 2.02087
46 50 0.404173
46 66 0.161669
46 67 0.485008
47 50 2.02087
47 51 0.303131
48 51 2.02087
48 52 0.404173
49 52 2.02087
49 53 0.404173
49 56 1.13169
50 53 1.91982
50 54 0.404173
50 57 0.808347
55 58 0.485008
55 90 0.161669
55 91 0.161669
55 92 0.970016
56 67 0.970016
57 64 3.23339
57 65 0.970016
57 66 0.323339
57 67 0.323339
57 90 0.323339
58 63 3.55672
58 90 0.323339
58 94 0.323339
59 63 0.161669
59 65 0.323339
59 119 0.161669
60 63 0.485008
60 122 0.323339
61 94 0.161669
61 95 2.74838
62 95 0.161669
62 96 3.55672
62 97 3.07172
62 98 0.161669
62 128 0.161669
63 96 0.161669
63 98 3.23339
63 118 0.161669
63 122 0.970016
63 128 0.161669
64 98 0.161669
64 99 3.07172
64 100 0.323339
65 100 3.39506
65 102 0.161669
66 100 0.485008
66 101 3.39506
66 102 0.161669
67 102 0.323339
67 110 0.485008
69 72 0.323339
70 73 2.74838
70 74 0.808347
70 104 0.485008
70 105 0.808347
70 106 0.161669
74 103 0.161669
74 104 0.323339
74 105 0.161669
76 103 3.07172
76 105 0.485008
77 103 3.71839
77 104 0.808347
77 105 1.13169
77 109 0.485008
78 102 3.23339
78 103 0.646677
79 100 0.323339
79 101 3.23339
79 102 0.161669
79 114 0.485008
79 118 0.161669
80 99 0.161669
80 100 3.71839
80 101 0.323339
81 99 3.23339
81 100 0.161669
82 98 3.39506
82 99 0.808347
83 97 3.07172
83 131 0.323339
84 88 0.161669
84 96 0.161669
84 97 0.970016
84 99 0.161669
85 97 0.485008
86 97 0.161669
87 95 0.323339
87 96 3.39506
87 97 0.485008
88 94 0.161669
88 95 3.07172
88 96 0.485008
89 93 0.323339
89 94 3.39506
89 95 0.161669
90 93 2.91005
90 94 0.323339
90 96 0.485008
96 99 0.161669
97 132 0.485008
98 132 0.161669
100 121 0.161669
100 122 0.161669
102 110 0.161669
102 114 0.161669
102 118 0.161669
104 109 0.161669
104 110 0.161669
106 109 2.02087
106 110 0.101043
107 110 2.22295
107 111 0.303131
108 111 1.91982
108 112 0.303131
109 112 1.81878
109 113 2.12191
109 114 0.202087
110 113 1.71774
110 114 2.12191
110 115 0.60626
111 116 0.202087
112 116 0.303131
113 116 1.91982
113 117 0.60626
114 117 2.02087
114 118 0.404173
115 118 2.02087
115 119 0.60626
116 119 1.81878
116 120 0.202087
116 152 0.323339
116 153 0.161669
117 120 1.91982
117 121 0.101043
117 153 0.323339
118 121 1.91982
118 122 0.404173
119 122 1.91982
119 123 0.404173
120 123 1.71774
120 124 0.101043
120 147 0.808347
120 150 0.485008
121 124 0.303131
121 127 0.161669
121 147 0.161669
122 127 1.29335
122 128 0.323339
122 131 0.161669
123 152 0.161669
124 127 0.485008
124 130 0.101043
124 143 0.161669
124 146 0.646677
125 130 0.303131
126 129 2.02087
126 130 0.60626
127 130 1.91982
127 131 0.404173
127 143 0.161669
128 131 1.91982
128 132 0.303131
129 132 1.71774
129 133 0.303131
130 133 2.02087
130 134 0.101043
130 143 0.161669
130 146 1.29335
131 134 0.303131
131 143 0.485008
133 139 0.101043
134 139 0.808347
134 140 0.202087
135 139 0.202087
136 139 2.324
137 140 2.02087
137 141 0.404173
138 141 2.02087
138 142 0.202087
139 142 2.02087
139 143 0.101043
140 143 2.02087
140 144 0.303131
141 144 2.02087
141 145 0.303131
142 145 2.02087
142 146 0.101043
143 146 2.02087
143 147 0.101043
144 147 2.22295
144 148 0.101043
145 148 0.909389
147 150 0.323339
147 153 0.161669
148 153 0.323339
150 153 3.07172
151 154 0.485008
