nresidues = 439
61 64 0.78125
61 65 0.234375
62 65 0.78125
62 66 0.117188
63 66 0.78125
63 67 0.078125
64 67 0.78125
64 68 0.078125
65 68 0.78125
65 69 0.078125
66 69 0.78125
66 70 0.15625
67 70 0.78125
67 71 0.078125
68 71 0.78125
68 72 0.117188
69 72 0.78125
69 73 0.078125
70 73 0.78125
70 74 0.078125
71 74 0.78125
71 75 0.0390625
72 75 0.742188
72 76 0.273438
73 76 0.820312
73 77 0.234375
74 77 0.820312
74 78 0.078125
74 107 0.0625
74 111 0.0625
75 78 0.742188
75 79 0.117188
75 118 0.0625
76 79 0.78125
76 80 0.078125
76 254 1.125
76 255 0.0625
77 80 0.820312
77 81 0.15625
78 81 0.78125
78 82 0.078125
78 108 0.0625
78 121 0.125
79 82 0.78125
79 83 0.078125
79 121 0.0625
79 250 0.0625
79 253 0.25
80 83 0.78125
80 84 0.078125
80 255 0.1875
80 256 0.125
81 84 0.820312
81 85 0.078125
81 100 0.0625
81 103 0.1875
81 104 0.0625
81 107 0.0625
82 85 0.78125
82 86 0.117188
82 121 0.125
82 125 0.0625
82 250 0.125
83 86 0.78125
83 87 0.234375
83 247 0.1875
83 250 0.0625
83 256 0.1875
84 87 0.78125
84 88 0.078125
84 100 0.25
85 88 0.78125
85 89 0.078125
85 97 0.5625
85 100 0.1875
85 101 0.0625
85 125 0.1875
86 89 0.78125
86 90 0.078125
86 128 0.0625
86 243 0.25
86 246 0.0625
86 247 0.0625
87 90 0.898438
87 91 0.234375
87 93 0.15625
87 247 0.0625
87 256 0.0625
88 91 0.78125
88 92 0.742188
88 93 0.273438
88 96 0.0625
88 97 0.1875
89 92 0.0390625
89 97 0.125
89 131 0.125
89 236 0.125
89 239 0.125
89 240 0.125
89 243 0.0625
90 240 0.0625
90 244 0.0625
90 247 0.0625
93 96 1.05469
93 97 0.078125
94 97 0.78125
94 98 0.078125
95 98 1.01562
95 99 0.273438
96 99 0.820312
96 100 0.15625
97 100 0.820312
97 101 0.078125
97 128 0.1875
97 129 0.125
97 132 0.125
98 101 0.898438
98 102 0.195312
99 102 0.78125
99 103 0.117188
100 103 0.820312
100 104 0.078125
101 104 0.78125
101 105 0.078125
101 129 0.125
102 105 0.78125
102 106 0.078125
103 106 0.78125
103 107 0.117188
104 107 0.78125
104 108 0.15625
105 108 0.78125
105 109 0.46875
106 109 0.78125
106 110 0.0390625
107 110 0.742188
107 111 0.0390625
108 111 0.117188
108 122 0.125
111 114 0.0625
113 118 0.0390625
114 118 0.15625
114 122 0.125
115 118 0.976562
115 119 0.0390625
116 119 0.78125
116 120 0.0390625
117 120 0.78125
117 121 0.078125
118 121 0.78125
118 122 0.15625
119 122 0.78125
119 123 0.234375
120 123 0.78125
120 124 0.273438
120 161 0.0625
120 249 0.1875
121 124 0.78125
121 125 0.078125
121 250 0.1875
122 125 0.78125
122 126 0.15625
123 126 0.859375
123 127 0.078125
123 156 0.0625
123 160 0.0625
124 127 0.78125
124 128 0.117188
124 242 0.125
125 128 0.78125
125 129 0.195312
126 129 0.898438
126 130 0.390625
126 156 0.25
127 130 0.78125
127 131 0.234375
127 153 0.1875
127 157 0.4375
127 175 0.125
127 239 0.125
128 131 0.820312
128 132 0.078125
128 243 0.0625
129 132 0.78125
129 133 0.078125
130 133 0.78125
130 134 0.0390625
130 141 0.75
130 142 0.0625
130 149 0.125
130 152 0.4375
130 153 0.125
130 156 0.1875
131 134 0.0390625
131 150 0.0625
131 153 0.0625
131 232 0.0625
131 236 0.0625
131 239 0.1875
133 136 0.4375
133 141 0.125
133 149 0.125
133 232 0.0625
134 150 0.1875
134 232 0.1875
135 232 0.75
136 139 0.1875
136 149 0.125
137 186 0.125
137 188 0.0625
137 191 0.0625
139 149 0.125
140 143 0.125
140 144 0.0625
140 145 0.3125
141 149 0.1875
141 152 0.0625
142 147 0.125
142 152 0.25
142 155 0.1875
144 147 0.25
146 151 0.0390625
146 198 0.8125
147 151 0.234375
147 155 0.0625
147 198 0.0625
148 151 1.05469
148 152 0.078125
149 152 0.78125
149 153 0.078125
150 153 0.78125
150 154 0.078125
150 175 0.0625
150 178 0.25
150 179 0.1875
151 154 0.78125
151 155 0.15625
151 195 0.1875
151 198 0.6875
152 155 0.820312
152 156 0.117188
153 156 0.78125
153 157 0.078125
154 157 0.78125
154 158 0.0390625
154 172 0.0625
154 175 0.0625
154 176 0.125
155 158 0.742188
155 159 0.078125
156 159 0.78125
156 160 0.078125
157 162 0.125
157 168 1
157 171 0.5625
157 172 0.0625
157 242 0.5
162 168 0.3125
162 242 0.1875
163 168 0.0390625
164 168 0.625
165 168 0.859375
165 169 0.078125
166 169 0.78125
166 170 0.429688
167 170 0.820312
167 171 0.273438
167 238 0.0625
167 241 0.0625
167 242 0.0625
168 171 0.78125
168 172 0.078125
169 172 0.78125
169 173 0.234375
170 173 0.78125
170 174 0.15625
170 238 0.375
171 174 0.78125
171 175 0.195312
171 238 0.1875
171 239 0.125
171 242 0.0625
172 175 0.78125
172 176 0.273438
173 176 0.78125
173 177 0.15625
173 207 0.25
174 177 0.78125
174 178 0.117188
174 230 0.1875
174 234 0.3125
174 235 0.125
174 238 0.0625
175 178 0.78125
175 179 0.078125
176 179 0.703125
176 180 0.078125
176 199 0.125
176 207 0.125
177 180 0.78125
177 181 0.078125
177 226 0.1875
177 227 0.125
177 230 0.3125
178 181 0.9375
178 182 0.15625
178 230 0.1875
178 231 0.5
178 232 0.3125
178 235 0.0625
179 182 0.0390625
179 183 0.0390625
179 195 0.125
179 199 0.0625
180 183 0.78125
180 184 0.117188
180 196 0.0625
180 213 0.0625
180 217 0.125
181 184 0.78125
181 185 0.117188
181 227 0.1875
182 185 0.742188
182 186 0.117188
182 232 0.0625
183 186 0.78125
183 187 0.703125
183 188 0.234375
183 191 0.1875
183 192 0.125
183 195 0.0625
184 187 0.0390625
184 189 0.078125
184 192 0.0625
184 216 0.125
184 220 0.1875
184 221 0.125
184 222 0.5
185 222 0.125
185 223 0.0625
188 191 0.820312
188 192 0.078125
189 192 0.78125
189 193 0.0390625
189 220 0.6875
189 222 0.125
190 193 0.78125
190 194 0.351562
191 194 0.859375
191 195 0.117188
192 195 0.78125
192 196 0.078125
193 196 0.820312
193 197 0.117188
194 197 0.78125
194 198 0.273438
195 198 0.859375
195 199 0.195312
196 199 0.820312
196 200 0.3125
196 210 0.1875
196 213 0.125
196 214 0.125
196 217 0.1875
197 200 0.078125
200 210 0.3125
200 213 0.125
207 210 0.0625
209 212 0.78125
209 213 0.15625
209 226 0.4375
209 230 0.25
210 213 0.78125
210 214 0.078125
211 214 0.78125
211 215 0.078125
212 215 0.78125
212 216 0.195312
212 224 0.25
212 226 0.1875
213 216 0.78125
213 217 0.15625
213 226 0.0625
214 217 0.78125
214 218 0.078125
215 218 0.78125
215 219 0.195312
216 219 0.742188
216 220 0.742188
216 221 0.117188
216 224 0.125
216 226 0.125
216 227 0.125
217 220 0.078125
221 224 0.4375
221 227 0.0625
222 227 0.1875
224 227 1.1875
225 228 1.5
226 229 1.25
226 230 0.5
227 230 1.1875
227 231 0.125
228 231 0.125
229 234 0.117188
230 234 0.0390625
231 234 0.859375
231 235 0.078125
232 235 0.9375
232 236 0.195312
233 236 0.820312
233 237 0.117188
234 237 0.78125
234 238 0.195312
235 238 0.78125
235 239 0.195312
236 239 0.78125
236 240 0.195312
237 240 0.78125
237 241 0.117188
238 241 0.820312
239 242 0.78125
239 243 0.117188
240 243 0.78125
240 244 0.195312
241 244 0.742188
242 245 0.78125
242 246 0.15625
243 246 0.820312
243 247 0.117188
244 247 0.820312
244 248 0.117188
245 248 0.898438
245 249 0.078125
246 249 0.78125
246 250 0.0390625
247 250 0.703125
247 251 0.117188
248 251 0.078125
250 253 0.375
251 256 0.0390625
252 257 0.0390625
253 256 0.78125
253 257 0.078125
254 257 0.78125
254 258 0.078125
255 258 0.78125
255 259 0.078125
256 259 0.78125
256 260 0.078125
257 260 0.78125
257 261 0.117188
258 261 0.820312
258 262 0.078125
259 262 0.78125
259 263 0.117188
260 263 0.78125
260 264 0.078125
261 264 0.820312
261 265 0.078125
262 265 0.78125
262 266 0.195312
263 266 0.742188
263 267 0.117188
264 267 0.703125
