nresidues = 257
1 30 0.0625
1 249 0.25
1 252 0.0625
1 253 0.3125
2 28 0.125
2 29 0.4375
2 30 0.3125
3 30 1.375
3 31 0.125
3 74 0.0625
3 252 0.0625
4 31 1.5625
4 33 0.25
4 63 0.125
4 73 1.4375
4 74 0.125
5 30 0.375
5 31 0.125
5 32 1.25
5 33 0.125
5 74 1.5
5 76 0.0625
5 248 0.3125
6 33 1.1875
6 35 0.0625
6 60 0.0625
6 63 0.125
6 73 0.125
6 74 0.125
6 75 1.25
6 76 0.125
7 18 0.8125
7 32 0.125
7 33 0.25
7 34 1.125
7 76 1.3125
8 18 0.25
8 37 0.0625
8 60 0.0625
8 76 0.25
8 77 1.1875
8 78 0.0625
8 84 0.125
8 85 0.0625
9 13 0.625
9 14 0.6875
9 17 0.0625
9 18 0.0625
9 35 0.125
9 36 0.3125
9 37 0.5
9 40 0.25
9 56 0.125
9 78 1.5625
10 13 0.5
10 56 0.1875
10 78 0.5
10 79 0.375
10 80 0.1875
10 235 0.0625
11 56 0.1875
11 145 0.0625
11 176 0.0625
11 177 0.125
12 145 0.125
12 147 0.125
12 172 1.375
12 173 0.25
12 174 0.0625
12 175 0.0625
13 16 0.4375
13 40 1.25
13 147 0.0625
13 157 0.25
13 172 0.125
13 235 0.3125
14 17 0.125
14 35 1.0625
14 36 0.25
15 18 0.25
15 34 0.125
15 35 0.1875
15 36 0.125
16 19 0.25
16 157 0.125
16 168 0.0625
16 171 0.375
16 172 0.125
17 78 0.0625
17 157 0.0625
17 235 0.0625
17 237 0.1875
17 238 0.125
18 21 0.820312
18 22 0.078125
18 76 0.0625
18 78 0.125
18 237 0.4375
19 23 0.117188
19 164 0.4375
19 167 0.0625
20 23 0.78125
20 24 0.0390625
20 164 0.0625
20 237 0.0625
20 238 0.25
20 241 0.375
21 24 0.78125
21 25 0.15625
21 241 0.125
21 244 0.1875
22 25 0.78125
22 26 0.429688
22 32 0.25
23 26 0.820312
23 27 0.078125
24 27 0.78125
24 28 0.0390625
24 241 0.125
24 242 0.0625
24 245 0.0625
25 28 0.78125
25 29 0.664062
25 30 0.15625
25 32 0.0625
25 248 0.0625
26 29 0.0390625
26 30 0.078125
26 32 0.0625
28 249 0.0625
30 249 0.3125
33 63 0.3125
35 59 0.0625
35 60 0.125
36 40 0.195312
36 41 0.234375
36 42 0.117188
36 59 0.125
37 40 0.234375
37 43 0.078125
37 56 1.4375
37 59 0.25
37 84 0.1875
38 43 0.234375
38 45 0.375
38 50 0.0625
38 55 0.0625
38 56 0.3125
39 43 0.078125
39 45 0.3125
39 46 0.1875
39 47 0.0625
39 173 0.5625
40 43 0.078125
40 56 0.0625
40 173 0.25
41 173 0.25
43 173 0.0625
45 49 0.375
45 58 0.25
45 59 0.125
45 173 0.1875
46 49 0.375
46 50 0.0625
46 173 0.1875
47 50 0.3125
47 133 0.0625
47 135 0.3125
47 174 0.0625
47 175 0.25
47 178 0.0625
48 133 0.0625
48 135 0.5
48 137 0.0625
48 174 0.25
49 55 0.117188
49 137 0.1875
50 55 0.273438
50 56 0.078125
50 135 0.25
50 137 0.0625
50 142 0.0625
50 178 0.1875
51 55 0.0390625
51 137 0.0625
51 142 0.1875
51 178 0.25
51 181 0.125
52 55 0.859375
52 56 0.078125
52 178 0.6875
52 181 0.0625
53 56 1.01562
53 57 0.15625
53 80 0.0625
53 83 0.375
53 84 0.25
53 87 0.3125
53 177 0.125
53 178 0.125
53 182 0.0625
54 57 0.78125
54 87 0.1875
54 185 0.5625
55 58 0.078125
56 59 0.0390625
56 84 0.125
56 178 0.0625
57 60 0.78125
57 61 0.0390625
57 84 0.375
57 87 0.0625
58 61 0.78125
58 62 0.3125
59 62 0.78125
59 63 0.078125
60 63 0.78125
60 64 0.15625
60 84 0.0625
60 88 0.0625
61 64 0.78125
61 65 0.078125
61 88 0.0625
61 92 0.1875
62 65 0.78125
62 66 0.0390625
63 66 0.78125
63 67 0.0390625
64 67 0.195312
64 73 0.0625
64 88 0.0625
64 92 0.25
64 95 0.25
65 92 0.4375
65 95 0.1875
67 71 0.0625
67 73 0.0625
67 95 0.1875
68 71 0.4375
71 95 0.0625
72 94 0.1875
72 95 1.3125
72 256 0.0625
73 95 0.1875
73 96 1.25
73 97 1.1875
73 98 0.0625
74 98 1.25
74 100 0.0625
74 252 0.0625
75 96 0.0625
75 98 0.0625
75 99 1.25
75 100 0.1875
76 85 0.0625
76 100 1.1875
76 248 0.0625
77 85 0.0625
77 100 0.125
77 101 1.1875
77 102 0.1875
77 104 0.125
78 81 0.0625
78 102 1.3125
78 103 1.125
78 104 0.125
78 235 0.3125
78 237 0.3125
79 103 0.125
79 104 1.5
79 105 0.25
79 209 0.375
79 234 0.25
80 83 0.078125
80 84 0.0390625
80 105 0.1875
80 177 0.0625
81 84 0.898438
81 85 0.078125
81 104 0.0625
81 105 0.0625
82 85 0.78125
82 86 0.0390625
82 101 0.0625
82 104 0.0625
82 105 0.1875
82 107 0.125
83 86 0.78125
83 87 0.15625
83 105 0.0625
83 107 0.0625
83 113 0.0625
83 117 0.0625
83 182 0.0625
84 87 0.78125
84 88 0.078125
85 88 0.78125
85 89 0.078125
85 99 0.0625
85 100 0.0625
85 101 0.0625
86 89 0.78125
86 90 0.078125
86 188 0.625
86 193 0.5
87 90 0.78125
87 185 0.0625
87 188 0.0625
88 91 0.78125
88 92 0.117188
88 96 0.0625
89 92 0.664062
89 93 0.078125
89 96 0.125
89 192 1.25
89 193 0.0625
89 196 0.0625
90 188 0.4375
90 189 0.6875
90 192 0.25
90 193 0.125
92 95 1.25
92 96 0.125
93 96 0.1875
97 255 0.0625
97 256 0.1875
98 197 1.25
98 199 0.0625
98 255 0.0625
99 196 0.0625
99 197 0.1875
99 198 1.1875
99 199 0.25
100 199 1.25
100 201 0.0625
100 248 0.125
101 104 0.25
101 105 0.125
101 106 0.1875
101 193 0.0625
101 198 0.125
101 199 0.25
101 200 1.25
101 201 0.3125
102 201 1.1875
102 235 0.0625
102 236 0.3125
102 237 0.375
102 244 0.125
103 201 0.0625
103 202 0.25
103 203 0.0625
103 206 0.25
103 209 0.25
103 214 0.375
103 233 0.0625
103 234 0.4375
103 236 0.125
104 200 0.125
104 209 0.125
104 217 0.1875
105 116 0.0625
105 209 0.0625
105 217 0.4375
106 116 0.0625
106 193 0.125
106 200 0.0625
106 217 0.25
106 221 0.0625
107 188 0.125
107 193 0.375
107 221 0.125
108 111 0.625
108 188 0.125
108 220 0.3125
108 221 0.1875
109 187 0.0625
109 188 0.25
109 189 0.125
109 190 0.125
110 187 0.3125
111 115 1.375
111 187 0.625
111 220 0.0625
112 115 0.125
112 183 0.125
112 187 0.3125
113 182 1.3125
113 185 0.125
113 186 0.0625
113 187 0.125
113 188 0.0625
114 117 0.78125
114 118 0.46875
114 179 0.0625
114 182 0.25
114 183 0.1875
115 118 0.820312
115 119 0.0390625
115 216 0.3125
115 220 0.25
116 119 0.820312
116 120 0.078125
116 213 0.125
116 216 0.0625
116 217 0.1875
117 120 0.78125
117 121 0.078125
117 179 0.125
118 121 0.742188
118 122 0.0390625
118 179 0.3125
119 122 0.9375
119 123 0.078125
119 213 0.125
119 216 0.875
120 123 0.78125
120 124 0.15625
120 209 0.1875
120 213 0.25
121 124 0.820312
121 125 0.117188
121 127 0.375
122 125 0.0390625
123 210 0.125
123 213 0.0625
124 127 0.3125
124 151 0.125
124 155 0.125
124 207 0.0625
124 208 0.5
127 130 0.375
127 132 0.125
127 147 0.0625
127 151 0.25
128 154 0.3125
128 155 0.3125
129 147 0.0625
129 148 0.8125
129 149 0.3125
129 150 0.625
129 151 0.0625
130 146 1.3125
130 147 0.3125
130 148 0.125
130 151 0.0625
131 145 1.25
131 146 0.1875
132 144 1.375
132 145 0.125
133 142 0.0625
133 143 1.3125
133 144 0.75
133 174 0.1875
134 142 1.25
135 140 0.0625
135 141 1.25
135 142 0.6875
135 178 0.125
136 140 1.3125
137 140 0.1875
140 181 0.125
141 180 0.1875
142 176 0.0625
142 178 0.0625
143 176 0.25
144 175 1.25
145 174 1.1875
145 175 0.4375
145 176 0.0625
146 149 0.0625
147 152 0.078125
148 151 0.820312
148 152 0.15625
149 152 0.820312
149 153 0.078125
149 165 0.375
149 169 0.625
150 153 0.78125
150 154 0.234375
151 154 0.742188
151 155 0.9375
151 156 0.078125
152 155 0.664062
152 156 0.820312
152 157 0.195312
152 165 0.125
152 172 0.0625
153 157 0.859375
153 158 0.078125
153 160 0.125
153 165 0.625
154 158 0.195312
155 158 0.117188
155 207 1.5625
155 208 0.0625
155 234 0.0625
156 208 0.0625
156 233 1.125
156 234 1.1875
156 235 0.125
157 160 0.4375
157 168 0.25
157 233 0.25
157 235 0.25
157 238 0.125
158 207 0.125
158 233 0.3125
159 232 0.0625
159 233 0.25
159 239 0.1875
160 233 0.0625
160 238 0.125
160 239 0.0625
161 164 0.78125
161 165 0.0390625
162 165 0.78125
162 166 0.078125
163 166 0.703125
163 167 0.078125
164 167 0.820312
164 168 0.0390625
164 238 0.125
165 168 0.78125
165 169 0.390625
166 169 0.859375
166 170 0.195312
167 170 0.820312
167 171 0.15625
168 171 0.703125
168 172 0.195312
177 182 0.0390625
178 181 0.820312
178 182 0.117188
179 182 0.78125
179 183 0.078125
180 183 0.742188
181 184 0.78125
181 185 0.078125
182 185 0.078125
185 188 0.25
188 193 0.0390625
189 192 0.742188
189 193 0.78125
189 194 0.0390625
190 193 0.703125
190 194 0.742188
191 195 0.117188
192 195 0.820312
192 196 0.0390625
193 196 0.0390625
193 198 0.5625
193 221 0.125
194 198 0.1875
194 221 0.0625
195 198 0.0625
196 224 0.0625
197 224 0.4375
197 255 0.25
198 221 0.25
198 223 1.3125
198 224 1.375
198 225 0.0625
199 225 1.25
199 227 0.125
199 255 0.1875
200 214 0.5
200 217 0.1875
200 218 0.25
200 223 0.125
200 225 0.125
200 226 1.3125
200 227 0.125
201 227 1.25
201 229 0.0625
201 244 0.0625
202 214 0.25
202 215 0.1875
202 218 0.0625
202 226 0.0625
202 227 0.125
202 228 1.625
202 229 0.1875
203 206 0.0625
203 214 0.0625
203 229 0.1875
203 231 0.25
203 233 0.0625
203 236 0.0625
204 211 0.0625
204 228 0.1875
205 232 0.0625
206 209 0.75
206 210 0.125
206 214 0.1875
206 234 0.8125
207 210 0.1875
208 234 0.3125
209 213 0.0390625
209 214 0.234375
209 234 0.125
210 213 0.78125
210 214 0.078125
211 214 0.742188
211 215 0.15625
212 215 0.664062
212 216 0.078125
213 216 0.820312
213 217 0.429688
214 217 0.78125
214 218 0.117188
215 218 0.78125
215 219 0.0390625
216 219 0.78125
216 220 0.078125
217 220 0.78125
217 221 0.078125
218 221 0.742188
218 222 0.0390625
218 223 0.0390625
223 226 0.125
227 247 0.3125
227 250 0.375
229 240 0.0625
229 247 0.0625
230 240 0.125
231 240 0.0625
232 239 0.1875
233 236 0.125
233 239 0.375
235 238 0.78125
235 239 0.15625
236 239 0.78125
236 240 0.898438
236 241 0.0390625
236 244 0.1875
237 241 0.195312
238 241 0.117188
240 243 1.01562
240 244 0.117188
241 244 0.78125
241 245 0.078125
242 245 0.78125
242 246 0.273438
243 246 0.78125
243 247 0.15625
244 247 0.78125
244 248 0.195312
245 248 0.78125
245 249 0.078125
246 249 0.78125
246 250 0.0390625
247 250 0.78125
247 251 0.117188
248 251 0.78125
248 252 0.078125
249 252 0.78125
249 253 0.351562
250 253 0.78125
250 254 0.15625
251 254 0.78125
251 255 0.15625
252 255 0.0390625
