nresidues = 123
34 37 1.84486
34 38 0.878504
35 38 1.93271
35 39 0.175701
36 39 1.75701
36 40 0.351402
37 40 1.75701
37 41 0.351402
38 41 1.75701
38 42 0.263552
39 42 1.66916
39 43 0.175701
39 77 0.281121
39 108 0.421682
40 43 1.84486
40 44 0.0878504
40 108 0.281121
40 109 0.983925
41 44 1.66916
41 45 0.702804
42 45 1.84486
42 46 0.0878504
42 72 0.281121
42 77 0.562243
43 46 1.75701
43 47 0.175701
43 77 0.281121
43 98 0.421682
43 108 0.281121
43 109 0.421682
44 47 1.75701
44 48 0.263552
44 109 0.140561
44 111 0.281121
45 48 1.84486
45 49 0.527103
46 49 1.75701
46 50 0.263552
46 77 0.140561
46 98 0.140561
47 50 1.66916
47 51 0.351402
47 96 0.140561
47 98 0.281121
47 111 0.140561
48 51 1.75701
48 52 0.175701
48 111 0.702804
49 52 1.66916
49 53 0.263552
49 72 0.140561
50 53 1.84486
50 54 0.175701
50 79 1.96785
51 54 1.75701
51 55 0.175701
51 96 0.281121
51 113 0.140561
52 55 1.75701
52 56 0.0878504
53 56 1.75701
53 57 0.351402
54 57 0.263552
54 62 0.562243
54 94 0.140561
54 96 0.140561
54 115 0.562243
55 113 0.281121
55 114 0.562243
55 115 1.26505
57 61 0.439251
57 62 0.263552
58 61 2.2841
58 62 0.527103
59 62 1.93271
59 63 0.175701
59 92 0.983925
59 116 0.421682
59 117 0.702804
60 63 1.66916
61 64 0.175701
61 66 0.421682
62 83 0.140561
62 92 0.983925
62 94 0.140561
62 115 1.54617
62 116 0.140561
63 83 0.702804
65 80 0.843364
65 81 3.09234
65 82 0.702804
66 79 0.562243
66 80 2.95178
66 81 0.983925
67 79 4.49794
67 80 0.421682
68 78 2.95178
68 79 1.68673
69 76 0.843364
69 77 2.81121
70 75 0.140561
70 76 2.67065
70 77 0.843364
71 75 2.81121
71 76 1.12449
71 77 0.140561
72 75 0.702804
72 77 0.702804
76 100 0.140561
77 99 2.67065
77 100 0.281121
77 108 0.140561
78 97 0.140561
78 98 2.81121
78 99 0.843364
78 100 0.562243
78 101 0.983925
78 102 1.40561
78 104 0.983925
79 97 2.81121
79 104 1.12449
80 95 0.140561
80 96 2.67065
80 97 0.702804
80 104 1.54617
81 94 0.281121
81 95 2.81121
82 94 2.95178
82 95 0.562243
83 93 2.67065
84 93 0.281121
84 95 0.702804
84 112 0.562243
86 91 0.562243
86 92 0.281121
86 93 0.281121
86 114 0.281121
89 116 0.140561
89 117 0.140561
91 115 3.37346
91 117 0.140561
92 114 3.2329
92 115 0.983925
92 116 0.281121
93 113 2.81121
93 114 0.281121
94 111 0.140561
94 112 2.81121
94 113 0.281121
94 115 0.281121
95 111 3.09234
95 112 1.54617
96 109 0.140561
96 110 2.81121
96 111 0.562243
97 104 0.140561
97 107 0.562243
97 109 2.67065
97 110 0.140561
98 107 2.81121
98 108 2.81121
98 109 0.421682
99 104 0.562243
99 105 0.421682
99 106 0.281121
99 108 0.140561
101 104 0.140561
101 105 0.983925
104 107 0.140561
107 110 0.140561
