nresidues = 123
34 37 0.820312
34 38 0.390625
35 38 0.859375
35 39 0.078125
36 39 0.78125
36 40 0.15625
37 40 0.78125
37 41 0.15625
38 41 0.78125
38 42 0.117188
39 42 0.742188
39 43 0.078125
39 77 0.125
39 108 0.1875
40 43 0.820312
40 44 0.0390625
40 108 0.125
40 109 0.4375
41 44 0.742188
41 45 0.3125
42 45 0.820312
42 46 0.0390625
42 72 0.125
42 77 0.25
43 46 0.78125
43 47 0.078125
43 77 0.125
43 98 0.1875
43 108 0.125
43 109 0.1875
44 47 0.78125
44 48 0.117188
44 109 0.0625
44 111 0.125
45 48 0.820312
45 49 0.234375
46 49 0.78125
46 50 0.117188
46 77 0.0625
46 98 0.0625
47 50 0.742188
47 51 0.15625
47 96 0.0625
47 98 0.125
47 111 0.0625
48 51 0.78125
48 52 0.078125
48 111 0.3125
49 52 0.742188
49 53 0.117188
49 72 0.0625
50 53 0.820312
50 54 0.078125
50 79 0.875
51 54 0.78125
51 55 0.078125
51 96 0.125
51 113 0.0625
52 55 0.78125
52 56 0.0390625
53 56 0.78125
53 57 0.15625
54 57 0.117188
54 62 0.25
54 94 0.0625
54 96 0.0625
54 115 0.25
55 113 0.125
55 114 0.25
55 115 0.5625
57 61 0.195312
57 62 0.117188
58 61 1.01562
58 62 0.234375
59 62 0.859375
59 63 0.078125
59 92 0.4375
59 116 0.1875
59 117 0.3125
60 63 0.742188
61 64 0.078125
61 66 0.1875
62 83 0.0625
62 92 0.4375
62 94 0.0625
62 115 0.6875
62 116 0.0625
63 83 0.3125
65 80 0.375
65 81 1.375
65 82 0.3125
66 79 0.25
66 80 1.3125
66 81 0.4375
67 79 2
67 80 0.1875
68 78 1.3125
68 79 0.75
69 76 0.375
69 77 1.25
70 75 0.0625
70 76 1.1875
70 77 0.375
71 75 1.25
71 76 0.5
71 77 0.0625
72 75 0.3125
72 77 0.3125
76 100 0.0625
77 99 1.1875
77 100 0.125
77 108 0.0625
78 97 0.0625
78 98 1.25
78 99 0.375
78 100 0.25
78 101 0.4375
78 102 0.625
78 104 0.4375
79 97 1.25
79 104 0.5
80 95 0.0625
80 96 1.1875
80 97 0.3125
80 104 0.6875
81 94 0.125
81 95 1.25
82 94 1.3125
82 95 0.25
83 93 1.1875
84 93 0.125
84 95 0.3125
84 112 0.25
86 91 0.25
86 92 0.125
86 93 0.125
86 114 0.125
89 116 0.0625
89 117 0.0625
91 115 1.5
91 117 0.0625
92 114 1.4375
92 115 0.4375
92 116 0.125
93 113 1.25
93 114 0.125
94 111 0.0625
94 112 1.25
94 113 0.125
94 115 0.125
95 111 1.375
95 112 0.6875
96 109 0.0625
96 110 1.25
96 111 0.25
97 104 0.0625
97 107 0.25
97 109 1.1875
97 110 0.0625
98 107 1.25
98 108 1.25
98 109 0.1875
99 104 0.25
99 105 0.1875
99 106 0.125
99 108 0.0625
101 104 0.0625
101 105 0.4375
104 107 0.0625
107 110 0.0625
