nresidues = 418
1 7 0.626273
2 52 0.156568
3 6 2.9748
3 7 1.56568
3 22 0.313137
3 48 0.313137
3 52 1.87882
4 7 2.81823
4 8 0.156568
4 52 1.09598
5 8 0.469705
5 52 1.40911
5 55 0.156568
5 56 0.469705
6 9 3.13137
6 18 0.469705
6 48 0.313137
6 51 0.782842
6 52 0.782842
6 55 0.626273
7 10 3.28793
7 22 0.469705
8 11 1.25255
9 16 0.626273
9 17 0.156568
9 18 0.156568
9 55 0.313137
10 16 0.156568
10 18 0.313137
10 19 0.156568
10 22 0.782842
16 19 1.85925
16 20 0.0978552
17 20 1.9571
17 21 0.391421
17 51 0.156568
17 55 0.156568
18 21 1.9571
18 22 0.293567
19 22 1.9571
19 23 0.293567
20 23 1.85925
20 24 0.391421
21 24 2.05496
21 25 0.19571
21 44 0.156568
21 47 0.156568
21 48 0.313137
22 25 1.9571
22 26 0.684988
23 26 1.9571
23 27 0.489275
24 27 1.85925
24 28 0.391421
24 44 0.469705
24 124 0.156568
24 125 0.626273
24 126 0.469705
25 28 1.66354
25 29 0.684988
25 44 0.313137
25 45 0.313137
26 29 1.9571
26 30 0.19571
27 30 2.05496
27 31 0.19571
28 31 1.9571
28 32 0.19571
28 38 0.156568
28 40 0.156568
28 41 2.9748
28 120 0.313137
28 123 0.156568
28 124 0.469705
29 32 1.76139
29 33 0.19571
29 41 0.156568
29 45 1.25255
30 33 1.9571
30 34 1.07641
31 34 1.9571
31 35 1.66354
31 36 0.391421
32 35 0.0978552
32 41 0.156568
37 121 0.782842
38 41 0.313137
38 120 0.156568
38 121 3.13137
39 121 0.469705
39 122 0.626273
39 145 0.626273
40 43 0.313137
40 94 0.156568
40 123 0.156568
40 140 0.313137
40 141 0.469705
40 145 0.156568
42 45 1.9571
42 46 0.0978552
42 90 0.156568
43 46 1.85925
43 47 0.19571
43 91 0.156568
43 94 0.313137
44 47 1.9571
44 48 0.19571
44 124 0.156568
45 48 1.9571
45 49 0.391421
46 49 1.9571
46 50 0.19571
46 88 0.313137
46 90 0.156568
46 91 0.626273
47 50 1.9571
47 51 0.19571
47 62 0.156568
47 94 0.156568
48 51 1.9571
48 52 0.19571
49 52 1.85925
49 53 0.293567
49 88 0.313137
49 90 0.469705
50 53 2.05496
50 54 0.293567
50 61 1.09598
50 62 1.25255
50 82 0.626273
50 84 0.156568
50 88 0.313137
50 91 0.156568
51 54 2.15281
51 55 0.587131
52 55 1.9571
52 56 0.19571
53 56 2.05496
53 57 0.587131
53 61 0.19571
54 57 1.9571
54 58 1.85925
54 59 0.391421
54 60 0.0978552
54 61 0.0978552
55 58 0.0978552
57 61 0.626273
61 82 3.28793
61 83 2.50509
61 84 1.09598
62 80 0.469705
62 81 3.60107
62 82 0.626273
62 91 0.156568
62 94 0.626273
63 80 0.313137
63 81 0.469705
63 82 0.313137
63 83 0.156568
64 80 0.156568
65 79 0.156568
65 81 0.469705
66 79 0.156568
66 81 0.156568
68 77 0.469705
68 78 0.156568
68 79 0.156568
68 143 0.156568
68 146 0.313137
69 73 0.313137
70 73 0.782842
70 146 0.156568
70 147 0.782842
70 150 0.156568
71 147 0.782842
72 205 0.469705
73 150 0.626273
73 161 0.782842
73 162 0.313137
73 204 6.57587
73 205 0.313137
74 204 2.9748
74 206 0.93941
75 163 2.66166
75 164 0.156568
75 165 0.782842
76 97 2.9748
76 98 0.626273
76 162 0.469705
76 163 0.156568
76 165 0.469705
77 96 3.28793
77 146 0.313137
78 95 3.13137
78 96 0.469705
78 98 0.626273
78 165 0.313137
79 95 0.93941
80 93 2.9748
80 94 0.626273
80 95 0.313137
81 91 2.66166
81 92 3.4445
81 93 0.626273
81 95 0.782842
81 143 0.156568
82 91 0.626273
84 87 3.28793
84 88 0.782842
85 88 3.28793
85 89 0.469705
88 91 2.9748
89 92 0.313137
91 94 0.469705
93 141 3.13137
93 142 0.782842
93 143 0.313137
94 124 0.469705
94 139 0.313137
94 140 1.40911
94 141 3.13137
95 138 0.156568
95 139 2.66166
95 140 3.13137
95 141 0.626273
95 142 0.469705
95 143 0.626273
96 137 0.313137
96 138 3.13137
96 139 0.156568
97 136 0.156568
97 137 2.9748
97 138 0.626273
97 146 0.469705
97 149 0.156568
98 135 0.313137
98 136 2.9748
98 137 0.156568
98 162 3.4445
98 163 0.156568
98 164 0.313137
98 165 0.313137
98 170 0.156568
99 135 3.60107
99 136 1.25255
99 138 0.313137
99 153 0.156568
99 160 0.156568
99 161 3.13137
99 162 0.469705
99 163 0.156568
100 135 0.156568
100 160 0.156568
100 161 0.313137
100 171 0.469705
100 196 0.156568
101 105 0.293567
101 107 0.0978552
101 134 1.72225
101 135 0.313137
101 171 0.469705
101 172 0.156568
101 173 0.313137
102 105 0.0978552
102 106 0.19571
102 107 0.391421
103 106 0.0978552
103 189 1.09598
103 192 0.469705
103 193 0.313137
104 174 0.156568
104 189 0.156568
105 130 1.56568
105 134 0.626273
105 174 0.156568
105 224 0.156568
106 179 0.156568
106 189 0.156568
107 112 0.684988
107 130 0.93941
107 136 0.313137
108 111 2.05496
108 112 0.0978552
108 158 0.156568
109 112 2.05496
109 113 0.587131
110 113 1.9571
110 157 0.782842
110 158 0.469705
111 114 1.85925
111 115 0.0978552
111 158 0.469705
111 160 0.156568
112 115 1.9571
112 116 0.293567
112 129 0.313137
113 116 1.9571
113 117 0.489275
114 117 1.9571
114 118 0.293567
114 156 0.626273
115 118 1.9571
115 119 0.19571
115 136 0.156568
115 138 0.156568
115 160 1.56568
116 119 1.76139
116 120 0.19571
117 120 1.76139
117 121 0.0978552
118 121 1.9571
118 122 0.391421
118 149 0.313137
118 152 0.313137
118 153 0.156568
118 156 0.313137
119 122 1.85925
119 123 0.782842
119 124 0.19571
119 125 0.587131
119 126 0.391421
119 127 0.0978552
119 138 3.91421
119 139 0.626273
119 140 0.626273
119 141 0.469705
120 123 0.0978552
121 152 0.313137
122 141 0.469705
122 145 1.09598
122 148 0.782842
122 149 0.93941
122 152 0.782842
123 140 2.9748
123 141 0.156568
124 139 0.469705
124 140 0.469705
126 138 2.66166
126 139 0.626273
127 137 3.60107
128 136 2.9748
128 137 0.93941
129 136 0.156568
130 134 0.626273
130 135 3.75764
130 136 0.469705
130 137 0.156568
131 134 2.9748
131 135 0.156568
131 137 0.156568
132 229 0.469705
133 171 0.156568
133 173 0.313137
133 215 0.469705
135 163 0.156568
135 171 1.09598
136 160 0.156568
141 145 0.469705
141 146 0.156568
142 145 3.28793
142 146 0.156568
143 146 0.469705
144 148 0.19571
145 148 2.05496
145 149 0.19571
146 149 1.9571
146 150 0.19571
147 150 1.9571
147 151 0.587131
148 151 1.9571
148 152 0.489275
149 152 1.9571
149 153 0.293567
150 153 1.9571
150 154 0.0978552
150 161 0.313137
150 162 0.469705
151 154 1.85925
151 155 0.293567
152 155 1.9571
152 156 0.0978552
153 156 0.293567
153 159 3.13137
153 160 0.469705
154 159 0.156568
156 159 0.313137
161 200 0.156568
161 204 0.93941
162 203 0.156568
162 204 0.313137
163 171 0.469705
163 203 0.469705
164 168 0.782842
164 170 0.626273
165 168 1.09598
165 170 1.09598
165 206 0.156568
166 170 0.782842
166 206 0.156568
166 211 0.313137
167 206 3.4445
167 207 2.66166
167 208 0.626273
167 209 0.469705
167 210 4.38391
168 202 3.28793
168 203 0.782842
168 206 0.313137
168 208 0.782842
168 211 2.9748
168 212 0.313137
169 199 0.156568
169 203 0.626273
169 208 0.313137
169 212 3.13137
169 214 0.313137
169 348 0.156568
170 203 0.156568
170 211 0.93941
170 212 0.469705
170 213 0.626273
171 203 0.156568
172 192 0.469705
172 196 0.313137
172 214 3.13137
173 192 0.313137
173 215 3.60107
173 216 0.469705
174 188 0.469705
174 192 0.156568
174 216 3.13137
174 224 0.469705
175 188 0.782842
175 189 0.156568
175 217 0.156568
175 224 0.156568
176 179 0.19571
176 180 0.0978552
176 181 0.0978552
176 188 0.156568
176 189 0.626273
177 180 1.85925
177 181 0.293567
177 184 0.469705
177 188 0.156568
178 181 0.0978552
178 184 0.313137
178 186 0.156568
178 187 0.626273
179 189 0.156568
181 184 0.156568
182 296 0.156568
183 219 0.313137
183 221 0.156568
183 289 0.469705
183 292 0.469705
183 293 0.469705
183 301 0.156568
184 218 3.13137
184 305 0.156568
185 218 0.469705
185 236 0.469705
185 237 0.313137
185 301 0.156568
185 305 0.469705
186 191 0.0978552
186 216 0.626273
186 217 0.626273
186 234 0.93941
186 235 0.156568
186 236 0.313137
186 306 0.156568
186 333 0.782842
187 190 2.34852
187 191 0.19571
188 191 1.9571
188 192 0.19571
188 216 0.156568
188 217 0.313137
188 218 0.156568
189 192 1.9571
189 193 0.19571
190 193 1.9571
190 194 0.19571
190 335 0.313137
190 337 0.626273
191 194 1.9571
191 195 0.782842
191 216 0.156568
191 234 0.156568
191 337 0.93941
192 195 1.9571
192 196 0.391421
193 196 1.9571
193 197 0.978552
194 197 2.05496
194 198 0.489275
194 335 0.626273
194 337 0.93941
194 341 0.626273
195 198 1.9571
195 199 0.391421
195 214 0.156568
196 199 1.76139
196 200 0.587131
197 200 0.19571
198 341 0.626273
199 202 4.07078
199 203 0.313137
199 341 0.782842
199 345 0.782842
199 348 1.25255
200 203 3.13137
200 204 1.40911
201 204 2.66166
201 205 1.40911
202 208 0.626273
207 352 0.156568
208 212 0.156568
208 348 1.56568
208 351 0.782842
208 352 0.313137
209 351 1.09598
209 352 0.156568
209 356 0.156568
209 357 2.9748
209 358 0.156568
210 351 0.626273
210 358 2.50509
210 359 0.156568
210 360 0.782842
211 351 0.313137
211 360 0.93941
212 231 0.782842
212 232 0.469705
212 344 0.156568
212 348 0.93941
212 361 0.156568
213 229 0.156568
213 230 3.60107
213 231 3.60107
213 232 0.469705
214 230 0.469705
214 232 3.13137
214 234 0.156568
215 224 0.156568
215 226 0.469705
215 229 0.626273
215 230 0.469705
215 232 0.156568
215 233 2.9748
215 234 0.469705
216 224 0.313137
216 234 2.9748
217 222 0.313137
217 234 0.782842
217 235 3.13137
217 236 0.156568
218 235 2.9748
218 236 0.626273
219 222 0.156568
219 235 0.469705
219 236 3.13137
219 289 0.156568
220 235 0.156568
220 236 0.313137
220 287 0.313137
220 289 0.469705
221 289 0.313137
221 293 1.25255
222 225 1.40911
222 226 1.25255
222 227 1.09598
225 228 2.66166
225 229 0.626273
226 229 2.81823
226 230 1.25255
226 233 0.782842
226 235 0.313137
227 233 0.156568
227 235 0.156568
227 310 0.313137
227 313 0.156568
227 322 0.156568
227 323 3.28793
227 324 0.156568
228 313 2.66166
228 322 0.156568
230 233 0.313137
230 312 2.66166
230 313 3.28793
231 310 0.156568
231 311 3.28793
231 312 0.313137
231 313 0.469705
231 360 1.25255
231 361 0.313137
232 309 0.469705
232 310 2.9748
232 343 0.313137
232 344 0.93941
232 347 0.156568
233 308 0.156568
233 309 3.13137
233 310 0.626273
234 307 0.313137
234 308 2.9748
235 307 3.28793
235 308 0.626273
235 310 0.156568
236 306 3.13137
237 287 0.313137
237 305 3.13137
237 306 0.626273
237 308 0.156568
237 330 0.156568
238 242 0.156568
238 287 1.72225
238 289 0.313137
238 292 0.156568
238 301 0.93941
238 302 0.313137
238 304 3.28793
239 304 0.469705
239 330 0.782842
240 302 1.40911
240 303 1.25255
240 304 0.782842
241 282 2.34852
241 301 2.66166
241 302 0.313137
242 280 0.469705
242 282 0.313137
242 285 0.156568
242 299 0.156568
242 300 3.4445
243 298 0.156568
243 299 3.13137
243 300 1.09598
243 301 0.313137
243 303 0.469705
243 305 0.156568
244 280 0.156568
244 298 3.13137
244 299 0.313137
245 248 2.25067
245 249 0.19571
245 298 0.469705
246 249 1.85925
246 250 0.293567
246 277 2.50509
246 278 0.156568
247 250 1.76139
247 251 0.0978552
248 251 1.9571
248 252 0.391421
248 297 0.156568
248 298 0.469705
249 252 2.05496
249 253 0.19571
249 258 0.156568
249 273 0.469705
249 298 0.156568
250 253 2.05496
250 254 0.0978552
250 276 0.313137
250 277 0.156568
251 254 0.391421
251 255 0.19571
252 255 2.34852
252 256 0.391421
252 258 0.156568
252 295 2.50509
252 296 0.626273
252 297 0.626273
252 298 0.313137
253 256 0.0978552
253 258 0.156568
253 273 0.156568
256 261 0.0978552
256 294 0.313137
257 260 2.44638
257 261 0.293567
258 261 1.85925
258 262 2.15281
258 263 0.0978552
258 295 0.156568
259 262 1.76139
259 263 2.54422
259 264 0.782842
260 264 0.19571
260 265 0.19571
261 265 0.293567
261 290 0.626273
261 294 1.25255
262 265 1.9571
262 271 0.156568
262 294 0.313137
263 266 0.0978552
263 271 0.156568
263 273 0.156568
265 290 0.469705
266 269 0.313137
266 271 0.313137
267 288 0.469705
268 284 0.626273
268 286 0.156568
269 272 0.156568
270 279 0.156568
270 280 3.28793
270 281 0.469705
270 284 0.469705
270 285 0.156568
271 279 3.13137
271 280 0.156568
271 291 0.156568
272 278 3.28793
272 279 0.313137
273 276 0.782842
273 277 3.75764
273 278 0.626273
274 277 0.626273
278 299 0.156568
281 284 3.60107
282 285 0.313137
289 292 2.05496
289 293 0.684988
290 293 1.9571
290 294 0.293567
291 294 2.05496
291 295 0.19571
291 299 0.626273
292 295 1.9571
292 296 0.19571
292 299 0.313137
292 300 0.156568
293 296 0.0978552
295 298 3.13137
295 299 0.469705
296 299 0.156568
301 305 0.313137
302 305 0.93941
304 330 0.156568
305 330 0.782842
306 330 0.313137
306 331 2.9748
307 329 0.156568
307 330 3.13137
307 331 0.626273
307 333 0.156568
308 328 3.28793
308 329 0.626273
309 325 0.156568
309 326 2.9748
309 327 3.13137
309 328 0.469705
309 331 0.156568
310 324 0.626273
310 325 3.75764
310 326 0.313137
311 324 3.28793
311 325 1.40911
311 327 0.313137
311 365 0.156568
311 373 0.156568
312 322 0.469705
312 323 0.156568
312 324 0.156568
312 362 0.156568
313 322 3.60107
313 323 0.156568
313 360 0.156568
314 317 0.469705
314 320 0.313137
314 321 3.13137
314 322 0.782842
314 360 0.93941
314 363 0.626273
315 320 0.156568
315 321 0.626273
316 319 2.9748
316 320 3.75764
316 321 0.469705
317 363 0.469705
318 363 0.626273
319 363 0.469705
319 366 0.469705
322 325 0.313137
322 366 0.313137
325 362 0.156568
325 365 0.156568
325 366 0.469705
325 370 0.313137
326 329 0.156568
326 384 0.469705
326 385 0.469705
327 373 0.156568
327 385 0.156568
331 339 0.626273
331 340 0.156568
332 339 0.626273
332 340 0.156568
333 337 0.469705
334 337 1.09598
336 341 0.293567
337 340 1.9571
337 341 0.391421
338 341 2.05496
338 342 0.489275
339 342 1.85925
339 343 0.293567
339 379 0.626273
340 343 1.9571
340 344 0.489275
341 344 1.9571
341 345 0.587131
342 345 1.85925
342 346 0.19571
343 346 1.9571
343 347 0.489275
343 379 0.313137
344 347 1.9571
344 348 0.782842
345 348 1.76139
345 349 0.489275
346 349 1.85925
346 350 0.19571
346 376 0.469705
347 350 1.9571
347 351 0.19571
347 361 0.313137
347 373 0.313137
347 377 0.313137
348 351 1.9571
348 352 0.19571
349 352 1.9571
349 353 0.19571
350 353 1.9571
350 354 0.489275
350 361 0.156568
350 364 0.782842
350 368 0.313137
350 372 0.93941
350 373 0.156568
350 376 1.09598
351 354 1.85925
351 355 0.0978552
351 359 0.626273
351 360 0.313137
351 364 0.469705
354 367 0.313137
354 368 0.313137
355 359 0.782842
355 367 0.156568
356 359 0.782842
356 367 0.156568
358 363 0.0978552
359 363 0.880696
359 364 0.391421
359 367 1.40911
360 363 2.25067
360 364 0.19571
361 364 1.9571
361 365 0.489275
362 365 1.9571
362 366 0.489275
363 366 1.9571
363 367 0.19571
364 367 2.25067
364 368 0.391421
365 368 1.85925
365 369 0.293567
365 370 0.0978552
365 373 0.782842
368 372 0.684988
369 372 1.76139
369 373 0.0978552
370 373 1.9571
370 374 0.391421
371 374 1.9571
371 375 0.880696
371 398 0.469705
372 375 1.9571
372 376 0.293567
373 376 1.9571
373 377 0.19571
374 377 1.9571
374 378 1.85925
374 379 0.293567
374 380 0.0978552
374 381 0.19571
374 385 0.313137
375 378 0.0978552
380 385 0.156568
381 385 0.313137
382 385 0.782842
383 386 0.626273
390 393 0.156568
390 394 0.93941
390 395 0.782842
397 401 0.93941
398 401 3.28793
399 402 0.469705
399 417 1.09598
403 408 0.0978552
404 408 0.293567
405 408 2.6421
405 409 0.293567
406 409 1.9571
406 410 0.293567
407 410 1.9571
407 411 0.391421
408 411 1.9571
408 412 0.293567
409 412 2.25067
409 413 0.19571
410 413 2.05496
410 414 0.587131
411 414 1.9571
411 415 1.85925
411 416 0.587131
411 417 0.391421
412 415 0.0978552
412 417 0.489275
