nresidues = 494
10 380 0.0625
11 231 0.0625
11 232 0.25
11 309 0.3125
11 380 0.4375
12 16 0.117188
12 17 0.078125
12 309 0.375
12 380 0.375
13 16 0.117188
13 17 0.078125
13 309 1.3125
14 17 0.898438
14 18 0.195312
14 309 0.25
14 310 0.25
14 311 0.125
14 313 0.1875
15 18 0.0390625
15 311 0.1875
17 315 0.1875
17 371 0.125
17 380 0.1875
17 381 0.125
17 384 0.0625
18 313 0.0625
18 369 0.125
18 370 1.25
18 371 0.25
19 369 1.375
19 370 0.5
20 91 0.0625
20 311 0.0625
20 313 0.0625
20 367 0.5
20 368 1.0625
20 369 0.125
21 367 0.125
21 368 0.4375
23 80 0.0625
23 366 0.0625
23 367 1.25
23 368 0.125
24 366 1.375
24 367 0.75
24 449 0.125
24 458 0.25
25 73 0.0625
25 75 0.0625
25 90 0.0625
25 364 0.0625
25 365 1.25
25 366 0.1875
25 445 0.1875
25 446 1.5625
25 447 0.125
25 449 0.1875
26 364 1.3125
26 365 0.0625
26 444 0.0625
26 445 1.1875
26 446 0.1875
26 449 0.0625
26 452 1
27 363 1.25
27 364 0.25
27 444 0.125
27 445 0.125
28 362 1.1875
28 441 0.125
28 444 0.3125
29 32 0.25
29 361 0.25
29 362 0.3125
29 439 0.0625
29 444 0.1875
30 361 0.125
31 360 1.3125
32 63 0.0625
32 359 1.25
32 360 0.375
32 437 0.125
33 358 1.25
33 359 0.1875
33 437 0.0625
34 55 0.125
34 356 0.0625
34 357 1.25
34 358 0.25
34 437 0.0625
35 53 0.0625
35 55 0.25
35 356 1.25
36 52 0.125
36 53 1.1875
36 54 0.0625
36 55 0.125
36 355 1.5
36 356 0.125
37 40 0.5
37 42 0.1875
37 53 0.125
37 54 1.375
37 55 1.3125
37 354 0.1875
38 54 0.0625
38 55 0.0625
38 56 0.0625
38 213 0.0625
38 331 0.1875
38 354 0.1875
39 54 0.4375
39 107 0.25
39 108 0.3125
39 213 0.25
39 354 0.0625
40 54 0.1875
41 50 0.0625
41 52 1.3125
41 53 0.0625
42 50 1.1875
42 51 1.3125
42 52 0.5
43 48 0.125
43 49 1.1875
43 50 0.0625
44 47 1.6875
52 355 0.0625
54 59 0.375
54 190 0.125
54 213 0.25
54 217 0.0625
55 59 0.3125
55 356 0.3125
56 59 0.4375
56 356 0.125
56 358 0.1875
57 325 0.125
57 326 0.125
57 356 0.0625
57 358 0.0625
58 141 0.3125
58 190 1.1875
58 191 0.25
58 193 0.0625
59 188 0.25
59 189 1.3125
59 190 0.0625
60 185 0.25
60 187 1.25
60 188 0.0625
60 189 0.25
60 190 0.3125
60 191 0.1875
60 220 0.3125
60 221 0.1875
60 222 0.125
60 322 0.0625
60 323 1.1875
60 324 0.25
61 187 0.8125
61 321 0.0625
61 322 1.3125
61 323 0.25
61 360 0.125
61 437 0.1875
62 154 0.0625
62 185 0.125
62 186 0.25
62 187 0.1875
62 320 0.0625
62 321 1.25
62 322 0.125
62 436 1.3125
62 437 0.1875
63 319 0.0625
63 320 1.25
63 321 0.3125
63 360 0.0625
63 362 0.125
63 437 1.5625
64 318 0.3125
64 319 1.25
64 320 0.1875
64 429 0.1875
64 431 0.0625
64 436 0.3125
64 437 0.125
64 438 1.75
64 439 0.25
65 317 0.0625
65 318 1.1875
65 319 0.4375
65 439 1.375
65 441 0.125
66 317 1.125
66 438 0.25
66 439 0.25
66 440 1.1875
66 441 1.25
67 90 0.0625
67 317 0.3125
67 366 0.1875
67 442 0.1875
67 445 0.0625
68 73 0.0625
68 90 0.125
68 441 0.125
68 442 0.3125
68 445 0.25
69 72 1.3125
69 73 0.125
69 90 0.0625
69 317 0.3125
70 73 0.1875
70 75 0.125
70 88 0.375
70 89 0.0625
70 90 0.25
70 317 0.1875
70 368 0.0625
71 87 0.375
71 88 0.375
71 392 0.125
75 368 0.1875
77 80 0.125
78 81 0.125
80 88 0.125
80 368 0.125
80 370 0.1875
81 86 0.4375
81 88 0.5
81 370 0.1875
82 85 1.5
82 86 0.5
83 86 0.1875
83 87 0.25
85 372 1.3125
85 373 0.1875
86 370 0.1875
86 371 1.4375
86 372 0.3125
87 369 0.0625
87 370 1.25
87 371 0.125
87 373 0.0625
87 392 0.75
87 393 0.375
88 369 1.3125
88 370 0.125
88 392 0.0625
89 313 0.0625
89 314 0.0625
89 315 0.125
89 368 1.125
89 369 0.25
89 371 0.125
89 392 0.0625
90 313 1.1875
90 314 0.1875
90 366 0.0625
90 367 1.25
90 368 0.25
90 445 0.5
91 312 1.25
91 313 0.0625
91 314 0.0625
91 366 1.375
91 367 0.3125
91 369 0.0625
92 95 0.0625
92 303 0.25
92 312 0.1875
92 314 0.0625
92 365 1.125
92 366 0.0625
93 301 0.0625
93 302 1.3125
93 365 1.25
93 367 0.125
94 301 1.1875
94 302 0.125
94 363 0.0625
94 364 1.3125
94 365 0.125
95 299 0.0625
95 300 1.25
95 301 0.3125
95 363 1.1875
95 364 0.125
96 297 0.0625
96 298 0.3125
96 299 0.5
96 300 0.125
96 361 0.0625
96 362 1.1875
96 363 0.25
96 454 0.0625
96 457 0.1875
97 297 1.3125
97 298 0.0625
97 361 1.1875
98 298 0.3125
98 359 0.0625
98 360 1.25
98 361 0.125
99 297 0.1875
99 298 0.25
99 325 0.625
99 328 0.3125
99 358 0.375
99 359 1.375
99 360 0.8125
100 328 0.125
100 359 0.5
101 328 0.375
101 357 0.0625
101 359 0.0625
102 328 0.125
103 291 0.1875
103 292 0.0625
103 327 1.375
103 328 0.3125
104 326 0.0625
104 327 1.1875
104 328 1.1875
104 329 1.125
104 330 0.1875
105 290 0.125
105 329 1.375
106 329 0.25
106 331 0.0625
107 138 0.0625
107 139 1.25
107 331 0.0625
108 138 1.4375
108 139 0.3125
108 141 0.375
108 211 0.375
108 213 0.375
109 137 1.25
109 138 0.125
109 211 1.5625
109 212 0.1875
110 113 0.125
110 135 0.0625
110 136 1.1875
110 137 0.0625
110 207 0.125
110 208 0.125
110 210 0.1875
110 211 0.0625
110 212 0.375
111 135 1.3125
111 136 0.25
111 212 0.0625
112 134 0.625
112 135 1.25
112 208 0.25
113 134 1.3125
113 135 0.1875
113 137 0.125
113 208 1.375
113 209 0.1875
113 210 0.125
114 206 0.125
114 208 0.125
114 209 0.25
114 252 0.0625
114 253 0.5
114 254 0.4375
114 282 0.125
115 133 0.0625
115 135 0.1875
115 137 0.125
115 251 0.375
115 252 1.25
116 133 0.125
116 252 0.3125
116 253 0.0625
117 126 0.125
117 251 1.1875
117 252 0.3125
118 250 1.1875
119 250 1.5
119 251 0.3125
119 252 0.25
119 281 0.125
120 249 0.0625
125 272 0.0625
125 275 0.125
125 276 0.25
125 277 0.25
129 133 0.375
130 133 0.0625
134 208 0.125
139 195 0.125
139 211 0.125
139 284 0.0625
139 285 0.0625
140 248 0.1875
140 285 1.1875
140 286 1.8125
140 287 0.0625
141 193 2.25
141 211 0.3125
141 213 0.5
141 214 0.1875
141 286 1.125
141 287 0.0625
142 192 0.3125
142 193 0.1875
142 243 0.25
142 244 1.3125
142 245 0.1875
142 286 0.0625
142 287 0.125
143 243 1.25
143 244 0.3125
143 288 0.0625
143 289 0.1875
143 290 0.25
143 326 0.3125
143 327 0.0625
144 242 1.25
144 324 0.25
144 325 1.1875
144 326 0.1875
145 240 0.0625
145 241 1.25
145 242 0.5
145 294 0.25
145 295 0.25
145 296 0.25
145 297 0.125
145 324 1.1875
145 325 0.0625
145 327 0.1875
146 240 1.3125
146 322 0.0625
146 323 1.25
146 324 0.3125
147 238 0.0625
147 239 1.25
147 240 0.0625
147 301 0.0625
147 322 1.375
148 154 0.0625
148 224 0.0625
148 238 1.1875
148 239 0.0625
148 320 0.0625
148 321 1.25
148 322 0.5625
149 236 1.375
149 237 1.4375
149 238 0.1875
149 320 1.25
149 321 0.125
150 234 1.25
150 235 0.125
150 236 0.0625
150 237 0.4375
150 319 1.3125
150 320 0.25
151 234 1.5625
151 310 0.0625
151 313 0.125
151 315 0.0625
151 318 0.0625
151 320 0.1875
152 234 0.3125
152 235 0.25
152 320 0.6875
152 385 0.0625
153 235 0.0625
153 320 0.5
153 431 0.125
154 184 1.25
154 185 0.3125
154 227 0.0625
154 322 0.1875
155 182 0.0625
155 183 1.375
155 185 0.3125
155 222 1.25
155 223 0.125
155 227 0.0625
156 181 0.0625
156 182 1.4375
156 183 0.25
156 185 0.125
156 221 1.25
156 222 0.0625
157 180 0.125
157 181 1.1875
157 197 0.0625
157 220 1.1875
157 221 0.3125
157 223 0.25
158 179 0.0625
158 180 1.3125
158 181 0.5625
158 183 0.125
158 197 1.4375
158 198 0.125
158 199 0.0625
158 218 0.1875
158 219 0.0625
159 178 0.125
159 179 1.375
159 180 0.1875
159 181 0.0625
159 197 0.1875
159 198 1.25
159 199 0.125
159 203 0.125
160 177 0.0625
160 178 1.25
160 179 0.0625
160 181 0.0625
160 202 0.0625
160 203 0.25
161 176 0.0625
161 177 1.3125
161 178 0.0625
161 179 0.0625
161 203 0.125
162 177 0.1875
162 179 0.125
170 174 0.375
171 174 0.9375
178 203 0.0625
182 223 0.3125
182 226 0.375
183 220 0.375
184 189 0.0625
184 220 0.125
184 434 0.375
185 189 0.25
186 189 0.4375
186 434 0.4375
186 435 1.625
187 435 0.125
187 436 0.25
189 218 1.0625
189 220 0.4375
190 213 0.25
190 214 0.0625
190 217 0.0625
190 218 0.125
190 219 1.1875
190 220 0.0625
191 219 0.1875
191 220 1.125
191 324 0.125
192 196 0.125
192 219 0.0625
192 221 0.0625
193 214 0.0625
193 285 0.125
194 245 0.1875
194 285 0.0625
195 198 0.0625
195 200 0.1875
195 210 0.125
195 285 0.125
196 200 0.0625
196 219 0.0625
197 219 1.3125
197 220 0.0625
197 221 0.0625
198 204 0.125
198 218 1.25
198 219 0.0625
199 202 1.75
199 203 0.1875
199 217 1.125
199 218 0.25
200 203 1.1875
200 204 0.625
200 210 0.125
200 214 0.1875
200 215 0.0625
200 217 0.0625
200 219 0.125
201 204 0.0625
201 216 0.3125
201 217 0.0625
204 209 0.4375
206 209 0.5
207 215 0.0625
209 253 0.8125
210 214 0.3125
210 215 0.125
211 214 1.1875
211 215 0.1875
212 215 0.25
213 217 0.0625
214 217 0.25
214 219 0.125
221 224 0.125
221 243 0.5
222 227 0.0390625
223 226 0.9375
223 227 0.195312
224 227 0.78125
224 228 0.117188
224 239 0.0625
224 241 0.5625
225 228 0.742188
225 229 0.15625
226 229 0.78125
226 230 0.078125
227 230 0.15625
227 235 0.25
227 236 0.1875
228 307 0.0625
230 233 0.375
230 234 0.375
230 235 0.375
231 309 0.0625
232 308 1.0625
232 309 1.0625
232 310 0.125
232 380 0.1875
232 383 0.0625
232 384 0.875
233 236 0.0625
233 310 0.0625
234 310 0.375
234 315 0.125
236 239 0.0625
236 307 0.0625
237 306 0.0625
237 307 0.1875
237 310 0.1875
237 311 0.1875
237 312 0.5
237 313 0.0625
237 319 0.0625
238 301 0.375
238 303 0.25
240 301 0.125
242 296 0.25
244 287 0.125
244 288 0.125
244 289 0.0625
245 286 1.1875
246 284 0.0625
246 285 1.1875
246 286 0.75
247 250 0.125
247 283 0.0625
247 284 1.1875
248 284 1.25
248 285 0.0625
248 286 0.0625
249 283 1.3125
249 284 0.25
250 282 1.125
251 281 1.3125
251 282 0.5
251 284 0.125
252 277 0.0625
252 278 0.6875
252 280 1.1875
252 281 0.125
252 282 0.125
253 278 0.1875
253 280 0.25
253 282 1.375
257 260 0.3125
261 266 0.0625
261 279 0.0625
262 265 0.1875
262 266 0.125
263 266 0.3125
266 276 0.3125
268 273 1.0625
269 273 1.625
269 274 0.1875
270 273 1.5625
270 274 0.3125
271 274 0.1875
272 275 0.0625
290 327 0.125
291 294 1.3125
291 295 0.125
292 295 0.3125
295 299 0.125
295 327 0.3125
295 328 0.25
296 299 0.125
296 301 0.3125
297 301 0.125
297 323 0.0625
297 324 0.0625
297 325 0.4375
298 328 0.0625
300 457 0.0625
302 454 0.125
302 457 0.125
302 458 0.3125
302 461 0.375
304 311 0.25
304 461 0.0625
305 311 0.3125
306 310 0.0625
306 311 0.25
310 313 0.4375
310 315 0.125
314 317 1.125
314 318 0.3125
314 319 0.125
315 318 0.0625
315 384 0.3125
315 388 0.125
319 364 0.0625
320 436 0.125
321 364 0.125
323 360 0.125
325 328 0.1875
326 329 0.1875
328 356 0.0625
328 358 0.0625
329 356 0.3125
330 356 0.25
331 355 1.1875
331 356 0.1875
332 354 1.1875
332 355 0.3125
332 356 0.0625
333 353 1.25
333 354 0.125
334 352 1.0625
334 353 0.375
334 355 0.125
335 351 1.3125
335 352 0.3125
336 350 1.1875
336 351 0.125
337 349 1.3125
337 350 0.1875
338 349 0.75
339 342 0.3125
339 349 0.375
342 346 0.375
342 349 0.3125
345 350 0.25
346 349 1.1875
346 350 0.125
347 350 0.0625
363 453 0.125
363 454 0.3125
364 454 0.125
365 454 0.1875
365 455 0.0625
365 458 0.125
366 445 0.1875
371 377 0.0390625
371 392 0.0625
372 377 0.117188
373 377 0.0390625
373 378 0.117188
373 392 0.0625
374 377 0.859375
374 378 0.15625
375 378 0.78125
375 379 0.195312
376 379 0.898438
376 380 0.078125
377 380 0.78125
377 381 0.234375
378 381 0.703125
378 382 0.078125
378 389 0.0625
379 382 0.78125
379 383 0.117188
380 383 0.78125
380 384 0.117188
381 384 0.78125
381 385 0.78125
381 388 0.1875
381 389 0.0625
382 385 0.742188
382 386 0.429688
382 389 0.125
384 388 0.0390625
385 388 0.3125
386 389 0.742188
386 390 0.195312
387 390 0.859375
387 391 0.351562
388 391 0.78125
388 392 0.234375
389 392 0.117188
429 432 0.3125
431 434 0.4375
441 444 1.25
441 445 0.125
446 452 0.25
448 451 0.25
448 452 0.125
449 452 0.3125
449 455 0.820312
449 458 0.0625
450 456 0.117188
451 456 0.0390625
452 455 0.78125
452 456 0.507812
453 456 0.9375
453 457 0.15625
454 457 0.78125
454 458 0.078125
455 458 0.78125
455 459 0.15625
456 459 0.78125
456 460 0.078125
457 460 0.820312
457 461 0.078125
458 461 0.859375
458 462 0.078125
459 462 0.78125
459 463 0.117188
460 463 0.0390625
