nresidues = 230
0 172 0.299147
0 173 0.149574
0 194 0.299147
1 120 0.448721
1 173 3.4402
1 174 0.448721
1 175 0.149574
1 194 0.897442
1 213 0.747869
1 225 0.149574
2 120 2.8419
2 121 0.747869
2 173 3.14105
3 121 3.29062
3 169 1.19659
3 173 0.598295
3 174 3.4402
3 175 0.149574
4 120 1.04702
4 121 0.299147
4 122 2.99147
4 123 0.598295
4 175 2.8419
4 177 0.149574
4 225 0.299147
5 123 3.73934
5 163 0.299147
5 164 0.149574
5 167 0.299147
5 169 0.149574
5 174 0.299147
5 175 0.747869
5 176 3.14105
5 177 0.598295
6 12 0.0934836
6 116 0.149574
6 123 0.448721
6 124 3.4402
6 125 0.299147
6 141 0.149574
6 176 0.149574
6 177 3.4402
6 221 0.149574
7 11 2.33709
7 12 0.0934836
7 125 0.299147
7 154 0.448721
7 176 0.149574
7 177 0.299147
7 178 0.149574
7 179 0.299147
7 184 1.04702
8 11 1.86967
8 12 1.86967
8 13 0.467417
8 132 0.299147
9 13 1.96315
9 14 0.0934836
9 15 0.560901
9 131 0.747869
9 179 0.299147
10 13 0.186967
10 14 0.186967
10 15 0.560901
10 16 0.560901
10 106 0.598295
10 179 1.19659
10 198 0.299147
11 106 0.448721
11 177 0.149574
11 178 0.448721
11 179 0.598295
11 198 0.448721
11 218 0.448721
12 105 3.29062
12 106 0.598295
12 109 0.149574
12 137 0.149574
13 18 0.841351
13 99 0.598295
13 102 0.897442
13 104 3.4402
13 105 0.448721
13 106 0.149574
13 131 2.54275
13 135 0.299147
14 17 1.86967
14 18 0.841351
14 104 0.598295
14 105 0.299147
14 106 0.149574
15 18 1.96315
15 19 0.467417
16 19 1.58922
16 20 0.186967
17 20 1.77619
17 21 0.467417
18 21 1.86967
18 22 0.373934
18 99 0.448721
18 102 0.448721
18 103 0.448721
18 104 0.897442
19 22 1.86967
19 23 0.467417
19 46 0.448721
19 99 0.149574
20 23 1.86967
20 24 0.186967
20 42 0.897442
20 43 0.747869
20 46 0.448721
21 24 1.86967
21 25 0.186967
22 25 1.86967
22 26 0.280452
22 93 0.448721
22 98 0.598295
22 99 0.299147
22 102 0.299147
23 26 1.86967
23 42 0.897442
23 45 0.448721
23 46 0.598295
23 49 1.34616
23 71 0.299147
23 89 0.149574
23 93 1.19659
24 27 0.373934
24 42 1.34616
25 27 1.86967
25 28 0.186967
26 28 1.86967
26 29 0.373934
26 89 1.79488
26 98 0.149574
27 30 0.0934836
28 92 0.747869
29 33 0.448721
29 85 0.149574
29 88 0.448721
29 92 0.598295
30 33 1.64531
31 38 3.29062
31 39 0.747869
31 75 0.149574
31 85 0.149574
31 89 0.747869
32 39 0.448721
38 78 0.299147
38 80 0.299147
39 44 0.747869
39 45 0.654386
39 74 0.747869
39 75 0.149574
39 78 0.598295
40 44 0.280452
41 44 1.96315
42 45 2.05664
42 46 0.841351
43 46 1.6827
43 47 0.280452
44 47 1.58922
44 48 0.467417
44 78 0.299147
45 48 1.86967
45 49 0.186967
45 74 0.448721
45 89 0.448721
46 49 2.15012
46 50 1.02832
47 50 1.77619
47 51 0.186967
48 51 1.86967
48 73 0.299147
48 77 0.149574
49 70 1.19659
49 74 0.149574
51 73 0.598295
52 55 1.96315
52 56 0.186967
52 66 0.598295
52 69 0.598295
52 70 0.299147
53 56 2.15012
53 57 0.0934836
53 66 0.149574
53 70 0.149574
53 127 0.149574
53 129 0.448721
54 57 1.77619
54 58 0.280452
55 58 1.86967
55 59 1.86967
55 60 1.86967
55 61 0.186967
56 59 0.0934836
56 61 0.280452
56 62 0.0934836
56 63 0.280452
56 66 0.149574
56 153 0.299147
57 153 0.149574
61 65 0.0934836
61 69 0.149574
62 65 2.15012
62 66 0.186967
63 66 1.96315
63 67 0.467417
63 129 1.19659
63 148 0.747869
64 67 1.86967
64 68 0.186967
65 68 2.80452
65 69 0.747869
66 69 1.77619
66 70 0.280452
66 129 0.149574
67 70 1.96315
67 71 0.0934836
67 96 0.299147
67 129 0.598295
68 71 1.58922
68 72 0.186967
68 83 0.149574
69 72 1.77619
69 73 0.186967
70 74 0.0934836
70 96 0.299147
70 129 0.299147
71 74 0.186967
71 86 0.598295
71 89 0.149574
71 90 0.897442
71 93 0.598295
71 96 0.448721
72 75 1.86967
72 76 0.467417
72 80 0.149574
72 81 0.448721
72 82 0.299147
72 83 0.299147
72 86 0.448721
73 76 2.05664
73 77 0.186967
74 77 1.96315
74 78 0.186967
75 78 1.86967
75 79 1.77619
75 80 2.33709
75 86 0.299147
76 79 0.0934836
76 80 0.0934836
82 85 2.24361
82 86 0.0934836
83 86 1.86967
83 87 0.186967
84 87 1.86967
84 88 0.747869
85 88 2.24361
85 89 0.186967
86 89 1.86967
86 90 0.280452
87 90 2.15012
87 91 0.560901
88 91 1.96315
88 92 0.280452
89 92 1.86967
89 93 0.186967
90 93 1.86967
90 96 0.897442
91 96 2.99147
91 97 0.299147
92 97 2.99147
92 98 0.598295
93 98 2.99147
93 99 0.897442
96 100 0.448721
96 129 0.299147
97 100 0.448721
97 101 0.149574
98 101 3.29062
98 102 0.149574
99 102 0.448721
100 130 3.4402
100 131 0.299147
100 134 0.448721
101 134 0.747869
102 134 0.149574
103 134 0.149574
103 135 0.897442
105 109 0.149574
105 110 0.149574
105 135 0.448721
105 137 0.299147
106 109 0.299147
106 198 0.448721
106 200 0.149574
107 198 0.149574
107 218 0.299147
108 111 1.86967
108 112 0.280452
108 219 1.19659
109 112 1.86967
109 113 0.373934
109 218 0.299147
110 113 1.86967
110 114 0.186967
110 135 0.299147
110 140 0.149574
111 114 1.86967
111 115 0.186967
111 222 0.149574
112 115 1.86967
112 116 0.467417
112 218 0.747869
112 219 0.149574
113 116 1.77619
113 117 0.186967
113 137 0.149574
113 140 0.448721
113 141 0.448721
114 118 0.186967
114 140 0.747869
115 118 0.186967
115 119 0.467417
115 222 0.747869
115 226 0.598295
116 119 1.86967
116 120 0.467417
116 122 0.149574
116 225 0.149574
117 120 0.186967
117 122 0.299147
120 225 1.19659
122 140 0.448721
122 141 3.58977
122 142 0.299147
123 141 0.747869
123 142 0.598295
123 143 3.4402
123 167 1.19659
123 169 0.149574
124 132 0.299147
124 141 0.897442
124 144 2.8419
124 145 0.747869
125 145 3.29062
125 154 0.598295
125 159 0.149574
125 160 0.299147
125 163 0.149574
125 176 0.149574
126 145 0.149574
126 146 3.29062
126 154 0.149574
127 147 1.04702
127 153 2.39318
127 154 1.04702
128 146 0.149574
128 148 0.149574
129 148 1.19659
130 133 1.86967
130 134 0.280452
131 134 1.86967
131 135 0.186967
132 135 1.86967
132 136 1.77619
132 137 1.96315
132 138 0.654386
132 141 0.299147
132 144 0.598295
133 138 0.747869
136 139 0.897442
136 140 0.149574
137 140 1.19659
137 141 0.299147
138 141 0.448721
138 144 0.149574
143 166 0.149574
144 149 0.149574
145 149 0.598295
145 162 0.299147
145 166 0.149574
146 149 3.4402
146 159 0.149574
147 150 2.99147
147 151 2.8419
147 152 0.598295
147 153 0.598295
147 159 0.149574
149 162 0.299147
150 158 0.598295
150 159 0.448721
150 162 0.448721
152 156 0.149574
152 158 0.186967
152 159 0.280452
153 156 0.448721
153 159 0.0934836
154 159 0.186967
154 160 0.0934836
154 183 2.69233
154 184 0.598295
155 160 0.186967
155 182 0.299147
155 183 0.448721
155 186 0.149574
155 187 0.448721
156 159 0.0934836
156 160 0.186967
157 160 1.86967
157 161 0.280452
157 191 0.448721
158 161 1.86967
158 162 0.186967
159 162 1.86967
159 163 0.186967
160 163 1.86967
160 164 0.373934
160 176 0.149574
160 183 0.149574
160 187 1.34616
160 188 0.149574
160 191 0.149574
161 164 1.86967
161 165 0.186967
161 191 0.448721
162 165 1.96315
162 166 0.186967
163 166 1.6827
163 167 0.467417
164 167 2.05664
164 168 1.86967
164 169 0.654386
164 171 0.448721
164 174 0.299147
165 168 0.0934836
169 174 0.149574
170 173 3.29062
170 174 0.448721
171 174 0.448721
171 191 0.299147
171 192 0.598295
171 193 0.299147
174 193 0.149574
175 193 0.149574
175 194 3.4402
175 195 0.448721
175 213 0.149574
176 184 0.448721
176 188 0.299147
176 193 0.149574
176 194 0.299147
176 195 3.14105
176 196 0.299147
177 196 2.8419
178 184 0.467417
178 185 0.0934836
178 196 0.149574
178 197 3.14105
178 198 0.448721
179 184 0.280452
179 197 0.149574
179 198 0.299147
180 183 2.15012
180 184 2.33709
180 185 0.0934836
180 197 0.149574
181 184 1.58922
181 185 2.24361
181 186 0.560901
181 197 0.747869
181 203 1.34616
181 206 0.598295
181 208 0.598295
181 209 1.04702
181 210 0.149574
181 211 0.598295
182 186 0.0934836
182 203 0.299147
183 186 1.58922
183 187 0.0934836
184 187 1.6827
184 188 0.186967
185 188 1.77619
185 189 0.186967
185 195 0.747869
185 196 0.448721
185 197 0.598295
185 209 0.448721
186 189 1.86967
186 190 0.0934836
186 209 0.299147
187 190 1.77619
188 191 1.86967
188 192 1.6827
188 193 2.15012
188 195 0.448721
189 192 0.0934836
189 195 0.448721
189 209 1.94446
194 212 1.49574
195 211 3.29062
195 212 3.58977
195 213 0.448721
196 213 2.8419
197 206 0.299147
197 211 0.299147
197 213 0.299147
197 214 3.29062
197 215 0.598295
198 215 2.99147
198 216 0.448721
198 217 0.149574
199 202 0.747869
199 203 0.747869
199 214 0.747869
199 215 0.299147
199 216 0.448721
203 206 1.04702
206 210 0.299147
206 214 0.299147
213 224 0.299147
215 220 1.21529
215 221 0.186967
216 220 0.467417
217 220 0.560901
218 221 0.467417
219 222 2.33709
220 223 1.86967
220 224 0.186967
221 224 1.96315
221 225 0.373934
222 225 1.58922
222 226 0.186967
223 226 0.0934836
