nresidues = 521
37 40 0.859375
38 41 0.78125
38 112 0.0625
38 115 0.0625
38 122 0.125
39 42 0.78125
39 122 0.0625
39 194 0.125
40 43 0.117188
40 194 0.0625
41 44 0.703125
41 45 0.0390625
41 108 0.125
41 111 0.0625
41 112 0.0625
42 45 0.78125
42 46 0.273438
42 122 0.0625
42 125 0.25
42 126 0.125
43 46 0.742188
43 47 0.0390625
43 194 0.0625
44 47 0.234375
44 104 1.3125
45 48 0.117188
45 104 0.1875
45 105 0.125
45 108 0.1875
45 109 0.125
45 126 0.0625
45 129 0.1875
46 49 0.234375
46 125 0.0625
46 129 0.125
46 194 0.0625
46 196 0.0625
46 197 0.25
47 50 0.664062
47 51 0.078125
47 52 0.078125
47 104 0.625
48 101 0.0625
48 104 0.0625
48 105 0.125
48 129 0.125
48 132 0.1875
49 128 0.25
49 129 0.375
49 132 0.5
49 197 0.0625
49 205 0.1875
49 208 0.1875
49 337 0.4375
50 61 0.0625
50 250 0.0625
50 335 0.1875
50 336 0.0625
50 337 0.0625
51 56 1.25
51 57 0.1875
51 60 0.125
51 61 0.0625
51 335 0.1875
52 250 0.125
52 253 0.5
52 254 0.0625
52 256 0.0625
52 259 1.0625
52 260 0.0625
52 335 0.25
53 56 0.820312
53 57 0.078125
53 100 0.0625
53 256 0.125
54 57 0.78125
54 58 0.078125
54 263 0.375
54 264 0.0625
55 58 0.78125
55 59 0.273438
55 100 0.25
56 59 0.78125
56 60 0.117188
56 100 0.3125
56 104 0.0625
57 60 0.742188
57 61 0.9375
57 62 0.0390625
57 260 0.1875
57 261 0.125
57 335 0.125
58 61 0.703125
58 62 0.859375
58 63 0.195312
58 77 0.0625
58 267 0.1875
58 269 0.3125
59 63 0.078125
59 64 0.078125
59 96 0.1875
59 100 0.5625
60 64 0.117188
60 65 0.0390625
60 97 0.1875
60 443 0.125
61 65 0.117188
61 71 0.0625
61 261 0.4375
61 335 0.0625
61 443 0.1875
62 73 0.0625
62 261 0.125
62 270 0.125
63 66 0.1875
63 77 0.3125
63 84 0.125
63 93 0.25
64 67 0.4375
64 84 0.125
64 97 0.1875
64 140 0.4375
64 443 0.1875
64 444 0.125
64 447 0.125
64 478 0.0625
65 68 0.1875
65 443 0.3125
66 69 0.0625
66 71 0.3125
66 72 0.1875
66 273 0.0625
66 308 0.0625
67 84 0.1875
67 87 0.1875
67 447 0.9375
67 458 0.125
67 475 0.4375
68 436 0.25
68 443 0.25
68 444 0.1875
68 445 0.125
68 446 0.375
68 447 0.125
68 458 0.1875
69 273 0.75
69 275 1.1875
69 276 0.125
69 436 0.0625
69 458 0.0625
70 272 1.25
70 273 0.3125
70 276 0.125
70 436 0.25
70 439 0.25
70 440 0.375
70 441 0.25
70 442 0.1875
71 270 0.0625
71 271 1.3125
71 273 0.4375
71 325 0.125
72 270 1.3125
72 271 0.1875
72 273 0.3125
72 306 0.4375
72 307 0.0625
72 308 0.1875
73 77 0.0625
73 269 1.3125
74 268 0.1875
74 269 0.25
74 271 0.125
74 314 1.3125
74 315 1.25
74 316 0.25
74 319 0.0625
75 83 0.0625
75 269 0.125
75 314 1.1875
76 79 1.4375
76 80 0.125
76 83 0.0625
76 313 0.25
76 314 0.1875
76 315 0.125
77 83 0.125
77 93 0.1875
77 269 0.0625
79 82 0.3125
79 83 0.0625
79 90 0.1875
79 93 0.125
80 83 0.1875
80 313 0.1875
81 86 1
81 310 0.0625
81 311 0.1875
81 463 0.0625
81 465 0.25
82 88 1.05469
82 465 0.1875
83 86 0.859375
83 87 0.664062
83 88 0.898438
83 89 0.117188
84 87 0.078125
84 89 0.15625
84 93 0.1875
84 94 0.0625
84 478 0.0625
85 308 0.125
85 309 0.125
85 461 0.0625
86 309 0.625
86 310 0.375
86 312 0.125
86 314 0.125
86 463 0.1875
86 464 1.25
86 465 0.25
87 460 0.3125
87 461 0.1875
87 464 0.125
87 466 0.1875
87 469 0.0625
87 474 0.375
87 475 0.3125
87 506 0.125
88 465 0.375
88 466 0.1875
89 93 0.0390625
89 479 0.0625
90 93 1.01562
90 94 0.078125
91 94 0.78125
91 95 0.234375
91 482 0.6875
92 95 0.703125
92 96 0.15625
93 96 0.078125
94 478 0.5
94 479 0.625
95 98 0.703125
95 480 0.0625
95 481 0.9375
95 482 0.125
96 99 0.742188
96 100 0.078125
97 100 0.78125
97 101 0.15625
97 140 0.125
98 101 0.703125
98 102 0.46875
98 137 0.125
98 141 0.25
98 145 0.1875
98 158 0.125
98 481 0.125
98 484 0.4375
99 102 0.703125
99 103 0.0390625
100 103 0.742188
100 104 0.351562
101 104 0.78125
101 105 0.117188
101 133 0.0625
101 134 0.0625
101 136 0.125
101 137 0.0625
102 105 0.703125
102 106 0.3125
102 134 0.0625
102 137 0.125
102 145 0.25
102 149 0.25
103 106 0.078125
105 108 0.78125
105 109 0.078125
105 129 0.125
105 130 0.125
105 134 0.0625
106 110 0.117188
106 130 0.4375
106 149 0.5
107 110 0.78125
107 111 0.078125
108 111 0.78125
108 112 0.117188
109 112 0.78125
109 113 0.234375
109 126 0.375
109 127 0.0625
109 130 0.5625
110 113 0.859375
110 114 0.195312
110 149 0.1875
110 151 0.0625
111 114 0.742188
111 115 0.078125
112 115 0.78125
112 116 0.234375
112 122 0.125
112 126 0.125
113 116 0.820312
113 117 0.742188
113 118 0.195312
113 123 0.5
114 117 0.078125
116 119 0.25
116 123 0.1875
118 123 0.625
119 123 0.078125
120 123 0.78125
120 124 0.078125
120 178 0.25
121 124 0.820312
121 125 0.117188
121 178 0.0625
121 182 0.0625
121 188 0.0625
121 191 0.0625
121 202 0.0625
122 125 0.78125
122 126 0.078125
123 126 0.78125
123 127 0.507812
123 174 0.0625
124 127 0.78125
124 128 0.078125
124 175 0.125
124 178 0.1875
125 128 0.78125
125 129 0.15625
125 191 0.125
125 205 0.5625
126 129 0.78125
126 130 0.078125
127 130 0.78125
127 131 0.117188
127 171 0.3125
127 174 0.4375
127 175 0.0625
128 131 0.820312
128 132 0.078125
128 172 0.0625
128 205 0.125
128 212 0.0625
129 132 0.78125
129 133 0.0390625
130 133 0.742188
130 134 0.117188
130 146 0.5625
130 171 0.0625
131 134 0.78125
131 135 0.117188
131 146 0.0625
131 168 0.0625
131 216 0.0625
132 135 0.898438
132 136 0.0390625
132 208 0.125
132 212 0.0625
132 215 0.3125
132 337 0.125
133 136 0.78125
133 137 0.0390625
134 137 0.820312
134 138 0.078125
134 144 0.1875
134 168 0.25
135 138 0.78125
135 139 0.15625
135 168 0.0625
135 215 0.0625
135 219 0.0625
136 139 0.78125
136 140 0.15625
136 444 0.0625
137 140 0.78125
137 141 0.117188
137 144 0.0625
138 141 0.703125
138 142 0.15625
138 510 0.0625
139 165 0.125
139 219 0.1875
139 444 0.1875
139 451 0.1875
139 510 0.125
139 512 0.125
140 444 0.125
140 447 0.0625
140 477 1.3125
140 478 0.25
140 510 0.0625
141 144 0.1875
141 158 0.0625
141 477 0.3125
141 478 0.125
141 480 0.25
141 510 0.1875
142 161 0.375
142 510 0.0625
143 158 0.3125
143 159 1.25
143 161 0.1875
143 480 0.0625
143 498 0.0625
143 499 0.0625
144 158 1.375
144 159 0.1875
144 164 0.125
145 149 0.3125
145 156 0.0625
145 157 0.125
145 158 0.25
145 159 0.0625
146 149 0.125
146 159 0.375
146 164 0.125
146 167 0.125
146 168 0.1875
146 171 0.3125
147 159 0.625
147 167 0.0625
148 157 0.0625
149 156 0.0625
150 153 0.375
154 488 0.125
155 487 0.1875
155 488 0.375
155 491 0.1875
156 488 0.1875
156 491 0.4375
157 491 0.375
158 484 0.375
158 488 0.0625
158 491 0.0625
158 492 0.1875
158 495 0.1875
158 498 0.0625
159 163 0.195312
159 164 0.078125
159 498 0.1875
160 163 0.9375
160 164 0.078125
160 498 0.125
161 164 0.820312
161 165 0.195312
161 510 0.4375
161 511 0.3125
162 165 0.78125
162 166 0.195312
162 224 0.1875
162 511 0.3125
163 166 0.78125
163 167 0.078125
164 167 0.78125
164 168 0.234375
165 168 0.898438
165 169 0.234375
165 216 0.25
165 220 0.1875
165 511 0.125
165 512 0.0625
166 169 0.78125
166 170 0.195312
166 224 0.375
166 227 1.125
167 170 0.78125
167 171 0.15625
168 171 0.78125
168 172 0.078125
168 216 0.0625
169 172 0.820312
169 173 0.195312
169 213 0.0625
169 216 0.375
169 217 0.0625
169 220 0.0625
169 227 0.3125
169 231 0.25
170 173 0.78125
170 174 0.0390625
171 174 0.78125
171 175 0.078125
172 175 0.78125
172 176 0.15625
172 209 0.0625
172 212 0.0625
172 213 0.125
172 216 0.0625
173 176 0.78125
173 177 0.117188
173 213 0.3125
174 177 0.742188
174 178 0.15625
175 178 0.78125
175 179 0.15625
176 179 0.78125
176 180 0.078125
176 206 0.125
176 209 0.0625
176 210 0.0625
176 213 0.0625
177 180 0.703125
177 181 0.0390625
178 181 0.78125
178 182 0.078125
179 182 0.78125
179 183 0.078125
179 202 0.125
179 206 0.0625
180 183 0.703125
180 184 0.0390625
180 206 0.25
181 184 0.195312
181 185 0.078125
182 185 0.117188
182 186 0.0390625
182 202 0.0625
183 186 0.0390625
183 202 0.1875
183 203 0.125
187 199 0.0625
187 200 1.375
188 191 1.3125
188 192 0.125
188 200 0.25
188 202 0.0625
189 192 1.1875
189 193 0.0625
190 193 0.125
191 194 1.25
191 195 0.125
191 200 0.1875
191 205 0.125
192 199 0.3125
192 200 0.0625
195 198 1.6875
195 199 0.375
195 200 0.0625
195 205 0.4375
196 249 0.0625
196 250 1.4375
196 251 0.375
196 252 0.3125
197 205 0.1875
197 248 0.0625
197 249 0.375
197 250 0.375
197 337 0.0625
198 201 0.125
198 204 0.75
198 205 0.375
198 208 0.125
198 241 0.0625
198 246 0.25
198 247 0.25
198 248 0.1875
201 204 0.859375
201 205 0.0390625
202 205 0.820312
202 206 0.078125
203 206 0.742188
203 207 0.117188
204 207 0.78125
204 208 0.078125
204 245 0.1875
204 246 0.125
205 208 0.9375
205 209 0.078125
206 209 0.78125
206 210 0.234375
207 210 0.78125
207 211 0.15625
207 239 0.25
207 240 0.3125
207 246 0.5
208 211 0.78125
208 212 0.078125
208 241 0.125
208 248 0.1875
208 337 0.125
208 338 0.125
209 212 0.78125
209 213 0.078125
210 213 0.820312
210 214 0.078125
210 235 0.3125
210 238 0.4375
210 239 0.25
210 240 0.1875
211 214 0.820312
211 215 0.078125
211 240 0.375
211 241 0.125
211 338 0.125
211 343 0.0625
212 215 0.78125
212 216 0.195312
213 216 0.78125
213 217 0.078125
213 231 0.125
213 234 0.3125
213 235 0.125
214 217 0.78125
214 218 0.117188
214 232 0.125
214 235 0.0625
214 346 0.1875
214 347 0.0625
215 218 0.78125
215 219 0.078125
215 338 0.1875
215 342 0.625
215 346 0.125
216 219 0.78125
216 220 0.117188
217 220 0.78125
217 221 0.078125
217 228 0.125
217 231 0.0625
217 232 0.125
218 221 0.234375
218 346 0.1875
218 349 0.0625
218 353 0.0625
218 355 0.0625
218 452 0.4375
219 448 0.1875
219 452 0.1875
219 512 0.3125
220 223 1.25
220 224 0.3125
220 227 0.125
220 511 0.0625
221 224 1.125
221 225 0.25
221 228 0.125
221 353 0.25
221 355 0.125
221 452 0.0625
222 225 0.0625
222 520 0.9375
223 511 0.8125
223 512 0.125
223 520 0.0625
224 227 0.820312
224 228 0.078125
224 511 0.5
225 228 0.703125
225 229 0.078125
225 355 0.0625
226 229 0.820312
226 230 0.078125
227 230 0.78125
227 231 0.3125
228 231 0.78125
228 232 0.078125
228 355 0.3125
229 232 0.78125
229 233 0.351562
229 355 1.0625
230 233 0.78125
230 234 0.195312
231 234 0.820312
231 235 0.078125
232 235 0.78125
232 236 0.117188
232 355 0.125
232 357 0.1875
233 236 0.78125
233 237 0.117188
233 355 0.3125
233 356 0.4375
233 357 0.125
234 237 0.820312
234 238 0.0390625
235 238 0.742188
235 239 0.078125
235 240 0.0390625
236 239 0.0390625
236 357 0.25
240 343 0.1875
240 347 0.3125
241 246 0.5
241 338 0.1875
241 339 0.1875
241 340 0.1875
241 343 0.0625
241 347 0.0625
242 246 0.25
242 347 0.5625
242 367 0.3125
242 371 0.0625
243 246 1.5
243 340 0.125
244 247 0.1875
244 371 0.125
244 374 0.4375
244 375 0.3125
247 338 1.25
247 339 0.1875
247 340 0.125
247 375 0.375
248 336 1.25
248 337 1.5
248 338 0.1875
249 334 0.125
249 335 1.3125
249 336 0.0625
249 339 0.1875
249 375 0.3125
250 253 0.5625
250 254 0.125
250 334 1.25
250 335 0.125
251 334 0.0625
252 255 1.1875
252 256 1.1875
252 257 0.3125
253 256 1.3125
253 258 0.375
253 259 0.3125
253 333 0.25
253 334 0.3125
253 335 0.1875
258 263 0.0390625
258 331 1.3125
259 262 0.78125
259 263 0.078125
259 327 0.25
259 330 0.0625
259 331 0.375
259 332 0.0625
259 333 0.3125
259 335 0.375
260 263 0.78125
260 264 0.117188
260 335 0.1875
261 264 0.78125
261 265 0.078125
261 325 0.125
261 327 0.1875
261 328 0.125
261 335 0.25
261 441 0.0625
262 265 0.742188
262 266 0.0390625
262 328 0.375
262 331 0.0625
263 266 0.742188
263 267 0.3125
264 267 0.234375
264 268 0.742188
264 269 0.0390625
264 270 0.117188
265 268 0.117188
265 270 0.078125
265 271 0.234375
265 328 0.125
268 271 0.25
268 316 0.1875
271 306 0.0625
271 319 0.1875
271 320 0.375
271 322 0.125
271 323 1.3125
271 324 0.1875
272 277 0.0390625
272 292 0.125
272 305 1.25
272 306 0.25
272 323 0.25
272 325 0.0625
273 276 0.664062
273 277 0.078125
273 305 0.25
273 306 1.25
273 308 0.0625
274 277 0.703125
274 278 0.15625
274 305 0.1875
274 306 0.25
274 307 0.0625
274 395 0.3125
274 459 0.1875
275 278 0.78125
275 279 0.117188
275 436 0.25
275 458 0.125
275 459 0.5625
276 279 0.78125
276 280 0.195312
276 292 0.125
276 436 0.375
276 437 0.0625
276 440 0.125
277 280 0.820312
277 281 0.234375
277 292 0.1875
277 303 0.25
277 304 0.125
278 281 0.78125
278 282 0.0390625
278 392 1.125
278 393 0.3125
278 394 0.125
278 395 0.25
279 282 0.742188
279 283 0.117188
279 392 0.3125
279 410 0.375
279 412 0.25
279 433 0.125
279 436 0.4375
279 456 0.0625
279 457 0.3125
280 283 0.78125
280 284 0.742188
280 285 0.3125
280 287 0.1875
280 288 0.25
280 291 0.25
280 292 0.125
281 284 0.078125
281 288 0.3125
281 303 0.25
281 392 0.0625
282 390 0.125
282 391 0.1875
282 392 0.0625
282 393 0.0625
283 384 0.1875
283 390 0.125
283 391 0.125
283 392 0.25
283 414 0.3125
283 416 0.25
283 433 0.0625
283 434 0.0625
283 437 0.125
284 288 0.5625
285 288 0.5
285 384 0.375
285 437 0.0625
286 289 0.1875
286 373 0.125
286 378 0.1875
286 384 0.125
287 290 1.25
287 291 0.375
287 372 0.25
287 373 0.3125
287 384 0.1875
287 434 0.0625
287 437 0.25
288 291 1.25
288 292 0.25
288 303 0.3125
289 292 0.125
289 303 0.1875
289 326 0.125
290 326 0.25
290 376 0.125
290 378 0.0625
291 325 1.25
291 326 0.25
291 372 0.0625
291 376 0.4375
291 437 0.25
291 438 0.1875
291 440 1.1875
292 303 0.125
292 324 1.25
292 440 0.1875
293 303 0.3125
293 323 1.4375
293 324 0.3125
293 329 0.0625
294 302 1.25
294 303 0.125
294 323 0.125
295 298 0.3125
295 300 0.0625
295 301 0.375
295 302 0.125
295 304 0.0625
295 321 1.3125
295 399 0.4375
296 321 1.5
297 321 0.3125
297 399 0.0625
297 400 0.125
298 399 0.1875
303 323 0.1875
304 322 1.3125
304 323 0.25
304 399 0.125
305 322 0.125
305 395 0.25
306 319 0.5
306 322 0.125
306 395 0.0625
307 310 0.1875
307 395 0.0625
307 406 0.3125
307 407 0.0625
307 408 0.3125
307 460 0.25
307 461 0.1875
307 462 0.25
308 461 0.0625
309 461 1.1875
309 462 0.3125
310 314 0.0625
310 319 0.0625
310 406 0.375
310 462 0.25
311 405 0.125
311 406 0.125
311 462 0.0625
312 319 0.3125
312 403 0.25
312 406 0.1875
315 318 1.25
315 319 0.0625
316 319 1.1875
316 320 0.125
317 320 0.0625
318 322 0.0625
318 400 0.125
318 403 0.125
319 322 0.8125
319 397 0.125
319 403 0.375
319 406 0.0625
322 397 0.375
322 399 0.625
322 400 0.1875
322 403 0.0625
325 328 1.1875
325 329 0.0625
325 440 0.1875
326 329 0.5
326 333 0.0625
327 330 0.125
327 333 0.125
327 334 0.0625
327 336 0.0625
330 333 0.5
336 339 0.25
336 441 0.0625
338 342 0.0390625
339 342 0.742188
339 375 0.25
339 376 0.125
339 438 0.125
339 439 0.0625
339 440 0.3125
339 441 0.0625
340 343 0.742188
340 371 0.1875
341 344 0.78125
341 345 0.195312
341 368 0.0625
341 371 0.1875
342 345 0.78125
342 346 0.195312
342 439 0.125
343 346 0.703125
343 347 0.273438
344 347 0.820312
344 348 0.078125
344 364 0.25
344 367 0.0625
344 368 0.0625
345 348 0.78125
345 349 0.0390625
345 365 0.0625
345 368 0.4375
345 369 0.0625
345 431 0.125
345 434 0.5
345 435 0.5
345 438 0.0625
346 349 0.78125
346 350 0.0390625
346 435 0.0625
347 350 0.78125
347 351 0.078125
347 357 0.1875
347 364 0.875
347 367 0.0625
348 351 0.78125
348 352 0.078125
348 361 0.125
348 364 0.1875
348 431 0.0625
349 352 0.78125
349 353 0.15625
349 428 0.1875
349 432 0.0625
349 452 0.5
350 353 0.78125
350 354 0.664062
350 355 0.195312
350 357 0.1875
351 354 0.0390625
351 359 0.0625
351 360 0.125
351 361 0.0625
352 361 0.125
352 427 0.3125
352 428 0.0625
352 431 0.0625
357 364 0.117188
358 364 0.117188
359 364 0.234375
360 363 0.976562
360 364 0.117188
361 364 0.820312
361 365 0.078125
361 418 0.125
362 365 0.78125
362 366 0.195312
362 418 0.3125
363 366 0.703125
363 367 0.078125
364 367 0.820312
364 368 0.0390625
365 368 0.742188
365 369 0.117188
365 416 0.375
365 418 0.3125
365 430 0.4375
365 434 0.25
366 369 0.78125
366 370 0.15625
367 370 0.78125
367 371 0.15625
368 371 0.78125
368 372 0.078125
369 372 0.78125
369 373 0.15625
369 384 0.0625
369 385 0.1875
370 373 0.78125
370 374 0.078125
370 382 0.3125
370 385 0.1875
371 374 0.820312
371 375 0.078125
372 375 0.742188
372 376 0.078125
372 438 0.1875
373 376 0.742188
373 377 0.78125
373 378 0.273438
373 379 0.117188
373 380 0.117188
373 381 0.15625
373 384 0.25
374 377 0.0390625
376 440 0.0625
380 383 0.703125
380 384 0.078125
381 384 0.820312
381 385 0.15625
382 385 0.78125
382 386 0.0390625
383 386 0.78125
384 387 0.078125
384 416 0.6875
384 434 0.4375
385 417 0.1875
387 390 0.4375
387 415 1.0625
387 416 1.375
387 417 0.1875
388 415 0.125
390 415 0.1875
391 413 0.0625
391 415 0.0625
392 410 0.375
392 412 0.3125
392 413 0.125
392 414 0.125
393 410 0.3125
394 408 1.25
394 409 0.3125
394 410 0.125
395 406 0.125
395 407 1.375
395 408 0.1875
395 459 0.0625
396 407 0.4375
397 403 1.875
397 406 0.25
397 407 0.0625
400 403 0.5
403 406 0.4375
404 407 0.625
405 462 0.0625
408 411 0.125
408 459 0.5625
408 460 0.25
410 459 0.1875
411 457 0.375
412 429 0.25
412 457 0.125
414 426 0.0625
414 429 0.125
414 430 0.25
414 433 0.0625
415 430 0.4375
416 430 0.125
416 434 0.0625
417 430 0.25
418 427 0.0625
418 430 0.0625
418 431 0.125
419 422 0.125
419 427 0.0625
419 430 0.125
420 427 0.25
422 426 0.0390625
422 427 0.117188
422 430 0.0625
423 426 1.01562
423 427 0.117188
424 427 0.78125
424 428 0.078125
425 428 0.78125
425 429 0.078125
425 455 0.25
426 429 0.78125
426 430 0.078125
427 430 0.78125
427 431 0.117188
428 431 0.78125
428 432 0.15625
428 455 0.0625
429 432 0.78125
429 433 0.195312
429 455 0.6875
429 457 0.625
430 433 0.742188
430 434 0.078125
431 434 0.742188
431 435 0.078125
432 435 0.859375
432 436 0.078125
432 449 0.0625
432 453 0.125
433 436 0.820312
433 437 0.15625
434 437 0.820312
434 438 0.078125
435 438 0.78125
435 439 0.117188
435 445 0.125
435 449 0.3125
436 439 0.078125
436 445 0.0625
436 446 0.0625
436 456 0.375
436 458 0.1875
437 440 0.0390625
439 442 0.125
442 445 0.25
444 447 0.820312
444 448 0.117188
444 451 0.125
445 448 0.78125
445 449 0.234375
446 449 0.742188
446 450 0.078125
447 450 0.78125
447 451 0.859375
447 475 0.25
447 476 0.125
447 478 0.0625
448 451 0.820312
448 452 0.078125
448 512 0.1875
449 452 0.9375
449 453 0.859375
449 455 0.820312
450 453 0.742188
450 454 0.273438
450 455 0.078125
450 456 0.117188
450 472 0.0625
450 473 0.0625
450 476 0.0625
451 476 0.8125
451 510 0.0625
451 512 0.3125
451 513 1.3125
451 514 0.1875
452 514 0.0625
452 520 0.25
453 514 0.25
454 457 0.0625
460 471 0.25
461 471 0.125
463 471 0.1875
464 469 0.25
466 469 0.25
466 506 0.0625
468 503 0.25
468 505 0.25
468 507 0.0625
469 474 0.0625
469 475 0.0625
469 506 0.25
469 507 0.0625
470 473 1.3125
470 474 0.0625
473 476 0.8125
473 509 0.3125
473 514 0.125
473 515 0.3125
473 516 0.25
475 478 0.0625
475 506 1.8125
476 506 1.25
476 507 0.25
476 508 0.1875
476 509 0.5
476 514 0.0625
477 480 0.25
477 499 0.375
477 504 0.4375
477 505 0.25
477 506 0.1875
477 508 0.3125
477 510 0.1875
479 504 0.625
479 505 0.1875
479 506 0.25
480 485 0.0390625
480 492 0.1875
480 495 0.375
480 496 0.0625
480 499 0.0625
480 504 0.625
481 484 0.898438
481 485 0.0390625
482 485 0.78125
482 486 0.273438
483 486 0.78125
483 487 0.195312
484 487 0.742188
484 488 1.09375
484 489 0.0390625
484 492 0.1875
485 488 0.664062
485 489 0.117188
485 492 0.25
485 496 0.0625
485 504 0.3125
488 491 1.01562
488 492 0.117188
489 492 0.742188
489 493 0.46875
490 493 0.78125
490 494 0.078125
491 494 0.78125
491 495 0.078125
492 495 0.78125
492 496 0.0390625
493 496 0.78125
494 497 0.820312
494 498 0.0390625
495 498 0.898438
496 499 0.117188
496 502 0.3125
496 503 0.0625
499 502 0.0625
499 503 0.1875
499 504 0.0625
500 508 0.125
500 509 0.25
501 508 0.4375
503 508 0.3125
504 508 0.0625
505 508 0.25
509 513 0.0390625
509 514 0.117188
509 515 0.117188
510 513 0.117188
510 515 0.078125
511 515 0.078125
511 520 0.0625
512 520 0.125
513 520 0.3125
514 518 0.1875
514 519 1.1875
514 520 0.1875
515 518 0.0625
515 519 0.1875
515 520 0.25
