nresidues = 148
1 4 0.0625
1 5 0.0625
2 5 0.0625
2 50 0.6875
2 71 0.125
3 6 0.25
3 48 1.25
3 49 0.5
3 50 0.375
3 69 0.0625
3 70 0.8125
3 71 0.25
4 48 0.3125
6 10 0.0625
6 48 0.3125
6 49 0.125
6 70 0.3125
7 10 0.125
7 70 0.125
8 72 0.0625
8 77 0.0625
8 80 0.875
8 81 0.25
8 84 0.375
9 84 0.75
10 68 0.125
10 84 0.0625
11 48 0.0625
11 84 0.125
11 125 0.0625
12 46 0.3125
12 48 0.0625
12 53 0.125
12 55 0.0625
12 66 0.0625
12 68 0.0625
13 46 0.1875
13 48 0.0625
14 17 0.0625
14 44 0.3125
14 45 0.1875
14 55 0.1875
15 45 0.0625
16 19 1.125
17 20 0.0625
17 57 0.8125
18 41 1.25
18 42 0.0625
18 57 0.375
18 58 0.3125
18 59 0.3125
18 60 0.3125
18 61 0.0625
20 42 1.1875
20 43 1.25
21 43 1.0625
22 43 0.1875
22 44 0.0625
23 29 0.25
23 43 0.3125
23 45 0.0625
24 27 0.1875
24 54 0.3125
24 56 0.0625
25 54 0.0625
25 144 0.0625
26 51 0.0625
26 52 0.25
26 53 0.0625
26 54 0.1875
26 67 0.1875
26 141 0.125
26 144 0.4375
26 145 0.4375
27 67 0.0625
27 140 0.1875
28 31 0.898438
28 32 0.117188
29 32 0.78125
29 33 0.078125
29 40 0.0625
29 43 0.25
30 33 0.78125
30 34 0.117188
31 34 0.78125
31 35 0.390625
31 136 0.1875
31 137 0.125
31 140 0.25
32 35 0.820312
32 36 0.078125
33 36 0.742188
33 37 0.742188
33 38 0.117188
35 133 0.25
35 136 0.0625
36 64 0.625
36 126 0.25
36 127 0.0625
36 128 0.4375
36 133 0.25
36 137 0.0625
37 64 0.0625
38 58 0.25
38 64 0.5
38 127 0.3125
38 128 0.1875
39 58 0.25
39 64 0.0625
40 56 0.125
40 57 1.375
40 58 0.0625
40 64 0.0625
41 57 1.1875
41 58 0.375
42 56 1.1875
42 57 0.3125
43 55 1.25
43 56 0.1875
43 57 0.0625
44 53 0.0625
44 54 1.1875
44 55 0.125
45 53 1.3125
46 49 0.3125
46 52 1.25
46 53 0.0625
49 53 0.0625
49 68 0.125
49 69 0.0625
49 70 0.3125
50 71 0.0625
51 69 0.25
51 71 0.0625
51 145 0.125
53 67 1.25
54 66 1.1875
54 67 0.3125
55 63 0.125
55 65 1.25
55 66 0.0625
56 63 1.3125
56 64 1.375
56 65 0.3125
57 61 0.125
57 62 0.125
57 63 0.3125
58 64 0.0625
63 66 0.125
63 127 0.0625
64 126 1.3125
64 127 0.625
65 125 1.25
65 137 0.125
66 123 0.0625
66 124 1.3125
66 125 0.4375
67 123 1.1875
67 124 0.0625
68 121 0.0625
68 122 1.1875
68 123 0.1875
68 125 0.0625
69 121 1.25
69 145 0.0625
69 147 0.0625
70 119 0.0625
70 120 1.375
70 121 0.25
71 119 1.1875
71 120 0.0625
72 77 0.375
72 78 0.0625
72 81 0.125
72 119 0.3125
74 77 0.898438
74 78 0.078125
74 119 0.375
75 78 0.820312
75 79 0.195312
75 116 0.125
75 118 0.5
75 119 0.0625
76 79 0.78125
76 80 0.078125
77 80 1.01562
77 81 0.078125
78 81 0.78125
78 82 0.078125
78 116 0.0625
78 118 0.0625
78 119 0.1875
78 121 0.0625
79 82 0.78125
79 83 0.234375
79 116 0.1875
80 83 0.820312
80 84 0.078125
81 84 0.820312
81 85 0.078125
81 123 0.0625
82 85 0.820312
82 86 0.15625
82 102 0.0625
82 114 0.1875
82 115 0.25
82 116 0.125
83 86 0.78125
83 87 0.15625
83 88 0.0390625
84 87 0.078125
84 125 0.125
85 112 0.125
85 114 0.0625
85 123 0.0625
86 90 0.0625
86 91 0.4375
86 103 0.1875
87 90 1.5
87 91 0.3125
88 91 0.0625
90 105 0.0625
91 103 0.125
91 104 1.3125
91 105 0.0625
92 103 1.1875
92 104 0.8125
93 102 1.3125
93 103 0.0625
93 104 0.3125
94 101 1.1875
94 102 0.375
94 103 0.1875
94 104 0.0625
94 113 0.1875
94 115 0.125
95 100 0.25
95 101 0.5625
95 113 0.0625
96 100 0.0625
96 113 0.375
96 115 0.0625
96 135 0.0625
97 100 0.5625
97 142 0.125
99 117 0.1875
100 115 0.5625
100 116 1.5
100 117 0.6875
100 120 0.125
100 122 0.125
100 142 0.25
100 147 0.1875
101 114 1.0625
101 115 1.5625
101 116 0.375
102 114 1.25
103 113 1.1875
103 114 0.1875
104 112 1.25
104 113 0.0625
104 135 0.125
105 111 1.25
105 112 0.125
105 131 0.1875
106 110 1.1875
106 111 0.0625
106 129 1.25
107 110 0.3125
107 129 0.4375
108 129 0.125
110 126 1.25
110 127 0.0625
110 128 1.25
111 125 1.25
111 126 0.1875
111 128 0.125
111 131 0.0625
112 124 1.25
112 125 0.125
113 122 0.0625
113 123 1.1875
113 124 0.25
113 134 0.25
113 135 0.5625
113 138 0.125
114 122 1.1875
114 123 0.0625
115 121 1.25
115 122 0.1875
116 120 1.25
117 120 0.25
117 147 0.25
122 142 0.0625
124 134 0.1875
124 137 0.1875
124 138 0.125
128 133 0.3125
130 133 0.234375
131 134 0.78125
131 135 0.078125
132 135 0.78125
132 136 0.15625
133 136 0.78125
133 137 0.234375
134 137 0.820312
134 138 0.078125
135 138 0.78125
135 139 0.15625
136 139 0.78125
136 140 0.078125
137 140 0.78125
137 141 0.078125
138 141 0.78125
138 142 0.15625
139 142 0.78125
139 143 0.078125
140 143 0.78125
140 144 0.273438
141 144 0.78125
141 145 0.15625
142 145 0.703125
142 146 0.742188
142 147 0.0390625
143 146 0.0390625
