nresidues = 741
2 11 0.145615
2 12 2.9123
2 13 0.873689
3 10 0.436845
3 11 3.34914
3 347 0.582459
3 348 0.29123
3 350 0.582459
4 9 0.145615
4 10 2.9123
4 11 0.728074
4 13 0.145615
4 16 1.16492
5 9 2.76668
5 10 0.728074
6 9 0.873689
6 11 0.145615
6 35 0.436845
6 39 0.29123
7 10 0.582459
7 39 0.582459
8 39 0.582459
8 351 3.05791
8 352 0.582459
9 38 0.29123
9 39 0.29123
9 42 0.145615
9 349 0.145615
9 350 2.9123
9 357 0.145615
10 349 2.62107
10 350 0.873689
11 348 2.76668
11 349 0.728074
12 15 1.91119
12 16 0.182019
12 280 0.145615
12 348 0.29123
13 16 1.91119
13 17 1.27413
14 17 1.54716
14 18 0.182019
14 280 0.145615
14 284 0.582459
15 18 1.82019
15 19 0.364037
15 284 0.145615
15 348 0.145615
15 366 0.145615
16 19 1.54716
16 20 1.0011
16 35 0.873689
17 20 1.82019
17 21 0.364037
18 21 1.63817
18 22 2.73029
18 287 0.873689
18 288 0.436845
18 291 0.145615
19 22 1.63817
19 23 1.91119
19 24 0.364037
19 34 0.145615
19 35 0.582459
19 369 0.145615
20 24 0.182019
20 25 0.182019
20 35 0.29123
21 25 0.364037
22 25 0.273029
22 288 1.16492
22 291 0.436845
23 27 0.145615
23 369 0.145615
23 373 0.436845
24 27 1.31053
24 29 0.29123
24 31 0.29123
24 369 0.145615
25 373 0.29123
25 380 0.582459
26 376 0.145615
26 380 0.145615
27 373 0.29123
29 372 0.145615
29 419 0.728074
30 33 2.09321
30 34 0.0910093
31 35 0.182019
32 35 1.54716
32 36 0.182019
33 36 1.63817
33 37 0.0910093
34 37 1.82019
34 38 0.273029
34 366 0.436845
34 369 0.29123
34 418 0.29123
35 38 2.0022
35 39 0.182019
35 366 0.145615
36 39 1.91119
36 40 0.182019
37 40 1.82019
37 41 0.273029
37 418 0.436845
38 41 1.82019
38 42 0.273029
38 365 0.582459
39 42 1.72918
39 43 0.182019
40 43 1.91119
40 44 0.910093
40 414 0.29123
41 44 1.63817
41 45 0.273029
41 418 0.145615
42 45 1.54716
42 46 0.455045
43 47 0.182019
44 47 0.0910093
44 414 0.728074
45 48 1.72918
45 49 0.0910093
45 407 0.29123
45 411 0.29123
46 49 1.82019
46 50 0.182019
46 358 0.436845
47 50 1.82019
47 51 0.182019
48 51 1.82019
48 52 0.364037
48 407 0.728074
49 52 1.82019
49 53 0.182019
49 342 0.582459
49 358 2.62107
49 361 0.29123
49 407 0.29123
50 53 1.63817
50 54 0.637066
50 358 0.145615
51 54 1.91119
51 55 0.182019
52 55 1.82019
52 56 0.0910093
52 403 0.29123
52 404 0.436845
52 407 0.29123
53 56 2.18422
53 57 0.273029
53 342 0.145615
53 343 0.436845
54 57 1.82019
54 58 0.182019
55 58 1.82019
55 59 0.364037
55 436 0.145615
56 59 1.82019
56 60 0.182019
56 342 0.145615
56 398 0.145615
56 400 1.45615
56 404 1.45615
56 436 0.29123
56 706 0.29123
56 708 0.145615
57 60 1.82019
57 61 0.182019
58 61 1.72918
58 62 0.546056
59 62 1.82019
59 63 0.273029
59 87 0.436845
59 88 0.145615
59 436 0.582459
60 63 1.82019
60 64 0.910093
60 468 0.145615
60 469 0.29123
61 64 1.91119
61 65 0.182019
62 65 1.82019
62 66 0.182019
62 83 0.29123
62 87 0.29123
63 66 1.72918
63 67 0.273029
63 89 0.29123
63 469 0.145615
64 67 1.54716
64 68 0.364037
64 472 0.29123
65 68 1.82019
65 69 0.455045
66 69 1.72918
66 70 0.182019
66 75 0.145615
66 79 0.29123
66 80 0.582459
66 83 2.03861
67 70 0.182019
67 80 0.436845
67 472 0.582459
67 473 0.436845
68 472 0.29123
76 79 2.18422
76 80 0.182019
77 80 1.82019
77 81 0.182019
77 575 0.29123
77 578 0.145615
77 579 0.145615
78 81 1.72918
78 82 0.0910093
79 82 1.91119
79 83 0.182019
80 83 1.63817
80 84 0.455045
80 435 0.728074
80 578 0.29123
81 84 1.72918
81 85 0.182019
81 90 0.145615
81 575 0.582459
82 85 1.82019
82 86 0.182019
83 86 1.91119
83 87 0.728074
84 87 2.09321
84 88 1.63817
84 89 2.27523
84 90 0.364037
84 578 0.145615
85 88 0.0910093
85 90 0.546056
88 91 0.29123
89 435 0.873689
89 436 0.145615
89 440 0.145615
89 469 0.145615
90 439 0.436845
90 440 0.145615
91 402 0.29123
91 440 0.873689
93 442 0.582459
94 442 0.873689
94 446 0.145615
95 442 0.873689
96 442 0.873689
97 442 0.728074
97 445 0.29123
97 446 0.873689
97 501 0.145615
97 502 0.582459
98 502 3.20353
98 507 0.145615
99 445 0.145615
99 449 3.20353
99 452 0.145615
99 502 0.29123
99 503 0.29123
99 507 0.29123
99 508 0.145615
100 449 3.20353
100 450 0.29123
101 104 0.145615
101 427 0.29123
101 449 0.145615
101 450 0.728074
101 451 0.29123
101 452 0.436845
102 427 0.29123
103 389 0.728074
103 391 0.582459
103 393 0.145615
104 108 0.182019
104 109 0.182019
104 389 0.728074
104 393 0.436845
104 453 0.145615
105 108 1.82019
105 109 0.273029
105 334 0.29123
105 387 1.60176
105 388 1.16492
105 389 1.0193
105 393 0.873689
106 109 1.63817
106 110 1.82019
106 111 0.455045
107 111 0.273029
107 133 1.16492
107 265 0.728074
107 330 0.145615
107 334 0.145615
107 388 1.31053
107 509 0.145615
108 334 0.145615
108 336 0.582459
108 393 0.436845
108 453 0.145615
108 508 2.62107
108 509 0.873689
109 505 2.47545
109 506 3.05791
109 507 0.728074
111 235 0.145615
111 236 0.145615
111 265 0.145615
112 236 0.436845
112 537 2.9123
112 554 1.16492
113 537 0.145615
113 538 0.436845
113 554 1.74738
114 263 0.436845
114 264 2.76668
114 265 2.47545
114 266 0.145615
114 538 0.29123
114 539 2.9123
114 547 0.145615
114 550 0.145615
114 554 0.29123
115 266 3.78599
115 268 0.29123
115 509 0.582459
115 538 0.436845
115 539 0.582459
115 540 3.34914
115 541 0.29123
116 129 0.436845
116 132 0.145615
116 264 0.145615
116 267 3.49476
116 268 0.436845
116 541 3.05791
116 542 0.29123
116 543 0.29123
117 268 2.9123
117 514 0.29123
117 540 0.728074
118 125 0.436845
118 126 0.145615
118 129 0.436845
118 268 0.145615
118 269 2.9123
118 270 0.29123
118 274 0.145615
119 122 0.436845
119 269 0.145615
119 270 2.47545
119 274 0.436845
119 275 0.436845
120 269 0.29123
120 270 0.582459
120 271 0.873689
120 286 0.29123
120 289 0.436845
121 285 0.145615
121 286 0.145615
121 289 0.436845
122 125 2.82129
122 126 0.182019
122 289 0.145615
123 126 1.91119
123 127 0.364037
123 289 0.582459
124 127 1.63817
124 128 0.273029
124 311 0.29123
125 128 1.82019
125 129 0.182019
126 129 1.82019
126 130 0.182019
126 269 0.145615
127 130 1.82019
127 131 0.455045
127 298 0.873689
127 299 0.145615
127 311 0.29123
127 313 0.29123
128 131 1.91119
128 132 0.182019
128 311 0.873689
129 132 0.182019
129 267 0.436845
129 333 0.145615
130 313 0.145615
130 332 3.05791
130 333 0.29123
131 134 0.145615
131 312 0.436845
131 313 0.873689
131 314 1.60176
132 263 2.76668
132 264 2.9123
132 333 0.145615
132 544 0.29123
133 261 0.145615
133 262 3.9316
133 263 0.145615
133 264 0.29123
133 265 0.145615
133 330 0.582459
133 331 0.436845
133 332 1.60176
133 333 0.145615
134 237 0.29123
134 261 2.76668
134 263 0.145615
134 317 1.74738
134 329 0.29123
134 330 0.436845
134 331 0.29123
135 260 2.9123
135 261 0.29123
135 548 0.29123
136 139 2.09321
136 140 0.0910093
136 258 1.16492
136 259 2.9123
136 548 0.145615
137 140 1.63817
137 141 0.637066
137 174 0.145615
137 258 0.145615
137 259 0.29123
137 548 0.145615
138 141 1.91119
138 142 0.182019
138 167 0.29123
138 171 0.145615
138 248 0.145615
138 256 0.145615
138 257 0.582459
138 258 1.45615
138 259 0.145615
139 142 1.91119
139 143 0.0910093
140 143 1.54716
140 144 0.364037
140 545 0.145615
140 548 0.145615
140 549 0.29123
141 144 0.0910093
141 146 0.29123
141 147 0.29123
141 163 0.145615
141 167 0.436845
141 170 0.728074
141 549 0.145615
142 155 0.145615
142 158 0.145615
142 159 1.0193
142 160 0.29123
142 163 1.45615
142 167 0.29123
143 155 0.582459
144 147 0.145615
144 163 0.145615
144 521 0.582459
144 545 0.145615
144 549 0.145615
145 519 0.436845
145 520 0.145615
145 521 0.582459
145 522 0.436845
146 170 0.436845
146 521 0.145615
146 522 0.145615
146 549 0.145615
147 163 0.873689
147 166 0.145615
147 170 0.145615
148 153 0.145615
148 163 0.29123
149 153 0.145615
149 154 0.145615
149 155 0.436845
149 163 0.582459
151 154 0.728074
152 160 0.582459
152 162 0.145615
153 160 0.436845
153 163 1.0193
154 160 0.728074
159 164 0.273029
160 163 2.09321
160 164 0.0910093
161 164 1.82019
161 165 1.36514
161 251 0.145615
162 165 1.82019
162 166 0.273029
163 166 1.82019
163 167 0.273029
164 167 1.82019
164 168 0.364037
165 168 1.82019
165 169 0.182019
166 169 1.63817
166 170 0.0910093
167 170 1.82019
167 171 0.182019
168 171 1.82019
168 172 0.364037
168 252 0.145615
169 172 1.82019
169 173 0.182019
170 173 1.82019
170 174 0.182019
170 525 0.145615
171 174 2.0022
171 175 0.364037
172 175 1.82019
172 176 0.273029
172 186 0.728074
172 187 0.145615
172 252 1.16492
172 253 0.145615
172 254 0.145615
173 176 1.72918
173 177 0.637066
174 177 1.82019
174 178 0.637066
174 261 0.29123
174 552 0.436845
174 555 0.582459
175 178 1.82019
175 179 0.273029
175 186 0.436845
175 231 0.145615
175 240 0.29123
176 179 1.54716
176 180 0.182019
176 185 1.89299
176 186 0.436845
178 215 0.728074
178 233 0.728074
178 555 0.145615
179 186 0.29123
179 210 0.29123
179 215 1.0193
179 231 0.436845
180 210 3.05791
180 211 0.29123
180 215 0.145615
181 184 0.145615
181 185 0.29123
181 186 0.582459
181 201 0.145615
181 208 0.29123
181 209 2.9123
181 210 0.29123
181 211 0.145615
182 208 0.582459
182 209 0.29123
182 210 0.145615
183 203 0.145615
183 206 0.29123
183 208 0.582459
185 188 2.76668
186 189 0.436845
186 192 0.436845
187 253 0.145615
188 204 0.29123
188 253 0.145615
189 201 0.145615
189 202 2.9123
189 253 2.9123
189 254 0.145615
190 202 3.49476
190 253 0.582459
190 254 0.873689
191 201 3.05791
191 202 0.436845
192 200 2.62107
192 201 0.29123
192 224 0.145615
192 226 0.29123
192 242 0.145615
193 199 2.9123
193 200 0.582459
193 223 3.05791
193 224 0.29123
194 198 3.05791
194 199 0.145615
194 216 0.436845
194 219 0.29123
194 223 0.728074
195 198 0.29123
197 216 0.29123
197 322 0.582459
199 208 0.145615
199 209 0.145615
199 210 0.145615
199 216 0.29123
199 229 0.29123
200 208 3.20353
201 207 3.05791
201 208 0.436845
202 206 2.76668
202 207 0.145615
203 206 0.873689
210 213 0.29123
210 215 0.145615
210 216 0.145615
212 215 1.31053
213 216 0.29123
214 232 0.145615
215 231 3.20353
215 232 1.74738
215 233 0.582459
216 219 0.145615
216 230 3.05791
216 322 0.873689
217 230 3.34914
217 322 0.582459
217 327 0.29123
218 229 2.62107
218 230 0.582459
218 320 2.76668
219 223 0.29123
219 228 3.20353
219 319 2.76668
219 320 1.16492
219 321 0.145615
220 226 3.05791
220 227 3.34914
220 228 1.16492
220 318 0.145615
220 319 0.145615
221 225 2.47545
221 226 0.145615
221 227 0.145615
222 225 2.9123
222 226 0.582459
223 226 0.145615
226 242 0.29123
227 241 2.76668
227 242 0.873689
228 239 0.582459
228 240 2.9123
228 241 0.145615
229 238 0.145615
229 239 2.76668
229 240 0.582459
229 242 0.145615
230 238 3.05791
230 319 0.873689
230 327 0.145615
230 329 0.145615
231 237 3.20353
231 238 1.45615
232 236 3.05791
232 237 0.582459
232 238 0.436845
233 236 0.873689
233 555 1.45615
234 554 0.728074
234 555 0.728074
234 557 0.582459
234 558 0.582459
236 262 0.728074
236 265 0.145615
236 554 0.145615
236 555 0.582459
237 261 2.76668
237 262 1.0193
237 329 0.728074
238 259 0.145615
238 260 2.9123
238 555 0.29123
239 258 0.145615
239 259 3.05791
239 260 1.0193
239 317 0.728074
239 319 1.31053
240 256 0.29123
240 258 2.76668
241 256 3.20353
241 257 2.76668
241 258 0.436845
241 260 0.145615
242 254 0.145615
242 255 2.9123
243 246 0.728074
243 249 0.145615
243 255 2.9123
244 249 2.76668
244 250 0.436845
244 255 0.436845
246 249 1.82019
246 250 0.182019
246 257 0.582459
247 250 0.182019
247 251 0.0910093
248 251 2.0022
248 252 0.0910093
248 256 0.145615
248 257 0.145615
249 252 0.273029
249 255 0.29123
249 256 0.145615
252 255 1.0193
252 256 0.873689
261 548 0.145615
261 552 0.145615
262 265 0.29123
262 551 0.145615
263 547 0.873689
263 548 0.728074
264 333 0.436845
265 333 2.9123
266 333 0.29123
266 334 3.05791
266 336 0.145615
266 509 0.29123
267 333 0.436845
267 334 0.29123
267 335 2.9123
267 336 0.436845
268 336 3.05791
268 338 0.145615
268 395 0.145615
268 540 0.436845
269 290 0.145615
269 293 0.582459
269 335 0.29123
269 336 0.582459
269 337 2.9123
269 338 0.145615
270 273 0.145615
270 274 0.728074
270 275 0.29123
270 338 4.36845
271 275 0.436845
271 286 0.873689
271 287 0.436845
271 337 0.29123
271 338 2.9123
271 340 0.145615
271 363 0.145615
272 275 0.436845
272 338 0.873689
272 397 0.873689
272 398 0.873689
272 633 1.0193
273 398 0.728074
273 461 0.145615
273 607 0.145615
273 617 0.145615
273 632 3.78599
273 633 2.03861
274 616 2.47545
274 617 3.49476
274 618 0.436845
275 611 0.145615
275 616 0.145615
275 617 0.29123
275 633 0.145615
276 282 0.0910093
276 611 1.31053
276 615 0.582459
277 282 0.819082
277 346 0.145615
277 714 0.29123
278 282 0.273029
278 346 0.582459
278 611 0.29123
278 714 0.582459
278 717 0.436845
278 718 0.436845
279 282 2.54826
279 283 0.273029
279 346 0.29123
279 347 0.145615
279 721 0.29123
280 283 1.72918
280 284 0.273029
280 348 0.436845
281 284 1.72918
281 285 0.0910093
282 285 1.82019
282 721 0.436845
283 286 1.72918
283 287 0.910093
283 346 0.145615
283 359 0.728074
283 363 0.582459
284 287 1.91119
284 288 0.364037
285 288 1.82019
285 289 0.455045
286 289 1.82019
286 290 0.182019
287 290 1.82019
287 291 0.182019
287 362 0.145615
287 363 0.436845
287 366 1.0193
287 370 0.145615
288 291 1.82019
288 292 0.0910093
289 292 1.72918
289 293 0.364037
289 298 0.145615
290 293 1.82019
290 294 1.18312
290 336 0.582459
290 337 0.582459
290 367 0.582459
290 370 1.31053
291 294 1.91119
291 295 0.273029
291 370 0.29123
291 373 0.29123
292 295 1.91119
292 296 1.72918
292 297 1.82019
292 298 0.273029
293 298 0.182019
293 335 0.582459
294 370 0.145615
294 371 0.582459
294 373 3.20353
294 374 0.29123
294 384 0.145615
295 380 0.145615
295 382 3.34914
295 383 2.76668
295 384 0.582459
296 313 0.436845
296 384 0.582459
299 312 0.145615
313 332 0.145615
313 384 0.145615
314 332 0.582459
315 331 0.145615
316 328 0.145615
316 329 3.20353
316 330 1.0193
316 331 0.145615
316 332 0.436845
317 328 3.20353
317 329 0.728074
318 327 2.9123
318 328 0.582459
319 325 0.145615
319 326 2.76668
319 327 1.31053
319 329 0.145615
320 324 0.436845
320 325 3.05791
320 327 0.29123
321 324 0.145615
321 325 0.29123
321 327 0.436845
332 384 1.31053
332 385 0.145615
334 386 1.45615
334 393 0.436845
335 386 1.60176
335 393 0.145615
336 393 3.49476
336 395 0.145615
336 453 0.145615
336 454 0.436845
337 367 0.145615
337 393 0.29123
337 394 3.34914
337 395 0.29123
338 395 3.64037
338 397 0.145615
338 540 0.29123
339 363 1.60176
339 364 0.145615
339 367 0.728074
339 394 0.582459
339 395 0.145615
339 397 0.29123
340 359 1.0193
340 360 0.145615
340 363 0.29123
340 396 0.582459
341 359 2.47545
341 360 0.145615
341 396 0.582459
341 397 0.145615
342 358 0.29123
342 396 0.582459
342 404 0.436845
342 407 0.29123
342 408 0.29123
343 358 0.29123
343 708 0.145615
344 358 2.9123
344 710 1.0193
344 711 0.29123
344 714 0.436845
345 356 1.74738
345 357 3.05791
345 358 0.29123
346 349 0.145615
346 356 3.64037
346 357 0.145615
346 359 0.728074
346 362 0.145615
347 356 0.582459
347 718 0.436845
349 356 2.76668
349 357 1.0193
349 362 0.436845
350 354 0.29123
350 355 3.20353
350 356 0.145615
351 354 0.728074
351 355 1.31053
356 718 0.145615
357 362 0.0910093
358 361 1.72918
358 362 0.182019
359 362 1.91119
359 363 0.364037
360 363 1.72918
360 364 0.0910093
361 364 1.82019
361 365 0.182019
361 411 0.145615
362 365 1.82019
362 366 0.546056
363 366 1.72918
363 367 0.455045
364 367 1.54716
364 368 0.0910093
364 411 0.145615
364 415 0.436845
364 426 0.145615
365 368 1.54716
365 369 0.182019
365 415 0.29123
366 369 1.63817
366 370 0.273029
367 370 1.82019
367 371 0.182019
367 394 0.145615
368 371 1.82019
368 372 0.0910093
368 392 0.145615
368 419 0.436845
368 426 0.145615
369 372 0.364037
369 419 0.582459
370 373 0.364037
371 374 1.63817
371 375 0.0910093
371 392 0.436845
372 375 2.0022
373 376 0.0910093
373 384 0.145615
374 385 3.34914
374 386 2.76668
375 390 0.145615
376 382 0.145615
376 385 0.145615
377 382 2.9123
377 383 0.29123
377 385 0.29123
378 382 0.145615
387 390 0.29123
387 391 0.29123
387 393 0.582459
389 393 0.145615
390 425 0.145615
391 425 3.20353
391 427 0.728074
392 421 0.145615
392 425 0.436845
392 426 2.9123
392 427 0.728074
393 427 2.62107
394 426 0.145615
394 427 0.436845
394 428 2.9123
394 429 0.145615
395 429 3.20353
395 431 0.145615
395 454 0.436845
396 399 0.29123
396 408 0.145615
396 428 0.145615
396 429 0.29123
396 430 2.47545
396 431 0.145615
397 431 0.29123
397 433 0.873689
398 433 0.29123
398 434 1.0193
398 461 0.873689
398 708 1.0193
398 710 0.29123
399 404 0.455045
399 405 0.0910093
399 408 0.145615
399 428 0.145615
399 434 0.436845
399 437 0.582459
400 404 0.546056
400 434 1.31053
400 436 3.49476
400 437 0.582459
400 706 0.29123
400 708 0.582459
401 404 1.72918
401 405 0.0910093
401 436 0.145615
401 444 0.436845
402 405 1.91119
402 406 0.182019
402 443 0.582459
402 444 0.145615
402 447 0.145615
403 406 1.63817
403 407 0.182019
404 407 1.63817
404 408 0.273029
405 408 1.91119
405 444 0.582459
405 447 0.436845
405 448 0.145615
406 409 1.82019
406 410 0.182019
407 410 1.82019
407 411 0.182019
408 411 1.82019
408 412 0.637066
409 412 1.82019
409 413 0.182019
409 447 0.145615
409 448 0.145615
409 451 0.582459
410 413 1.82019
410 414 0.364037
411 414 1.72918
411 415 0.182019
412 415 1.63817
412 416 0.455045
412 426 0.436845
412 451 0.582459
413 416 1.72918
413 417 0.364037
413 423 1.45615
413 451 0.29123
414 417 1.82019
414 418 0.273029
415 418 1.91119
415 419 0.455045
415 426 0.0910093
416 419 1.91119
416 420 1.72918
416 421 0.0910093
416 422 0.273029
416 423 0.819082
416 424 0.364037
416 425 0.364037
416 426 0.455045
416 451 0.873689
417 420 0.0910093
417 423 0.182019
421 425 0.29123
422 425 1.0193
423 451 0.436845
424 427 0.582459
424 450 0.436845
424 451 1.0193
426 451 0.145615
427 451 3.20353
427 453 0.29123
428 451 1.0193
428 452 2.9123
428 453 2.9123
429 454 4.22283
430 444 0.145615
430 448 0.145615
430 452 0.29123
430 454 0.873689
430 455 2.76668
431 456 2.9123
431 458 0.145615
431 540 0.436845
432 437 0.145615
432 438 0.728074
432 441 0.145615
432 456 0.582459
432 457 2.9123
432 458 0.145615
432 491 1.16492
432 495 0.582459
433 457 0.145615
433 458 0.582459
433 461 3.78599
433 462 0.873689
434 437 1.82019
434 438 0.273029
434 462 0.436845
434 465 1.31053
434 637 0.582459
434 708 0.728074
435 438 1.82019
435 439 0.182019
435 462 1.31053
435 465 0.29123
435 466 0.436845
435 469 0.145615
435 578 0.582459
436 439 1.54716
436 440 0.273029
437 440 1.91119
437 441 0.182019
437 444 0.29123
438 441 0.182019
438 462 0.436845
438 491 0.436845
438 494 0.29123
438 577 0.145615
440 443 1.82019
440 444 0.182019
441 444 1.91119
441 445 0.364037
441 495 0.29123
441 498 0.29123
442 445 1.91119
442 446 0.182019
443 446 1.72918
443 447 0.182019
444 447 1.72918
444 448 0.0910093
445 448 1.72918
445 449 0.182019
445 498 0.145615
445 504 0.145615
446 449 0.182019
448 451 2.76668
448 452 0.582459
452 508 0.145615
453 508 3.20353
453 509 0.29123
454 504 0.29123
454 508 0.145615
454 509 3.49476
455 495 0.582459
455 498 0.145615
455 499 0.145615
455 504 0.436845
455 509 0.145615
455 510 2.9123
455 511 0.29123
456 511 4.65968
456 512 0.728074
456 540 0.582459
457 491 1.74738
457 492 0.873689
457 495 0.436845
457 511 0.145615
457 512 2.9123
457 513 0.145615
458 461 1.82019
458 462 0.182019
458 491 0.582459
459 462 2.09321
459 463 0.364037
459 491 0.145615
459 513 0.29123
459 514 0.29123
460 463 1.91119
460 634 0.29123
460 638 0.873689
461 464 1.72918
461 465 0.182019
461 634 0.29123
461 637 1.45615
462 465 1.63817
462 466 0.728074
462 487 1.60176
462 491 1.45615
463 466 2.09321
463 467 0.364037
463 482 0.145615
463 487 0.582459
463 638 0.29123
464 467 1.82019
464 468 0.182019
464 637 0.582459
465 468 1.91119
465 469 0.637066
465 637 0.436845
465 706 0.145615
466 469 1.54716
466 470 0.0910093
466 487 1.60176
466 580 0.145615
466 581 0.728074
467 470 1.63817
467 471 0.182019
467 476 0.29123
467 482 0.145615
467 641 0.145615
468 471 0.182019
468 641 0.873689
468 702 0.145615
468 704 0.29123
468 705 0.29123
468 706 1.60176
468 707 0.436845
470 473 0.29123
470 476 0.436845
470 580 0.728074
471 641 0.29123
471 644 0.145615
471 645 1.0193
471 649 0.582459
472 648 1.31053
472 649 0.29123
473 649 0.436845
474 645 0.436845
474 649 1.74738
475 582 3.05791
475 645 0.582459
475 649 0.436845
475 651 0.29123
476 580 0.145615
476 581 2.9123
476 582 0.29123
476 583 0.145615
476 588 0.29123
476 642 0.145615
476 645 0.582459
476 646 0.145615
477 481 0.273029
477 482 0.273029
477 485 0.728074
477 581 0.582459
477 582 0.436845
477 583 0.145615
477 642 0.145615
478 481 2.09321
478 482 0.0910093
478 588 0.582459
478 592 1.60176
478 595 0.145615
478 596 1.0193
478 646 0.145615
479 482 0.273029
479 596 0.29123
479 599 0.29123
479 600 0.582459
479 603 0.145615
479 638 0.29123
479 639 0.29123
480 483 0.273029
481 484 1.82019
481 485 0.273029
482 485 0.364037
482 487 0.0910093
482 488 0.0910093
482 581 0.145615
483 488 0.182019
483 489 0.0910093
484 488 0.0910093
484 489 0.0910093
485 488 1.72918
485 489 0.273029
485 581 0.436845
486 489 1.54716
486 490 0.182019
486 576 0.145615
487 490 1.91119
487 491 0.182019
487 576 0.145615
487 577 0.145615
487 579 0.436845
487 581 0.873689
488 491 2.09321
488 492 0.273029
489 492 1.63817
489 493 0.364037
490 493 1.82019
490 494 0.182019
490 572 0.145615
490 576 0.436845
490 577 0.436845
491 494 1.72918
491 495 0.182019
491 577 0.145615
492 495 1.63817
492 496 0.0910093
492 512 1.31053
493 496 1.82019
493 497 0.364037
493 571 0.582459
494 497 1.72918
494 498 0.0910093
494 572 0.145615
494 577 0.436845
495 498 1.72918
496 499 1.72918
496 500 0.455045
496 512 0.29123
496 534 0.29123
496 571 0.29123
497 500 1.72918
497 501 0.182019
497 569 0.582459
497 570 0.582459
497 571 1.16492
498 501 1.82019
498 502 0.182019
499 502 1.82019
499 503 1.72918
499 504 1.0011
500 503 0.0910093
500 505 0.0910093
500 563 0.436845
500 566 0.145615
503 507 1.0193
504 507 3.20353
504 508 1.60176
504 509 0.436845
504 510 0.436845
505 563 0.582459
509 537 0.29123
509 538 0.29123
510 536 2.9123
510 537 2.47545
510 538 0.145615
511 538 2.9123
512 531 0.728074
512 536 0.145615
512 539 2.76668
512 540 0.436845
513 528 0.145615
513 531 0.145615
513 539 2.47545
513 540 0.582459
514 540 3.64037
514 541 0.728074
514 542 0.29123
515 520 0.436845
515 521 0.29123
515 523 1.0193
515 524 1.74738
515 527 0.29123
515 542 0.29123
516 629 2.76668
516 630 0.582459
516 631 0.29123
517 520 0.873689
517 521 0.145615
517 628 2.47545
517 629 0.29123
518 521 0.582459
518 628 0.145615
519 627 0.145615
519 628 0.436845
520 523 1.91119
520 524 0.0910093
521 524 1.91119
521 525 0.273029
521 546 0.145615
521 549 0.436845
522 525 1.82019
522 526 0.182019
523 526 1.82019
523 527 0.455045
524 527 1.91119
524 528 0.455045
524 546 0.145615
524 549 0.29123
524 553 0.29123
525 549 0.145615
525 553 1.0193
526 529 0.0910093
527 530 0.182019
527 553 0.145615
528 531 0.819082
528 532 0.0910093
528 539 0.145615
528 540 0.29123
528 541 0.145615
528 550 1.89299
528 553 1.31053
529 532 1.82019
529 533 0.728074
529 553 0.728074
529 556 0.145615
529 557 0.145615
530 533 2.0022
530 534 0.182019
531 534 1.82019
531 535 1.54716
531 536 0.182019
531 539 0.29123
532 535 1.72918
532 536 0.182019
532 557 0.436845
532 559 0.145615
533 557 0.145615
533 562 0.29123
534 562 0.145615
534 566 0.145615
535 562 0.145615
535 563 0.582459
536 559 0.436845
537 554 0.145615
537 559 0.145615
538 554 0.436845
539 550 0.145615
539 554 0.145615
541 546 0.29123
541 547 0.29123
541 550 0.29123
542 630 0.145615
543 546 1.91119
543 547 0.182019
544 547 1.91119
544 548 0.0910093
545 548 1.82019
545 549 0.182019
546 549 1.72918
546 550 0.182019
547 550 1.91119
547 551 0.182019
548 551 1.82019
549 552 0.364037
550 553 0.455045
550 554 0.728074
551 554 1.72918
551 555 0.0910093
552 555 1.82019
552 556 0.546056
553 556 2.18422
553 557 0.273029
554 557 0.364037
554 559 0.145615
558 561 1.82019
558 562 0.182019
559 562 1.82019
559 563 0.364037
560 563 1.82019
560 564 0.273029
561 564 2.0022
561 565 0.0910093
562 565 1.72918
562 566 0.364037
563 566 1.82019
565 569 0.145615
566 569 0.582459
566 571 0.436845
571 576 0.0910093
572 576 0.364037
573 576 2.36623
573 577 0.273029
574 577 1.91119
574 578 0.546056
575 578 1.63817
575 579 0.182019
576 579 0.182019
583 588 0.29123
584 587 0.29123
588 592 0.182019
588 593 0.0910093
588 646 1.0193
588 651 0.145615
589 592 1.72918
589 593 0.182019
590 593 1.72918
590 594 0.0910093
591 594 1.82019
591 595 0.182019
592 595 1.63817
592 596 0.182019
593 596 1.91119
593 597 0.364037
593 646 0.145615
593 651 0.145615
593 652 0.145615
594 597 1.91119
594 598 0.819082
594 663 1.89299
595 598 1.91119
595 599 0.182019
596 599 1.91119
596 600 0.819082
596 642 0.145615
596 646 0.582459
597 600 1.72918
597 601 0.273029
597 652 0.145615
597 660 0.728074
598 601 1.82019
598 602 0.182019
598 624 0.582459
598 660 0.582459
598 663 0.436845
598 664 0.145615
599 602 1.72918
599 603 0.182019
599 624 0.145615
600 603 1.82019
600 604 0.364037
600 639 0.436845
600 642 0.145615
600 643 0.436845
601 604 1.91119
601 605 0.364037
601 643 0.145615
601 660 0.582459
601 661 0.29123
602 605 1.72918
602 606 0.0910093
602 622 0.436845
602 623 1.16492
602 624 0.145615
602 664 0.29123
602 668 0.145615
602 671 0.145615
603 606 1.54716
603 607 0.0910093
603 631 0.145615
604 607 1.54716
604 608 0.273029
604 636 0.29123
604 639 0.436845
604 640 0.29123
604 694 0.145615
604 698 0.29123
605 608 1.63817
605 609 0.273029
605 661 0.582459
605 664 0.436845
605 665 0.145615
605 681 0.145615
605 694 0.145615
606 609 0.273029
606 610 0.182019
606 668 0.145615
607 610 1.82019
607 611 0.546056
607 617 1.0193
607 631 0.145615
607 632 1.31053
607 633 0.29123
607 636 0.29123
608 611 1.91119
608 612 0.364037
608 636 0.145615
608 690 0.145615
608 693 0.145615
608 697 0.145615
609 612 1.54716
609 613 0.455045
609 678 0.436845
609 681 0.29123
609 690 0.145615
610 613 1.54716
610 614 1.82019
610 615 1.54716
610 616 2.0022
610 619 0.728074
610 620 0.436845
610 672 0.436845
611 614 1.72918
611 615 1.72918
611 616 0.364037
611 617 0.182019
611 713 1.0193
611 714 0.29123
611 717 1.0193
612 716 0.29123
612 717 1.16492
612 720 1.0193
613 679 0.145615
613 690 0.145615
613 717 0.582459
613 720 2.47545
614 717 1.0193
615 717 0.436845
616 619 0.145615
617 632 0.29123
618 631 0.145615
619 629 0.145615
619 630 0.582459
620 629 2.9123
621 628 2.9123
621 629 1.0193
622 626 0.436845
622 627 2.9123
622 628 0.145615
622 671 0.728074
623 626 0.728074
623 627 1.45615
623 671 0.582459
624 664 0.145615
625 671 0.145615
626 671 0.728074
631 635 0.637066
632 635 1.82019
633 636 2.0022
633 637 0.182019
633 709 0.436845
633 710 1.31053
633 713 0.145615
634 637 1.82019
634 638 0.364037
635 638 1.82019
635 639 0.273029
636 639 1.82019
636 640 0.364037
636 709 0.29123
636 713 0.145615
637 640 1.82019
637 641 0.273029
637 706 0.582459
637 707 0.29123
637 708 1.0193
638 641 1.91119
638 642 0.182019
639 642 1.82019
639 643 0.273029
640 643 1.54716
640 644 0.182019
640 697 0.145615
641 644 2.0022
641 645 0.182019
641 701 0.728074
641 707 1.16492
642 645 1.82019
642 646 0.182019
643 646 1.82019
643 647 0.182019
643 698 0.29123
644 647 1.82019
644 648 0.182019
644 698 0.29123
645 648 1.82019
645 649 0.364037
646 649 1.72918
646 650 1.63817
646 651 2.18422
646 652 0.0910093
647 653 0.273029
647 654 0.0910093
647 657 0.145615
647 699 0.145615
652 656 0.364037
652 657 0.0910093
653 656 2.27523
653 657 0.0910093
654 657 1.72918
654 658 0.0910093
655 658 1.63817
655 659 0.182019
656 659 1.82019
656 660 0.182019
657 660 1.82019
657 661 0.273029
657 698 0.29123
658 661 1.91119
658 662 0.819082
658 685 0.145615
658 686 0.873689
658 691 0.436845
658 695 0.582459
659 662 1.91119
659 663 1.0011
660 663 2.18422
660 664 0.273029
661 664 1.72918
661 665 0.182019
661 691 0.582459
661 695 0.29123
662 665 0.0910093
662 666 0.0910093
662 685 1.45615
663 666 0.273029
664 667 1.91119
664 668 0.182019
665 668 1.82019
665 669 0.455045
665 681 0.436845
665 685 0.145615
666 669 1.91119
666 670 0.182019
666 682 0.29123
667 670 1.91119
667 671 0.273029
668 671 2.0022
668 672 0.546056
668 678 0.145615
669 672 0.364037
669 678 1.45615
669 680 1.60176
669 681 0.436845
669 682 0.29123
680 684 0.145615
681 684 3.20353
681 685 0.29123
681 688 0.436845
682 685 0.29123
684 687 2.47545
685 688 0.29123
685 691 0.873689
686 692 0.582459
688 691 2.09321
688 692 0.364037
689 692 1.91119
689 693 0.182019
689 716 0.29123
689 719 1.16492
689 720 0.145615
690 693 1.91119
690 694 0.182019
691 694 1.82019
691 695 0.182019
692 695 1.91119
692 696 0.182019
692 716 1.0193
693 696 1.82019
693 697 0.364037
693 716 0.436845
694 697 1.63817
694 698 0.273029
695 698 1.82019
695 699 0.455045
696 699 1.82019
696 700 2.0022
696 712 0.728074
696 715 0.29123
696 716 0.728074
697 700 1.54716
697 701 0.0910093
697 709 0.145615
697 712 0.436845
698 701 0.0910093
700 703 2.9123
700 704 0.29123
701 704 0.29123
704 707 0.145615
704 708 0.436845
704 711 0.29123
704 712 0.728074
705 708 0.582459
708 711 0.0910093
709 712 1.54716
709 713 0.455045
710 713 1.91119
710 714 0.364037
711 714 1.82019
711 715 0.273029
712 715 2.0022
712 716 0.273029
713 716 1.63817
713 717 0.182019
714 717 1.82019
714 718 0.364037
715 718 1.82019
715 719 0.182019
716 719 2.09321
716 720 0.182019
717 720 1.91119
717 721 0.364037
718 721 1.82019
718 722 0.182019
719 722 1.82019
719 723 0.273029
720 723 1.63817
720 724 0.0910093
721 724 1.54716
722 725 0.182019
723 726 0.273029
