L	Ls	nvertices	F_L	F_L_constrained	rho_sum	nloops	regions
 22	  0	  0	           0	           0	           0	 0	[(0, 22)]
 23	  0	  0	           0	           0	           0	 0	[(0, 23)]
 24	  0	  0	           0	           0	           0	 0	[(0, 24)]
 25	  0	  0	           0	           0	           0	 0	[(0, 25)]
 26	  0	  0	           0	           0	           0	 0	[(0, 26)]
 27	  0	  0	           0	           0	           0	 0	[(0, 27)]
 28	  0	  0	           0	           0	           0	 0	[(0, 28)]
 29	  0	  0	           0	           0	           0	 0	[(0, 29)]
 30	  0	  0	           0	           0	           0	 0	[(0, 30)]
 31	  0	  0	           0	           0	           0	 0	[(0, 31)]
 32	  0	  0	           0	           0	           0	 0	[(0, 32)]
 33	  0	  2	           0	     4.34695	    0.251737	 1	[(0, 33)]
 34	  0	  5	           0	     4.56432	    0.434345	 1	[(0, 34)]
 35	  0	  7	           0	     6.15493	     4.04105	 1	[(0, 35)]
 36	  0	 10	           0	     6.22206	     6.87172	 1	[(0, 36)]
 37	  0	 12	           0	     6.62575	     8.68689	 1	[(0, 37)]
 38	  0	 13	           0	     5.48068	     10.5027	 1	[(0, 38)]
 39	  0	 14	           0	     6.19022	     10.8454	 1	[(0, 39)]
 40	  0	 14	           0	     6.19022	     10.8454	 1	[(0, 40)]
 41	  0	 14	           0	     6.19022	     10.8454	 1	[(0, 41)]
 42	  0	 14	           0	     6.19022	     10.8454	 1	[(0, 42)]
 43	  0	 14	           0	     6.19022	     10.8454	 1	[(0, 43)]
 44	  0	 14	           0	     6.19022	     10.8454	 1	[(0, 44)]
 45	  0	 14	           0	     6.19022	     10.8454	 1	[(0, 45)]
 46	  0	 14	           0	     6.19022	     10.8454	 1	[(0, 46)]
 47	  0	 16	           0	     5.93153	     11.0925	 1	[(0, 47)]
 48	  0	 18	           0	     5.93778	     11.1076	 1	[(0, 48)]
 49	  0	 19	           0	      5.9501	      11.096	 1	[(0, 49)]
 50	 35	  8	           0	     5.93813	     0.25669	 1	[(35, 50)]
 51	 35	 10	           0	     9.52644	     4.81752	 1	[(35, 51)]
 52	 35	 12	           0	     9.99154	     5.99986	 1	[(35, 52)]
 53	 35	 14	           0	     10.1205	     7.47965	 1	[(35, 53)]
 54	 35	 16	           0	     9.89639	     9.41921	 1	[(35, 54)]
 55	  0	 27	           0	     7.91085	     18.8679	 2	[(0, 55)]
 56	  0	 28	           0	     8.41019	     19.3606	 2	[(0, 56)]
 57	  0	 28	           0	     8.41019	     19.3606	 2	[(0, 57)]
 58	  0	 29	           0	     8.23934	     19.5204	 2	[(0, 58)]
 59	  0	 29	           0	     8.23934	     19.5204	 2	[(0, 59)]
 60	  0	 29	           0	     8.23934	     19.5204	 2	[(0, 60)]
 61	  0	 29	           0	     8.23934	     19.5204	 2	[(0, 61)]
 62	  0	 29	           0	     8.23934	     19.5204	 2	[(0, 62)]
 63	  0	 29	           0	     8.23934	     19.5204	 2	[(0, 63)]
 64	  0	 29	           0	     8.23934	     19.5204	 2	[(0, 64)]
 65	  0	 29	           0	     8.23934	     19.5204	 2	[(0, 65)]
 66	  0	 29	           0	     8.23934	     19.5204	 2	[(0, 66)]
 67	 53	  5	           0	     7.69783	    0.611227	 2	[(53, 67)]
 68	 53	  8	           0	     11.1766	      3.8658	 3	[(53, 68)]
 69	 53	 10	           0	     8.26406	     7.42632	 2	[(53, 69)]
 70	 53	 12	           0	     8.16792	      9.5532	 2	[(53, 70)]
 71	 53	 14	           0	     5.02986	     11.5706	 2	[(53, 71)]
 72	 53	 16	           0	     3.81432	     12.7712	 1	[(53, 72)]
 73	 53	 17	           0	     2.46416	     15.8051	 1	[(53, 73)]
 74	 53	 20	           0	      3.7788	     17.8575	 1	[(53, 74)]
 75	 53	 21	           0	     3.89806	     18.7166	 1	[(53, 75)]
 76	 53	 21	           0	     3.89806	     18.7166	 1	[(53, 76)]
 77	 67	  2	           0	     3.65902	    0.461346	 1	[(67, 77)]
 78	 53	 23	           0	     2.71383	     20.6593	 2	[(53, 78)]
 79	 53	 24	           0	    0.644165	     21.7082	 2	[(53, 79)]
 80	 53	 25	    -1.45069	    -1.45069	     22.7236	 2	[(53, 80)]
 81	 53	 26	    -3.72216	    -3.72216	     23.7229	 2	[(53, 81)]
 82	 53	 27	    -5.21241	    -5.21241	     24.6822	 2	[(53, 82)]
 83	 53	 28	    -7.62402	    -7.62402	     25.7061	 2	[(53, 83)]
 84	 53	 29	    -8.80046	    -8.80046	      26.658	 2	[(53, 84)]
 85	 53	 30	    -10.3963	    -10.3963	      27.731	 2	[(53, 85)]
 86	 53	 30	    -10.3963	    -10.3963	      27.731	 2	[(53, 86)]
 87	 53	 30	    -10.3963	    -10.3963	      27.731	 2	[(53, 87)]
 88	 53	 30	    -10.3963	    -10.3963	      27.731	 2	[(53, 88)]
 89	 53	 30	    -10.3963	    -10.3963	      27.731	 2	[(53, 89)]
 90	 53	 30	    -10.3963	    -10.3963	      27.731	 2	[(53, 90)]
 91	 53	 30	    -10.3963	    -10.3963	      27.731	 2	[(53, 91)]
 92	 53	 33	    -10.6536	    -10.6536	     27.9891	 2	[(53, 92)]
 93	 53	 34	    -10.6536	    -10.6481	     27.9917	 2	[(53, 93)]
 94	 53	 35	    -10.6536	     -10.636	     27.9806	 2	[(53, 94)]
 95	 53	 35	    -10.6536	     -10.636	     27.9806	 2	[(53, 95)]
 96	 53	 36	    -10.9344	    -10.9344	     28.2513	 2	[(53, 96)]
 97	 53	 37	    -10.9344	     -10.863	     28.2293	 2	[(53, 97)]
 98	 53	 39	    -10.9344	    -10.7037	      28.053	 2	[(53, 98)]
 99	 53	 40	    -10.9344	   -0.407686	     33.2379	 3	[(53, 99)]
100	 53	 41	    -10.9344	    -0.65222	     33.5734	 3	[(53, 100)]
101	 53	 42	    -10.9344	    -1.29245	     35.1957	 3	[(53, 101)]
102	 53	 43	    -10.9344	    -1.61167	     36.1795	 3	[(53, 102)]
103	 53	 44	    -10.9344	     -1.0635	      36.392	 3	[(53, 103)]
104	 53	 44	    -10.9344	     -1.0635	      36.392	 3	[(53, 104)]
105	 53	 44	    -10.9344	     -1.0635	      36.392	 3	[(53, 105)]
106	 53	 44	    -10.9344	     -1.0635	      36.392	 3	[(53, 106)]
107	 53	 44	    -10.9344	     -1.0635	      36.392	 3	[(53, 107)]
108	 53	 46	    -10.9344	     -1.3274	     36.6487	 3	[(53, 108)]
109	 53	 46	    -10.9344	     -1.3274	     36.6487	 3	[(53, 109)]
110	 53	 46	    -10.9344	     -1.3274	     36.6487	 3	[(53, 110)]
111	 53	 47	    -10.9344	      -1.521	      36.839	 3	[(53, 111)]
112	 53	 48	    -10.9344	    -1.96209	      37.269	 3	[(53, 112)]
113	 53	 49	    -10.9344	    -1.74837	     37.1409	 3	[(53, 113)]
114	 53	 50	    -10.9344	    -1.77128	     37.1882	 3	[(53, 114)]
115	 53	 51	    -10.9344	    -1.72429	       37.11	 3	[(53, 115)]
116	 53	 52	    -10.9344	    -1.71436	     37.0896	 3	[(53, 116)]
117	 53	 53	    -10.9344	     -1.7391	     37.1131	 3	[(53, 117)]
118	 53	 53	    -10.9344	     -1.7391	     37.1131	 3	[(53, 118)]
119	 53	 53	    -10.9344	     -1.7391	     37.1131	 3	[(53, 119)]
120	 53	 53	    -10.9344	     -1.7391	     37.1131	 3	[(53, 120)]
121	 53	 53	    -10.9344	     -1.7391	     37.1131	 3	[(53, 121)]
122	 53	 55	    -10.9344	    -1.99779	     37.3601	 3	[(53, 122)]
123	 53	 57	    -10.9344	    -1.96853	     37.3301	 3	[(53, 123)]
124	 25	 87	    -10.9344	     4.71408	     61.1208	 7	[(25, 124)]
125	109	  7	    -10.9344	     6.52342	     3.99855	 1	[(109, 125)]
126	  0	 92	    -10.9344	     1.88229	     71.2013	 7	[(0, 126)]
127	  0	 93	    -10.9344	    -5.19374	     72.7759	 7	[(0, 127)]
128	  0	 94	    -14.6624	    -14.6624	     73.8075	 7	[(0, 128)]
129	  0	 95	    -20.2887	    -20.2887	     75.0153	 7	[(0, 129)]
130	  0	 96	    -29.9057	    -29.9057	     76.4623	 7	[(0, 130)]
131	  0	 98	    -34.2416	    -34.2416	     78.4286	 7	[(0, 131)]
132	  0	100	    -36.4137	    -36.4137	     79.6726	 7	[(0, 132)]
133	  0	101	    -36.7779	    -36.7779	     80.4673	 7	[(0, 133)]
134	  0	101	    -36.7779	    -36.7779	     80.4673	 7	[(0, 134)]
135	  0	101	    -36.7779	    -36.7779	     80.4673	 7	[(0, 135)]
136	  0	101	    -36.7779	    -36.7779	     80.4673	 7	[(0, 136)]
137	  0	101	    -36.7779	    -36.7779	     80.4673	 7	[(0, 137)]
138	  0	101	    -36.7779	    -36.7779	     80.4673	 7	[(0, 138)]
139	  0	101	    -36.7779	    -36.7779	     80.4673	 7	[(0, 139)]
140	  0	105	    -36.7779	    -32.7564	     80.7481	 8	[(0, 140)]
141	  0	107	    -36.7779	    -34.5548	     80.7434	 8	[(0, 141)]
142	  0	109	    -36.7779	    -31.9945	     86.1964	 7	[(0, 142)]
143	  0	110	    -36.7779	    -32.4252	     86.5537	 7	[(0, 143)]
144	  0	111	    -36.7779	    -32.9092	     87.6491	 7	[(0, 144)]
145	  0	112	    -36.7779	    -33.1103	     88.7397	 7	[(0, 145)]
146	  0	113	    -36.7779	    -33.4723	     89.7508	 7	[(0, 146)]
147	  0	114	    -36.7779	    -34.2645	     90.8562	 7	[(0, 147)]
148	  0	115	    -36.7779	    -34.4973	     91.7885	 7	[(0, 148)]
149	  0	116	    -36.7779	    -34.7575	     92.6561	 7	[(0, 149)]
150	  0	117	    -36.7779	    -35.2482	     93.6013	 7	[(0, 150)]
151	  0	118	    -36.7779	    -34.6599	     93.6563	 7	[(0, 151)]
152	  0	119	    -36.7779	    -34.4347	     93.3426	 7	[(0, 152)]
153	  0	120	    -36.7779	     -34.387	     93.1804	 7	[(0, 153)]
154	  0	120	    -36.7779	     -34.387	     93.1804	 7	[(0, 154)]
155	  0	120	    -36.7779	     -34.387	     93.1804	 7	[(0, 155)]
156	  0	121	    -36.7779	    -30.2023	     93.3523	 8	[(0, 156)]
157	  0	123	    -36.7779	    -31.9274	     93.3069	 8	[(0, 157)]
158	  0	125	    -36.7779	    -29.6001	     99.8394	 7	[(0, 158)]
159	  0	126	    -36.7779	    -30.0864	     99.4996	 7	[(0, 159)]
160	  0	127	    -36.7779	    -30.6354	     101.314	 7	[(0, 160)]
161	  0	128	    -36.7779	    -30.8686	     102.352	 7	[(0, 161)]
162	  0	129	    -36.7779	    -31.0174	     103.257	 7	[(0, 162)]
163	  0	131	    -36.7779	    -31.6741	     104.545	 7	[(0, 163)]
164	  0	132	    -36.7779	    -31.9806	     105.543	 7	[(0, 164)]
165	  0	133	    -36.7779	    -32.6702	     106.645	 7	[(0, 165)]
166	  0	135	    -36.7779	    -33.0592	     107.449	 7	[(0, 166)]
167	  0	136	    -36.7779	    -33.8385	     108.573	 7	[(0, 167)]
168	  0	137	    -36.7779	    -34.3562	     109.528	 7	[(0, 168)]
169	  0	138	    -36.7779	    -34.6908	     110.448	 7	[(0, 169)]
170	  0	140	    -36.7779	    -31.9647	     111.441	 8	[(0, 170)]
171	  0	141	    -36.7779	    -32.4654	     112.509	 8	[(0, 171)]
172	  0	142	    -36.7779	    -32.8591	     113.504	 8	[(0, 172)]
173	  0	143	    -36.7779	    -33.3434	     114.524	 8	[(0, 173)]
174	  0	144	    -36.7779	    -34.0627	     115.591	 8	[(0, 174)]
175	  0	145	    -36.7779	    -34.1352	     116.362	 8	[(0, 175)]
176	  0	146	    -36.7779	    -34.8562	     117.379	 8	[(0, 176)]
177	  0	147	    -36.7779	    -34.1794	     117.373	 8	[(0, 177)]
178	  0	148	    -36.7779	    -33.8991	     117.052	 8	[(0, 178)]
179	  0	148	    -36.7779	    -33.8991	     117.052	 8	[(0, 179)]
180	  0	148	    -36.7779	    -33.8991	     117.052	 8	[(0, 180)]
181	  0	149	    -36.7779	    -34.0543	     117.209	 8	[(0, 181)]
182	  0	149	    -36.7779	    -34.0543	     117.209	 8	[(0, 182)]
183	  0	150	    -38.6321	    -38.6321	     118.965	 8	[(0, 183)]
184	  0	151	    -38.6321	    -38.4144	     119.413	 8	[(0, 184)]
185	  0	154	    -38.6321	    -36.8535	     121.844	 8	[(0, 185)]
186	  0	155	    -38.6321	    -33.1557	     123.132	 9	[(0, 186)]
187	  0	157	    -38.6321	    -35.6757	     125.308	 8	[(0, 187)]
188	  0	158	     -39.667	     -39.667	     127.483	 8	[(0, 188)]
189	  0	158	     -39.667	     -39.667	     127.483	 8	[(0, 189)]
190	  0	159	    -39.8382	    -39.8382	     127.642	 8	[(0, 190)]
191	  0	159	    -39.8382	    -39.8382	     127.642	 8	[(0, 191)]
192	  0	161	    -39.8382	     -35.499	      129.56	 9	[(0, 192)]
193	  0	162	    -39.8382	    -37.3633	     130.736	 9	[(0, 193)]
194	  0	163	    -39.8382	    -39.6103	     131.767	 9	[(0, 194)]
195	  0	164	    -43.1854	    -43.1854	     133.121	 9	[(0, 195)]
196	  0	165	     -48.546	     -48.546	     136.032	 9	[(0, 196)]
197	  0	166	    -54.4882	    -54.4882	     139.163	 9	[(0, 197)]
198	  0	167	    -54.7373	    -54.7373	     140.111	 9	[(0, 198)]
199	  0	168	    -55.0896	    -55.0896	     141.328	 9	[(0, 199)]
200	  0	169	    -55.7006	    -55.7006	     142.826	 9	[(0, 200)]
201	  0	170	    -55.7006	     -55.063	     142.746	 9	[(0, 201)]
202	  0	172	    -55.7006	    -50.3914	      145.69	10	[(0, 202)]
203	  0	173	    -55.7006	    -52.2855	     148.517	10	[(0, 203)]
204	  0	174	    -55.7006	    -55.4158	     150.023	10	[(0, 204)]
205	  0	175	    -56.6708	    -56.6708	     151.069	10	[(0, 205)]
206	  0	176	    -56.6708	    -55.9736	     151.394	10	[(0, 206)]
207	  0	176	    -56.6708	    -55.9736	     151.394	10	[(0, 207)]
208	  0	176	    -56.6708	    -55.9736	     151.394	10	[(0, 208)]
209	  0	176	    -56.6708	    -55.9736	     151.394	10	[(0, 209)]
210	  0	178	    -56.6708	    -55.6881	     151.485	10	[(0, 210)]
211	  0	178	    -56.6708	    -55.6881	     151.485	10	[(0, 211)]
212	  0	179	    -56.6708	    -55.9633	     151.769	10	[(0, 212)]
213	  0	179	    -56.6708	    -55.9633	     151.769	10	[(0, 213)]
214	  0	179	    -56.6708	    -55.9633	     151.769	10	[(0, 214)]
215	  0	179	    -56.6708	    -55.9633	     151.769	10	[(0, 215)]
216	  0	181	    -56.8709	    -56.8709	     152.746	10	[(0, 216)]
217	  0	182	    -56.8709	    -56.6669	     152.892	10	[(0, 217)]
218	  0	183	    -56.8709	    -56.5055	     152.767	10	[(0, 218)]
219	  0	183	    -56.8709	    -56.5055	     152.767	10	[(0, 219)]
220	  0	183	    -56.8709	    -56.5055	     152.767	10	[(0, 220)]
221	  0	184	    -58.0935	    -58.0935	     155.469	10	[(0, 221)]
222	  0	186	    -58.0935	    -50.4028	     156.137	11	[(0, 222)]
223	  0	186	    -58.0935	    -50.4028	     156.137	11	[(0, 223)]
224	  0	186	    -58.0935	    -50.4028	     156.137	11	[(0, 224)]
225	  0	186	    -58.0935	    -50.4028	     156.137	11	[(0, 225)]
226	  0	188	    -58.0935	    -45.5745	      156.44	12	[(0, 226)]
227	  0	190	    -58.0935	    -46.9555	     155.963	12	[(0, 227)]
228	  0	192	    -58.0935	     -46.533	     161.773	11	[(0, 228)]
229	  0	193	    -58.0935	    -46.6141	     163.043	11	[(0, 229)]
230	  0	194	    -58.0935	     -46.038	     162.843	11	[(0, 230)]
231	  0	196	    -58.0935	    -45.6615	     162.279	11	[(0, 231)]
232	  0	196	    -58.0935	    -45.6615	     162.279	11	[(0, 232)]
233	  0	197	    -58.0935	    -40.4117	     168.535	12	[(0, 233)]
234	  0	198	    -58.0935	    -40.0473	     168.718	12	[(0, 234)]
235	  0	199	    -58.0935	    -40.0284	     168.995	12	[(0, 235)]
236	  0	199	    -58.0935	    -40.0284	     168.995	12	[(0, 236)]
237	  0	200	    -58.0935	    -38.0644	     169.389	13	[(0, 237)]
238	  0	201	    -58.0935	    -40.9003	     171.573	13	[(0, 238)]
239	  0	203	    -58.0935	    -41.1012	     173.109	12	[(0, 239)]
240	  0	204	    -58.0935	     -43.445	     175.218	12	[(0, 240)]
241	  0	205	    -58.0935	    -44.9196	     176.393	12	[(0, 241)]
242	  0	206	    -58.0935	    -45.9552	     177.409	12	[(0, 242)]
243	  0	207	    -58.0935	    -46.2113	     178.213	12	[(0, 243)]
244	  0	209	    -58.0935	    -46.1504	     179.521	12	[(0, 244)]
245	  0	210	    -58.0935	     -46.982	     180.548	12	[(0, 245)]
246	  0	211	    -58.0935	    -47.9868	     181.634	12	[(0, 246)]
247	  0	212	    -58.0935	    -48.2791	     182.511	12	[(0, 247)]
248	  0	213	    -58.0935	    -49.2795	      183.58	12	[(0, 248)]
249	  0	214	    -58.0935	    -50.0789	     184.577	12	[(0, 249)]
250	  0	215	    -58.0935	    -50.7903	     185.754	12	[(0, 250)]
251	  0	216	    -58.0935	    -51.3154	     186.699	12	[(0, 251)]
252	  0	217	    -58.0935	    -51.8115	     187.639	12	[(0, 252)]
253	  0	218	    -58.0935	    -51.2968	     187.921	12	[(0, 253)]
254	  0	219	    -58.0935	    -51.0417	     187.881	12	[(0, 254)]
255	  0	220	    -58.0935	    -50.9673	     187.657	12	[(0, 255)]
256	  0	221	    -58.0935	    -50.9662	     187.535	12	[(0, 256)]
257	  0	222	    -58.0935	    -50.9649	     187.612	12	[(0, 257)]
258	  0	224	    -58.0935	    -49.2828	     187.693	12	[(0, 258)]
259	  0	225	    -58.0935	    -49.2996	     187.683	12	[(0, 259)]
260	  0	225	    -58.0935	    -49.2996	     187.683	12	[(0, 260)]
261	  0	226	    -58.0935	    -43.0498	     187.829	13	[(0, 261)]
262	  0	226	    -58.0935	    -43.0498	     187.829	13	[(0, 262)]
263	  0	228	    -58.0935	      -40.95	      187.95	14	[(0, 263)]
264	  0	229	    -58.0935	    -40.6593	     187.919	14	[(0, 264)]
265	  0	231	    -58.0935	    -38.8224	     193.597	13	[(0, 265)]
266	  0	232	    -58.0935	    -39.0943	     193.543	13	[(0, 266)]
267	  0	233	    -58.0935	    -39.3536	     194.651	13	[(0, 267)]
268	  0	234	    -58.0935	    -40.0975	     196.027	13	[(0, 268)]
269	  0	235	    -58.0935	     -40.585	     196.997	13	[(0, 269)]
270	  0	236	    -58.0935	    -41.1459	     198.023	13	[(0, 270)]
271	  0	237	    -58.0935	    -41.5078	     199.033	13	[(0, 271)]
272	  0	238	    -58.0935	    -42.0183	     200.041	13	[(0, 272)]
273	  0	239	    -58.0935	    -41.5408	     200.375	13	[(0, 273)]
274	  0	240	    -58.0935	     -41.168	     199.926	13	[(0, 274)]
275	  0	240	    -58.0935	     -41.168	     199.926	13	[(0, 275)]
276	  0	240	    -58.0935	     -41.168	     199.926	13	[(0, 276)]
277	  0	240	    -58.0935	     -41.168	     199.926	13	[(0, 277)]
278	  0	240	    -58.0935	     -41.168	     199.926	13	[(0, 278)]
279	  0	243	    -58.0935	    -37.0446	     199.954	14	[(0, 279)]
280	  0	245	    -58.0935	    -38.8004	     200.094	14	[(0, 280)]
281	  0	247	    -58.0935	    -36.5017	     205.284	13	[(0, 281)]
282	  0	248	    -58.0935	     -37.044	     205.502	13	[(0, 282)]
283	  0	249	    -58.0935	    -38.7922	     207.277	13	[(0, 283)]
284	  0	250	    -58.0935	    -39.5887	     208.329	13	[(0, 284)]
285	  0	251	    -58.0935	    -38.9045	     208.596	13	[(0, 285)]
286	  0	251	    -58.0935	    -38.9045	     208.596	13	[(0, 286)]
287	  0	252	    -58.0935	    -40.3058	      209.51	13	[(0, 287)]
288	  0	252	    -58.0935	    -40.3058	      209.51	13	[(0, 288)]
289	  0	252	    -58.0935	    -40.3058	      209.51	13	[(0, 289)]
290	  0	253	    -58.0935	    -40.4717	     209.671	13	[(0, 290)]
291	  0	253	    -58.0935	    -40.4717	     209.671	13	[(0, 291)]
292	  0	255	    -58.0935	    -40.7724	     209.993	13	[(0, 292)]
293	  0	256	    -58.0935	     -40.686	     209.937	13	[(0, 293)]
294	  0	257	    -58.0935	    -40.6431	     209.957	13	[(0, 294)]
295	  0	258	    -58.0935	    -40.6847	     210.142	13	[(0, 295)]
296	  0	259	    -58.0935	    -40.6726	     209.952	13	[(0, 296)]
297	  0	260	    -58.0935	    -43.2918	      211.96	13	[(0, 297)]
298	  0	261	    -58.0935	    -35.5974	      214.12	14	[(0, 298)]
299	  0	261	    -58.0935	    -35.5974	      214.12	14	[(0, 299)]
300	  0	262	    -58.0935	    -33.7211	      214.33	15	[(0, 300)]
301	  0	262	    -58.0935	    -33.7211	      214.33	15	[(0, 301)]
302	  0	264	    -58.0935	    -32.5918	     214.276	15	[(0, 302)]
303	  0	265	    -58.0935	    -32.3943	     217.791	15	[(0, 303)]
304	  0	267	    -58.0935	    -32.5727	     218.941	14	[(0, 304)]
305	  0	268	    -58.0935	     -32.047	     220.209	14	[(0, 305)]
306	  0	268	    -58.0935	     -32.047	     220.209	14	[(0, 306)]
307	  0	268	    -58.0935	     -32.047	     220.209	14	[(0, 307)]
308	  0	269	    -58.0935	    -27.3877	      219.85	15	[(0, 308)]
309	  0	269	    -58.0935	    -27.3877	      219.85	15	[(0, 309)]
310	  0	269	    -58.0935	    -27.3877	      219.85	15	[(0, 310)]
311	  0	269	    -58.0935	    -27.3877	      219.85	15	[(0, 311)]
312	  0	271	    -58.0935	    -23.0093	     219.567	16	[(0, 312)]
313	  0	273	    -58.0935	    -24.4802	     219.418	16	[(0, 313)]
314	  0	275	    -58.0935	    -27.2187	     219.911	15	[(0, 314)]
315	  0	276	    -58.0935	     -23.016	     226.083	15	[(0, 315)]
316	  0	277	    -58.0935	    -23.6811	     227.078	15	[(0, 316)]
317	  0	278	    -58.0935	     -24.826	     228.215	15	[(0, 317)]
318	  0	279	    -58.0935	      -25.19	     229.016	15	[(0, 318)]
319	  0	280	    -58.0935	    -26.4244	      230.14	15	[(0, 319)]
320	  0	281	    -58.0935	    -27.6067	     231.133	15	[(0, 320)]
321	  0	282	    -58.0935	     -27.404	     231.755	15	[(0, 321)]
322	  0	283	    -58.0935	    -29.8981	     234.324	15	[(0, 322)]
323	  0	284	    -58.0935	    -29.4639	     234.811	15	[(0, 323)]
324	  0	285	    -58.0935	     -29.197	     235.147	15	[(0, 324)]
325	  0	285	    -58.0935	     -29.197	     235.147	15	[(0, 325)]
326	  0	286	    -58.0935	    -30.5967	     236.945	15	[(0, 326)]
327	  0	287	    -58.0935	     -37.201	     238.533	15	[(0, 327)]
328	  0	288	    -58.0935	    -31.0577	     239.129	16	[(0, 328)]
329	  0	288	    -58.0935	    -31.0577	     239.129	16	[(0, 329)]
330	  0	289	    -58.0935	    -29.4074	     239.588	17	[(0, 330)]
331	  0	289	    -58.0935	    -29.4074	     239.588	17	[(0, 331)]
332	  0	291	    -58.0935	    -28.5247	     241.108	17	[(0, 332)]
333	  0	292	    -58.0935	    -29.5015	     242.938	17	[(0, 333)]
334	  0	294	    -58.0935	    -31.1186	     245.084	16	[(0, 334)]
335	  0	295	    -58.0935	    -31.4395	     245.993	16	[(0, 335)]
336	  0	296	    -58.0935	     -31.498	     246.749	16	[(0, 336)]
337	  0	297	    -58.0935	     -30.918	     246.606	16	[(0, 337)]
338	  0	298	    -58.0935	    -31.5797	     247.542	16	[(0, 338)]
339	  0	299	    -58.0935	    -35.5875	     249.845	16	[(0, 339)]
340	  0	300	    -58.0935	    -35.3669	       250.8	16	[(0, 340)]
341	  0	301	    -58.0935	    -35.0282	     251.244	16	[(0, 341)]
342	  0	302	    -58.0935	    -37.2147	     252.616	16	[(0, 342)]
343	  0	303	    -58.0935	     -41.123	      254.13	16	[(0, 343)]
344	  0	304	    -58.0935	    -40.3879	     254.501	16	[(0, 344)]
345	  0	304	    -58.0935	    -40.3879	     254.501	16	[(0, 345)]
346	  0	304	    -58.0935	    -40.3879	     254.501	16	[(0, 346)]
347	  0	305	    -58.0935	    -40.6449	     254.767	16	[(0, 347)]
348	  0	307	    -58.0935	    -40.0735	     254.631	16	[(0, 348)]
349	  0	309	    -58.0935	     -38.416	     255.019	16	[(0, 349)]
350	  0	310	    -58.0935	    -38.4762	     255.154	16	[(0, 350)]
351	  0	311	    -58.0935	    -38.4315	      255.08	16	[(0, 351)]
352	  0	312	    -58.0935	    -38.4313	     255.096	16	[(0, 352)]
353	  0	313	    -58.0935	    -37.1196	     260.431	16	[(0, 353)]
354	  0	314	    -58.0935	    -36.5973	     260.961	16	[(0, 354)]
355	  0	315	    -58.0935	     -36.095	     260.558	16	[(0, 355)]
356	  0	316	    -58.0935	     -36.121	      260.68	16	[(0, 356)]
357	  0	317	    -58.0935	    -36.0666	     260.396	16	[(0, 357)]
358	  0	318	    -58.0935	    -36.2501	     260.691	16	[(0, 358)]
359	  0	319	    -58.0935	    -36.1845	     260.686	16	[(0, 359)]
360	  0	320	    -58.0935	    -36.2274	     260.769	16	[(0, 360)]
361	  0	321	    -58.0935	    -28.4082	      260.78	17	[(0, 361)]
362	  0	321	    -58.0935	    -28.4082	      260.78	17	[(0, 362)]
363	  0	321	    -58.0935	    -28.4082	      260.78	17	[(0, 363)]
364	  0	322	    -58.0935	    -25.4566	      261.59	18	[(0, 364)]
365	  0	324	    -58.0935	     -28.832	     263.399	18	[(0, 365)]
366	  0	326	    -58.0935	    -29.2829	     266.109	17	[(0, 366)]
367	  0	327	    -58.0935	    -28.7436	     266.662	17	[(0, 367)]
368	  0	328	    -58.0935	    -28.3708	     266.352	17	[(0, 368)]
369	  0	329	    -58.0935	    -29.0457	     268.077	17	[(0, 369)]
370	  0	330	    -58.0935	    -28.6518	     267.698	17	[(0, 370)]
371	  0	330	    -58.0935	    -28.6518	     267.698	17	[(0, 371)]
372	  0	331	    -58.0935	    -29.1982	     268.715	17	[(0, 372)]
373	  0	332	    -58.0935	     -29.019	     268.421	17	[(0, 373)]
374	  0	334	    -58.0935	    -28.5329	     267.197	17	[(0, 374)]
375	  0	335	    -58.0935	    -28.5895	     267.099	17	[(0, 375)]
376	  0	336	    -58.0935	    -28.9475	     273.982	17	[(0, 376)]
377	  0	337	    -58.0935	    -21.7566	     274.498	18	[(0, 377)]
378	  0	338	    -58.0935	    -21.1872	     274.353	18	[(0, 378)]
379	  0	338	    -58.0935	    -21.1872	     274.353	18	[(0, 379)]
380	  0	339	    -58.0935	    -18.7842	     274.674	19	[(0, 380)]
381	  0	340	    -58.0935	    -18.4957	     274.715	19	[(0, 381)]
382	  0	342	    -58.0935	    -21.1238	     274.252	18	[(0, 382)]
383	  0	343	    -58.0935	     -18.017	     279.812	18	[(0, 383)]
384	  0	343	    -58.0935	     -18.017	     279.812	18	[(0, 384)]
385	  0	343	    -58.0935	     -18.017	     279.812	18	[(0, 385)]
386	  0	343	    -58.0935	     -18.017	     279.812	18	[(0, 386)]
387	  0	343	    -58.0935	     -18.017	     279.812	18	[(0, 387)]
388	  0	343	    -58.0935	     -18.017	     279.812	18	[(0, 388)]
389	  0	343	    -58.0935	     -18.017	     279.812	18	[(0, 389)]
390	  0	343	    -58.0935	     -18.017	     279.812	18	[(0, 390)]
391	  0	343	    -58.0935	     -18.017	     279.812	18	[(0, 391)]
392	  0	343	    -58.0935	     -18.017	     279.812	18	[(0, 392)]
393	  0	343	    -58.0935	     -18.017	     279.812	18	[(0, 393)]
394	  0	343	    -58.0935	     -18.017	     279.812	18	[(0, 394)]
395	  0	343	    -58.0935	     -18.017	     279.812	18	[(0, 395)]
396	  0	343	    -58.0935	     -18.017	     279.812	18	[(0, 396)]
397	  0	343	    -58.0935	     -18.017	     279.812	18	[(0, 397)]
398	  0	343	    -58.0935	     -18.017	     279.812	18	[(0, 398)]
399	  0	343	    -58.0935	     -18.017	     279.812	18	[(0, 399)]
400	  0	343	    -58.0935	     -18.017	     279.812	18	[(0, 400)]
401	  0	343	    -58.0935	     -18.017	     279.812	18	[(0, 401)]
402	  0	343	    -58.0935	     -18.017	     279.812	18	[(0, 402)]
403	  0	343	    -58.0935	     -18.017	     279.812	18	[(0, 403)]
404	  0	343	    -58.0935	     -18.017	     279.812	18	[(0, 404)]
405	  0	343	    -58.0935	     -18.017	     279.812	18	[(0, 405)]
406	  0	343	    -58.0935	     -18.017	     279.812	18	[(0, 406)]
407	  0	343	    -58.0935	     -18.017	     279.812	18	[(0, 407)]
408	  0	343	    -58.0935	     -18.017	     279.812	18	[(0, 408)]
409	  0	343	    -58.0935	     -18.017	     279.812	18	[(0, 409)]
410	  0	343	    -58.0935	     -18.017	     279.812	18	[(0, 410)]
411	  0	343	    -58.0935	     -18.017	     279.812	18	[(0, 411)]
412	  0	343	    -58.0935	     -18.017	     279.812	18	[(0, 412)]
413	  0	343	    -58.0935	     -18.017	     279.812	18	[(0, 413)]
414	  0	343	    -58.0935	     -18.017	     279.812	18	[(0, 414)]
415	  0	343	    -58.0935	     -18.017	     279.812	18	[(0, 415)]
416	  0	343	    -58.0935	     -18.017	     279.812	18	[(0, 416)]
417	  0	343	    -58.0935	     -18.017	     279.812	18	[(0, 417)]
418	  0	343	    -58.0935	     -18.017	     279.812	18	[(0, 418)]
419	  0	343	    -58.0935	     -18.017	     279.812	18	[(0, 419)]
420	  0	343	    -58.0935	     -18.017	     279.812	18	[(0, 420)]
