L	Ls	nvertices	F_L	F_L_constrained	rho_sum	nloops	regions
  2	  0	  0	           0	           0	           0	 0	[(0, 2)]
  3	  0	  0	           0	           0	           0	 0	[(0, 3)]
  4	  0	  0	           0	           0	           0	 0	[(0, 4)]
  5	  0	  0	           0	           0	           0	 0	[(0, 5)]
  6	  0	  0	           0	           0	           0	 0	[(0, 6)]
  7	  0	  0	           0	           0	           0	 0	[(0, 7)]
  8	  0	  0	           0	           0	           0	 0	[(0, 8)]
  9	  0	  0	           0	           0	           0	 0	[(0, 9)]
 10	  0	  0	           0	           0	           0	 0	[(0, 10)]
 11	  0	  0	           0	           0	           0	 0	[(0, 11)]
 12	  0	  4	   -0.387009	   -0.387009	    0.382039	 0	[(0, 12)]
 13	  0	  4	   -0.387009	   -0.387009	    0.382039	 0	[(0, 13)]
 14	  0	  4	   -0.387009	   -0.387009	    0.382039	 0	[(0, 14)]
 15	  0	  5	   -0.387009	     3.48162	    0.509437	 1	[(0, 15)]
 16	 12	  4	   -0.387009	     2.25615	    0.274325	 1	[(12, 16)]
 17	 12	  5	   -0.387009	     2.39502	    0.256333	 1	[(12, 17)]
 18	 12	  6	   -0.387009	     2.24796	    0.261034	 1	[(12, 18)]
 19	 12	  6	   -0.387009	     2.24796	    0.261034	 1	[(12, 19)]
 20	 12	  6	   -0.387009	     2.24796	    0.261034	 1	[(12, 20)]
 21	 12	  7	   -0.387009	     2.12048	    0.381724	 1	[(12, 21)]
 22	 12	  8	   -0.387009	     2.12294	    0.390555	 1	[(12, 22)]
 23	 12	  9	   -0.387009	     2.13368	    0.378945	 1	[(12, 23)]
 24	 12	  9	   -0.387009	     2.13368	    0.378945	 1	[(12, 24)]
 25	 12	 10	   -0.387009	     2.00619	    0.499285	 1	[(12, 25)]
 26	 12	 11	   -0.387009	     8.22793	    0.528709	 2	[(12, 26)]
 27	 12	 11	   -0.387009	     8.22793	    0.528709	 2	[(12, 27)]
 28	 12	 13	   -0.387009	      8.2852	     0.64559	 2	[(12, 28)]
 29	 12	 13	   -0.387009	      8.2852	     0.64559	 2	[(12, 29)]
 30	 26	  3	   -0.387009	     3.90549	    0.288857	 1	[(26, 30)]
 31	 26	  5	   -0.387009	     2.37174	    0.267419	 1	[(26, 31)]
 32	 26	  7	   -0.387009	     5.20119	     5.71531	 0	[(26, 32)]
 33	 26	  8	   -0.387009	     4.92553	     6.11017	 0	[(26, 33)]
 34	 26	  9	   -0.387009	     4.67307	     6.65015	 0	[(26, 34)]
 35	 26	 10	   -0.387009	     4.43056	     7.88702	 0	[(26, 35)]
 36	 26	 11	   -0.387009	     4.29805	     8.94885	 0	[(26, 36)]
 37	 26	 12	   -0.387009	     4.16699	     9.92221	 0	[(26, 37)]
 38	 26	 13	   -0.387009	     3.98603	      10.909	 0	[(26, 38)]
 39	 26	 14	   -0.387009	     3.88522	     11.8805	 0	[(26, 39)]
 40	 26	 15	   -0.387009	     3.78881	     12.8498	 0	[(26, 40)]
 41	 26	 16	   -0.387009	     3.56266	     13.9022	 0	[(26, 41)]
 42	 26	 17	   -0.387009	     3.18305	     15.0122	 0	[(26, 42)]
 43	 26	 18	   -0.387009	     3.23603	     15.8455	 0	[(26, 43)]
 44	 26	 19	   -0.387009	      3.1352	     16.7719	 0	[(26, 44)]
 45	 26	 20	   -0.387009	     3.14886	     17.6142	 0	[(26, 45)]
 46	 26	 21	   -0.387009	     3.17209	     18.5924	 0	[(26, 46)]
 47	 26	 22	   -0.387009	     3.05542	      19.681	 0	[(26, 47)]
 48	 26	 23	   -0.387009	     2.99043	     20.7199	 0	[(26, 48)]
 49	 26	 24	   -0.387009	     2.78295	     21.8124	 0	[(26, 49)]
 50	 26	 25	   -0.387009	     2.60571	     22.8206	 0	[(26, 50)]
 51	 26	 26	   -0.387009	     2.36434	     23.8559	 0	[(26, 51)]
 52	 26	 27	   -0.387009	     2.03231	     24.8978	 0	[(26, 52)]
 53	 26	 28	   -0.387009	     1.89642	      25.834	 0	[(26, 53)]
 54	 26	 29	   -0.387009	     1.70693	     26.7988	 0	[(26, 54)]
 55	 26	 30	   -0.387009	     1.71561	     27.5384	 0	[(26, 55)]
 56	 26	 31	   -0.387009	     1.42884	     28.4567	 0	[(26, 56)]
 57	 26	 31	   -0.387009	     1.42884	     28.4567	 0	[(26, 57)]
 58	 26	 32	   -0.387009	     3.30347	     28.6595	 1	[(26, 58)]
 59	 26	 32	   -0.387009	     3.30347	     28.6595	 1	[(26, 59)]
 60	 26	 32	   -0.387009	     3.30347	     28.6595	 1	[(26, 60)]
 61	 26	 32	   -0.387009	     3.30347	     28.6595	 1	[(26, 61)]
 62	 58	  3	   -0.387009	     3.90791	    0.284475	 1	[(58, 62)]
 63	 58	  5	   -0.387009	   -0.249249	    0.271955	 0	[(58, 63)]
 64	 58	  7	   -0.387009	     4.32002	     5.28487	 0	[(58, 64)]
 65	 58	  8	   -0.387009	     4.29704	     5.74808	 0	[(58, 65)]
 66	 58	  9	   -0.387009	     4.15936	     6.19788	 0	[(58, 66)]
 67	 58	 10	   -0.387009	      3.8787	     7.83337	 0	[(58, 67)]
 68	 58	 11	   -0.387009	     3.88928	     8.75925	 0	[(58, 68)]
 69	 58	 12	   -0.387009	     3.52878	     9.87597	 0	[(58, 69)]
 70	 58	 13	   -0.387009	     3.25852	     10.8879	 0	[(58, 70)]
 71	 58	 14	   -0.387009	     3.14705	     11.8487	 0	[(58, 71)]
 72	 58	 15	   -0.387009	     3.07827	     12.7269	 0	[(58, 72)]
 73	 58	 16	   -0.387009	     2.85041	     13.7608	 0	[(58, 73)]
 74	 58	 17	   -0.387009	     3.39088	     13.6209	 0	[(58, 74)]
 75	 58	 17	   -0.387009	     3.39088	     13.6209	 0	[(58, 75)]
 76	 58	 17	   -0.387009	     3.39088	     13.6209	 0	[(58, 76)]
 77	 58	 18	   -0.387009	      2.3785	     15.0945	 0	[(58, 77)]
 78	 58	 19	   -0.387009	     2.70864	     15.0377	 0	[(58, 78)]
 79	 58	 21	   -0.387009	     3.10672	     14.3842	 0	[(58, 79)]
 80	 58	 21	   -0.387009	     3.10672	     14.3842	 0	[(58, 80)]
 81	 58	 21	   -0.387009	     3.10672	     14.3842	 0	[(58, 81)]
 82	 58	 21	   -0.387009	     3.10672	     14.3842	 0	[(58, 82)]
 83	 80	  2	   -0.387009	     3.70262	    0.328027	 1	[(80, 83)]
 84	 80	  4	   -0.387009	     2.24814	    0.300986	 1	[(80, 84)]
 85	 80	  6	   -0.387009	     4.29539	     5.16529	 0	[(80, 85)]
 86	 80	  7	   -0.387009	     4.23198	     5.68775	 0	[(80, 86)]
 87	 80	  8	   -0.387009	      4.1643	     6.20414	 0	[(80, 87)]
 88	 80	  9	   -0.387009	     4.18643	     7.54285	 0	[(80, 88)]
 89	 80	 10	   -0.387009	      3.7043	      8.8683	 0	[(80, 89)]
 90	 80	 11	   -0.387009	     3.42428	     9.88599	 0	[(80, 90)]
 91	 80	 12	   -0.387009	     3.15332	     10.8828	 0	[(80, 91)]
 92	 80	 13	   -0.387009	     2.92681	     11.8131	 0	[(80, 92)]
 93	 80	 14	   -0.387009	     2.79571	     12.7372	 0	[(80, 93)]
 94	 80	 15	   -0.387009	     2.68005	     13.6734	 0	[(80, 94)]
 95	 80	 16	   -0.387009	     2.57669	     14.6256	 0	[(80, 95)]
 96	 80	 17	   -0.387009	     2.54821	     15.5561	 0	[(80, 96)]
 97	 80	 18	   -0.387009	      2.5312	     16.4952	 0	[(80, 97)]
 98	 80	 19	   -0.387009	     2.40085	     17.5507	 0	[(80, 98)]
 99	 80	 20	   -0.387009	     2.32331	     18.5654	 0	[(80, 99)]
100	 80	 21	   -0.387009	     2.36015	     19.4635	 0	[(80, 100)]
101	 80	 22	   -0.387009	     2.22617	     20.5061	 0	[(80, 101)]
102	 80	 23	   -0.387009	     2.76007	     19.9084	 0	[(80, 102)]
103	 80	 23	   -0.387009	     2.76007	     19.9084	 0	[(80, 103)]
104	 80	 23	   -0.387009	     2.76007	     19.9084	 0	[(80, 104)]
105	 80	 24	   -0.387009	     2.61167	     20.1163	 0	[(80, 105)]
106	 80	 24	   -0.387009	     2.61167	     20.1163	 0	[(80, 106)]
107	 80	 24	   -0.387009	     2.61167	     20.1163	 0	[(80, 107)]
108	 80	 25	   -0.387009	     2.47686	     20.2531	 0	[(80, 108)]
109	 80	 25	   -0.387009	     2.47686	     20.2531	 0	[(80, 109)]
110	 80	 25	   -0.387009	     2.47686	     20.2531	 0	[(80, 110)]
111	 80	 26	   -0.387009	     2.28499	     20.4309	 0	[(80, 111)]
112	 80	 28	   -0.387009	     2.21011	     20.6126	 0	[(80, 112)]
113	 26	 86	   -0.387009	      1.8601	      71.175	 2	[(26, 113)]
114	 26	 87	   -0.387009	     2.23933	     71.7253	 2	[(26, 114)]
115	 26	 88	   -0.387009	     2.70842	     71.8119	 2	[(26, 115)]
116	 26	 88	   -0.387009	     2.70842	     71.8119	 2	[(26, 116)]
117	 26	 89	   -0.387009	     10.0617	     72.0357	 3	[(26, 117)]
118	 26	 89	   -0.387009	     10.0617	     72.0357	 3	[(26, 118)]
119	 26	 89	   -0.387009	     10.0617	     72.0357	 3	[(26, 119)]
120	 26	 89	   -0.387009	     10.0617	     72.0357	 3	[(26, 120)]
121	116	  3	   -0.387009	     5.78169	    0.428681	 2	[(116, 121)]
122	116	  6	   -0.387009	     2.21933	    0.268942	 1	[(116, 122)]
123	116	  8	   -0.387009	   -0.172697	     0.17869	 0	[(116, 123)]
124	116	  9	   -0.387009	     5.36901	     6.08122	 0	[(116, 124)]
125	116	 10	   -0.387009	     5.20355	      6.4451	 0	[(116, 125)]
126	116	 11	   -0.387009	     5.15579	     6.84952	 0	[(116, 126)]
127	116	 12	   -0.387009	     5.74736	     7.06632	 0	[(116, 127)]
128	116	 13	   -0.387009	     5.80701	     7.33993	 0	[(116, 128)]
129	116	 14	   -0.387009	      5.9202	     8.16979	 0	[(116, 129)]
130	116	 14	   -0.387009	      5.9202	     8.16979	 0	[(116, 130)]
131	116	 14	   -0.387009	      5.9202	     8.16979	 0	[(116, 131)]
132	116	 14	   -0.387009	      5.9202	     8.16979	 0	[(116, 132)]
133	116	 16	   -0.387009	     5.77174	     7.49716	 0	[(116, 133)]
134	116	 16	   -0.387009	     5.77174	     7.49716	 0	[(116, 134)]
135	116	 16	   -0.387009	     5.77174	     7.49716	 0	[(116, 135)]
136	116	 16	   -0.387009	     5.77174	     7.49716	 0	[(116, 136)]
137	116	 16	   -0.387009	     5.77174	     7.49716	 0	[(116, 137)]
138	116	 16	   -0.387009	     5.77174	     7.49716	 0	[(116, 138)]
139	134	  3	   -0.387009	     5.77609	    0.437578	 2	[(134, 139)]
140	134	  6	   -0.387009	     2.22067	    0.280177	 1	[(134, 140)]
141	134	  8	   -0.387009	     4.77866	      5.5797	 0	[(134, 141)]
142	134	  9	   -0.387009	     4.63665	     5.96725	 0	[(134, 142)]
143	134	 10	   -0.387009	     4.14869	     6.63975	 0	[(134, 143)]
144	134	 11	   -0.387009	     3.97784	     8.04778	 0	[(134, 144)]
145	134	 12	   -0.387009	      3.8513	     9.04087	 0	[(134, 145)]
146	134	 13	   -0.387009	     3.57765	     10.0425	 0	[(134, 146)]
147	134	 14	   -0.387009	     3.11195	     11.1602	 0	[(134, 147)]
148	134	 15	   -0.387009	     2.37801	     12.2903	 0	[(134, 148)]
149	134	 16	   -0.387009	     2.32477	     13.1276	 0	[(134, 149)]
150	134	 17	   -0.387009	     1.97449	     14.1012	 0	[(134, 150)]
151	134	 18	   -0.387009	     1.74563	     15.0246	 0	[(134, 151)]
152	134	 19	   -0.387009	     1.82398	     15.8536	 0	[(134, 152)]
153	134	 20	   -0.387009	     1.67076	     16.8358	 0	[(134, 153)]
154	134	 21	   -0.387009	     1.58221	     17.8206	 0	[(134, 154)]
155	134	 22	   -0.387009	     1.52104	     18.8447	 0	[(134, 155)]
156	134	 23	   -0.387009	     1.36513	     19.8711	 0	[(134, 156)]
157	134	 24	   -0.387009	     1.20544	      20.897	 0	[(134, 157)]
158	134	 25	   -0.387009	     1.10268	     21.8694	 0	[(134, 158)]
159	134	 26	   -0.387009	    0.935472	     22.8715	 0	[(134, 159)]
160	134	 27	   -0.387009	    0.890554	     23.7918	 0	[(134, 160)]
161	134	 28	   -0.387009	    0.804953	     24.7664	 0	[(134, 161)]
162	134	 29	   -0.387009	     0.65179	      25.791	 0	[(134, 162)]
163	134	 30	   -0.387009	     0.50035	      26.827	 0	[(134, 163)]
164	134	 31	   -0.387009	    0.459057	     27.6347	 0	[(134, 164)]
165	134	 32	   -0.387009	    0.166284	     28.5657	 0	[(134, 165)]
166	134	 33	   -0.387009	    0.738069	     28.1032	 0	[(134, 166)]
167	134	 33	   -0.387009	    0.738069	     28.1032	 0	[(134, 167)]
168	134	 33	   -0.387009	    0.738069	     28.1032	 0	[(134, 168)]
169	134	 33	   -0.387009	    0.738069	     28.1032	 0	[(134, 169)]
170	167	  2	   -0.387009	     3.71208	    0.305976	 1	[(167, 170)]
171	167	  4	   -0.387009	      2.2454	    0.290606	 1	[(167, 171)]
172	134	 39	   -0.387009	    0.836873	     27.4865	 0	[(134, 172)]
173	167	  7	   -0.387009	     4.69463	     5.79534	 0	[(167, 173)]
174	167	  8	   -0.387009	     4.48128	     6.26628	 0	[(167, 174)]
175	167	  9	   -0.387009	     4.29154	     7.37878	 0	[(167, 175)]
176	167	 10	   -0.387009	     4.18412	     8.47776	 0	[(167, 176)]
177	167	 11	   -0.387009	     3.92797	     9.50988	 0	[(167, 177)]
178	134	 45	   -0.387009	     3.63349	      37.444	 0	[(134, 178)]
179	134	 46	   -0.387009	     3.54915	     38.3484	 0	[(134, 179)]
180	134	 47	   -0.387009	     3.27416	     39.3145	 0	[(134, 180)]
181	134	 48	   -0.387009	     2.16137	     40.5318	 0	[(134, 181)]
182	134	 49	   -0.387009	     1.96873	     41.4484	 0	[(134, 182)]
183	134	 50	   -0.387009	     2.47644	     41.7163	 0	[(134, 183)]
184	134	 51	   -0.387009	     2.73653	     41.4922	 0	[(134, 184)]
185	134	 51	   -0.387009	     2.73653	     41.4922	 0	[(134, 185)]
186	134	 52	   -0.387009	     7.21361	     41.6835	 1	[(134, 186)]
187	134	 52	   -0.387009	     7.21361	     41.6835	 1	[(134, 187)]
188	167	 18	   -0.387009	     8.46382	     13.8633	 1	[(167, 188)]
189	167	 18	   -0.387009	     8.46382	     13.8633	 1	[(167, 189)]
190	186	  3	   -0.387009	     3.88862	    0.315417	 1	[(186, 190)]
191	186	  5	   -0.387009	     2.35602	    0.273649	 1	[(186, 191)]
192	186	  7	   -0.387009	     4.50958	     5.54371	 0	[(186, 192)]
193	186	  8	   -0.387009	     4.39659	     6.01976	 0	[(186, 193)]
194	186	  9	   -0.387009	     4.38298	     6.50288	 0	[(186, 194)]
195	186	 10	   -0.387009	     4.22338	     8.10089	 0	[(186, 195)]
196	186	 11	   -0.387009	     4.12513	     9.12759	 0	[(186, 196)]
197	186	 12	   -0.387009	     3.89834	     10.1922	 0	[(186, 197)]
198	186	 13	   -0.387009	     3.64186	     11.2162	 0	[(186, 198)]
199	186	 14	   -0.387009	     3.70533	     12.0447	 0	[(186, 199)]
200	186	 15	   -0.387009	     3.67424	      12.933	 0	[(186, 200)]
201	186	 16	   -0.387009	     3.53511	      13.961	 0	[(186, 201)]
202	186	 17	   -0.387009	     3.59576	     14.8969	 0	[(186, 202)]
203	186	 18	   -0.387009	     3.53952	     15.9202	 0	[(186, 203)]
204	186	 19	   -0.387009	     3.39974	     16.9787	 0	[(186, 204)]
205	134	 71	   -0.387009	     2.89837	     60.7194	 1	[(134, 205)]
206	134	 72	   -0.387009	     2.30694	     61.8324	 1	[(134, 206)]
207	134	 73	   -0.387009	     2.13436	     62.7405	 1	[(134, 207)]
208	134	 74	   -0.387009	     1.49804	     65.1487	 1	[(134, 208)]
209	134	 75	   -0.387009	    0.315207	     66.3752	 1	[(134, 209)]
210	134	 76	   -0.387009	    0.115377	     67.2874	 1	[(134, 210)]
211	134	 77	   -0.879717	   -0.879717	     69.1812	 1	[(134, 211)]
212	134	 78	    -1.91232	    -1.91232	     70.3944	 1	[(134, 212)]
213	134	 79	    -2.60614	    -2.60614	     71.4175	 1	[(134, 213)]
214	134	 80	    -3.12803	    -3.12803	     72.3497	 1	[(134, 214)]
215	134	 81	    -3.12803	    -3.08284	     73.0769	 1	[(134, 215)]
216	134	 82	    -3.44945	    -3.44945	     74.0729	 1	[(134, 216)]
217	134	 83	     -3.7254	     -3.7254	     75.0825	 1	[(134, 217)]
218	134	 84	     -3.7254	    -3.21601	     75.1916	 1	[(134, 218)]
219	134	 85	     -3.7254	     -2.9626	     74.6354	 1	[(134, 219)]
220	134	 86	     -3.7254	    -2.92897	     74.4533	 1	[(134, 220)]
221	134	 86	     -3.7254	    -2.92897	     74.4533	 1	[(134, 221)]
222	134	 86	     -3.7254	    -2.92897	     74.4533	 1	[(134, 222)]
223	134	 86	     -3.7254	    -2.92897	     74.4533	 1	[(134, 223)]
224	134	 86	     -3.7254	    -2.92897	     74.4533	 1	[(134, 224)]
225	134	 86	     -3.7254	    -2.92897	     74.4533	 1	[(134, 225)]
226	134	 86	     -3.7254	    -2.92897	     74.4533	 1	[(134, 226)]
227	134	 86	     -3.7254	    -2.92897	     74.4533	 1	[(134, 227)]
228	134	 86	     -3.7254	    -2.92897	     74.4533	 1	[(134, 228)]
229	134	 86	     -3.7254	    -2.92897	     74.4533	 1	[(134, 229)]
230	134	 86	     -3.7254	    -2.92897	     74.4533	 1	[(134, 230)]
231	134	 86	     -3.7254	    -2.92897	     74.4533	 1	[(134, 231)]
232	134	 86	     -3.7254	    -2.92897	     74.4533	 1	[(134, 232)]
233	134	 86	     -3.7254	    -2.92897	     74.4533	 1	[(134, 233)]
234	134	 86	     -3.7254	    -2.92897	     74.4533	 1	[(134, 234)]
235	134	 86	     -3.7254	    -2.92897	     74.4533	 1	[(134, 235)]
236	134	 86	     -3.7254	    -2.92897	     74.4533	 1	[(134, 236)]
237	134	 86	     -3.7254	    -2.92897	     74.4533	 1	[(134, 237)]
238	134	 86	     -3.7254	    -2.92897	     74.4533	 1	[(134, 238)]
239	134	 86	     -3.7254	    -2.92897	     74.4533	 1	[(134, 239)]
240	134	 87	     -3.7254	    -3.07498	     74.5894	 1	[(134, 240)]
241	186	 35	     -3.7254	     2.02128	     28.7488	 0	[(186, 241)]
242	134	 89	     -3.7254	     4.56559	     74.7236	 2	[(134, 242)]
243	134	 90	     -3.7254	     4.58908	     74.7503	 2	[(134, 243)]
244	186	 40	     -3.7254	     1.75702	     29.0433	 0	[(186, 244)]
245	241	 91	     -3.7254	    -3.34246	     74.8864	 1	[(134, 240), (241, 245)]
246	241	 93	     -3.7254	     1.17749	     79.7537	 1	[(134, 240), (241, 246)]
247	241	 94	     -3.7254	    0.664965	     80.1515	 1	[(134, 240), (241, 247)]
248	241	 95	     -3.7254	    0.654952	     81.3565	 1	[(134, 240), (241, 248)]
249	241	 96	     -3.7254	    0.201047	     82.5756	 1	[(134, 240), (241, 249)]
250	241	 97	     -3.7254	    -0.25268	     83.6015	 1	[(134, 240), (241, 250)]
251	241	 98	     -3.7254	   -0.541489	     84.5821	 1	[(134, 240), (241, 251)]
252	241	 99	     -3.7254	    -1.05696	     85.6177	 1	[(134, 240), (241, 252)]
253	241	100	     -3.7254	   -0.394708	     85.6548	 1	[(134, 240), (241, 253)]
254	241	100	     -3.7254	   -0.394708	     85.6548	 1	[(134, 240), (241, 254)]
255	241	101	     -3.7254	   -0.750843	     86.1711	 1	[(134, 240), (241, 255)]
256	241	101	     -3.7254	   -0.750843	     86.1711	 1	[(134, 240), (241, 256)]
257	241	102	     -3.7254	      4.2087	     86.3124	 2	[(134, 240), (241, 257)]
258	241	102	     -3.7254	      4.2087	     86.3124	 2	[(134, 240), (241, 258)]
259	241	103	     -3.7254	     6.50022	     86.5204	 3	[(134, 240), (241, 259)]
260	241	103	     -3.7254	     6.50022	     86.5204	 3	[(134, 240), (241, 260)]
261	241	103	     -3.7254	     6.50022	     86.5204	 3	[(134, 240), (241, 261)]
262	241	103	     -3.7254	     6.50022	     86.5204	 3	[(134, 240), (241, 262)]
263	241	103	     -3.7254	     6.50022	     86.5204	 3	[(134, 240), (241, 263)]
264	241	103	     -3.7254	     6.50022	     86.5204	 3	[(134, 240), (241, 264)]
265	261	 90	     -3.7254	    0.878454	      74.853	 2	[(134, 240), (261, 265)]
266	261	 92	     -3.7254	   -0.698862	      74.838	 2	[(134, 240), (261, 266)]
267	261	 94	     -3.7254	    -3.23356	     74.7519	 1	[(134, 240), (261, 267)]
268	261	 95	     -3.7254	    -3.24614	     74.7648	 1	[(134, 240), (261, 268)]
269	261	 96	     -3.7254	      7.8118	     83.1403	 1	[(134, 240), (261, 269)]
270	241	113	     -3.7254	     8.51973	     86.7346	 4	[(134, 240), (241, 270)]
271	241	114	     -3.7254	     8.48979	     86.7718	 4	[(134, 240), (241, 271)]
272	134	131	     -3.7254	     11.3957	     107.093	 3	[(134, 272)]
273	241	114	     -3.7254	     8.48979	     86.7718	 4	[(134, 240), (241, 273)]
274	134	133	     -3.7254	     10.4229	     112.433	 3	[(134, 274)]
275	261	101	     -3.7254	    -3.42729	     74.9579	 1	[(134, 240), (261, 275)]
276	261	103	     -3.7254	     2.63691	      79.881	 1	[(134, 240), (261, 276)]
277	134	137	     -3.7254	     10.9919	      109.01	 3	[(134, 277)]
278	134	137	     -3.7254	     10.9919	      109.01	 3	[(134, 278)]
279	134	138	     -3.7254	     12.2036	     110.873	 4	[(134, 279)]
280	261	105	     -3.7254	     2.86976	     75.0134	 2	[(134, 240), (261, 280)]
281	261	107	     -3.7254	     2.95575	     75.0305	 2	[(134, 240), (261, 281)]
282	261	108	     -3.7254	     3.03162	     75.0182	 2	[(134, 240), (261, 282)]
283	261	109	     -3.7254	     2.97277	     75.0472	 2	[(134, 240), (261, 283)]
284	261	110	     -3.7254	     2.94859	     75.0491	 2	[(134, 240), (261, 284)]
285	261	110	     -3.7254	     2.94859	     75.0491	 2	[(134, 240), (261, 285)]
286	134	147	     -3.7254	      5.5539	     120.901	 4	[(134, 286)]
287	134	148	     -3.7254	     5.83282	     121.061	 4	[(134, 287)]
288	261	113	     -3.7254	     2.83346	     75.1716	 2	[(134, 240), (261, 288)]
289	261	113	     -3.7254	     2.83346	     75.1716	 2	[(134, 240), (261, 289)]
290	261	114	     -3.7254	     8.58243	     75.2936	 3	[(134, 240), (261, 290)]
291	261	115	     -3.7254	     8.67576	     75.3067	 3	[(134, 240), (261, 291)]
292	261	115	     -3.7254	     8.67576	     75.3067	 3	[(134, 240), (261, 292)]
293	290	 89	     -3.7254	    0.630126	     74.9115	 2	[(134, 240), (290, 293)]
294	290	 91	     -3.7254	   -0.821231	     74.8905	 2	[(134, 240), (290, 294)]
295	290	 93	     -3.7254	    0.329046	     79.5632	 1	[(134, 240), (290, 295)]
296	290	 94	     -3.7254	    0.365626	     80.3742	 1	[(134, 240), (290, 296)]
297	290	 95	     -3.7254	    0.134995	     81.6139	 1	[(134, 240), (290, 297)]
298	290	 96	     -3.7254	    0.101454	     82.4577	 1	[(134, 240), (290, 298)]
299	290	 97	     -3.7254	    0.646029	     82.0836	 1	[(134, 240), (290, 299)]
300	290	 97	     -3.7254	    0.646029	     82.0836	 1	[(134, 240), (290, 300)]
301	290	 98	     -3.7254	    0.511259	     82.2307	 1	[(134, 240), (290, 301)]
302	290	 99	     -3.7254	    0.483854	     82.2697	 1	[(134, 240), (290, 302)]
303	290	 99	     -3.7254	    0.483854	     82.2697	 1	[(134, 240), (290, 303)]
304	290	 99	     -3.7254	    0.483854	     82.2697	 1	[(134, 240), (290, 304)]
305	134	166	     -3.7254	     3.51144	     138.101	 5	[(134, 305)]
306	290	 99	     -3.7254	    0.483854	     82.2697	 1	[(134, 240), (290, 306)]
307	290	 99	     -3.7254	    0.483854	     82.2697	 1	[(134, 240), (290, 307)]
308	290	101	     -3.7254	    0.165289	     82.5768	 1	[(134, 240), (290, 308)]
309	290	102	     -3.7254	    0.108902	     82.6721	 1	[(134, 240), (290, 309)]
310	290	103	     -3.7254	    0.102721	     82.6961	 1	[(134, 240), (290, 310)]
311	290	103	     -3.7254	    0.102721	     82.6961	 1	[(134, 240), (290, 311)]
312	290	103	     -3.7254	    0.102721	     82.6961	 1	[(134, 240), (290, 312)]
313	290	104	     -3.7254	   -0.119071	     82.9856	 1	[(134, 240), (290, 313)]
314	290	104	     -3.7254	   -0.119071	     82.9856	 1	[(134, 240), (290, 314)]
315	290	105	     -3.7254	   -0.319273	      83.233	 1	[(134, 240), (290, 315)]
316	290	107	     -3.7254	   -0.714154	     85.0973	 1	[(134, 240), (290, 316)]
317	290	108	     -3.7254	   -0.384746	      83.566	 1	[(134, 240), (290, 317)]
318	290	108	     -3.7254	   -0.384746	      83.566	 1	[(134, 240), (290, 318)]
319	298	100	    -4.23079	    -4.23079	     78.5507	 1	[(134, 240), (298, 319)]
320	298	101	    -4.23079	    -4.08175	     80.1567	 1	[(134, 240), (298, 320)]
321	134	179	    -4.23079	 -0.00655001	     144.981	 6	[(134, 321)]
322	134	180	    -4.23079	   -0.872446	     146.051	 6	[(134, 322)]
323	134	181	    -4.23079	   -0.385691	     146.535	 6	[(134, 323)]
324	134	181	    -4.23079	   -0.385691	     146.535	 6	[(134, 324)]
325	134	181	    -4.23079	   -0.385691	     146.535	 6	[(134, 325)]
326	134	182	    -4.23079	   -0.981489	     147.329	 6	[(134, 326)]
327	 26	291	    -4.62492	    -4.62492	     240.807	11	[(26, 327)]
328	 26	293	    -4.62492	    -3.00987	     241.045	11	[(26, 328)]
329	 26	294	    -4.62492	    -2.49302	     241.147	11	[(26, 329)]
330	 26	295	    -4.62492	    -2.26572	     240.823	11	[(26, 330)]
331	 26	296	    -4.62492	     -2.8712	     241.645	11	[(26, 331)]
332	 26	298	    -4.62492	    -3.34495	     244.242	11	[(26, 332)]
333	 26	300	    -4.95124	    -4.95124	     246.021	11	[(26, 333)]
334	 26	301	    -4.95124	    -4.61701	     246.761	11	[(26, 334)]
335	 26	301	    -4.95124	    -4.61701	     246.761	11	[(26, 335)]
336	 26	302	    -5.59866	    -5.59866	      247.77	11	[(26, 336)]
337	 26	303	    -5.86515	    -5.86515	     248.358	11	[(26, 337)]
338	 26	304	    -5.86515	    -5.66121	     248.517	11	[(26, 338)]
339	 26	305	    -5.86515	    -5.47323	     248.119	11	[(26, 339)]
340	 26	306	    -5.86515	    -5.44977	     248.059	11	[(26, 340)]
341	 26	307	    -5.86515	    -5.46907	     248.042	11	[(26, 341)]
342	 26	309	    -5.86515	    -4.59359	     247.795	11	[(26, 342)]
343	 26	310	    -5.86515	    -4.45729	      247.58	11	[(26, 343)]
344	 26	311	    -5.86515	      2.8877	     247.706	12	[(26, 344)]
345	 26	311	    -5.86515	      2.8877	     247.706	12	[(26, 345)]
346	 26	312	    -5.86515	     4.83275	     247.842	13	[(26, 346)]
347	344	312	    -5.86515	   -0.754676	     247.908	12	[(26, 343), (344, 347)]
348	344	314	    -5.86515	    -2.20915	     247.881	12	[(26, 343), (344, 348)]
349	344	316	    -5.86515	   -0.266755	     252.733	11	[(26, 343), (344, 349)]
350	 26	317	    -5.86515	     3.05552	     254.533	12	[(26, 350)]
351	 26	318	    -5.86515	      1.6986	     255.775	12	[(26, 351)]
352	 26	319	    -5.86515	     1.46054	     256.767	12	[(26, 352)]
353	 26	320	    -5.86515	     1.03281	     257.679	12	[(26, 353)]
354	 26	321	    -5.86515	     1.47505	     258.007	12	[(26, 354)]
355	 26	322	    -5.86515	     1.84508	     257.602	12	[(26, 355)]
356	 26	324	    -5.86515	     1.94778	     257.857	12	[(26, 356)]
357	 26	325	    -5.86515	    0.436732	     259.447	12	[(26, 357)]
358	 26	326	    -5.86515	    0.583002	     260.165	12	[(26, 358)]
359	 26	328	    -5.86515	     1.56913	     259.234	12	[(26, 359)]
360	 26	329	    -5.86515	     1.64657	     258.948	12	[(26, 360)]
361	344	321	    -5.86515	   0.0583444	     256.034	11	[(26, 343), (344, 361)]
362	344	323	    -5.86515	   -0.197691	     256.276	11	[(26, 343), (344, 362)]
363	344	323	    -5.86515	   -0.197691	     256.276	11	[(26, 343), (344, 363)]
364	344	323	    -5.86515	   -0.197691	     256.276	11	[(26, 343), (344, 364)]
365	344	323	    -5.86515	   -0.197691	     256.276	11	[(26, 343), (344, 365)]
366	344	323	    -5.86515	   -0.197691	     256.276	11	[(26, 343), (344, 366)]
367	344	323	    -5.86515	   -0.197691	     256.276	11	[(26, 343), (344, 367)]
368	 26	338	    -5.86515	    0.992466	     275.186	13	[(26, 368)]
369	 26	339	    -5.86515	     1.60038	     275.641	13	[(26, 369)]
370	 26	340	    -5.86515	      2.1032	     275.671	13	[(26, 370)]
371	 26	341	    -5.86515	     2.14826	     275.658	13	[(26, 371)]
372	 26	342	    -5.86515	     2.16438	     275.629	13	[(26, 372)]
373	 26	343	    -5.86515	     1.92313	     275.921	13	[(26, 373)]
374	368	316	    -5.86515	    -2.23526	     247.849	12	[(26, 343), (368, 374)]
375	368	318	    -5.86515	    -4.63007	     247.758	11	[(26, 343), (368, 375)]
376	 26	346	    -5.86515	     2.73796	     282.392	13	[(26, 376)]
377	 26	347	    -5.86515	      2.4046	     283.512	13	[(26, 377)]
378	 26	348	    -5.86515	     2.97145	     283.499	13	[(26, 378)]
379	 26	348	    -5.86515	     2.97145	     283.499	13	[(26, 379)]
380	377	312	    -5.86515	   -0.745216	     247.886	12	[(26, 343), (377, 380)]
381	377	314	    -5.86515	    -2.21056	     247.873	12	[(26, 343), (377, 381)]
382	377	316	    -5.86515	  -0.0564603	     252.796	11	[(26, 343), (377, 382)]
383	377	317	    -5.86515	   -0.285766	     253.267	11	[(26, 343), (377, 383)]
384	377	318	    -5.86515	   -0.304217	     253.763	11	[(26, 343), (377, 384)]
385	377	319	    -5.86515	   -0.375156	     255.195	11	[(26, 343), (377, 385)]
386	377	320	    -5.86515	   -0.745725	     256.364	11	[(26, 343), (377, 386)]
387	377	321	    -5.86515	   -0.934287	     257.371	11	[(26, 343), (377, 387)]
388	377	322	    -5.86515	   -0.988131	     258.171	11	[(26, 343), (377, 388)]
389	377	323	    -5.86515	    -1.10118	     258.952	11	[(26, 343), (377, 389)]
390	377	324	    -5.86515	   -0.621866	     258.517	11	[(26, 343), (377, 390)]
391	377	325	    -5.86515	   -0.492518	     258.046	11	[(26, 343), (377, 391)]
392	377	325	    -5.86515	   -0.492518	     258.046	11	[(26, 343), (377, 392)]
393	377	326	    -5.86515	   -0.679914	     258.243	11	[(26, 343), (377, 393)]
394	377	326	    -5.86515	   -0.679914	     258.243	11	[(26, 343), (377, 394)]
395	377	326	    -5.86515	   -0.679914	     258.243	11	[(26, 343), (377, 395)]
396	377	326	    -5.86515	   -0.679914	     258.243	11	[(26, 343), (377, 396)]
397	377	326	    -5.86515	   -0.679914	     258.243	11	[(26, 343), (377, 397)]
398	377	326	    -5.86515	   -0.679914	     258.243	11	[(26, 343), (377, 398)]
399	377	326	    -5.86515	   -0.679914	     258.243	11	[(26, 343), (377, 399)]
400	377	326	    -5.86515	   -0.679914	     258.243	11	[(26, 343), (377, 400)]
401	377	326	    -5.86515	   -0.679914	     258.243	11	[(26, 343), (377, 401)]
402	377	326	    -5.86515	   -0.679914	     258.243	11	[(26, 343), (377, 402)]
403	377	326	    -5.86515	   -0.679914	     258.243	11	[(26, 343), (377, 403)]
404	377	326	    -5.86515	   -0.679914	     258.243	11	[(26, 343), (377, 404)]
405	377	326	    -5.86515	   -0.679914	     258.243	11	[(26, 343), (377, 405)]
406	403	312	    -5.86515	   -0.716736	     247.828	12	[(26, 343), (403, 406)]
407	403	314	    -5.86515	    -4.70726	     247.836	11	[(26, 343), (403, 407)]
408	403	316	    -5.86515	    -4.60293	     247.728	11	[(26, 343), (403, 408)]
409	403	317	    -5.86515	     -4.6165	     247.743	11	[(26, 343), (403, 409)]
410	377	338	    -5.86515	    -1.09327	      258.66	11	[(26, 343), (377, 410)]
411	403	319	    -5.86515	    -4.64278	     247.772	11	[(26, 343), (403, 411)]
412	403	320	    -5.86515	    0.765935	     253.573	11	[(26, 343), (403, 412)]
413	403	321	    -5.86515	    0.623977	     253.936	11	[(26, 343), (403, 413)]
414	403	322	    -5.86515	      0.5176	     254.364	11	[(26, 343), (403, 414)]
415	403	323	    -5.86515	    0.583728	     254.814	11	[(26, 343), (403, 415)]
416	403	324	    -5.86515	     1.04226	     254.978	11	[(26, 343), (403, 416)]
417	403	324	    -5.86515	     1.04226	     254.978	11	[(26, 343), (403, 417)]
418	403	324	    -5.86515	     1.04226	     254.978	11	[(26, 343), (403, 418)]
419	403	324	    -5.86515	     1.04226	     254.978	11	[(26, 343), (403, 419)]
420	403	326	    -5.86515	     1.03898	     254.972	11	[(26, 343), (403, 420)]
421	403	326	    -5.86515	     1.03898	     254.972	11	[(26, 343), (403, 421)]
422	403	327	    -5.86515	    0.896556	     255.115	11	[(26, 343), (403, 422)]
423	403	327	    -5.86515	    0.896556	     255.115	11	[(26, 343), (403, 423)]
424	403	327	    -5.86515	    0.896556	     255.115	11	[(26, 343), (403, 424)]
425	403	327	    -5.86515	    0.896556	     255.115	11	[(26, 343), (403, 425)]
426	403	327	    -5.86515	    0.896556	     255.115	11	[(26, 343), (403, 426)]
427	403	327	    -5.86515	    0.896556	     255.115	11	[(26, 343), (403, 427)]
428	403	329	    -5.86515	    0.639245	     255.349	11	[(26, 343), (403, 428)]
429	403	331	    -5.86515	    0.506768	     255.495	11	[(26, 343), (403, 429)]
430	403	333	    -5.86515	    0.633046	     255.366	11	[(26, 343), (403, 430)]
431	403	334	    -5.86515	    0.473743	     255.548	11	[(26, 343), (403, 431)]
432	 26	402	    -5.86515	     5.22795	     331.857	14	[(26, 432)]
433	 26	403	    -5.86515	     4.52326	     332.721	14	[(26, 433)]
434	 26	404	    -5.86515	     4.12964	     334.662	14	[(26, 434)]
435	 26	405	    -5.86515	     4.46534	     335.202	14	[(26, 435)]
436	 26	405	    -5.86515	     4.46534	     335.202	14	[(26, 436)]
437	 26	406	    -5.86515	     4.31952	     335.338	14	[(26, 437)]
438	 26	406	    -5.86515	     4.31952	     335.338	14	[(26, 438)]
439	 26	406	    -5.86515	     4.31952	     335.338	14	[(26, 439)]
440	 26	408	    -5.86515	     5.47439	     335.692	14	[(26, 440)]
441	 26	408	    -5.86515	     5.47439	     335.692	14	[(26, 441)]
442	437	312	    -5.86515	    -0.71333	     247.822	12	[(26, 343), (437, 442)]
443	437	314	    -5.86515	    -2.09385	     247.884	12	[(26, 343), (437, 443)]
444	437	316	    -5.86515	    0.569298	     251.725	12	[(26, 343), (437, 444)]
445	437	318	    -5.86515	     1.70933	     253.049	12	[(26, 343), (437, 445)]
446	437	319	    -5.86515	     2.30245	     253.451	12	[(26, 343), (437, 446)]
447	437	320	    -5.86515	     2.45136	     253.504	12	[(26, 343), (437, 447)]
448	 26	417	    -5.86515	    -1.74327	     346.284	16	[(26, 448)]
449	 26	418	    -5.86515	     -1.2744	     346.821	16	[(26, 449)]
450	 26	419	    -5.86515	    -3.09606	     348.134	16	[(26, 450)]
451	 26	420	    -7.39923	    -7.39923	      349.33	16	[(26, 451)]
452	 26	421	    -7.51184	    -7.51184	      350.07	16	[(26, 452)]
453	 26	422	    -7.76293	    -7.76293	     350.869	16	[(26, 453)]
454	 26	423	    -9.14032	    -9.14032	     352.069	16	[(26, 454)]
455	 26	424	    -9.14032	    -8.57297	     352.442	16	[(26, 455)]
456	 26	425	    -9.14032	    -8.50182	     352.862	16	[(26, 456)]
457	 26	426	     -9.3547	     -9.3547	     354.321	16	[(26, 457)]
458	 26	427	     -9.3547	    -9.20705	     355.569	16	[(26, 458)]
459	 26	428	     -9.3547	    -9.20719	     356.578	16	[(26, 459)]
460	 26	429	    -9.72583	    -9.72583	     357.696	16	[(26, 460)]
461	 26	430	    -10.8088	    -10.8088	     358.961	16	[(26, 461)]
462	 26	431	    -10.9918	    -10.9918	      359.87	16	[(26, 462)]
463	 26	432	    -11.3015	    -11.3015	     360.797	16	[(26, 463)]
464	 26	433	    -11.4833	    -11.4833	     361.657	16	[(26, 464)]
465	 26	434	    -11.8391	    -11.8391	     362.714	16	[(26, 465)]
466	 26	435	    -11.9779	    -11.9779	     363.648	16	[(26, 466)]
467	 26	436	    -12.1547	    -12.1547	     364.628	16	[(26, 467)]
468	 26	437	    -12.5727	    -12.5727	     365.695	16	[(26, 468)]
469	 26	438	    -12.8103	    -12.8103	     366.693	16	[(26, 469)]
470	 26	439	    -12.8672	    -12.8672	     367.492	16	[(26, 470)]
471	 26	440	    -12.8672	    -12.3819	     367.395	16	[(26, 471)]
472	 26	441	    -12.8672	    -12.2058	     366.913	16	[(26, 472)]
473	 26	442	    -12.8672	     -12.189	     366.811	16	[(26, 473)]
474	 26	442	    -12.8672	     -12.189	     366.811	16	[(26, 474)]
475	 26	442	    -12.8672	     -12.189	     366.811	16	[(26, 475)]
476	 26	443	    -12.8672	    -12.3219	     366.947	16	[(26, 476)]
477	 26	445	    -12.8672	    -12.4084	     367.036	16	[(26, 477)]
478	 26	446	    -12.8672	    -8.26085	     368.112	17	[(26, 478)]
479	 26	447	    -12.8672	      -9.219	     369.144	17	[(26, 479)]
480	 26	448	    -12.8672	    -10.6514	      370.22	17	[(26, 480)]
481	 26	449	    -12.8672	     -11.964	     371.239	17	[(26, 481)]
482	 26	450	    -12.8672	    -12.6124	     372.322	17	[(26, 482)]
483	 26	451	    -14.0362	    -14.0362	     373.377	17	[(26, 483)]
484	 26	452	    -18.7966	    -18.7966	     374.612	17	[(26, 484)]
485	 26	453	    -18.7966	    -18.4184	      375.18	17	[(26, 485)]
486	 26	454	    -23.5294	    -23.5294	     376.393	16	[(26, 486)]
487	 26	455	    -23.5294	    -22.9993	     376.665	16	[(26, 487)]
488	 26	456	    -23.5294	      -23.06	     377.395	16	[(26, 488)]
489	 26	457	    -23.5294	    -23.4413	     378.459	16	[(26, 489)]
490	 26	458	    -23.5294	    -23.2465	     380.139	16	[(26, 490)]
491	 26	459	    -23.5294	    -23.4648	     381.382	16	[(26, 491)]
492	 26	460	    -25.3709	    -25.3709	      382.75	16	[(26, 492)]
493	 26	461	    -26.1125	    -26.1125	     383.816	16	[(26, 493)]
494	 26	462	     -26.319	     -26.319	     384.687	16	[(26, 494)]
495	 26	463	    -29.6138	    -29.6138	     385.892	16	[(26, 495)]
496	 26	464	    -30.7532	    -30.7532	      386.89	16	[(26, 496)]
497	 26	465	    -31.2347	    -31.2347	     387.823	16	[(26, 497)]
498	 26	466	    -31.5461	    -31.5461	      388.66	16	[(26, 498)]
499	 26	467	    -33.0633	    -33.0633	     389.807	16	[(26, 499)]
500	 26	468	    -33.4696	    -33.4696	      390.73	16	[(26, 500)]
501	 26	470	    -33.4696	    -33.1958	     391.166	16	[(26, 501)]
502	 26	471	    -33.4696	    -32.8198	     391.394	16	[(26, 502)]
503	 26	472	    -33.4696	    -32.5346	     390.921	16	[(26, 503)]
504	 26	472	    -33.4696	    -32.5346	     390.921	16	[(26, 504)]
505	 26	473	    -33.4696	    -29.1264	     391.751	17	[(26, 505)]
506	 26	474	    -33.4696	    -31.1235	     392.899	17	[(26, 506)]
507	 26	475	    -33.4696	    -32.5495	     393.969	17	[(26, 507)]
508	 26	476	    -34.7057	    -34.7057	     395.049	17	[(26, 508)]
509	 26	477	    -34.7057	    -34.2726	     395.602	17	[(26, 509)]
510	 26	478	    -34.7057	    -33.7425	     395.604	17	[(26, 510)]
511	 26	479	    -34.7057	    -33.6102	     395.453	17	[(26, 511)]
512	 26	480	    -34.7057	    -33.6863	     395.529	17	[(26, 512)]
513	 26	480	    -34.7057	    -33.6863	     395.529	17	[(26, 513)]
514	 26	481	    -34.7057	    -34.5907	      396.15	17	[(26, 514)]
515	 26	482	    -34.7057	    -34.4059	     396.248	17	[(26, 515)]
516	 26	483	    -34.7057	    -27.6203	     396.289	18	[(26, 516)]
517	 26	483	    -34.7057	    -27.6203	     396.289	18	[(26, 517)]
518	 26	484	    -34.7057	    -25.4871	     396.652	19	[(26, 518)]
519	 26	485	    -34.7057	    -25.4494	     396.955	19	[(26, 519)]
520	 26	487	    -34.7057	    -27.4168	       396.2	18	[(26, 520)]
521	 26	488	    -34.7057	    -24.9987	     401.744	18	[(26, 521)]
522	 26	489	    -34.7057	    -24.9799	     402.214	18	[(26, 522)]
523	 26	490	    -34.7057	    -25.0051	     403.865	18	[(26, 523)]
524	 26	491	    -34.7057	     -25.133	     404.993	18	[(26, 524)]
525	 26	492	    -34.7057	    -25.1569	     405.958	18	[(26, 525)]
526	 26	493	    -34.7057	    -27.0975	     406.945	18	[(26, 526)]
527	 26	494	    -34.7057	     -31.099	     410.474	18	[(26, 527)]
528	 26	496	    -36.8777	    -36.8777	     412.986	17	[(26, 528)]
529	 26	497	    -38.2299	    -38.2299	     413.943	17	[(26, 529)]
530	 26	498	    -39.8529	    -39.8529	     414.967	17	[(26, 530)]
531	 26	499	    -39.8529	    -39.0973	     415.245	17	[(26, 531)]
532	 26	500	    -39.8529	    -39.0099	     415.661	17	[(26, 532)]
533	 26	501	    -39.8529	    -38.7902	     415.369	17	[(26, 533)]
534	 26	502	    -39.8529	    -38.7762	     415.317	17	[(26, 534)]
535	 26	503	    -39.8529	    -38.8316	     415.368	17	[(26, 535)]
536	 26	503	    -39.8529	    -38.8316	     415.368	17	[(26, 536)]
537	 26	504	    -39.8529	    -36.8098	     415.534	18	[(26, 537)]
538	 26	505	    -39.8529	    -36.4872	     415.758	18	[(26, 538)]
539	 26	507	    -39.8529	    -37.7282	     423.507	17	[(26, 539)]
540	 26	508	    -39.8529	    -37.8098	     424.449	17	[(26, 540)]
541	 26	509	    -39.8529	    -37.9448	     425.276	17	[(26, 541)]
542	 26	510	    -41.1516	    -41.1516	     426.675	17	[(26, 542)]
543	 26	511	    -41.1516	    -40.8748	     427.337	17	[(26, 543)]
544	 26	511	    -41.1516	    -40.8748	     427.337	17	[(26, 544)]
545	 26	511	    -41.1516	    -40.8748	     427.337	17	[(26, 545)]
