L	Ls	nvertices	F_L	F_L_constrained	rho_sum	nloops	regions
 62	  0	  0	           0	           0	           0	 0	[(0, 62)]
 63	  0	  0	           0	           0	           0	 0	[(0, 63)]
 64	  0	  0	           0	           0	           0	 0	[(0, 64)]
 65	  0	  2	   -0.388754	   -0.388754	     1.18757	 0	[(0, 65)]
 66	  0	  4	   -0.388754	   -0.277502	    0.326155	 0	[(0, 66)]
 67	  0	  4	   -0.388754	   -0.277502	    0.326155	 0	[(0, 67)]
 68	  0	  4	   -0.388754	   -0.277502	    0.326155	 0	[(0, 68)]
 69	  0	  4	   -0.388754	   -0.277502	    0.326155	 0	[(0, 69)]
 70	 65	  4	   -0.388754	     3.97516	    0.304915	 1	[(65, 70)]
 71	  0	  8	   -0.388754	     3.65372	     5.48613	 1	[(0, 71)]
 72	  0	 10	   -0.388754	     3.14304	     8.37234	 0	[(0, 72)]
 73	  0	 11	   -0.388754	     2.30994	     9.50205	 0	[(0, 73)]
 74	  0	 12	   -0.388754	     1.27934	     10.7135	 0	[(0, 74)]
 75	  0	 13	   -0.388754	   0.0771332	     11.7919	 0	[(0, 75)]
 76	  0	 14	    -0.82856	    -0.82856	     12.7712	 0	[(0, 76)]
 77	  0	 15	     -1.6178	     -1.6178	     13.7374	 0	[(0, 77)]
 78	  0	 16	    -2.83977	    -2.83977	     14.7707	 0	[(0, 78)]
 79	  0	 17	    -3.73855	    -3.73855	     15.7552	 0	[(0, 79)]
 80	  0	 18	    -4.73376	    -4.73376	     16.7647	 0	[(0, 80)]
 81	  0	 19	    -5.63583	    -5.63583	     17.7421	 0	[(0, 81)]
 82	  0	 20	    -6.52178	    -6.52178	     18.7355	 0	[(0, 82)]
 83	  0	 21	    -7.97337	    -7.97337	     19.7937	 0	[(0, 83)]
 84	  0	 22	    -9.45177	    -9.45177	      20.826	 0	[(0, 84)]
 85	  0	 23	    -9.97981	    -9.97981	     21.6833	 0	[(0, 85)]
 86	  0	 24	    -9.97981	     -9.3777	     21.9544	 0	[(0, 86)]
 87	  0	 24	    -9.97981	     -9.3777	     21.9544	 0	[(0, 87)]
 88	  0	 24	    -9.97981	     -9.3777	     21.9544	 0	[(0, 88)]
 89	  0	 25	    -9.97981	    -9.52962	     22.0966	 0	[(0, 89)]
 90	  0	 25	    -9.97981	    -9.52962	     22.0966	 0	[(0, 90)]
 91	  0	 25	    -9.97981	    -9.52962	     22.0966	 0	[(0, 91)]
 92	  0	 25	    -9.97981	    -9.52962	     22.0966	 0	[(0, 92)]
 93	  0	 25	    -9.97981	    -9.52962	     22.0966	 0	[(0, 93)]
 94	  0	 25	    -9.97981	    -9.52962	     22.0966	 0	[(0, 94)]
 95	  0	 28	    -9.97981	    -1.01625	     22.3577	 2	[(0, 95)]
 96	  0	 30	    -9.97981	     1.68342	     24.8973	 2	[(0, 96)]
 97	  0	 31	    -9.97981	     1.02199	     27.1497	 2	[(0, 97)]
 98	  0	 33	    -9.97981	    -1.99791	     29.2707	 2	[(0, 98)]
 99	  0	 35	    -9.97981	    -8.34926	     31.8544	 1	[(0, 99)]
100	  0	 36	    -9.97981	    -9.75261	      33.633	 1	[(0, 100)]
101	  0	 37	    -9.97981	    -9.07233	     34.0072	 1	[(0, 101)]
102	  0	 37	    -9.97981	    -9.07233	     34.0072	 1	[(0, 102)]
103	  0	 38	     -10.387	     -10.387	     34.7418	 1	[(0, 103)]
104	  0	 38	     -10.387	     -10.387	     34.7418	 1	[(0, 104)]
105	  0	 39	     -10.387	    -3.62672	     34.8837	 2	[(0, 105)]
106	  0	 39	     -10.387	    -3.62672	     34.8837	 2	[(0, 106)]
107	  0	 39	     -10.387	    -3.62672	     34.8837	 2	[(0, 107)]
108	  0	 39	     -10.387	    -3.62672	     34.8837	 2	[(0, 108)]
109	  0	 41	     -10.387	  -0.0528944	     35.9346	 3	[(0, 109)]
110	  0	 43	     -10.387	   -0.999298	     37.7213	 3	[(0, 110)]
111	  0	 45	     -10.387	    -1.27701	     40.2237	 2	[(0, 111)]
112	  0	 46	     -10.387	    -4.29828	      41.691	 2	[(0, 112)]
113	  0	 47	     -10.387	    -6.45404	     42.9336	 2	[(0, 113)]
114	  0	 48	     -10.387	    -7.48543	     43.9313	 2	[(0, 114)]
115	  0	 49	     -10.387	    -8.53613	     44.8828	 2	[(0, 115)]
116	  0	 50	     -10.387	     -9.6978	     45.8795	 2	[(0, 116)]
117	  0	 51	     -10.387	    -9.22501	     46.3418	 2	[(0, 117)]
118	  0	 51	     -10.387	    -9.22501	     46.3418	 2	[(0, 118)]
119	  0	 51	     -10.387	    -9.22501	     46.3418	 2	[(0, 119)]
120	  0	 51	     -10.387	    -9.22501	     46.3418	 2	[(0, 120)]
121	  0	 51	     -10.387	    -9.22501	     46.3418	 2	[(0, 121)]
122	  0	 51	     -10.387	    -9.22501	     46.3418	 2	[(0, 122)]
123	  0	 51	     -10.387	    -9.22501	     46.3418	 2	[(0, 123)]
