L	Ls	nvertices	F_L	F_L_constrained	rho_sum	nloops	regions
  7	  0	  0	           0	           0	           0	 0	[(0, 7)]
  8	  0	  0	           0	           0	           0	 0	[(0, 8)]
  9	  0	  0	           0	           0	           0	 0	[(0, 9)]
 10	  0	  0	           0	           0	           0	 0	[(0, 10)]
 11	  0	  0	           0	           0	           0	 0	[(0, 11)]
 12	  0	  0	           0	           0	           0	 0	[(0, 12)]
 13	  0	  0	           0	           0	           0	 0	[(0, 13)]
 14	  0	  0	           0	           0	           0	 0	[(0, 14)]
 15	  0	  0	           0	           0	           0	 0	[(0, 15)]
 16	  0	  0	           0	           0	           0	 0	[(0, 16)]
 17	  0	  0	           0	           0	           0	 0	[(0, 17)]
 18	  0	  0	           0	           0	           0	 0	[(0, 18)]
 19	  0	  0	           0	           0	           0	 0	[(0, 19)]
 20	  0	  5	   -0.253016	   -0.253016	     0.25336	 0	[(0, 20)]
 21	  0	  5	   -0.253016	   -0.253016	     0.25336	 0	[(0, 21)]
 22	  0	  7	   -0.392592	   -0.392592	    0.413578	 0	[(0, 22)]
 23	 19	  4	   -0.392592	     2.25561	    0.296427	 1	[(19, 23)]
 24	  0	 11	   -0.392592	      3.4306	     6.01819	 0	[(0, 24)]
 25	  0	 12	   -0.392592	     3.46964	     6.53193	 0	[(0, 25)]
 26	  0	 13	   -0.392592	     2.71202	     8.73378	 0	[(0, 26)]
 27	  0	 15	   -0.392592	      2.0979	     10.3121	 0	[(0, 27)]
 28	  0	 16	   -0.392592	      1.9761	     11.2304	 0	[(0, 28)]
 29	  0	 17	   -0.392592	     2.01826	     11.9577	 0	[(0, 29)]
 30	  0	 18	   -0.392592	     1.95949	     12.8322	 0	[(0, 30)]
 31	  0	 19	   -0.392592	      1.4893	     14.1372	 0	[(0, 31)]
 32	  0	 20	   -0.392592	     1.49337	     15.0707	 0	[(0, 32)]
 33	  0	 21	   -0.392592	     1.50017	     15.9514	 0	[(0, 33)]
 34	  0	 22	   -0.392592	     1.37689	     16.8886	 0	[(0, 34)]
 35	  0	 23	   -0.392592	     1.24105	     17.9732	 0	[(0, 35)]
 36	  0	 24	   -0.392592	     1.14024	     18.9842	 0	[(0, 36)]
 37	  0	 25	   -0.392592	    0.769305	     20.1171	 0	[(0, 37)]
 38	  0	 26	   -0.392592	    0.348888	     21.1903	 0	[(0, 38)]
 39	  0	 27	   -0.392592	   -0.087724	     22.2326	 0	[(0, 39)]
 40	  0	 28	   -0.392592	    0.509873	     22.3825	 0	[(0, 40)]
 41	  0	 29	   -0.420235	   -0.420235	     23.8115	 0	[(0, 41)]
 42	  0	 30	   -0.420235	   0.0437912	     23.8809	 0	[(0, 42)]
 43	  0	 30	   -0.420235	   0.0437912	     23.8809	 0	[(0, 43)]
 44	  0	 31	   -0.745526	   -0.745526	     24.9353	 0	[(0, 44)]
 45	  0	 32	   -0.745526	   -0.501694	     24.8664	 0	[(0, 45)]
 46	 19	 28	   -0.745526	     3.50364	     24.9173	 0	[(19, 46)]
 47	 19	 29	   -0.745526	     3.96851	     25.5193	 0	[(19, 47)]
 48	 19	 30	   -0.745526	      4.0674	     26.1487	 0	[(19, 48)]
 49	 19	 30	   -0.745526	      4.0674	     26.1487	 0	[(19, 49)]
 50	 19	 31	   -0.745526	     3.90198	     26.3043	 0	[(19, 50)]
 51	 19	 31	   -0.745526	     3.90198	     26.3043	 0	[(19, 51)]
 52	 19	 31	   -0.745526	     3.90198	     26.3043	 0	[(19, 52)]
 53	 19	 31	   -0.745526	     3.90198	     26.3043	 0	[(19, 53)]
 54	 19	 31	   -0.745526	     3.90198	     26.3043	 0	[(19, 54)]
 55	 19	 31	   -0.745526	     3.90198	     26.3043	 0	[(19, 55)]
 56	 19	 31	   -0.745526	     3.90198	     26.3043	 0	[(19, 56)]
 57	 19	 31	   -0.745526	     3.90198	     26.3043	 0	[(19, 57)]
 58	 19	 33	   -0.745526	     7.64402	     26.5693	 1	[(19, 58)]
 59	 19	 33	   -0.745526	     7.64402	     26.5693	 1	[(19, 59)]
 60	 19	 33	   -0.745526	     7.64402	     26.5693	 1	[(19, 60)]
 61	 54	 37	   -0.745526	     5.47328	     25.3265	 2	[(0, 45), (54, 61)]
 62	 54	 40	   -0.745526	     1.66463	     25.1686	 1	[(0, 45), (54, 62)]
 63	 54	 42	   -0.745526	     4.92835	     30.8986	 0	[(0, 45), (54, 63)]
 64	 54	 43	   -0.745526	     4.72177	     31.1873	 0	[(0, 45), (54, 64)]
 65	 54	 44	   -0.745526	     4.49887	     31.5415	 0	[(0, 45), (54, 65)]
 66	 54	 45	   -0.745526	     4.42866	     31.9386	 0	[(0, 45), (54, 66)]
 67	 54	 46	   -0.745526	     4.30488	     32.3814	 0	[(0, 45), (54, 67)]
 68	 54	 47	   -0.745526	     4.26538	     33.7241	 0	[(0, 45), (54, 68)]
 69	 54	 48	   -0.745526	     4.10363	     34.8438	 0	[(0, 45), (54, 69)]
 70	 54	 49	   -0.745526	       3.984	     35.8453	 0	[(0, 45), (54, 70)]
 71	 54	 50	   -0.745526	     3.74971	     36.9172	 0	[(0, 45), (54, 71)]
 72	 54	 51	   -0.745526	     1.81633	     38.2773	 0	[(0, 45), (54, 72)]
 73	 54	 52	   -0.745526	    0.253051	     39.3814	 0	[(0, 45), (54, 73)]
 74	 54	 53	    -1.14156	    -1.14156	     40.3673	 0	[(0, 45), (54, 74)]
 75	 54	 54	    -1.14156	   -0.690303	     40.8579	 0	[(0, 45), (54, 75)]
 76	 54	 55	    -1.14156	   -0.164121	     40.7684	 0	[(0, 45), (54, 76)]
 77	 54	 55	    -1.14156	   -0.164121	     40.7684	 0	[(0, 45), (54, 77)]
 78	 54	 55	    -1.14156	   -0.164121	     40.7684	 0	[(0, 45), (54, 78)]
 79	 54	 55	    -1.14156	   -0.164121	     40.7684	 0	[(0, 45), (54, 79)]
 80	 54	 55	    -1.14156	   -0.164121	     40.7684	 0	[(0, 45), (54, 80)]
 81	  0	 74	    -1.14156	     2.47428	     67.4115	 2	[(0, 81)]
 82	  0	 75	    -1.14156	     2.51179	      67.884	 2	[(0, 82)]
 83	  0	 77	    -1.14156	     4.42147	     67.5517	 2	[(0, 83)]
 84	  0	 77	    -1.14156	     4.42147	     67.5517	 2	[(0, 84)]
 85	  0	 78	    -1.14156	      6.8712	     67.6892	 3	[(0, 85)]
 86	 81	 57	    -1.14156	     3.21372	     41.1436	 1	[(0, 45), (54, 75), (81, 86)]
 87	 81	 60	    -1.14156	   -0.944587	     41.1291	 0	[(0, 45), (54, 75), (81, 87)]
 88	 81	 62	    -1.14156	   -0.862957	     41.0365	 0	[(0, 45), (54, 75), (81, 88)]
 89	 81	 63	    -1.14156	     4.49767	     46.8375	 0	[(0, 45), (54, 75), (81, 89)]
 90	 81	 64	    -1.14156	     4.40166	     47.2516	 0	[(0, 45), (54, 75), (81, 90)]
 91	 81	 65	    -1.14156	     4.99531	     47.5419	 0	[(0, 45), (54, 75), (81, 91)]
 92	 81	 66	    -1.14156	     5.19357	     47.5436	 0	[(0, 45), (54, 75), (81, 92)]
 93	 81	 67	    -1.14156	      5.1869	      47.674	 0	[(0, 45), (54, 75), (81, 93)]
 94	 81	 68	    -1.14156	      5.2114	     47.6796	 0	[(0, 45), (54, 75), (81, 94)]
 95	 81	 69	    -1.14156	     7.04675	     51.0745	 0	[(0, 45), (54, 75), (81, 95)]
 96	 81	 70	    -1.14156	      6.9163	     52.1187	 0	[(0, 45), (54, 75), (81, 96)]
 97	 81	 71	    -1.14156	     6.93969	     53.1619	 0	[(0, 45), (54, 75), (81, 97)]
 98	 81	 72	    -1.14156	     6.95295	     53.9445	 0	[(0, 45), (54, 75), (81, 98)]
 99	  0	 93	    -1.14156	     7.01701	       85.52	 2	[(0, 99)]
100	  0	 94	    -1.14156	     5.58055	     86.6165	 2	[(0, 100)]
101	  0	 95	    -1.14156	     3.94492	     87.6441	 2	[(0, 101)]
102	  0	 96	    -1.14156	     2.69841	     88.6176	 2	[(0, 102)]
103	  0	 97	    -1.14156	     1.78854	     90.0161	 2	[(0, 103)]
104	  0	 98	    -1.14156	     2.25608	     90.4677	 2	[(0, 104)]
105	  0	 99	    -1.14156	     2.45731	     90.8249	 2	[(0, 105)]
106	  0	100	    -1.14156	     2.71415	      90.395	 2	[(0, 106)]
107	  0	101	    -1.14156	     2.61518	     90.4811	 2	[(0, 107)]
108	  0	102	    -1.14156	     2.59273	     90.4962	 2	[(0, 108)]
109	  0	102	    -1.14156	     2.59273	     90.4962	 2	[(0, 109)]
110	  0	103	    -1.14156	     2.46396	     90.6199	 2	[(0, 110)]
111	  0	104	    -1.14156	     2.00558	     91.0907	 2	[(0, 111)]
112	  0	104	    -1.14156	     2.00558	     91.0907	 2	[(0, 112)]
113	  0	105	    -1.14156	     1.77016	     91.3176	 2	[(0, 113)]
114	  0	106	    -1.14156	     1.81307	     91.2983	 2	[(0, 114)]
115	 98	 64	    -1.14156	     2.97085	     41.5232	 1	[(0, 45), (54, 75), (98, 115)]
116	  0	108	    -1.14156	     4.50273	     93.7155	 3	[(0, 116)]
117	  0	109	    -1.14156	     2.71766	     95.0032	 3	[(0, 117)]
118	  0	111	    -1.14156	     1.90298	     96.0412	 3	[(0, 118)]
119	  0	112	    -1.14156	   -0.255148	     98.6461	 3	[(0, 119)]
120	  0	113	    -1.14156	    0.306254	     99.2567	 3	[(0, 120)]
121	  0	114	    -1.14156	    0.230429	     101.814	 3	[(0, 121)]
122	  0	115	    -1.14156	   -0.257842	     103.084	 3	[(0, 122)]
123	  0	117	    -1.14156	     1.37508	     102.782	 3	[(0, 123)]
124	  0	117	    -1.14156	     1.37508	     102.782	 3	[(0, 124)]
125	  0	118	    -1.14156	      3.0663	     103.771	 4	[(0, 125)]
126	121	  5	    -1.14156	     2.37642	    0.271786	 1	[(121, 126)]
127	  0	120	    -1.14156	     2.59345	     106.218	 4	[(0, 127)]
128	  0	122	    -1.14156	     2.62417	      106.89	 3	[(0, 128)]
129	  0	123	    -1.14156	     2.65531	     107.085	 3	[(0, 129)]
130	  0	124	    -1.14156	     2.71231	     107.186	 3	[(0, 130)]
131	  0	125	    -1.14156	     3.57614	     110.336	 3	[(0, 131)]
132	  0	126	    -1.14156	      3.8202	     111.214	 3	[(0, 132)]
133	  0	127	    -1.14156	     3.95109	     111.941	 3	[(0, 133)]
134	  0	128	    -1.14156	     3.84395	     113.694	 3	[(0, 134)]
135	  0	129	    -1.14156	     3.87565	     114.691	 3	[(0, 135)]
136	  0	130	    -1.14156	     3.78898	     115.713	 3	[(0, 136)]
137	  0	131	    -1.14156	     3.67359	     116.699	 3	[(0, 137)]
138	  0	132	    -1.14156	     2.13983	     118.125	 3	[(0, 138)]
139	  0	133	    -1.14156	     1.72216	         119	 3	[(0, 139)]
140	  0	133	    -1.14156	     1.72216	         119	 3	[(0, 140)]
141	  0	133	    -1.14156	     1.72216	         119	 3	[(0, 141)]
142	  0	133	    -1.14156	     1.72216	         119	 3	[(0, 142)]
143	  0	133	    -1.14156	     1.72216	         119	 3	[(0, 143)]
144	  0	133	    -1.14156	     1.72216	         119	 3	[(0, 144)]
145	  0	133	    -1.14156	     1.72216	         119	 3	[(0, 145)]
146	  0	133	    -1.14156	     1.72216	         119	 3	[(0, 146)]
147	  0	133	    -1.14156	     1.72216	         119	 3	[(0, 147)]
148	  0	133	    -1.14156	     1.72216	         119	 3	[(0, 148)]
149	121	 19	    -1.14156	     4.07578	     16.0328	 0	[(121, 149)]
150	121	 19	    -1.14156	     4.07578	     16.0328	 0	[(121, 150)]
151	121	 19	    -1.14156	     4.07578	     16.0328	 0	[(121, 151)]
152	146	119	    -1.14156	     5.64543	     103.556	 5	[(0, 122), (146, 152)]
153	146	122	    -1.14156	     1.92164	     103.367	 4	[(0, 122), (146, 153)]
154	121	 28	    -1.14156	     2.87542	      10.218	 0	[(121, 154)]
155	146	125	    -1.14156	     4.63664	     109.105	 3	[(0, 122), (146, 155)]
156	146	126	    -1.14156	     4.32862	     109.438	 3	[(0, 122), (146, 156)]
157	146	127	    -1.14156	      4.1386	     110.304	 3	[(0, 122), (146, 157)]
158	146	128	    -1.14156	     4.04244	     111.383	 3	[(0, 122), (146, 158)]
159	146	129	    -1.14156	     3.96975	     112.328	 3	[(0, 122), (146, 159)]
160	146	130	    -1.14156	      3.8566	     113.306	 3	[(0, 122), (146, 160)]
161	146	131	    -1.14156	      3.4293	     114.491	 3	[(0, 122), (146, 161)]
162	146	132	    -1.14156	     3.28783	     115.464	 3	[(0, 122), (146, 162)]
163	146	133	    -1.14156	     3.08892	     116.447	 3	[(0, 122), (146, 163)]
164	146	134	    -1.14156	     3.05399	     117.293	 3	[(0, 122), (146, 164)]
165	146	135	    -1.14156	     3.06609	     118.163	 3	[(0, 122), (146, 165)]
166	146	136	    -1.14156	     2.92208	     119.211	 3	[(0, 122), (146, 166)]
167	146	137	    -1.14156	      2.8717	     120.036	 3	[(0, 122), (146, 167)]
168	146	138	    -1.14156	     3.34686	     119.418	 3	[(0, 122), (146, 168)]
169	146	138	    -1.14156	     3.34686	     119.418	 3	[(0, 122), (146, 169)]
170	  0	162	    -1.14156	     4.67244	     144.556	 5	[(0, 170)]
171	  0	163	    -1.14156	     5.02389	     145.148	 5	[(0, 171)]
172	  0	165	    -1.14156	      3.8264	     147.501	 4	[(0, 172)]
173	  0	166	    -1.14156	     2.47111	     148.716	 4	[(0, 173)]
174	  0	168	    -1.14156	     1.56766	     150.513	 3	[(0, 174)]
175	  0	169	     -1.3751	     -1.3751	     153.477	 3	[(0, 175)]
176	  0	170	    -2.29656	    -2.29656	     155.259	 3	[(0, 176)]
177	  0	170	    -2.29656	    -2.29656	     155.259	 3	[(0, 177)]
178	  0	171	    -2.52052	    -2.52052	     155.485	 3	[(0, 178)]
179	  0	172	    -2.52935	    -2.52935	     155.653	 3	[(0, 179)]
180	  0	174	    -2.52935	    -1.09126	     155.397	 3	[(0, 180)]
181	  0	174	    -2.52935	    -1.09126	     155.397	 3	[(0, 181)]
182	  0	174	    -2.52935	    -1.09126	     155.397	 3	[(0, 182)]
183	  0	174	    -2.52935	    -1.09126	     155.397	 3	[(0, 183)]
184	180	  3	    -2.52935	     3.89343	    0.300063	 1	[(180, 184)]
185	180	  5	    -2.52935	   -0.247427	      0.2675	 0	[(180, 185)]
186	  0	180	    -2.52935	      4.2933	     155.451	 4	[(0, 186)]
187	180	  8	    -2.52935	     4.55929	     5.98188	 0	[(180, 187)]
188	180	  9	    -2.52935	     4.56995	     6.44408	 0	[(180, 188)]
189	180	 10	    -2.52935	     4.66869	     7.51122	 0	[(180, 189)]
190	180	 11	    -2.52935	     4.74071	     8.41122	 0	[(180, 190)]
191	180	 12	    -2.52935	     4.75745	     9.45517	 0	[(180, 191)]
192	180	 13	    -2.52935	     4.41236	     10.8462	 0	[(180, 192)]
193	180	 14	    -2.52935	     4.36276	     11.8358	 0	[(180, 193)]
194	180	 15	    -2.52935	     4.11918	     12.8805	 0	[(180, 194)]
195	180	 16	    -2.52935	     4.08541	     13.7387	 0	[(180, 195)]
196	180	 17	    -2.52935	     4.62379	     13.4082	 0	[(180, 196)]
197	180	 17	    -2.52935	     4.62379	     13.4082	 0	[(180, 197)]
198	  0	192	    -2.52935	     3.57201	     172.006	 4	[(0, 198)]
199	  0	193	    -2.52935	     1.48885	     173.026	 4	[(0, 199)]
200	  0	194	    -2.52935	    0.101126	         174	 4	[(0, 200)]
201	  0	195	    -2.67719	    -2.67719	     175.039	 4	[(0, 201)]
202	  0	196	     -3.6763	     -3.6763	     175.965	 4	[(0, 202)]
203	  0	197	    -9.46612	    -9.46612	     177.072	 4	[(0, 203)]
204	  0	198	    -9.46612	    -9.14092	     177.685	 4	[(0, 204)]
205	  0	199	    -9.46612	    -8.64846	     177.904	 4	[(0, 205)]
206	  0	200	    -9.46612	    -8.91931	     180.116	 4	[(0, 206)]
207	  0	201	    -9.46612	    -8.51117	     178.519	 4	[(0, 207)]
208	  0	202	    -9.46612	    -8.45938	     177.953	 4	[(0, 208)]
209	  0	203	    -9.46612	    -8.47375	     177.961	 4	[(0, 209)]
210	  0	204	    -9.46612	    -8.48174	     177.956	 4	[(0, 210)]
211	  0	205	    -9.46612	    -8.50778	     177.982	 4	[(0, 211)]
212	  0	206	    -9.46612	    -5.79635	     185.953	 4	[(0, 212)]
213	  0	207	    -9.46612	    -6.05284	     187.459	 4	[(0, 213)]
214	  0	208	    -9.46612	    -6.23396	     188.421	 4	[(0, 214)]
215	  0	209	    -9.46612	    -6.54909	     189.402	 4	[(0, 215)]
216	  0	210	    -9.46612	    -7.18381	     190.513	 4	[(0, 216)]
217	  0	211	    -9.46612	    -7.35791	     191.446	 4	[(0, 217)]
218	  0	212	    -9.46612	    -7.64957	     192.419	 4	[(0, 218)]
219	  0	213	    -11.2664	    -11.2664	     193.848	 4	[(0, 219)]
220	  0	214	    -13.1629	    -13.1629	     194.942	 4	[(0, 220)]
221	  0	215	    -13.1629	    -12.3779	     195.234	 4	[(0, 221)]
222	  0	215	    -13.1629	    -12.3779	     195.234	 4	[(0, 222)]
223	  0	215	    -13.1629	    -12.3779	     195.234	 4	[(0, 223)]
224	  0	215	    -13.1629	    -12.3779	     195.234	 4	[(0, 224)]
225	  0	216	    -13.1629	    -12.8163	      195.62	 4	[(0, 225)]
226	  0	217	    -13.1629	    -7.51796	     195.838	 5	[(0, 226)]
227	  0	218	    -13.1629	    -8.52856	     197.007	 5	[(0, 227)]
228	  0	219	    -13.1629	     -10.721	     198.357	 5	[(0, 228)]
229	  0	220	    -13.1629	     -12.797	     199.406	 5	[(0, 229)]
230	  0	221	    -13.1629	    -12.2538	     199.867	 5	[(0, 230)]
231	  0	222	    -13.1629	    -12.2902	     200.466	 5	[(0, 231)]
232	  0	223	    -13.1629	    -12.0419	     200.429	 5	[(0, 232)]
233	  0	224	    -13.1629	    -11.9128	     200.182	 5	[(0, 233)]
234	  0	225	    -13.1629	    -11.8724	     200.073	 5	[(0, 234)]
235	  0	225	    -13.1629	    -11.8724	     200.073	 5	[(0, 235)]
236	  0	225	    -13.1629	    -11.8724	     200.073	 5	[(0, 236)]
237	  0	226	    -13.1629	     -7.8775	      200.41	 6	[(0, 237)]
238	  0	228	    -13.1629	     -9.6241	       200.3	 6	[(0, 238)]
239	  0	230	    -13.1629	    -7.22023	     207.583	 5	[(0, 239)]
240	  0	231	    -13.1629	    -7.77738	     207.765	 5	[(0, 240)]
241	  0	232	    -13.1629	    -7.58403	     208.137	 5	[(0, 241)]
242	  0	233	    -13.1629	    -7.26158	     208.527	 5	[(0, 242)]
243	  0	233	    -13.1629	    -7.26158	     208.527	 5	[(0, 243)]
244	  0	234	    -13.1629	    -7.40386	     208.681	 5	[(0, 244)]
245	  0	235	    -13.1629	    -8.48179	     210.348	 5	[(0, 245)]
246	  0	237	    -13.1629	    -6.73117	     212.772	 5	[(0, 246)]
247	  0	238	    -13.1629	    -6.19993	     213.246	 5	[(0, 247)]
248	  0	239	    -13.1629	    -5.82473	     212.719	 5	[(0, 248)]
249	  0	240	    -13.1629	    -9.08126	     215.045	 5	[(0, 249)]
250	  0	241	    -13.2535	    -13.2535	     216.162	 5	[(0, 250)]
251	  0	242	      -14.44	      -14.44	     217.345	 5	[(0, 251)]
252	  0	243	      -14.44	    -14.1842	     218.063	 5	[(0, 252)]
253	  0	243	      -14.44	    -14.1842	     218.063	 5	[(0, 253)]
254	  0	244	      -14.44	    -14.3437	      218.12	 5	[(0, 254)]
255	  0	244	      -14.44	    -14.3437	      218.12	 5	[(0, 255)]
256	  0	246	      -14.44	    -13.6312	     217.875	 5	[(0, 256)]
257	  0	247	      -14.44	    -13.6156	     217.872	 5	[(0, 257)]
258	  0	247	      -14.44	    -13.6156	     217.872	 5	[(0, 258)]
259	  0	249	      -14.44	    -13.5866	      217.81	 5	[(0, 259)]
260	  0	249	      -14.44	    -13.5866	      217.81	 5	[(0, 260)]
261	  0	249	      -14.44	    -13.5866	      217.81	 5	[(0, 261)]
262	  0	249	      -14.44	    -13.5866	      217.81	 5	[(0, 262)]
263	  0	249	      -14.44	    -13.5866	      217.81	 5	[(0, 263)]
264	  0	252	      -14.44	    -1.79755	     218.021	 7	[(0, 264)]
265	  0	254	      -14.44	    -3.24693	     218.003	 7	[(0, 265)]
266	  0	256	      -14.44	    -5.66453	     217.851	 6	[(0, 266)]
267	  0	257	      -14.44	    -5.68431	     217.926	 6	[(0, 267)]
268	  0	258	      -14.44	    -1.03944	     223.966	 6	[(0, 268)]
269	  0	259	      -14.44	    -1.55497	     225.323	 6	[(0, 269)]
270	  0	260	      -14.44	    -1.72465	      226.36	 6	[(0, 270)]
271	  0	261	      -14.44	     -2.1969	     227.426	 6	[(0, 271)]
272	  0	262	      -14.44	    -2.52695	     228.381	 6	[(0, 272)]
273	  0	263	      -14.44	     -2.4439	     229.156	 6	[(0, 273)]
274	  0	264	      -14.44	    -3.84664	     230.474	 6	[(0, 274)]
275	  0	265	      -14.44	    -4.04327	      231.28	 6	[(0, 275)]
276	  0	266	      -14.44	    -3.59691	     231.606	 6	[(0, 276)]
277	  0	266	      -14.44	    -3.59691	     231.606	 6	[(0, 277)]
278	  0	267	      -14.44	    -3.95702	     231.911	 6	[(0, 278)]
279	  0	268	      -14.44	    -3.95615	     232.067	 6	[(0, 279)]
280	  0	269	      -14.44	     1.21321	     232.021	 7	[(0, 280)]
281	  0	270	      -14.44	     1.42663	     232.125	 7	[(0, 281)]
282	  0	271	      -14.44	     1.53907	     232.631	 7	[(0, 282)]
283	  0	272	      -14.44	     1.60545	     232.076	 7	[(0, 283)]
284	  0	273	      -14.44	    0.923808	     232.752	 7	[(0, 284)]
285	  0	274	      -14.44	      1.1178	     232.862	 7	[(0, 285)]
286	  0	275	      -14.44	     1.80557	     237.657	 7	[(0, 286)]
287	  0	276	      -14.44	     1.18455	     239.271	 7	[(0, 287)]
288	  0	277	      -14.44	    -1.66298	     240.659	 7	[(0, 288)]
289	  0	278	      -14.44	    -4.43729	     241.815	 7	[(0, 289)]
290	  0	279	      -14.44	    -4.99388	     242.701	 7	[(0, 290)]
291	  0	280	      -14.44	    -8.49196	      243.82	 7	[(0, 291)]
292	  0	281	      -14.44	    -10.0176	     244.797	 7	[(0, 292)]
293	  0	282	      -14.44	    -10.5171	     245.692	 7	[(0, 293)]
294	  0	283	      -14.44	    -10.6482	     246.457	 7	[(0, 294)]
295	  0	284	      -14.44	    -10.8835	      247.31	 7	[(0, 295)]
296	  0	285	      -14.44	    -10.9061	      248.15	 7	[(0, 296)]
297	  0	286	      -14.44	    -11.7569	      249.67	 7	[(0, 297)]
298	  0	287	      -14.44	    -11.7516	     250.518	 7	[(0, 298)]
299	  0	288	      -14.44	    -11.8068	     251.422	 7	[(0, 299)]
300	  0	289	      -14.44	    -12.1333	     252.611	 7	[(0, 300)]
301	  0	290	      -14.44	    -12.2349	     253.644	 7	[(0, 301)]
302	  0	291	      -14.44	    -12.3476	     254.641	 7	[(0, 302)]
303	  0	292	      -14.44	    -12.4017	      255.46	 7	[(0, 303)]
304	  0	293	      -14.44	    -11.9093	     255.051	 7	[(0, 304)]
305	  0	294	      -14.44	    -13.1263	     256.813	 7	[(0, 305)]
306	  0	295	      -14.44	    -12.5948	     256.202	 7	[(0, 306)]
307	  0	296	      -14.44	    -12.4899	     255.937	 7	[(0, 307)]
308	  0	296	      -14.44	    -12.4899	     255.937	 7	[(0, 308)]
309	  0	297	      -14.44	    -10.3208	     256.527	 8	[(0, 309)]
310	  0	298	      -14.44	    -10.9184	     260.959	 8	[(0, 310)]
311	  0	300	      -14.44	    -11.4085	     263.237	 7	[(0, 311)]
312	  0	301	      -14.44	    -11.6425	     264.276	 7	[(0, 312)]
313	  0	302	      -14.44	    -12.6368	     265.545	 7	[(0, 313)]
314	  0	303	      -14.44	    -12.1346	      265.93	 7	[(0, 314)]
315	  0	304	      -14.44	    -11.7156	     265.716	 7	[(0, 315)]
316	  0	305	      -14.44	    -11.7742	     265.916	 7	[(0, 316)]
317	  0	306	      -14.44	    -11.8337	     265.888	 7	[(0, 317)]
318	  0	306	      -14.44	    -11.8337	     265.888	 7	[(0, 318)]
319	  0	307	      -14.44	    -12.0797	     266.108	 7	[(0, 319)]
320	  0	307	      -14.44	    -12.0797	     266.108	 7	[(0, 320)]
321	  0	308	      -14.44	    -12.2961	     266.304	 7	[(0, 321)]
322	  0	309	    -15.1334	    -15.1334	     267.994	 7	[(0, 322)]
323	  0	310	    -15.1334	    -14.8155	     268.525	 7	[(0, 323)]
324	  0	312	    -15.1334	    -13.6361	     268.044	 7	[(0, 324)]
325	  0	313	    -15.1334	    -12.8102	      272.47	 7	[(0, 325)]
326	  0	315	    -15.1334	    -12.1775	     275.448	 7	[(0, 326)]
327	  0	316	    -15.1334	    -11.4403	     275.889	 7	[(0, 327)]
328	  0	317	    -15.1334	    -11.1074	     275.998	 7	[(0, 328)]
329	  0	318	    -15.1334	    -10.9835	     275.506	 7	[(0, 329)]
330	  0	319	    -15.1334	    -10.9727	     275.438	 7	[(0, 330)]
331	  0	319	    -15.1334	    -10.9727	     275.438	 7	[(0, 331)]
332	  0	320	    -15.1334	    -11.1167	     275.615	 7	[(0, 332)]
333	  0	321	    -15.1334	    -14.7506	     283.847	 7	[(0, 333)]
334	  0	322	    -20.8956	    -20.8956	      285.76	 7	[(0, 334)]
335	  0	323	    -23.2017	    -23.2017	     287.019	 7	[(0, 335)]
336	  0	324	    -25.2905	    -25.2905	      288.03	 7	[(0, 336)]
337	  0	325	    -25.3477	    -25.3477	     288.884	 7	[(0, 337)]
338	  0	326	    -25.3477	    -12.1546	     289.166	 9	[(0, 338)]
339	  0	327	    -25.3477	    -11.7894	     292.469	 9	[(0, 339)]
340	  0	328	    -25.3477	    -14.3935	     295.501	 9	[(0, 340)]
341	  0	329	    -25.3477	    -16.5979	      296.57	 9	[(0, 341)]
342	  0	330	    -25.3477	    -17.6701	     297.719	 9	[(0, 342)]
343	  0	331	    -25.3477	    -18.9057	      298.71	 9	[(0, 343)]
344	  0	332	    -25.3477	    -19.9266	     300.437	 9	[(0, 344)]
345	  0	333	    -25.3477	      -19.32	     300.828	 9	[(0, 345)]
346	  0	334	    -25.3477	     -19.407	     301.485	 9	[(0, 346)]
347	  0	335	    -25.3477	    -19.0449	     301.056	 9	[(0, 347)]
348	  0	336	    -25.3477	    -14.5697	     300.957	10	[(0, 348)]
349	  0	337	    -25.3477	    -15.2309	     302.428	10	[(0, 349)]
350	  0	338	    -25.3477	     -18.625	     304.894	10	[(0, 350)]
351	  0	339	    -25.3477	    -22.4118	      306.65	10	[(0, 351)]
352	  0	340	    -25.3477	     -23.695	     307.586	10	[(0, 352)]
353	  0	341	    -25.6313	    -25.6313	     308.588	10	[(0, 353)]
354	  0	342	      -28.26	      -28.26	     309.649	10	[(0, 354)]
355	  0	343	    -29.3783	    -29.3783	      310.62	10	[(0, 355)]
356	  0	344	    -29.3783	    -28.8753	     311.113	10	[(0, 356)]
357	  0	344	    -29.3783	    -28.8753	     311.113	10	[(0, 357)]
358	  0	344	    -29.3783	    -28.8753	     311.113	10	[(0, 358)]
359	  0	345	    -30.5703	    -30.5703	     312.128	10	[(0, 359)]
360	  0	346	    -30.5703	    -27.7868	     313.296	11	[(0, 360)]
361	  0	348	    -30.5703	    -27.1982	     314.911	11	[(0, 361)]
362	  0	349	    -30.5703	    -28.0507	     316.002	11	[(0, 362)]
363	  0	350	    -30.5703	    -27.5315	     316.455	11	[(0, 363)]
364	  0	351	    -30.5703	    -27.5163	       320.2	11	[(0, 364)]
365	  0	352	    -30.5703	    -26.9971	     320.714	11	[(0, 365)]
366	  0	353	    -30.5703	    -26.7306	     320.002	11	[(0, 366)]
367	  0	353	    -30.5703	    -26.7306	     320.002	11	[(0, 367)]
368	  0	354	    -30.5703	     -27.035	     320.284	11	[(0, 368)]
369	  0	355	    -30.5703	    -26.9737	     320.266	11	[(0, 369)]
370	  0	357	    -30.5703	    -23.5756	     326.656	11	[(0, 370)]
371	  0	358	    -30.5703	     -23.036	     327.287	11	[(0, 371)]
372	  0	358	    -30.5703	     -23.036	     327.287	11	[(0, 372)]
373	  0	359	    -30.5703	    -23.1277	     327.164	11	[(0, 373)]
374	  0	360	    -30.5703	    -23.4726	     327.285	11	[(0, 374)]
375	  0	360	    -30.5703	    -23.4726	     327.285	11	[(0, 375)]
376	  0	360	    -30.5703	    -23.4726	     327.285	11	[(0, 376)]
377	  0	360	    -30.5703	    -23.4726	     327.285	11	[(0, 377)]
378	  0	360	    -30.5703	    -23.4726	     327.285	11	[(0, 378)]
379	  0	360	    -30.5703	    -23.4726	     327.285	11	[(0, 379)]
380	  0	360	    -30.5703	    -23.4726	     327.285	11	[(0, 380)]
381	  0	360	    -30.5703	    -23.4726	     327.285	11	[(0, 381)]
382	  0	360	    -30.5703	    -23.4726	     327.285	11	[(0, 382)]
383	  0	360	    -30.5703	    -23.4726	     327.285	11	[(0, 383)]
384	  0	360	    -30.5703	    -23.4726	     327.285	11	[(0, 384)]
385	  0	360	    -30.5703	    -23.4726	     327.285	11	[(0, 385)]
