L	Ls	nvertices	F_L	F_L_constrained	rho_sum	nloops	regions
  2	  0	  0	           0	           0	           0	 0	[(0, 2)]
  3	  0	  0	           0	           0	           0	 0	[(0, 3)]
  4	  0	  0	           0	           0	           0	 0	[(0, 4)]
  5	  0	  0	           0	           0	           0	 0	[(0, 5)]
  6	  0	  0	           0	           0	           0	 0	[(0, 6)]
  7	  0	  0	           0	           0	           0	 0	[(0, 7)]
  8	  0	  0	           0	           0	           0	 0	[(0, 8)]
  9	  0	  0	           0	           0	           0	 0	[(0, 9)]
 10	  0	  0	           0	           0	           0	 0	[(0, 10)]
 11	  0	  0	           0	           0	           0	 0	[(0, 11)]
 12	  0	  0	           0	           0	           0	 0	[(0, 12)]
 13	  0	  2	   -0.255674	   -0.255674	    0.241628	 0	[(0, 13)]
 14	  0	  2	   -0.255674	   -0.255674	    0.241628	 0	[(0, 14)]
 15	  0	  2	   -0.255674	   -0.255674	    0.241628	 0	[(0, 15)]
 16	  0	  2	   -0.255674	   -0.255674	    0.241628	 0	[(0, 16)]
 17	  0	  2	   -0.255674	   -0.255674	    0.241628	 0	[(0, 17)]
 18	  0	  4	   -0.383671	   -0.383671	    0.376171	 0	[(0, 18)]
 19	  0	  4	   -0.383671	   -0.383671	    0.376171	 0	[(0, 19)]
 20	  0	  4	   -0.383671	   -0.383671	    0.376171	 0	[(0, 20)]
 21	  0	  4	   -0.383671	   -0.383671	    0.376171	 0	[(0, 21)]
 22	  0	  4	   -0.383671	   -0.383671	    0.376171	 0	[(0, 22)]
 23	  0	  4	   -0.383671	   -0.383671	    0.376171	 0	[(0, 23)]
 24	  0	  4	   -0.383671	   -0.383671	    0.376171	 0	[(0, 24)]
 25	  0	  4	   -0.383671	   -0.383671	    0.376171	 0	[(0, 25)]
 26	  0	  4	   -0.383671	   -0.383671	    0.376171	 0	[(0, 26)]
 27	 14	  5	   -0.383671	     8.28905	    0.580348	 2	[(14, 27)]
 28	 14	  8	   -0.383671	     8.60129	    0.530078	 2	[(14, 28)]
 29	 14	 10	   -0.383671	     11.2184	     5.53338	 2	[(14, 29)]
 30	 14	 11	   -0.383671	     15.0702	     7.00761	 3	[(14, 30)]
 31	 14	 13	   -0.383671	     13.4322	      10.301	 2	[(14, 31)]
 32	  0	 19	   -0.383671	     10.5467	     10.6503	 1	[(0, 32)]
 33	  0	 20	   -0.383671	     11.0441	     11.0074	 1	[(0, 33)]
 34	  0	 21	   -0.383671	     11.1128	     10.7214	 1	[(0, 34)]
 35	 24	  5	   -0.383671	     7.43241	    0.596951	 2	[(24, 35)]
 36	 24	  6	   -0.383671	      7.9841	    0.573158	 2	[(24, 36)]
 37	 24	  8	   -0.383671	     8.29648	    0.526655	 2	[(24, 37)]
 38	 14	 23	   -0.383671	     9.48156	     16.9955	 1	[(14, 38)]
 39	 14	 24	   -0.383671	     8.45077	      18.429	 1	[(14, 39)]
 40	 14	 25	   -0.383671	     6.34741	     19.7246	 1	[(14, 40)]
 41	 14	 27	   -0.383671	     5.44212	     21.2704	 1	[(14, 41)]
 42	 14	 29	   -0.383671	      4.2352	     22.8962	 0	[(14, 42)]
 43	 14	 30	   -0.383671	     4.84512	     23.2654	 0	[(14, 43)]
 44	 14	 31	   -0.383671	     5.16142	     21.8309	 0	[(14, 44)]
 45	 14	 31	   -0.383671	     5.16142	     21.8309	 0	[(14, 45)]
 46	 14	 31	   -0.383671	     5.16142	     21.8309	 0	[(14, 46)]
 47	 14	 31	   -0.383671	     5.16142	     21.8309	 0	[(14, 47)]
 48	 14	 33	   -0.383671	     5.02474	     20.6825	 0	[(14, 48)]
 49	 14	 33	   -0.383671	     5.02474	     20.6825	 0	[(14, 49)]
 50	 14	 34	   -0.383671	     4.86392	     21.8528	 0	[(14, 50)]
 51	 14	 35	   -0.383671	     4.86537	     20.8656	 0	[(14, 51)]
 52	 14	 37	   -0.383671	     5.01097	     20.7106	 0	[(14, 52)]
 53	 35	 10	   -0.383671	     9.26417	     5.41726	 1	[(35, 53)]
 54	 35	 12	   -0.383671	     10.0216	     6.69847	 1	[(35, 54)]
 55	 14	 40	   -0.383671	     9.69623	     29.5527	 1	[(14, 55)]
 56	 14	 41	   -0.383671	     8.58713	     30.7981	 1	[(14, 56)]
 57	 14	 42	   -0.383671	     7.12856	     32.0721	 1	[(14, 57)]
 58	 14	 43	   -0.383671	     5.68684	     33.7493	 1	[(14, 58)]
 59	 14	 44	   -0.383671	     4.83215	     34.7089	 1	[(14, 59)]
 60	 14	 45	   -0.383671	     5.49226	     34.9922	 1	[(14, 60)]
 61	 14	 46	   -0.383671	     5.88621	     34.8296	 1	[(14, 61)]
 62	 14	 47	   -0.383671	     8.76247	     35.0522	 2	[(14, 62)]
 63	 14	 48	   -0.383671	     8.70606	     36.0267	 2	[(14, 63)]
 64	 14	 49	   -0.383671	     4.14495	     38.2099	 2	[(14, 64)]
 65	 14	 50	   -0.383671	     4.69126	     38.6562	 2	[(14, 65)]
 66	 14	 51	   -0.383671	     5.05285	     38.8488	 2	[(14, 66)]
 67	 14	 52	   -0.383671	     5.16314	     38.7654	 2	[(14, 67)]
 68	 14	 53	   -0.383671	     5.23056	      38.644	 2	[(14, 68)]
 69	 14	 54	   -0.383671	     5.22394	     38.6688	 2	[(14, 69)]
 70	 14	 54	   -0.383671	     5.22394	     38.6688	 2	[(14, 70)]
 71	 14	 55	   -0.383671	     4.87467	     39.5362	 2	[(14, 71)]
 72	 14	 55	   -0.383671	     4.87467	     39.5362	 2	[(14, 72)]
 73	 14	 55	   -0.383671	     4.87467	     39.5362	 2	[(14, 73)]
 74	 14	 55	   -0.383671	     4.87467	     39.5362	 2	[(14, 74)]
 75	 14	 55	   -0.383671	     4.87467	     39.5362	 2	[(14, 75)]
 76	 14	 55	   -0.383671	     4.87467	     39.5362	 2	[(14, 76)]
 77	 62	  2	   -0.383671	     3.70571	    0.320621	 1	[(62, 77)]
 78	 62	  5	   -0.383671	     4.31204	    0.270156	 1	[(62, 78)]
 79	 62	  7	   -0.383671	     4.36864	     0.25739	 1	[(62, 79)]
 80	 62	  9	   -0.383671	     8.73929	     6.83974	 1	[(62, 80)]
 81	 62	 11	   -0.383671	     9.79332	      8.0805	 1	[(62, 81)]
 82	 62	 13	   -0.383671	     10.6669	      9.8041	 1	[(62, 82)]
 83	 62	 15	   -0.383671	     11.6621	     11.0502	 1	[(62, 83)]
 84	 62	 17	   -0.383671	       12.08	     13.2752	 1	[(62, 84)]
 85	 14	 68	   -0.383671	     12.9133	     56.2378	 3	[(14, 85)]
 86	 14	 69	   -0.383671	     8.20343	     57.6666	 3	[(14, 86)]
 87	 14	 70	   -0.383671	     6.08989	      59.232	 3	[(14, 87)]
 88	 14	 71	   -0.383671	     5.62628	     60.3504	 3	[(14, 88)]
 89	 14	 72	   -0.383671	     5.93821	     61.0848	 3	[(14, 89)]
 90	 81	  2	   -0.383671	     3.69889	    0.337211	 1	[(81, 90)]
 91	 81	  5	   -0.383671	     4.30715	    0.276886	 1	[(81, 91)]
 92	 14	 75	   -0.383671	     3.77707	     64.4751	 3	[(14, 92)]
 93	 14	 76	   -0.383671	     2.34264	     65.6264	 3	[(14, 93)]
 94	 14	 77	   -0.383671	     1.53963	      66.596	 3	[(14, 94)]
 95	 14	 78	    -1.00138	    -1.00138	     67.7862	 3	[(14, 95)]
 96	 14	 79	    -1.71144	    -1.71144	     68.6765	 3	[(14, 96)]
 97	 14	 80	    -1.82552	    -1.82552	     69.4387	 3	[(14, 97)]
 98	 14	 80	    -1.82552	    -1.82552	     69.4387	 3	[(14, 98)]
 99	 14	 81	    -2.08991	    -2.08991	     69.6991	 3	[(14, 99)]
100	 14	 81	    -2.08991	    -2.08991	     69.6991	 3	[(14, 100)]
101	 14	 81	    -2.08991	    -2.08991	     69.6991	 3	[(14, 101)]
102	 14	 81	    -2.08991	    -2.08991	     69.6991	 3	[(14, 102)]
103	 94	  2	    -2.08991	     3.66725	    0.430613	 1	[(94, 103)]
104	 94	  4	    -2.08991	     4.19002	    0.301381	 1	[(94, 104)]
105	 14	 86	    -2.08991	     4.28522	     73.6843	 4	[(14, 105)]
106	 14	 87	    -2.08991	     3.44984	     75.9914	 4	[(14, 106)]
107	 14	 88	    -2.08991	     2.27634	      77.172	 4	[(14, 107)]
108	 14	 89	    -2.08991	   -0.791676	     78.3038	 4	[(14, 108)]
109	 14	 90	    -2.47622	    -2.47622	     79.2844	 4	[(14, 109)]
110	 14	 91	    -3.88952	    -3.88952	     80.2822	 4	[(14, 110)]
111	 14	 92	    -3.88952	    -3.25868	     80.6616	 4	[(14, 111)]
112	 14	 92	    -3.88952	    -3.25868	     80.6616	 4	[(14, 112)]
113	 14	 93	    -3.88952	    -3.41839	     80.7655	 4	[(14, 113)]
114	 14	 94	    -3.88952	    -3.41753	     80.7845	 4	[(14, 114)]
115	 14	 94	    -3.88952	    -3.41753	     80.7845	 4	[(14, 115)]
116	 14	 94	    -3.88952	    -3.41753	     80.7845	 4	[(14, 116)]
117	 14	 94	    -3.88952	    -3.41753	     80.7845	 4	[(14, 117)]
118	 14	 96	    -3.88952	    -3.53882	     80.9981	 4	[(14, 118)]
119	 14	 99	    -3.88952	    -2.87132	     80.5641	 4	[(14, 119)]
120	  0	107	    -3.88952	    -1.79792	     76.0797	 4	[(0, 120)]
121	  0	108	    -3.88952	    -1.81527	     76.0981	 4	[(0, 121)]
122	  0	109	    -3.88952	    -2.35307	     76.6828	 4	[(0, 122)]
123	  0	110	    -3.88952	    -2.21881	     76.6621	 4	[(0, 123)]
124	  0	111	    -3.88952	    -3.17047	     77.6006	 4	[(0, 124)]
125	  0	112	    -3.88952	     -2.7565	     77.3348	 4	[(0, 125)]
126	  0	113	    -3.88952	    -2.67744	     77.2524	 4	[(0, 126)]
127	  0	114	    -3.88952	    -2.69995	     77.2423	 4	[(0, 127)]
128	  0	115	    -3.92941	    -3.92941	     78.2619	 4	[(0, 128)]
129	  0	115	    -3.92941	    -3.92941	     78.2619	 4	[(0, 129)]
130	  0	116	    -4.07154	    -4.07154	     78.3967	 4	[(0, 130)]
131	  0	116	    -4.07154	    -4.07154	     78.3967	 4	[(0, 131)]
132	  0	116	    -4.07154	    -4.07154	     78.3967	 4	[(0, 132)]
133	  0	116	    -4.07154	    -4.07154	     78.3967	 4	[(0, 133)]
134	  0	116	    -4.07154	    -4.07154	     78.3967	 4	[(0, 134)]
135	  0	116	    -4.07154	    -4.07154	     78.3967	 4	[(0, 135)]
136	  0	116	    -4.07154	    -4.07154	     78.3967	 4	[(0, 136)]
137	  0	116	    -4.07154	    -4.07154	     78.3967	 4	[(0, 137)]
138	122	  4	    -4.07154	     5.58858	    0.278698	 1	[(122, 138)]
139	122	  6	    -4.07154	     5.68496	    0.282422	 1	[(122, 139)]
140	122	  8	    -4.07154	     9.23578	     5.49186	 1	[(122, 140)]
141	  0	122	    -4.07154	     9.34597	     86.0156	 6	[(0, 141)]
142	  0	123	    -4.07154	     9.18313	     87.8932	 6	[(0, 142)]
143	  0	124	    -4.07154	     6.13557	     90.0379	 6	[(0, 143)]
144	  0	125	    -4.07154	     5.55008	     91.2165	 6	[(0, 144)]
145	  0	126	    -4.07154	     6.02485	     91.6824	 6	[(0, 145)]
146	  0	126	    -4.07154	     6.02485	     91.6824	 6	[(0, 146)]
147	137	  2	    -4.07154	     3.73652	    0.255895	 1	[(137, 147)]
148	137	  5	    -4.07154	      4.3457	    0.264947	 1	[(137, 148)]
149	137	  6	    -4.07154	      4.5393	    0.254422	 1	[(137, 149)]
150	  0	130	    -4.07154	     4.58715	     95.4009	 7	[(0, 150)]
151	  0	131	    -4.07154	     4.06101	     96.3211	 7	[(0, 151)]
152	  0	132	    -4.07154	     2.24602	     97.5207	 7	[(0, 152)]
153	  0	134	    -4.07154	     2.05984	      99.123	 7	[(0, 153)]
154	  0	135	    -4.07154	     2.56644	     99.5853	 7	[(0, 154)]
155	 14	130	    -4.07154	     5.37288	     108.988	 7	[(14, 155)]
156	  0	137	    -4.07154	     3.14975	     99.2504	 7	[(0, 156)]
157	 14	133	    -4.07154	     9.19137	     106.265	 8	[(14, 157)]
158	 14	133	    -4.07154	     9.19137	     106.265	 8	[(14, 158)]
159	 14	133	    -4.07154	     9.19137	     106.265	 8	[(14, 159)]
160	 14	133	    -4.07154	     9.19137	     106.265	 8	[(14, 160)]
161	 14	133	    -4.07154	     9.19137	     106.265	 8	[(14, 161)]
162	157	120	    -4.07154	  -0.0338682	     78.6589	 5	[(0, 137), (157, 162)]
163	157	122	    -4.07154	    -1.84434	     78.6694	 5	[(0, 137), (157, 163)]
164	157	124	     -4.2445	     -4.2445	      78.576	 4	[(0, 137), (157, 164)]
165	157	125	     -4.2445	     1.95313	     84.8758	 4	[(0, 137), (157, 165)]
166	  0	148	     -4.2445	     3.15497	     99.1214	 7	[(0, 166)]
167	  0	149	     -4.2445	     3.14492	     99.1261	 7	[(0, 167)]
168	157	128	     -4.2445	     2.74251	     85.7977	 4	[(0, 137), (157, 168)]
169	  0	151	     -4.2445	     4.17953	     117.573	 7	[(0, 169)]
170	  0	152	     -4.2445	     3.06428	     118.712	 7	[(0, 170)]
171	  0	153	     -4.2445	     1.87794	     120.002	 7	[(0, 171)]
172	 14	148	     -4.2445	     3.44272	     127.248	 7	[(14, 172)]
173	 14	149	     -4.2445	     1.31704	     128.294	 7	[(14, 173)]
174	 14	150	     -4.2445	  -0.0782602	     129.294	 7	[(14, 174)]
175	 14	151	     -4.2445	    -2.10185	     130.336	 7	[(14, 175)]
176	 14	152	     -4.2445	    -2.98113	     131.213	 7	[(14, 176)]
177	 14	153	     -4.2445	    -4.09994	     132.292	 7	[(14, 177)]
178	 14	154	    -5.01636	    -5.01636	     133.319	 7	[(14, 178)]
179	 14	155	    -5.22135	    -5.22135	     134.469	 7	[(14, 179)]
180	 14	156	    -5.22135	    -4.59375	     134.528	 7	[(14, 180)]
181	 14	156	    -5.22135	    -4.59375	     134.528	 7	[(14, 181)]
182	 14	156	    -5.22135	    -4.59375	     134.528	 7	[(14, 182)]
183	 14	156	    -5.22135	    -4.59375	     134.528	 7	[(14, 183)]
184	 14	156	    -5.22135	    -4.59375	     134.528	 7	[(14, 184)]
185	  0	165	    -5.74016	    -5.74016	     128.498	 7	[(0, 185)]
186	  0	166	    -5.98623	    -5.98623	     129.222	 7	[(0, 186)]
187	  0	167	    -6.04638	    -6.04638	     129.136	 7	[(0, 187)]
188	  0	168	    -6.04638	    -5.96024	      128.87	 7	[(0, 188)]
189	  0	169	    -6.04638	    -5.94572	     128.814	 7	[(0, 189)]
190	  0	170	    -6.04638	    -5.91386	      128.77	 7	[(0, 190)]
191	  0	171	    -6.04638	     -5.9309	     128.784	 7	[(0, 191)]
192	 14	166	    -6.59876	    -6.59876	     129.508	 7	[(14, 192)]
193	 14	167	    -6.60998	    -6.60998	      129.52	 7	[(14, 193)]
194	 14	167	    -6.60998	    -6.60998	      129.52	 7	[(14, 194)]
195	 14	169	    -6.60998	    -6.56242	     129.477	 7	[(14, 195)]
196	 14	169	    -6.60998	    -6.56242	     129.477	 7	[(14, 196)]
197	186	  2	    -6.60998	     3.74433	    0.241628	 1	[(186, 197)]
198	186	  5	    -6.60998	     4.24037	    0.289959	 1	[(186, 198)]
199	186	  6	    -6.60998	     4.55964	    0.250488	 1	[(186, 199)]
200	  0	180	    -6.60998	     4.88441	     128.797	 9	[(0, 200)]
201	  0	181	    -6.60998	     4.78288	     128.861	 9	[(0, 201)]
202	  0	182	    -6.60998	     6.28759	     135.211	 9	[(0, 202)]
203	  0	184	    -6.60998	     5.54409	     137.369	 9	[(0, 203)]
204	  0	185	    -6.60998	     5.97498	      137.97	 9	[(0, 204)]
205	  0	186	    -6.60998	      6.3953	     138.049	 9	[(0, 205)]
206	197	171	    -6.60998	     -2.8181	     129.719	 8	[(14, 196), (197, 206)]
207	197	174	    -6.60998	    -2.32516	     129.762	 8	[(14, 196), (197, 207)]
208	197	175	    -6.60998	    -2.00235	     129.727	 8	[(14, 196), (197, 208)]
209	  0	190	    -6.60998	     6.27544	     142.864	 9	[(0, 209)]
210	  0	191	    -6.60998	     6.14123	      146.19	 9	[(0, 210)]
211	  0	192	    -6.60998	     4.50459	     149.262	 9	[(0, 211)]
212	  0	193	    -6.60998	     4.58686	     150.518	 9	[(0, 212)]
213	  0	194	    -6.60998	     5.03615	     150.917	 9	[(0, 213)]
214	  0	194	    -6.60998	     5.03615	     150.917	 9	[(0, 214)]
215	206	171	    -6.60998	    -2.89517	     129.908	 8	[(14, 196), (206, 215)]
216	206	173	    -6.60998	    -3.63179	      131.83	 8	[(14, 196), (206, 216)]
217	  0	197	    -6.60998	      3.5968	     154.367	10	[(0, 217)]
218	  0	198	    -6.60998	     2.69193	     155.387	10	[(0, 218)]
219	  0	199	    -6.60998	     1.97171	      156.32	10	[(0, 219)]
220	  0	200	    -6.60998	   0.0204886	     157.452	10	[(0, 220)]
221	  0	201	    -6.60998	   -0.769753	     158.703	10	[(0, 221)]
222	  0	202	    -6.60998	    -2.55575	     160.176	10	[(0, 222)]
223	  0	203	    -6.60998	    -2.38668	      162.25	10	[(0, 223)]
224	  0	204	    -6.60998	    -1.79398	      162.56	10	[(0, 224)]
225	  0	204	    -6.60998	    -1.79398	      162.56	10	[(0, 225)]
226	  0	204	    -6.60998	    -1.79398	      162.56	10	[(0, 226)]
227	  0	204	    -6.60998	    -1.79398	      162.56	10	[(0, 227)]
228	  0	204	    -6.60998	    -1.79398	      162.56	10	[(0, 228)]
229	  0	204	    -6.60998	    -1.79398	      162.56	10	[(0, 229)]
230	  0	204	    -6.60998	    -1.79398	      162.56	10	[(0, 230)]
231	  0	204	    -6.60998	    -1.79398	      162.56	10	[(0, 231)]
232	  0	204	    -6.60998	    -1.79398	      162.56	10	[(0, 232)]
233	  0	206	    -6.60998	    -4.96501	      164.92	10	[(0, 233)]
234	  0	207	    -6.60998	    0.173568	     165.868	11	[(0, 234)]
235	  0	208	    -6.60998	   -0.384575	     166.831	11	[(0, 235)]
236	  0	209	    -6.60998	    0.291282	     166.999	11	[(0, 236)]
237	  0	210	    -6.60998	    0.618253	     166.776	11	[(0, 237)]
238	  0	211	    -6.60998	    0.580158	     166.791	11	[(0, 238)]
239	  0	212	    -6.60998	    0.597508	     166.759	11	[(0, 239)]
240	  0	213	    -6.60998	   -0.219495	     167.628	11	[(0, 240)]
241	  0	215	    -6.60998	     1.73658	     167.042	11	[(0, 241)]
242	  0	216	    -6.60998	     1.85003	     166.911	11	[(0, 242)]
243	  0	217	    -6.60998	      1.8462	     166.905	11	[(0, 243)]
244	 14	212	    -6.60998	     4.43848	     172.943	11	[(14, 244)]
245	 14	212	    -6.60998	     4.43848	     172.943	11	[(14, 245)]
246	  0	219	    -6.60998	     6.67598	     167.439	12	[(0, 246)]
247	  0	220	    -6.60998	     6.89472	     167.269	12	[(0, 247)]
248	  0	221	    -6.60998	     7.85293	     172.317	12	[(0, 248)]
249	  0	222	    -6.60998	     7.79922	     175.397	12	[(0, 249)]
250	  0	223	    -6.60998	     5.01695	     177.251	12	[(0, 250)]
251	  0	224	    -6.60998	     4.10058	     178.312	12	[(0, 251)]
252	  0	226	    -6.60998	      3.3951	     180.329	12	[(0, 252)]
253	  0	228	    -6.60998	     3.10545	     181.196	12	[(0, 253)]
254	  0	229	    -6.60998	     4.66408	     181.735	12	[(0, 254)]
255	  0	229	    -6.60998	     4.66408	     181.735	12	[(0, 255)]
256	245	217	    -6.60998	     3.72409	     167.948	12	[(0, 240), (245, 256)]
257	245	218	    -6.60998	     4.15837	     167.904	12	[(0, 240), (245, 257)]
258	  0	232	    -6.60998	     3.83351	     184.732	13	[(0, 258)]
259	  0	233	    -6.60998	     3.14268	     185.709	13	[(0, 259)]
260	  0	234	    -6.60998	     1.68648	     186.814	13	[(0, 260)]
261	  0	235	    -6.60998	    0.991088	       187.8	13	[(0, 261)]
262	  0	237	    -6.60998	   -0.855687	     189.214	13	[(0, 262)]
263	  0	238	    -6.60998	   -0.306026	     190.264	13	[(0, 263)]
264	  0	239	    -6.60998	   -0.101724	     191.145	13	[(0, 264)]
265	  0	240	    -6.60998	     0.26232	     189.919	13	[(0, 265)]
266	  0	241	    -6.60998	     1.94697	     192.711	14	[(0, 266)]
267	  0	242	    -6.60998	    0.553369	     194.101	14	[(0, 267)]
268	  0	243	    -6.60998	   -0.984757	     195.169	14	[(0, 268)]
269	  0	244	    -6.60998	    -2.13859	     196.185	14	[(0, 269)]
270	  0	245	    -6.60998	    -3.67315	     197.189	14	[(0, 270)]
271	  0	246	    -6.60998	    -4.74533	     198.148	14	[(0, 271)]
272	  0	247	    -6.60998	    -5.54299	     199.129	14	[(0, 272)]
273	  0	248	    -6.60998	    -4.81698	     199.309	14	[(0, 273)]
274	  0	248	    -6.60998	    -4.81698	     199.309	14	[(0, 274)]
275	  0	248	    -6.60998	    -4.81698	     199.309	14	[(0, 275)]
276	  0	248	    -6.60998	    -4.81698	     199.309	14	[(0, 276)]
277	  0	248	    -6.60998	    -4.81698	     199.309	14	[(0, 277)]
278	  0	248	    -6.60998	    -4.81698	     199.309	14	[(0, 278)]
279	  0	248	    -6.60998	    -4.81698	     199.309	14	[(0, 279)]
280	  0	248	    -6.60998	    -4.81698	     199.309	14	[(0, 280)]
281	  0	248	    -6.60998	    -4.81698	     199.309	14	[(0, 281)]
282	  0	248	    -6.60998	    -4.81698	     199.309	14	[(0, 282)]
283	  0	248	    -6.60998	    -4.81698	     199.309	14	[(0, 283)]
284	  0	248	    -6.60998	    -4.81698	     199.309	14	[(0, 284)]
285	  0	250	    -6.60998	     2.23314	     199.246	15	[(0, 285)]
286	  0	251	    -6.60998	     2.28839	     199.252	15	[(0, 286)]
287	  0	253	    -6.60998	    -1.64562	     202.676	15	[(0, 287)]
288	  0	254	    -6.60998	    -2.53764	     203.662	15	[(0, 288)]
289	  0	255	    -6.60998	    -3.58422	     204.652	15	[(0, 289)]
290	  0	257	    -6.60998	    -3.51665	     205.202	14	[(0, 290)]
291	  0	258	    -6.60998	    -4.00442	     206.029	14	[(0, 291)]
292	  0	259	    -6.60998	    -4.53734	     207.468	14	[(0, 292)]
293	  0	260	    -6.60998	    -4.45394	     208.188	14	[(0, 293)]
294	  0	261	    -6.60998	    -4.00793	     207.541	14	[(0, 294)]
295	  0	262	    -6.60998	    -3.90777	     206.805	14	[(0, 295)]
296	  0	263	    -6.60998	    -4.01502	     206.867	14	[(0, 296)]
297	  0	263	    -6.60998	    -4.01502	     206.867	14	[(0, 297)]
298	  0	264	    -6.60998	    -0.43987	     207.273	15	[(0, 298)]
299	  0	266	    -6.60998	   -0.376401	      207.31	15	[(0, 299)]
300	  0	267	    -6.60998	   -0.266433	     207.239	15	[(0, 300)]
301	 14	261	    -6.60998	   -0.877233	     207.841	15	[(14, 301)]
302	 14	262	    -6.60998	    -5.27035	     207.858	15	[(14, 302)]
303	 14	263	    -6.60998	    -5.27797	     207.866	15	[(14, 303)]
304	  0	271	    -6.60998	    -4.77511	     207.336	15	[(0, 304)]
305	  0	273	    -6.70311	    -6.70311	     207.066	14	[(0, 305)]
306	  0	274	    -6.71284	    -6.71284	     207.079	14	[(0, 306)]
307	  0	275	    -6.71284	    -3.82822	      216.13	14	[(0, 307)]
308	  0	276	    -6.80643	    -6.80643	     218.643	14	[(0, 308)]
309	  0	277	     -7.7423	     -7.7423	     219.689	14	[(0, 309)]
310	  0	278	    -7.75405	    -7.75405	     220.473	14	[(0, 310)]
311	  0	279	    -7.75405	    -7.63067	     221.174	14	[(0, 311)]
312	  0	280	    -7.85684	    -7.85684	     222.137	14	[(0, 312)]
313	  0	281	    -8.65375	    -8.65375	     223.315	14	[(0, 313)]
314	  0	282	    -9.53962	    -9.53962	     224.396	14	[(0, 314)]
315	  0	283	    -12.4159	    -12.4159	     225.878	14	[(0, 315)]
316	  0	285	    -13.8507	    -13.8507	     227.401	14	[(0, 316)]
317	  0	286	    -17.8388	    -17.8388	      229.46	14	[(0, 317)]
318	  0	287	    -17.8388	     -17.321	     230.509	14	[(0, 318)]
319	  0	288	    -17.8388	    -16.7925	     230.481	14	[(0, 319)]
320	  0	288	    -17.8388	    -16.7925	     230.481	14	[(0, 320)]
321	  0	289	    -17.8388	    -15.6104	     232.574	15	[(0, 321)]
322	  0	290	    -17.8388	    -16.7523	     233.676	15	[(0, 322)]
323	  0	291	    -18.0144	    -18.0144	     234.719	15	[(0, 323)]
324	  0	292	    -19.3408	    -19.3408	     235.844	15	[(0, 324)]
325	  0	293	    -20.6978	    -20.6978	     236.872	15	[(0, 325)]
326	  0	294	    -22.0056	    -22.0056	     237.851	15	[(0, 326)]
327	  0	295	    -23.4976	    -23.4976	     238.904	15	[(0, 327)]
328	  0	296	    -24.7484	    -24.7484	     239.974	15	[(0, 328)]
329	  0	297	    -25.6357	    -25.6357	     241.019	15	[(0, 329)]
330	  0	298	    -25.6357	    -25.0169	     241.342	15	[(0, 330)]
331	  0	298	    -25.6357	    -25.0169	     241.342	15	[(0, 331)]
332	  0	298	    -25.6357	    -25.0169	     241.342	15	[(0, 332)]
333	  0	298	    -25.6357	    -25.0169	     241.342	15	[(0, 333)]
334	  0	300	    -25.6357	    -24.7608	     241.376	15	[(0, 334)]
335	  0	302	    -25.6357	    -24.6662	     241.201	15	[(0, 335)]
336	  0	303	    -25.6357	    -21.5131	     246.756	15	[(0, 336)]
337	  0	304	    -25.6357	    -21.4673	     246.715	15	[(0, 337)]
338	  0	304	    -25.6357	    -21.4673	     246.715	15	[(0, 338)]
339	  0	305	    -25.6357	    -21.6789	     246.958	15	[(0, 339)]
340	 14	296	    -25.6357	    -21.7455	     247.352	15	[(14, 340)]
341	 14	299	    -25.6357	    -24.7541	     241.521	15	[(14, 341)]
342	 14	300	    -25.6357	    -24.7214	     241.459	15	[(14, 342)]
343	  0	311	    -25.6357	    -24.6664	      241.18	15	[(0, 343)]
344	  0	311	    -25.6357	    -24.6664	      241.18	15	[(0, 344)]
345	  0	311	    -25.6357	    -24.6664	      241.18	15	[(0, 345)]
346	  0	311	    -25.6357	    -24.6664	      241.18	15	[(0, 346)]
347	  0	311	    -25.6357	    -24.6664	      241.18	15	[(0, 347)]
348	186	142	    -25.6357	    -13.9417	     110.002	 8	[(186, 348)]
349	186	143	    -25.6357	    -13.7214	     110.022	 8	[(186, 349)]
350	186	144	    -25.6357	    -13.5576	     110.004	 8	[(186, 350)]
351	 14	307	    -25.6357	    -6.40839	     257.413	17	[(14, 351)]
352	 14	308	    -25.6357	    -5.74332	     254.967	17	[(14, 352)]
353	 14	309	    -25.6357	    -5.13545	     255.724	17	[(14, 353)]
354	 14	310	    -25.6357	    -4.94906	     255.872	17	[(14, 354)]
355	 14	311	    -25.6357	    -5.49587	     256.602	17	[(14, 355)]
356	 14	312	    -25.6357	    -5.32307	     256.753	17	[(14, 356)]
357	 14	313	    -25.6357	    -5.37297	     256.885	17	[(14, 357)]
358	 14	314	    -25.6357	    -5.45686	     256.928	17	[(14, 358)]
359	186	153	    -25.6357	    -7.30157	     110.491	 9	[(186, 359)]
360	186	154	    -25.6357	    -7.32482	     110.515	 9	[(186, 360)]
361	 14	317	    -25.6357	    -5.57048	     257.082	17	[(14, 361)]
362	 14	318	    -25.6357	     -5.5548	     257.053	17	[(14, 362)]
363	 14	319	    -25.6357	    -5.47555	     257.021	17	[(14, 363)]
364	 14	319	    -25.6357	    -5.47555	     257.021	17	[(14, 364)]
365	186	156	    -25.6357	    -2.12897	     120.381	 9	[(186, 365)]
366	186	158	    -25.6357	    -1.80593	     119.408	 9	[(186, 366)]
367	186	159	    -25.6357	    -1.78226	     119.333	 9	[(186, 367)]
368	 14	323	    -25.6357	    -3.07168	     263.066	18	[(14, 368)]
369	 14	325	    -25.6357	    -1.89961	     263.445	18	[(14, 369)]
370	186	159	    -25.6357	    -1.78226	     119.333	 9	[(186, 370)]
371	186	159	    -25.6357	    -1.78226	     119.333	 9	[(186, 371)]
372	  0	338	    -25.6357	    -2.26861	     268.371	18	[(0, 372)]
373	  0	339	    -25.6357	    -2.48792	     268.593	18	[(0, 373)]
374	186	165	    -25.6357	    -1.94257	     119.579	 9	[(186, 374)]
375	122	226	    -25.6357	     -1.8703	     158.828	12	[(122, 375)]
376	 14	333	    -25.6357	     3.95971	     270.654	19	[(14, 376)]
377	 14	334	    -25.6357	     2.51461	     271.979	19	[(14, 377)]
378	  0	346	    -25.6357	     1.14191	     279.684	19	[(0, 378)]
379	 14	336	    -25.6357	    0.409092	      281.44	19	[(14, 379)]
380	 14	337	    -25.6357	   -0.321898	     283.432	19	[(14, 380)]
381	 14	338	    -25.6357	    -3.98776	     284.846	19	[(14, 381)]
382	 14	339	    -25.6357	    -4.54123	      285.95	19	[(14, 382)]
383	 14	340	    -25.6357	    -4.16719	     287.079	19	[(14, 383)]
384	 14	341	    -25.6357	    -3.72687	     286.983	19	[(14, 384)]
385	 14	342	    -25.6357	    -5.28267	     290.388	19	[(14, 385)]
386	 14	343	    -25.6357	    -6.25364	     291.554	19	[(14, 386)]
387	 14	344	    -25.6357	    -7.71274	     292.835	19	[(14, 387)]
388	 14	345	    -25.6357	    -9.80649	     289.451	19	[(14, 388)]
389	  0	358	    -25.6357	    -21.0787	      293.86	21	[(0, 389)]
390	  0	360	    -25.8195	    -25.8195	     294.182	20	[(0, 390)]
391	  0	361	    -27.7822	    -27.7822	     311.605	20	[(0, 391)]
392	  0	363	    -29.4751	    -29.4751	     312.894	19	[(0, 392)]
393	  0	364	    -29.7786	    -29.7786	     314.401	19	[(0, 393)]
394	  0	364	    -29.7786	    -29.7786	     314.401	19	[(0, 394)]
395	  0	364	    -29.7786	    -29.7786	     314.401	19	[(0, 395)]
396	  0	364	    -29.7786	    -29.7786	     314.401	19	[(0, 396)]
397	  0	364	    -29.7786	    -29.7786	     314.401	19	[(0, 397)]
