L	Ls	nvertices	F_L	F_L_constrained	rho_sum	nloops	regions
 27	  0	  0	           0	           0	           0	 0	[(0, 27)]
 28	  0	  0	           0	           0	           0	 0	[(0, 28)]
 29	  0	  0	           0	           0	           0	 0	[(0, 29)]
 30	  0	  0	           0	           0	           0	 0	[(0, 30)]
 31	  0	  3	   -0.260276	   -0.260276	     0.26428	 0	[(0, 31)]
 32	  0	  5	   -0.260276	   -0.247348	     0.26748	 0	[(0, 32)]
 33	  0	  7	   -0.260276	   -0.159303	    0.164097	 0	[(0, 33)]
 34	  0	  7	   -0.260276	   -0.159303	    0.164097	 0	[(0, 34)]
 35	  0	  8	   -0.287711	   -0.287711	    0.286325	 0	[(0, 35)]
 36	  0	  9	   -0.287711	   -0.285661	    0.295505	 0	[(0, 36)]
 37	  0	 11	   -0.287711	     9.30736	     8.25126	 0	[(0, 37)]
 38	  0	 11	   -0.287711	     9.30736	     8.25126	 0	[(0, 38)]
 39	  0	 11	   -0.287711	     9.30736	     8.25126	 0	[(0, 39)]
 40	  0	 12	   -0.340403	   -0.340403	    0.342374	 0	[(0, 40)]
 41	  0	 12	   -0.340403	   -0.340403	    0.342374	 0	[(0, 41)]
 42	  0	 14	   -0.482702	   -0.482702	    0.508545	 0	[(0, 42)]
 43	  0	 15	   -0.482702	     2.02715	    0.521641	 1	[(0, 43)]
 44	  0	 17	   -0.482702	   -0.360027	    0.374871	 0	[(0, 44)]
 45	  0	 18	   -0.482702	      4.0021	     6.05187	 0	[(0, 45)]
 46	  0	 19	   -0.482702	     4.03299	     6.54539	 0	[(0, 46)]
 47	  0	 20	   -0.482702	       4.113	      7.6818	 0	[(0, 47)]
 48	  0	 21	   -0.482702	     4.01057	     8.90907	 0	[(0, 48)]
 49	  0	 22	   -0.482702	     3.93826	     9.96498	 0	[(0, 49)]
 50	  0	 23	   -0.482702	     3.60973	     11.1476	 0	[(0, 50)]
 51	  0	 24	   -0.482702	     3.61078	     11.9374	 0	[(0, 51)]
 52	  0	 25	   -0.482702	     4.12297	     11.6655	 0	[(0, 52)]
 53	  0	 26	   -0.482702	     4.27708	     11.0709	 0	[(0, 53)]
 54	  0	 26	   -0.482702	     4.27708	     11.0709	 0	[(0, 54)]
 55	  0	 26	   -0.482702	     4.27708	     11.0709	 0	[(0, 55)]
 56	  0	 26	   -0.482702	     4.27708	     11.0709	 0	[(0, 56)]
 57	  0	 26	   -0.482702	     4.27708	     11.0709	 0	[(0, 57)]
 58	 55	  2	   -0.482702	     3.70745	    0.316539	 1	[(55, 58)]
 59	 55	  4	   -0.482702	     2.24515	    0.295658	 1	[(55, 59)]
 60	 55	  6	   -0.482702	      4.5113	     5.23137	 0	[(55, 60)]
 61	 55	  7	   -0.482702	     4.54364	     5.75585	 0	[(55, 61)]
 62	 55	  8	   -0.482702	     4.41226	     6.25507	 0	[(55, 62)]
 63	 55	  9	   -0.482702	     4.37397	      7.3588	 0	[(55, 63)]
 64	 55	 10	   -0.482702	     4.30681	      8.5201	 0	[(55, 64)]
 65	 55	 11	   -0.482702	     3.66338	      9.7719	 0	[(55, 65)]
 66	 55	 12	   -0.482702	      3.5692	     10.6805	 0	[(55, 66)]
 67	 55	 13	   -0.482702	     3.38511	     11.6411	 0	[(55, 67)]
 68	 55	 14	   -0.482702	     3.29668	     12.5019	 0	[(55, 68)]
 69	 55	 15	   -0.482702	     3.26975	     13.4262	 0	[(55, 69)]
 70	 55	 16	   -0.482702	      3.1272	     14.4525	 0	[(55, 70)]
 71	 55	 17	   -0.482702	     3.04473	     15.4579	 0	[(55, 71)]
 72	 55	 18	   -0.482702	      2.8987	      16.494	 0	[(55, 72)]
 73	 55	 19	   -0.482702	     2.10126	     17.7541	 0	[(55, 73)]
 74	 55	 20	   -0.482702	     1.86767	     18.7043	 0	[(55, 74)]
 75	 55	 21	   -0.482702	     1.83968	     19.5427	 0	[(55, 75)]
 76	 55	 22	   -0.482702	     1.75409	     20.3731	 0	[(55, 76)]
 77	 55	 23	   -0.482702	     1.72587	     21.2853	 0	[(55, 77)]
 78	 55	 24	   -0.482702	     1.61185	     22.3563	 0	[(55, 78)]
 79	 55	 25	   -0.482702	     1.59011	     23.3239	 0	[(55, 79)]
 80	 55	 26	   -0.482702	     1.57384	     24.2807	 0	[(55, 80)]
 81	 55	 27	   -0.482702	      1.3742	      25.368	 0	[(55, 81)]
 82	 55	 28	   -0.482702	     1.22196	     26.4115	 0	[(55, 82)]
 83	 55	 29	   -0.482702	     0.65064	     27.6064	 0	[(55, 83)]
 84	 55	 30	   -0.482702	    0.670791	      28.433	 0	[(55, 84)]
 85	 55	 31	   -0.482702	     1.26485	     28.2214	 0	[(55, 85)]
 86	 55	 32	   -0.482702	     1.41757	     27.8422	 0	[(55, 86)]
 87	 55	 32	   -0.482702	     1.41757	     27.8422	 0	[(55, 87)]
 88	 55	 32	   -0.482702	     1.41757	     27.8422	 0	[(55, 88)]
 89	 55	 32	   -0.482702	     1.41757	     27.8422	 0	[(55, 89)]
 90	 86	  3	   -0.482702	      3.8915	    0.304227	 1	[(86, 90)]
 91	 86	  5	   -0.482702	      2.3718	    0.270074	 1	[(86, 91)]
 92	 86	  7	   -0.482702	     4.71777	     5.59536	 0	[(86, 92)]
 93	 86	  8	   -0.482702	     4.63335	     6.03835	 0	[(86, 93)]
 94	 86	  9	   -0.482702	     4.48923	     6.48655	 0	[(86, 94)]
 95	 86	 10	   -0.482702	     4.18873	     7.97557	 0	[(86, 95)]
 96	 86	 11	   -0.482702	      4.1322	     8.95797	 0	[(86, 96)]
 97	 86	 12	   -0.482702	     3.89218	     9.98734	 0	[(86, 97)]
 98	 86	 13	   -0.482702	     3.75771	     10.9235	 0	[(86, 98)]
 99	 55	 45	   -0.482702	     3.55156	        39.8	 0	[(55, 99)]
100	 55	 46	   -0.482702	     3.38777	     40.6893	 0	[(55, 100)]
101	 55	 47	   -0.482702	      2.9654	     41.7159	 0	[(55, 101)]
102	 55	 48	   -0.482702	      2.6951	     42.7119	 0	[(55, 102)]
103	 55	 49	   -0.482702	     2.50129	     43.6821	 0	[(55, 103)]
104	 55	 50	   -0.482702	     2.35842	     44.5958	 0	[(55, 104)]
105	 55	 51	   -0.482702	    0.713795	     45.9226	 0	[(55, 105)]
106	 55	 52	   -0.482702	    0.762973	     46.7134	 0	[(55, 106)]
107	 55	 53	   -0.482702	    0.446541	     47.6921	 0	[(55, 107)]
108	 55	 54	   -0.493897	   -0.493897	     48.7942	 0	[(55, 108)]
109	 55	 55	   -0.961017	   -0.961017	     49.8396	 0	[(55, 109)]
110	 55	 56	    -1.08061	    -1.08061	     50.6995	 0	[(55, 110)]
111	 55	 57	    -1.41842	    -1.41842	     51.6381	 0	[(55, 111)]
112	 55	 58	    -3.41583	    -3.41583	     52.9248	 0	[(55, 112)]
113	 55	 59	    -3.49042	    -3.49042	     53.7686	 0	[(55, 113)]
114	 55	 60	    -3.64953	    -3.64953	     54.6356	 0	[(55, 114)]
115	 55	 61	    -5.23811	    -5.23811	     55.9951	 0	[(55, 115)]
116	 55	 62	    -5.29263	    -5.29263	     56.8577	 0	[(55, 116)]
117	 55	 63	    -5.42812	    -5.42812	     57.7549	 0	[(55, 117)]
118	 55	 64	    -5.42812	    -5.37587	     58.4312	 0	[(55, 118)]
119	 55	 65	    -5.42812	    -4.99984	     58.2564	 0	[(55, 119)]
120	 55	 65	    -5.42812	    -4.99984	     58.2564	 0	[(55, 120)]
121	 55	 65	    -5.42812	    -4.99984	     58.2564	 0	[(55, 121)]
122	 55	 66	    -5.42812	   -0.941284	     58.9851	 1	[(55, 122)]
123	 55	 68	    -5.42812	    -2.05853	     58.1089	 1	[(55, 123)]
124	 55	 70	    -5.42812	    -2.00282	     63.7572	 0	[(55, 124)]
125	 55	 71	    -5.42812	    -1.85179	     64.3129	 0	[(55, 125)]
126	 55	 72	    -5.42812	    -2.80788	     65.9724	 0	[(55, 126)]
127	 55	 73	    -5.42812	    -3.15093	     67.1053	 0	[(55, 127)]
128	 55	 74	    -5.42812	    -3.22173	      68.023	 0	[(55, 128)]
129	 55	 75	    -5.42812	    -3.57356	     68.9704	 0	[(55, 129)]
130	 55	 76	    -5.42812	    -3.96523	     70.0115	 0	[(55, 130)]
131	 55	 77	    -5.42812	    -4.03334	     70.9276	 0	[(55, 131)]
132	 55	 78	    -5.42812	    -4.15853	     71.8476	 0	[(55, 132)]
133	 55	 79	    -5.42812	    -4.23172	     72.7402	 0	[(55, 133)]
134	 55	 80	    -5.42812	    -4.32212	     73.7349	 0	[(55, 134)]
135	 55	 81	    -5.42812	    -4.40561	     74.7344	 0	[(55, 135)]
136	 55	 82	    -5.42812	    -5.10567	     76.0051	 0	[(55, 136)]
137	 55	 83	    -6.12957	    -6.12957	     77.1721	 0	[(55, 137)]
138	 55	 84	    -6.32521	    -6.32521	     78.0668	 0	[(55, 138)]
139	 55	 85	    -6.70926	    -6.70926	     79.0044	 0	[(55, 139)]
140	 55	 86	    -8.15785	    -8.15785	      80.172	 0	[(55, 140)]
141	 55	 87	    -8.58363	    -8.58363	     81.1248	 0	[(55, 141)]
142	 55	 88	    -8.58363	     -7.9893	     81.3924	 0	[(55, 142)]
143	 55	 88	    -8.58363	     -7.9893	     81.3924	 0	[(55, 143)]
144	 55	 89	    -8.58363	    -8.31967	     81.8032	 0	[(55, 144)]
145	 55	 89	    -8.58363	    -8.31967	     81.8032	 0	[(55, 145)]
146	 55	 89	    -8.58363	    -8.31967	     81.8032	 0	[(55, 146)]
147	 55	 90	    -8.58363	    -3.13038	     82.0272	 1	[(55, 147)]
148	 55	 91	    -8.58363	    -2.96472	      82.103	 1	[(55, 148)]
149	 55	 91	    -8.58363	    -2.96472	      82.103	 1	[(55, 149)]
150	 55	 92	    -8.58363	   -0.992866	     82.2979	 2	[(55, 150)]
151	 55	 93	    -8.58363	   -0.759703	     82.4531	 2	[(55, 151)]
152	 55	 95	    -8.58363	    -2.96403	     82.0804	 1	[(55, 152)]
153	 55	 96	    -8.58363	    0.513192	     87.3303	 1	[(55, 153)]
154	 55	 97	    -8.58363	    0.122491	     87.7666	 1	[(55, 154)]
155	 55	 98	    -8.58363	    -1.32602	     89.6554	 1	[(55, 155)]
156	 55	 99	    -8.58363	    -1.66564	     90.6295	 1	[(55, 156)]
157	 55	100	    -8.58363	    -1.92612	     91.5229	 1	[(55, 157)]
158	 55	101	    -8.58363	    -3.39944	     92.6723	 1	[(55, 158)]
159	 55	102	    -8.58363	    -4.61989	     93.7578	 1	[(55, 159)]
160	 55	103	    -8.58363	    -5.05014	     94.6819	 1	[(55, 160)]
161	 55	104	    -8.58363	    -5.95723	     95.6885	 1	[(55, 161)]
162	 55	105	    -8.58363	    -7.41094	     96.7651	 1	[(55, 162)]
163	 55	106	    -8.58363	    -7.44698	     97.5552	 1	[(55, 163)]
164	 55	107	    -8.58363	    -7.68729	     98.4215	 1	[(55, 164)]
165	 55	108	    -8.58363	    -8.00231	     99.3412	 1	[(55, 165)]
166	 55	109	    -9.63514	    -9.63514	     100.684	 1	[(55, 166)]
167	 55	110	     -9.7782	     -9.7782	     101.547	 1	[(55, 167)]
168	 55	111	    -10.9657	    -10.9657	     102.721	 1	[(55, 168)]
169	 55	112	    -12.8777	    -12.8777	     103.894	 1	[(55, 169)]
170	 55	113	    -13.0361	    -13.0361	     104.741	 1	[(55, 170)]
171	 55	114	    -13.5253	    -13.5253	     105.735	 1	[(55, 171)]
172	 55	115	    -13.5253	    -13.1999	     106.241	 1	[(55, 172)]
173	 55	115	    -13.5253	    -13.1999	     106.241	 1	[(55, 173)]
174	 55	115	    -13.5253	    -13.1999	     106.241	 1	[(55, 174)]
175	 55	115	    -13.5253	    -13.1999	     106.241	 1	[(55, 175)]
176	 55	115	    -13.5253	    -13.1999	     106.241	 1	[(55, 176)]
