L	Ls	nvertices	F_L	F_L_constrained	rho_sum	nloops	regions
 22	  0	  0	           0	           0	           0	 0	[(0, 22)]
 23	  0	  0	           0	           0	           0	 0	[(0, 23)]
 24	  0	  0	           0	           0	           0	 0	[(0, 24)]
 25	  0	  0	           0	           0	           0	 0	[(0, 25)]
 26	  0	  0	           0	           0	           0	 0	[(0, 26)]
 27	  0	  0	           0	           0	           0	 0	[(0, 27)]
 28	  0	  0	           0	           0	           0	 0	[(0, 28)]
 29	  0	  0	           0	           0	           0	 0	[(0, 29)]
 30	  0	  0	           0	           0	           0	 0	[(0, 30)]
 31	  0	  0	           0	           0	           0	 0	[(0, 31)]
 32	  0	  0	           0	           0	           0	 0	[(0, 32)]
 33	  0	  0	           0	           0	           0	 0	[(0, 33)]
 34	  0	  0	           0	           0	           0	 0	[(0, 34)]
 35	  0	  0	           0	           0	           0	 0	[(0, 35)]
 36	  0	  2	   -0.255859	   -0.255859	    0.241957	 0	[(0, 36)]
 37	  0	  2	   -0.255859	   -0.255859	    0.241957	 0	[(0, 37)]
 38	  0	  2	   -0.255859	   -0.255859	    0.241957	 0	[(0, 38)]
 39	  0	  2	   -0.255859	   -0.255859	    0.241957	 0	[(0, 39)]
 40	  0	  4	   -0.410722	   -0.410722	    0.439927	 0	[(0, 40)]
 41	  0	  6	   -0.410722	   -0.372569	    0.382777	 0	[(0, 41)]
 42	  0	  8	   -0.410722	   -0.287281	    0.285356	 0	[(0, 42)]
 43	  0	  8	   -0.410722	   -0.287281	    0.285356	 0	[(0, 43)]
 44	  0	  8	   -0.410722	   -0.287281	    0.285356	 0	[(0, 44)]
 45	  0	  9	   -0.416735	   -0.416735	    0.409745	 0	[(0, 45)]
 46	  0	  9	   -0.416735	   -0.416735	    0.409745	 0	[(0, 46)]
 47	  0	  9	   -0.416735	   -0.416735	    0.409745	 0	[(0, 47)]
 48	  0	  9	   -0.416735	   -0.416735	    0.409745	 0	[(0, 48)]
 49	  0	  9	   -0.416735	   -0.416735	    0.409745	 0	[(0, 49)]
 50	  0	 11	   -0.691174	   -0.691174	    0.687004	 0	[(0, 50)]
 51	  0	 11	   -0.691174	   -0.691174	    0.687004	 0	[(0, 51)]
 52	  0	 11	   -0.691174	   -0.691174	    0.687004	 0	[(0, 52)]
 53	  0	 11	   -0.691174	   -0.691174	    0.687004	 0	[(0, 53)]
 54	  0	 11	   -0.691174	   -0.691174	    0.687004	 0	[(0, 54)]
 55	  0	 11	   -0.691174	   -0.691174	    0.687004	 0	[(0, 55)]
 56	  0	 11	   -0.691174	   -0.691174	    0.687004	 0	[(0, 56)]
 57	  0	 11	   -0.691174	   -0.691174	    0.687004	 0	[(0, 57)]
 58	  0	 11	   -0.691174	   -0.691174	    0.687004	 0	[(0, 58)]
 59	  0	 11	   -0.691174	   -0.691174	    0.687004	 0	[(0, 59)]
 60	  0	 11	   -0.691174	   -0.691174	    0.687004	 0	[(0, 60)]
 61	 42	  5	   -0.691174	     6.29261	     0.63069	 1	[(42, 61)]
 62	  0	 16	   -0.691174	     8.58305	    0.830055	 2	[(0, 62)]
 63	  0	 18	   -0.691174	     6.27893	    0.742599	 1	[(0, 63)]
 64	 42	 11	   -0.691174	     9.41638	     8.04543	 1	[(42, 64)]
 65	 42	 13	   -0.691174	     9.50135	      10.114	 1	[(42, 65)]
 66	 42	 13	   -0.691174	     9.50135	      10.114	 1	[(42, 66)]
 67	 42	 14	   -0.691174	     9.35933	     10.2496	 1	[(42, 67)]
 68	 42	 14	   -0.691174	     9.35933	     10.2496	 1	[(42, 68)]
 69	 42	 14	   -0.691174	     9.35933	     10.2496	 1	[(42, 69)]
 70	 42	 14	   -0.691174	     9.35933	     10.2496	 1	[(42, 70)]
 71	 57	  5	   -0.691174	     7.69186	    0.507293	 2	[(57, 71)]
 72	 57	  6	   -0.691174	     7.92298	    0.550625	 2	[(57, 72)]
 73	 57	  9	   -0.691174	     11.4356	     5.08509	 2	[(57, 73)]
 74	 57	 11	   -0.691174	      11.979	     6.21676	 2	[(57, 74)]
 75	 57	 12	   -0.691174	     12.1865	      7.3214	 2	[(57, 75)]
 76	 57	 15	   -0.691174	     14.7816	     8.81143	 2	[(57, 76)]
 77	 57	 16	   -0.691174	     14.7783	     11.6336	 2	[(57, 77)]
 78	 42	 25	   -0.691174	     13.2844	     19.8499	 3	[(42, 78)]
 79	 57	 20	   -0.691174	     11.8431	     13.1958	 1	[(57, 79)]
 80	 42	 28	   -0.691174	     11.5694	      23.768	 2	[(42, 80)]
 81	 42	 30	   -0.691174	     12.7366	     24.8549	 2	[(42, 81)]
 82	 42	 31	   -0.691174	     13.2569	     24.6859	 2	[(42, 82)]
 83	 42	 32	   -0.691174	     13.4183	     24.2016	 2	[(42, 83)]
 84	 71	  3	   -0.691174	     3.95324	    0.251481	 1	[(71, 84)]
 85	 71	  5	   -0.691174	      4.3139	    0.263559	 1	[(71, 85)]
 86	 71	  6	   -0.691174	     6.91043	     4.30688	 1	[(71, 86)]
 87	 71	  9	   -0.691174	      8.1347	     5.92212	 1	[(71, 87)]
 88	 71	 11	   -0.691174	     9.02525	     7.25328	 1	[(71, 88)]
 89	 42	 38	   -0.691174	     8.02184	     29.7643	 2	[(42, 89)]
 90	 42	 39	   -0.691174	     6.69333	     30.7774	 2	[(42, 90)]
 91	 42	 40	   -0.691174	     5.35351	     31.7978	 2	[(42, 91)]
 92	 42	 41	   -0.691174	     3.78956	     33.1113	 2	[(42, 92)]
 93	 42	 42	   -0.691174	     2.33311	     34.2806	 2	[(42, 93)]
 94	 42	 43	   -0.691174	     3.04522	     34.5861	 2	[(42, 94)]
 95	 42	 44	   -0.691174	     3.47178	     34.4972	 2	[(42, 95)]
 96	 42	 44	   -0.691174	     3.47178	     34.4972	 2	[(42, 96)]
 97	 42	 44	   -0.691174	     3.47178	     34.4972	 2	[(42, 97)]
 98	 42	 44	   -0.691174	     3.47178	     34.4972	 2	[(42, 98)]
 99	 42	 44	   -0.691174	     3.47178	     34.4972	 2	[(42, 99)]
100	 42	 46	   -0.691174	     3.21385	     34.7428	 2	[(42, 100)]
101	 42	 46	   -0.691174	     3.21385	     34.7428	 2	[(42, 101)]
102	 42	 46	   -0.691174	     3.21385	     34.7428	 2	[(42, 102)]
103	 89	  5	   -0.691174	     5.38701	    0.424721	 1	[(89, 103)]
104	 89	  8	   -0.691174	     5.63493	    0.423384	 1	[(89, 104)]
105	 42	 51	   -0.691174	     8.48429	     39.2092	 3	[(42, 105)]
106	 42	 52	   -0.691174	     7.63426	     40.2398	 3	[(42, 106)]
107	 42	 53	   -0.691174	     6.69863	     41.2365	 3	[(42, 107)]
108	 42	 54	   -0.691174	     6.64699	     41.9921	 3	[(42, 108)]
109	 42	 54	   -0.691174	     6.64699	     41.9921	 3	[(42, 109)]
110	 42	 55	   -0.691174	     6.46647	     42.1667	 3	[(42, 110)]
111	 42	 55	   -0.691174	     6.46647	     42.1667	 3	[(42, 111)]
112	 42	 57	   -0.691174	     7.16612	     42.0868	 3	[(42, 112)]
113	 42	 57	   -0.691174	     7.16612	     42.0868	 3	[(42, 113)]
114	102	  7	   -0.691174	     5.30289	    0.544599	 1	[(102, 114)]
115	102	  9	   -0.691174	     6.76982	     3.90222	 1	[(102, 115)]
116	102	 10	   -0.691174	     7.94377	     5.46178	 1	[(102, 116)]
117	 42	 62	   -0.691174	     8.07117	      46.708	 4	[(42, 117)]
118	 42	 63	   -0.691174	     7.10343	     48.5486	 4	[(42, 118)]
119	 42	 64	   -0.691174	     7.75901	     48.9814	 4	[(42, 119)]
120	 42	 64	   -0.691174	     7.75901	     48.9814	 4	[(42, 120)]
121	 42	 64	   -0.691174	     7.75901	     48.9814	 4	[(42, 121)]
122	 42	 65	   -0.691174	     7.61513	     49.1165	 4	[(42, 122)]
123	 42	 65	   -0.691174	     7.61513	     49.1165	 4	[(42, 123)]
124	 42	 66	   -0.691174	     7.45218	     49.2693	 4	[(42, 124)]
125	 42	 66	   -0.691174	     7.45218	     49.2693	 4	[(42, 125)]
126	115	  2	   -0.691174	     3.72284	    0.282827	 1	[(115, 126)]
127	115	  5	   -0.691174	     5.16664	     2.89152	 1	[(115, 127)]
128	115	  6	   -0.691174	     4.95441	      4.9484	 1	[(115, 128)]
129	115	 10	   -0.691174	     5.63267	     8.18626	 1	[(115, 129)]
130	115	 12	   -0.691174	     6.07069	     10.4514	 1	[(115, 130)]
131	115	 14	   -0.691174	     5.76926	     12.3168	 1	[(115, 131)]
132	115	 16	   -0.691174	      6.9323	     12.5541	 1	[(115, 132)]
133	115	 17	   -0.691174	     7.34726	     12.2947	 1	[(115, 133)]
134	115	 17	   -0.691174	     7.34726	     12.2947	 1	[(115, 134)]
135	115	 17	   -0.691174	     7.34726	     12.2947	 1	[(115, 135)]
136	115	 17	   -0.691174	     7.34726	     12.2947	 1	[(115, 136)]
137	115	 17	   -0.691174	     7.34726	     12.2947	 1	[(115, 137)]
138	115	 17	   -0.691174	     7.34726	     12.2947	 1	[(115, 138)]
139	124	  2	   -0.691174	     3.69996	    0.334551	 1	[(124, 139)]
140	124	  6	   -0.691174	     4.06816	     3.50973	 1	[(124, 140)]
141	124	  8	   -0.691174	     5.94557	       5.605	 1	[(124, 141)]
142	124	  9	   -0.691174	     5.92994	     7.00967	 1	[(124, 142)]
143	124	 12	   -0.691174	     7.13654	     9.56913	 1	[(124, 143)]
144	124	 14	   -0.691174	     6.03832	     11.3341	 1	[(124, 144)]
145	124	 15	   -0.691174	     6.99061	     12.9775	 1	[(124, 145)]
146	  0	113	   -0.691174	     2.55751	      87.457	 8	[(0, 146)]
147	  0	115	    -4.01264	    -4.01264	      90.138	 7	[(0, 147)]
148	  0	116	    -9.18094	    -9.18094	     91.1843	 7	[(0, 148)]
149	  0	118	    -16.5025	    -16.5025	     92.5241	 6	[(0, 149)]
150	  0	119	    -18.4539	    -18.4539	     94.0906	 6	[(0, 150)]
151	  0	120	    -18.4539	    -17.8315	     94.5266	 6	[(0, 151)]
152	  0	121	    -18.4539	    -17.4478	     94.6948	 6	[(0, 152)]
153	  0	121	    -18.4539	    -17.4478	     94.6948	 6	[(0, 153)]
154	  0	122	    -18.4539	    -15.2924	     94.9318	 7	[(0, 154)]
155	  0	122	    -18.4539	    -15.2924	     94.9318	 7	[(0, 155)]
156	  0	122	    -18.4539	    -15.2924	     94.9318	 7	[(0, 156)]
157	  0	122	    -18.4539	    -15.2924	     94.9318	 7	[(0, 157)]
158	  0	124	    -18.4539	    -10.8864	     95.0898	 8	[(0, 158)]
159	  0	126	    -18.4539	     -12.441	      95.041	 8	[(0, 159)]
160	  0	128	    -18.4539	    -15.1511	     94.9164	 7	[(0, 160)]
161	  0	129	    -18.4539	    -9.94229	     101.245	 7	[(0, 161)]
162	  0	130	    -18.4539	    -10.5479	     101.802	 7	[(0, 162)]
163	  0	131	    -18.4539	    -11.2527	     102.698	 7	[(0, 163)]
164	  0	132	    -18.4539	    -11.4934	     103.749	 7	[(0, 164)]
165	  0	133	    -18.4539	     -11.637	       104.6	 7	[(0, 165)]
166	  0	134	    -18.4539	    -11.8096	     105.485	 7	[(0, 166)]
167	  0	135	    -18.4539	    -11.8631	     106.398	 7	[(0, 167)]
168	  0	136	    -18.4539	    -11.9466	     107.384	 7	[(0, 168)]
169	  0	137	    -18.4539	    -12.6795	     108.514	 7	[(0, 169)]
170	  0	138	    -18.4539	    -12.6096	       109.2	 7	[(0, 170)]
171	  0	139	    -18.4539	    -14.1732	     110.599	 7	[(0, 171)]
172	  0	140	    -18.4539	    -13.4186	     110.612	 7	[(0, 172)]
173	  0	141	    -18.4539	    -13.1021	     110.405	 7	[(0, 173)]
174	  0	141	    -18.4539	    -13.1021	     110.405	 7	[(0, 174)]
175	  0	142	    -18.4539	     -7.4494	     110.513	 8	[(0, 175)]
176	  0	143	    -18.4539	    -9.36379	     111.792	 8	[(0, 176)]
177	  0	144	    -18.4539	    -10.3124	     112.865	 8	[(0, 177)]
178	  0	145	    -18.4539	    -11.4813	     113.914	 8	[(0, 178)]
179	  0	146	    -18.4539	     -11.862	     114.763	 8	[(0, 179)]
180	  0	147	    -18.4539	    -13.1974	     115.942	 8	[(0, 180)]
181	  0	148	    -18.4539	    -13.4461	     116.933	 8	[(0, 181)]
182	  0	148	    -18.4539	    -13.4461	     116.933	 8	[(0, 182)]
183	  0	149	    -18.4539	    -14.2749	     117.586	 8	[(0, 183)]
184	  0	150	    -18.4539	    -14.3479	     118.079	 8	[(0, 184)]
185	  0	151	    -18.4539	    -14.0337	     117.712	 8	[(0, 185)]
186	  0	151	    -18.4539	    -14.0337	     117.712	 8	[(0, 186)]
187	  0	152	    -18.4539	    -14.1784	     117.847	 8	[(0, 187)]
188	  0	152	    -18.4539	    -14.1784	     117.847	 8	[(0, 188)]
189	  0	152	    -18.4539	    -14.1784	     117.847	 8	[(0, 189)]
