nresidues = 368
2 28 0.0625
3 355 0.0625
4 25 0.0625
4 26 0.25
4 27 1.6875
4 28 0.1875
4 355 0.0625
5 28 1.1875
5 170 0.375
5 171 0.125
5 355 0.0625
6 27 0.0625
6 28 0.1875
6 29 1.3125
6 30 0.0625
6 171 0.1875
6 173 1.1875
6 355 0.0625
7 30 1.3125
7 32 0.0625
7 167 0.1875
7 169 0.0625
7 171 0.0625
7 173 0.0625
7 174 1.375
7 175 0.0625
8 15 0.1875
8 29 0.0625
8 30 0.125
8 31 1.25
8 32 0.125
8 175 1.1875
9 32 1.25
9 161 0.0625
9 174 0.0625
9 175 0.25
9 176 1.125
9 177 1.3125
9 178 0.1875
10 15 0.0390625
10 31 0.0625
10 32 0.0625
10 33 0.1875
10 177 0.0625
11 16 0.15625
11 31 0.0625
11 33 0.0625
11 35 0.0625
11 36 0.125
11 37 0.125
11 156 0.0625
12 15 0.742188
12 16 0.15625
12 47 0.25
13 16 0.742188
13 17 0.195312
13 47 0.1875
13 141 0.0625
13 336 0.0625
13 337 0.3125
13 340 0.125
14 17 0.78125
14 18 0.15625
14 177 0.0625
14 329 0.125
14 332 0.3125
14 336 0.0625
14 340 0.0625
15 18 0.78125
15 19 0.078125
15 177 0.0625
16 19 0.78125
16 20 0.078125
16 37 0.0625
16 142 0.1875
16 145 0.0625
16 149 0.125
16 156 0.0625
17 20 0.78125
17 21 0.078125
17 145 0.0625
17 340 0.1875
17 344 0.25
18 21 0.742188
18 22 0.15625
18 344 0.1875
18 347 0.1875
19 22 0.820312
19 23 0.078125
19 29 0.125
19 31 0.0625
19 149 0.25
20 23 0.78125
20 24 0.15625
20 145 0.0625
20 148 0.0625
20 149 0.0625
20 152 0.0625
21 24 0.78125
21 25 0.15625
21 341 0.3125
21 344 0.1875
21 345 0.125
21 348 0.0625
22 25 0.78125
22 26 0.664062
22 27 0.234375
22 29 0.0625
22 348 0.125
22 351 0.1875
23 26 0.0390625
23 27 0.0390625
23 152 0.125
24 76 0.0625
24 152 0.0625
24 341 0.125
25 348 0.125
25 352 0.1875
27 351 0.375
27 352 0.3125
27 355 0.375
29 154 1.25
29 155 0.125
30 155 1.75
30 156 0.0625
30 157 0.375
31 149 0.0625
31 155 0.25
31 156 1.5
31 157 0.125
32 157 1.4375
32 159 1.25
33 157 0.0625
33 158 1.375
33 159 1.25
34 39 0.0625
34 44 0.25
34 158 0.0625
34 159 0.0625
34 160 0.1875
35 39 0.25
35 42 0.1875
35 44 0.375
35 45 0.625
36 39 0.3125
36 45 0.0625
36 158 0.1875
37 40 0.0625
37 143 0.1875
38 158 0.125
39 42 0.0625
39 45 0.125
39 48 0.0625
39 158 0.5
40 48 0.125
40 139 0.0625
40 143 0.0625
41 49 0.4375
41 278 0.0625
42 45 0.1875
42 48 0.0625
42 49 0.3125
43 49 0.125
43 244 0.4375
43 281 0.3125
45 48 0.5625
45 49 0.125
46 49 0.3125
46 283 0.0625
46 285 0.125
47 138 0.0625
47 337 0.375
48 139 0.125
49 278 0.125
49 280 0.1875
49 282 0.125
50 138 0.1875
50 232 0.0625
50 337 0.125
51 136 1.1875
51 224 0.0625
51 226 0.0625
51 232 0.1875
52 135 1.25
52 136 0.25
52 337 0.25
53 89 0.0625
53 134 1.25
53 135 0.125
53 210 0.0625
53 212 0.0625
53 224 0.3125
53 338 0.1875
54 70 0.625
54 73 0.0625
54 74 0.4375
54 107 0.125
54 110 0.0625
54 111 0.125
54 133 0.4375
54 134 0.0625
54 338 0.5625
55 94 0.1875
55 212 0.125
55 338 0.5
56 70 0.1875
56 94 0.25
56 103 0.125
56 106 0.25
56 107 0.1875
56 338 0.0625
57 103 0.3125
57 334 0.1875
57 338 0.125
58 62 0.15625
58 63 0.078125
58 66 0.25
58 103 0.125
58 106 0.125
59 62 0.898438
59 63 0.117188
59 103 0.0625
60 63 0.703125
60 64 0.15625
60 67 0.0625
60 106 0.375
61 64 0.0390625
63 66 0.976562
63 67 0.078125
64 67 0.78125
64 68 0.0390625
65 68 0.820312
65 69 0.507812
65 291 0.3125
66 69 0.859375
66 70 0.3125
66 291 0.125
66 339 0.25
67 70 0.78125
67 71 0.078125
67 106 0.4375
68 71 0.78125
68 72 0.078125
68 346 0.375
69 72 0.78125
69 73 0.15625
69 291 0.0625
69 293 0.125
69 332 0.0625
69 338 1.125
69 339 0.375
69 341 1.0625
69 342 0.625
69 343 0.125
69 346 0.25
70 73 0.78125
70 74 0.078125
70 106 0.0625
70 338 0.4375
70 339 0.3125
71 74 0.742188
71 75 0.078125
71 110 0.3125
72 75 0.78125
72 76 0.0390625
72 341 0.0625
72 342 0.125
72 345 0.25
73 76 0.78125
73 77 0.234375
73 337 0.0625
73 338 0.375
73 339 0.25
73 340 0.0625
73 341 0.3125
74 77 0.78125
74 78 0.195312
74 88 0.0625
74 110 0.4375
74 111 0.0625
74 133 0.0625
74 134 0.3125
75 78 0.742188
75 79 0.0390625
76 79 0.78125
76 80 0.078125
76 341 0.625
77 80 0.78125
77 81 0.0390625
77 86 0.0625
77 134 0.25
77 136 0.3125
77 141 0.25
77 337 0.3125
78 81 0.117188
78 82 0.0390625
78 134 0.0625
79 82 0.078125
80 83 0.742188
80 84 0.703125
80 85 0.742188
80 141 0.0625
80 144 0.0625
81 84 0.0390625
81 86 0.078125
81 88 0.125
81 134 0.0625
85 136 0.1875
85 144 0.5625
85 147 0.0625
86 135 1.3125
87 134 1.4375
87 135 0.25
87 208 0.0625
87 225 0.1875
87 226 0.375
87 227 0.1875
88 112 0.1875
88 132 0.0625
88 133 1.375
88 134 0.3125
89 92 0.25
89 131 0.0625
89 132 1.1875
89 133 0.3125
89 135 0.25
89 210 0.0625
89 225 0.25
90 131 1.0625
90 132 0.375
91 130 0.1875
91 131 1.1875
91 132 0.0625
92 129 0.0625
92 130 1.375
92 131 0.4375
92 133 0.0625
92 210 1.5
93 129 1.1875
93 209 0.4375
93 210 0.0625
93 211 1.4375
93 212 0.125
93 261 0.1875
94 103 0.0625
94 107 0.3125
94 127 0.0625
94 128 1.1875
94 129 0.25
94 131 0.1875
94 212 1.1875
95 117 0.0625
95 121 0.125
95 122 0.1875
95 123 0.4375
95 127 1.25
95 211 0.0625
95 212 0.125
95 213 1.3125
95 214 1.375
96 101 0.1875
96 102 0.0625
96 126 1.25
96 127 0.25
96 214 0.0625
96 215 0.25
97 127 0.0625
97 214 0.125
97 215 0.1875
97 217 0.1875
98 101 1.125
98 127 0.1875
99 102 0.125
99 105 0.25
99 127 0.0625
100 103 0.0625
102 105 0.1875
102 127 0.0625
102 129 0.0625
103 106 0.0625
105 108 0.3125
105 114 0.4375
106 110 0.0625
107 110 1.25
107 111 0.1875
107 114 0.125
107 131 0.1875
108 111 0.0625
108 114 0.3125
111 114 0.125
111 131 0.3125
111 132 1.3125
112 131 1.25
112 132 0.375
113 130 0.125
113 131 0.0625
113 132 0.1875
114 129 0.25
114 130 1.1875
114 131 0.25
115 129 1.25
115 130 0.375
116 128 1.25
116 129 0.0625
117 121 0.0625
117 122 0.0625
117 128 0.25
117 129 0.25
117 130 0.1875
118 121 1.5
118 122 0.0625
119 122 0.25
122 126 0.0625
122 127 0.125
122 128 0.0625
123 126 0.1875
123 213 0.0625
123 215 0.0625
126 215 0.125
135 225 0.125
136 141 0.195312
136 227 0.125
136 337 0.0625
137 140 1.25
137 141 0.078125
137 226 0.6875
137 227 0.125
138 141 0.78125
138 142 0.078125
138 337 0.5
139 142 0.78125
139 143 0.195312
140 143 0.820312
140 144 0.078125
141 144 0.820312
141 145 0.15625
141 337 0.0625
142 145 0.78125
142 146 0.078125
142 337 0.0625
143 146 0.78125
143 147 0.234375
144 147 0.898438
144 148 0.273438
145 148 0.78125
145 149 0.15625
146 149 0.78125
146 150 0.117188
146 156 0.0625
147 150 0.78125
147 151 0.117188
148 151 1.01562
148 152 0.078125
149 152 0.78125
149 153 0.703125
149 154 0.195312
150 153 0.0390625
159 166 0.0625
159 169 0.3125
161 166 0.25
161 185 0.0625
162 166 0.375
162 185 1.25
162 186 0.125
162 311 0.0625
163 166 0.375
163 186 1.4375
163 302 0.0625
163 311 0.0625
164 167 1.25
164 168 0.0625
164 186 0.1875
164 187 0.1875
164 298 0.0625
164 326 0.125
165 168 0.125
166 169 0.0625
166 311 0.0625
167 174 0.125
168 171 0.3125
168 172 0.3125
168 173 0.25
168 174 0.5
168 300 0.125
168 322 0.0625
168 324 0.4375
168 325 0.1875
172 324 1.3125
172 325 0.125
172 359 0.25
173 325 1.5
173 351 0.0625
173 354 0.0625
173 355 0.0625
174 325 0.0625
174 326 1.375
174 327 0.1875
175 327 1.375
175 347 0.125
176 188 0.25
176 326 0.0625
176 327 0.125
176 328 1.5
176 329 0.1875
176 330 0.1875
177 329 0.125
178 181 0.1875
178 182 0.125
178 185 0.0625
178 330 0.0625
179 182 0.0625
179 285 0.1875
179 330 0.0625
180 183 0.0625
180 194 0.1875
180 195 0.125
180 242 0.125
180 283 0.0625
180 285 0.1875
181 184 1.1875
181 185 0.125
182 188 1.3125
182 189 1.25
182 330 0.1875
183 189 1.25
183 190 0.25
183 191 0.1875
184 309 0.0625
185 188 1.3125
185 189 0.25
186 189 0.3125
186 302 0.1875
186 307 0.3125
186 309 0.25
187 302 0.0625
187 306 0.125
188 330 0.0625
189 307 0.375
189 308 0.0625
189 309 0.1875
190 193 0.0625
190 287 0.3125
190 330 0.3125
191 288 0.1875
192 287 1.375
192 288 0.375
193 286 1.25
194 239 0.125
194 284 0.0625
194 285 1.125
194 286 0.25
194 288 0.4375
195 238 0.0625
195 239 1.25
195 240 0.125
195 241 0.125
195 242 0.5
195 283 0.0625
195 284 1.1875
196 237 0.25
196 238 1.25
196 241 1.0625
196 283 1.1875
196 284 0.4375
196 286 0.125
196 333 0.0625
197 236 1.5625
197 237 1.1875
197 238 0.1875
197 241 0.3125
197 243 0.375
197 245 0.125
197 281 0.3125
197 282 1.1875
197 283 0.1875
197 284 0.1875
198 236 0.25
198 280 0.0625
198 281 1.1875
198 282 0.25
198 284 0.1875
199 235 1.1875
199 246 0.25
199 247 0.375
199 250 0.4375
199 251 0.0625
199 254 0.0625
199 280 1.375
200 222 0.0625
200 232 0.125
200 233 1.375
200 279 1.1875
200 280 0.4375
201 231 0.0625
201 232 1.1875
201 233 0.25
201 255 0.0625
201 276 0.0625
201 278 1.25
201 279 0.125
201 280 0.0625
202 226 0.25
202 230 0.1875
202 231 1.25
202 232 0.0625
202 276 1.25
202 277 1.4375
202 278 0.1875
202 280 0.0625
203 230 1.3125
203 231 0.375
203 265 0.0625
203 274 0.125
203 275 1.3125
203 277 0.1875
204 229 1.1875
204 275 0.5625
204 277 0.1875
205 229 0.1875
205 264 0.0625
205 265 0.25
207 225 0.125
207 231 0.0625
207 262 0.0625
207 264 0.0625
208 225 0.25
209 223 0.0625
209 225 0.1875
209 262 0.6875
210 223 1.3125
210 225 0.125
211 222 1.25
211 223 0.125
212 221 1.125
212 222 0.125
213 220 1.0625
213 221 0.25
213 257 0.25
213 261 0.125
216 219 1.4375
219 253 0.625
219 257 0.4375
220 234 1.25
220 235 0.25
220 237 0.0625
220 253 0.25
221 234 1.4375
221 257 0.3125
221 261 0.0625
222 232 0.0625
222 233 1.375
222 234 0.3125
222 237 0.0625
222 258 0.0625
222 284 0.0625
223 232 1.1875
223 258 0.1875
223 262 0.0625
223 265 0.0625
224 231 1.25
224 232 0.25
225 230 1.1875
225 231 0.0625
226 230 0.4375
226 232 0.0625
230 277 0.1875
233 254 0.1875
233 258 0.0625
234 254 0.375
234 258 0.0625
235 253 0.25
235 254 0.0625
236 250 0.0625
236 253 0.0625
236 284 0.25
237 284 0.5625
238 241 0.25
241 283 0.0625
242 283 0.1875
243 281 0.0625
244 281 0.25
244 283 0.125
245 281 0.125
246 279 0.125
247 250 0.976562
247 251 0.0390625
248 251 0.742188
248 252 0.15625
249 252 0.78125
249 253 0.0390625
250 253 0.78125
250 254 0.195312
251 254 0.78125
251 255 0.117188
251 279 0.1875
252 255 0.703125
252 256 0.195312
253 256 0.78125
253 257 0.078125
254 257 0.78125
254 258 0.117188
255 258 0.742188
255 259 0.078125
255 271 0.25
256 259 0.78125
256 260 0.117188
256 271 0.125
257 260 1.09375
257 261 0.15625
258 261 0.78125
258 262 0.117188
258 265 0.125
259 262 0.78125
259 263 0.15625
259 269 0.25
259 270 0.1875
262 265 0.1875
263 266 0.1875
263 269 0.0625
266 269 0.375
266 270 0.25
266 272 0.0625
266 273 1.6875
266 274 0.125
267 273 0.3125
268 272 0.0625
268 273 0.125
270 273 1.1875
270 274 0.0625
271 274 0.3125
276 279 0.0625
284 333 0.1875
284 334 0.125
285 330 1.0625
285 331 1.25
285 332 1.1875
285 333 0.125
286 331 0.0625
286 332 0.0625
286 333 0.3125
287 290 0.5
287 292 0.25
287 330 0.0625
287 331 0.0625
290 331 1.0625
291 330 1.25
291 331 0.375
291 332 0.0625
292 296 0.0625
292 328 2.3125
292 329 1.1875
292 330 0.5
293 328 1.1875
293 332 0.0625
293 350 0.0625
294 326 0.0625
294 327 1.25
294 328 0.3125
294 350 0.125
295 326 1.25
296 306 0.0625
296 324 0.0625
296 325 1.25
296 326 0.3125
296 328 0.25
297 323 0.8125
297 324 1.5625
297 325 0.125
297 358 1
297 359 0.0625
298 322 0.0625
298 323 1.375
298 324 0.25
298 326 0.0625
299 321 0.0625
299 322 1.3125
300 320 1.0625
300 321 1.4375
300 322 0.375
300 324 0.0625
301 319 0.0625
301 320 0.0625
301 321 0.0625
302 306 0.0390625
303 306 0.859375
303 307 0.0390625
303 310 0.195312
304 307 0.234375
304 308 0.15625
304 309 0.0390625
304 310 0.429688
304 312 0.125
304 313 0.25
304 314 0.3125
307 310 0.1875
313 316 0.125
325 354 0.0625
325 358 0.0625
325 359 0.25
327 350 0.0625
329 332 0.1875
329 347 0.0625
332 335 1.3125
332 336 0.0625
332 339 0.0625
332 343 0.125
335 338 1.5625
335 339 0.4375
336 339 1.125
336 340 0.1875
337 340 0.25
339 342 0.742188
339 343 0.078125
340 343 0.78125
340 344 0.078125
341 344 0.78125
341 345 0.3125
342 345 0.820312
342 346 0.117188
343 346 0.78125
343 347 0.117188
344 347 0.78125
344 348 0.078125
345 348 0.78125
345 349 0.078125
346 349 0.78125
346 350 0.15625
347 350 0.78125
347 351 0.117188
348 351 0.78125
348 352 0.195312
349 352 0.78125
349 353 0.078125
350 353 0.820312
350 354 0.078125
351 354 0.78125
351 355 0.234375
352 355 0.78125
352 356 0.117188
353 356 0.78125
353 357 0.390625
354 357 0.78125
354 358 0.9375
354 359 0.117188
355 358 0.703125
355 359 0.976562
355 360 0.117188
356 360 0.117188
