nresidues = 203
1 4 0.163529
1 48 0.981173
2 47 3.4341
2 48 1.1447
2 68 0.490586
3 45 0.490586
3 46 3.76116
3 47 0.327058
4 25 0.327058
4 44 0.163529
4 45 3.10705
4 46 0.490586
4 59 0.163529
5 20 0.327058
5 43 0.327058
5 44 3.10705
5 45 0.163529
6 18 0.327058
6 19 3.10705
6 42 0.163529
6 43 3.27058
6 44 0.327058
7 18 3.4341
7 19 0.327058
7 41 0.490586
7 42 3.76116
7 43 0.327058
8 11 0.163529
8 16 0.327058
8 17 3.10705
8 18 0.327058
8 39 0.163529
8 40 3.76116
8 41 0.163529
8 42 0.490586
8 44 0.327058
9 17 3.27058
9 18 0.163529
9 19 0.327058
10 16 3.27058
10 17 0.490586
11 15 3.27058
11 34 0.163529
11 37 0.654115
11 38 0.654115
11 39 0.163529
12 15 3.92469
12 34 0.163529
13 31 0.327058
13 34 0.981173
14 27 0.163529
14 28 3.10705
14 29 0.654115
14 34 0.981173
15 26 0.327058
15 27 3.27058
15 28 0.817644
15 34 0.490586
16 25 0.163529
16 26 3.10705
16 27 0.981173
16 29 0.163529
16 37 0.327058
17 24 0.490586
17 25 3.4341
18 23 0.163529
18 24 3.27058
18 25 0.654115
19 22 0.981173
19 23 3.4341
20 23 0.981173
26 59 0.163529
27 59 3.10705
27 60 0.163529
27 61 0.163529
28 58 0.163529
28 59 0.817644
28 60 3.92469
28 61 0.163529
28 86 0.327058
29 33 0.327058
29 37 0.327058
29 61 0.981173
29 63 0.163529
29 86 0.327058
30 33 3.27058
30 34 0.327058
30 61 0.163529
30 62 0.327058
30 86 0.327058
30 89 0.654115
30 90 0.981173
31 34 3.59763
31 35 2.12587
31 89 2.77999
31 90 0.981173
32 35 0.327058
32 89 0.654115
32 90 0.163529
32 92 0.490586
32 93 0.163529
33 36 3.27058
33 63 0.817644
33 67 0.490586
34 37 0.654115
36 63 0.163529
37 63 0.163529
38 42 0.327058
38 43 0.163529
38 44 0.163529
39 42 0.817644
46 62 3.27058
47 60 0.163529
47 61 3.27058
47 62 0.981173
47 63 0.163529
47 64 0.163529
47 65 0.327058
47 68 0.163529
48 60 3.4341
48 68 0.817644
49 58 0.163529
49 59 3.27058
49 60 0.654115
49 71 0.163529
49 72 0.981173
49 75 0.163529
50 57 0.817644
50 58 3.4341
50 59 0.327058
51 56 0.163529
51 57 3.27058
51 58 0.981173
51 60 0.163529
52 56 3.27058
53 56 0.981173
53 83 0.327058
60 71 0.490586
60 82 0.490586
60 83 0.163529
60 86 0.327058
62 67 0.408822
62 68 0.511026
62 71 1.1447
63 67 0.408822
64 67 2.96395
65 68 2.24852
65 69 0.306618
66 69 2.04411
66 70 0.204411
66 136 0.490586
66 137 0.163529
66 138 0.327058
66 139 0.327058
67 70 2.04411
67 71 0.204411
68 71 2.14631
68 72 0.511026
69 72 2.14631
69 73 0.306618
69 139 0.490586
70 73 2.24852
70 74 0.408822
70 89 0.163529
70 94 0.490586
70 97 0.490586
70 131 0.163529
70 139 0.163529
71 74 2.04411
71 75 0.511026
71 82 0.327058
71 85 0.327058
72 75 2.14631
72 76 0.71544
73 76 1.94191
73 77 0.102206
73 127 0.163529
73 134 0.163529
74 77 0.511026
74 80 0.490586
74 97 0.327058
74 127 0.163529
75 80 0.490586
75 81 0.490586
75 82 0.163529
75 85 0.163529
77 80 0.654115
80 84 0.102206
81 84 2.04411
81 85 0.204411
82 85 2.04411
82 86 0.204411
83 86 2.04411
83 87 0.102206
84 87 2.14631
84 88 0.408822
84 113 0.163529
84 114 0.163529
85 88 2.04411
85 89 0.204411
86 89 1.94191
86 90 0.511026
87 90 2.04411
87 112 0.163529
88 91 1.73749
88 92 0.306618
88 97 0.327058
88 115 0.163529
89 92 2.14631
92 96 0.71544
92 97 0.204411
93 96 2.45293
93 97 0.204411
94 97 2.14631
94 98 0.306618
94 138 0.327058
95 98 2.04411
95 99 0.919848
96 99 2.14631
96 100 0.204411
97 100 2.04411
97 101 0.408822
98 101 2.04411
98 102 0.306618
98 138 0.163529
99 102 2.14631
99 103 0.306618
99 105 0.102206
100 103 2.04411
100 104 2.04411
100 105 0.511026
101 104 0.204411
101 124 0.327058
101 127 0.327058
101 128 0.327058
101 131 0.163529
102 128 0.817644
102 131 0.163529
104 124 0.817644
104 128 0.817644
105 108 1.94191
105 109 0.102206
105 124 0.327058
106 109 2.04411
106 110 0.204411
106 120 0.654115
106 121 0.327058
106 124 0.163529
107 110 2.24852
107 111 0.102206
108 111 0.306618
109 112 0.408822
109 115 0.981173
109 124 0.327058
110 115 0.163529
110 120 0.163529
112 115 1.96235
115 119 0.204411
116 119 2.75956
116 120 0.306618
117 120 2.35073
117 121 0.71544
118 121 2.24852
118 122 0.204411
119 122 2.14631
119 123 0.204411
120 123 2.14631
120 124 0.306618
121 124 1.94191
121 125 0.204411
122 125 2.14631
122 126 0.204411
123 126 2.14631
123 127 0.306618
124 127 2.04411
124 128 0.204411
125 128 1.8397
125 129 0.102206
126 129 2.04411
126 130 0.102206
127 130 2.04411
127 131 0.71544
129 132 0.327058
130 133 3.10705
130 134 0.490586
131 134 1.63529
131 139 0.163529
134 139 0.981173
136 139 3.4341
136 140 0.327058
137 140 0.490586
156 159 1.94191
156 160 0.204411
157 160 2.04411
157 161 0.204411
158 161 2.35073
158 162 0.204411
158 189 0.163529
158 190 0.490586
158 193 0.490586
159 162 2.04411
159 163 0.408822
159 180 0.163529
159 193 0.163529
160 163 1.94191
160 164 0.102206
161 164 2.04411
161 165 0.204411
161 190 0.163529
162 165 2.04411
162 166 0.408822
162 190 0.163529
162 193 0.163529
162 194 0.817644
163 166 2.14631
163 167 0.408822
163 180 0.163529
164 167 2.24852
164 168 0.204411
165 168 2.14631
165 169 0.408822
165 194 0.163529
166 169 2.14631
166 170 1.73749
166 171 0.408822
166 176 0.163529
166 197 0.163529
166 198 0.327058
167 170 1.8397
167 171 0.511026
167 173 0.163529
167 176 0.163529
171 179 0.490586
171 198 0.163529
172 175 2.04411
172 176 0.102206
173 176 2.04411
173 177 0.408822
174 177 2.35073
174 178 0.204411
175 178 2.14631
175 179 0.817644
176 179 2.55514
176 180 0.102206
177 180 1.8397
177 181 0.511026
178 181 2.35073
178 182 0.204411
179 197 0.163529
179 201 0.163529
180 183 0.817644
180 184 0.163529
181 184 0.163529
185 188 0.163529
188 192 0.204411
188 193 0.102206
189 192 2.75956
189 193 0.204411
190 193 2.24852
190 194 0.511026
191 194 2.04411
191 195 0.204411
192 195 2.24852
192 196 0.204411
193 196 2.14631
193 197 0.204411
194 197 2.04411
194 198 0.511026
195 198 2.04411
196 199 2.04411
196 200 0.204411
197 200 2.04411
197 201 0.102206
198 201 2.04411
198 202 0.306618
199 202 0.306618
