L	Ls	nvertices	F_L	F_L_constrained	rho_sum	nloops	regions
215	  0	  0	           0	           0	           0	 0	[(0, 215)]
216	  0	  0	           0	           0	           0	 0	[(0, 216)]
217	  0	  0	           0	           0	           0	 0	[(0, 217)]
218	  0	  0	           0	           0	           0	 0	[(0, 218)]
219	  0	  2	   -0.258248	   -0.258248	    0.246252	 0	[(0, 219)]
220	  0	  2	   -0.258248	   -0.258248	    0.246252	 0	[(0, 220)]
221	  0	  2	   -0.258248	   -0.258248	    0.246252	 0	[(0, 221)]
222	  0	  2	   -0.258248	   -0.258248	    0.246252	 0	[(0, 222)]
223	  0	  2	   -0.258248	   -0.258248	    0.246252	 0	[(0, 223)]
224	  0	  2	   -0.258248	   -0.258248	    0.246252	 0	[(0, 224)]
225	  0	  4	   -0.514264	   -0.514264	     0.48849	 0	[(0, 225)]
226	  0	  4	   -0.514264	   -0.514264	     0.48849	 0	[(0, 226)]
227	  0	  4	   -0.514264	   -0.514264	     0.48849	 0	[(0, 227)]
228	  0	  4	   -0.514264	   -0.514264	     0.48849	 0	[(0, 228)]
229	  0	  4	   -0.514264	   -0.514264	     0.48849	 0	[(0, 229)]
230	  0	  4	   -0.514264	   -0.514264	     0.48849	 0	[(0, 230)]
231	  0	  4	   -0.514264	   -0.514264	     0.48849	 0	[(0, 231)]
232	  0	  4	   -0.514264	   -0.514264	     0.48849	 0	[(0, 232)]
233	  0	  4	   -0.514264	   -0.514264	     0.48849	 0	[(0, 233)]
234	  0	  6	   -0.782249	   -0.782249	    0.752975	 0	[(0, 234)]
235	  0	  7	   -0.782249	   -0.773553	    0.750706	 0	[(0, 235)]
236	  0	  8	   -0.782249	   -0.760147	    0.736919	 0	[(0, 236)]
237	  0	  9	   -0.782249	   -0.769125	    0.745418	 0	[(0, 237)]
238	  0	  9	   -0.782249	   -0.769125	    0.745418	 0	[(0, 238)]
239	  0	 10	   -0.782249	      1.3022	    0.875771	 1	[(0, 239)]
240	  0	 13	   -0.782249	     1.60503	    0.903556	 1	[(0, 240)]
241	236	  6	   -0.782249	     4.37789	     5.21131	 0	[(236, 241)]
242	236	  7	   -0.782249	     4.41284	     5.73828	 0	[(236, 242)]
243	  0	 17	   -0.782249	     4.20674	     7.38385	 0	[(0, 243)]
244	  0	 18	   -0.782249	     4.12599	     7.80404	 0	[(0, 244)]
245	  0	 19	   -0.782249	     3.92538	     9.00069	 0	[(0, 245)]
246	  0	 20	   -0.782249	     3.76426	     10.1347	 0	[(0, 246)]
247	  0	 22	   -0.782249	     3.63721	     11.0739	 0	[(0, 247)]
248	  0	 24	   -0.782249	     3.50492	     12.0847	 0	[(0, 248)]
249	  0	 25	   -0.782249	     3.27724	     13.1219	 0	[(0, 249)]
250	  0	 26	   -0.782249	     3.16947	     14.0743	 0	[(0, 250)]
251	  0	 27	   -0.782249	     2.91828	     15.2314	 0	[(0, 251)]
252	  0	 28	   -0.782249	     3.20038	     15.6762	 0	[(0, 252)]
253	  0	 29	   -0.782249	     3.55338	     14.8842	 0	[(0, 253)]
254	  0	 30	   -0.782249	     3.60633	     14.5144	 0	[(0, 254)]
255	  0	 31	   -0.782249	      3.2736	     14.8474	 0	[(0, 255)]
256	  0	 32	   -0.782249	     3.34125	     14.8258	 0	[(0, 256)]
257	  0	 33	   -0.782249	     3.22014	      15.037	 0	[(0, 257)]
258	  0	 34	   -0.782249	     3.31607	     14.9249	 0	[(0, 258)]
259	236	 24	   -0.782249	     3.55588	       13.99	 0	[(236, 259)]
260	256	  4	   -0.782249	     2.24693	     0.29261	 1	[(256, 260)]
261	256	  6	   -0.782249	     4.56552	      5.2516	 0	[(256, 261)]
262	256	  7	   -0.782249	      4.5068	     5.75386	 0	[(256, 262)]
263	256	  8	   -0.782249	     4.48717	     6.25546	 0	[(256, 263)]
264	256	  9	   -0.782249	     4.44634	     7.26201	 0	[(256, 264)]
265	256	 10	   -0.782249	     4.13241	     8.61942	 0	[(256, 265)]
266	256	 11	   -0.782249	     4.67473	     8.64599	 0	[(256, 266)]
267	256	 11	   -0.782249	     4.67473	     8.64599	 0	[(256, 267)]
268	256	 12	   -0.782249	     6.83913	     9.01357	 1	[(256, 268)]
269	256	 13	   -0.782249	     7.07431	     8.94522	 1	[(256, 269)]
270	256	 13	   -0.782249	     7.07431	     8.94522	 1	[(256, 270)]
271	256	 13	   -0.782249	     7.07431	     8.94522	 1	[(256, 271)]
272	268	  3	   -0.782249	     3.90837	    0.284025	 1	[(268, 272)]
273	268	  5	   -0.782249	     2.37667	    0.267861	 1	[(268, 273)]
274	268	  7	   -0.782249	     5.16008	     5.73736	 0	[(268, 274)]
275	268	  8	   -0.782249	     5.10465	     6.17706	 0	[(268, 275)]
276	  0	 52	   -0.782249	     5.56622	     37.1579	 1	[(0, 276)]
277	268	  9	   -0.782249	     5.70015	     6.55066	 0	[(268, 277)]
278	268	  9	   -0.782249	     5.70015	     6.55066	 0	[(268, 278)]
279	268	  9	   -0.782249	     5.70015	     6.55066	 0	[(268, 279)]
280	268	  9	   -0.782249	     5.70015	     6.55066	 0	[(268, 280)]
281	268	  9	   -0.782249	     5.70015	     6.55066	 0	[(268, 281)]
282	277	  4	   -0.782249	     4.01526	    0.277358	 1	[(277, 282)]
283	277	  6	   -0.782249	     2.23385	    0.273471	 1	[(277, 283)]
284	277	  8	   -0.782249	     4.53536	     5.55793	 0	[(277, 284)]
285	277	  9	   -0.782249	     4.38692	     5.92644	 0	[(277, 285)]
286	277	 10	   -0.782249	     4.42327	     6.36554	 0	[(277, 286)]
287	277	 11	   -0.782249	     4.51081	     7.53724	 0	[(277, 287)]
288	277	 12	   -0.782249	      3.9126	     9.06927	 0	[(277, 288)]
289	277	 13	   -0.782249	     2.99118	     10.3313	 0	[(277, 289)]
290	277	 14	   -0.782249	     2.62427	      11.317	 0	[(277, 290)]
291	277	 15	   -0.782249	     2.67524	     12.0333	 0	[(277, 291)]
292	  0	 68	   -0.782249	    0.744219	     54.4309	 1	[(0, 292)]
293	  0	 68	   -0.782249	    0.744219	     54.4309	 1	[(0, 293)]
294	  0	 69	   -0.782249	    0.524539	     54.6287	 1	[(0, 294)]
295	  0	 69	   -0.782249	    0.524539	     54.6287	 1	[(0, 295)]
296	  0	 69	   -0.782249	    0.524539	     54.6287	 1	[(0, 296)]
297	  0	 69	   -0.782249	    0.524539	     54.6287	 1	[(0, 297)]
298	  0	 69	   -0.782249	    0.524539	     54.6287	 1	[(0, 298)]
299	  0	 69	   -0.782249	    0.524539	     54.6287	 1	[(0, 299)]
300	  0	 69	   -0.782249	    0.524539	     54.6287	 1	[(0, 300)]
301	  0	 71	   -0.782249	    0.268523	     54.8709	 1	[(0, 301)]
302	  0	 71	   -0.782249	    0.268523	     54.8709	 1	[(0, 302)]
303	  0	 73	   -0.782249	    0.144456	     54.9981	 1	[(0, 303)]
304	  0	 73	   -0.782249	    0.144456	     54.9981	 1	[(0, 304)]
305	  0	 76	   -0.782249	 -0.00205558	     55.1876	 1	[(0, 305)]
306	301	  5	   -0.782249	     2.37155	    0.273986	 1	[(301, 306)]
307	  0	 80	   -0.782249	     4.52392	      60.581	 1	[(0, 307)]
308	  0	 81	   -0.782249	     4.31033	     61.1252	 1	[(0, 308)]
309	  0	 82	   -0.782249	     4.30184	     62.0617	 1	[(0, 309)]
310	301	 10	   -0.782249	      4.1467	      8.1779	 0	[(301, 310)]
311	  0	 85	   -0.782249	     3.47581	      64.675	 1	[(0, 311)]
312	  0	 86	   -0.782249	     3.11417	     65.6874	 1	[(0, 312)]
313	301	 13	   -0.782249	     3.13908	      11.195	 0	[(301, 313)]
314	301	 14	   -0.782249	     3.68164	     11.1023	 0	[(301, 314)]
315	301	 14	   -0.782249	     3.68164	     11.1023	 0	[(301, 315)]
316	301	 15	   -0.782249	     3.49027	     11.2796	 0	[(301, 316)]
317	301	 15	   -0.782249	     3.49027	     11.2796	 0	[(301, 317)]
318	301	 15	   -0.782249	     3.49027	     11.2796	 0	[(301, 318)]
319	301	 15	   -0.782249	     3.49027	     11.2796	 0	[(301, 319)]
320	301	 15	   -0.782249	     3.49027	     11.2796	 0	[(301, 320)]
321	301	 15	   -0.782249	     3.49027	     11.2796	 0	[(301, 321)]
322	301	 15	   -0.782249	     3.49027	     11.2796	 0	[(301, 322)]
323	301	 15	   -0.782249	     3.49027	     11.2796	 0	[(301, 323)]
324	301	 15	   -0.782249	     3.49027	     11.2796	 0	[(301, 324)]
325	301	 17	   -0.782249	     3.23202	     11.5258	 0	[(301, 325)]
326	301	 17	   -0.782249	     3.23202	     11.5258	 0	[(301, 326)]
327	301	 17	   -0.782249	     3.23202	     11.5258	 0	[(301, 327)]
328	301	 17	   -0.782249	     3.23202	     11.5258	 0	[(301, 328)]
329	316	 80	   -0.782249	     8.02427	     55.6478	 3	[(0, 305), (316, 329)]
330	316	 84	   -0.782249	     4.18371	     55.4816	 2	[(0, 305), (316, 330)]
331	316	 86	   -0.782249	     4.33471	     55.4758	 2	[(0, 305), (316, 331)]
332	316	 87	   -0.782249	     9.82064	     62.9419	 2	[(0, 305), (316, 332)]
333	316	 90	   -0.782249	     10.2011	     62.0802	 2	[(0, 305), (316, 333)]
334	316	 91	   -0.782249	      9.9962	     62.6512	 2	[(0, 305), (316, 334)]
335	316	 94	   -0.782249	     9.67805	     63.0634	 2	[(0, 305), (316, 335)]
336	316	 95	   -0.782249	      10.621	     64.6938	 2	[(0, 305), (316, 336)]
337	316	 96	   -0.782249	     11.0658	     65.2037	 2	[(0, 305), (316, 337)]
338	316	 96	   -0.782249	     11.0658	     65.2037	 2	[(0, 305), (316, 338)]
339	316	 96	   -0.782249	     11.0658	     65.2037	 2	[(0, 305), (316, 339)]
340	316	 96	   -0.782249	     11.0658	     65.2037	 2	[(0, 305), (316, 340)]
341	316	 96	   -0.782249	     11.0658	     65.2037	 2	[(0, 305), (316, 341)]
342	316	 96	   -0.782249	     11.0658	     65.2037	 2	[(0, 305), (316, 342)]
343	316	 96	   -0.782249	     11.0658	     65.2037	 2	[(0, 305), (316, 343)]
344	316	 96	   -0.782249	     11.0658	     65.2037	 2	[(0, 305), (316, 344)]
345	316	 96	   -0.782249	     11.0658	     65.2037	 2	[(0, 305), (316, 345)]
346	333	 79	   -0.782249	     3.95392	     55.4471	 2	[(0, 305), (333, 346)]
347	333	 81	   -0.782249	     4.31343	     55.4562	 2	[(0, 305), (333, 347)]
348	333	 82	   -0.782249	     6.62186	     59.4237	 2	[(0, 305), (333, 348)]
349	333	 85	   -0.782249	     7.29222	     60.8377	 2	[(0, 305), (333, 349)]
350	333	 86	   -0.782249	     8.03299	     63.1369	 2	[(0, 305), (333, 350)]
351	333	 89	   -0.782249	      7.2018	     66.3429	 2	[(0, 305), (333, 351)]
352	333	 91	   -0.782249	     7.90045	     68.1272	 2	[(0, 305), (333, 352)]
353	333	 93	   -0.782249	     8.16124	     70.1452	 2	[(0, 305), (333, 353)]
354	  0	129	   -0.782249	     9.44061	     96.6885	 6	[(0, 354)]
355	  0	130	   -0.782249	     8.32299	     100.348	 6	[(0, 355)]
356	  0	131	   -0.782249	     8.68541	     101.612	 6	[(0, 356)]
357	  0	132	   -0.782249	     8.81641	     102.394	 6	[(0, 357)]
358	  0	133	   -0.782249	     9.19079	     101.618	 6	[(0, 358)]
359	347	 80	   -0.782249	     4.98107	     55.5794	 2	[(0, 305), (347, 359)]
360	347	 83	   -0.782249	     5.42738	     55.5818	 2	[(0, 305), (347, 360)]
361	347	 85	   -0.782249	      8.7113	      60.041	 2	[(0, 305), (347, 361)]
362	347	 86	   -0.782249	     8.90037	     60.9397	 2	[(0, 305), (347, 362)]
363	  0	138	   -0.782249	     8.95125	     105.675	 7	[(0, 363)]
364	  0	139	   -0.782249	     7.49268	     106.676	 7	[(0, 364)]
365	  0	140	   -0.782249	     8.14058	     107.046	 7	[(0, 365)]
366	  0	140	   -0.782249	     8.14058	     107.046	 7	[(0, 366)]
367	  0	141	   -0.782249	     7.72946	     107.423	 7	[(0, 367)]
368	  0	142	   -0.782249	     7.84054	     107.376	 7	[(0, 368)]
369	  0	143	   -0.782249	     7.87447	     107.342	 7	[(0, 369)]
370	  0	144	   -0.782249	     7.83155	     107.381	 7	[(0, 370)]
371	  0	145	   -0.782249	     7.84161	      107.37	 7	[(0, 371)]
372	  0	146	   -0.782249	     7.81558	     107.428	 7	[(0, 372)]
373	  0	147	   -0.782249	     7.80522	     107.443	 7	[(0, 373)]
374	  0	148	   -0.782249	     7.77149	       107.5	 7	[(0, 374)]
375	368	 78	   -0.782249	     3.74193	     55.4298	 2	[(0, 305), (368, 375)]
376	368	 80	   -0.782249	     4.24152	     55.4805	 2	[(0, 305), (368, 376)]
377	368	 83	   -0.782249	     7.74004	     59.9389	 2	[(0, 305), (368, 377)]
378	368	 85	   -0.782249	     7.95356	      61.081	 2	[(0, 305), (368, 378)]
379	  0	153	   -0.782249	     6.38009	     126.327	 8	[(0, 379)]
380	  0	154	   -0.782249	     5.20301	     128.966	10	[(0, 380)]
381	  0	156	   -0.782249	  -0.0648738	     130.855	 9	[(0, 381)]
382	  0	157	    -7.50568	    -7.50568	     133.687	 9	[(0, 382)]
383	  0	160	    -15.1374	    -15.1374	     135.833	 8	[(0, 383)]
384	  0	161	    -18.6878	    -18.6878	     138.124	 8	[(0, 384)]
385	  0	162	    -23.1394	    -23.1394	     140.608	 8	[(0, 385)]
386	  0	163	    -24.7037	    -24.7037	     141.649	 8	[(0, 386)]
387	  0	164	    -29.0948	    -29.0948	     142.845	 8	[(0, 387)]
388	  0	164	    -29.0948	    -29.0948	     142.845	 8	[(0, 388)]
