nresidues = 263
19 42 1.1875
19 43 1.8125
19 69 0.0625
20 42 0.5625
20 69 0.3125
20 74 0.25
21 73 0.0625
26 29 0.4375
28 80 0.0625
29 53 0.0625
29 54 0.0625
29 78 0.125
29 79 0.375
29 80 0.1875
30 51 0.5625
30 52 1.5625
30 53 0.5
30 59 0.5
30 79 0.3125
30 80 0.3125
31 50 0.0625
31 51 1.25
31 52 0.125
31 54 0.125
32 49 0.4375
32 50 1.25
32 51 0.5
32 67 0.125
33 52 0.125
38 41 0.25
41 47 0.0625
42 47 0.125
42 49 0.25
42 74 0.3125
43 69 0.0625
44 47 0.0625
47 67 1.25
47 68 1.125
48 67 1.25
48 68 0.1875
49 66 1.3125
49 67 0.1875
49 74 0.125
50 59 0.0625
50 66 0.75
51 59 0.3125
51 66 0.0625
51 67 0.1875
51 78 0.25
53 57 0.125
53 80 0.1875
54 57 0.5
56 82 0.25
57 80 0.125
57 81 1.4375
58 80 1.375
58 81 0.4375
58 82 0.125
58 83 0.375
58 84 0.625
58 102 0.375
58 130 0.0625
58 131 0.0625
58 132 0.125
59 66 0.1875
59 79 1.1875
59 129 1.125
59 130 1.3125
59 131 0.125
60 79 0.0625
60 81 0.3125
60 83 0.3125
60 129 0.25
61 128 0.1875
61 129 0.125
62 129 0.0625
63 128 1.1875
63 129 0.1875
64 128 0.875
64 129 0.25
65 68 0.0625
65 76 0.375
66 76 0.0625
67 74 0.25
67 75 1.0625
67 76 0.0625
68 74 1.1875
68 75 0.25
68 76 0.1875
69 75 0.0625
70 75 0.3125
74 77 0.125
83 132 0.4375
84 101 1.0625
84 102 1.125
84 132 0.25
85 101 0.3125
85 102 0.25
85 125 0.1875
85 133 0.0625
85 135 0.3125
86 135 0.0625
87 135 0.0625
88 99 0.0625
88 135 0.1875
89 96 0.0625
89 109 0.3125
89 123 0.375
89 135 0.9375
89 136 0.125
89 137 0.4375
89 138 0.25
91 94 0.1875
91 141 0.5625
92 141 0.125
93 112 0.125
93 115 0.8125
93 142 0.3125
93 148 0.125
93 164 0.5625
94 109 0.25
94 110 1.1875
95 108 0.0625
95 109 1.25
95 110 0.375
96 99 0.125
96 107 0.1875
96 108 1.1875
97 110 0.125
98 106 0.0625
98 107 0.375
101 104 0.25
101 105 0.3125
101 135 0.125
102 125 0.0625
102 132 0.125
103 126 0.375
103 127 0.8125
103 128 0.25
103 129 0.5
103 130 0.125
103 131 0.75
103 132 0.25
105 123 0.0625
106 122 0.125
106 123 1.1875
106 124 0.125
107 122 1.3125
107 123 0.375
108 122 0.1875
109 117 0.0625
109 123 0.1875
111 117 0.125
111 142 0.1875
112 115 0.125
112 164 0.25
113 166 0.3125
115 142 0.5625
115 143 1.25
115 146 0.5625
115 147 0.125
115 148 0.3125
115 164 0.25
116 141 0.0625
116 142 1.5
116 143 0.375
117 121 0.125
117 141 1.0625
117 142 0.4375
118 140 0.1875
118 141 0.25
120 137 0.125
122 137 0.125
123 136 0.0625
123 137 0.5
124 127 0.1875
124 135 1.4375
125 133 0.0625
125 134 1.1875
125 135 0.5625
126 134 0.1875
126 136 0.125
145 167 0.3125
146 166 1.25
146 191 1.0625
146 192 0.0625
147 164 1.25
147 166 0.25
147 167 0.1875
147 189 0.375
148 163 1.0625
148 164 0.1875
148 194 0.125
149 158 0.0625
149 163 0.1875
149 194 0.0625
150 158 0.3125
150 163 0.0625
150 165 0.125
150 171 0.0625
150 173 0.125
150 194 0.4375
151 158 0.0625
152 156 1.0625
153 156 0.1875
153 173 0.1875
153 174 0.0625
153 198 0.1875
153 200 0.0625
155 176 0.1875
155 179 0.1875
155 200 0.1875
156 174 1.25
156 176 0.0625
156 200 0.0625
157 173 1.3125
157 174 0.375
157 176 0.5625
158 172 1.0625
159 165 0.1875
159 172 0.1875
159 174 0.25
160 165 0.0625
162 165 0.4375
165 169 0.25
165 171 0.3125
167 189 1.1875
167 190 0.0625
167 191 0.0625
168 189 1.125
169 187 0.0625
169 188 1.1875
170 185 0.0625
170 186 0.125
170 187 1.25
171 186 1.25
171 187 0.375
171 194 0.0625
172 225 0.0625
173 181 0.1875
173 187 0.125
173 198 0.3125
174 181 0.0625
174 200 0.0625
175 179 0.125
175 180 0.1875
175 181 0.1875
175 200 0.3125
176 179 0.3125
178 202 0.125
179 200 0.125
179 201 1.25
179 202 0.125
180 199 0.1875
180 200 1.1875
180 201 0.375
180 203 0.125
181 198 0.125
181 199 1.1875
181 200 0.0625
181 225 0.3125
182 197 0.0625
182 198 1.1875
182 199 0.3125
182 201 0.0625
182 225 0.125
182 247 0.0625
182 249 0.0625
183 196 0.3125
183 226 0.3125
184 196 0.25
184 226 0.5625
185 225 0.125
185 226 0.125
186 196 0.1875
187 194 0.125
187 196 0.25
187 198 0.0625
188 193 0.0625
188 194 1.1875
188 195 0.125
189 193 1.1875
189 194 0.125
190 193 0.0625
201 249 0.125
203 224 0.0625
203 248 0.0625
203 249 0.1875
203 250 0.375
204 222 0.0625
204 223 1.375
204 224 1.1875
204 247 0.0625
204 251 0.0625
205 222 1.1875
205 223 0.4375
205 224 0.0625
205 247 0.375
205 253 0.1875
206 223 0.125
206 251 0.1875
206 253 0.375
207 219 0.1875
207 220 0.125
207 221 0.4375
208 215 0.125
208 223 0.0625
208 231 0.0625
208 257 0.1875
209 257 0.25
210 213 0.375
210 231 0.3125
210 258 0.1875
212 233 1.1875
212 234 0.25
212 237 0.5
212 260 0.0625
213 231 0.125
213 232 1.1875
214 231 1.25
214 232 0.5
215 219 0.0625
215 223 0.0625
215 229 0.4375
215 230 1.25
215 231 0.125
217 229 0.25
217 230 0.125
218 223 0.125
218 227 0.0625
218 229 0.0625
219 223 0.25
220 223 0.5
220 227 0.0625
223 227 0.375
223 253 0.25
224 247 0.125
225 247 0.1875
226 246 0.125
227 245 1.4375
227 246 1.25
228 244 1.8125
228 245 1.25
228 246 0.0625
229 244 1.25
230 243 0.0625
231 243 0.0625
231 245 0.25
231 258 0.1875
233 239 0.1875
233 260 0.25
234 237 0.3125
237 260 0.375
237 261 1.5
238 260 1.375
238 261 0.375
239 243 0.25
239 259 1.0625
239 260 0.1875
240 258 1.0625
240 259 0.25
241 258 0.1875
242 255 0.125
242 258 0.125
245 253 0.375
245 254 1.0625
245 255 0.0625
245 257 0.0625
246 253 1.375
246 254 0.4375
247 252 1.0625
248 252 0.25
248 253 0.0625
248 254 0.5
249 252 0.0625
252 256 0.0625
253 256 0.25
253 257 0.1875
