nresidues = 156
27 37 0.1875
27 61 0.3125
27 63 0.125
28 32 0.25
28 33 0.25
28 34 0.6875
28 37 0.1875
29 32 0.5
29 37 0.25
29 60 0.1875
30 139 0.0625
31 36 0.0390625
31 60 0.125
31 139 0.125
32 36 0.3125
32 37 0.15625
32 40 0.125
32 60 0.1875
32 139 0.1875
33 36 1.05469
33 37 0.078125
33 139 0.125
33 140 0.5625
34 37 0.78125
34 38 0.078125
34 149 0.125
35 38 0.78125
35 39 0.078125
35 140 0.0625
35 147 0.125
35 148 0.125
36 39 0.78125
36 40 0.117188
37 40 0.820312
37 41 0.546875
37 57 0.0625
37 60 0.0625
38 41 0.742188
38 42 0.898438
38 43 0.0390625
38 131 0.125
38 148 0.375
38 149 0.0625
38 150 0.25
39 42 0.664062
39 43 0.78125
39 44 0.273438
41 57 0.1875
41 65 0.3125
41 68 0.1875
41 69 0.0625
41 70 0.25
42 68 0.125
42 69 0.375
42 70 1.1875
42 71 0.1875
42 151 0.3125
43 73 0.125
43 78 0.0625
45 48 0.125
45 53 0.0625
45 70 0.8125
45 106 0.125
46 53 0.0625
46 56 0.0625
47 52 0.1875
47 53 0.0625
48 122 0.1875
49 52 0.9375
49 53 0.078125
49 122 0.3125
50 53 0.742188
50 54 0.117188
50 106 0.0625
50 107 0.0625
50 108 0.375
50 120 0.0625
50 121 0.125
50 122 0.125
51 54 0.664062
51 55 0.078125
51 118 0.0625
51 119 0.25
51 120 0.125
52 55 0.15625
53 56 0.078125
53 70 0.0625
54 57 0.820312
54 58 0.3125
54 65 0.0625
54 68 0.1875
54 70 0.0625
54 120 0.625
55 58 0.742188
55 59 0.234375
55 116 0.0625
56 59 0.664062
56 60 0.195312
57 60 0.78125
57 61 0.117188
57 68 0.125
57 70 0.0625
58 61 0.703125
58 62 0.742188
58 63 0.195312
58 64 0.3125
58 65 0.078125
58 115 0.125
58 120 0.3125
59 62 0.234375
59 115 0.0625
61 64 0.0625
61 65 0.125
62 115 0.25
64 115 0.125
64 118 0.25
64 120 0.25
65 68 0.25
65 120 0.25
66 109 1.1875
66 110 0.1875
67 107 0.1875
67 108 1.25
67 109 0.1875
68 106 0.0625
68 107 1.4375
68 108 0.25
69 106 1.1875
69 107 0.3125
69 151 0.0625
69 154 0.0625
70 105 1.25
70 106 0.25
70 108 0.125
71 104 1.1875
71 129 0.125
72 104 0.3125
73 77 0.15625
73 78 0.0390625
74 77 0.976562
74 78 0.0390625
75 78 0.78125
75 79 0.195312
75 144 0.1875
75 148 0.0625
76 79 0.78125
76 80 0.15625
76 144 0.125
77 80 0.78125
77 81 0.078125
78 81 0.78125
78 82 0.0390625
78 129 0.125
78 148 0.125
79 82 0.820312
79 144 0.0625
79 146 0.0625
80 83 0.742188
81 84 0.195312
81 97 0.1875
81 98 0.1875
81 99 0.125
81 129 0.0625
81 131 0.0625
82 97 0.4375
82 133 0.3125
82 146 0.0625
82 147 0.125
84 97 0.25
84 98 0.1875
84 99 0.0625
85 96 0.0625
85 97 0.1875
86 94 0.25
86 96 1.25
86 97 0.375
87 94 0.4375
87 95 1.0625
87 96 0.4375
87 98 0.0625
88 93 1.25
89 92 1.3125
89 93 0.125
89 95 0.125
89 96 0.4375
89 152 0.375
90 130 0.0625
90 152 0.5
90 153 0.4375
91 152 0.4375
91 153 0.125
92 93 0.3125
95 131 0.0625
95 132 1.25
95 133 0.25
95 134 0.125
96 130 0.0625
96 131 1.375
96 132 0.125
96 152 0.0625
97 130 1.3125
97 131 0.1875
97 133 0.0625
98 128 0.3125
98 129 1.1875
98 130 0.0625
98 155 0.125
99 128 0.3125
99 129 0.5625
100 128 0.125
101 128 0.3125
102 126 0.0625
102 127 1.5
102 128 0.4375
103 125 0.0625
103 126 1.25
103 127 0.125
103 129 0.125
104 125 1.1875
104 126 0.1875
105 123 0.0625
105 124 1.1875
105 125 0.1875
105 127 0.0625
106 122 0.0625
106 123 1.1875
107 121 0.0625
107 122 1.1875
107 123 0.3125
108 120 0.0625
108 121 1.1875
109 120 1.5625
109 121 0.125
110 118 0.0625
110 119 1.3125
110 120 0.375
111 119 1.4375
111 120 0.125
111 121 0.0625
112 118 1.375
112 119 0.25
114 117 0.25
115 118 0.0625
127 155 1.25
128 154 1.25
128 155 0.375
129 153 1.25
130 151 1.1875
130 152 1.25
130 153 0.125
130 155 0.125
131 150 1.3125
132 148 1.1875
132 149 1.25
132 150 0.125
133 147 1.25
134 146 1.25
134 147 0.1875
134 149 0.0625
135 145 1.25
135 146 0.0625
136 140 0.625
136 141 0.0625
136 142 0.0625
136 144 0.1875
136 145 0.1875
136 147 0.0625
141 144 0.0625
142 145 0.0625
144 147 0.125
