nresidues = 156
27 37 0.477091
27 61 0.795152
27 63 0.318061
28 32 0.636122
28 33 0.636122
28 34 1.74934
28 37 0.477091
29 32 1.27224
29 37 0.636122
29 60 0.477091
30 139 0.15903
31 36 0.099394
31 60 0.318061
31 139 0.318061
32 36 0.795152
32 37 0.397576
32 40 0.318061
32 60 0.477091
32 139 0.477091
33 36 2.68365
33 37 0.198788
33 139 0.318061
33 140 1.43127
34 37 1.98788
34 38 0.198788
34 149 0.318061
35 38 1.98788
35 39 0.198788
35 140 0.15903
35 147 0.318061
35 148 0.318061
36 39 1.98788
36 40 0.298183
37 40 2.08727
37 41 1.39152
37 57 0.15903
37 60 0.15903
38 41 1.88849
38 42 2.28606
38 43 0.099394
38 131 0.318061
38 148 0.954183
38 149 0.15903
38 150 0.636122
39 42 1.6897
39 43 1.98788
39 44 0.69576
41 57 0.477091
41 65 0.795152
41 68 0.477091
41 69 0.15903
41 70 0.636122
42 68 0.318061
42 69 0.954183
42 70 3.02158
42 71 0.477091
42 151 0.795152
43 73 0.318061
43 78 0.15903
45 48 0.318061
45 53 0.15903
45 70 2.0674
45 106 0.318061
46 53 0.15903
46 56 0.15903
47 52 0.477091
47 53 0.15903
48 122 0.477091
49 52 2.38546
49 53 0.198788
49 122 0.795152
50 53 1.88849
50 54 0.298183
50 106 0.15903
50 107 0.15903
50 108 0.954183
50 120 0.15903
50 121 0.318061
50 122 0.318061
51 54 1.6897
51 55 0.198788
51 118 0.15903
51 119 0.636122
51 120 0.318061
52 55 0.397576
53 56 0.198788
53 70 0.15903
54 57 2.08727
54 58 0.795152
54 65 0.15903
54 68 0.477091
54 70 0.15903
54 120 1.5903
55 58 1.88849
55 59 0.596364
55 116 0.15903
56 59 1.6897
56 60 0.496969
57 60 1.98788
57 61 0.298183
57 68 0.318061
57 70 0.15903
58 61 1.78909
58 62 1.88849
58 63 0.496969
58 64 0.795152
58 65 0.198788
58 115 0.318061
58 120 0.795152
59 62 0.596364
59 115 0.15903
61 64 0.15903
61 65 0.318061
62 115 0.636122
64 115 0.318061
64 118 0.636122
64 120 0.636122
65 68 0.636122
65 120 0.636122
66 109 3.02158
66 110 0.477091
67 107 0.477091
67 108 3.18061
67 109 0.477091
68 106 0.15903
68 107 3.6577
68 108 0.636122
69 106 3.02158
69 107 0.795152
69 151 0.15903
69 154 0.15903
70 105 3.18061
70 106 0.636122
70 108 0.318061
71 104 3.02158
71 129 0.318061
72 104 0.795152
73 77 0.397576
73 78 0.099394
74 77 2.48485
74 78 0.099394
75 78 1.98788
75 79 0.496969
75 144 0.477091
75 148 0.15903
76 79 1.98788
76 80 0.397576
76 144 0.318061
77 80 1.98788
77 81 0.198788
78 81 1.98788
78 82 0.099394
78 129 0.318061
78 148 0.318061
79 82 2.08727
79 144 0.15903
79 146 0.15903
80 83 1.88849
81 84 0.496969
81 97 0.477091
81 98 0.477091
81 99 0.318061
81 129 0.15903
81 131 0.15903
82 97 1.11321
82 133 0.795152
82 146 0.15903
82 147 0.318061
84 97 0.636122
84 98 0.477091
84 99 0.15903
85 96 0.15903
85 97 0.477091
86 94 0.636122
86 96 3.18061
86 97 0.954183
87 94 1.11321
87 95 2.70352
87 96 1.11321
87 98 0.15903
88 93 3.18061
89 92 3.33964
89 93 0.318061
89 95 0.318061
89 96 1.11321
89 152 0.954183
90 130 0.15903
90 152 1.27224
90 153 1.11321
91 152 1.11321
91 153 0.318061
92 93 0.795152
95 131 0.15903
95 132 3.18061
95 133 0.636122
95 134 0.318061
96 130 0.15903
96 131 3.49867
96 132 0.318061
96 152 0.15903
97 130 3.33964
97 131 0.477091
97 133 0.15903
98 128 0.795152
98 129 3.02158
98 130 0.15903
98 155 0.318061
99 128 0.795152
99 129 1.43127
100 128 0.318061
101 128 0.795152
102 126 0.15903
102 127 3.81673
102 128 1.11321
103 125 0.15903
103 126 3.18061
103 127 0.318061
103 129 0.318061
104 125 3.02158
104 126 0.477091
105 123 0.15903
105 124 3.02158
105 125 0.477091
105 127 0.15903
106 122 0.15903
106 123 3.02158
107 121 0.15903
107 122 3.02158
107 123 0.795152
108 120 0.15903
108 121 3.02158
109 120 3.97576
109 121 0.318061
110 118 0.15903
110 119 3.33964
110 120 0.954183
111 119 3.6577
111 120 0.318061
111 121 0.15903
112 118 3.49867
112 119 0.636122
114 117 0.636122
115 118 0.15903
127 155 3.18061
128 154 3.18061
128 155 0.954183
129 153 3.18061
130 151 3.02158
130 152 3.18061
130 153 0.318061
130 155 0.318061
131 150 3.33964
132 148 3.02158
132 149 3.18061
132 150 0.318061
133 147 3.18061
134 146 3.18061
134 147 0.477091
134 149 0.15903
135 145 3.18061
135 146 0.15903
136 140 1.5903
136 141 0.15903
136 142 0.15903
136 144 0.477091
136 145 0.477091
136 147 0.15903
141 144 0.15903
142 145 0.15903
144 147 0.318061
