nresidues = 311
23 81 0.146197
24 81 3.36252
24 83 0.584787
25 55 3.21633
25 57 0.584787
25 82 3.36252
25 83 2.92393
26 54 0.146197
26 55 0.584787
26 56 3.07013
26 57 0.292393
26 82 0.730983
26 83 1.02338
26 84 3.21633
26 282 0.146197
26 283 0.584787
26 286 0.43859
27 57 2.92393
27 82 0.87718
27 84 0.146197
27 85 2.92393
27 86 0.146197
28 45 0.146197
28 56 0.146197
28 57 0.146197
28 58 2.77774
28 59 0.584787
28 86 3.21633
29 59 2.77774
29 70 0.146197
29 77 0.146197
29 86 0.292393
29 87 2.77774
29 88 0.292393
30 33 0.146197
30 38 0.730983
30 41 0.146197
30 58 0.292393
30 59 0.43859
30 60 0.292393
30 70 0.146197
30 88 2.48534
31 38 0.730983
31 88 0.146197
31 89 0.146197
31 90 0.292393
31 113 0.292393
31 114 0.146197
32 38 0.584787
32 60 0.43859
32 64 0.584787
33 39 0.146197
33 42 0.146197
33 60 0.146197
34 64 0.584787
35 38 2.0102
35 39 0.27412
36 39 1.91883
36 40 0.456863
37 40 1.82746
37 41 0.27412
37 269 0.146197
37 271 1.02338
38 41 2.10158
38 42 0.182746
38 88 0.292393
38 113 0.292393
39 42 1.82746
39 43 0.27412
40 43 1.82746
40 44 0.0913729
40 271 0.146197
40 272 0.292393
41 44 1.73609
41 45 0.365492
41 271 0.87718
41 274 0.146197
41 275 0.146197
42 45 1.82746
42 46 0.822355
42 58 0.292393
43 46 1.91883
43 47 0.456863
44 47 1.82746
44 48 0.182746
44 272 0.146197
44 276 0.146197
45 48 1.82746
45 49 0.182746
45 58 0.146197
45 275 0.43859
45 279 0.146197
46 49 1.82746
46 50 0.182746
46 58 0.146197
47 50 1.82746
47 51 0.182746
48 51 1.82746
48 52 0.730983
48 276 0.43859
48 279 0.292393
48 280 0.146197
49 52 1.82746
49 53 1.73609
49 54 0.639612
49 56 0.146197
49 279 0.292393
50 53 0.0913729
56 279 0.146197
57 82 0.730983
59 73 0.146197
59 77 0.87718
59 82 0.292393
60 73 0.43859
61 69 0.584787
61 70 0.292393
61 73 0.146197
62 69 0.43859
63 66 0.87718
63 69 0.43859
65 90 0.584787
66 69 2.19295
66 70 0.0913729
66 90 0.43859
67 70 1.82746
67 71 0.182746
67 90 0.43859
67 91 0.43859
67 94 0.584787
68 71 1.91883
68 72 0.182746
69 72 1.82746
69 73 0.182746
70 73 1.82746
70 74 0.182746
70 88 0.43859
70 89 0.87718
70 90 0.87718
70 94 0.730983
70 95 0.584787
71 74 1.82746
71 75 0.27412
71 94 0.43859
71 95 0.146197
71 98 0.292393
72 75 2.19295
72 76 0.913729
73 76 1.82746
73 77 0.639612
74 77 1.82746
74 78 0.27412
74 85 0.146197
74 87 0.43859
74 95 0.146197
74 98 0.730983
74 99 0.292393
74 109 0.146197
75 78 2.10158
75 79 0.182746
76 79 1.82746
76 80 0.365492
77 80 0.182746
77 82 0.146197
78 85 0.146197
78 101 0.146197
78 105 0.584787
78 107 0.146197
79 101 0.87718
79 105 0.292393
82 107 0.146197
83 107 2.92393
83 108 0.292393
83 286 0.584787
84 107 0.43859
84 108 2.92393
84 282 0.43859
85 108 0.146197
85 109 2.92393
85 282 0.730983
86 110 2.92393
86 282 0.146197
87 95 0.146197
87 99 0.292393
87 110 0.584787
87 111 3.50872
87 112 0.584787
87 116 0.292393
88 112 0.292393
89 94 0.292393
89 95 0.146197
89 111 0.292393
89 112 0.146197
89 114 0.584787
90 94 0.146197
91 94 0.584787
92 96 0.146197
92 115 0.292393
92 116 3.36252
92 117 0.292393
93 96 0.146197
95 98 1.82746
95 99 0.27412
95 116 0.146197
96 99 1.82746
96 100 0.182746
96 120 0.584787
96 121 0.292393
97 100 1.82746
97 101 0.182746
97 124 0.146197
98 101 1.91883
98 102 0.182746
99 102 1.82746
99 103 0.182746
99 109 0.146197
99 116 0.292393
99 121 0.292393
99 128 0.146197
100 103 1.82746
100 104 0.365492
100 121 0.292393
100 124 0.292393
100 126 0.146197
101 104 1.82746
101 105 0.365492
102 105 1.82746
102 106 1.55334
102 107 0.27412
102 109 0.292393
103 106 0.0913729
103 109 0.292393
103 125 0.292393
103 126 0.43859
103 127 0.730983
103 291 0.584787
103 292 0.730983
103 293 0.146197
103 294 1.16957
104 124 0.43859
104 125 0.730983
106 291 0.43859
107 291 0.292393
108 129 0.292393
108 282 0.292393
108 285 0.87718
108 286 1.60816
108 288 0.146197
108 289 0.584787
108 290 0.87718
108 291 0.43859
109 127 0.146197
109 128 3.07013
109 129 2.92393
110 130 2.92393
110 278 0.43859
110 281 0.146197
110 282 0.292393
111 114 0.584787
111 115 0.730983
111 116 0.43859
111 130 0.43859
111 131 3.36252
111 132 0.292393
112 132 2.77774
112 274 0.146197
112 278 0.146197
113 131 0.43859
113 132 0.146197
113 133 0.292393
114 131 0.43859
115 118 0.146197
115 131 1.02338
117 120 2.7412
117 121 0.182746
118 121 1.91883
118 122 0.182746
118 127 0.146197
118 298 0.146197
119 122 1.82746
119 123 0.639612
120 123 1.82746
120 124 0.182746
121 124 1.82746
121 125 1.55334
121 126 0.913729
121 127 0.182746
122 125 0.0913729
122 126 0.0913729
125 294 0.43859
126 294 0.43859
127 292 0.730983
127 293 0.43859
127 294 0.292393
127 296 0.43859
127 298 0.146197
128 292 0.43859
128 298 0.584787
129 285 0.43859
129 291 1.02338
129 292 0.87718
129 298 3.36252
129 299 0.43859
130 281 0.146197
130 298 0.292393
130 299 3.21633
131 299 0.292393
131 300 3.07013
131 301 0.146197
132 274 0.146197
132 277 0.146197
132 281 0.146197
132 301 2.77774
132 303 0.146197
133 301 0.292393
133 302 3.07013
133 303 0.43859
134 139 0.0913729
134 269 1.16957
134 274 0.146197
134 302 0.43859
134 303 0.43859
135 138 2.10158
135 139 0.27412
135 302 0.292393
136 139 1.82746
136 169 0.730983
136 172 3.36252
136 173 1.31577
137 140 1.73609
137 141 0.182746
137 172 0.43859
137 176 0.292393
138 141 1.91883
138 142 0.182746
139 142 1.82746
139 248 0.146197
139 267 0.43859
139 305 0.146197
140 143 1.73609
140 144 0.182746
140 173 0.146197
140 176 3.50872
140 177 0.584787
140 220 0.146197
141 144 1.91883
141 145 0.365492
141 176 0.43859
142 145 1.82746
142 146 0.182746
142 267 0.146197
142 304 0.43859
142 305 0.730983
143 146 1.73609
143 147 0.27412
143 246 0.146197
143 267 0.146197
144 147 1.82746
144 148 0.456863
144 177 0.292393
144 180 0.146197
144 181 0.87718
145 148 1.82746
145 149 0.548238
146 149 1.82746
146 150 0.822355
146 246 0.146197
146 264 0.292393
146 307 0.146197
147 150 1.82746
147 151 0.365492
147 181 0.292393
147 218 0.43859
147 220 0.146197
147 246 0.146197
148 151 1.55334
148 152 0.0913729
148 180 0.292393
148 181 0.292393
148 184 0.146197
150 244 0.146197
151 154 2.48534
151 155 0.292393
151 187 0.146197
151 217 0.146197
151 244 0.146197
152 155 0.146197
152 186 0.292393
153 186 0.292393
154 186 0.146197
155 186 3.07013
155 217 0.146197
156 186 0.146197
156 187 2.77774
156 188 0.292393
157 188 2.77774
157 190 0.43859
157 213 0.730983
157 216 2.92393
157 217 2.77774
158 181 0.292393
158 187 0.146197
158 188 0.43859
158 189 2.92393
158 190 2.77774
158 218 2.92393
159 191 3.07013
159 218 0.146197
159 219 2.92393
159 220 0.146197
160 177 0.146197
160 178 0.146197
160 181 0.146197
160 189 0.292393
160 191 0.146197
160 192 3.07013
160 193 0.146197
160 220 2.92393
161 193 2.92393
161 195 0.146197
161 205 0.146197
161 219 0.146197
161 220 0.292393
161 221 2.77774
161 222 0.292393
161 226 0.146197
161 230 0.146197
162 174 0.43859
162 192 1.60816
162 193 1.31577
162 194 3.21633
162 195 2.63154
162 222 0.146197
162 226 0.584787
163 194 0.292393
163 195 0.146197
163 196 0.146197
163 197 1.31577
164 167 0.292393
164 196 0.146197
164 197 0.292393
165 171 0.456863
166 171 0.0913729
167 170 1.91883
167 171 0.27412
167 197 0.730983
168 171 1.55334
168 172 0.182746
169 172 1.82746
169 173 0.456863
170 173 1.82746
170 174 0.182746
170 197 0.292393
171 174 2.28432
171 175 0.365492
172 175 1.82746
172 176 0.0913729
173 176 1.73609
173 177 0.182746
173 220 0.43859
173 222 0.43859
173 248 0.43859
173 249 0.146197
174 177 1.82746
174 178 0.548238
175 178 1.82746
175 179 0.27412
176 179 1.55334
176 180 0.182746
177 180 1.82746
177 181 0.548238
177 220 0.146197
178 181 1.82746
178 182 0.182746
179 182 1.82746
179 183 0.0913729
180 183 1.73609
181 184 0.365492
181 187 0.584787
184 187 0.730983
190 213 0.43859
190 216 0.292393
191 209 0.292393
193 205 0.292393
193 209 0.146197
194 201 0.146197
194 205 0.146197
195 198 0.43859
195 201 1.31577
195 202 0.292393
195 226 0.43859
196 201 0.292393
196 226 0.292393
197 222 0.43859
197 223 0.730983
197 225 0.146197
197 226 0.730983
198 201 2.10158
198 202 0.182746
198 225 0.146197
198 226 0.146197
199 202 1.82746
199 203 0.182746
199 225 0.584787
199 228 1.02338
199 229 0.146197
199 253 0.87718
199 257 0.146197
200 203 1.82746
200 204 0.0913729
201 204 1.82746
201 205 0.27412
202 205 1.73609
202 206 0.182746
202 226 0.584787
202 229 0.146197
203 206 1.64471
203 207 0.456863
203 229 0.584787
203 232 0.584787
203 233 0.43859
203 236 0.146197
204 207 1.82746
204 208 0.548238
205 208 1.82746
205 209 0.27412
206 209 1.82746
206 210 0.365492
206 230 0.146197
206 233 0.292393
207 210 1.64471
207 211 0.182746
207 233 0.146197
208 211 1.82746
208 212 0.182746
209 212 1.82746
209 213 0.182746
209 216 0.292393
210 213 1.73609
210 214 0.27412
210 234 0.146197
211 214 0.0913729
213 216 0.87718
214 239 0.292393
216 219 0.146197
216 243 0.146197
217 243 3.07013
217 244 0.43859
218 243 0.146197
218 244 3.21633
219 230 0.146197
219 244 0.292393
219 245 2.77774
219 246 0.292393
220 246 3.07013
220 247 0.146197
220 248 0.584787
221 226 0.182746
221 227 0.182746
221 246 0.87718
221 247 2.92393
221 248 0.292393
222 226 0.182746
222 248 0.584787
223 226 2.19295
223 227 0.182746
223 247 0.292393
223 248 3.07013
223 249 0.146197
224 227 1.91883
224 228 0.365492
224 247 0.584787
224 248 1.46197
224 249 0.730983
224 250 0.43859
224 251 0.43859
224 254 0.584787
224 263 0.146197
224 266 0.584787
225 228 1.64471
226 229 1.73609
226 230 0.182746
227 230 1.91883
227 231 0.182746
227 245 0.146197
227 247 0.146197
227 263 0.292393
228 231 1.82746
228 232 0.0913729
228 251 0.146197
228 253 1.31577
228 257 0.43859
229 232 1.82746
229 233 0.0913729
230 233 1.82746
230 234 0.27412
231 234 1.82746
231 235 0.182746
231 262 0.146197
232 235 1.82746
232 236 0.822355
233 236 1.82746
233 237 0.0913729
234 237 1.82746
234 238 1.55334
234 239 2.19295
234 240 0.182746
234 245 0.146197
235 238 0.0913729
235 240 0.182746
238 242 0.43859
239 242 3.21633
239 243 0.146197
240 261 0.146197
240 262 0.146197
243 264 0.146197
244 264 0.730983
245 263 2.77774
245 264 3.21633
245 265 0.146197
246 263 0.146197
246 265 2.92393
246 266 0.146197
247 266 3.94731
247 267 0.146197
248 266 0.43859
248 267 3.21633
249 266 0.146197
249 267 0.146197
249 268 0.292393
250 255 0.639612
250 266 0.146197
251 254 1.91883
251 255 0.27412
252 255 1.82746
252 256 0.182746
253 256 1.82746
253 257 0.182746
254 257 1.82746
254 258 0.27412
254 263 0.146197
255 258 1.82746
255 259 0.27412
255 308 0.292393
256 259 2.10158
256 260 0.182746
257 260 1.82746
257 261 1.82746
257 262 2.10158
257 263 0.27412
258 261 0.0913729
258 263 0.365492
258 264 0.0913729
258 309 0.584787
259 310 0.43859
265 308 2.92393
266 306 0.146197
266 307 2.92393
266 308 0.87718
267 305 0.146197
267 306 2.92393
268 305 2.92393
268 306 0.584787
269 274 0.0913729
269 306 0.292393
270 273 2.19295
270 274 0.365492
270 304 0.146197
270 306 0.146197
271 274 1.82746
271 275 0.0913729
272 275 1.73609
272 276 0.182746
273 276 1.73609
273 277 0.456863
273 303 0.730983
274 277 1.82746
274 278 0.0913729
275 278 1.73609
275 279 0.182746
276 279 1.82746
276 280 0.182746
277 280 1.82746
277 281 0.365492
278 281 1.82746
278 282 0.182746
279 282 1.91883
279 283 0.27412
280 283 1.82746
280 284 0.639612
281 284 1.82746
281 285 0.182746
281 301 0.146197
282 285 1.82746
282 286 0.182746
283 286 1.82746
283 287 0.27412
284 287 1.73609
285 288 1.91883
286 289 0.0913729
292 296 0.292393
292 297 0.43859
292 298 0.146197
293 296 0.43859
