L	Ls	nvertices	F_L	F_L_constrained	rho_sum	nloops	regions
 23	  0	  0	           0	           0	           0	 0	[(0, 23)]
 24	  0	  0	           0	           0	           0	 0	[(0, 24)]
 25	  0	  0	           0	           0	           0	 0	[(0, 25)]
 26	  0	  0	           0	           0	           0	 0	[(0, 26)]
 27	  0	  0	           0	           0	           0	 0	[(0, 27)]
 28	  0	  0	           0	           0	           0	 0	[(0, 28)]
 29	  0	  0	           0	           0	           0	 0	[(0, 29)]
 30	  0	  0	           0	           0	           0	 0	[(0, 30)]
 31	  0	  0	           0	           0	           0	 0	[(0, 31)]
 32	  0	  0	           0	           0	           0	 0	[(0, 32)]
 33	  0	  2	   -0.255966	   -0.255966	    0.242148	 0	[(0, 33)]
 34	  0	  2	   -0.255966	   -0.255966	    0.242148	 0	[(0, 34)]
 35	  0	  2	   -0.255966	   -0.255966	    0.242148	 0	[(0, 35)]
 36	  0	  2	   -0.255966	   -0.255966	    0.242148	 0	[(0, 36)]
 37	  0	  2	   -0.255966	   -0.255966	    0.242148	 0	[(0, 37)]
 38	  0	  6	   -0.255966	     3.65046	    0.458808	 1	[(0, 38)]
 39	  0	  8	   -0.255966	     2.11107	    0.431457	 1	[(0, 39)]
 40	  0	 10	   -0.270625	   -0.270625	     0.28171	 0	[(0, 40)]
 41	  0	 11	   -0.270625	      3.8222	     5.87035	 0	[(0, 41)]
 42	  0	 12	   -0.270625	     3.83615	     6.62688	 0	[(0, 42)]
 43	  0	 13	   -0.270625	     3.74866	     7.92292	 0	[(0, 43)]
 44	  0	 14	   -0.270625	     3.79594	     8.78011	 0	[(0, 44)]
 45	  0	 16	   -0.270625	     3.52327	     9.99613	 0	[(0, 45)]
 46	  0	 17	   -0.270625	     2.94976	     11.2635	 0	[(0, 46)]
 47	  0	 18	   -0.270625	     2.66935	     12.2969	 0	[(0, 47)]
 48	  0	 19	   -0.270625	     2.56466	     13.1906	 0	[(0, 48)]
 49	  0	 20	   -0.270625	     2.46196	     14.0516	 0	[(0, 49)]
 50	  0	 21	   -0.270625	     2.40088	     14.9603	 0	[(0, 50)]
 51	  0	 22	   -0.270625	     2.36936	     15.9159	 0	[(0, 51)]
 52	  0	 23	   -0.270625	     1.95833	     17.1313	 0	[(0, 52)]
 53	  0	 24	   -0.270625	     1.93827	     17.9243	 0	[(0, 53)]
 54	 35	 20	   -0.270625	     2.78484	     17.4753	 0	[(35, 54)]
 55	 35	 20	   -0.270625	     2.78484	     17.4753	 0	[(35, 55)]
 56	 35	 21	   -0.270625	     2.63957	     17.6119	 0	[(35, 56)]
 57	 35	 21	   -0.270625	     2.63957	     17.6119	 0	[(35, 57)]
 58	 35	 22	   -0.270625	     2.42302	     17.8077	 0	[(35, 58)]
 59	 35	 22	   -0.270625	     2.42302	     17.8077	 0	[(35, 59)]
 60	 35	 22	   -0.270625	     2.42302	     17.8077	 0	[(35, 60)]
 61	 35	 22	   -0.270625	     2.42302	     17.8077	 0	[(35, 61)]
 62	 35	 22	   -0.270625	     2.42302	     17.8077	 0	[(35, 62)]
 63	 35	 22	   -0.270625	     2.42302	     17.8077	 0	[(35, 63)]
 64	 35	 22	   -0.270625	     2.42302	     17.8077	 0	[(35, 64)]
 65	 35	 22	   -0.270625	     2.42302	     17.8077	 0	[(35, 65)]
 66	 35	 24	   -0.270625	      2.1554	     18.0715	 0	[(35, 66)]
 67	 35	 24	   -0.270625	      2.1554	     18.0715	 0	[(35, 67)]
 68	 35	 24	   -0.270625	      2.1554	     18.0715	 0	[(35, 68)]
 69	 66	  2	   -0.270625	      3.7045	     0.32349	 1	[(66, 69)]
 70	 66	  4	   -0.270625	     2.24299	    0.295128	 1	[(66, 70)]
 71	 35	 31	   -0.270625	     2.15974	     18.0842	 0	[(35, 71)]
 72	 66	  7	   -0.270625	     4.42154	     5.73076	 0	[(66, 72)]
 73	 66	  8	   -0.270625	     4.45923	     6.25907	 0	[(66, 73)]
 74	 66	  9	   -0.270625	     4.51832	     7.10799	 0	[(66, 74)]
 75	 66	 10	   -0.270625	     4.21439	        8.62	 0	[(66, 75)]
 76	 66	 11	   -0.270625	     3.60005	      9.8415	 0	[(66, 76)]
 77	 66	 12	   -0.270625	     3.14981	     10.8857	 0	[(66, 77)]
 78	 66	 13	   -0.270625	     2.74552	     11.8583	 0	[(66, 78)]
 79	 66	 14	   -0.270625	     2.60707	     12.7106	 0	[(66, 79)]
 80	 66	 15	   -0.270625	     3.13658	     12.7568	 0	[(66, 80)]
 81	 66	 15	   -0.270625	     3.13658	     12.7568	 0	[(66, 81)]
 82	 66	 16	   -0.270625	     2.99307	     12.8953	 0	[(66, 82)]
 83	 66	 16	   -0.270625	     2.99307	     12.8953	 0	[(66, 83)]
 84	 66	 16	   -0.270625	     2.99307	     12.8953	 0	[(66, 84)]
 85	 66	 17	   -0.270625	     2.83144	      13.056	 0	[(66, 85)]
 86	 66	 17	   -0.270625	     2.83144	      13.056	 0	[(66, 86)]
 87	 66	 18	   -0.270625	     2.64202	     13.2304	 0	[(66, 87)]
 88	 66	 19	   -0.270625	      2.6392	     13.2566	 0	[(66, 88)]
 89	 66	 20	   -0.270625	     2.62153	     13.2823	 0	[(66, 89)]
 90	 66	 21	   -0.270625	     2.50217	     13.4639	 0	[(66, 90)]
 91	 66	 22	   -0.270625	     2.55511	     13.3967	 0	[(66, 91)]
 92	 66	 22	   -0.270625	     2.55511	     13.3967	 0	[(66, 92)]
 93	 66	 22	   -0.270625	     2.55511	     13.3967	 0	[(66, 93)]
 94	 66	 23	   -0.270625	     1.99865	     13.9626	 0	[(66, 94)]
 95	 66	 24	   -0.270625	     9.27533	     14.0177	 1	[(66, 95)]
 96	 66	 27	   -0.270625	     9.72713	     13.5124	 1	[(66, 96)]
 97	 66	 27	   -0.270625	     9.72713	     13.5124	 1	[(66, 97)]
 98	 95	  2	   -0.270625	     3.71345	    0.302914	 1	[(95, 98)]
 99	 95	  4	   -0.270625	     2.24941	    0.292646	 1	[(95, 99)]
100	 95	  6	   -0.270625	     4.66254	     5.27607	 0	[(95, 100)]
101	 95	  7	   -0.270625	     4.57082	     5.77553	 0	[(95, 101)]
102	 95	  8	   -0.270625	     4.57057	     6.27648	 0	[(95, 102)]
103	 95	  9	   -0.270625	     4.62619	     6.79476	 0	[(95, 103)]
104	 95	 10	   -0.270625	     4.51574	     8.35104	 0	[(95, 104)]
105	 95	 11	   -0.270625	     4.35851	     9.47067	 0	[(95, 105)]
106	 95	 12	   -0.270625	     4.46312	     10.1629	 0	[(95, 106)]
107	 95	 13	   -0.270625	     4.91022	     9.49352	 0	[(95, 107)]
108	 95	 13	   -0.270625	     4.91022	     9.49352	 0	[(95, 108)]
109	 95	 14	   -0.270625	     4.67742	     9.78247	 0	[(95, 109)]
110	 95	 14	   -0.270625	     4.67742	     9.78247	 0	[(95, 110)]
111	 95	 14	   -0.270625	     4.67742	     9.78247	 0	[(95, 111)]
112	 95	 14	   -0.270625	     4.67742	     9.78247	 0	[(95, 112)]
113	 95	 14	   -0.270625	     4.67742	     9.78247	 0	[(95, 113)]
114	 95	 16	   -0.270625	      4.4147	     10.0369	 0	[(95, 114)]
115	 95	 17	   -0.270625	     4.41591	     10.0492	 0	[(95, 115)]
116	 95	 18	   -0.270625	      4.4094	     10.0633	 0	[(95, 116)]
117	 95	 18	   -0.270625	      4.4094	     10.0633	 0	[(95, 117)]
118	 95	 19	   -0.270625	     11.2966	     10.1838	 1	[(95, 118)]
119	 95	 19	   -0.270625	     11.2966	     10.1838	 1	[(95, 119)]
120	117	  2	   -0.270625	     3.68837	    0.364884	 1	[(117, 120)]
121	117	  4	   -0.270625	     2.24041	    0.305992	 1	[(117, 121)]
122	117	  6	   -0.270625	      3.9596	     5.06531	 0	[(117, 122)]
123	117	  7	   -0.270625	     3.68178	     5.57953	 0	[(117, 123)]
124	117	  8	   -0.270625	     3.72225	     6.67408	 0	[(117, 124)]
125	117	  9	   -0.270625	     3.84441	     7.44205	 0	[(117, 125)]
126	117	 10	   -0.270625	      4.1449	     6.79575	 0	[(117, 126)]
127	117	 11	   -0.270625	     4.25648	     6.56546	 0	[(117, 127)]
128	117	 11	   -0.270625	     4.25648	     6.56546	 0	[(117, 128)]
129	117	 11	   -0.270625	     4.25648	     6.56546	 0	[(117, 129)]
130	117	 11	   -0.270625	     4.25648	     6.56546	 0	[(117, 130)]
131	117	 11	   -0.270625	     4.25648	     6.56546	 0	[(117, 131)]
132	117	 11	   -0.270625	     4.25648	     6.56546	 0	[(117, 132)]
133	117	 11	   -0.270625	     4.25648	     6.56546	 0	[(117, 133)]
134	117	 11	   -0.270625	     4.25648	     6.56546	 0	[(117, 134)]
135	117	 11	   -0.270625	     4.25648	     6.56546	 0	[(117, 135)]
136	117	 11	   -0.270625	     4.25648	     6.56546	 0	[(117, 136)]
137	117	 11	   -0.270625	     4.25648	     6.56546	 0	[(117, 137)]
138	134	  2	   -0.270625	     3.70685	     0.31794	 1	[(134, 138)]
139	134	  5	   -0.270625	     2.35139	    0.265617	 1	[(134, 139)]
140	117	 18	   -0.270625	     4.09693	     6.73751	 0	[(117, 140)]
141	134	  8	   -0.270625	     5.22317	     6.11636	 0	[(134, 141)]
142	134	  9	   -0.270625	     5.16831	     6.56354	 0	[(134, 142)]
143	134	 10	   -0.270625	     5.34132	     7.04344	 0	[(134, 143)]
144	134	 11	   -0.270625	     5.30366	     7.58189	 0	[(134, 144)]
145	134	 12	   -0.270625	     5.20778	     8.29086	 0	[(134, 145)]
146	134	 13	   -0.270625	      5.2664	     9.29553	 0	[(134, 146)]
147	134	 14	   -0.270625	     5.18146	      10.485	 0	[(134, 147)]
148	134	 15	   -0.270625	     4.95342	     11.6149	 0	[(134, 148)]
149	134	 16	   -0.270625	     4.64763	       12.74	 0	[(134, 149)]
150	134	 17	   -0.270625	     4.08663	     13.8697	 0	[(134, 150)]
151	134	 18	   -0.270625	     4.02398	     14.7239	 0	[(134, 151)]
152	134	 19	   -0.270625	     4.63903	     14.5777	 0	[(134, 152)]
153	134	 19	   -0.270625	     4.63903	     14.5777	 0	[(134, 153)]
154	134	 20	   -0.270625	     4.07117	      15.719	 0	[(134, 154)]
155	134	 21	   -0.270625	     4.27055	     15.5118	 0	[(134, 155)]
156	134	 21	   -0.270625	     4.27055	     15.5118	 0	[(134, 156)]
157	134	 21	   -0.270625	     4.27055	     15.5118	 0	[(134, 157)]
158	134	 21	   -0.270625	     4.27055	     15.5118	 0	[(134, 158)]
159	134	 21	   -0.270625	     4.27055	     15.5118	 0	[(134, 159)]
160	134	 21	   -0.270625	     4.27055	     15.5118	 0	[(134, 160)]
161	134	 21	   -0.270625	     4.27055	     15.5118	 0	[(134, 161)]
162	134	 21	   -0.270625	     4.27055	     15.5118	 0	[(134, 162)]
163	134	 21	   -0.270625	     4.27055	     15.5118	 0	[(134, 163)]
164	134	 21	   -0.270625	     4.27055	     15.5118	 0	[(134, 164)]
165	134	 21	   -0.270625	     4.27055	     15.5118	 0	[(134, 165)]
166	134	 21	   -0.270625	     4.27055	     15.5118	 0	[(134, 166)]
167	134	 23	   -0.270625	     4.01241	     15.7579	 0	[(134, 167)]
168	134	 23	   -0.270625	     4.01241	     15.7579	 0	[(134, 168)]
169	134	 24	   -0.270625	     3.83378	     16.2785	 0	[(134, 169)]
170	165	  2	   -0.270625	     3.71132	    0.307676	 1	[(165, 170)]
171	165	  6	   -0.270625	     2.22635	    0.268749	 1	[(165, 171)]
172	165	  8	   -0.270625	   -0.172782	    0.178864	 0	[(165, 172)]
173	165	  9	   -0.270625	     5.43722	     6.15336	 0	[(165, 173)]
174	165	 10	   -0.270625	     4.96177	     6.40976	 0	[(165, 174)]
175	165	 11	   -0.270625	     4.73736	     6.69003	 0	[(165, 175)]
176	165	 12	   -0.270625	     4.78634	     6.99703	 0	[(165, 176)]
177	165	 13	   -0.270625	     4.75872	     7.69415	 0	[(165, 177)]
178	165	 14	   -0.270625	     4.49398	     9.20492	 0	[(165, 178)]
179	165	 15	   -0.270625	     4.56492	     10.1318	 0	[(165, 179)]
180	165	 16	   -0.270625	     4.53844	     11.0982	 0	[(165, 180)]
181	134	 42	   -0.270625	     3.75454	      30.918	 1	[(134, 181)]
182	134	 43	   -0.270625	     3.61267	     31.8041	 1	[(134, 182)]
183	134	 44	   -0.270625	     3.60923	     32.5832	 1	[(134, 183)]
184	134	 45	   -0.270625	     4.10454	     32.5107	 1	[(134, 184)]
185	134	 45	   -0.270625	     4.10454	     32.5107	 1	[(134, 185)]
186	165	 20	   -0.270625	     4.73626	      13.498	 0	[(165, 186)]
187	165	 21	   -0.270625	     4.52172	     13.8989	 0	[(165, 187)]
188	165	 21	   -0.270625	     4.52172	     13.8989	 0	[(165, 188)]
189	165	 21	   -0.270625	     4.52172	     13.8989	 0	[(165, 189)]
190	165	 21	   -0.270625	     4.52172	     13.8989	 0	[(165, 190)]
191	165	 21	   -0.270625	     4.52172	     13.8989	 0	[(165, 191)]
192	165	 21	   -0.270625	     4.52172	     13.8989	 0	[(165, 192)]
193	134	 58	   -0.270625	     3.61888	     48.7008	 2	[(134, 193)]
194	134	 60	   -0.270625	     1.57478	     49.8342	 1	[(134, 194)]
195	134	 61	   -0.270625	      0.7075	     50.7997	 1	[(134, 195)]
196	134	 62	   -0.270625	     1.46438	     50.9803	 1	[(134, 196)]
197	134	 63	   -0.270625	     1.72819	     51.1166	 1	[(134, 197)]
198	134	 64	   -0.270625	     1.79984	     50.9021	 1	[(134, 198)]
199	134	 64	   -0.270625	     1.79984	     50.9021	 1	[(134, 199)]
200	134	 64	   -0.270625	     1.79984	     50.9021	 1	[(134, 200)]
201	198	  2	   -0.270625	     3.70685	     0.31794	 1	[(198, 201)]
202	198	  4	   -0.270625	     2.24554	      0.2951	 1	[(198, 202)]
203	165	 31	   -0.270625	     4.31729	     14.1343	 0	[(165, 203)]
204	198	  7	   -0.270625	     4.54141	     5.75626	 0	[(198, 204)]
205	198	  8	   -0.270625	     4.56589	     6.28543	 0	[(198, 205)]
206	198	  9	   -0.270625	     4.72352	     6.83031	 0	[(198, 206)]
207	198	 10	   -0.270625	     4.62101	      8.3243	 0	[(198, 207)]
208	198	 11	   -0.270625	     4.34666	     9.57666	 0	[(198, 208)]
209	134	 75	   -0.270625	     4.10672	     63.4456	 1	[(134, 209)]
210	134	 76	   -0.270625	     3.99266	     64.3433	 1	[(134, 210)]
211	134	 77	   -0.270625	     3.90183	     65.2248	 1	[(134, 211)]
212	134	 78	   -0.270625	     3.82384	     66.1114	 1	[(134, 212)]
213	134	 79	   -0.270625	     2.98252	     67.4435	 1	[(134, 213)]
214	134	 80	   -0.270625	     3.62305	     67.5904	 1	[(134, 214)]
215	134	 80	   -0.270625	     3.62305	     67.5904	 1	[(134, 215)]
216	134	 81	   -0.270625	     3.70477	     68.7713	 2	[(134, 216)]
217	134	 82	   -0.270625	     2.56309	     69.7387	 2	[(134, 217)]
218	134	 83	   -0.270625	     1.08232	     70.7728	 2	[(134, 218)]
219	134	 84	   -0.270625	   -0.127564	     71.7916	 2	[(134, 219)]
220	134	 85	    -2.31537	    -2.31537	     72.8564	 2	[(134, 220)]
221	134	 86	    -3.16855	    -3.16855	     73.8063	 2	[(134, 221)]
222	134	 87	    -3.16855	    -2.83425	      74.741	 2	[(134, 222)]
223	134	 88	    -3.16855	    -2.36437	     74.8358	 2	[(134, 223)]
224	134	 88	    -3.16855	    -2.36437	     74.8358	 2	[(134, 224)]
225	134	 89	    -3.16855	  -0.0759498	     75.1726	 3	[(134, 225)]
226	134	 90	    -3.16855	     -1.8807	     78.1182	 3	[(134, 226)]
227	134	 92	    -3.16855	    -2.31023	      79.146	 2	[(134, 227)]
228	134	 93	    -3.16855	     -2.8332	     81.6609	 2	[(134, 228)]
229	134	 94	    -3.48717	    -3.48717	     82.6576	 2	[(134, 229)]
230	134	 95	      -4.015	      -4.015	     83.7084	 2	[(134, 230)]
231	134	 96	    -4.17225	    -4.17225	     84.5586	 2	[(134, 231)]
232	134	 97	    -4.64568	    -4.64568	     85.5671	 2	[(134, 232)]
233	134	 98	    -5.37047	    -5.37047	     86.6566	 2	[(134, 233)]
234	134	 99	    -5.66262	    -5.66262	     87.6225	 2	[(134, 234)]
235	134	100	    -5.78758	    -5.78758	     88.4849	 2	[(134, 235)]
236	134	101	    -6.48628	    -6.48628	     89.5835	 2	[(134, 236)]
237	134	102	     -6.5407	     -6.5407	     90.4488	 2	[(134, 237)]
238	134	103	     -6.5407	    -6.44453	     91.1101	 2	[(134, 238)]
239	134	104	    -6.80709	    -6.80709	     92.0843	 2	[(134, 239)]
240	134	105	    -6.80709	    -6.28973	     91.5729	 2	[(134, 240)]
241	134	105	    -6.80709	    -6.28973	     91.5729	 2	[(134, 241)]
242	134	106	    -7.60973	    -7.60973	     93.7993	 2	[(134, 242)]
243	134	107	    -7.60973	    -4.76274	     94.8618	 3	[(134, 243)]
244	134	108	    -7.60973	    -6.88654	     96.0075	 3	[(134, 244)]
245	134	109	     -8.0109	     -8.0109	     96.9641	 3	[(134, 245)]
246	134	110	    -10.6132	    -10.6132	     98.0498	 3	[(134, 246)]
247	134	111	    -12.6529	    -12.6529	     99.1225	 3	[(134, 247)]
248	134	112	    -17.0801	    -17.0801	     100.293	 3	[(134, 248)]
249	134	113	    -17.0801	    -16.6865	     100.848	 3	[(134, 249)]
250	134	114	    -17.0801	     -16.161	     100.952	 3	[(134, 250)]
251	134	115	    -17.0801	    -16.0026	     100.821	 3	[(134, 251)]
252	134	115	    -17.0801	    -16.0026	     100.821	 3	[(134, 252)]
253	134	116	    -17.0801	    -14.3745	      101.38	 4	[(134, 253)]
254	134	117	    -17.0801	    -14.2476	     101.568	 4	[(134, 254)]
255	134	119	    -17.0801	    -13.8629	     105.817	 3	[(134, 255)]
256	134	120	    -17.0801	    -13.8647	     106.239	 3	[(134, 256)]
257	134	121	    -17.0801	    -14.3074	     107.767	 3	[(134, 257)]
258	134	122	    -17.0801	     -14.468	     108.825	 3	[(134, 258)]
259	134	123	    -17.0801	    -14.7946	     109.898	 3	[(134, 259)]
260	134	124	    -17.0801	    -14.9088	     110.782	 3	[(134, 260)]
261	134	125	    -17.0801	    -15.0304	     111.622	 3	[(134, 261)]
262	134	126	    -17.0801	    -15.3849	     112.589	 3	[(134, 262)]
263	134	127	    -17.3047	    -17.3047	     113.928	 3	[(134, 263)]
264	134	128	    -19.7256	    -19.7256	     115.016	 3	[(134, 264)]
265	134	129	    -20.8699	    -20.8699	     115.947	 3	[(134, 265)]
266	134	130	    -24.1308	    -24.1308	     117.134	 3	[(134, 266)]
267	134	131	    -26.3378	    -26.3378	      118.18	 3	[(134, 267)]
268	134	132	    -26.3378	     -25.595	     118.544	 3	[(134, 268)]
269	134	133	    -26.3378	    -25.1615	     118.579	 3	[(134, 269)]
270	134	133	    -26.3378	    -25.1615	     118.579	 3	[(134, 270)]
271	134	133	    -26.3378	    -25.1615	     118.579	 3	[(134, 271)]
272	134	133	    -26.3378	    -25.1615	     118.579	 3	[(134, 272)]
273	134	135	    -26.3378	    -20.6292	      118.58	 4	[(134, 273)]
274	134	137	    -26.3378	    -22.6137	     118.556	 4	[(134, 274)]
275	134	139	    -26.3378	    -19.6084	     124.882	 3	[(134, 275)]
276	134	140	    -26.3378	    -19.6368	     125.331	 3	[(134, 276)]
277	134	141	    -26.3378	    -19.8807	     125.421	 3	[(134, 277)]
278	134	142	    -26.3378	    -19.7648	     125.799	 3	[(134, 278)]
279	134	143	    -26.3378	    -19.7481	     126.181	 3	[(134, 279)]
280	134	144	    -26.3378	     -19.756	     127.289	 3	[(134, 280)]
281	134	145	    -26.3378	    -19.8673	     128.599	 3	[(134, 281)]
282	134	146	    -26.3378	    -19.9633	     129.665	 3	[(134, 282)]
283	134	147	    -26.3378	    -20.0695	     130.676	 3	[(134, 283)]
284	134	148	    -26.3378	    -20.4498	     131.804	 3	[(134, 284)]
285	134	149	    -26.3378	    -20.5334	     132.736	 3	[(134, 285)]
286	134	150	    -26.3378	    -20.5987	     133.652	 3	[(134, 286)]
287	134	151	    -26.3378	    -20.6694	     134.551	 3	[(134, 287)]
288	134	152	    -26.3378	    -20.6421	     135.462	 3	[(134, 288)]
289	134	153	    -26.3378	    -20.1596	     134.569	 3	[(134, 289)]
290	134	153	    -26.3378	    -20.1596	     134.569	 3	[(134, 290)]
291	134	153	    -26.3378	    -20.1596	     134.569	 3	[(134, 291)]
292	134	153	    -26.3378	    -20.1596	     134.569	 3	[(134, 292)]
293	134	153	    -26.3378	    -20.1596	     134.569	 3	[(134, 293)]
294	134	153	    -26.3378	    -20.1596	     134.569	 3	[(134, 294)]
295	134	153	    -26.3378	    -20.1596	     134.569	 3	[(134, 295)]
296	134	156	    -26.3378	    -20.4161	     134.825	 3	[(134, 296)]
297	134	157	    -26.3378	    -20.4121	     134.831	 3	[(134, 297)]
298	134	158	    -26.3378	    -20.3986	     134.817	 3	[(134, 298)]
299	134	158	    -26.3378	    -20.3986	     134.817	 3	[(134, 299)]
300	134	158	    -26.3378	    -20.3986	     134.817	 3	[(134, 300)]
301	134	159	    -26.3378	    -20.5439	     134.953	 3	[(134, 301)]
302	134	160	    -26.3378	    -20.5607	     135.026	 3	[(134, 302)]
303	134	161	    -26.3378	    -20.5871	      135.11	 3	[(134, 303)]
304	134	162	    -26.3378	    -20.5903	     135.098	 3	[(134, 304)]
305	134	163	    -26.3378	    -18.7894	     137.665	 4	[(134, 305)]
306	134	164	    -26.3378	    -20.2541	     139.362	 4	[(134, 306)]
307	134	165	    -26.3378	    -21.3541	      140.41	 4	[(134, 307)]
308	134	166	    -26.3378	    -23.3836	     141.497	 4	[(134, 308)]
309	134	167	    -26.3378	    -22.7696	     141.912	 4	[(134, 309)]
310	134	168	    -26.3378	    -22.3197	     141.912	 4	[(134, 310)]
311	134	168	    -26.3378	    -22.3197	     141.912	 4	[(134, 311)]
