nresidues = 344
0 34 0.308659
0 37 1.08031
0 55 0.154329
0 98 0.154329
0 105 0.308659
1 55 0.617318
1 98 0.154329
1 99 0.462988
1 104 1.08031
1 105 0.154329
1 106 0.154329
2 54 0.462988
2 55 0.771647
2 98 0.308659
5 9 0.308659
5 104 0.154329
5 106 0.154329
6 26 0.154329
7 10 1.08031
8 12 0.154329
10 17 0.462988
10 19 2.31494
11 15 0.462988
11 16 0.771647
11 17 0.925976
15 117 0.462988
17 22 0.0964559
17 117 0.154329
18 22 0.192912
19 22 2.02557
19 23 0.0964559
20 24 0.0964559
20 50 0.154329
21 24 2.31494
21 25 0.482278
21 116 0.308659
22 25 1.83266
22 26 0.289369
22 113 0.154329
23 26 2.21849
23 27 0.385823
23 48 0.154329
23 50 0.771647
24 27 1.92912
24 28 0.192912
25 28 1.92912
25 29 0.192912
25 112 0.154329
26 29 2.02557
26 30 0.771647
26 109 0.771647
26 112 0.462988
27 30 2.12203
27 31 0.289369
27 46 0.617318
27 47 0.462988
27 48 0.462988
28 31 1.92912
28 32 0.0964559
29 32 2.02557
29 33 0.192912
29 112 0.154329
30 33 2.21849
30 34 0.192912
30 46 0.308659
30 48 0.154329
31 34 1.92912
31 35 0.192912
31 44 0.308659
31 45 0.154329
31 46 0.154329
32 35 2.12203
32 36 0.192912
33 36 1.92912
33 37 0.0964559
33 108 0.154329
34 37 1.83266
34 38 0.289369
34 44 0.154329
34 57 0.154329
34 96 0.154329
35 38 1.73621
35 39 0.289369
35 40 0.385823
37 100 0.154329
37 105 0.462988
38 42 0.154329
38 99 0.308659
42 59 0.771647
43 58 0.154329
43 59 2.93226
43 60 1.23464
44 58 3.24092
44 60 0.462988
45 56 0.154329
45 57 3.08659
45 58 0.462988
45 60 0.154329
45 93 0.771647
46 56 2.93226
47 54 0.154329
47 55 2.6236
47 56 0.154329
47 58 0.308659
48 53 0.925976
50 53 0.308659
55 106 0.154329
56 95 1.23464
57 95 3.08659
57 96 1.08031
58 93 0.308659
58 94 3.85823
58 95 0.925976
59 71 0.617318
59 92 0.154329
59 93 3.08659
59 94 0.771647
59 96 0.308659
60 92 2.93226
61 71 0.308659
61 72 0.617318
61 73 0.154329
61 74 0.462988
61 90 0.154329
61 91 3.08659
61 92 0.462988
62 72 2.6236
62 73 3.24092
62 74 0.462988
62 90 2.93226
62 91 0.154329
63 74 3.24092
63 75 0.154329
63 76 0.154329
63 79 0.308659
63 87 0.462988
63 88 3.08659
63 90 0.771647
63 92 0.154329
64 67 0.154329
64 73 0.154329
64 74 0.462988
64 75 2.77793
65 88 0.617318
67 70 0.154329
67 73 0.925976
67 74 0.462988
68 73 0.771647
69 72 4.01256
69 73 1.08031
70 73 0.154329
74 78 0.385823
74 79 0.0964559
75 78 2.21849
75 79 0.192912
76 79 1.92912
76 80 0.868102
76 86 0.154329
76 87 0.462988
77 80 1.73621
77 81 0.0964559
78 81 2.4114
79 82 1.92912
79 83 0.289369
79 86 0.154329
79 92 0.308659
80 83 2.31494
80 84 0.192912
80 86 0.308659
82 92 0.462988
82 93 0.154329
83 86 0.308659
86 90 0.617318
86 92 0.154329
87 90 0.771647
100 103 0.308659
104 107 0.192912
105 108 0.385823
106 109 0.0964559
107 110 0.385823
108 111 1.92912
108 112 0.192912
109 112 2.02557
109 113 0.578735
110 113 2.21849
110 114 0.385823
111 114 2.02557
111 115 0.482278
112 115 1.92912
112 116 0.192912
113 116 1.92912
113 117 0.192912
114 117 2.50784
114 118 0.0964559
115 118 1.73621
115 119 0.192912
116 119 1.73621
116 120 0.192912
117 120 1.92912
117 121 0.192912
118 121 2.02557
118 122 0.0964559
119 122 0.771647
119 124 0.964559
120 123 0.0964559
120 124 0.482278
121 128 0.308659
121 155 0.154329
122 127 0.154329
122 186 0.308659
122 189 0.154329
122 190 0.154329
122 191 0.308659
123 127 0.154329
123 128 2.00628
123 129 0.308659
126 186 1.23464
127 131 0.925976
127 186 1.08031
127 191 0.308659
128 131 0.462988
128 156 0.154329
128 191 0.154329
130 184 0.154329
131 183 0.308659
131 184 1.38896
132 135 1.38896
132 181 0.154329
133 181 3.24092
133 182 0.154329
133 183 1.08031
134 180 0.925976
134 181 0.154329
135 179 0.154329
135 180 3.08659
135 181 0.462988
136 178 0.462988
136 179 3.24092
136 202 0.154329
136 205 0.462988
136 209 0.308659
137 177 0.154329
137 178 2.93226
137 179 0.308659
138 177 3.08659
138 178 0.308659
139 151 0.462988
139 152 3.24092
139 153 0.154329
139 176 2.93226
139 177 0.462988
140 151 3.70391
140 152 1.08031
140 174 0.462988
140 175 2.93226
140 176 0.154329
141 150 3.08659
141 151 0.308659
141 171 0.308659
141 172 0.617318
141 173 3.24092
141 174 0.154329
141 175 0.462988
141 177 0.154329
142 149 2.6236
142 150 1.08031
142 152 0.154329
142 157 0.154329
142 173 0.308659
143 149 2.93226
143 150 1.38896
143 173 0.154329
144 148 3.08659
144 149 0.154329
144 171 0.154329
144 172 0.308659
145 148 4.01256
145 150 0.308659
146 162 0.771647
147 161 3.08659
147 162 0.462988
148 159 0.617318
148 160 3.39525
148 161 0.308659
149 158 0.154329
149 159 3.08659
149 160 0.462988
149 165 0.154329
150 158 2.93226
150 159 0.308659
151 157 3.24092
151 158 0.925976
152 156 3.54958
153 156 1.08031
153 193 0.154329
156 191 0.308659
156 193 0.154329
157 192 0.617318
158 192 0.154329
158 193 0.617318
159 195 0.154329
160 165 0.771647
161 164 3.08659
161 165 1.08031
162 165 2.31494
163 198 0.925976
164 195 0.154329
164 196 4.01256
164 197 3.08659
164 198 0.771647
165 169 0.925976
165 198 0.308659
166 169 1.38896
166 197 0.925976
166 226 0.154329
166 228 0.154329
166 229 0.154329
166 263 0.154329
166 264 0.462988
166 267 0.154329
167 198 0.154329
167 228 1.08031
169 197 1.38896
169 265 0.771647
170 265 0.308659
171 175 0.462988
171 177 0.154329
171 265 0.154329
172 175 1.23464
177 197 0.308659
177 263 0.617318
178 197 0.925976
178 202 0.925976
178 206 0.154329
178 209 0.308659
178 263 1.23464
179 196 3.08659
179 202 0.308659
180 194 0.154329
180 195 3.24092
180 196 0.462988
180 199 0.154329
180 201 1.38896
180 202 0.308659
181 184 0.154329
181 193 0.308659
181 194 3.08659
181 195 0.154329
182 194 3.24092
182 196 0.154329
183 192 0.154329
183 193 3.24092
183 194 0.617318
184 192 3.24092
185 190 0.154329
185 191 3.08659
185 192 0.617318
186 189 0.154329
186 190 3.54958
186 191 0.462988
187 190 1.08031
196 199 0.154329
196 202 0.154329
197 202 1.38896
197 226 0.771647
197 263 0.771647
198 226 0.925976
198 228 0.154329
199 202 0.192912
199 226 0.308659
200 203 1.92912
200 204 0.0964559
200 224 0.154329
201 204 2.02557
201 205 0.0964559
202 205 1.83266
202 206 0.578735
202 226 0.308659
202 263 0.154329
202 264 0.154329
203 206 1.92912
203 207 0.289369
203 224 0.308659
203 226 0.462988
203 232 0.154329
204 207 1.92912
204 208 0.385823
204 221 0.154329
204 224 0.154329
205 208 1.92912
205 209 0.289369
206 209 1.92912
206 210 0.192912
206 260 0.617318
206 263 0.462988
207 210 1.92912
207 211 0.578735
207 214 0.154329
207 221 0.308659
207 234 0.308659
208 211 0.0964559
208 214 0.308659
208 215 0.925976
210 256 0.771647
210 259 0.462988
210 260 0.154329
211 214 3.70391
211 248 0.154329
211 249 0.771647
212 215 3.24092
212 216 0.617318
212 256 0.617318
213 216 3.54958
213 217 2.93226
213 218 3.39525
213 219 0.925976
213 248 0.462988
213 256 0.462988
214 219 0.154329
217 239 0.462988
218 237 0.154329
218 238 3.08659
218 239 0.462988
218 243 0.154329
219 236 0.154329
219 237 3.24092
220 236 3.24092
220 237 0.617318
220 239 0.154329
221 234 0.154329
221 235 2.93226
222 235 1.08031
222 237 0.154329
222 274 2.93226
223 234 3.08659
223 235 0.308659
223 330 0.925976
224 232 0.308659
224 233 3.08659
224 330 0.462988
225 232 3.24092
225 233 0.617318
225 326 0.617318
225 329 0.154329
225 330 0.308659
226 231 2.93226
226 232 0.771647
226 264 0.154329
226 267 1.69762
227 230 3.39525
227 231 0.617318
227 325 1.08031
227 326 0.154329
228 267 0.771647
229 267 0.462988
230 267 3.54958
230 268 0.462988
230 322 0.462988
231 267 0.308659
231 268 5.09287
231 270 1.23464
231 288 0.154329
231 322 0.771647
231 323 0.617318
231 326 0.617318
232 267 0.462988
232 268 0.462988
232 269 3.39525
232 270 0.308659
233 270 3.85823
233 272 0.154329
233 285 0.462988
233 287 0.154329
233 323 0.617318
233 326 0.771647
233 330 0.308659
234 269 0.154329
234 270 0.462988
234 271 3.08659
234 272 0.617318
235 272 3.08659
235 273 0.154329
235 274 0.154329
236 245 0.154329
236 246 0.154329
236 249 0.154329
236 271 0.154329
236 272 0.462988
236 273 3.24092
236 274 0.462988
237 245 0.308659
238 243 0.925976
238 245 0.462988
240 243 0.617318
244 247 2.02557
244 248 0.0964559
245 248 1.73621
245 249 0.192912
246 249 1.92912
246 250 0.289369
246 271 0.154329
246 272 0.462988
247 250 1.63975
247 251 0.0964559
248 256 1.08031
249 256 2.77793
249 271 0.154329
250 253 2.77793
250 254 3.24092
250 255 3.08659
250 256 2.93226
250 257 0.308659
251 254 0.154329
251 255 0.462988
251 256 0.308659
252 255 0.154329
254 257 2.93226
254 258 0.308659
256 259 2.02557
256 260 0.385823
257 260 2.12203
257 261 0.771647
258 261 1.92912
258 262 0.289369
259 262 1.83266
260 263 1.83266
260 264 0.385823
260 269 0.154329
261 264 1.92912
261 269 0.154329
262 265 0.0964559
264 267 0.617318
268 322 0.154329
270 287 0.154329
272 284 0.771647
272 285 0.308659
273 284 0.617318
274 281 0.617318
275 280 0.462988
275 281 0.154329
277 280 1.92912
277 281 0.192912
278 281 2.02557
278 282 0.385823
278 333 0.617318
279 282 1.63975
279 283 0.192912
279 294 1.08031
279 296 0.154329
280 283 2.02557
280 284 0.578735
281 284 2.02557
281 285 0.192912
281 331 0.308659
282 285 1.92912
282 286 0.385823
282 294 0.154329
282 306 0.154329
282 333 0.308659
283 286 1.73621
284 287 0.0964559
285 327 0.308659
286 289 0.154329
286 306 0.154329
286 316 0.154329
286 323 0.771647
286 324 0.154329
286 327 0.154329
287 323 0.154329
288 315 0.617318
288 323 0.308659
289 312 0.771647
289 315 0.462988
289 316 0.308659
290 308 0.308659
290 309 0.154329
290 312 0.308659
291 306 0.308659
291 307 3.24092
292 307 3.08659
292 308 0.154329
292 309 0.308659
292 340 0.462988
293 306 2.93226
293 307 0.771647
294 305 3.08659
295 304 3.24092
295 305 2.16061
295 307 0.462988
296 299 0.308659
296 303 3.24092
296 333 0.308659
297 303 3.08659
297 304 0.617318
297 305 0.308659
298 301 3.54958
298 302 2.93226
298 303 0.154329
298 333 0.154329
302 332 0.308659
302 333 6.48183
303 333 0.771647
303 334 2.93226
304 334 0.308659
304 335 2.93226
304 336 0.462988
305 336 3.39525
306 335 0.154329
306 336 0.617318
306 337 2.93226
306 338 0.617318
307 338 3.39525
307 340 0.925976
308 312 0.154329
308 313 0.154329
308 337 0.154329
308 338 0.462988
308 339 3.24092
308 340 1.23464
309 312 3.39525
309 340 0.154329
312 315 2.12203
312 316 0.192912
313 316 1.92912
313 317 0.482278
314 317 1.92912
314 318 0.192912
315 318 0.0964559
315 323 0.154329
316 323 3.54958
316 337 0.308659
317 320 2.77793
317 321 3.24092
317 322 2.6236
317 323 3.54958
317 324 0.154329
318 321 0.154329
318 323 0.154329
319 322 0.771647
320 325 0.289369
321 324 2.02557
321 325 0.771647
322 325 2.12203
322 326 0.385823
323 326 1.73621
323 327 0.192912
324 327 2.02557
324 328 0.192912
324 337 0.154329
325 328 1.92912
325 329 0.192912
326 329 1.92912
326 330 0.192912
327 330 1.83266
327 331 0.482278
327 335 0.308659
328 331 2.21849
328 332 1.83266
328 333 0.385823
328 335 0.154329
