nresidues = 158
0 143 3.40943
0 144 0.592944
0 145 0.296472
1 142 2.66825
1 143 0.148236
1 152 0.296472
2 141 3.26119
2 142 0.148236
2 152 0.148236
3 16 0.148236
3 139 0.148236
3 140 3.11296
3 141 0.296472
4 138 0.296472
4 139 2.96472
5 16 0.296472
5 138 3.55767
5 139 0.444708
6 136 0.148236
6 137 3.26119
6 138 0.296472
7 12 0.277944
7 13 0.185295
7 16 0.148236
7 136 3.11296
7 137 1.03765
7 139 0.148236
8 12 0.37059
8 135 0.148236
8 136 0.296472
9 12 2.31619
9 135 0.148236
10 13 1.85295
10 14 0.277944
10 50 0.148236
11 14 1.85295
11 15 0.185295
12 15 1.85295
12 16 0.185295
13 16 1.9456
13 17 0.0926476
13 130 0.296472
13 137 0.148236
13 139 0.296472
14 17 1.7603
14 18 0.185295
14 47 0.296472
14 50 0.592944
14 51 0.444708
15 18 1.85295
15 19 0.185295
16 19 1.85295
16 20 0.185295
16 48 0.148236
16 155 0.444708
17 20 1.85295
17 21 0.185295
17 48 0.148236
17 51 2.96472
17 52 0.889417
18 21 1.85295
18 22 0.37059
18 51 0.148236
18 55 1.18589
19 22 1.85295
19 23 0.37059
19 155 0.889417
20 23 1.85295
20 24 0.185295
20 35 0.148236
20 52 0.444708
20 128 0.148236
20 151 0.148236
20 155 0.592944
21 24 1.85295
21 25 0.277944
21 52 0.444708
21 56 0.148236
22 25 1.9456
22 26 0.277944
22 56 0.148236
23 26 1.85295
23 27 0.463237
23 154 0.592944
23 155 0.889417
24 27 1.66766
24 33 0.148236
24 52 0.148236
24 108 0.296472
24 151 0.296472
25 28 0.185295
25 56 0.296472
25 78 0.148236
27 151 0.148236
29 33 0.296472
29 106 0.296472
29 147 0.148236
30 105 2.81649
30 106 0.296472
31 105 2.66825
31 125 0.889417
31 147 0.148236
32 102 0.148236
32 103 0.148236
32 105 0.296472
32 106 0.148236
32 107 3.11296
32 125 0.148236
33 108 2.81649
33 109 0.444708
33 125 0.592944
33 147 0.148236
34 103 0.296472
34 109 2.96472
34 111 0.148236
34 121 0.148236
34 122 0.444708
34 123 0.296472
34 124 3.26119
34 125 3.40943
34 126 0.148236
35 109 0.592944
35 110 3.11296
35 111 0.444708
35 126 3.11296
35 128 0.148236
36 111 2.96472
36 114 1.18589
36 121 0.148236
36 122 0.592944
36 123 0.741181
36 124 1.18589
36 126 0.148236
36 127 3.11296
36 128 0.444708
37 45 0.444708
37 48 0.148236
37 49 0.148236
37 111 0.592944
37 112 0.148236
37 128 3.11296
38 45 0.296472
38 114 0.148236
38 128 0.592944
38 129 3.40943
38 130 0.444708
39 43 0.296472
39 45 0.592944
39 130 0.148236
40 43 0.296472
40 45 0.296472
40 132 1.03765
42 137 0.148236
43 130 0.296472
43 137 0.889417
44 47 1.9456
44 48 0.185295
44 130 0.444708
45 48 1.85295
45 49 0.37059
45 112 1.33412
45 130 0.148236
46 49 1.85295
46 50 0.185295
46 112 0.741181
47 50 1.85295
47 51 0.0926476
48 51 1.7603
48 52 0.277944
48 128 0.148236
49 52 1.85295
49 53 0.463237
49 82 0.889417
50 53 1.7603
50 54 2.40882
51 54 1.66766
51 55 0.0926476
52 55 1.7603
52 56 0.277944
52 110 0.148236
53 56 1.7603
53 57 1.7603
53 58 0.277944
53 73 0.444708
53 80 0.148236
54 57 0.185295
54 58 0.277944
54 60 0.296472
56 75 0.148236
56 80 0.148236
58 61 0.148236
58 73 1.03765
58 75 0.296472
62 73 0.592944
64 84 0.296472
65 68 3.55767
65 69 1.03765
65 70 0.148236
65 82 0.444708
65 83 0.148236
65 84 0.148236
66 69 0.148236
66 87 0.741181
67 87 0.444708
68 97 0.148236
69 82 0.148236
69 83 3.11296
69 84 0.741181
70 82 2.96472
70 83 0.889417
71 80 0.148236
71 81 2.81649
71 82 0.296472
72 79 0.444708
72 80 2.81649
72 81 1.03765
73 78 0.148236
73 79 3.11296
73 80 0.889417
74 77 0.296472
74 78 2.81649
74 79 0.444708
75 78 0.592944
78 106 0.592944
78 108 0.148236
79 107 2.96472
79 108 0.148236
80 108 3.26119
81 102 2.66825
81 107 0.296472
81 108 0.296472
81 109 2.96472
81 110 0.444708
82 110 3.11296
82 112 0.592944
83 103 0.148236
83 110 0.444708
83 111 3.26119
83 112 0.592944
84 112 2.81649
84 113 0.296472
85 88 0.296472
85 112 0.444708
85 113 0.741181
85 116 0.296472
85 121 0.148236
86 113 1.77883
88 91 0.148236
88 93 0.148236
88 94 0.296472
88 116 0.296472
88 117 0.148236
90 93 0.444708
90 116 2.52001
91 94 0.592944
91 116 0.592944
91 118 0.296472
91 120 0.741181
92 95 0.296472
92 96 0.889417
93 96 3.85414
93 97 0.592944
94 97 0.148236
94 99 0.444708
94 120 0.148236
95 100 0.148236
98 102 0.555885
99 102 1.9456
99 103 0.37059
100 103 1.66766
100 104 0.185295
101 104 1.7603
101 105 0.185295
102 105 0.0926476
102 107 0.444708
102 109 0.148236
103 109 0.296472
103 121 0.148236
103 122 1.03765
111 114 0.296472
111 121 0.444708
113 116 0.444708
114 117 2.81649
114 121 0.444708
115 118 1.18589
117 120 2.96472
117 121 0.296472
123 144 0.592944
123 145 0.148236
124 127 0.148236
124 144 0.296472
124 145 0.148236
125 143 2.96472
125 144 2.81649
125 145 1.18589
125 147 2.81649
125 148 0.148236
126 142 3.11296
126 151 0.148236
126 152 0.148236
127 140 0.148236
127 141 2.96472
127 142 0.444708
127 144 0.741181
128 139 0.148236
128 140 2.96472
128 141 0.592944
129 138 0.148236
129 139 2.81649
129 140 2.22354
129 142 0.148236
130 138 2.96472
131 137 3.40943
131 138 0.444708
132 136 2.96472
132 137 0.741181
133 136 0.889417
134 137 0.444708
141 152 0.296472
141 155 0.296472
142 152 0.296472
143 148 0.592944
143 149 0.148236
143 152 0.148236
145 148 1.85295
145 149 0.0926476
146 149 1.85295
146 150 0.37059
147 150 1.85295
147 151 0.37059
148 151 1.85295
148 152 0.277944
149 152 1.85295
149 153 0.277944
150 153 2.1309
150 154 0.185295
151 154 1.7603
151 155 0.185295
152 155 0.277944
153 156 0.277944
