L	Ls	nvertices	F_L	F_L_constrained	rho_sum	nloops	regions
  0	  0	  0	           0	           0	           0	 0	[(0, 0)]
  1	  0	  0	           0	           0	           0	 0	[(0, 1)]
  2	  0	  0	           0	           0	           0	 0	[(0, 2)]
  3	  0	  0	           0	           0	           0	 0	[(0, 3)]
  4	  0	  0	           0	           0	           0	 0	[(0, 4)]
  5	  0	  0	           0	           0	           0	 0	[(0, 5)]
  6	  0	  0	           0	           0	           0	 0	[(0, 6)]
  7	  0	  0	           0	           0	           0	 0	[(0, 7)]
  8	  0	  0	           0	           0	           0	 0	[(0, 8)]
  9	  0	  3	   -0.254224	   -0.254224	    0.251964	 0	[(0, 9)]
 10	  0	  3	   -0.254224	   -0.254224	    0.251964	 0	[(0, 10)]
 11	  0	  3	   -0.254224	   -0.254224	    0.251964	 0	[(0, 11)]
 12	  0	  4	   -0.385751	   -0.385751	    0.379853	 0	[(0, 12)]
 13	  0	  6	   -0.508548	   -0.508548	    0.504351	 0	[(0, 13)]
 14	  0	  6	   -0.508548	   -0.508548	    0.504351	 0	[(0, 14)]
 15	  0	  9	   -0.523414	   -0.523414	    0.527934	 0	[(0, 15)]
 16	  0	 10	   -0.523414	   -0.516105	     0.52576	 0	[(0, 16)]
 17	  0	 11	   -0.523414	    -0.50182	    0.509529	 0	[(0, 17)]
 18	  0	 11	   -0.523414	    -0.50182	    0.509529	 0	[(0, 18)]
 19	  0	 11	   -0.523414	    -0.50182	    0.509529	 0	[(0, 19)]
 20	  0	 11	   -0.523414	    -0.50182	    0.509529	 0	[(0, 20)]
 21	  0	 11	   -0.523414	    -0.50182	    0.509529	 0	[(0, 21)]
 22	  0	 11	   -0.523414	    -0.50182	    0.509529	 0	[(0, 22)]
 23	  0	 11	   -0.523414	    -0.50182	    0.509529	 0	[(0, 23)]
 24	  0	 11	   -0.523414	    -0.50182	    0.509529	 0	[(0, 24)]
 25	  0	 11	   -0.523414	    -0.50182	    0.509529	 0	[(0, 25)]
 26	  0	 14	   -0.523414	     2.54022	     3.21125	 1	[(0, 26)]
 27	  0	 15	   -0.523414	     3.00864	     3.47619	 1	[(0, 27)]
 28	  0	 17	   -0.523414	      4.1759	     3.18441	 1	[(0, 28)]
 29	  0	 19	   -0.523414	     4.46198	     3.28047	 1	[(0, 29)]
 30	  0	 21	   -0.523414	     2.10798	     8.04026	 1	[(0, 30)]
 31	  0	 22	   -0.523414	     1.42252	     9.74693	 1	[(0, 31)]
 32	  0	 24	   -0.523414	      3.0513	     11.1338	 1	[(0, 32)]
 33	 16	 16	   -0.523414	     3.26553	     13.4972	 1	[(16, 33)]
 34	 16	 17	   -0.523414	     3.93909	     13.8766	 1	[(16, 34)]
 35	 16	 17	   -0.523414	     3.93909	     13.8766	 1	[(16, 35)]
 36	 16	 17	   -0.523414	     3.93909	     13.8766	 1	[(16, 36)]
 37	 16	 17	   -0.523414	     3.93909	     13.8766	 1	[(16, 37)]
 38	 16	 19	   -0.523414	     4.05755	     15.0727	 1	[(16, 38)]
 39	 16	 20	   -0.523414	     2.35785	      16.762	 1	[(16, 39)]
 40	 16	 21	   -0.523414	     6.63853	     17.8738	 2	[(16, 40)]
 41	 16	 22	   -0.523414	     5.07895	     18.8974	 2	[(16, 41)]
 42	 16	 23	   -0.523414	     5.53884	     19.3865	 2	[(16, 42)]
 43	 16	 23	   -0.523414	     5.53884	     19.3865	 2	[(16, 43)]
 44	 40	  2	   -0.523414	     3.70575	    0.320531	 1	[(40, 44)]
 45	 40	  5	   -0.523414	     2.34829	    0.265079	 1	[(40, 45)]
 46	 40	  7	   -0.523414	     5.91388	     5.67775	 0	[(40, 46)]
 47	 40	  8	   -0.523414	   -0.171667	    0.176506	 0	[(40, 47)]
 48	 16	 29	   -0.523414	     6.07091	      19.342	 2	[(16, 48)]
 49	 16	 30	   -0.523414	     6.05854	      19.354	 2	[(16, 49)]
 50	 16	 31	   -0.523414	     6.04611	     19.3664	 2	[(16, 50)]
 51	 16	 31	   -0.523414	     6.04611	     19.3664	 2	[(16, 51)]
 52	 16	 31	   -0.523414	     6.04611	     19.3664	 2	[(16, 52)]
 53	 16	 31	   -0.523414	     6.04611	     19.3664	 2	[(16, 53)]
 54	 49	  3	   -0.523414	     5.79047	    0.528933	 2	[(49, 54)]
 55	 40	 15	   -0.523414	     2.08076	    0.378203	 1	[(40, 55)]
 56	 40	 15	   -0.523414	     2.08076	    0.378203	 1	[(40, 56)]
 57	 40	 17	   -0.523414	     2.39197	    0.424291	 1	[(40, 57)]
 58	 49	  9	   -0.523414	     2.64185	    0.312971	 1	[(49, 58)]
 59	 49	  9	   -0.523414	     2.64185	    0.312971	 1	[(49, 59)]
 60	 40	 19	   -0.523414	     2.32644	    0.558323	 1	[(40, 60)]
 61	 49	 11	   -0.523414	       2.508	    0.453393	 1	[(49, 61)]
 62	 49	 13	   -0.523414	     7.90177	      7.3432	 1	[(49, 62)]
 63	 49	 14	   -0.523414	     2.63615	    0.342175	 1	[(49, 63)]
 64	 49	 14	   -0.523414	     2.63615	    0.342175	 1	[(49, 64)]
 65	 49	 14	   -0.523414	     2.63615	    0.342175	 1	[(49, 65)]
 66	 49	 14	   -0.523414	     2.63615	    0.342175	 1	[(49, 66)]
 67	 49	 14	   -0.523414	     2.63615	    0.342175	 1	[(49, 67)]
 68	 49	 15	   -0.523414	     15.2685	     7.95012	 2	[(49, 68)]
 69	 66	  2	   -0.523414	     3.71258	    0.304848	 1	[(66, 69)]
 70	 66	  4	   -0.523414	     2.25245	    0.297575	 1	[(66, 70)]
 71	 66	  6	   -0.523414	     4.48906	     5.21991	 0	[(66, 71)]
 72	 66	  7	   -0.523414	      5.1486	     5.68027	 0	[(66, 72)]
 73	 66	  7	   -0.523414	      5.1486	     5.68027	 0	[(66, 73)]
 74	 66	  7	   -0.523414	      5.1486	     5.68027	 0	[(66, 74)]
 75	 66	  7	   -0.523414	      5.1486	     5.68027	 0	[(66, 75)]
 76	 72	  3	   -0.523414	     3.90853	    0.283879	 1	[(72, 76)]
 77	 72	  5	   -0.523414	     2.38924	    0.277955	 1	[(72, 77)]
 78	 72	  7	   -0.523414	     4.08144	     5.32075	 0	[(72, 78)]
 79	 72	  8	   -0.523414	     4.10106	     5.83451	 0	[(72, 79)]
 80	 72	  9	   -0.523414	     4.02646	     6.75809	 0	[(72, 80)]
 81	 72	 10	   -0.523414	     4.01587	     8.04727	 0	[(72, 81)]
 82	 72	 11	   -0.523414	     3.96196	     9.08851	 0	[(72, 82)]
 83	 72	 12	   -0.523414	     3.83795	     10.1333	 0	[(72, 83)]
 84	 72	 13	   -0.523414	     3.57325	     11.2447	 0	[(72, 84)]
 85	 72	 14	   -0.523414	     2.83132	     12.4562	 0	[(72, 85)]
 86	 72	 15	   -0.523414	     2.67709	     13.3646	 0	[(72, 86)]
 87	 72	 16	   -0.523414	     2.47962	     14.2825	 0	[(72, 87)]
 88	 72	 17	   -0.523414	     2.40184	     15.1154	 0	[(72, 88)]
 89	 72	 18	   -0.523414	     2.92513	     14.8717	 0	[(72, 89)]
 90	 72	 18	   -0.523414	     2.92513	     14.8717	 0	[(72, 90)]
 91	 72	 18	   -0.523414	     2.92513	     14.8717	 0	[(72, 91)]
 92	 72	 19	   -0.523414	     2.63244	     15.3057	 0	[(72, 92)]
 93	 72	 19	   -0.523414	     2.63244	     15.3057	 0	[(72, 93)]
 94	 72	 20	   -0.523414	     2.49254	     15.4521	 0	[(72, 94)]
 95	 72	 21	   -0.523414	     2.49476	     15.4631	 0	[(72, 95)]
 96	 72	 25	   -0.523414	     6.20381	     19.1737	 0	[(72, 96)]
 97	 72	 26	   -0.523414	     6.02381	     19.2803	 0	[(72, 97)]
 98	 72	 27	   -0.523414	      13.073	     19.7507	 1	[(72, 98)]
 99	 72	 27	   -0.523414	      13.073	     19.7507	 1	[(72, 99)]
100	 72	 27	   -0.523414	      13.073	     19.7507	 1	[(72, 100)]
101	 98	  2	   -0.523414	     3.70078	    0.332512	 1	[(98, 101)]
102	 98	  4	   -0.523414	     2.24448	    0.297696	 1	[(98, 102)]
103	 98	  6	   -0.523414	     4.36525	     5.19306	 0	[(98, 103)]
104	 98	  7	   -0.523414	     3.49049	     5.51249	 0	[(98, 104)]
105	 98	  8	   -0.523414	     3.57532	     6.80216	 0	[(98, 105)]
106	 98	  9	   -0.523414	     4.12219	     6.66396	 0	[(98, 106)]
107	 98	  9	   -0.523414	     4.12219	     6.66396	 0	[(98, 107)]
108	 98	  9	   -0.523414	     4.12219	     6.66396	 0	[(98, 108)]
109	 98	  9	   -0.523414	     4.12219	     6.66396	 0	[(98, 109)]
110	 98	  9	   -0.523414	     4.12219	     6.66396	 0	[(98, 110)]
111	 98	 11	   -0.523414	     3.80193	     7.05381	 0	[(98, 111)]
112	 98	 13	   -0.523414	     3.85716	      6.9562	 0	[(98, 112)]
113	 98	 13	   -0.523414	     3.85716	      6.9562	 0	[(98, 113)]
114	 98	 13	   -0.523414	     3.85716	      6.9562	 0	[(98, 114)]
115	 98	 13	   -0.523414	     3.85716	      6.9562	 0	[(98, 115)]
116	 98	 13	   -0.523414	     3.85716	      6.9562	 0	[(98, 116)]
117	 98	 13	   -0.523414	     3.85716	      6.9562	 0	[(98, 117)]
118	 98	 13	   -0.523414	     3.85716	      6.9562	 0	[(98, 118)]
119	 98	 13	   -0.523414	     3.85716	      6.9562	 0	[(98, 119)]
120	 98	 13	   -0.523414	     3.85716	      6.9562	 0	[(98, 120)]
121	 98	 13	   -0.523414	     3.85716	      6.9562	 0	[(98, 121)]
122	 98	 13	   -0.523414	     3.85716	      6.9562	 0	[(98, 122)]
123	 98	 13	   -0.523414	     3.85716	      6.9562	 0	[(98, 123)]
124	 98	 13	   -0.523414	     3.85716	      6.9562	 0	[(98, 124)]
125	 98	 13	   -0.523414	     3.85716	      6.9562	 0	[(98, 125)]
126	 98	 13	   -0.523414	     3.85716	      6.9562	 0	[(98, 126)]
127	 98	 13	   -0.523414	     3.85716	      6.9562	 0	[(98, 127)]
128	 98	 13	   -0.523414	     3.85716	      6.9562	 0	[(98, 128)]
129	 98	 13	   -0.523414	     3.85716	      6.9562	 0	[(98, 129)]
130	 98	 13	   -0.523414	     3.85716	      6.9562	 0	[(98, 130)]
131	 98	 13	   -0.523414	     3.85716	      6.9562	 0	[(98, 131)]
132	129	  2	   -0.523414	     3.70811	    0.315027	 1	[(129, 132)]
133	129	  4	   -0.523414	     2.24372	    0.293701	 1	[(129, 133)]
134	 98	 20	   -0.523414	     3.57905	     7.23607	 0	[(98, 134)]
135	129	  7	   -0.523414	     3.86339	     5.61337	 0	[(129, 135)]
136	129	  8	   -0.523414	     3.65454	     6.89506	 0	[(129, 136)]
137	129	  9	   -0.523414	      3.6515	     7.80744	 0	[(129, 137)]
138	129	 10	   -0.523414	     3.34587	      8.8318	 0	[(129, 138)]
139	129	 11	   -0.523414	     3.03806	     9.87689	 0	[(129, 139)]
140	129	 12	   -0.523414	     2.74218	     10.9307	 0	[(129, 140)]
141	129	 13	   -0.523414	     1.21127	     12.1852	 0	[(129, 141)]
142	129	 14	   -0.523414	     1.85041	     12.5125	 0	[(129, 142)]
143	129	 15	   -0.523414	     2.27761	      12.411	 0	[(129, 143)]
144	129	 15	   -0.523414	     2.27761	      12.411	 0	[(129, 144)]
145	129	 16	   -0.523414	     1.01307	     14.3256	 0	[(129, 145)]
146	129	 17	   -0.523414	    0.880096	     14.9763	 0	[(129, 146)]
147	129	 18	   -0.523414	     1.23109	      15.173	 0	[(129, 147)]
148	129	 19	   -0.523414	     1.35442	     14.9682	 0	[(129, 148)]
149	129	 19	   -0.523414	     1.35442	     14.9682	 0	[(129, 149)]
150	129	 19	   -0.523414	     1.35442	     14.9682	 0	[(129, 150)]
151	129	 20	   -0.523414	    0.848102	     15.5197	 0	[(129, 151)]
152	129	 21	   -0.523414	    0.972126	     15.4689	 0	[(129, 152)]
153	129	 24	   -0.523414	     1.37726	     14.7809	 0	[(129, 153)]
154	129	 25	   -0.523414	     1.36949	      14.785	 0	[(129, 154)]
155	129	 25	   -0.523414	     1.36949	      14.785	 0	[(129, 155)]
156	129	 26	   -0.523414	     1.23981	     14.9106	 0	[(129, 156)]
157	129	 26	   -0.523414	     1.23981	     14.9106	 0	[(129, 157)]
158	129	 26	   -0.523414	     1.23981	     14.9106	 0	[(129, 158)]
159	129	 26	   -0.523414	     1.23981	     14.9106	 0	[(129, 159)]
160	129	 26	   -0.523414	     1.23981	     14.9106	 0	[(129, 160)]
161	129	 26	   -0.523414	     1.23981	     14.9106	 0	[(129, 161)]
162	129	 26	   -0.523414	     1.23981	     14.9106	 0	[(129, 162)]
163	129	 26	   -0.523414	     1.23981	     14.9106	 0	[(129, 163)]
164	129	 28	   -0.523414	     5.21497	     21.8345	 0	[(129, 164)]
165	129	 30	   -0.523414	    0.987196	     15.1731	 0	[(129, 165)]
166	129	 30	   -0.523414	    0.987196	     15.1731	 0	[(129, 166)]
167	129	 30	   -0.523414	    0.987196	     15.1731	 0	[(129, 167)]
168	129	 30	   -0.523414	    0.987196	     15.1731	 0	[(129, 168)]
169	129	 30	   -0.523414	    0.987196	     15.1731	 0	[(129, 169)]
170	129	 33	   -0.523414	     0.86009	     15.2961	 0	[(129, 170)]
171	129	 33	   -0.523414	     0.86009	     15.2961	 0	[(129, 171)]
172	129	 33	   -0.523414	     0.86009	     15.2961	 0	[(129, 172)]
173	129	 33	   -0.523414	     0.86009	     15.2961	 0	[(129, 173)]
174	129	 33	   -0.523414	     0.86009	     15.2961	 0	[(129, 174)]
175	129	 33	   -0.523414	     0.86009	     15.2961	 0	[(129, 175)]
176	129	 33	   -0.523414	     0.86009	     15.2961	 0	[(129, 176)]
177	129	 33	   -0.523414	     0.86009	     15.2961	 0	[(129, 177)]
178	129	 33	   -0.523414	     0.86009	     15.2961	 0	[(129, 178)]
179	129	 33	   -0.523414	     0.86009	     15.2961	 0	[(129, 179)]
180	129	 33	   -0.523414	     0.86009	     15.2961	 0	[(129, 180)]
181	129	 33	   -0.523414	     0.86009	     15.2961	 0	[(129, 181)]
182	129	 33	   -0.523414	     0.86009	     15.2961	 0	[(129, 182)]
183	129	 35	   -0.523414	    0.601856	     15.5423	 0	[(129, 183)]
184	129	 35	   -0.523414	    0.601856	     15.5423	 0	[(129, 184)]
185	129	 37	   -0.523414	    0.457351	     15.7099	 0	[(129, 185)]
186	129	 37	   -0.523414	    0.457351	     15.7099	 0	[(129, 186)]
187	174	  7	   -0.523414	     5.44614	    0.548246	 1	[(174, 187)]
188	174	 10	   -0.523414	     5.78947	    0.436214	 1	[(174, 188)]
189	174	 12	   -0.523414	     8.52468	     5.63043	 1	[(174, 189)]
190	174	 13	   -0.523414	     6.82828	     7.94395	 1	[(174, 190)]
191	174	 15	   -0.523414	     7.35851	     9.73586	 1	[(174, 191)]
192	174	 17	   -0.523414	     8.75803	     10.2335	 1	[(174, 192)]
193	174	 17	   -0.523414	     8.75803	     10.2335	 1	[(174, 193)]
194	174	 17	   -0.523414	     8.75803	     10.2335	 1	[(174, 194)]
195	174	 18	   -0.523414	     8.59558	     10.4343	 1	[(174, 195)]
196	174	 18	   -0.523414	     8.59558	     10.4343	 1	[(174, 196)]
197	174	 18	   -0.523414	     8.59558	     10.4343	 1	[(174, 197)]
198	174	 18	   -0.523414	     8.59558	     10.4343	 1	[(174, 198)]
199	174	 18	   -0.523414	     8.59558	     10.4343	 1	[(174, 199)]
200	174	 18	   -0.523414	     8.59558	     10.4343	 1	[(174, 200)]
201	174	 18	   -0.523414	     8.59558	     10.4343	 1	[(174, 201)]
202	174	 18	   -0.523414	     8.59558	     10.4343	 1	[(174, 202)]
203	174	 18	   -0.523414	     8.59558	     10.4343	 1	[(174, 203)]
204	174	 18	   -0.523414	     8.59558	     10.4343	 1	[(174, 204)]
205	174	 18	   -0.523414	     8.59558	     10.4343	 1	[(174, 205)]
206	174	 18	   -0.523414	     8.59558	     10.4343	 1	[(174, 206)]
207	174	 18	   -0.523414	     8.59558	     10.4343	 1	[(174, 207)]
208	174	 18	   -0.523414	     8.59558	     10.4343	 1	[(174, 208)]
209	174	 18	   -0.523414	     8.59558	     10.4343	 1	[(174, 209)]
210	174	 18	   -0.523414	     8.59558	     10.4343	 1	[(174, 210)]
211	174	 18	   -0.523414	     8.59558	     10.4343	 1	[(174, 211)]
212	174	 18	   -0.523414	     8.59558	     10.4343	 1	[(174, 212)]
213	174	 21	   -0.523414	     8.32659	     10.7172	 1	[(174, 213)]
214	174	 21	   -0.523414	     8.32659	     10.7172	 1	[(174, 214)]
215	174	 22	   -0.523414	     8.19305	     10.8503	 1	[(174, 215)]
216	174	 22	   -0.523414	     8.19305	     10.8503	 1	[(174, 216)]
217	174	 22	   -0.523414	     8.19305	     10.8503	 1	[(174, 217)]
218	174	 22	   -0.523414	     8.19305	     10.8503	 1	[(174, 218)]
219	174	 24	   -0.523414	     8.04136	     11.0413	 1	[(174, 219)]
220	174	 26	   -0.523414	     8.08065	     10.9818	 1	[(174, 220)]
221	174	 28	   -0.523414	     8.16536	     10.8856	 1	[(174, 221)]
222	192	 14	   -0.523414	     10.0901	    0.831163	 2	[(192, 222)]
223	192	 19	   -0.523414	     10.2817	    0.745296	 2	[(192, 223)]
224	192	 21	   -0.523414	     10.3317	    0.776352	 2	[(192, 224)]
225	192	 22	   -0.523414	     13.8476	     6.19277	 2	[(192, 225)]
226	192	 24	   -0.523414	     13.2232	     5.23395	 2	[(192, 226)]
227	192	 26	   -0.523414	      14.869	     7.03103	 2	[(192, 227)]
228	192	 28	   -0.523414	     14.4782	     9.23931	 2	[(192, 228)]
229	192	 29	   -0.523414	     15.3414	     11.0459	 2	[(192, 229)]
230	192	 32	   -0.523414	     16.3238	     13.2303	 2	[(192, 230)]
231	192	 34	   -0.523414	     17.3893	     15.6495	 2	[(192, 231)]
232	192	 36	   -0.523414	      15.859	     17.2402	 2	[(192, 232)]
233	192	 37	   -0.523414	     16.9236	     19.1228	 2	[(192, 233)]
234	192	 39	   -0.523414	     14.4829	     21.2407	 2	[(192, 234)]
235	192	 40	   -0.523414	     14.0867	     22.7863	 2	[(192, 235)]
236	192	 42	   -0.523414	     11.7176	     23.7453	 1	[(192, 236)]
237	192	 43	   -0.523414	     13.6154	     23.2506	 1	[(192, 237)]
238	235	  2	   -0.523414	     3.70811	    0.315027	 1	[(235, 238)]
239	235	  4	   -0.523414	     2.24228	    0.301474	 1	[(235, 239)]
240	235	  6	   -0.523414	     4.24639	       5.122	 0	[(235, 240)]
241	235	  7	   -0.523414	     4.39179	     5.67546	 0	[(235, 241)]
242	235	  8	   -0.523414	     4.14591	     6.16862	 0	[(235, 242)]
243	235	  9	   -0.523414	     4.64258	     6.55012	 0	[(235, 243)]
244	235	  9	   -0.523414	     4.64258	     6.55012	 0	[(235, 244)]
245	235	  9	   -0.523414	     4.64258	     6.55012	 0	[(235, 245)]
246	235	 10	   -0.523414	     4.34058	     7.33427	 0	[(235, 246)]
247	235	 11	   -0.523414	     4.42066	     7.33143	 0	[(235, 247)]
248	235	 12	   -0.523414	     4.46465	     6.95775	 0	[(235, 248)]
249	235	 13	   -0.523414	     4.37743	     7.06854	 0	[(235, 249)]
250	235	 14	   -0.523414	     4.33088	      7.1037	 0	[(235, 250)]
251	235	 15	   -0.523414	     10.4731	     7.06947	 1	[(235, 251)]
252	235	 16	   -0.523414	     11.3116	     11.4662	 1	[(235, 252)]
253	235	 17	   -0.523414	     11.8991	     12.2749	 1	[(235, 253)]
254	235	 18	   -0.523414	     14.3598	      12.746	 2	[(235, 254)]
255	228	 22	   -0.523414	     14.3235	     17.5912	 2	[(228, 255)]
256	235	 20	   -0.523414	      13.646	     7.15045	 2	[(235, 256)]
257	192	 61	   -0.523414	     12.4724	     40.4244	 3	[(192, 257)]
258	192	 62	   -0.523414	      10.612	     41.4632	 3	[(192, 258)]
259	192	 63	   -0.523414	     10.7345	     42.1342	 3	[(192, 259)]
260	192	 63	   -0.523414	     10.7345	     42.1342	 3	[(192, 260)]
261	192	 64	   -0.523414	     12.7014	      42.289	 4	[(192, 261)]
262	192	 65	   -0.523414	     11.8989	     43.2976	 4	[(192, 262)]
263	192	 66	   -0.523414	      10.516	     44.4433	 4	[(192, 263)]
264	192	 67	   -0.523414	     9.40656	     45.5848	 4	[(192, 264)]
265	192	 68	   -0.523414	     9.81831	     46.1312	 4	[(192, 265)]
266	192	 68	   -0.523414	     9.81831	     46.1312	 4	[(192, 266)]
267	263	  2	   -0.523414	     3.71472	    0.300124	 1	[(263, 267)]
268	263	  5	   -0.523414	     2.35024	    0.263563	 1	[(263, 268)]
269	263	  7	   -0.523414	   -0.159272	    0.164017	 0	[(263, 269)]
270	263	  8	   -0.523414	    -0.17162	    0.176395	 0	[(263, 270)]
271	263	  9	   -0.523414	   -0.185302	    0.191662	 0	[(263, 271)]
272	263	 10	   -0.523414	     -0.1975	     0.20374	 0	[(263, 272)]
273	263	 10	   -0.523414	     -0.1975	     0.20374	 0	[(263, 273)]
274	263	 10	   -0.523414	     -0.1975	     0.20374	 0	[(263, 274)]
275	263	 10	   -0.523414	     -0.1975	     0.20374	 0	[(263, 275)]
276	263	 10	   -0.523414	     -0.1975	     0.20374	 0	[(263, 276)]
277	263	 10	   -0.523414	     -0.1975	     0.20374	 0	[(263, 277)]
278	263	 10	   -0.523414	     -0.1975	     0.20374	 0	[(263, 278)]
279	263	 10	   -0.523414	     -0.1975	     0.20374	 0	[(263, 279)]
280	263	 10	   -0.523414	     -0.1975	     0.20374	 0	[(263, 280)]
281	263	 12	   -0.523414	    -0.45351	    0.445967	 0	[(263, 281)]
282	263	 13	   -0.523414	   -0.451724	    0.455704	 0	[(263, 282)]
283	263	 13	   -0.523414	   -0.451724	    0.455704	 0	[(263, 283)]
284	263	 13	   -0.523414	   -0.451724	    0.455704	 0	[(263, 284)]
285	263	 13	   -0.523414	   -0.451724	    0.455704	 0	[(263, 285)]
286	263	 15	   -0.585664	   -0.585664	    0.606678	 0	[(263, 286)]
287	263	 17	   -0.585664	   -0.576055	    0.588085	 0	[(263, 287)]
288	263	 19	   -0.691964	   -0.691964	    0.697533	 0	[(263, 288)]
289	263	 19	   -0.691964	   -0.691964	    0.697533	 0	[(263, 289)]
290	263	 20	   -0.691964	     6.09313	    0.829226	 1	[(263, 290)]
291	263	 22	   -0.691964	     8.29316	    0.881934	 2	[(263, 291)]
292	263	 23	   -0.691964	     8.34721	     0.86896	 2	[(263, 292)]
293	271	 17	   -0.691964	     7.82844	     5.89078	 1	[(271, 293)]
294	271	 19	   -0.691964	     8.27861	     7.82945	 1	[(271, 294)]
295	271	 20	   -0.691964	     8.94721	     8.15046	 1	[(271, 295)]
296	271	 20	   -0.691964	     8.94721	     8.15046	 1	[(271, 296)]
297	271	 20	   -0.691964	     8.94721	     8.15046	 1	[(271, 297)]
298	271	 20	   -0.691964	     8.94721	     8.15046	 1	[(271, 298)]
299	271	 20	   -0.691964	     8.94721	     8.15046	 1	[(271, 299)]
300	271	 20	   -0.691964	     8.94721	     8.15046	 1	[(271, 300)]
301	271	 20	   -0.691964	     8.94721	     8.15046	 1	[(271, 301)]
302	271	 20	   -0.691964	     8.94721	     8.15046	 1	[(271, 302)]
303	271	 20	   -0.691964	     8.94721	     8.15046	 1	[(271, 303)]
304	271	 20	   -0.691964	     8.94721	     8.15046	 1	[(271, 304)]
305	271	 20	   -0.691964	     8.94721	     8.15046	 1	[(271, 305)]
306	271	 20	   -0.691964	     8.94721	     8.15046	 1	[(271, 306)]
307	271	 23	   -0.691964	     8.68676	     8.41496	 1	[(271, 307)]
308	271	 24	   -0.691964	     8.69257	     8.41747	 1	[(271, 308)]
309	271	 24	   -0.691964	     8.69257	     8.41747	 1	[(271, 309)]
310	293	  7	   -0.691964	     5.48997	    0.402766	 1	[(293, 310)]
311	293	  9	   -0.691964	     7.04276	     3.74617	 1	[(293, 311)]
312	293	 11	   -0.691964	     8.74182	     5.66465	 1	[(293, 312)]
313	293	 12	   -0.691964	     8.18477	     7.09387	 1	[(293, 313)]
314	293	 14	   -0.691964	     7.63209	      8.7932	 1	[(293, 314)]
315	293	 15	   -0.691964	     7.58123	     10.7875	 1	[(293, 315)]
316	293	 17	   -0.691964	      7.6809	     12.7695	 1	[(293, 316)]
317	293	 21	   -0.691964	     8.01811	     15.4415	 1	[(293, 317)]
318	293	 22	   -0.691964	      8.0346	     17.2981	 1	[(293, 318)]
319	293	 24	   -0.691964	     9.28671	      16.137	 1	[(293, 319)]
320	293	 25	   -0.691964	     9.32201	     15.8319	 1	[(293, 320)]
321	293	 26	   -0.691964	     9.37632	     15.7176	 1	[(293, 321)]
322	293	 26	   -0.691964	     9.37632	     15.7176	 1	[(293, 322)]
323	293	 26	   -0.691964	     9.37632	     15.7176	 1	[(293, 323)]
324	293	 27	   -0.691964	     15.2211	     15.8402	 2	[(293, 324)]
325	293	 28	   -0.691964	     15.1961	     15.8665	 2	[(293, 325)]
326	293	 28	   -0.691964	     15.1961	     15.8665	 2	[(293, 326)]
327	323	  3	   -0.691964	     3.89579	    0.307708	 1	[(323, 327)]
328	323	  5	   -0.691964	     2.35495	    0.274096	 1	[(323, 328)]
329	323	  7	   -0.691964	     4.57084	     5.55444	 0	[(323, 329)]
330	323	  8	   -0.691964	     4.38092	     6.01576	 0	[(323, 330)]
331	323	  9	   -0.691964	     4.35583	     6.48197	 0	[(323, 331)]
332	323	 10	   -0.691964	      4.3281	      8.0118	 0	[(323, 332)]
333	323	 11	   -0.691964	     4.19347	     9.07652	 0	[(323, 333)]
334	323	 12	   -0.691964	     4.72414	     8.71658	 0	[(323, 334)]
335	323	 13	   -0.691964	      4.8564	     7.43893	 0	[(323, 335)]
336	323	 14	   -0.691964	     4.85266	      7.4039	 0	[(323, 336)]
337	323	 15	   -0.691964	     4.83921	     7.40921	 0	[(323, 337)]
338	323	 15	   -0.691964	     4.83921	     7.40921	 0	[(323, 338)]
339	323	 16	   -0.691964	     4.64062	     7.74538	 0	[(323, 339)]
340	323	 16	   -0.691964	     4.64062	     7.74538	 0	[(323, 340)]
341	323	 16	   -0.691964	     4.64062	     7.74538	 0	[(323, 341)]
342	323	 16	   -0.691964	     4.64062	     7.74538	 0	[(323, 342)]
343	323	 18	   -0.691964	     4.53436	     7.72116	 0	[(323, 343)]
344	323	 18	   -0.691964	     4.53436	     7.72116	 0	[(323, 344)]
345	323	 19	   -0.691964	     4.40182	     7.85822	 0	[(323, 345)]
346	323	 19	   -0.691964	     4.40182	     7.85822	 0	[(323, 346)]
347	323	 20	   -0.691964	     4.25693	      7.9839	 0	[(323, 347)]
348	323	 20	   -0.691964	     4.25693	      7.9839	 0	[(323, 348)]
349	323	 20	   -0.691964	     4.25693	      7.9839	 0	[(323, 349)]
350	323	 21	   -0.691964	     4.12504	     8.11248	 0	[(323, 350)]
351	323	 21	   -0.691964	     4.12504	     8.11248	 0	[(323, 351)]
352	323	 21	   -0.691964	     4.12504	     8.11248	 0	[(323, 352)]
353	323	 21	   -0.691964	     4.12504	     8.11248	 0	[(323, 353)]
354	323	 21	   -0.691964	     4.12504	     8.11248	 0	[(323, 354)]
355	323	 21	   -0.691964	     4.12504	     8.11248	 0	[(323, 355)]
356	323	 21	   -0.691964	     4.12504	     8.11248	 0	[(323, 356)]
357	349	  6	   -0.691964	     3.84723	    0.340228	 1	[(349, 357)]
358	349	  8	   -0.691964	     3.17289	     4.96922	 1	[(349, 358)]
359	349	 10	   -0.691964	     4.48384	     5.58826	 1	[(349, 359)]
360	120	228	   -0.691964	     3.75246	     162.697	12	[(120, 360)]
361	120	229	   -0.691964	     3.97171	     163.347	12	[(120, 361)]
362	120	230	   -0.691964	     4.21588	       163.8	12	[(120, 362)]
363	120	231	   -0.691964	    0.761165	     165.315	12	[(120, 363)]
364	120	232	   -0.691964	  -0.0302694	     166.515	12	[(120, 364)]
365	120	233	   -0.691964	   -0.148869	     167.446	12	[(120, 365)]
366	120	234	    -2.37878	    -2.37878	     168.676	12	[(120, 366)]
367	120	235	    -2.37878	    -1.82262	     169.096	12	[(120, 367)]
368	120	236	    -2.50409	    -2.50409	     170.225	12	[(120, 368)]
369	120	237	    -4.47745	    -4.47745	      171.44	12	[(120, 369)]
370	120	238	    -4.47745	    -4.01833	     171.927	12	[(120, 370)]
371	120	238	    -4.47745	    -4.01833	     171.927	12	[(120, 371)]
372	120	239	    -4.47745	    -4.37647	      172.24	12	[(120, 372)]
373	120	239	    -4.47745	    -4.37647	      172.24	12	[(120, 373)]
374	120	240	    -4.62826	    -4.62826	     172.479	12	[(120, 374)]
375	120	240	    -4.62826	    -4.62826	     172.479	12	[(120, 375)]
376	120	240	    -4.62826	    -4.62826	     172.479	12	[(120, 376)]
377	120	240	    -4.62826	    -4.62826	     172.479	12	[(120, 377)]
378	370	  4	    -4.62826	      4.3966	     2.66101	 1	[(370, 378)]
379	120	245	    -4.62826	     4.80838	      177.71	14	[(120, 379)]
380	120	246	    -4.62826	     3.13205	     179.627	14	[(120, 380)]
381	120	247	    -4.62826	     3.27418	     180.321	14	[(120, 381)]
382	120	248	    -4.62826	    0.447114	     181.547	14	[(120, 382)]
383	120	249	    -4.62826	    0.137548	     182.523	14	[(120, 383)]
384	120	250	    -4.62826	     0.45476	     183.104	14	[(120, 384)]
385	370	 11	    -4.62826	      5.7832	     7.77988	 1	[(370, 385)]
386	370	 11	    -4.62826	      5.7832	     7.77988	 1	[(370, 386)]
387	120	254	    -4.62826	     4.59263	     188.534	15	[(120, 387)]
388	120	255	    -4.62826	     3.02711	     189.644	15	[(120, 388)]
389	120	256	    -4.62826	     1.16341	     190.672	15	[(120, 389)]
390	120	257	    -4.62826	   -0.439658	     191.651	15	[(120, 390)]
391	120	258	    -4.62826	    -2.58636	     192.683	15	[(120, 391)]
392	120	259	    -4.62826	    -4.61805	     193.681	15	[(120, 392)]
393	120	260	    -5.66354	    -5.66354	     194.623	15	[(120, 393)]
394	120	261	    -7.51753	    -7.51753	     195.645	15	[(120, 394)]
395	120	262	    -7.68875	    -7.68875	     196.447	15	[(120, 395)]
396	120	263	    -7.68875	    -7.09542	     196.634	15	[(120, 396)]
397	120	264	    -7.68875	    -6.79811	     196.391	15	[(120, 397)]
398	120	264	    -7.68875	    -6.79811	     196.391	15	[(120, 398)]
399	120	264	    -7.68875	    -6.79811	     196.391	15	[(120, 399)]
400	120	265	    -7.68875	    -4.65801	     198.601	16	[(120, 400)]
401	120	266	    -7.68875	    -7.48882	     200.119	16	[(120, 401)]
402	120	267	    -9.49875	    -9.49875	       201.2	16	[(120, 402)]
403	120	268	    -10.5344	    -10.5344	     202.157	16	[(120, 403)]
404	120	269	    -11.1786	    -11.1786	     203.167	16	[(120, 404)]
405	120	270	    -11.1786	    -10.5553	      203.39	16	[(120, 405)]
406	120	271	      -12.19	      -12.19	     205.159	18	[(120, 406)]
407	120	272	    -15.7627	    -15.7627	     206.637	18	[(120, 407)]
408	120	274	    -20.7009	    -20.7009	     208.309	17	[(120, 408)]
409	120	275	    -22.8414	    -22.8414	     209.361	17	[(120, 409)]
410	  0	394	    -26.7115	    -26.7115	     315.518	23	[(0, 410)]
411	  0	395	    -31.0176	    -31.0176	     318.126	23	[(0, 411)]
412	120	280	    -33.2374	    -33.2374	     216.159	15	[(120, 412)]
413	  0	398	    -33.3244	    -33.3244	     321.091	22	[(0, 413)]
414	120	282	    -33.3244	     -32.763	     217.153	15	[(120, 414)]
415	120	283	    -33.3244	       -32.5	     216.985	15	[(120, 415)]
416	120	284	    -33.3244	     -32.465	     216.896	15	[(120, 416)]
417	120	284	    -33.3244	     -32.465	     216.896	15	[(120, 417)]
418	120	284	    -33.3244	     -32.465	     216.896	15	[(120, 418)]
419	120	284	    -33.3244	     -32.465	     216.896	15	[(120, 419)]
