nresidues = 419
0 13 0.149207
0 89 2.98414
0 90 0.298414
1 35 0.149207
1 88 3.43176
1 89 0.596828
1 90 0.746035
2 87 0.149207
2 88 0.746035
2 89 0.149207
2 90 0.149207
2 95 0.447621
2 96 1.19366
2 102 1.04445
2 106 0.298414
3 35 0.298414
3 106 0.447621
4 36 0.149207
5 9 0.149207
5 12 0.298414
5 35 0.149207
5 36 0.149207
6 9 0.298414
7 399 0.447621
7 400 0.149207
8 401 1.19366
9 12 0.149207
9 36 0.149207
9 401 0.447621
10 15 0.447621
10 401 0.149207
10 402 2.83493
10 403 1.34286
10 404 0.298414
10 405 0.149207
11 15 0.149207
11 17 0.149207
11 34 0.298414
11 35 3.28255
11 36 0.447621
11 109 0.447621
11 261 0.149207
12 15 2.98414
12 35 0.298414
12 401 0.298414
13 16 0.447621
13 35 0.149207
13 85 0.149207
13 88 0.447621
13 89 0.149207
14 81 0.298414
14 267 0.149207
14 400 1.93969
15 81 0.596828
15 263 0.298414
15 267 0.149207
15 402 0.596828
15 403 0.149207
16 33 0.596828
16 34 0.298414
16 81 0.149207
16 85 0.149207
16 88 0.149207
16 264 0.298414
17 32 0.149207
17 33 3.28255
17 34 0.298414
17 261 0.298414
17 262 3.28255
17 263 0.149207
17 264 0.149207
18 32 2.83493
18 33 0.298414
18 66 0.596828
18 69 0.895242
18 80 0.149207
18 84 0.149207
18 225 0.149207
18 260 0.149207
18 261 3.73018
18 262 0.596828
19 30 0.149207
19 31 3.13335
19 32 0.447621
19 260 0.149207
19 261 0.298414
20 29 0.298414
20 30 3.13335
20 64 0.298414
20 65 0.149207
20 114 3.13335
20 115 0.746035
20 116 0.298414
20 117 0.298414
21 28 0.149207
21 29 2.98414
21 30 1.79048
21 31 0.596828
21 32 0.149207
21 39 0.447621
21 41 0.298414
21 113 2.98414
21 114 0.149207
21 115 0.596828
22 26 2.98414
22 27 0.298414
22 28 0.149207
22 30 0.298414
22 112 2.98414
22 113 0.746035
22 115 0.596828
23 26 3.73018
23 30 0.596828
23 107 0.149207
26 30 2.0889
28 62 0.298414
28 63 0.149207
29 64 0.447621
30 41 0.298414
31 41 2.98414
31 42 0.596828
31 60 0.149207
31 63 0.298414
31 65 0.149207
31 66 0.149207
32 39 0.298414
32 40 2.83493
32 261 0.298414
33 39 3.13335
33 40 0.596828
33 42 0.298414
33 84 0.149207
33 261 0.447621
34 38 2.83493
34 109 0.149207
34 261 0.596828
35 38 0.895242
36 109 0.596828
37 108 2.98414
37 109 1.79048
38 106 0.298414
38 107 3.73018
38 108 0.149207
38 109 0.746035
39 105 0.149207
39 106 3.13335
39 107 0.447621
39 109 0.149207
39 112 0.149207
39 261 0.447621
40 45 0.0932544
40 84 0.149207
40 105 3.13335
40 106 0.447621
41 44 2.14485
41 45 0.0932544
41 105 0.298414
42 45 1.86509
42 46 0.186509
42 61 2.98414
42 84 0.149207
43 46 0.466271
43 61 0.298414
43 62 0.149207
44 47 0.186509
44 101 0.149207
44 104 0.596828
44 105 0.298414
45 48 0.279764
45 105 0.149207
46 49 0.373018
46 58 1.19366
46 61 0.149207
46 62 1.19366
47 50 0.0932544
47 58 0.596828
48 87 0.298414
48 94 0.447621
49 54 2.0516
49 55 0.0932544
49 58 0.596828
49 61 0.596828
49 80 0.298414
49 83 0.447621
50 55 0.0932544
50 79 0.149207
51 54 1.67858
51 55 0.373018
51 79 1.49207
52 55 0.0932544
52 79 1.19366
53 57 0.447621
53 75 0.298414
53 76 0.149207
53 79 1.34286
54 57 2.98414
54 58 0.298414
54 72 0.149207
54 76 0.298414
54 79 0.746035
54 80 0.298414
55 58 0.447621
57 60 0.596828
57 72 0.149207
58 61 0.447621
59 62 2.98414
59 63 0.447621
60 63 0.298414
60 68 0.298414
60 72 0.298414
61 69 0.596828
63 68 0.447621
65 117 2.83493
65 119 0.149207
66 69 1.86509
66 70 0.466271
66 117 0.746035
67 70 1.95834
67 71 0.0932544
67 118 0.895242
67 119 0.895242
67 341 0.298414
67 342 0.149207
68 71 1.77183
68 72 0.186509
69 72 0.279764
69 77 0.298414
69 80 0.298414
69 225 0.596828
70 77 0.746035
70 204 0.596828
70 205 0.149207
70 206 2.98414
70 207 0.149207
70 225 0.746035
70 341 0.298414
70 342 0.149207
71 207 0.447621
71 341 0.298414
72 76 0.186509
72 77 0.186509
72 207 0.149207
73 76 1.86509
73 77 1.58532
73 207 0.298414
74 77 2.14485
74 78 0.279764
74 222 0.746035
75 78 1.67858
75 79 0.186509
76 79 1.86509
76 80 0.186509
77 80 1.86509
77 81 0.186509
77 206 0.298414
77 207 0.298414
77 222 0.298414
77 224 0.298414
77 225 1.19366
78 81 1.86509
78 82 0.186509
78 266 0.149207
79 82 1.86509
79 83 0.279764
80 83 1.86509
80 84 0.373018
81 84 1.95834
81 85 0.932544
81 264 0.149207
81 266 0.447621
81 267 0.298414
82 85 1.95834
82 86 0.186509
83 86 1.86509
83 87 0.373018
84 87 1.77183
84 88 0.373018
85 88 1.58532
85 89 0.186509
86 89 0.186509
86 92 1.04445
87 94 0.149207
87 95 0.149207
88 106 0.149207
89 92 0.298414
90 96 0.596828
91 96 0.596828
92 96 0.895242
93 96 3.58097
93 97 0.746035
94 97 2.53652
94 98 0.746035
94 101 0.149207
95 98 0.596828
95 101 0.298414
95 102 0.298414
95 106 0.298414
96 102 0.895242
98 101 2.33136
98 102 0.186509
99 102 1.77183
99 103 0.186509
100 103 1.86509
100 104 1.11905
101 104 2.14485
101 105 0.186509
102 105 1.67858
102 106 0.373018
103 106 0.0932544
108 111 2.98414
108 112 0.149207
109 112 0.447621
114 167 0.149207
114 260 0.447621
114 261 0.746035
115 167 0.447621
116 165 0.298414
116 166 0.298414
116 167 0.149207
116 258 0.298414
117 204 0.149207
117 258 0.149207
117 260 0.298414
117 262 0.298414
118 204 0.149207
120 162 0.149207
120 165 0.298414
120 204 0.149207
120 342 0.596828
120 343 0.298414
120 344 0.149207
121 343 0.596828
122 343 3.58097
122 344 0.149207
123 159 2.98414
123 160 1.04445
123 161 0.298414
123 165 0.447621
123 230 0.447621
123 232 0.298414
123 344 3.13335
123 346 0.149207
124 158 2.98414
124 332 1.04445
124 344 0.298414
124 345 2.83493
124 346 0.298414
125 157 2.83493
125 158 1.79048
125 200 1.04445
125 232 0.149207
125 346 2.98414
125 347 0.149207
125 348 0.149207
126 155 0.298414
126 156 3.28255
126 157 0.298414
126 328 1.34286
126 346 0.596828
126 347 3.28255
126 348 0.298414
127 132 0.447621
127 133 0.596828
127 136 0.298414
127 151 0.895242
127 156 0.746035
127 347 2.53652
128 151 0.596828
128 321 3.28255
128 322 2.83493
128 323 0.596828
128 328 0.447621
128 347 0.447621
129 132 2.0516
129 133 0.0932544
129 151 0.596828
129 321 0.149207
129 349 0.298414
129 350 0.298414
129 351 0.447621
130 133 1.86509
130 134 0.466271
130 147 0.149207
130 151 0.746035
130 152 0.447621
130 322 0.149207
131 134 1.95834
131 135 0.839288
131 351 0.298414
131 352 0.596828
131 358 0.149207
132 135 1.86509
132 136 0.466271
132 349 1.64128
132 351 0.596828
132 363 1.19366
133 136 1.86509
133 137 0.0932544
133 147 0.447621
133 151 0.447621
134 137 1.77183
134 138 0.466271
134 146 0.149207
134 147 0.447621
135 138 1.86509
135 139 0.466271
135 358 0.895242
135 363 0.895242
135 366 1.19366
136 139 1.86509
136 140 0.559526
137 140 1.77183
137 141 2.0516
137 142 0.0932544
137 146 0.746035
138 141 1.67858
138 142 0.373018
138 143 0.279764
138 366 0.149207
139 362 0.298414
139 363 0.298414
139 366 1.04445
139 367 0.596828
140 243 0.149207
141 145 1.49207
141 146 0.596828
141 148 1.19366
142 145 2.83493
142 146 0.149207
143 146 0.149207
148 151 0.149207
149 153 0.149207
150 153 2.98414
150 154 0.298414
150 156 0.298414
151 154 0.298414
151 156 0.298414
151 322 0.596828
151 323 0.447621
152 322 0.447621
152 323 0.596828
153 280 0.149207
153 286 0.149207
153 323 0.746035
154 323 1.34286
154 331 0.447621
155 323 0.298414
155 327 0.149207
155 331 1.04445
158 232 0.149207
158 252 0.447621
161 164 0.447621
161 165 0.149207
161 253 0.298414
162 165 0.596828
164 253 0.596828
164 255 2.83493
164 256 0.298414
165 256 3.13335
165 258 0.149207
166 170 0.895242
166 256 0.447621
166 257 3.28255
166 258 0.149207
167 170 0.746035
167 257 0.149207
167 258 2.83493
167 260 0.149207
168 257 0.149207
168 258 0.298414
168 260 0.149207
168 406 0.596828
168 407 0.746035
168 408 3.43176
169 408 0.149207
170 409 0.149207
171 410 2.83493
171 412 0.298414
172 233 0.596828
172 254 0.298414
172 257 0.149207
172 410 0.298414
172 411 2.98414
172 412 0.298414
173 412 3.43176
173 413 1.04445
173 415 0.447621
174 192 0.746035
174 195 0.149207
174 383 0.596828
174 384 0.447621
174 385 0.895242
174 412 0.298414
174 413 0.149207
174 414 0.298414
175 191 2.83493
175 192 0.298414
175 195 0.149207
175 235 0.149207
175 254 1.04445
176 189 1.04445
176 190 3.73018
176 191 0.298414
176 238 0.149207
176 414 0.149207
176 415 0.149207
176 416 0.447621
177 188 0.149207
177 189 2.98414
177 190 0.149207
177 238 0.149207
178 187 0.447621
178 188 2.98414
178 238 0.298414
178 241 1.04445
179 187 2.98414
179 188 0.596828
179 189 0.298414
179 190 0.596828
179 191 0.149207
179 237 0.298414
180 183 0.298414
180 185 0.746035
180 241 1.04445
181 188 0.149207
182 185 1.19366
187 241 0.447621
191 414 0.149207
191 416 0.149207
192 195 0.298414
192 235 0.298414
192 237 1.19366
193 237 0.746035
194 234 0.149207
194 235 2.83493
194 236 0.596828
194 382 0.746035
195 234 3.13335
195 254 0.298414
195 382 3.28255
195 383 0.596828
195 411 0.298414
196 233 3.28255
196 234 0.596828
196 236 0.895242
196 360 0.746035
196 361 1.19366
196 362 0.298414
196 382 0.149207
196 383 0.447621
197 231 1.34286
197 232 2.53652
197 300 0.298414
197 359 0.298414
197 360 2.83493
197 389 0.149207
197 391 0.298414
198 230 0.149207
198 231 2.98414
198 232 1.34286
198 234 0.596828
198 236 0.746035
198 252 0.596828
198 349 0.596828
198 359 2.83493
199 230 2.68573
199 314 0.149207
199 316 0.149207
199 348 0.149207
199 349 2.83493
199 350 0.596828
199 359 0.298414
199 391 0.149207
200 229 2.98414
200 230 1.04445
200 232 0.447621
200 346 0.298414
200 347 0.895242
200 348 1.93969
200 349 0.298414
200 350 0.447621
201 227 0.298414
201 228 2.98414
201 296 0.298414
201 298 0.149207
201 318 0.447621
201 346 2.98414
201 347 0.746035
201 350 0.149207
201 404 0.298414
202 227 2.98414
202 228 0.447621
202 344 0.298414
202 345 2.98414
202 346 0.447621
203 224 0.746035
203 226 2.98414
203 325 1.19366
203 328 0.149207
203 329 0.149207
203 343 0.149207
203 344 3.13335
203 345 1.34286
204 224 2.83493
204 225 2.83493
204 228 0.149207
204 258 0.149207
204 262 0.298414
204 342 0.447621
204 343 3.13335
204 344 0.447621
205 223 3.13335
205 340 0.447621
205 341 2.83493
205 343 0.447621
205 345 0.149207
206 223 0.149207
206 340 2.53652
206 341 0.596828
207 222 0.149207
207 223 0.596828
207 341 0.149207
208 223 0.298414
208 339 2.98414
209 213 0.596828
209 215 0.746035
209 333 0.149207
209 337 0.596828
209 338 1.19366
209 339 0.746035
210 213 1.49207
210 338 0.149207
211 336 3.13335
211 338 0.298414
212 336 0.447621
214 333 0.746035
214 334 0.447621
215 220 0.149207
215 223 0.447621
215 329 0.298414
215 330 0.149207
215 333 0.746035
216 219 2.98414
216 330 0.298414
217 220 0.298414
217 285 0.298414
217 286 0.447621
217 287 0.149207
217 288 0.596828
217 330 0.746035
218 221 0.298414
219 222 0.447621
219 223 0.149207
220 223 2.83493
220 224 0.149207
220 326 0.298414
220 329 0.447621
220 330 0.149207
221 290 0.447621
221 326 0.298414
223 329 0.149207
224 265 0.447621
224 292 0.447621
224 325 0.149207
224 326 0.149207
225 262 0.298414
225 264 2.83493
225 265 0.298414
226 262 0.298414
226 263 2.98414
226 264 0.298414
226 265 0.149207
227 261 0.149207
227 262 2.83493
227 263 0.596828
227 265 0.149207
227 268 0.298414
227 318 0.298414
227 325 0.298414
227 404 0.447621
228 258 0.298414
228 259 0.895242
228 261 0.149207
228 262 0.149207
229 257 0.149207
229 258 3.13335
229 259 0.596828
229 298 0.149207
229 391 0.298414
229 392 0.447621
229 404 0.298414
229 405 0.149207
229 407 0.298414
230 256 0.447621
230 257 3.13335
230 258 0.298414
230 344 0.149207
230 346 0.149207
230 391 0.149207
230 407 0.447621
231 256 2.98414
231 257 0.298414
231 389 0.149207
231 391 0.298414
232 252 0.596828
232 255 2.53652
232 256 0.149207
233 251 0.149207
233 252 0.298414
233 254 0.895242
233 255 1.04445
233 256 0.447621
233 257 0.596828
233 383 0.298414
233 389 0.149207
233 409 0.447621
234 251 3.13335
234 252 0.298414
234 254 1.04445
235 238 2.0516
235 239 0.186509
235 251 0.298414
235 254 0.149207
236 239 2.33136
236 240 0.186509
236 252 0.149207
236 360 0.298414
236 362 0.746035
236 382 0.149207
237 240 1.67858
237 241 0.0932544
238 241 1.67858
238 242 0.373018
238 250 0.298414
238 251 0.149207
239 242 2.0516
239 243 0.373018
239 252 0.895242
240 243 0.279764
242 248 0.447621
242 249 1.79048
242 250 1.19366
242 251 0.149207
243 246 2.83493
243 247 1.19366
248 252 0.149207
249 252 2.98414
249 253 0.447621
250 253 0.298414
250 254 0.149207
251 254 0.149207
252 255 0.149207
252 256 0.149207
257 407 0.447621
257 408 0.149207
258 407 0.149207
259 404 0.298414
259 406 0.447621
260 406 0.149207
263 268 0.186509
263 402 0.149207
263 403 0.149207
263 404 0.596828
264 267 1.77183
264 268 0.0932544
265 268 1.86509
265 269 0.373018
265 292 0.447621
265 294 0.298414
265 325 0.149207
266 269 0.0932544
266 270 0.0932544
267 270 0.186509
267 271 0.186509
267 402 0.149207
268 271 1.95834
268 294 0.746035
268 395 0.149207
268 404 0.149207
269 272 0.559526
269 294 0.149207
271 294 2.83493
271 295 0.447621
271 395 1.49207
271 396 0.447621
271 397 0.149207
271 400 0.298414
271 402 0.149207
272 291 0.447621
272 292 0.298414
272 293 3.28255
272 294 0.596828
273 291 2.68573
273 292 2.53652
273 293 1.04445
274 293 0.149207
275 288 0.596828
275 290 0.447621
275 291 0.895242
275 292 0.447621
275 293 0.746035
275 324 0.298414
276 293 0.149207
276 321 0.149207
277 322 0.149207
278 281 0.149207
278 282 0.298414
278 322 2.0889
278 323 0.746035
278 327 0.895242
279 322 0.298414
282 286 0.149207
283 286 2.98414
284 287 0.447621
285 330 0.149207
285 331 0.596828
285 334 0.447621
286 327 0.746035
288 324 0.895242
288 326 0.298414
288 327 0.298414
292 324 0.149207
292 325 0.149207
292 326 1.49207
293 319 0.298414
293 324 0.149207
294 317 0.149207
294 318 2.98414
294 319 0.298414
294 325 0.298414
295 317 1.19366
295 319 0.149207
295 395 0.149207
296 317 4.02859
296 318 0.298414
296 394 2.98414
296 395 0.149207
297 316 2.98414
297 317 0.447621
297 393 2.83493
297 394 0.895242
298 315 2.98414
298 316 0.895242
298 317 0.149207
298 350 0.149207
298 392 2.98414
298 393 0.149207
299 312 0.149207
299 314 2.98414
299 390 0.149207
299 391 2.98414
299 392 0.596828
300 312 2.98414
300 313 2.83493
300 314 0.596828
300 389 0.149207
300 390 2.83493
301 310 0.298414
301 311 3.13335
301 388 0.149207
301 389 3.13335
301 390 0.596828
302 310 3.13335
302 311 0.596828
302 361 0.149207
302 383 0.149207
302 387 0.298414
302 388 2.83493
303 307 0.746035
303 308 0.447621
303 310 0.447621
303 386 0.149207
303 387 2.98414
303 388 0.596828
304 307 0.447621
304 380 0.149207
304 386 2.53652
304 387 0.149207
305 385 0.149207
305 386 0.447621
307 374 0.298414
307 378 0.298414
311 374 0.596828
312 315 1.04445
313 364 0.298414
313 372 0.149207
313 374 0.149207
314 356 2.83493
314 357 0.298414
314 358 0.447621
315 356 2.83493
315 357 0.298414
316 320 0.447621
316 350 0.298414
316 351 0.149207
316 357 0.596828
317 320 0.746035
317 350 0.149207
318 321 0.596828
318 325 0.149207
318 347 0.149207
318 350 0.149207
320 351 0.149207
320 352 0.298414
321 347 0.447621
321 350 0.149207
323 327 0.652782
324 327 2.33136
324 328 0.466271
325 328 2.0516
325 329 0.186509
326 329 1.86509
326 330 0.373018
327 330 1.86509
327 331 0.186509
328 331 1.86509
328 332 0.186509
328 347 0.149207
329 332 1.86509
329 333 0.186509
329 339 0.447621
330 333 1.95834
330 334 0.186509
331 334 0.186509
332 335 0.0932544
332 337 0.0932544
332 339 0.298414
332 345 0.149207
333 336 0.0932544
333 337 0.186509
339 343 0.596828
340 343 0.895242
347 350 0.298414
349 359 0.447621
349 363 0.149207
350 357 0.149207
350 358 2.53652
350 359 0.149207
351 357 3.13335
351 358 0.746035
351 359 0.149207
351 363 0.596828
352 357 0.596828
352 358 0.298414
353 357 0.149207
353 358 0.298414
354 357 3.28255
354 358 0.596828
355 358 1.49207
355 364 0.149207
358 363 0.373018
358 364 0.373018
359 363 0.0932544
360 363 2.33136
360 364 0.373018
361 364 1.77183
361 365 0.373018
361 372 0.149207
361 380 0.149207
361 381 0.447621
361 382 0.447621
361 383 0.298414
362 365 1.67858
362 366 1.86509
362 367 0.0932544
362 382 0.298414
363 366 0.186509
364 372 0.895242
365 368 2.98414
365 369 3.13335
365 370 0.895242
365 381 0.447621
366 369 1.04445
368 381 0.298414
370 381 0.149207
371 379 0.298414
371 380 2.98414
372 379 3.28255
372 380 0.746035
372 381 0.149207
373 378 2.68573
374 378 3.43176
374 379 0.298414
374 380 0.298414
375 378 0.596828
380 384 0.895242
380 387 1.34286
383 387 0.746035
383 389 0.149207
384 387 1.34286
384 411 0.149207
385 411 2.98414
385 413 0.596828
386 410 0.596828
386 411 0.149207
387 409 0.149207
387 410 2.98414
387 411 0.447621
388 409 3.13335
389 407 0.149207
389 408 2.83493
389 409 0.298414
390 406 0.596828
390 407 2.98414
390 408 0.149207
391 405 0.149207
391 406 2.83493
391 407 0.746035
392 405 0.149207
393 403 2.83493
393 404 0.447621
394 401 1.79048
394 402 3.13335
395 401 2.98414
395 402 0.447621
396 400 3.13335
396 401 0.298414
397 400 0.895242
