L	Ls	nvertices	F_L	F_L_constrained	rho_sum	nloops	regions
 17	  0	  0	           0	           0	           0	 0	[(0, 17)]
 18	  0	  0	           0	           0	           0	 0	[(0, 18)]
 19	  0	  0	           0	           0	           0	 0	[(0, 19)]
 20	  0	  0	           0	           0	           0	 0	[(0, 20)]
 21	  0	  0	           0	           0	           0	 0	[(0, 21)]
 22	  0	  3	           0	      3.9054	    0.289295	 1	[(0, 22)]
 23	  0	  5	           0	     2.35371	    0.267094	 1	[(0, 23)]
 24	  0	  7	           0	     5.21088	      5.6744	 0	[(0, 24)]
 25	  0	  8	           0	     4.97909	     6.08145	 0	[(0, 25)]
 26	  0	  9	           0	     4.74252	      6.4705	 0	[(0, 26)]
 27	  0	 10	           0	     4.43743	      7.2363	 0	[(0, 27)]
 28	  0	 11	           0	     3.77823	     8.68748	 0	[(0, 28)]
 29	  0	 12	           0	     3.36776	     9.69941	 0	[(0, 29)]
 30	  0	 13	           0	     3.03525	     10.6494	 0	[(0, 30)]
 31	  0	 14	           0	     2.85171	     11.5292	 0	[(0, 31)]
 32	  0	 15	           0	      2.5679	     12.5117	 0	[(0, 32)]
 33	  0	 16	           0	     2.42575	     13.4398	 0	[(0, 33)]
 34	  0	 17	           0	     2.95476	      13.378	 0	[(0, 34)]
 35	  0	 17	           0	     2.95476	      13.378	 0	[(0, 35)]
 36	  0	 17	           0	     2.95476	      13.378	 0	[(0, 36)]
 37	  0	 17	           0	     2.95476	      13.378	 0	[(0, 37)]
 38	  0	 17	           0	     2.95476	      13.378	 0	[(0, 38)]
 39	 35	  3	           0	     3.90208	    0.289974	 1	[(35, 39)]
 40	 35	  5	           0	     2.36781	    0.267096	 1	[(35, 40)]
 41	 35	  7	           0	     4.78117	     5.55951	 0	[(35, 41)]
 42	 35	  8	           0	     4.64922	     5.97585	 0	[(35, 42)]
 43	 35	  9	           0	     4.45924	     6.40467	 0	[(35, 43)]
 44	 35	 10	           0	     4.23923	      7.7913	 0	[(35, 44)]
 45	 35	 11	           0	      4.0499	     8.85862	 0	[(35, 45)]
 46	 35	 12	           0	     3.91483	     9.81161	 0	[(35, 46)]
 47	 35	 13	           0	     3.65202	     10.8374	 0	[(35, 47)]
 48	 35	 14	           0	     3.45338	      11.828	 0	[(35, 48)]
 49	 35	 15	           0	      3.3327	     12.7852	 0	[(35, 49)]
 50	 35	 16	           0	      2.8451	     13.9037	 0	[(35, 50)]
 51	 35	 17	           0	     2.47356	     14.9355	 0	[(35, 51)]
 52	 35	 18	           0	     2.02512	     15.9801	 0	[(35, 52)]
 53	 35	 19	           0	     1.61794	     16.9576	 0	[(35, 53)]
 54	 35	 20	           0	     1.51404	      17.823	 0	[(35, 54)]
 55	 35	 21	           0	     1.37096	     18.7246	 0	[(35, 55)]
 56	 35	 22	           0	     1.90946	      18.554	 0	[(35, 56)]
 57	 35	 22	           0	     1.90946	      18.554	 0	[(35, 57)]
 58	 35	 23	           0	    0.915532	     19.5219	 0	[(35, 58)]
 59	 35	 24	           0	     1.09354	     19.6915	 0	[(35, 59)]
 60	 35	 24	           0	     1.09354	     19.6915	 0	[(35, 60)]
 61	 35	 24	           0	     1.09354	     19.6915	 0	[(35, 61)]
 62	 35	 25	           0	    0.904006	      19.879	 0	[(35, 62)]
 63	 35	 26	           0	    0.927848	     19.8751	 0	[(35, 63)]
 64	 35	 27	           0	    0.858587	     20.0035	 0	[(35, 64)]
 65	 35	 27	           0	    0.858587	     20.0035	 0	[(35, 65)]
 66	 35	 27	           0	    0.858587	     20.0035	 0	[(35, 66)]
 67	 35	 27	           0	    0.858587	     20.0035	 0	[(35, 67)]
 68	 35	 27	           0	    0.858587	     20.0035	 0	[(35, 68)]
 69	 35	 27	           0	    0.858587	     20.0035	 0	[(35, 69)]
 70	 35	 27	           0	    0.858587	     20.0035	 0	[(35, 70)]
 71	 35	 27	           0	    0.858587	     20.0035	 0	[(35, 71)]
 72	 35	 27	           0	    0.858587	     20.0035	 0	[(35, 72)]
 73	 35	 27	           0	    0.858587	     20.0035	 0	[(35, 73)]
 74	 35	 27	           0	    0.858587	     20.0035	 0	[(35, 74)]
 75	 35	 27	           0	    0.858587	     20.0035	 0	[(35, 75)]
 76	 35	 27	           0	    0.858587	     20.0035	 0	[(35, 76)]
 77	 35	 30	           0	    0.594616	     20.2753	 0	[(35, 77)]
 78	 35	 30	           0	    0.594616	     20.2753	 0	[(35, 78)]
 79	 35	 30	           0	    0.594616	     20.2753	 0	[(35, 79)]
 80	 35	 30	           0	    0.594616	     20.2753	 0	[(35, 80)]
 81	 35	 32	           0	    0.474686	     20.3943	 0	[(35, 81)]
 82	 35	 32	           0	    0.474686	     20.3943	 0	[(35, 82)]
 83	 35	 32	           0	    0.474686	     20.3943	 0	[(35, 83)]
 84	 35	 32	           0	    0.474686	     20.3943	 0	[(35, 84)]
 85	 35	 32	           0	    0.474686	     20.3943	 0	[(35, 85)]
 86	 35	 32	           0	    0.474686	     20.3943	 0	[(35, 86)]
 87	 35	 32	           0	    0.474686	     20.3943	 0	[(35, 87)]
 88	 35	 32	           0	    0.474686	     20.3943	 0	[(35, 88)]
 89	 35	 32	           0	    0.474686	     20.3943	 0	[(35, 89)]
 90	 74	  8	           0	     12.2349	    0.647153	 3	[(74, 90)]
 91	 74	  9	           0	     12.5278	    0.663881	 3	[(74, 91)]
 92	 74	 12	           0	     14.7602	     5.25786	 3	[(74, 92)]
 93	 74	 13	           0	     16.5736	     7.13733	 3	[(74, 93)]
 94	 74	 15	           0	     17.0943	     9.58978	 3	[(74, 94)]
 95	 74	 16	           0	     16.4464	     11.2801	 3	[(74, 95)]
 96	 74	 19	           0	     13.8439	     12.9948	 2	[(74, 96)]
 97	 74	 20	           0	      14.655	     15.0132	 2	[(74, 97)]
 98	 74	 21	           0	     12.9134	     17.6074	 2	[(74, 98)]
 99	 74	 22	           0	     12.3734	     19.0645	 2	[(74, 99)]
100	 74	 25	           0	     10.1439	     21.3109	 1	[(74, 100)]
101	 74	 26	           0	     9.29054	     22.9859	 1	[(74, 101)]
102	 74	 27	           0	     9.69521	     23.6518	 1	[(74, 102)]
103	 89	  3	           0	     4.52451	    0.308508	 1	[(89, 103)]
104	 89	  5	           0	      6.5953	     3.59307	 1	[(89, 104)]
105	 74	 30	           0	     6.00814	     26.9521	 1	[(74, 105)]
106	 74	 31	           0	     4.66129	     27.9497	 1	[(74, 106)]
107	 74	 32	           0	     2.71379	     28.9789	 1	[(74, 107)]
108	 74	 33	           0	    0.312958	     30.0645	 1	[(74, 108)]
109	 74	 34	    -1.22006	    -1.22006	     31.0579	 1	[(74, 109)]
110	 74	 35	    -2.42136	    -2.42136	     32.1365	 1	[(74, 110)]
111	 74	 36	    -4.47767	    -4.47767	     33.5636	 1	[(74, 111)]
112	 74	 38	    -6.97802	    -6.97802	     35.5492	 1	[(74, 112)]
113	 74	 39	    -6.97802	    -6.38988	     35.9949	 1	[(74, 113)]
114	 74	 39	    -6.97802	    -6.38988	     35.9949	 1	[(74, 114)]
115	 74	 39	    -6.97802	    -6.38988	     35.9949	 1	[(74, 115)]
116	 74	 39	    -6.97802	    -6.38988	     35.9949	 1	[(74, 116)]
117	 74	 41	    -6.97802	    -6.20419	     37.7131	 1	[(74, 117)]
118	 74	 43	    -6.97802	    -4.32748	     38.0962	 1	[(74, 118)]
119	 74	 45	    -6.97802	    -3.07644	     40.7188	 1	[(74, 119)]
120	 74	 46	    -6.97802	    -2.59098	     41.4629	 1	[(74, 120)]
121	 74	 46	    -6.97802	    -2.59098	     41.4629	 1	[(74, 121)]
122	 74	 46	    -6.97802	    -2.59098	     41.4629	 1	[(74, 122)]
123	 74	 46	    -6.97802	    -2.59098	     41.4629	 1	[(74, 123)]
124	 74	 46	    -6.97802	    -2.59098	     41.4629	 1	[(74, 124)]
125	 74	 48	    -6.97802	     3.79064	     41.8326	 2	[(74, 125)]
126	 74	 49	    -6.97802	     3.84318	     41.8525	 2	[(74, 126)]
127	 74	 52	    -6.97802	     -2.7508	     41.6208	 1	[(74, 127)]
128	123	  5	    -6.97802	     2.35252	     0.26701	 1	[(123, 128)]
129	123	  7	    -6.97802	     -0.1603	    0.166236	 0	[(123, 129)]
130	123	  8	    -6.97802	     4.63435	     5.96535	 0	[(123, 130)]
131	123	  9	    -6.97802	     4.42904	     6.35102	 0	[(123, 131)]
132	123	 10	    -6.97802	     4.23387	     7.59316	 0	[(123, 132)]
133	123	 11	    -6.97802	     3.64242	     8.81646	 0	[(123, 133)]
134	123	 12	    -6.97802	     3.32163	     9.80502	 0	[(123, 134)]
135	123	 13	    -6.97802	     3.08717	     10.7488	 0	[(123, 135)]
136	123	 14	    -6.97802	     2.92089	     11.6416	 0	[(123, 136)]
137	 74	 62	    -6.97802	      1.2904	     54.5506	 2	[(74, 137)]
138	 74	 63	    -6.97802	    0.906746	      55.465	 2	[(74, 138)]
139	 74	 64	    -6.97802	    0.330582	     56.4514	 2	[(74, 139)]
140	 74	 65	    -6.97802	   0.0869254	     57.2534	 2	[(74, 140)]
141	 74	 66	    -6.97802	    -1.09849	     58.4544	 2	[(74, 141)]
142	 74	 67	    -6.97802	   -0.621965	     58.8698	 2	[(74, 142)]
143	 74	 67	    -6.97802	   -0.621965	     58.8698	 2	[(74, 143)]
144	 74	 67	    -6.97802	   -0.621965	     58.8698	 2	[(74, 144)]
145	 74	 68	    -6.97802	   -0.770265	     59.0349	 2	[(74, 145)]
146	 74	 69	    -6.97802	   -0.780739	     59.0767	 2	[(74, 146)]
147	 74	 69	    -6.97802	   -0.780739	     59.0767	 2	[(74, 147)]
148	 74	 69	    -6.97802	   -0.780739	     59.0767	 2	[(74, 148)]
149	 74	 69	    -6.97802	   -0.780739	     59.0767	 2	[(74, 149)]
150	123	 23	    -6.97802	     1.29935	     17.4432	 0	[(123, 150)]
151	123	 23	    -6.97802	     1.29935	     17.4432	 0	[(123, 151)]
152	123	 23	    -6.97802	     1.29935	     17.4432	 0	[(123, 152)]
153	123	 23	    -6.97802	     1.29935	     17.4432	 0	[(123, 153)]
154	 74	 74	    -6.97802	   0.0951396	     63.5104	 3	[(74, 154)]
155	 74	 75	    -6.97802	    -1.40826	     64.5365	 3	[(74, 155)]
156	 74	 75	    -6.97802	    -1.40826	     64.5365	 3	[(74, 156)]
157	 74	 75	    -6.97802	    -1.40826	     64.5365	 3	[(74, 157)]
158	 74	 75	    -6.97802	    -1.40826	     64.5365	 3	[(74, 158)]
159	 74	 75	    -6.97802	    -1.40826	     64.5365	 3	[(74, 159)]
160	 74	 75	    -6.97802	    -1.40826	     64.5365	 3	[(74, 160)]
161	 74	 75	    -6.97802	    -1.40826	     64.5365	 3	[(74, 161)]
162	 74	 75	    -6.97802	    -1.40826	     64.5365	 3	[(74, 162)]
163	 74	 75	    -6.97802	    -1.40826	     64.5365	 3	[(74, 163)]
164	 74	 75	    -6.97802	    -1.40826	     64.5365	 3	[(74, 164)]
165	 74	 77	    -6.97802	    -1.66573	     64.7856	 3	[(74, 165)]
166	 74	 77	    -6.97802	    -1.66573	     64.7856	 3	[(74, 166)]
167	 74	 81	    -6.97802	     2.81418	      64.775	 4	[(74, 167)]
168	 74	 82	    -6.97802	     2.95967	     64.8055	 4	[(74, 168)]
169	 74	 84	    -6.97802	     5.32601	     68.3403	 4	[(74, 169)]
170	 74	 87	    -6.97802	     6.73219	     70.7324	 4	[(74, 170)]
171	 74	 88	    -6.97802	     4.03611	      72.157	 4	[(74, 171)]
172	 74	 90	    -6.97802	     4.74956	     72.5225	 4	[(74, 172)]
173	 74	 91	    -6.97802	     5.77015	     73.2035	 4	[(74, 173)]
174	 74	 92	    -6.97802	     6.00182	     72.9391	 4	[(74, 174)]
175	 74	 94	    -6.97802	     7.23279	     72.4315	 4	[(74, 175)]
176	157	 18	    -6.97802	     7.23295	     7.93561	 1	[(157, 176)]
177	157	 19	    -6.97802	     7.06481	     8.16157	 1	[(157, 177)]
178	157	 20	    -6.97802	     7.08521	     8.12711	 1	[(157, 178)]
179	157	 21	    -6.97802	     7.10117	      8.1057	 1	[(157, 179)]
180	157	 21	    -6.97802	     7.10117	      8.1057	 1	[(157, 180)]
181	157	 21	    -6.97802	     7.10117	      8.1057	 1	[(157, 181)]
182	157	 22	    -6.97802	     6.92332	     8.28804	 1	[(157, 182)]
183	157	 23	    -6.97802	      5.8703	     9.19511	 1	[(157, 183)]
184	157	 24	    -6.97802	     6.26621	     9.08617	 1	[(157, 184)]
185	157	 26	    -6.97802	     12.4304	     9.99134	 2	[(157, 185)]
186	157	 27	    -6.97802	     10.8831	        12.2	 2	[(157, 186)]
187	157	 28	    -6.97802	      11.505	     12.5214	 2	[(157, 187)]
188	157	 30	    -6.97802	      13.227	     11.0654	 2	[(157, 188)]
189	185	 79	    -6.97802	     2.06807	     65.0467	 4	[(74, 166), (185, 189)]
190	185	 82	    -6.97802	      0.6858	     65.0443	 4	[(74, 166), (185, 190)]
191	185	 84	    -6.97802	    -1.82569	     64.9511	 3	[(74, 166), (185, 191)]
192	185	 85	    -6.97802	     3.62468	     70.6389	 3	[(74, 166), (185, 192)]
193	185	 86	    -6.97802	     2.96132	     70.7723	 3	[(74, 166), (185, 193)]
194	185	 87	    -6.97802	     2.84511	     71.0856	 3	[(74, 166), (185, 194)]
195	185	 88	    -6.97802	     2.41416	     72.2895	 3	[(74, 166), (185, 195)]
196	185	 89	    -6.97802	     2.02484	     73.4081	 3	[(74, 166), (185, 196)]
197	185	 90	    -6.97802	     1.57772	     74.4772	 3	[(74, 166), (185, 197)]
198	185	 91	    -6.97802	    0.504286	     75.6083	 3	[(74, 166), (185, 198)]
199	185	 92	    -6.97802	    0.393023	     76.3917	 3	[(74, 166), (185, 199)]
200	185	 93	    -6.97802	    0.976857	     76.4814	 3	[(74, 166), (185, 200)]
201	185	 93	    -6.97802	    0.976857	     76.4814	 3	[(74, 166), (185, 201)]
202	185	 94	    -6.97802	    0.750115	     76.6861	 3	[(74, 166), (185, 202)]
203	185	 95	    -6.97802	    0.668511	      76.804	 3	[(74, 166), (185, 203)]
204	185	 96	    -6.97802	    0.736117	     76.7434	 3	[(74, 166), (185, 204)]
205	185	 96	    -6.97802	    0.736117	     76.7434	 3	[(74, 166), (185, 205)]
206	 74	128	    -6.97802	    0.979562	     99.8049	 6	[(74, 206)]
207	 74	129	    -6.97802	    -2.72925	      102.99	 6	[(74, 207)]
208	 74	130	    -6.97802	    -4.39835	     104.245	 6	[(74, 208)]
209	 74	131	    -6.97802	    -3.64926	     104.617	 6	[(74, 209)]
210	 74	132	    -6.97802	    -3.24318	     104.605	 6	[(74, 210)]
211	 74	132	    -6.97802	    -3.24318	     104.605	 6	[(74, 211)]
212	 74	133	    -6.97802	   -0.769257	     104.982	 7	[(74, 212)]
213	 74	134	    -6.97802	   -0.523044	     104.983	 7	[(74, 213)]
214	 74	136	    -6.97802	     -0.5378	     109.572	 6	[(74, 214)]
215	 74	137	    -6.97802	   -0.425901	     110.114	 6	[(74, 215)]
216	 74	138	    -6.97802	   -0.518108	     111.665	 6	[(74, 216)]
217	 74	139	    -6.97802	   -0.505354	     112.577	 6	[(74, 217)]
218	 74	140	    -6.97802	   -0.698141	     113.708	 6	[(74, 218)]
219	 74	141	    -6.97802	    -0.96739	     114.831	 6	[(74, 219)]
220	 74	142	    -6.97802	    -5.22014	     116.495	 6	[(74, 220)]
221	 74	143	    -6.97802	    -6.22402	     117.525	 6	[(74, 221)]
222	 74	144	    -6.97802	    -6.93675	     118.494	 6	[(74, 222)]
223	 74	145	    -6.97802	    -6.61381	     119.039	 6	[(74, 223)]
224	 74	145	    -6.97802	    -6.61381	     119.039	 6	[(74, 224)]
225	 74	146	    -7.54643	    -7.54643	     119.791	 6	[(74, 225)]
226	 74	147	    -7.54643	    -7.27024	     119.749	 6	[(74, 226)]
227	 74	148	    -7.54643	    -7.14914	     119.639	 6	[(74, 227)]
228	 74	149	    -7.54643	    -7.15471	     119.666	 6	[(74, 228)]
229	 74	149	    -7.54643	    -7.15471	     119.666	 6	[(74, 229)]
230	 74	150	    -7.54643	    -7.34663	     119.857	 6	[(74, 230)]
231	 74	150	    -7.54643	    -7.34663	     119.857	 6	[(74, 231)]
232	 74	150	    -7.54643	    -7.34663	     119.857	 6	[(74, 232)]
233	 74	150	    -7.54643	    -7.34663	     119.857	 6	[(74, 233)]
234	 74	152	    -7.54643	    -7.46892	     119.978	 6	[(74, 234)]
235	 74	153	    -7.54643	    -7.47917	     120.052	 6	[(74, 235)]
236	 74	155	    -7.54643	    -5.42823	     124.427	 6	[(74, 236)]
237	 74	156	    -7.54643	    -5.41448	     126.915	 6	[(74, 237)]
238	 74	157	    -7.54643	    -6.88601	     129.556	 6	[(74, 238)]
239	 74	158	    -7.54643	    -6.19822	     129.932	 6	[(74, 239)]
240	 74	159	    -7.54643	     -5.7719	     129.901	 6	[(74, 240)]
241	 74	159	    -7.54643	     -5.7719	     129.901	 6	[(74, 241)]
242	 74	159	    -7.54643	     -5.7719	     129.901	 6	[(74, 242)]
243	 74	159	    -7.54643	     -5.7719	     129.901	 6	[(74, 243)]
244	 74	159	    -7.54643	     -5.7719	     129.901	 6	[(74, 244)]
245	 74	162	    -7.54643	    -5.78842	      129.91	 6	[(74, 245)]
246	 74	164	    -7.54643	    -5.77597	       129.9	 6	[(74, 246)]
247	 74	164	    -7.54643	    -5.77597	       129.9	 6	[(74, 247)]
248	 74	164	    -7.54643	    -5.77597	       129.9	 6	[(74, 248)]
249	 74	165	    -7.54643	    -5.93841	     130.123	 6	[(74, 249)]
250	 74	167	    -7.54643	    -5.90018	     130.053	 6	[(74, 250)]
251	 74	167	    -7.54643	    -5.90018	     130.053	 6	[(74, 251)]
252	 74	169	    -7.54643	    -5.93917	     130.103	 6	[(74, 252)]
253	 74	170	    -7.54643	    -5.92828	     130.071	 6	[(74, 253)]
254	 74	170	    -7.54643	    -5.92828	     130.071	 6	[(74, 254)]
255	 74	170	    -7.54643	    -5.92828	     130.071	 6	[(74, 255)]
256	 74	170	    -7.54643	    -5.92828	     130.071	 6	[(74, 256)]
257	 74	172	    -7.54643	    -6.04331	     130.217	 6	[(74, 257)]
258	 74	172	    -7.54643	    -6.04331	     130.217	 6	[(74, 258)]
259	 74	174	    -7.54643	    -2.84607	     138.375	 6	[(74, 259)]
260	 74	174	    -7.54643	    -2.84607	     138.375	 6	[(74, 260)]
261	235	 17	    -7.54643	     8.75658	     9.32619	 1	[(235, 261)]
262	235	 19	    -7.54643	     9.11384	     10.9929	 1	[(235, 262)]
263	235	 21	    -7.54643	     8.80258	     13.1081	 1	[(235, 263)]
264	 74	179	    -7.54643	     8.29403	     144.102	 8	[(74, 264)]
265	 74	180	    -7.54643	     6.38773	     145.482	 8	[(74, 265)]
266	 74	181	    -7.54643	     4.31528	     146.584	 8	[(74, 266)]
267	 62	194	    -7.54643	     1.91109	     159.685	 9	[(62, 267)]
268	 62	195	    -7.54643	     1.73832	     160.464	 9	[(62, 268)]
269	 62	196	    -7.54643	     1.31727	     161.378	 9	[(62, 269)]
270	 62	196	    -7.54643	     1.31727	     161.378	 9	[(62, 270)]
271	 62	197	    -7.54643	     1.15216	     161.526	 9	[(62, 271)]
272	 62	198	    -7.54643	     1.15801	      161.55	 9	[(62, 272)]
273	 62	198	    -7.54643	     1.15801	      161.55	 9	[(62, 273)]
274	 35	225	    -7.54643	     1.01205	     187.497	11	[(35, 274)]
275	 35	226	    -7.54643	    0.883744	     187.649	11	[(35, 275)]
276	 62	202	    -7.54643	     1.15714	     161.522	 9	[(62, 276)]
277	 62	203	    -7.54643	     1.14236	     161.623	 9	[(62, 277)]
278	 62	204	    -7.54643	     1.13259	     161.599	 9	[(62, 278)]
279	 62	205	    -7.54643	     1.11696	     161.584	 9	[(62, 279)]
280	 62	205	    -7.54643	     1.11696	     161.584	 9	[(62, 280)]
281	 62	206	    -7.54643	     7.91008	     161.733	10	[(62, 281)]
282	 62	206	    -7.54643	     7.91008	     161.733	10	[(62, 282)]
283	 62	206	    -7.54643	     7.91008	     161.733	10	[(62, 283)]
284	 62	206	    -7.54643	     7.91008	     161.733	10	[(62, 284)]
285	281	177	    -7.54643	     1.04436	     138.684	 7	[(74, 260), (281, 285)]
286	281	179	    -7.54643	   -0.472203	     138.649	 7	[(74, 260), (281, 286)]
287	281	181	    -7.54643	     1.77168	     144.005	 6	[(74, 260), (281, 287)]
288	281	182	    -7.54643	     1.51571	     144.434	 6	[(74, 260), (281, 288)]
289	281	183	    -7.54643	     1.33053	     145.547	 6	[(74, 260), (281, 289)]
290	281	184	    -7.54643	     1.00869	     146.826	 6	[(74, 260), (281, 290)]
291	281	185	    -7.54643	    0.713617	     147.853	 6	[(74, 260), (281, 291)]
292	281	186	    -7.54643	     1.25995	      147.99	 6	[(74, 260), (281, 292)]
293	281	186	    -7.54643	     1.25995	      147.99	 6	[(74, 260), (281, 293)]
294	281	186	    -7.54643	     1.25995	      147.99	 6	[(74, 260), (281, 294)]
295	281	187	    -7.54643	    0.802409	     148.573	 6	[(74, 260), (281, 295)]
296	281	188	    -7.54643	    0.921911	     148.481	 6	[(74, 260), (281, 296)]
297	281	190	    -7.54643	     1.06743	      148.25	 6	[(74, 260), (281, 297)]
298	281	191	    -7.54643	     1.05859	     148.255	 6	[(74, 260), (281, 298)]
299	281	192	    -7.54643	     1.04443	     148.271	 6	[(74, 260), (281, 299)]
300	281	192	    -7.54643	     1.04443	     148.271	 6	[(74, 260), (281, 300)]
301	297	176	    -7.54643	    0.861201	     138.692	 7	[(74, 260), (297, 301)]
302	297	179	    -7.54643	   -0.490271	     138.645	 7	[(74, 260), (297, 302)]
303	297	181	    -7.54643	     1.94009	     143.972	 6	[(74, 260), (297, 303)]
304	297	182	    -7.54643	     1.70117	     144.378	 6	[(74, 260), (297, 304)]
305	297	183	    -7.54643	      2.3427	     144.706	 6	[(74, 260), (297, 305)]
306	297	183	    -7.54643	      2.3427	     144.706	 6	[(74, 260), (297, 306)]
307	297	183	    -7.54643	      2.3427	     144.706	 6	[(74, 260), (297, 307)]
308	297	184	    -7.54643	     6.57653	     144.931	 7	[(74, 260), (297, 308)]
309	297	186	    -7.54643	      7.2265	      144.93	 7	[(74, 260), (297, 309)]
310	297	186	    -7.54643	      7.2265	      144.93	 7	[(74, 260), (297, 310)]
311	308	176	    -7.54643	     0.86365	     138.687	 7	[(74, 260), (308, 311)]
312	308	178	    -7.54643	   -0.596237	     138.674	 7	[(74, 260), (308, 312)]
313	308	180	    -7.54643	     1.39156	     143.545	 6	[(74, 260), (308, 313)]
314	308	181	    -7.54643	    0.528135	     143.883	 6	[(74, 260), (308, 314)]
315	308	182	    -7.54643	    0.280913	     145.311	 6	[(74, 260), (308, 315)]
316	308	183	    -7.54643	    0.137968	     146.309	 6	[(74, 260), (308, 316)]
317	308	184	    -7.54643	   -0.329134	     147.321	 6	[(74, 260), (308, 317)]
318	308	185	    -7.54643	   -0.630796	     148.311	 6	[(74, 260), (308, 318)]
319	308	186	    -7.54643	   -0.772522	     149.245	 6	[(74, 260), (308, 319)]
320	308	187	    -7.54643	   -0.986036	     150.195	 6	[(74, 260), (308, 320)]
321	308	188	    -7.54643	    -1.25523	     151.212	 6	[(74, 260), (308, 321)]
322	308	189	    -7.54643	    -1.59683	     152.271	 6	[(74, 260), (308, 322)]
323	308	190	    -7.54643	    -2.03927	     153.328	 6	[(74, 260), (308, 323)]
324	308	191	    -7.54643	    -2.11581	     154.121	 6	[(74, 260), (308, 324)]
325	308	192	    -7.54643	    -2.52665	      155.05	 6	[(74, 260), (308, 325)]
326	308	193	    -7.54643	    -2.06732	     155.221	 6	[(74, 260), (308, 326)]
327	308	194	    -7.54643	    -1.76789	     154.669	 6	[(74, 260), (308, 327)]
328	308	195	    -7.54643	    -1.74134	     154.544	 6	[(74, 260), (308, 328)]
329	308	195	    -7.54643	    -1.74134	     154.544	 6	[(74, 260), (308, 329)]
330	308	196	    -7.54643	      -1.872	     154.675	 6	[(74, 260), (308, 330)]
331	308	196	    -7.54643	      -1.872	     154.675	 6	[(74, 260), (308, 331)]
332	308	197	    -7.54643	    -2.12248	     154.921	 6	[(74, 260), (308, 332)]
333	308	197	    -7.54643	    -2.12248	     154.921	 6	[(74, 260), (308, 333)]
334	308	197	    -7.54643	    -2.12248	     154.921	 6	[(74, 260), (308, 334)]
335	308	198	    -7.54643	    -3.06848	     156.356	 6	[(74, 260), (308, 335)]
336	308	199	    -7.54643	    -3.04641	     156.861	 6	[(74, 260), (308, 336)]
337	308	200	    -7.54643	    -2.87709	     157.082	 6	[(74, 260), (308, 337)]
338	308	201	    -7.54643	    -2.89769	     156.972	 6	[(74, 260), (308, 338)]
339	308	202	    -7.54643	    -2.80505	     156.481	 6	[(74, 260), (308, 339)]
340	308	204	    -7.54643	    -2.56776	     155.551	 6	[(74, 260), (308, 340)]
341	308	205	    -7.54643	      3.6464	     156.589	 7	[(74, 260), (308, 341)]
342	308	206	    -7.54643	     4.07669	      156.44	 7	[(74, 260), (308, 342)]
343	308	206	    -7.54643	     4.07669	      156.44	 7	[(74, 260), (308, 343)]
344	308	206	    -7.54643	     4.07669	      156.44	 7	[(74, 260), (308, 344)]
345	341	204	    -7.54643	     1.05325	     157.239	 7	[(74, 260), (308, 338), (341, 345)]
346	341	206	    -7.54643	   -0.546578	     157.234	 7	[(74, 260), (308, 338), (341, 346)]
347	341	208	    -7.54643	     2.90658	     162.701	 6	[(74, 260), (308, 338), (341, 347)]
348	341	209	    -7.54643	     1.38187	     162.461	 6	[(74, 260), (308, 338), (341, 348)]
349	341	210	    -7.54643	     1.03252	     162.705	 6	[(74, 260), (308, 338), (341, 349)]
350	341	211	    -7.54643	    0.816917	     164.058	 6	[(74, 260), (308, 338), (341, 350)]
351	341	212	    -7.54643	    0.403332	     165.084	 6	[(74, 260), (308, 338), (341, 351)]
352	341	213	    -7.54643	     1.02471	     165.104	 6	[(74, 260), (308, 338), (341, 352)]
353	341	213	    -7.54643	     1.02471	     165.104	 6	[(74, 260), (308, 338), (341, 353)]
354	341	213	    -7.54643	     1.02471	     165.104	 6	[(74, 260), (308, 338), (341, 354)]
355	341	213	    -7.54643	     1.02471	     165.104	 6	[(74, 260), (308, 338), (341, 355)]
356	341	213	    -7.54643	     1.02471	     165.104	 6	[(74, 260), (308, 338), (341, 356)]
357	352	204	    -7.54643	     2.97365	     157.431	 8	[(74, 260), (308, 338), (352, 357)]
358	352	206	    -7.54643	      1.3865	      157.41	 8	[(74, 260), (308, 338), (352, 358)]
359	352	208	    -7.54643	   -0.597839	     157.233	 7	[(74, 260), (308, 338), (352, 359)]
360	357	203	    -7.54643	    0.812025	     157.284	 7	[(74, 260), (308, 338), (357, 360)]
361	357	205	    -7.54643	   -0.654254	     157.267	 7	[(74, 260), (308, 338), (357, 361)]
362	357	207	    -7.54643	     1.33337	     162.139	 6	[(74, 260), (308, 338), (357, 362)]
363	357	208	    -7.54643	      1.2085	     162.625	 6	[(74, 260), (308, 338), (357, 363)]
364	357	209	    -7.54643	     1.24393	      163.13	 6	[(74, 260), (308, 338), (357, 364)]
365	357	210	    -7.54643	    0.750747	     164.817	 6	[(74, 260), (308, 338), (357, 365)]
366	357	211	    -7.54643	    0.530607	     165.826	 6	[(74, 260), (308, 338), (357, 366)]
367	357	212	    -7.54643	    0.400648	     166.775	 6	[(74, 260), (308, 338), (357, 367)]
368	357	213	    -7.54643	    -1.14822	     168.061	 6	[(74, 260), (308, 338), (357, 368)]
369	357	214	    -7.54643	    -1.34945	     168.856	 6	[(74, 260), (308, 338), (357, 369)]
370	357	215	    -7.54643	    -1.80154	     169.746	 6	[(74, 260), (308, 338), (357, 370)]
371	357	216	    -7.54643	    -1.21157	     169.817	 6	[(74, 260), (308, 338), (357, 371)]
372	357	217	    -7.54643	   -0.933189	     169.481	 6	[(74, 260), (308, 338), (357, 372)]
373	357	217	    -7.54643	   -0.933189	     169.481	 6	[(74, 260), (308, 338), (357, 373)]
374	357	217	    -7.54643	   -0.933189	     169.481	 6	[(74, 260), (308, 338), (357, 374)]
375	357	217	    -7.54643	   -0.933189	     169.481	 6	[(74, 260), (308, 338), (357, 375)]
376	352	225	    -7.54643	    0.820509	     171.069	 7	[(74, 260), (308, 338), (352, 376)]
377	372	206	    -7.54643	   -0.522666	     157.253	 7	[(74, 260), (308, 338), (372, 377)]
378	372	208	    -7.54643	     1.10668	     162.465	 6	[(74, 260), (308, 338), (372, 378)]
379	372	209	    -7.54643	      1.0277	     163.002	 6	[(74, 260), (308, 338), (372, 379)]
380	372	210	    -7.54643	    0.689891	     164.482	 6	[(74, 260), (308, 338), (372, 380)]
381	372	211	    -7.54643	    0.564436	     165.502	 6	[(74, 260), (308, 338), (372, 381)]
382	372	212	    -7.54643	    0.380059	     166.506	 6	[(74, 260), (308, 338), (372, 382)]
383	372	213	    -7.54643	   0.0323976	     167.556	 6	[(74, 260), (308, 338), (372, 383)]
384	372	214	    -7.54643	   -0.244263	     168.578	 6	[(74, 260), (308, 338), (372, 384)]
385	341	246	    -7.54643	    -1.80741	     193.684	 7	[(74, 260), (308, 338), (341, 385)]
386	341	247	    -7.54643	    -2.45391	     194.625	 7	[(74, 260), (308, 338), (341, 386)]
387	341	248	    -7.54643	    -2.93237	     195.518	 7	[(74, 260), (308, 338), (341, 387)]
388	341	249	    -7.54643	    -3.12929	      196.34	 7	[(74, 260), (308, 338), (341, 388)]
389	341	250	    -7.54643	     -3.3595	     197.255	 7	[(74, 260), (308, 338), (341, 389)]
390	341	251	    -7.54643	     -3.4996	     198.173	 7	[(74, 260), (308, 338), (341, 390)]
391	341	252	    -7.54643	    -3.47947	     199.035	 7	[(74, 260), (308, 338), (341, 391)]
392	341	253	    -7.54643	    -3.56648	     200.006	 7	[(74, 260), (308, 338), (341, 392)]
393	341	254	    -7.54643	    -3.85528	     201.147	 7	[(74, 260), (308, 338), (341, 393)]
394	341	255	    -7.54643	    -4.10187	     202.218	 7	[(74, 260), (308, 338), (341, 394)]
395	341	256	    -7.54643	    -4.44703	     203.278	 7	[(74, 260), (308, 338), (341, 395)]
396	341	257	    -7.54643	    -3.80947	     203.236	 7	[(74, 260), (308, 338), (341, 396)]
397	341	258	    -7.54643	    -3.57671	     202.828	 7	[(74, 260), (308, 338), (341, 397)]
398	341	258	    -7.54643	    -3.57671	     202.828	 7	[(74, 260), (308, 338), (341, 398)]
399	341	259	    -7.54643	   -0.998557	     203.071	 8	[(74, 260), (308, 338), (341, 399)]
400	341	260	    -7.54643	   -0.681108	     203.064	 8	[(74, 260), (308, 338), (341, 400)]
401	341	262	    -7.54643	  -0.0968866	     208.576	 7	[(74, 260), (308, 338), (341, 401)]
402	341	263	    -7.54643	   -0.247329	     209.064	 7	[(74, 260), (308, 338), (341, 402)]
403	341	264	    -7.54643	   -0.372203	     210.595	 7	[(74, 260), (308, 338), (341, 403)]
404	341	265	    -7.54643	   -0.696378	     211.737	 7	[(74, 260), (308, 338), (341, 404)]
405	341	266	    -7.54643	   -0.918384	     212.712	 7	[(74, 260), (308, 338), (341, 405)]
406	341	267	    -7.54643	    -1.12444	     213.686	 7	[(74, 260), (308, 338), (341, 406)]
407	341	268	    -7.54643	    -1.18339	     214.469	 7	[(74, 260), (308, 338), (341, 407)]
408	341	269	    -7.54643	   -0.677301	     214.219	 7	[(74, 260), (308, 338), (341, 408)]
409	341	269	    -7.54643	   -0.677301	     214.219	 7	[(74, 260), (308, 338), (341, 409)]
410	341	269	    -7.54643	   -0.677301	     214.219	 7	[(74, 260), (308, 338), (341, 410)]
411	341	269	    -7.54643	   -0.677301	     214.219	 7	[(74, 260), (308, 338), (341, 411)]
412	 18	380	    -7.54643	    0.213905	      317.49	17	[(18, 412)]
413	 18	381	    -7.54643	    -1.45856	      318.51	17	[(18, 413)]
414	 18	382	    -7.54643	    -4.18733	     319.562	17	[(18, 414)]
415	 18	383	    -7.54643	    -5.57101	     320.517	17	[(18, 415)]
416	 18	384	    -7.84842	    -7.84842	     321.727	17	[(18, 416)]
417	 18	385	    -9.24031	    -9.24031	     322.887	17	[(18, 417)]
418	 18	386	    -10.0422	    -10.0422	     323.794	17	[(18, 418)]
419	 18	387	    -11.4847	    -11.4847	     325.143	17	[(18, 419)]
420	 18	388	    -12.6778	    -12.6778	     326.141	17	[(18, 420)]
421	 18	389	    -13.4931	    -13.4931	     327.112	17	[(18, 421)]
422	 18	390	    -15.2054	    -15.2054	     328.185	17	[(18, 422)]
423	 18	391	    -15.8662	    -15.8662	     329.141	17	[(18, 423)]
424	 18	392	    -15.8662	    -15.5637	     329.752	17	[(18, 424)]
425	 18	392	    -15.8662	    -15.5637	     329.752	17	[(18, 425)]
426	 18	393	    -15.8662	    -12.0659	     330.171	18	[(18, 426)]
427	 18	394	    -15.8662	     -11.828	     330.131	18	[(18, 427)]
428	 18	396	    -15.8662	    -15.0167	      329.45	17	[(18, 428)]
429	 18	397	    -15.8662	    -12.3672	     329.491	18	[(18, 429)]
430	 18	398	    -15.8662	    -10.8274	     334.693	18	[(18, 430)]
431	 18	399	    -15.8662	    -10.9357	     336.243	18	[(18, 431)]
432	 18	400	    -15.8662	    -11.4548	     337.416	18	[(18, 432)]
433	 18	401	    -15.8662	    -12.0643	     338.512	18	[(18, 433)]
434	 18	402	    -15.8662	    -12.7383	     339.576	18	[(18, 434)]
435	 18	403	    -15.8662	    -13.0195	     340.481	18	[(18, 435)]
436	 18	404	    -15.8662	    -14.7629	     341.804	18	[(18, 436)]
437	 18	405	    -16.0651	    -16.0651	     342.853	18	[(18, 437)]
438	 18	406	    -17.2502	    -17.2502	     343.909	18	[(18, 438)]
439	 18	407	    -17.3817	    -17.3817	     344.679	18	[(18, 439)]
440	 18	408	    -17.3817	    -16.8146	     344.836	18	[(18, 440)]
441	 18	408	    -17.3817	    -16.8146	     344.836	18	[(18, 441)]
442	 18	409	    -17.3817	    -16.9616	     344.972	18	[(18, 442)]
443	 18	409	    -17.3817	    -16.9616	     344.972	18	[(18, 443)]
444	 18	409	    -17.3817	    -16.9616	     344.972	18	[(18, 444)]
445	 18	410	    -17.3817	    -17.1889	     345.178	18	[(18, 445)]
446	 18	410	    -17.3817	    -17.1889	     345.178	18	[(18, 446)]
447	 18	412	    -17.3817	    -17.3095	     345.322	18	[(18, 447)]
448	 18	413	    -17.5597	    -17.5597	     345.901	18	[(18, 448)]
449	 18	415	    -17.5597	     -13.073	     350.414	18	[(18, 449)]
450	 18	416	    -17.5597	    -15.2598	     352.061	18	[(18, 450)]
451	 18	418	    -17.5597	    -16.8873	     350.843	18	[(18, 451)]
452	 18	419	    -18.5661	    -18.5661	     351.827	18	[(18, 452)]
453	 18	420	    -20.8372	    -20.8372	     352.846	18	[(18, 453)]
454	 18	421	    -22.2199	    -22.2199	     353.801	18	[(18, 454)]
455	 18	422	    -22.3833	    -22.3833	     354.555	18	[(18, 455)]
456	 18	423	    -22.3833	    -22.3614	     355.256	18	[(18, 456)]
457	 18	424	    -22.3833	    -19.8931	      355.38	19	[(18, 457)]
458	 18	425	    -22.3833	    -19.5208	     355.252	19	[(18, 458)]
459	 18	426	    -22.3833	     -19.441	     355.227	19	[(18, 459)]
460	 18	427	    -22.3833	    -19.5036	     355.067	19	[(18, 460)]
461	 18	428	    -22.3833	    -21.0251	     360.278	19	[(18, 461)]
462	 18	429	    -22.3833	    -21.8465	      361.27	19	[(18, 462)]
463	 18	430	    -22.9831	    -22.9831	     362.358	19	[(18, 463)]
464	 18	431	    -23.9071	    -23.9071	     363.315	19	[(18, 464)]
465	 18	432	    -24.5559	    -24.5559	     364.266	19	[(18, 465)]
466	 18	433	    -26.7092	    -26.7092	     365.449	19	[(18, 466)]
467	 18	434	    -27.8581	    -27.8581	     366.443	19	[(18, 467)]
468	 18	435	    -28.9919	    -28.9919	     367.446	19	[(18, 468)]
469	 18	436	    -29.4435	    -29.4435	     368.436	19	[(18, 469)]
470	 18	437	    -29.9849	    -29.9849	     369.387	19	[(18, 470)]
471	 18	438	    -30.6651	    -30.6651	     370.371	19	[(18, 471)]
472	 18	439	    -30.7178	    -30.7178	     371.219	19	[(18, 472)]
473	 18	440	    -31.7184	    -31.7184	     373.042	19	[(18, 473)]
474	 18	441	    -32.2913	    -32.2913	     374.032	19	[(18, 474)]
475	 18	442	    -32.4615	    -32.4615	     374.942	19	[(18, 475)]
476	 18	443	    -32.8721	    -32.8721	     375.891	19	[(18, 476)]
477	 18	444	    -33.0862	    -33.0862	     376.732	19	[(18, 477)]
478	 18	446	    -33.0862	    -32.4414	      376.48	19	[(18, 478)]
479	 18	447	    -33.0862	     -31.507	     378.988	19	[(18, 479)]
480	 18	448	    -34.0233	    -34.0233	      377.67	19	[(18, 480)]
481	 18	449	    -35.1874	    -35.1874	     379.032	19	[(18, 481)]
482	 18	450	    -36.6912	    -36.6912	     380.591	19	[(18, 482)]
483	 18	451	    -36.6912	    -36.2231	     381.278	19	[(18, 483)]
484	 18	451	    -36.6912	    -36.2231	     381.278	19	[(18, 484)]
485	 18	452	    -36.6912	    -36.4508	     381.477	19	[(18, 485)]
486	 18	452	    -36.6912	    -36.4508	     381.477	19	[(18, 486)]
