nresidues = 486
17 374 0.317741
17 375 0.476611
17 378 0.635481
18 22 0.297883
19 22 1.98588
19 23 0.198588
20 23 1.98588
20 24 0.0992939
21 24 1.88659
21 25 0.198588
21 325 0.317741
22 25 1.98588
22 26 0.297883
22 375 0.15887
22 379 0.15887
23 26 1.98588
23 27 0.496468
24 27 1.98588
24 28 0.496468
25 28 2.28376
25 29 0.397176
25 320 0.794351
25 325 1.27096
26 29 1.98588
26 30 0.397176
26 379 0.317741
26 382 0.15887
27 30 1.88659
27 31 0.0992939
28 31 1.98588
28 32 0.297883
29 32 1.98588
29 33 0.397176
29 284 0.317741
29 316 0.476611
29 320 0.476611
29 383 0.635481
29 386 0.15887
30 33 1.688
30 34 0.496468
30 382 0.635481
30 386 0.15887
32 282 0.317741
33 284 0.15887
33 312 0.317741
33 386 0.15887
33 390 1.11209
35 39 0.198588
35 40 0.0992939
35 280 0.15887
35 390 0.15887
35 393 0.476611
36 39 2.08517
36 40 0.0992939
36 393 0.317741
37 40 1.98588
37 41 0.794351
37 436 0.794351
38 41 1.78729
38 42 0.0992939
39 42 1.98588
39 43 0.297883
40 43 1.98588
40 44 0.297883
40 393 0.476611
40 397 0.15887
40 437 0.15887
41 44 1.98588
41 45 0.198588
41 436 0.15887
41 437 0.635481
42 45 1.98588
42 46 0.0992939
43 46 1.98588
43 47 0.198588
43 272 0.317741
43 278 0.15887
43 397 0.317741
44 47 2.08517
44 48 0.297883
44 397 0.635481
44 400 0.317741
44 401 0.317741
44 437 0.15887
45 48 1.88659
45 49 0.0992939
46 49 1.98588
46 50 0.595764
46 272 0.794351
46 275 0.635481
46 277 0.476611
46 278 0.476611
47 50 1.98588
47 51 0.397176
47 62 0.15887
47 269 0.476611
47 272 2.06531
47 300 0.317741
47 397 0.476611
47 398 0.476611
47 401 0.317741
48 51 1.98588
48 52 0.397176
48 401 0.635481
48 404 0.317741
49 52 2.08517
49 53 0.198588
50 53 2.18447
50 54 0.0992939
50 62 0.15887
50 272 0.317741
50 275 0.476611
51 54 1.88659
51 55 0.0992939
51 64 0.635481
51 401 0.476611
51 402 0.15887
52 55 1.98588
52 405 0.15887
53 56 0.397176
53 58 2.70079
53 59 0.794351
54 62 0.15887
54 63 0.15887
54 64 0.635481
54 248 0.476611
55 64 0.15887
55 241 0.15887
55 246 3.01854
55 247 3.17741
55 248 0.794351
55 265 0.15887
55 405 0.317741
56 59 0.15887
56 247 1.11209
56 248 0.317741
57 247 2.22418
57 250 0.317741
58 247 0.794351
61 271 0.635481
61 274 0.317741
61 275 0.15887
62 267 2.85967
62 269 0.317741
63 248 0.15887
63 267 3.01854
63 268 0.317741
63 271 0.15887
64 239 0.317741
64 248 0.476611
64 265 0.317741
64 266 3.17741
64 267 0.476611
65 264 0.15887
65 265 3.33628
65 266 1.11209
65 268 0.15887
66 264 3.17741
67 165 0.15887
67 263 0.15887
67 264 0.15887
68 162 0.476611
68 163 1.27096
68 164 0.953222
68 165 0.476611
68 249 0.15887
68 263 0.476611
68 480 0.15887
68 481 0.15887
68 482 0.15887
69 240 0.15887
69 262 0.15887
69 263 3.01854
69 264 0.476611
69 466 0.476611
70 257 0.317741
70 262 1.27096
70 263 0.317741
70 473 0.476611
70 479 0.15887
71 240 0.635481
71 469 0.15887
71 473 1.11209
72 219 0.794351
72 240 1.11209
72 262 0.635481
73 77 0.794351
73 216 0.317741
73 219 0.476611
73 240 0.15887
74 77 0.794351
74 102 0.794351
75 100 3.17741
75 101 3.01854
75 102 0.635481
75 220 1.11209
76 100 0.794351
77 98 0.476611
77 99 2.70079
77 100 0.317741
77 220 0.794351
77 469 0.15887
78 81 0.317741
78 98 3.49515
78 99 0.15887
78 100 0.15887
79 96 0.15887
79 97 3.17741
79 98 0.476611
80 96 3.01854
80 97 0.15887
80 150 0.15887
81 94 0.15887
81 95 3.17741
81 96 0.794351
81 98 0.476611
81 150 0.317741
81 151 3.33628
81 464 0.476611
81 467 0.15887
81 468 0.953222
82 94 3.33628
82 137 0.15887
82 150 0.317741
82 151 0.15887
82 152 3.01854
82 202 0.317741
83 93 3.01854
83 94 0.635481
83 153 3.01854
83 460 0.476611
83 463 0.15887
84 92 3.33628
84 130 0.15887
84 152 0.15887
84 153 0.15887
84 154 3.65402
84 155 0.635481
84 191 0.15887
85 90 0.15887
85 91 3.17741
85 92 0.635481
85 155 2.85967
85 459 0.635481
86 90 2.70079
86 154 0.15887
87 90 0.15887
87 177 0.317741
88 118 1.11209
89 112 4.13063
89 113 0.635481
89 118 0.317741
90 111 3.01854
90 112 0.476611
91 109 0.15887
91 110 3.17741
91 111 0.794351
91 130 0.15887
91 133 0.15887
92 108 1.27096
92 109 3.01854
92 457 0.794351
92 459 0.317741
93 107 0.15887
93 108 3.17741
93 109 0.317741
93 111 0.317741
93 137 0.794351
94 106 0.15887
94 107 3.17741
94 137 0.15887
95 105 0.15887
95 106 3.17741
95 107 0.635481
95 137 0.317741
95 142 0.15887
96 105 3.17741
96 464 0.317741
97 104 3.17741
97 105 0.476611
98 103 2.70079
98 104 0.15887
98 220 0.317741
98 465 0.15887
99 103 0.15887
99 220 0.15887
100 220 0.15887
102 219 0.15887
102 220 1.5887
102 221 0.476611
102 223 0.794351
103 220 0.317741
104 220 0.317741
104 221 0.15887
104 456 0.317741
104 461 0.317741
107 137 0.15887
107 141 0.476611
109 137 0.635481
111 129 0.15887
111 133 0.794351
111 136 0.15887
111 137 0.476611
112 129 0.317741
113 117 0.317741
113 177 0.317741
114 117 3.65402
114 129 0.317741
116 119 2.85967
116 120 0.317741
117 120 0.635481
117 125 0.317741
117 126 0.476611
117 129 0.476611
117 179 0.15887
118 176 0.15887
118 177 3.81289
118 178 0.15887
118 179 0.15887
119 176 0.15887
119 178 0.635481
120 125 0.635481
120 178 0.15887
120 179 0.317741
120 180 0.15887
121 178 0.15887
121 180 0.794351
122 125 0.476611
123 127 0.198588
123 179 0.15887
123 180 0.317741
123 182 0.15887
124 127 2.18447
124 128 0.0992939
125 128 1.98588
125 129 0.0992939
126 129 1.98588
126 130 0.297883
126 179 0.15887
127 130 2.18447
127 131 0.198588
127 182 0.317741
127 187 0.15887
127 190 1.27096
127 194 0.635481
128 131 2.08517
128 132 0.595764
128 194 0.317741
128 198 0.317741
129 132 1.688
129 133 0.595764
130 133 2.08517
130 134 0.297883
130 191 0.317741
131 134 1.98588
131 135 0.198588
131 194 0.476611
132 135 1.98588
132 136 0.0992939
132 198 0.953222
133 136 1.98588
133 137 0.198588
134 137 1.98588
134 138 0.297883
134 195 0.15887
135 138 1.98588
135 139 0.595764
135 200 0.15887
136 139 1.98588
136 140 0.0992939
137 140 1.98588
137 141 0.794351
138 141 2.08517
138 142 0.695059
138 202 0.15887
142 145 0.317741
142 146 0.476611
142 150 0.15887
146 150 0.317741
146 201 0.476611
149 201 3.33628
150 202 3.33628
150 203 0.15887
151 203 3.17741
151 471 0.635481
152 202 0.317741
152 203 0.476611
152 204 3.33628
152 205 3.01854
152 467 0.317741
153 206 3.17741
153 463 0.476611
154 206 0.476611
154 207 3.65402
154 208 0.15887
155 208 3.49515
155 209 0.15887
155 210 0.317741
155 459 0.635481
155 463 0.15887
156 170 0.317741
156 207 0.317741
156 208 0.317741
157 175 0.15887
157 209 0.317741
157 210 0.476611
158 173 0.794351
158 174 0.476611
158 175 0.635481
158 177 0.635481
159 170 3.33628
159 171 3.49515
159 172 0.317741
160 169 3.33628
160 170 0.15887
160 171 0.953222
161 168 3.17741
161 169 1.27096
161 171 0.476611
162 165 0.317741
162 167 1.27096
162 207 1.11209
163 167 0.635481
163 481 3.01854
163 482 0.15887
164 167 0.794351
164 480 3.49515
164 481 0.317741
164 485 0.476611
165 205 0.15887
165 206 3.33628
165 207 0.635481
165 470 0.15887
165 480 0.794351
166 188 0.317741
166 205 0.476611
166 480 0.15887
167 186 1.11209
167 207 0.317741
167 485 0.15887
168 185 0.15887
168 186 3.17741
168 187 0.476611
168 207 0.15887
169 184 0.317741
169 185 3.01854
170 173 1.11209
170 182 0.317741
170 183 3.33628
170 184 0.15887
172 183 0.15887
172 294 0.15887
173 177 1.11209
173 178 0.317741
173 179 0.794351
173 182 0.317741
173 183 0.15887
174 177 0.635481
179 182 0.317741
181 185 0.15887
181 190 0.15887
182 185 1.11209
182 187 0.15887
185 190 0.0992939
186 189 0.794351
186 190 0.198588
187 190 1.88659
187 191 0.0992939
188 191 2.08517
188 192 0.198588
189 192 2.08517
189 193 0.893644
190 193 1.78729
190 194 0.0992939
191 194 1.98588
191 195 0.397176
192 195 2.18447
192 196 0.397176
192 202 0.476611
192 203 1.11209
192 204 0.476611
193 196 1.98588
193 197 0.297883
194 197 2.18447
194 198 1.19153
195 198 1.98588
195 199 1.688
195 200 0.397176
195 202 0.15887
196 199 0.198588
205 467 0.476611
205 470 0.15887
205 471 0.15887
205 474 0.15887
208 212 0.0992939
208 213 0.0992939
208 458 0.15887
208 462 0.15887
208 463 0.317741
208 466 0.317741
209 212 1.98588
209 236 0.15887
209 266 0.635481
209 268 0.15887
210 213 1.88659
210 214 0.397176
210 230 0.15887
210 458 0.15887
211 214 2.18447
211 228 0.15887
211 230 0.15887
211 236 0.953222
211 237 0.476611
211 238 0.635481
212 215 1.88659
212 216 0.198588
212 238 0.15887
212 266 0.15887
212 466 0.15887
213 216 1.98588
213 217 0.198588
213 458 0.794351
213 462 0.476611
213 466 0.15887
214 217 1.688
214 218 0.397176
214 228 0.317741
214 230 0.15887
214 414 0.15887
214 455 0.15887
214 458 0.317741
215 218 1.88659
215 219 0.198588
215 225 0.15887
215 226 0.15887
215 227 0.635481
215 228 0.15887
215 238 0.15887
215 239 0.317741
215 240 0.317741
216 219 1.98588
216 220 0.0992939
216 240 0.15887
216 465 0.15887
216 466 0.794351
217 220 1.88659
217 221 0.198588
217 456 0.15887
217 457 0.15887
217 461 0.317741
217 462 0.15887
218 221 2.18447
218 222 0.496468
218 225 0.794351
218 414 0.317741
218 455 0.635481
218 456 0.317741
219 222 2.18447
219 223 0.397176
219 225 0.635481
221 456 0.953222
222 225 0.953222
222 412 0.953222
224 411 3.17741
224 412 0.794351
225 412 3.01854
226 239 0.15887
226 408 0.953222
226 410 0.317741
226 411 0.15887
226 412 3.01854
227 238 3.33628
227 269 0.15887
227 399 0.317741
227 402 0.15887
227 413 3.01854
227 414 0.476611
228 237 3.01854
228 238 0.317741
228 414 3.17741
229 236 3.01854
229 269 0.15887
229 413 0.15887
229 414 0.635481
229 415 3.33628
229 416 0.317741
230 235 3.17741
230 236 0.317741
230 416 3.49515
231 234 2.70079
231 395 0.953222
231 399 0.15887
231 416 0.476611
231 417 3.33628
231 418 2.70079
231 419 3.17741
231 420 0.317741
231 426 0.476611
232 305 0.317741
232 419 0.15887
233 305 0.635481
233 307 0.317741
234 301 0.794351
235 269 0.15887
235 301 0.15887
235 304 0.15887
235 305 0.15887
236 266 0.635481
236 267 0.635481
236 268 1.27096
236 269 1.42983
237 266 2.70079
237 267 0.476611
237 269 0.15887
238 265 3.17741
239 263 0.15887
239 264 3.17741
239 265 0.635481
239 267 0.317741
239 402 0.635481
239 406 0.317741
240 262 0.15887
240 263 3.33628
240 406 0.476611
240 408 0.15887
241 245 0.15887
241 262 3.17741
241 263 0.476611
241 405 0.635481
241 406 0.635481
242 245 3.17741
242 246 0.317741
242 259 2.85967
242 261 3.01854
242 406 0.476611
243 246 0.317741
243 253 0.317741
243 259 3.17741
243 261 0.476611
243 262 0.15887
243 263 0.15887
244 259 0.476611
246 249 3.01854
246 263 0.317741
246 265 0.15887
247 250 1.42983
248 252 0.317741
249 252 3.65402
252 482 3.49515
252 483 0.635481
253 483 0.794351
254 257 0.476611
254 479 0.476611
254 483 0.476611
256 478 0.953222
256 479 0.953222
257 261 0.15887
257 479 0.15887
258 261 0.317741
267 402 0.15887
268 271 0.15887
269 272 0.317741
269 300 0.635481
270 298 3.17741
270 299 2.85967
270 300 3.17741
270 301 0.15887
271 274 1.11209
271 300 0.15887
272 275 0.15887
272 278 0.15887
272 279 0.15887
272 299 2.85967
272 300 0.476611
273 276 1.42983
273 277 0.953222
273 278 0.953222
273 279 0.953222
273 299 0.476611
274 296 0.635481
274 297 0.476611
274 298 0.15887
274 299 0.953222
276 281 2.06531
276 299 0.476611
279 300 0.15887
280 303 0.317741
280 390 0.15887
280 394 0.15887
281 285 0.496468
281 286 0.397176
281 289 0.317741
281 299 0.15887
281 303 0.15887
282 285 2.48235
282 286 0.198588
282 390 0.15887
283 286 1.88659
283 287 0.198588
283 319 0.635481
284 287 1.98588
284 288 0.297883
284 315 0.476611
284 316 0.15887
284 319 0.794351
285 288 1.98588
285 289 0.198588
285 303 0.794351
285 390 1.27096
286 289 1.98588
286 290 0.397176
287 290 1.98588
287 291 0.297883
288 291 1.98588
288 292 0.198588
288 308 0.15887
288 311 0.15887
288 315 0.15887
289 292 0.397176
289 295 1.27096
289 296 0.317741
289 302 0.476611
290 295 0.15887
291 311 0.794351
291 338 0.15887
292 295 0.476611
292 302 0.635481
294 297 0.953222
294 298 0.953222
294 302 0.15887
296 299 0.15887
297 302 0.397176
298 301 2.08517
298 302 0.397176
299 302 1.98588
299 303 0.297883
300 303 1.98588
300 304 0.397176
300 394 0.317741
301 304 1.88659
301 305 0.198588
301 308 0.15887
302 308 0.953222
303 390 0.15887
303 394 0.317741
304 391 0.317741
305 308 0.15887
305 309 0.15887
306 309 0.953222
306 343 0.794351
306 419 0.15887
307 339 0.15887
307 343 0.476611
308 311 1.98588
308 312 0.397176
308 339 0.15887
309 312 1.98588
309 313 0.198588
309 346 0.15887
309 387 0.317741
309 391 0.15887
310 313 1.98588
310 314 0.198588
310 341 3.49515
310 342 0.15887
310 346 0.317741
311 314 2.97883
311 315 0.297883
311 338 1.11209
311 339 0.794351
312 315 1.98588
312 316 0.0992939
312 387 0.317741
312 390 0.15887
313 316 1.98588
313 317 0.496468
313 341 0.15887
313 383 0.15887
313 384 0.317741
313 387 0.15887
314 317 1.98588
314 318 0.397176
314 335 0.635481
314 336 0.635481
314 337 1.42983
314 338 0.635481
314 340 0.15887
314 341 0.317741
315 318 1.88659
315 319 0.198588
316 319 1.88659
316 320 0.198588
317 320 1.98588
317 321 0.198588
317 326 0.317741
317 380 0.317741
317 383 0.15887
318 321 2.08517
318 322 0.397176
318 332 0.15887
318 335 0.317741
318 336 0.476611
319 322 1.98588
319 323 0.595764
320 323 1.88659
320 324 1.78729
320 325 2.38305
320 326 0.198588
320 379 0.15887
321 324 0.0992939
321 326 0.297883
321 327 0.198588
321 332 0.635481
324 328 0.317741
325 328 0.15887
326 376 1.11209
327 330 0.794351
327 364 0.15887
327 370 0.317741
327 372 0.15887
327 376 0.15887
330 369 0.15887
330 370 0.635481
330 371 0.953222
332 335 3.17741
332 336 0.317741
334 340 0.15887
334 368 0.15887
335 340 0.15887
335 341 0.317741
335 364 0.15887
335 368 0.476611
335 370 0.15887
337 340 0.317741
340 368 0.15887
341 345 0.893644
341 368 0.15887
342 345 0.397176
342 346 0.0992939
343 346 1.98588
343 347 0.0992939
343 423 0.15887
344 347 1.88659
344 348 1.19153
345 348 2.38305
345 349 0.496468
345 363 0.15887
345 367 0.635481
345 368 0.317741
346 349 1.98588
346 350 0.297883
346 384 0.15887
346 423 0.794351
347 350 1.98588
347 351 0.397176
347 423 0.476611
347 424 0.635481
348 351 1.98588
348 352 0.198588
348 363 0.476611
349 352 0.0992939
349 360 0.635481
349 380 0.15887
349 381 0.953222
349 384 0.635481
350 381 0.953222
350 384 0.476611
350 385 0.317741
350 388 0.15887
350 423 0.635481
351 381 0.15887
351 424 0.635481
352 357 2.22418
352 358 0.476611
352 359 1.90644
352 360 0.794351
352 381 0.476611
353 359 0.15887
354 357 0.317741
354 358 0.476611
355 358 0.15887
356 374 0.15887
356 377 0.476611
357 360 1.98588
357 361 0.0992939
357 377 0.953222
357 381 0.15887
358 361 1.98588
358 362 0.496468
359 362 1.98588
359 363 0.198588
360 363 1.98588
360 364 0.297883
360 377 0.15887
361 364 1.688
361 365 0.595764
361 372 0.15887
361 377 0.794351
362 365 2.08517
362 366 0.496468
363 366 1.688
363 367 0.397176
364 367 1.688
364 368 1.98588
364 369 1.78729
364 370 2.18447
365 368 1.78729
365 369 0.198588
365 370 0.198588
365 371 0.397176
372 376 0.595764
372 377 0.595764
373 376 2.38305
373 377 0.496468
374 377 2.28376
374 378 0.297883
375 378 1.98588
375 379 0.0992939
376 379 1.98588
376 380 0.397176
377 380 1.98588
377 381 0.198588
378 381 1.88659
378 382 0.198588
379 382 1.98588
379 383 0.297883
380 383 2.08517
380 384 0.297883
381 384 1.98588
381 385 1.09223
382 385 2.28376
382 386 0.595764
383 386 1.98588
383 387 0.397176
384 387 1.98588
384 388 0.0992939
385 388 1.78729
385 389 0.198588
386 389 1.98588
386 390 0.198588
387 390 1.88659
387 391 0.0992939
388 391 1.78729
388 392 0.0992939
389 392 1.98588
389 393 0.397176
389 429 0.317741
390 393 1.98588
390 394 0.496468
391 394 1.78729
391 395 0.297883
392 395 2.08517
392 396 0.0992939
392 426 0.476611
392 429 0.15887
393 396 0.0992939
393 433 0.317741
393 436 0.635481
394 397 0.297883
395 426 0.15887
396 399 2.08517
396 400 0.0992939
396 430 0.476611
396 433 0.15887
396 434 0.476611
397 400 1.98588
397 401 0.198588
398 401 1.98588
398 402 0.397176
399 402 1.98588
399 403 0.297883
399 413 0.317741
400 403 1.88659
400 404 0.496468
400 434 0.15887
400 438 0.15887
401 404 1.88659
401 405 0.198588
402 405 1.98588
402 406 0.297883
403 406 1.88659
403 407 1.88659
403 408 0.397176
403 413 0.15887
403 438 0.15887
403 450 0.317741
404 438 0.635481
408 450 0.15887
409 449 0.15887
409 450 0.15887
410 449 3.17741
411 449 0.15887
411 450 3.01854
411 451 0.15887
412 451 3.65402
413 450 0.317741
413 451 0.635481
413 452 3.17741
413 453 0.476611
414 453 3.01854
414 454 0.15887
414 455 0.635481
415 420 0.794351
415 452 0.15887
415 453 0.317741
415 454 3.17741
415 455 0.476611
416 420 0.0992939
416 421 0.198588
417 420 1.98588
417 421 0.595764
418 421 1.98588
418 422 1.88659
419 422 1.88659
419 423 0.496468
419 426 0.476611
420 427 0.476611
420 452 0.15887
420 453 0.476611
423 426 0.15887
425 428 1.688
425 429 0.198588
426 429 1.88659
426 430 0.198588
427 430 1.78729
427 431 0.198588
428 431 2.08517
428 432 0.695059
428 445 0.15887
429 432 1.88659
429 433 0.198588
430 433 1.98588
430 434 0.0992939
431 434 1.98588
431 435 0.0992939
431 445 0.317741
431 448 0.317741
432 435 2.08517
432 436 0.397176
432 445 0.15887
432 448 0.317741
433 436 1.98588
433 437 0.397176
434 437 1.98588
434 438 0.397176
434 440 0.198588
434 452 0.15887
435 438 1.88659
435 439 1.88659
435 440 0.297883
435 442 0.15887
435 448 0.635481
438 450 0.15887
440 448 0.794351
440 449 1.42983
440 450 0.317741
442 447 0.15887
442 448 0.317741
442 449 0.15887
444 447 3.17741
444 448 0.317741
445 448 1.11209
446 451 0.15887
457 460 1.98588
457 461 1.98588
457 462 0.0992939
458 461 1.688
458 462 1.88659
459 463 0.0992939
460 463 1.98588
460 464 0.0992939
461 464 1.98588
461 465 0.297883
462 465 1.98588
462 466 0.397176
463 466 1.98588
463 467 0.198588
464 467 1.98588
464 468 0.198588
465 468 1.98588
465 469 0.0992939
466 469 1.98588
466 470 0.198588
467 470 1.98588
467 471 0.198588
468 471 1.688
468 472 0.0992939
469 472 1.78729
469 473 0.0992939
470 473 1.98588
470 474 0.397176
471 474 1.98588
471 475 0.198588
472 475 1.88659
472 476 0.397176
473 476 1.98588
473 477 1.98588
473 478 0.397176
473 479 0.397176
473 480 0.198588
474 477 0.0992939
