nresidues = 486
17 374 0.125
17 375 0.1875
17 378 0.25
18 22 0.117188
19 22 0.78125
19 23 0.078125
20 23 0.78125
20 24 0.0390625
21 24 0.742188
21 25 0.078125
21 325 0.125
22 25 0.78125
22 26 0.117188
22 375 0.0625
22 379 0.0625
23 26 0.78125
23 27 0.195312
24 27 0.78125
24 28 0.195312
25 28 0.898438
25 29 0.15625
25 320 0.3125
25 325 0.5
26 29 0.78125
26 30 0.15625
26 379 0.125
26 382 0.0625
27 30 0.742188
27 31 0.0390625
28 31 0.78125
28 32 0.117188
29 32 0.78125
29 33 0.15625
29 284 0.125
29 316 0.1875
29 320 0.1875
29 383 0.25
29 386 0.0625
30 33 0.664062
30 34 0.195312
30 382 0.25
30 386 0.0625
32 282 0.125
33 284 0.0625
33 312 0.125
33 386 0.0625
33 390 0.4375
35 39 0.078125
35 40 0.0390625
35 280 0.0625
35 390 0.0625
35 393 0.1875
36 39 0.820312
36 40 0.0390625
36 393 0.125
37 40 0.78125
37 41 0.3125
37 436 0.3125
38 41 0.703125
38 42 0.0390625
39 42 0.78125
39 43 0.117188
40 43 0.78125
40 44 0.117188
40 393 0.1875
40 397 0.0625
40 437 0.0625
41 44 0.78125
41 45 0.078125
41 436 0.0625
41 437 0.25
42 45 0.78125
42 46 0.0390625
43 46 0.78125
43 47 0.078125
43 272 0.125
43 278 0.0625
43 397 0.125
44 47 0.820312
44 48 0.117188
44 397 0.25
44 400 0.125
44 401 0.125
44 437 0.0625
45 48 0.742188
45 49 0.0390625
46 49 0.78125
46 50 0.234375
46 272 0.3125
46 275 0.25
46 277 0.1875
46 278 0.1875
47 50 0.78125
47 51 0.15625
47 62 0.0625
47 269 0.1875
47 272 0.8125
47 300 0.125
47 397 0.1875
47 398 0.1875
47 401 0.125
48 51 0.78125
48 52 0.15625
48 401 0.25
48 404 0.125
49 52 0.820312
49 53 0.078125
50 53 0.859375
50 54 0.0390625
50 62 0.0625
50 272 0.125
50 275 0.1875
51 54 0.742188
51 55 0.0390625
51 64 0.25
51 401 0.1875
51 402 0.0625
52 55 0.78125
52 405 0.0625
53 56 0.15625
53 58 1.0625
53 59 0.3125
54 62 0.0625
54 63 0.0625
54 64 0.25
54 248 0.1875
55 64 0.0625
55 241 0.0625
55 246 1.1875
55 247 1.25
55 248 0.3125
55 265 0.0625
55 405 0.125
56 59 0.0625
56 247 0.4375
56 248 0.125
57 247 0.875
57 250 0.125
58 247 0.3125
61 271 0.25
61 274 0.125
61 275 0.0625
62 267 1.125
62 269 0.125
63 248 0.0625
63 267 1.1875
63 268 0.125
63 271 0.0625
64 239 0.125
64 248 0.1875
64 265 0.125
64 266 1.25
64 267 0.1875
65 264 0.0625
65 265 1.3125
65 266 0.4375
65 268 0.0625
66 264 1.25
67 165 0.0625
67 263 0.0625
67 264 0.0625
68 162 0.1875
68 163 0.5
68 164 0.375
68 165 0.1875
68 249 0.0625
68 263 0.1875
68 480 0.0625
68 481 0.0625
68 482 0.0625
69 240 0.0625
69 262 0.0625
69 263 1.1875
69 264 0.1875
69 466 0.1875
70 257 0.125
70 262 0.5
70 263 0.125
70 473 0.1875
70 479 0.0625
71 240 0.25
71 469 0.0625
71 473 0.4375
72 219 0.3125
72 240 0.4375
72 262 0.25
73 77 0.3125
73 216 0.125
73 219 0.1875
73 240 0.0625
74 77 0.3125
74 102 0.3125
75 100 1.25
75 101 1.1875
75 102 0.25
75 220 0.4375
76 100 0.3125
77 98 0.1875
77 99 1.0625
77 100 0.125
77 220 0.3125
77 469 0.0625
78 81 0.125
78 98 1.375
78 99 0.0625
78 100 0.0625
79 96 0.0625
79 97 1.25
79 98 0.1875
80 96 1.1875
80 97 0.0625
80 150 0.0625
81 94 0.0625
81 95 1.25
81 96 0.3125
81 98 0.1875
81 150 0.125
81 151 1.3125
81 464 0.1875
81 467 0.0625
81 468 0.375
82 94 1.3125
82 137 0.0625
82 150 0.125
82 151 0.0625
82 152 1.1875
82 202 0.125
83 93 1.1875
83 94 0.25
83 153 1.1875
83 460 0.1875
83 463 0.0625
84 92 1.3125
84 130 0.0625
84 152 0.0625
84 153 0.0625
84 154 1.4375
84 155 0.25
84 191 0.0625
85 90 0.0625
85 91 1.25
85 92 0.25
85 155 1.125
85 459 0.25
86 90 1.0625
86 154 0.0625
87 90 0.0625
87 177 0.125
88 118 0.4375
89 112 1.625
89 113 0.25
89 118 0.125
90 111 1.1875
90 112 0.1875
91 109 0.0625
91 110 1.25
91 111 0.3125
91 130 0.0625
91 133 0.0625
92 108 0.5
92 109 1.1875
92 457 0.3125
92 459 0.125
93 107 0.0625
93 108 1.25
93 109 0.125
93 111 0.125
93 137 0.3125
94 106 0.0625
94 107 1.25
94 137 0.0625
95 105 0.0625
95 106 1.25
95 107 0.25
95 137 0.125
95 142 0.0625
96 105 1.25
96 464 0.125
97 104 1.25
97 105 0.1875
98 103 1.0625
98 104 0.0625
98 220 0.125
98 465 0.0625
99 103 0.0625
99 220 0.0625
100 220 0.0625
102 219 0.0625
102 220 0.625
102 221 0.1875
102 223 0.3125
103 220 0.125
104 220 0.125
104 221 0.0625
104 456 0.125
104 461 0.125
107 137 0.0625
107 141 0.1875
109 137 0.25
111 129 0.0625
111 133 0.3125
111 136 0.0625
111 137 0.1875
112 129 0.125
113 117 0.125
113 177 0.125
114 117 1.4375
114 129 0.125
116 119 1.125
116 120 0.125
117 120 0.25
117 125 0.125
117 126 0.1875
117 129 0.1875
117 179 0.0625
118 176 0.0625
118 177 1.5
118 178 0.0625
118 179 0.0625
119 176 0.0625
119 178 0.25
120 125 0.25
120 178 0.0625
120 179 0.125
120 180 0.0625
121 178 0.0625
121 180 0.3125
122 125 0.1875
123 127 0.078125
123 179 0.0625
123 180 0.125
123 182 0.0625
124 127 0.859375
124 128 0.0390625
125 128 0.78125
125 129 0.0390625
126 129 0.78125
126 130 0.117188
126 179 0.0625
127 130 0.859375
127 131 0.078125
127 182 0.125
127 187 0.0625
127 190 0.5
127 194 0.25
128 131 0.820312
128 132 0.234375
128 194 0.125
128 198 0.125
129 132 0.664062
129 133 0.234375
130 133 0.820312
130 134 0.117188
130 191 0.125
131 134 0.78125
131 135 0.078125
131 194 0.1875
132 135 0.78125
132 136 0.0390625
132 198 0.375
133 136 0.78125
133 137 0.078125
134 137 0.78125
134 138 0.117188
134 195 0.0625
135 138 0.78125
135 139 0.234375
135 200 0.0625
136 139 0.78125
136 140 0.0390625
137 140 0.78125
137 141 0.3125
138 141 0.820312
138 142 0.273438
138 202 0.0625
142 145 0.125
142 146 0.1875
142 150 0.0625
146 150 0.125
146 201 0.1875
149 201 1.3125
150 202 1.3125
150 203 0.0625
151 203 1.25
151 471 0.25
152 202 0.125
152 203 0.1875
152 204 1.3125
152 205 1.1875
152 467 0.125
153 206 1.25
153 463 0.1875
154 206 0.1875
154 207 1.4375
154 208 0.0625
155 208 1.375
155 209 0.0625
155 210 0.125
155 459 0.25
155 463 0.0625
156 170 0.125
156 207 0.125
156 208 0.125
157 175 0.0625
157 209 0.125
157 210 0.1875
158 173 0.3125
158 174 0.1875
158 175 0.25
158 177 0.25
159 170 1.3125
159 171 1.375
159 172 0.125
160 169 1.3125
160 170 0.0625
160 171 0.375
161 168 1.25
161 169 0.5
161 171 0.1875
162 165 0.125
162 167 0.5
162 207 0.4375
163 167 0.25
163 481 1.1875
163 482 0.0625
164 167 0.3125
164 480 1.375
164 481 0.125
164 485 0.1875
165 205 0.0625
165 206 1.3125
165 207 0.25
165 470 0.0625
165 480 0.3125
166 188 0.125
166 205 0.1875
166 480 0.0625
167 186 0.4375
167 207 0.125
167 485 0.0625
168 185 0.0625
168 186 1.25
168 187 0.1875
168 207 0.0625
169 184 0.125
169 185 1.1875
170 173 0.4375
170 182 0.125
170 183 1.3125
170 184 0.0625
172 183 0.0625
172 294 0.0625
173 177 0.4375
173 178 0.125
173 179 0.3125
173 182 0.125
173 183 0.0625
174 177 0.25
179 182 0.125
181 185 0.0625
181 190 0.0625
182 185 0.4375
182 187 0.0625
185 190 0.0390625
186 189 0.3125
186 190 0.078125
187 190 0.742188
187 191 0.0390625
188 191 0.820312
188 192 0.078125
189 192 0.820312
189 193 0.351562
190 193 0.703125
190 194 0.0390625
191 194 0.78125
191 195 0.15625
192 195 0.859375
192 196 0.15625
192 202 0.1875
192 203 0.4375
192 204 0.1875
193 196 0.78125
193 197 0.117188
194 197 0.859375
194 198 0.46875
195 198 0.78125
195 199 0.664062
195 200 0.15625
195 202 0.0625
196 199 0.078125
205 467 0.1875
205 470 0.0625
205 471 0.0625
205 474 0.0625
208 212 0.0390625
208 213 0.0390625
208 458 0.0625
208 462 0.0625
208 463 0.125
208 466 0.125
209 212 0.78125
209 236 0.0625
209 266 0.25
209 268 0.0625
210 213 0.742188
210 214 0.15625
210 230 0.0625
210 458 0.0625
211 214 0.859375
211 228 0.0625
211 230 0.0625
211 236 0.375
211 237 0.1875
211 238 0.25
212 215 0.742188
212 216 0.078125
212 238 0.0625
212 266 0.0625
212 466 0.0625
213 216 0.78125
213 217 0.078125
213 458 0.3125
213 462 0.1875
213 466 0.0625
214 217 0.664062
214 218 0.15625
214 228 0.125
214 230 0.0625
214 414 0.0625
214 455 0.0625
214 458 0.125
215 218 0.742188
215 219 0.078125
215 225 0.0625
215 226 0.0625
215 227 0.25
215 228 0.0625
215 238 0.0625
215 239 0.125
215 240 0.125
216 219 0.78125
216 220 0.0390625
216 240 0.0625
216 465 0.0625
216 466 0.3125
217 220 0.742188
217 221 0.078125
217 456 0.0625
217 457 0.0625
217 461 0.125
217 462 0.0625
218 221 0.859375
218 222 0.195312
218 225 0.3125
218 414 0.125
218 455 0.25
218 456 0.125
219 222 0.859375
219 223 0.15625
219 225 0.25
221 456 0.375
222 225 0.375
222 412 0.375
224 411 1.25
224 412 0.3125
225 412 1.1875
226 239 0.0625
226 408 0.375
226 410 0.125
226 411 0.0625
226 412 1.1875
227 238 1.3125
227 269 0.0625
227 399 0.125
227 402 0.0625
227 413 1.1875
227 414 0.1875
228 237 1.1875
228 238 0.125
228 414 1.25
229 236 1.1875
229 269 0.0625
229 413 0.0625
229 414 0.25
229 415 1.3125
229 416 0.125
230 235 1.25
230 236 0.125
230 416 1.375
231 234 1.0625
231 395 0.375
231 399 0.0625
231 416 0.1875
231 417 1.3125
231 418 1.0625
231 419 1.25
231 420 0.125
231 426 0.1875
232 305 0.125
232 419 0.0625
233 305 0.25
233 307 0.125
234 301 0.3125
235 269 0.0625
235 301 0.0625
235 304 0.0625
235 305 0.0625
236 266 0.25
236 267 0.25
236 268 0.5
236 269 0.5625
237 266 1.0625
237 267 0.1875
237 269 0.0625
238 265 1.25
239 263 0.0625
239 264 1.25
239 265 0.25
239 267 0.125
239 402 0.25
239 406 0.125
240 262 0.0625
240 263 1.3125
240 406 0.1875
240 408 0.0625
241 245 0.0625
241 262 1.25
241 263 0.1875
241 405 0.25
241 406 0.25
242 245 1.25
242 246 0.125
242 259 1.125
242 261 1.1875
242 406 0.1875
243 246 0.125
243 253 0.125
243 259 1.25
243 261 0.1875
243 262 0.0625
243 263 0.0625
244 259 0.1875
246 249 1.1875
246 263 0.125
246 265 0.0625
247 250 0.5625
248 252 0.125
249 252 1.4375
252 482 1.375
252 483 0.25
253 483 0.3125
254 257 0.1875
254 479 0.1875
254 483 0.1875
256 478 0.375
256 479 0.375
257 261 0.0625
257 479 0.0625
258 261 0.125
267 402 0.0625
268 271 0.0625
269 272 0.125
269 300 0.25
270 298 1.25
270 299 1.125
270 300 1.25
270 301 0.0625
271 274 0.4375
271 300 0.0625
272 275 0.0625
272 278 0.0625
272 279 0.0625
272 299 1.125
272 300 0.1875
273 276 0.5625
273 277 0.375
273 278 0.375
273 279 0.375
273 299 0.1875
274 296 0.25
274 297 0.1875
274 298 0.0625
274 299 0.375
276 281 0.8125
276 299 0.1875
279 300 0.0625
280 303 0.125
280 390 0.0625
280 394 0.0625
281 285 0.195312
281 286 0.15625
281 289 0.125
281 299 0.0625
281 303 0.0625
282 285 0.976562
282 286 0.078125
282 390 0.0625
283 286 0.742188
283 287 0.078125
283 319 0.25
284 287 0.78125
284 288 0.117188
284 315 0.1875
284 316 0.0625
284 319 0.3125
285 288 0.78125
285 289 0.078125
285 303 0.3125
285 390 0.5
286 289 0.78125
286 290 0.15625
287 290 0.78125
287 291 0.117188
288 291 0.78125
288 292 0.078125
288 308 0.0625
288 311 0.0625
288 315 0.0625
289 292 0.15625
289 295 0.5
289 296 0.125
289 302 0.1875
290 295 0.0625
291 311 0.3125
291 338 0.0625
292 295 0.1875
292 302 0.25
294 297 0.375
294 298 0.375
294 302 0.0625
296 299 0.0625
297 302 0.15625
298 301 0.820312
298 302 0.15625
299 302 0.78125
299 303 0.117188
300 303 0.78125
300 304 0.15625
300 394 0.125
301 304 0.742188
301 305 0.078125
301 308 0.0625
302 308 0.375
303 390 0.0625
303 394 0.125
304 391 0.125
305 308 0.0625
305 309 0.0625
306 309 0.375
306 343 0.3125
306 419 0.0625
307 339 0.0625
307 343 0.1875
308 311 0.78125
308 312 0.15625
308 339 0.0625
309 312 0.78125
309 313 0.078125
309 346 0.0625
309 387 0.125
309 391 0.0625
310 313 0.78125
310 314 0.078125
310 341 1.375
310 342 0.0625
310 346 0.125
311 314 1.17188
311 315 0.117188
311 338 0.4375
311 339 0.3125
312 315 0.78125
312 316 0.0390625
312 387 0.125
312 390 0.0625
313 316 0.78125
313 317 0.195312
313 341 0.0625
313 383 0.0625
313 384 0.125
313 387 0.0625
314 317 0.78125
314 318 0.15625
314 335 0.25
314 336 0.25
314 337 0.5625
314 338 0.25
314 340 0.0625
314 341 0.125
315 318 0.742188
315 319 0.078125
316 319 0.742188
316 320 0.078125
317 320 0.78125
317 321 0.078125
317 326 0.125
317 380 0.125
317 383 0.0625
318 321 0.820312
318 322 0.15625
318 332 0.0625
318 335 0.125
318 336 0.1875
319 322 0.78125
319 323 0.234375
320 323 0.742188
320 324 0.703125
320 325 0.9375
320 326 0.078125
320 379 0.0625
321 324 0.0390625
321 326 0.117188
321 327 0.078125
321 332 0.25
324 328 0.125
325 328 0.0625
326 376 0.4375
327 330 0.3125
327 364 0.0625
327 370 0.125
327 372 0.0625
327 376 0.0625
330 369 0.0625
330 370 0.25
330 371 0.375
332 335 1.25
332 336 0.125
334 340 0.0625
334 368 0.0625
335 340 0.0625
335 341 0.125
335 364 0.0625
335 368 0.1875
335 370 0.0625
337 340 0.125
340 368 0.0625
341 345 0.351562
341 368 0.0625
342 345 0.15625
342 346 0.0390625
343 346 0.78125
343 347 0.0390625
343 423 0.0625
344 347 0.742188
344 348 0.46875
345 348 0.9375
345 349 0.195312
345 363 0.0625
345 367 0.25
345 368 0.125
346 349 0.78125
346 350 0.117188
346 384 0.0625
346 423 0.3125
347 350 0.78125
347 351 0.15625
347 423 0.1875
347 424 0.25
348 351 0.78125
348 352 0.078125
348 363 0.1875
349 352 0.0390625
349 360 0.25
349 380 0.0625
349 381 0.375
349 384 0.25
350 381 0.375
350 384 0.1875
350 385 0.125
350 388 0.0625
350 423 0.25
351 381 0.0625
351 424 0.25
352 357 0.875
352 358 0.1875
352 359 0.75
352 360 0.3125
352 381 0.1875
353 359 0.0625
354 357 0.125
354 358 0.1875
355 358 0.0625
356 374 0.0625
356 377 0.1875
357 360 0.78125
357 361 0.0390625
357 377 0.375
357 381 0.0625
358 361 0.78125
358 362 0.195312
359 362 0.78125
359 363 0.078125
360 363 0.78125
360 364 0.117188
360 377 0.0625
361 364 0.664062
361 365 0.234375
361 372 0.0625
361 377 0.3125
362 365 0.820312
362 366 0.195312
363 366 0.664062
363 367 0.15625
364 367 0.664062
364 368 0.78125
364 369 0.703125
364 370 0.859375
365 368 0.703125
365 369 0.078125
365 370 0.078125
365 371 0.15625
372 376 0.234375
372 377 0.234375
373 376 0.9375
373 377 0.195312
374 377 0.898438
374 378 0.117188
375 378 0.78125
375 379 0.0390625
376 379 0.78125
376 380 0.15625
377 380 0.78125
377 381 0.078125
378 381 0.742188
378 382 0.078125
379 382 0.78125
379 383 0.117188
380 383 0.820312
380 384 0.117188
381 384 0.78125
381 385 0.429688
382 385 0.898438
382 386 0.234375
383 386 0.78125
383 387 0.15625
384 387 0.78125
384 388 0.0390625
385 388 0.703125
385 389 0.078125
386 389 0.78125
386 390 0.078125
387 390 0.742188
387 391 0.0390625
388 391 0.703125
388 392 0.0390625
389 392 0.78125
389 393 0.15625
389 429 0.125
390 393 0.78125
390 394 0.195312
391 394 0.703125
391 395 0.117188
392 395 0.820312
392 396 0.0390625
392 426 0.1875
392 429 0.0625
393 396 0.0390625
393 433 0.125
393 436 0.25
394 397 0.117188
395 426 0.0625
396 399 0.820312
396 400 0.0390625
396 430 0.1875
396 433 0.0625
396 434 0.1875
397 400 0.78125
397 401 0.078125
398 401 0.78125
398 402 0.15625
399 402 0.78125
399 403 0.117188
399 413 0.125
400 403 0.742188
400 404 0.195312
400 434 0.0625
400 438 0.0625
401 404 0.742188
401 405 0.078125
402 405 0.78125
402 406 0.117188
403 406 0.742188
403 407 0.742188
403 408 0.15625
403 413 0.0625
403 438 0.0625
403 450 0.125
404 438 0.25
408 450 0.0625
409 449 0.0625
409 450 0.0625
410 449 1.25
411 449 0.0625
411 450 1.1875
411 451 0.0625
412 451 1.4375
413 450 0.125
413 451 0.25
413 452 1.25
413 453 0.1875
414 453 1.1875
414 454 0.0625
414 455 0.25
415 420 0.3125
415 452 0.0625
415 453 0.125
415 454 1.25
415 455 0.1875
416 420 0.0390625
416 421 0.078125
417 420 0.78125
417 421 0.234375
418 421 0.78125
418 422 0.742188
419 422 0.742188
419 423 0.195312
419 426 0.1875
420 427 0.1875
420 452 0.0625
420 453 0.1875
423 426 0.0625
425 428 0.664062
425 429 0.078125
426 429 0.742188
426 430 0.078125
427 430 0.703125
427 431 0.078125
428 431 0.820312
428 432 0.273438
428 445 0.0625
429 432 0.742188
429 433 0.078125
430 433 0.78125
430 434 0.0390625
431 434 0.78125
431 435 0.0390625
431 445 0.125
431 448 0.125
432 435 0.820312
432 436 0.15625
432 445 0.0625
432 448 0.125
433 436 0.78125
433 437 0.15625
434 437 0.78125
434 438 0.15625
434 440 0.078125
434 452 0.0625
435 438 0.742188
435 439 0.742188
435 440 0.117188
435 442 0.0625
435 448 0.25
438 450 0.0625
440 448 0.3125
440 449 0.5625
440 450 0.125
442 447 0.0625
442 448 0.125
442 449 0.0625
444 447 1.25
444 448 0.125
445 448 0.4375
446 451 0.0625
457 460 0.78125
457 461 0.78125
457 462 0.0390625
458 461 0.664062
458 462 0.742188
459 463 0.0390625
460 463 0.78125
460 464 0.0390625
461 464 0.78125
461 465 0.117188
462 465 0.78125
462 466 0.15625
463 466 0.78125
463 467 0.078125
464 467 0.78125
464 468 0.078125
465 468 0.78125
465 469 0.0390625
466 469 0.78125
466 470 0.078125
467 470 0.78125
467 471 0.078125
468 471 0.664062
468 472 0.0390625
469 472 0.703125
469 473 0.0390625
470 473 0.78125
470 474 0.15625
471 474 0.78125
471 475 0.078125
472 475 0.742188
472 476 0.15625
473 476 0.78125
473 477 0.78125
473 478 0.15625
473 479 0.15625
473 480 0.078125
474 477 0.0390625
