nresidues = 582
5 8 0.143149
5 570 1.00204
6 24 0.143149
6 25 2.71983
6 26 1.14519
6 160 0.572596
6 161 0.429447
6 162 0.286298
7 24 2.86298
7 25 0.143149
7 189 0.429447
8 22 0.143149
8 23 2.71983
8 24 0.715745
8 570 0.572596
9 19 0.429447
9 21 0.143149
9 22 2.86298
9 32 0.286298
9 222 0.143149
9 224 0.572596
9 568 0.143149
9 570 0.143149
10 21 2.71983
10 22 0.429447
10 570 0.143149
10 571 0.143149
11 14 0.143149
11 19 0.143149
11 20 2.86298
11 560 0.143149
11 568 0.143149
12 20 2.86298
12 22 1.00204
13 19 3.00613
13 20 0.286298
13 322 0.143149
13 323 0.143149
14 18 2.71983
14 322 0.286298
14 358 0.572596
14 360 0.143149
14 539 0.572596
14 559 0.286298
14 560 0.286298
14 564 1.28834
15 18 0.429447
15 325 0.858894
15 326 0.429447
15 327 0.429447
15 359 0.429447
15 363 0.715745
16 241 2.43353
16 328 0.143149
16 358 2.86298
16 359 0.286298
17 240 2.43353
17 241 3.00613
17 242 2.71983
17 243 0.286298
17 354 0.143149
17 355 0.143149
18 240 0.286298
19 32 2.57668
19 33 0.286298
19 216 0.143149
19 221 0.429447
19 223 0.143149
19 245 1.43149
20 31 0.429447
20 32 3.29243
20 319 0.143149
20 322 0.143149
20 323 0.286298
21 30 0.143149
21 31 3.14928
21 32 0.858894
22 29 0.715745
22 30 2.71983
23 28 0.143149
23 29 2.86298
23 30 0.715745
24 27 0.143149
24 28 3.00613
24 29 1.00204
25 28 0.572596
25 90 0.143149
25 123 0.143149
25 162 0.143149
26 162 0.286298
28 82 0.429447
28 88 0.286298
28 89 0.429447
28 90 0.286298
28 123 0.715745
30 57 0.715745
30 58 0.286298
30 90 0.429447
31 34 0.143149
31 319 0.858894
32 245 0.143149
33 240 0.429447
33 245 2.86298
33 315 0.143149
33 319 0.429447
34 245 0.143149
34 246 2.86298
34 247 0.286298
35 56 0.286298
35 58 0.143149
35 236 0.143149
35 247 3.29243
35 249 0.143149
35 311 0.286298
36 58 3.14928
36 59 0.286298
36 60 0.286298
36 92 0.572596
36 226 0.429447
36 247 0.572596
36 248 3.14928
37 51 0.143149
37 56 1.00204
37 58 0.143149
37 59 2.86298
37 60 0.286298
37 249 2.86298
37 252 0.143149
38 60 3.00613
38 248 0.143149
38 249 1.00204
38 250 0.572596
38 252 0.572596
39 51 0.143149
39 60 0.429447
39 61 1.00204
40 43 3.57873
40 44 0.715745
41 44 0.286298
41 61 0.286298
41 66 0.286298
41 72 0.143149
42 65 0.143149
42 69 0.143149
42 72 0.143149
43 257 0.286298
44 47 0.143149
44 48 0.143149
45 253 0.143149
45 257 0.143149
45 300 0.143149
45 304 0.143149
46 50 0.178936
46 51 0.0894681
46 54 0.143149
46 308 0.143149
47 50 1.78936
47 51 0.268406
48 51 1.87883
48 52 0.178936
48 85 0.286298
48 87 0.429447
49 52 1.78936
49 53 0.894681
49 86 1.14519
50 53 1.9683
50 54 0.536809
50 305 0.143149
51 54 1.9683
51 55 1.52096
51 56 0.357873
51 308 0.143149
52 55 0.0894681
52 56 0.0894681
52 57 0.357873
52 87 1.86094
52 88 0.858894
52 89 0.143149
54 305 0.286298
54 312 0.286298
56 87 0.715745
56 308 0.143149
57 87 0.572596
57 89 2.86298
57 90 0.572596
58 87 0.572596
58 90 3.43558
59 87 1.43149
59 90 0.143149
59 91 2.71983
59 92 0.429447
60 92 3.29243
61 85 0.143149
61 92 0.143149
61 93 3.14928
61 94 0.429447
62 65 2.2367
62 66 0.178936
62 93 0.143149
62 94 3.00613
62 95 0.429447
62 96 0.429447
62 99 0.429447
63 66 1.78936
63 67 0.178936
63 93 0.286298
63 94 0.572596
63 95 0.143149
63 116 0.143149
64 67 1.78936
64 68 1.34202
64 95 0.143149
64 96 0.143149
64 106 1.43149
64 107 0.429447
64 108 0.286298
65 68 1.61043
65 69 0.178936
66 69 0.357873
66 72 3.43558
66 73 0.286298
66 76 0.143149
66 84 0.143149
66 116 0.143149
67 73 2.29038
67 108 0.143149
67 116 1.14519
68 107 0.143149
69 72 2.50511
69 73 0.268406
70 73 1.78936
70 74 0.178936
71 74 1.78936
71 75 0.536809
72 75 1.78936
72 76 0.178936
72 84 0.143149
73 76 1.78936
73 77 0.357873
74 77 1.78936
74 78 0.268406
75 78 1.78936
75 79 0.268406
75 84 0.143149
76 79 1.6999
76 80 0.178936
76 84 0.286298
76 120 0.286298
77 116 0.143149
79 83 0.268406
80 83 1.52096
80 84 0.178936
80 120 2.86298
81 84 1.78936
81 85 0.357873
81 91 0.286298
81 120 1.00204
81 121 0.429447
81 122 0.143149
82 85 1.78936
82 86 1.6999
82 87 0.536809
82 89 0.178936
82 91 0.858894
82 121 0.286298
82 123 0.858894
83 86 0.626278
83 87 0.0894681
83 88 0.357873
87 90 0.143149
87 91 0.429447
89 123 0.143149
90 123 1.00204
90 124 0.143149
91 122 2.57668
91 123 3.14928
92 124 3.29243
92 164 0.715745
92 226 0.286298
93 117 0.143149
93 122 0.143149
93 126 0.286298
94 228 0.429447
95 106 0.143149
95 127 0.286298
95 128 0.429447
96 99 2.14724
97 100 1.9683
97 129 0.286298
97 131 0.429447
98 101 1.87883
98 102 0.715745
99 102 1.61043
99 103 1.87883
99 105 0.178936
100 103 1.61043
100 104 0.626278
100 105 0.178936
100 130 0.143149
101 131 0.715745
101 132 0.286298
101 133 0.572596
108 112 0.626278
108 113 0.268406
108 128 0.143149
109 112 2.50511
109 113 0.178936
109 128 0.286298
110 113 1.78936
110 114 0.268406
110 127 0.572596
110 128 0.715745
110 151 0.715745
110 154 0.858894
111 114 1.78936
111 115 1.16308
111 154 0.143149
111 158 1.00204
112 115 1.87883
112 116 0.178936
113 116 1.78936
113 117 0.715745
113 126 0.143149
113 128 0.286298
114 117 1.87883
114 118 0.447339
114 126 0.143149
114 127 0.143149
114 155 0.286298
115 118 1.78936
115 119 0.447339
116 119 1.78936
116 120 0.447339
117 120 1.61043
117 121 1.52096
117 122 0.268406
117 125 0.715745
117 126 0.572596
118 121 0.0894681
118 158 0.143149
118 159 0.572596
118 160 0.286298
118 161 0.572596
123 162 0.286298
124 161 0.143149
124 162 2.86298
124 164 0.143149
124 190 0.143149
125 163 3.29243
125 164 0.286298
126 129 0.143149
126 163 0.572596
126 164 0.143149
127 148 0.143149
127 151 0.143149
127 152 0.715745
127 155 0.429447
127 163 0.286298
127 164 0.286298
127 165 0.143149
127 188 0.429447
128 151 1.14519
129 148 0.572596
129 166 1.00204
129 168 0.143149
130 144 0.715745
130 147 0.286298
130 148 0.286298
130 151 0.286298
130 168 1.14519
131 144 0.143149
131 168 0.858894
132 136 0.143149
132 141 0.143149
132 144 1.00204
132 170 0.572596
133 136 0.143149
133 170 0.429447
134 170 0.286298
134 171 0.858894
134 195 0.143149
134 198 0.429447
134 199 0.429447
135 170 0.143149
135 171 0.286298
135 204 0.715745
136 140 0.178936
136 170 0.143149
136 172 0.572596
137 140 1.9683
137 172 0.429447
138 141 1.78936
138 142 0.357873
138 172 1.28834
138 174 0.572596
138 175 0.143149
139 142 1.78936
139 143 0.268406
140 143 1.78936
140 144 0.894681
141 144 1.52096
141 145 0.178936
141 170 0.143149
141 172 0.286298
141 175 0.286298
142 145 1.78936
142 146 0.268406
143 146 1.78936
143 147 0.268406
144 147 1.87883
144 148 0.268406
145 148 1.87883
145 149 0.357873
145 178 0.143149
145 179 0.143149
146 149 1.87883
146 150 0.178936
146 178 0.429447
147 150 1.78936
147 151 0.626278
148 151 1.78936
148 152 0.178936
149 152 1.9683
149 153 0.805212
149 178 0.143149
149 183 0.143149
150 153 1.87883
151 154 1.78936
151 155 0.178936
152 155 1.78936
152 156 0.178936
152 183 0.143149
152 188 0.286298
153 156 1.78936
153 157 0.178936
154 157 1.78936
154 158 0.536809
155 158 1.78936
155 159 0.357873
155 188 0.143149
156 159 0.0894681
156 186 0.715745
156 187 0.572596
159 163 0.429447
159 187 0.286298
159 189 0.572596
161 189 0.143149
162 189 1.57464
163 188 2.86298
163 189 2.86298
163 190 0.143149
164 190 3.72187
164 192 0.858894
165 183 0.143149
165 188 0.572596
165 190 0.143149
165 191 3.43558
165 192 0.429447
166 192 3.86502
166 193 0.143149
166 194 0.143149
167 176 0.572596
167 179 0.143149
167 192 0.429447
167 193 2.86298
167 194 0.286298
167 215 0.429447
167 219 0.429447
168 176 0.715745
168 193 0.143149
168 194 1.14519
168 195 0.143149
169 172 0.715745
169 175 0.429447
169 176 0.858894
170 176 0.858894
170 211 0.286298
172 175 2.14724
172 176 0.0894681
173 176 1.78936
173 177 0.357873
173 214 0.715745
174 177 1.78936
174 178 0.178936
175 178 1.87883
175 179 0.178936
176 179 1.87883
176 180 0.178936
176 193 0.286298
176 194 0.715745
176 211 0.858894
176 214 0.286298
176 215 0.286298
177 180 1.78936
177 181 0.894681
177 214 0.572596
177 218 0.429447
178 181 1.78936
178 182 0.715745
179 182 1.78936
179 183 0.447339
180 183 1.52096
180 184 0.357873
180 215 0.143149
180 218 2.86298
180 219 0.286298
181 184 1.6999
181 185 0.178936
181 218 0.143149
182 185 2.14724
182 186 0.447339
183 186 0.357873
183 191 0.715745
183 223 0.143149
184 218 0.143149
184 219 0.858894
184 220 0.572596
184 223 0.715745
186 223 0.429447
187 223 0.429447
188 223 0.715745
189 223 0.143149
189 224 0.143149
190 224 2.86298
191 219 0.429447
191 223 0.715745
191 224 0.286298
191 225 2.86298
192 225 0.143149
192 226 3.57873
193 196 0.143149
193 211 0.143149
193 212 0.143149
193 215 0.286298
193 225 0.143149
193 226 0.429447
193 227 2.43353
193 228 0.286298
195 198 0.0894681
196 199 1.87883
196 200 0.268406
196 227 0.143149
196 228 0.143149
197 200 1.6999
197 201 0.447339
197 228 0.143149
197 229 0.143149
198 201 1.61043
198 202 0.268406
199 202 1.78936
199 203 1.78936
199 204 0.536809
199 208 0.286298
199 211 0.143149
200 203 0.178936
200 229 0.143149
200 230 0.286298
203 234 0.143149
203 338 1.00204
203 340 0.286298
204 207 2.32616
204 208 0.0894681
205 208 1.78936
205 209 0.268406
205 235 0.286298
205 340 0.572596
205 341 0.715745
205 344 0.572596
206 209 1.6999
206 210 0.268406
206 343 0.429447
206 344 0.429447
206 347 0.286298
207 210 1.6999
207 211 0.357873
208 211 1.78936
208 212 0.357873
209 212 1.78936
209 213 0.447339
209 238 0.143149
209 242 0.286298
209 344 0.286298
209 347 0.143149
209 348 0.143149
210 213 1.52096
210 214 0.178936
210 347 1.28834
210 351 0.286298
211 214 1.6999
211 215 0.357873
212 215 1.78936
212 216 0.268406
212 227 0.143149
212 242 0.572596
213 216 1.78936
213 217 0.357873
213 242 0.143149
213 348 0.143149
213 351 0.715745
214 217 1.52096
215 218 1.78936
215 219 0.357873
216 219 0.0894681
216 225 0.286298
216 242 0.572596
216 243 1.00204
216 354 0.286298
217 354 0.143149
220 223 0.715745
220 567 0.143149
221 563 0.572596
221 568 0.858894
222 567 0.572596
222 568 1.28834
224 245 0.715745
225 243 0.143149
225 244 2.86298
225 245 3.29243
225 246 0.286298
226 244 0.143149
226 246 3.43558
226 247 0.286298
226 248 0.715745
227 230 0.715745
227 244 0.143149
227 246 0.143149
227 248 0.143149
228 248 0.858894
229 248 3.00613
230 247 3.14928
230 248 2.71983
231 248 0.286298
231 249 1.00204
231 262 0.143149
231 311 0.143149
232 235 0.143149
232 236 0.715745
232 255 0.286298
232 262 0.429447
232 263 0.143149
232 266 0.715745
232 267 0.429447
233 236 1.28834
233 262 0.143149
233 264 2.43353
233 311 0.286298
233 314 0.286298
234 264 0.429447
234 265 0.143149
234 341 0.286298
235 238 1.78936
235 239 0.178936
236 239 1.78936
236 240 0.268406
236 247 0.429447
236 311 0.286298
236 314 0.143149
236 315 0.715745
236 318 0.143149
237 240 1.78936
237 241 0.178936
237 318 0.143149
237 330 0.143149
237 331 0.429447
238 241 1.78936
238 242 0.0894681
238 341 0.143149
238 348 0.143149
239 242 1.87883
239 243 1.52096
239 244 0.447339
239 247 0.286298
240 243 0.0894681
240 244 0.178936
240 247 0.286298
240 318 0.286298
240 322 0.143149
240 327 0.143149
241 327 0.286298
241 331 0.143149
242 348 0.286298
242 354 0.286298
244 247 0.429447
249 252 0.357873
249 311 0.143149
250 253 1.78936
250 254 0.268406
251 254 1.6999
251 255 0.447339
251 262 0.143149
252 255 1.52096
252 256 0.0894681
252 304 0.429447
252 307 1.00204
252 308 1.14519
253 256 1.78936
253 257 0.268406
254 257 1.78936
254 258 0.268406
255 258 1.87883
255 259 1.78936
255 260 2.77352
255 262 0.286298
255 267 0.429447
255 307 0.286298
256 259 0.0894681
256 300 0.429447
256 303 0.715745
256 304 0.286298
257 296 0.429447
257 300 0.286298
259 269 2.71983
259 270 0.286298
259 299 1.00204
259 303 0.286298
260 267 0.429447
260 268 2.86298
260 307 0.143149
261 267 2.86298
261 268 0.715745
261 273 0.572596
261 276 1.43149
261 277 0.286298
261 278 0.143149
261 283 0.429447
261 303 0.143149
261 306 3.14928
261 307 0.286298
262 266 2.71983
262 306 0.572596
262 307 1.00204
262 310 0.143149
263 266 0.715745
264 314 0.143149
264 334 0.429447
265 334 0.143149
265 337 0.858894
268 272 2.14724
268 273 0.429447
269 272 5.01022
269 273 0.143149
270 273 0.429447
270 291 0.143149
270 292 0.715745
270 299 0.286298
271 292 0.143149
273 276 0.286298
273 288 0.429447
273 292 0.429447
274 288 0.429447
274 289 0.429447
275 288 0.572596
276 283 0.572596
276 286 0.572596
276 287 1.43149
276 288 1.57464
278 283 0.447339
278 306 0.286298
279 284 0.268406
280 283 1.87883
280 284 0.447339
280 306 0.143149
280 309 0.286298
281 284 0.268406
281 285 0.536809
281 309 1.28834
282 285 1.78936
282 286 0.357873
282 302 0.429447
282 305 0.286298
283 286 0.178936
283 306 0.143149
286 290 0.536809
286 291 0.178936
286 302 0.143149
287 290 2.59457
287 291 0.178936
288 291 1.78936
288 292 0.357873
289 292 0.0894681
290 293 1.78936
290 294 0.0894681
291 294 0.715745
291 299 0.715745
291 302 0.429447
294 298 0.178936
294 299 0.268406
294 302 0.286298
295 298 1.78936
295 299 0.268406
296 299 2.05777
296 300 0.357873
297 300 1.61043
297 301 0.178936
298 301 2.32616
298 302 0.536809
299 302 1.6999
299 303 0.357873
300 303 1.78936
300 304 0.178936
301 304 1.78936
301 305 0.447339
302 305 1.78936
302 306 0.178936
303 306 1.9683
303 307 0.536809
304 307 1.78936
304 308 0.357873
305 308 1.78936
305 309 0.447339
306 309 1.78936
306 310 0.536809
307 310 1.78936
307 311 0.357873
308 311 1.87883
308 312 0.178936
309 312 2.05777
309 313 0.178936
310 313 1.78936
310 314 0.178936
311 314 1.6999
311 315 0.178936
312 315 1.78936
312 316 0.536809
313 316 1.87883
313 317 0.894681
314 317 2.59457
314 318 0.268406
314 334 1.00204
315 318 1.78936
315 319 0.268406
316 319 1.78936
316 320 0.178936
317 320 1.78936
317 321 0.178936
317 334 0.572596
318 321 1.78936
318 322 0.357873
318 330 0.286298
319 322 1.78936
319 323 0.178936
320 323 1.78936
320 324 0.536809
321 324 1.9683
321 325 1.78936
321 326 1.9683
322 325 0.0894681
322 327 0.0894681
323 364 0.143149
324 364 2.71983
324 365 0.429447
325 363 0.143149
325 365 0.143149
326 329 2.14724
326 330 0.0894681
326 365 0.572596
326 368 0.429447
327 330 1.78936
327 331 0.357873
328 331 1.78936
328 332 0.178936
328 348 0.286298
328 349 0.143149
328 355 0.143149
328 359 0.715745
328 363 0.143149
328 377 1.14519
328 378 0.286298
329 332 1.78936
329 333 0.805212
329 377 0.286298
330 333 2.05777
330 334 0.268406
331 334 1.87883
331 335 0.178936
331 345 0.286298
332 335 1.6999
332 336 0.715745
332 345 1.57464
332 370 0.572596
332 371 0.715745
332 373 0.143149
332 377 0.143149
333 336 0.268406
334 337 0.447339
334 341 0.286298
335 338 0.0894681
335 341 2.57668
335 342 0.286298
335 345 0.429447
336 342 0.429447
336 371 0.286298
336 373 0.572596
338 341 1.78936
338 342 0.178936
339 342 1.9683
339 343 0.178936
340 343 1.78936
340 344 0.178936
341 344 1.87883
341 345 0.178936
342 345 1.78936
342 346 1.07362
342 373 0.858894
343 346 1.78936
343 347 0.178936
344 347 1.87883
344 348 0.178936
345 348 1.78936
345 349 0.447339
345 373 0.572596
345 377 0.715745
346 349 1.78936
346 350 0.0894681
346 376 0.286298
347 350 2.2367
347 351 0.447339
348 351 0.268406
348 355 0.143149
349 373 0.286298
349 377 0.143149
351 354 1.78936
351 355 0.268406
352 355 1.78936
352 356 0.626278
352 378 0.286298
352 381 1.71779
352 382 0.286298
352 385 0.143149
353 356 1.61043
354 357 0.0894681
354 358 0.357873
355 358 1.6999
355 359 0.178936
355 378 0.143149
356 359 0.0894681
356 382 1.43149
356 538 1.43149
357 538 1.14519
357 539 0.143149
357 561 0.286298
357 563 1.14519
358 539 0.286298
358 564 0.429447
359 363 0.715745
359 378 0.572596
359 382 0.858894
359 538 0.143149
360 382 0.429447
360 539 2.71983
360 540 0.286298
361 382 0.429447
361 386 0.429447
361 414 0.286298
361 539 0.429447
361 540 0.286298
361 541 0.572596
362 414 0.429447
362 485 0.715745
362 487 0.143149
362 540 0.143149
363 414 0.429447
366 418 3.29243
366 419 0.143149
367 377 0.286298
367 379 0.143149
367 402 0.143149
367 418 0.286298
367 419 3.43558
367 420 0.286298
368 374 0.178936
368 377 0.286298
368 420 2.71983
369 374 0.357873
369 375 0.178936
369 402 0.143149
369 420 0.286298
369 421 0.286298
369 422 0.715745
370 374 0.0894681
370 377 0.286298
371 374 0.447339
372 375 0.268406
372 376 0.0894681
373 376 1.87883
373 377 0.268406
374 377 1.61043
374 380 0.143149
375 380 0.429447
375 402 0.143149
377 380 1.78936
378 381 1.6999
378 382 0.178936
379 382 1.52096
379 383 0.178936
379 414 0.429447
380 383 1.78936
380 384 0.268406
380 403 0.286298
381 384 1.6999
381 385 0.536809
382 385 1.6999
382 386 0.447339
382 538 0.286298
383 386 1.78936
383 387 0.178936
383 403 0.143149
383 415 0.286298
383 445 0.143149
384 387 1.61043
384 388 0.0894681
384 403 0.286298
385 388 0.178936
386 389 0.0894681
386 390 0.0894681
386 445 0.572596
386 446 0.143149
387 390 1.9683
387 391 0.626278
387 410 0.143149
387 416 0.143149
388 391 1.78936
388 392 0.536809
389 392 1.78936
389 393 0.0894681
390 393 1.78936
390 394 0.447339
390 410 0.429447
390 441 0.286298
390 444 0.572596
391 394 1.61043
391 395 0.0894681
391 397 0.715745
391 405 0.143149
391 406 0.715745
391 407 0.286298
393 444 1.14519
393 449 0.143149
393 452 0.143149
394 407 0.143149
394 409 0.715745
394 437 0.143149
394 440 0.429447
394 441 0.572596
395 407 0.429447
396 407 2.71983
396 408 1.00204
396 409 1.00204
397 405 0.143149
397 406 3.29243
397 407 0.286298
398 404 0.143149
398 405 2.86298
398 406 0.572596
398 428 0.143149
399 404 3.00613
399 425 0.286298
400 403 3.43558
400 404 1.14519
400 416 0.715745
400 419 0.286298
400 425 1.28834
401 421 0.143149
401 423 0.286298
401 425 0.715745
402 419 0.286298
403 415 0.143149
403 416 0.715745
406 410 0.143149
406 416 0.286298
407 410 2.86298
408 411 0.715745
408 429 0.286298
408 430 0.143149
408 431 0.143149
408 434 1.00204
408 438 1.43149
409 434 0.572596
409 437 1.28834
409 438 1.14519
409 441 0.143149
409 442 0.143149
410 413 0.429447
410 416 0.357873
410 441 0.286298
410 445 0.286298
411 417 0.178936
411 425 0.143149
411 427 0.286298
411 428 0.715745
412 417 0.357873
412 418 0.178936
412 427 0.286298
412 428 0.286298
412 438 0.429447
412 468 0.143149
412 485 2.57668
412 486 0.143149
413 416 2.05777
413 418 0.447339
413 442 0.286298
413 445 0.143149
413 485 3.00613
413 486 0.715745
413 487 0.286298
414 418 0.536809
414 445 0.572596
414 485 0.429447
415 418 1.61043
415 419 0.268406
415 445 0.143149
416 419 0.178936
416 425 0.286298
416 445 0.429447
418 484 0.286298
418 485 0.715745
427 467 0.143149
428 438 0.572596
429 438 0.572596
429 465 0.286298
429 466 2.43353
430 434 0.286298
430 438 1.71779
430 466 0.286298
430 468 0.286298
431 434 4.00817
431 435 0.286298
434 437 1.87883
434 438 0.268406
435 438 1.87883
435 460 0.572596
436 439 1.78936
436 440 0.357873
436 455 0.286298
436 456 0.143149
436 458 0.572596
436 460 0.286298
437 440 1.61043
437 441 0.0894681
438 441 1.78936
438 442 0.536809
439 442 1.78936
439 443 0.178936
439 455 0.286298
439 460 0.143149
439 471 0.143149
440 443 1.78936
440 444 0.178936
440 452 0.429447
440 456 0.143149
441 444 1.87883
441 445 0.178936
442 445 1.87883
442 446 0.268406
442 486 0.286298
442 488 0.143149
443 446 1.6999
443 447 2.05777
443 451 0.268406
443 455 0.286298
444 447 1.61043
444 448 2.2367
444 449 0.894681
444 450 0.357873
444 451 0.0894681
444 452 0.357873
446 487 1.14519
446 488 0.858894
446 542 0.143149
447 451 0.143149
447 488 0.143149
447 490 0.286298
447 502 0.143149
447 506 0.143149
447 507 0.286298
447 542 0.286298
448 451 0.286298
448 506 0.572596
449 502 0.143149
449 506 0.572596
450 453 1.71779
450 501 0.143149
450 502 0.143149
451 454 0.286298
451 455 0.286298
451 498 0.143149
451 502 0.143149
452 455 2.86298
452 456 0.572596
453 456 1.28834
453 501 0.429447
454 478 0.143149
454 497 0.572596
454 498 0.286298
455 458 0.286298
455 479 0.143149
455 498 0.286298
457 473 0.572596
457 497 0.429447
458 471 0.143149
458 472 3.00613
458 473 0.143149
459 470 0.143149
459 471 2.86298
459 472 0.858894
460 468 0.143149
460 470 2.71983
461 467 0.143149
461 468 2.71983
461 469 0.286298
461 470 0.286298
461 472 0.429447
462 465 2.43353
462 466 0.143149
462 467 3.14928
462 468 0.286298
463 466 0.143149
463 467 0.858894
468 481 0.429447
469 480 3.29243
469 481 0.715745
469 483 0.715745
470 477 0.858894
470 479 2.71983
470 480 0.286298
471 477 3.00613
471 478 2.71983
471 479 0.572596
472 476 3.00613
472 477 0.143149
473 476 0.143149
473 478 0.429447
473 497 0.572596
474 497 0.143149
477 480 0.286298
477 490 0.429447
477 491 0.286298
477 493 0.143149
477 578 0.143149
478 490 2.71983
478 491 0.429447
478 493 2.86298
478 494 0.572596
478 497 0.572596
479 489 2.86298
479 490 0.143149
480 487 0.143149
480 488 2.86298
480 489 0.429447
481 486 0.429447
481 487 2.86298
481 488 0.143149
482 485 3.72187
482 486 0.143149
482 487 0.715745
482 488 0.429447
482 489 1.00204
482 542 0.429447
482 577 0.143149
488 542 0.572596
489 542 0.715745
489 577 0.715745
490 542 0.715745
490 555 0.286298
490 577 0.143149
491 494 1.6999
491 495 0.178936
492 495 1.78936
492 496 0.268406
492 552 0.143149
492 579 0.143149
492 580 0.143149
493 496 2.05777
493 497 0.268406
494 497 1.78936
494 498 0.357873
495 498 1.78936
495 499 0.178936
495 544 0.429447
495 552 0.143149
495 555 0.286298
496 499 1.78936
496 500 0.0894681
496 552 0.286298
497 500 1.9683
497 501 0.268406
498 501 1.78936
498 502 0.357873
498 507 0.429447
498 544 0.143149
499 502 0.178936
499 508 1.14519
499 544 0.143149
499 546 0.143149
499 550 1.43149
502 506 0.178936
502 507 0.268406
502 508 0.357873
503 506 0.268406
503 508 0.447339
504 508 0.357873
504 510 0.143149
504 532 0.286298
504 550 0.715745
505 508 0.536809
505 532 0.143149
505 534 0.572596
506 534 0.715745
507 534 0.286298
507 537 0.143149
507 543 3.29243
507 544 0.858894
508 533 2.86298
508 534 0.143149
508 537 0.143149
508 544 2.71983
508 546 0.143149
508 550 1.43149
509 532 2.86298
509 537 0.143149
509 543 0.572596
509 544 0.858894
509 545 3.29243
509 546 3.00613
509 565 0.286298
510 530 2.86298
510 531 3.14928
510 532 0.715745
510 546 3.14928
510 547 0.429447
510 548 0.143149
511 525 0.143149
511 529 3.00613
511 531 0.143149
511 545 0.143149
511 546 0.143149
511 553 0.143149
512 515 1.61043
512 516 0.178936
512 529 0.858894
512 531 0.143149
513 516 0.178936
513 517 0.0894681
513 548 0.572596
514 517 0.178936
514 518 0.178936
514 529 0.572596
515 518 1.9683
515 519 0.0894681
515 529 0.429447
516 519 1.78936
516 520 0.626278
516 547 0.715745
516 553 0.286298
517 520 1.78936
517 521 0.626278
518 521 1.87883
518 522 1.52096
518 523 0.447339
519 522 0.0894681
519 545 0.143149
519 553 0.143149
519 554 0.143149
519 579 0.143149
520 551 0.143149
520 553 0.858894
520 579 2.86298
520 580 2.43353
520 581 1.86094
521 579 0.143149
522 576 0.715745
522 578 0.143149
522 579 0.143149
523 576 0.429447
524 572 1.00204
524 574 3.14928
524 575 0.572596
524 576 0.429447
525 530 0.143149
525 545 0.143149
525 572 3.00613
525 573 2.86298
525 574 0.143149
526 529 3.00613
526 530 0.143149
526 571 3.14928
526 572 0.286298
526 573 0.143149
527 530 0.572596
527 565 0.286298
527 568 3.14928
527 571 0.286298
527 573 0.143149
528 569 0.429447
530 565 0.429447
530 573 0.143149
531 548 0.429447
532 566 0.143149
533 562 0.143149
534 537 0.858894
534 561 2.43353
534 562 0.143149
535 538 0.429447
537 541 0.572596
537 543 0.143149
537 558 0.143149
537 560 0.143149
537 561 3.29243
538 541 1.00204
538 558 0.143149
539 558 2.71983
539 559 0.143149
539 560 0.143149
540 557 1.28834
540 558 0.429447
541 556 0.143149
541 557 3.00613
541 558 0.286298
542 556 2.86298
542 577 1.00204
543 555 3.00613
543 556 0.429447
543 574 0.286298
544 554 2.86298
545 552 3.00613
545 553 3.14928
545 554 1.00204
546 550 1.00204
546 551 3.43558
546 552 0.143149
546 553 1.00204
547 550 3.00613
547 551 1.57464
547 553 0.286298
552 580 0.715745
553 579 2.86298
553 580 1.00204
554 576 0.143149
554 578 3.14928
554 579 0.286298
555 576 2.86298
555 577 2.71983
555 578 0.286298
556 574 0.429447
556 575 2.86298
556 576 0.143149
556 577 0.143149
557 574 3.29243
557 575 0.572596
557 577 0.286298
558 565 0.143149
558 573 2.71983
559 572 0.715745
559 573 0.429447
559 575 0.429447
560 564 0.715745
560 565 0.0894681
561 564 2.41565
561 565 0.178936
562 565 1.78936
562 566 0.0894681
563 566 1.6999
563 567 0.0894681
564 567 1.6999
564 568 0.536809
565 568 0.0894681
565 573 0.143149
565 574 0.143149
566 569 0.0894681
572 575 0.286298
