nresidues = 420
22 116 0.492648
22 125 0.164216
23 116 0.328432
23 117 2.79167
23 118 0.164216
25 37 0.164216
25 38 3.44854
25 39 0.328432
26 36 0.164216
26 37 3.28432
26 38 0.82108
27 35 0.656864
27 36 3.44854
28 34 0.164216
28 35 3.61275
28 36 0.985297
29 33 0.492648
29 34 3.61275
29 36 0.164216
30 36 0.82108
31 34 0.328432
35 56 0.492648
36 54 0.164216
36 55 3.12011
36 56 0.328432
36 75 0.164216
37 53 0.164216
37 54 3.28432
37 55 1.31373
38 52 0.164216
38 53 3.12011
38 54 0.82108
39 51 0.164216
39 52 3.44854
39 53 0.656864
39 115 0.328432
40 50 0.164216
40 51 3.12011
40 115 0.164216
41 50 3.12011
41 51 0.656864
41 113 0.328432
41 114 3.28432
42 48 0.492648
42 113 3.44854
42 114 1.47794
43 47 0.328432
43 48 0.328432
43 49 0.656864
43 51 0.328432
43 112 3.44854
43 113 0.328432
43 114 0.164216
44 101 0.82108
44 111 0.328432
44 112 0.328432
45 101 0.656864
45 103 0.164216
51 113 0.82108
53 74 0.164216
53 113 0.82108
54 74 3.28432
54 75 1.31373
55 58 0.328432
55 72 0.164216
55 73 3.61275
55 75 0.164216
55 83 0.164216
55 115 0.164216
56 72 3.44854
56 73 0.82108
56 75 0.164216
57 71 0.164216
57 72 0.164216
57 73 0.328432
58 70 0.164216
58 71 3.12011
58 72 0.164216
59 70 3.44854
59 71 1.47794
60 68 0.328432
60 69 3.44854
60 70 0.328432
61 69 3.77697
61 70 0.656864
61 71 0.328432
61 133 0.164216
62 68 3.44854
62 69 0.164216
63 67 3.44854
63 68 0.328432
64 67 0.82108
67 85 3.12011
68 83 0.164216
68 84 3.12011
68 85 0.492648
69 83 3.28432
70 81 0.164216
70 82 3.44854
70 83 0.656864
71 80 0.82108
71 81 3.28432
71 133 1.14951
72 79 0.164216
72 80 3.28432
72 81 0.492648
72 83 0.164216
73 78 0.656864
73 79 3.44854
74 77 3.44854
74 78 3.12011
74 79 0.492648
74 81 0.328432
74 112 0.164216
74 113 0.164216
79 112 1.64216
80 132 2.79167
80 133 0.492648
81 112 0.492648
81 131 3.61275
81 132 0.164216
81 133 0.328432
82 129 0.164216
82 130 3.28432
82 131 0.82108
83 128 0.328432
83 129 3.28432
84 96 0.985297
84 127 0.164216
84 128 3.28432
84 129 0.492648
84 199 0.328432
85 117 0.328432
85 126 0.82108
85 127 3.12011
85 128 0.656864
86 126 3.94119
86 127 0.82108
87 124 0.164216
87 125 3.28432
87 126 0.82108
88 92 0.164216
88 93 0.164216
88 94 0.492648
88 116 0.164216
88 125 0.492648
88 127 0.164216
89 92 0.656864
90 123 0.164216
90 125 0.164216
93 98 0.102635
94 97 2.36061
94 98 0.513174
94 127 0.656864
95 98 2.0527
95 99 0.513174
95 203 0.328432
95 204 1.14951
96 99 2.0527
96 100 0.307906
96 199 0.164216
96 200 1.47794
96 201 0.328432
97 100 2.0527
97 101 0.82108
97 111 0.164216
97 114 0.656864
97 127 0.328432
97 129 0.164216
98 101 1.95007
98 102 0.20527
99 102 2.0527
99 103 0.41054
99 203 0.492648
100 103 0.20527
100 111 0.164216
100 131 0.164216
100 200 0.164216
101 111 0.164216
101 114 0.656864
102 170 0.164216
103 170 0.985297
103 200 0.328432
104 170 0.985297
105 108 0.656864
105 166 0.656864
105 170 0.82108
105 365 1.14951
106 166 0.164216
106 196 0.492648
107 163 1.80638
107 166 0.328432
107 167 0.328432
107 195 0.985297
107 196 3.44854
107 197 0.328432
108 167 0.164216
108 170 0.164216
108 171 0.164216
108 196 0.328432
108 197 3.28432
108 200 0.328432
109 132 0.164216
109 197 0.492648
109 198 0.164216
110 131 3.44854
110 132 1.64216
111 129 0.656864
111 130 3.44854
111 131 0.328432
112 130 3.28432
112 132 0.985297
113 129 3.12011
113 130 1.80638
114 127 0.164216
114 128 3.28432
115 126 0.164216
115 127 3.28432
115 128 2.95589
115 130 0.164216
116 126 3.44854
116 127 0.82108
116 128 0.328432
117 125 3.12011
117 126 0.985297
117 128 0.656864
118 124 2.95589
118 126 0.164216
119 122 0.328432
119 124 0.656864
119 126 0.328432
121 124 1.64216
121 126 0.164216
134 187 0.985297
134 188 0.656864
134 196 0.164216
135 140 0.102635
135 188 3.12011
135 190 0.164216
136 140 1.12899
136 187 3.61275
136 188 0.82108
136 190 0.164216
137 140 2.46324
137 141 0.307906
137 183 2.79167
137 186 3.28432
137 187 0.164216
137 188 0.656864
138 141 2.0527
138 142 0.20527
138 183 3.28432
138 186 0.82108
138 188 0.492648
138 195 0.164216
138 249 0.164216
139 142 2.0527
139 143 0.307906
139 183 0.82108
139 184 0.985297
140 143 2.15533
140 144 0.61581
141 144 2.0527
141 145 0.102635
141 152 0.164216
141 188 0.164216
142 145 2.0527
142 146 0.20527
142 249 0.164216
143 146 2.15533
143 147 1.02635
144 147 1.84743
144 148 0.102635
145 148 2.0527
145 149 2.0527
145 150 2.46324
145 151 0.41054
145 152 0.513174
145 153 0.20527
146 149 0.102635
146 252 0.492648
151 250 0.164216
151 305 0.328432
152 156 0.20527
152 157 0.102635
152 160 0.328432
153 156 2.36061
153 157 0.102635
154 157 2.15533
154 158 0.41054
154 338 0.164216
155 158 2.0527
155 159 0.41054
155 341 0.328432
155 350 0.164216
156 159 2.15533
156 160 0.82108
156 350 0.985297
157 160 1.74479
157 161 0.307906
157 246 0.164216
157 338 0.164216
158 161 1.84743
158 162 0.20527
158 338 1.31373
158 339 0.656864
158 341 0.82108
158 342 0.328432
159 162 1.84743
159 163 0.61581
159 342 0.328432
159 349 0.164216
159 356 0.164216
160 163 2.0527
160 164 0.20527
160 188 0.985297
160 193 0.164216
160 195 0.328432
161 164 2.0527
161 165 0.718447
161 242 0.328432
161 245 0.492648
161 246 0.656864
161 339 0.656864
162 165 2.0527
162 166 0.513174
162 334 0.656864
162 339 0.82108
162 342 0.492648
162 358 1.14951
162 361 0.328432
163 166 2.0527
163 167 0.307906
163 193 0.656864
163 194 0.82108
163 195 0.164216
164 167 2.46324
164 168 0.41054
164 186 0.164216
164 242 0.164216
165 168 2.0527
165 169 0.20527
165 242 0.328432
165 319 0.328432
165 330 0.328432
165 333 0.985297
165 334 0.492648
165 339 0.164216
166 169 2.0527
166 170 0.20527
166 334 0.164216
166 357 0.164216
166 358 0.656864
166 360 0.985297
166 361 0.656864
166 365 1.97059
167 170 2.0527
167 171 0.307906
167 197 0.328432
168 171 2.15533
168 172 0.513174
168 181 0.164216
168 238 0.164216
168 330 0.82108
169 172 1.84743
169 173 0.307906
169 330 0.328432
170 173 2.15533
170 174 0.718447
171 174 2.0527
171 175 1.74479
171 176 2.56588
171 177 0.102635
171 178 0.102635
172 175 0.102635
172 176 0.20527
172 235 1.47794
172 238 0.985297
172 330 0.328432
173 364 1.31373
173 367 0.164216
174 205 0.164216
174 364 1.64216
175 204 0.164216
175 205 3.12011
176 204 3.12011
177 203 3.28432
177 204 0.492648
177 206 0.328432
177 235 0.328432
177 237 0.328432
177 238 1.31373
178 181 0.656864
178 185 0.164216
178 197 0.656864
178 198 0.492648
178 199 0.656864
178 200 0.164216
178 202 3.28432
178 203 0.328432
178 238 1.47794
179 202 1.14951
179 204 0.492648
179 212 0.164216
179 216 2.79167
179 217 0.492648
179 233 0.492648
179 238 0.164216
180 185 1.14951
180 199 0.164216
180 217 0.328432
180 218 0.328432
181 197 0.164216
181 221 0.328432
181 238 0.164216
181 241 0.492648
182 185 3.94119
182 186 0.328432
182 218 0.656864
182 221 0.164216
183 186 0.492648
183 221 0.985297
185 197 3.28432
185 198 0.985297
185 199 1.31373
186 196 3.12011
186 197 0.164216
187 194 0.164216
187 195 3.61275
187 196 0.656864
187 198 0.656864
188 194 3.28432
188 195 0.328432
189 192 3.94119
189 193 3.12011
191 349 0.164216
191 351 0.164216
191 353 1.14951
192 349 0.328432
192 353 0.164216
192 356 0.492648
193 349 0.328432
193 356 0.328432
194 356 0.328432
197 200 0.164216
200 203 0.492648
204 212 0.656864
206 212 0.328432
206 233 0.164216
206 234 0.656864
207 210 2.13481
211 231 3.44854
212 231 0.985297
212 233 1.14951
213 216 0.164216
213 233 0.82108
214 222 0.492648
214 226 0.328432
214 229 0.82108
214 230 0.492648
216 222 0.492648
216 226 0.164216
216 233 0.328432
217 221 0.328432
217 222 0.82108
217 226 0.164216
217 241 0.164216
218 221 3.44854
218 222 0.164216
219 258 0.328432
219 259 0.82108
219 264 0.164216
220 244 0.164216
220 254 0.492648
220 256 0.164216
220 257 0.492648
220 258 0.164216
221 240 0.164216
221 241 0.656864
221 244 0.164216
221 248 0.82108
222 226 0.513174
222 227 0.20527
222 240 0.985297
223 226 2.15533
223 227 0.102635
223 240 0.82108
224 227 2.0527
224 228 0.61581
224 240 1.14951
224 283 0.492648
224 327 0.328432
225 228 2.0527
225 229 1.95007
225 230 0.307906
225 237 0.328432
225 283 0.82108
225 324 0.492648
225 327 1.31373
226 229 0.102635
226 233 0.492648
227 261 0.164216
227 264 0.164216
227 265 0.164216
228 265 0.328432
228 283 0.328432
228 284 0.328432
228 287 1.97059
229 287 0.492648
230 233 0.328432
230 283 0.164216
230 284 0.492648
233 237 0.307906
234 237 0.307906
235 238 2.0527
236 239 2.0527
236 324 0.82108
236 327 0.656864
237 240 1.95007
237 241 0.20527
238 241 2.0527
238 242 0.20527
239 242 2.0527
239 243 0.102635
239 319 0.164216
239 328 0.492648
240 243 1.95007
240 244 0.513174
240 256 0.328432
240 268 0.164216
240 272 0.164216
240 320 1.80638
240 321 0.492648
240 327 0.492648
241 244 2.0527
241 245 0.307906
242 245 2.0527
242 246 0.20527
243 246 2.0527
243 247 0.20527
243 319 0.164216
243 320 0.492648
244 247 1.95007
244 248 0.20527
244 256 0.164216
245 248 2.0527
245 249 0.41054
246 249 2.0527
246 250 0.513174
246 315 0.328432
246 316 0.328432
247 250 2.15533
247 251 0.41054
247 255 0.307906
247 304 0.164216
248 251 2.0527
248 252 1.95007
248 253 0.718447
248 254 0.718447
250 304 0.328432
250 305 0.164216
250 312 0.164216
251 255 0.328432
251 303 0.164216
251 304 0.492648
254 257 0.164216
255 300 0.328432
256 264 0.164216
256 267 0.82108
256 268 0.985297
256 271 0.164216
256 320 0.164216
257 263 0.164216
257 264 0.164216
257 267 0.164216
258 263 0.164216
258 264 0.656864
260 263 2.46324
260 264 0.41054
261 264 2.0527
261 265 0.307906
262 265 2.0527
262 266 0.307906
262 292 0.164216
263 266 2.0527
263 267 0.20527
264 267 2.0527
264 268 0.41054
265 268 2.15533
265 269 0.41054
265 292 0.328432
266 269 2.0527
266 270 0.307906
266 292 0.164216
267 270 2.25797
267 271 0.102635
268 271 2.15533
268 272 0.307906
268 322 0.492648
269 272 2.0527
269 273 0.82108
269 274 0.20527
269 292 0.328432
269 295 0.164216
269 322 0.328432
270 297 2.79167
270 298 0.82108
271 297 3.12011
271 298 0.985297
271 300 0.656864
271 303 0.164216
272 300 0.164216
272 320 0.328432
272 322 0.492648
273 295 3.12011
273 296 0.492648
273 297 0.164216
273 322 0.656864
274 293 0.492648
274 294 0.492648
274 295 0.328432
274 322 0.164216
275 279 0.513174
275 280 0.307906
275 322 0.985297
276 279 2.87378
276 280 0.41054
277 280 2.0527
277 281 0.20527
278 281 2.15533
278 282 0.41054
279 282 2.25797
279 283 0.20527
279 322 0.82108
279 323 0.164216
280 283 2.0527
280 284 0.307906
280 290 0.164216
281 284 1.74479
281 285 0.307906
282 323 0.82108
283 322 1.31373
284 287 0.82108
287 290 0.164216
289 292 0.985297
298 302 0.513174
298 303 0.20527
299 302 2.15533
299 303 0.102635
300 303 2.36061
300 304 0.41054
300 313 0.328432
300 317 0.656864
300 320 0.164216
301 304 0.102635
304 308 0.82108
304 313 0.164216
304 316 0.164216
305 308 1.14951
308 313 0.102635
309 312 2.0527
309 313 0.102635
310 313 2.0527
310 314 0.20527
311 314 2.0527
311 315 0.20527
311 336 0.164216
311 337 0.164216
311 338 0.492648
312 315 2.0527
312 316 0.307906
312 338 0.656864
313 316 2.0527
313 317 0.307906
314 317 2.36061
314 318 0.20527
314 336 0.328432
315 318 2.0527
315 319 0.61581
315 328 0.164216
315 336 1.14951
315 338 0.328432
315 339 0.328432
316 319 2.0527
316 320 0.307906
317 320 0.102635
317 321 0.307906
318 321 0.61581
318 326 0.492648
318 327 3.12011
318 328 0.656864
319 327 0.656864
321 327 1.14951
322 327 0.164216
323 326 3.44854
323 327 0.164216
324 327 1.14951
328 332 0.61581
329 332 2.87378
329 333 0.20527
330 333 2.0527
330 334 0.307906
331 334 2.0527
331 335 0.102635
331 365 0.164216
331 366 0.328432
331 368 0.492648
331 369 0.164216
331 372 0.656864
331 376 0.328432
332 335 2.0527
332 372 0.328432
333 336 0.20527
333 339 0.492648
334 339 0.492648
334 343 0.492648
334 376 0.656864
335 343 0.328432
335 375 0.328432
335 376 0.328432
336 339 3.12011
336 340 0.164216
336 343 0.328432
337 340 1.64216
339 342 3.44854
339 343 0.985297
340 343 4.1054
341 344 0.328432
341 347 0.492648
342 347 0.164216
342 359 0.164216
343 359 0.164216
343 375 0.328432
343 378 0.164216
343 380 0.328432
344 347 0.492648
344 380 0.328432
345 348 0.164216
345 380 0.656864
347 355 0.164216
348 353 3.61275
348 354 0.492648
349 352 3.12011
349 353 0.656864
349 354 0.328432
355 358 0.164216
357 360 0.328432
358 361 0.164216
359 376 0.328432
359 378 0.985297
361 365 0.82108
361 366 0.513174
361 376 0.164216
362 365 2.15533
362 366 0.41054
363 366 2.15533
363 367 0.20527
364 367 0.41054
366 369 3.28432
366 370 0.492648
366 376 0.164216
367 370 0.164216
369 372 1.14951
370 373 0.328432
371 374 0.656864
372 375 3.28432
372 376 0.656864
373 376 3.12011
373 377 0.656864
373 382 0.164216
374 382 0.492648
377 381 0.102635
377 382 0.61581
378 381 2.25797
378 382 0.20527
379 382 2.15533
379 383 0.102635
380 383 0.41054
