nresidues = 457
0 24 3.83706
0 25 0.396937
0 60 0.661562
1 25 3.96937
1 57 0.52925
1 58 0.132312
1 59 2.77856
1 60 3.1755
1 61 0.132312
2 19 0.396937
2 25 0.264625
2 26 2.51394
2 27 0.396937
2 59 0.132312
2 61 2.77856
2 63 0.264625
2 91 0.132312
3 27 3.83706
3 28 0.132312
3 29 0.132312
3 55 0.52925
3 56 0.132312
3 59 0.264625
3 61 0.396937
3 62 2.91087
3 63 0.264625
3 74 0.52925
4 7 0.793874
4 12 0.926187
4 15 0.396937
4 16 0.793874
4 26 0.264625
4 27 0.396937
4 28 2.51394
4 29 0.396937
4 63 2.77856
5 12 0.264625
5 29 2.77856
5 51 0.396937
5 63 0.52925
5 64 2.38162
5 65 0.132312
5 68 0.396937
5 72 0.132312
5 74 0.264625
6 9 0.132312
6 12 0.264625
6 29 2.51394
6 30 0.52925
7 12 2.38162
7 13 0.264625
7 16 0.264625
7 27 0.396937
7 28 0.396937
7 29 0.264625
7 30 0.52925
7 40 0.264625
7 47 0.396937
8 30 0.793874
8 34 0.661562
8 36 0.132312
8 37 0.132312
9 12 1.48851
9 13 0.330781
10 13 1.6539
10 14 0.0826952
10 134 0.132312
10 135 0.52925
10 136 0.132312
10 137 0.132312
10 145 1.0585
11 14 1.57121
11 15 0.0826952
11 88 0.132312
12 15 1.6539
12 16 0.16539
12 63 0.396937
12 65 0.396937
12 88 0.52925
13 16 1.7366
13 17 0.413475
13 36 0.793874
13 40 0.132312
13 145 0.264625
14 17 1.6539
14 18 0.16539
14 133 0.264625
14 145 0.396937
14 146 0.264625
15 18 1.6539
15 19 0.248087
15 91 0.264625
16 19 1.7366
16 20 0.16539
17 20 1.90199
17 21 0.248087
17 36 0.132312
17 40 0.396937
17 43 0.132312
17 145 0.132312
17 146 0.52925
18 21 1.6539
18 22 0.661562
18 95 0.264625
18 99 0.264625
18 133 0.793874
18 146 1.72006
18 148 0.132312
19 22 1.6539
19 23 1.40582
19 24 0.413475
19 26 0.264625
19 91 0.793874
19 95 0.132312
19 98 0.132312
20 23 0.0826952
20 43 0.132312
20 45 0.264625
21 146 0.264625
21 148 0.132312
22 148 0.396937
26 45 0.132312
26 46 0.132312
27 45 0.132312
27 46 2.91087
27 48 0.132312
27 55 0.264625
27 56 0.52925
27 57 0.793874
27 59 0.396937
28 46 0.132312
28 47 2.64625
28 48 0.396937
29 47 0.132312
29 48 2.64625
29 51 1.0585
29 55 0.132312
29 74 0.793874
30 34 0.132312
30 37 0.132312
30 48 0.132312
30 49 0.52925
30 50 2.51394
30 51 0.926187
31 49 0.396937
31 50 0.132312
32 49 0.52925
32 375 0.264625
33 37 0.744256
33 41 1.19081
33 49 0.396937
34 37 2.23278
34 38 0.16539
35 38 1.7366
35 39 0.16539
35 137 0.264625
35 435 0.132312
36 39 2.48087
36 40 0.248087
36 137 0.52925
36 143 0.396937
36 145 0.52925
37 40 1.57121
37 41 0.248087
37 47 0.264625
38 41 1.6539
38 42 0.16539
39 42 1.6539
39 43 0.248087
39 142 0.132312
39 143 1.32312
40 43 1.6539
40 44 1.40582
40 45 0.661562
41 44 1.48851
41 45 0.16539
41 47 1.45544
41 49 0.132312
43 143 0.264625
48 55 1.19081
48 57 0.661562
50 55 0.264625
51 55 0.396937
51 72 0.661562
51 74 1.0585
52 55 0.793874
52 73 0.396937
52 74 0.52925
53 56 0.132312
53 73 0.132312
54 57 0.132312
55 74 0.52925
56 59 0.926187
56 62 0.264625
56 74 0.132312
56 77 1.45544
56 78 0.52925
56 83 0.396937
59 62 0.132312
59 83 0.264625
60 83 0.132312
60 84 0.264625
61 84 2.77856
61 91 0.132312
62 75 0.132312
62 78 0.132312
62 83 0.132312
62 84 0.396937
62 85 2.91087
62 86 0.264625
63 86 2.91087
63 87 0.132312
63 91 0.793874
64 68 0.52925
64 75 0.132312
64 85 0.132312
64 86 0.396937
64 87 3.1755
64 88 0.264625
65 68 0.52925
65 88 0.264625
66 88 0.396937
66 161 0.396937
68 72 0.264625
68 75 0.132312
69 72 0.264625
70 76 0.132312
70 79 0.396937
72 75 1.6539
72 76 0.248087
73 76 1.6539
73 77 0.16539
74 77 1.6539
74 78 0.16539
75 78 1.7366
75 79 0.496171
76 79 1.6539
76 80 0.248087
77 80 1.7366
77 81 0.661562
78 81 1.6539
78 82 1.57121
78 83 0.248087
78 85 0.132312
79 82 0.330781
79 85 0.396937
86 90 0.330781
86 94 0.132312
87 90 1.6539
87 91 0.16539
88 91 1.7366
88 92 0.16539
88 161 0.132312
89 92 1.8193
89 93 0.16539
89 161 0.264625
89 163 0.396937
89 167 0.396937
90 93 1.6539
90 94 0.578868
90 163 0.396937
91 94 1.7366
91 95 0.330781
91 98 0.264625
92 95 1.98469
92 96 0.413475
92 133 0.926187
92 155 0.661562
92 167 0.52925
93 96 1.6539
93 97 0.661562
93 163 0.396937
93 166 0.52925
93 167 0.793874
94 97 1.6539
94 98 0.578868
95 98 2.15007
95 99 0.248087
96 99 1.7366
96 103 0.132312
96 155 0.661562
96 167 0.264625
97 100 0.330781
101 131 0.264625
101 149 0.52925
101 150 0.793874
101 151 0.661562
102 152 3.04318
102 153 0.396937
102 170 0.793874
102 171 1.0585
103 153 2.64625
103 155 0.793874
103 168 0.132312
103 169 2.91087
103 170 2.91087
103 171 0.264625
104 119 0.264625
104 123 0.52925
104 152 0.52925
104 153 0.396937
104 154 2.64625
104 155 0.396937
104 171 3.44012
104 275 0.132312
104 279 0.132312
105 155 2.91087
105 169 0.264625
105 171 0.396937
105 172 2.77856
105 173 0.132312
106 112 0.396937
106 115 0.264625
106 116 0.52925
106 155 0.264625
106 156 2.64625
106 157 0.396937
106 173 2.51394
107 112 0.264625
107 157 0.793874
107 158 0.132312
107 159 0.396937
107 172 0.132312
107 173 0.661562
107 174 2.51394
107 175 0.52925
107 196 0.132312
108 112 0.396937
108 159 0.396937
108 175 0.396937
108 176 3.04318
109 159 0.264625
109 175 0.132312
109 176 1.0585
109 177 0.52925
109 178 0.396937
109 192 0.132312
110 175 0.52925
110 176 1.19081
110 178 0.793874
111 114 1.57121
111 115 0.330781
111 175 0.264625
111 268 0.396937
112 115 1.6539
112 116 0.330781
112 156 0.661562
112 157 0.132312
112 158 0.132312
113 116 1.7366
113 117 0.16539
113 134 0.396937
113 135 0.52925
113 136 0.132312
113 156 1.0585
113 299 0.264625
114 117 1.7366
114 118 0.248087
114 265 0.132312
114 268 0.264625
114 293 0.264625
114 299 0.132312
115 118 1.6539
115 119 0.248087
115 173 0.132312
115 175 0.132312
115 268 0.661562
115 272 0.132312
116 119 1.6539
116 120 0.16539
116 154 0.264625
116 155 0.132312
116 156 0.264625
117 120 1.7366
117 121 0.16539
117 138 0.396937
117 293 0.793874
117 296 0.132312
118 121 1.7366
118 122 0.248087
118 265 0.132312
118 268 0.52925
118 269 0.264625
118 272 0.132312
118 293 0.661562
119 122 1.6539
119 123 0.330781
119 154 0.396937
120 123 1.6539
120 124 0.330781
120 132 0.264625
121 124 1.6539
121 125 0.16539
121 289 0.926187
121 292 0.396937
121 293 0.926187
122 125 1.6539
122 126 0.330781
122 272 0.132312
122 276 0.52925
122 286 0.132312
123 126 1.6539
123 127 1.6539
123 128 0.330781
123 130 0.132312
123 154 0.132312
123 276 0.396937
124 127 0.0826952
124 130 0.264625
124 140 0.264625
124 141 0.132312
124 147 0.793874
125 285 0.264625
125 288 0.396937
125 289 0.396937
126 281 0.264625
126 285 0.264625
128 150 2.24931
128 151 0.132312
128 152 0.132312
128 281 0.52925
129 149 2.91087
129 150 3.30781
129 151 0.264625
130 147 0.132312
130 148 2.24931
130 149 0.264625
130 152 2.77856
130 154 0.132312
131 147 2.91087
131 148 0.396937
131 149 0.52925
131 152 0.264625
131 153 2.91087
131 154 0.264625
132 141 0.132312
132 145 0.132312
132 146 3.04318
132 147 0.264625
132 154 2.51394
133 145 2.64625
133 146 0.396937
133 153 0.264625
133 154 0.396937
133 155 2.64625
134 138 0.132312
134 141 0.132312
134 145 1.32312
134 156 0.396937
135 156 0.52925
135 299 0.132312
136 144 2.51394
136 145 0.264625
136 296 0.396937
137 144 3.57243
137 145 0.132312
137 296 2.77856
137 297 0.661562
138 141 0.793874
138 144 0.661562
138 293 0.132312
139 297 0.926187
140 147 0.0826952
141 144 0.413475
141 145 0.0826952
141 146 0.0826952
141 147 0.413475
142 146 1.40582
142 147 0.16539
143 146 1.7366
155 167 0.264625
155 169 0.132312
157 164 0.132312
157 167 1.0585
157 199 0.132312
158 161 0.264625
158 164 0.132312
159 164 0.52925
159 185 0.52925
159 192 0.661562
159 196 0.132312
160 184 0.396937
160 185 0.132312
161 164 0.52925
161 184 0.52925
161 185 0.661562
162 165 0.52925
162 184 0.396937
162 185 1.32312
162 191 1.58775
163 166 1.19081
163 167 0.264625
164 167 0.793874
164 185 0.264625
164 195 0.132312
164 196 0.926187
164 199 0.264625
165 195 0.661562
165 198 0.264625
166 198 0.52925
167 199 0.264625
168 202 0.661562
169 172 0.132312
169 202 0.132312
169 203 3.04318
170 203 2.91087
170 204 3.30781
170 205 0.132312
171 203 0.396937
171 205 2.51394
171 275 0.132312
171 279 0.926187
172 199 0.132312
172 203 0.132312
172 205 0.264625
172 206 2.77856
172 207 0.264625
173 207 2.64625
173 271 0.396937
174 196 0.264625
174 207 0.396937
174 208 2.51394
174 215 0.396937
175 209 0.396937
175 223 0.132312
176 212 1.0585
177 192 0.52925
177 196 0.264625
177 212 0.661562
177 214 0.396937
178 192 0.396937
179 182 0.52925
179 192 0.661562
182 185 2.77856
182 186 2.51394
182 187 0.52925
182 188 0.264625
182 189 0.396937
183 187 0.132312
184 191 0.132312
185 188 0.52925
185 191 2.38162
185 192 0.661562
185 195 0.132312
186 191 0.132312
188 191 2.06738
188 192 0.0826952
189 192 1.90199
189 193 0.248087
190 193 1.6539
190 194 0.330781
191 194 1.8193
191 195 0.16539
192 195 1.6539
192 196 0.413475
192 214 0.264625
193 196 1.6539
193 197 0.330781
193 214 0.132312
194 197 1.8193
194 198 0.16539
195 198 1.6539
195 199 0.16539
196 199 1.7366
196 200 0.330781
196 215 0.132312
196 218 0.396937
197 200 1.7366
197 201 0.413475
197 217 0.264625
197 218 0.132312
198 201 1.98469
198 202 0.248087
199 202 1.57121
199 203 0.413475
200 203 0.330781
200 206 0.264625
200 218 0.396937
203 206 0.264625
204 220 0.132312
205 220 0.793874
205 278 0.132312
206 218 0.264625
206 219 2.64625
206 220 2.91087
206 221 0.132312
207 221 2.64625
207 223 0.264625
207 271 0.132312
207 274 0.264625
207 275 0.264625
208 215 0.661562
208 216 0.52925
208 218 0.396937
208 219 0.264625
208 221 0.264625
208 222 2.91087
208 223 0.926187
209 212 0.661562
209 216 0.264625
209 222 0.132312
209 223 3.70475
209 224 0.132312
210 216 0.264625
210 222 0.396937
210 223 0.264625
210 227 0.52925
210 228 0.132312
211 224 0.661562
211 225 0.264625
211 226 0.132312
211 227 0.661562
212 215 3.30781
212 216 0.396937
213 216 0.132312
214 217 0.264625
215 218 0.52925
216 219 0.132312
216 222 0.132312
221 229 0.661562
221 278 0.396937
222 228 3.04318
222 229 3.44012
222 230 0.52925
223 227 2.24931
223 230 2.64625
223 267 0.264625
223 270 0.52925
223 271 0.793874
224 227 0.264625
224 230 0.132312
224 231 2.51394
224 270 0.132312
225 231 2.64625
225 232 0.52925
225 263 0.264625
225 267 0.132312
226 231 0.396937
227 231 0.52925
228 231 0.132312
229 247 0.132312
229 248 2.64625
229 249 0.264625
230 247 2.64625
230 248 0.52925
230 270 0.396937
230 274 0.52925
230 277 0.661562
231 245 0.132312
231 246 2.91087
231 247 0.793874
232 245 2.64625
232 263 0.132312
232 266 0.264625
232 267 0.132312
233 245 3.04318
233 247 0.52925
233 252 1.58775
234 244 2.77856
234 245 0.52925
234 252 0.132312
235 242 0.793874
235 243 2.91087
235 262 0.661562
235 263 1.0585
235 266 0.132312
235 333 1.0585
236 242 2.77856
236 243 0.52925
237 241 2.51394
237 242 0.132312
237 333 0.52925
238 241 0.926187
239 310 0.132312
239 312 0.661562
239 334 0.52925
239 335 0.264625
239 338 0.793874
240 259 0.396937
241 257 0.132312
241 258 2.64625
242 256 0.132312
242 257 2.51394
242 258 0.52925
242 260 0.52925
242 261 0.661562
242 262 0.661562
242 266 0.396937
243 255 0.132312
243 256 2.77856
243 257 0.661562
244 254 0.132312
244 255 2.77856
244 256 0.661562
244 266 0.132312
245 252 0.396937
245 254 2.91087
245 255 0.52925
246 252 2.64625
246 253 2.64625
246 254 0.793874
246 270 0.264625
247 250 0.52925
247 251 3.44012
247 252 0.132312
247 253 0.132312
248 251 0.52925
248 253 1.0585
248 277 0.661562
253 277 1.0585
253 283 0.264625
254 283 0.132312
254 287 0.132312
256 269 0.132312
256 273 0.132312
256 290 0.132312
257 290 2.51394
257 291 1.19081
258 265 0.396937
258 266 0.132312
258 269 0.132312
258 290 0.132312
258 291 2.24931
259 291 0.396937
260 265 0.330781
260 293 0.132312
260 294 0.264625
260 295 0.132312
261 265 0.330781
261 300 0.264625
261 334 0.264625
262 265 1.57121
262 266 0.0826952
262 330 0.264625
263 266 1.7366
263 267 0.0826952
264 267 1.6539
264 268 0.496171
264 326 0.396937
265 268 1.90199
265 269 0.16539
266 269 1.7366
266 270 0.16539
267 270 1.7366
267 271 0.16539
268 271 1.57121
268 272 0.16539
269 272 1.6539
269 273 0.330781
270 273 1.6539
270 274 0.16539
271 274 1.6539
271 275 0.16539
272 275 1.6539
272 276 0.330781
273 276 1.57121
273 277 0.16539
273 290 0.132312
274 277 1.40582
274 278 0.248087
275 278 1.6539
275 279 0.248087
276 279 1.6539
276 280 1.57121
276 281 1.07504
276 283 0.132312
277 280 0.0826952
277 283 0.396937
282 285 1.8193
282 286 0.0826952
283 286 1.8193
283 287 0.330781
284 287 1.6539
284 288 0.16539
285 288 1.7366
285 289 0.16539
286 289 1.6539
286 290 0.330781
287 290 1.7366
287 291 0.16539
288 291 1.6539
288 292 0.413475
289 292 1.6539
289 293 0.16539
290 293 0.16539
296 299 1.19081
297 301 0.661562
298 301 0.264625
298 315 2.77856
298 316 3.04318
298 317 1.45544
298 426 0.264625
298 427 0.793874
298 428 0.396937
298 431 1.32312
299 315 2.24931
299 316 0.52925
300 314 0.52925
300 315 2.51394
300 316 0.264625
300 327 0.264625
300 330 0.264625
300 331 0.132312
301 314 2.77856
301 315 0.52925
302 312 0.132312
302 313 2.64625
302 314 0.264625
303 313 2.64625
303 315 0.132312
304 311 0.132312
304 312 2.77856
304 313 0.264625
304 438 0.52925
304 441 0.52925
305 311 2.77856
305 312 2.51394
306 309 3.57243
306 310 2.51394
306 311 0.264625
306 441 0.661562
309 418 2.77856
309 419 0.132312
309 441 0.396937
310 338 0.661562
310 418 2.51394
310 419 3.57243
310 420 0.132312
311 416 0.132312
311 417 0.396937
311 418 0.264625
311 420 2.51394
311 422 0.132312
311 441 0.264625
312 335 0.793874
312 420 0.132312
312 421 2.91087
312 422 0.52925
313 422 2.64625
313 424 0.264625
313 434 0.132312
313 437 0.264625
313 438 0.396937
314 335 0.264625
314 421 0.132312
314 422 0.264625
314 423 2.91087
314 424 0.396937
315 424 2.64625
315 431 0.396937
315 434 0.52925
316 327 0.793874
316 424 0.132312
316 425 2.91087
316 426 0.264625
317 426 3.04318
317 427 0.661562
318 323 0.578868
318 324 0.0826952
318 344 0.132312
318 425 2.64625
318 426 0.132312
319 323 1.07504
319 347 0.132312
319 359 0.396937
320 323 2.23278
320 324 0.330781
320 359 0.264625
321 324 1.7366
321 325 0.16539
321 358 0.264625
321 359 1.19081
321 362 0.132312
322 325 1.6539
322 326 0.496171
323 326 1.7366
323 327 0.16539
324 327 1.6539
324 328 0.248087
324 344 0.264625
324 359 0.132312
324 362 0.264625
324 363 0.264625
325 328 1.6539
325 329 0.744256
326 329 1.8193
326 330 0.330781
327 330 1.7366
327 331 0.16539
327 425 0.264625
328 331 1.6539
328 332 0.248087
328 340 0.132312
328 342 0.132312
328 362 0.132312
328 363 0.396937
328 365 0.926187
328 423 0.132312
329 332 1.6539
329 333 0.248087
330 333 1.7366
330 334 0.248087
331 334 1.7366
331 335 0.496171
332 335 1.6539
332 336 0.0826952
332 340 0.396937
332 365 0.661562
332 367 0.264625
335 338 0.793874
335 421 0.793874
338 367 0.132312
338 419 3.04318
339 367 0.793874
339 368 0.264625
339 417 0.132312
339 419 0.264625
339 420 3.1755
339 421 0.396937
340 366 2.77856
340 367 3.44012
340 368 0.132312
340 421 2.64625
340 423 0.132312
341 368 2.77856
341 420 0.132312
341 421 0.396937
341 422 2.91087
341 423 0.52925
342 363 0.132312
342 366 0.132312
342 368 0.264625
342 369 2.64625
342 370 0.264625
342 423 2.51394
342 425 0.132312
343 370 2.51394
343 410 0.264625
343 414 0.132312
343 423 0.396937
343 424 3.1755
343 425 0.264625
343 430 0.396937
344 359 0.52925
344 370 0.264625
344 371 2.64625
344 372 0.132312
344 390 0.132312
344 425 2.77856
344 430 0.132312
345 373 0.132312
345 375 0.396937
345 407 0.132312
345 425 0.132312
345 426 0.132312
345 427 0.132312
345 428 0.793874
345 429 1.19081
345 430 0.793874
346 371 0.132312
346 372 0.396937
346 373 0.132312
346 374 2.77856
346 375 0.264625
346 390 0.264625
347 375 2.51394
347 427 0.264625
348 375 0.264625
348 376 0.264625
348 393 0.132312
357 360 1.48851
357 361 0.0826952
358 361 1.6539
358 362 0.16539
359 362 1.6539
359 363 0.330781
360 363 1.57121
360 364 0.248087
360 393 0.52925
360 394 0.396937
360 397 0.52925
361 364 0.909649
361 397 0.661562
363 366 0.264625
363 394 0.132312
364 397 0.661562
368 400 2.64625
369 394 0.132312
369 401 2.77856
369 402 0.396937
370 402 2.64625
370 404 0.132312
371 387 0.132312
371 390 0.132312
371 394 0.132312
371 402 0.52925
371 403 2.77856
371 404 0.264625
372 387 0.132312
372 403 0.52925
372 404 0.52925
372 405 0.264625
372 410 0.264625
373 376 0.396937
373 386 0.793874
373 387 0.132312
373 403 0.264625
373 405 0.132312
374 386 0.264625
375 428 0.661562
375 429 1.0585
386 389 1.98469
387 390 1.7366
387 403 0.793874
388 391 1.8193
388 392 0.496171
388 403 1.19081
389 392 1.8193
389 393 0.330781
390 393 1.7366
390 394 0.413475
391 394 1.6539
391 395 0.744256
391 401 0.926187
391 402 0.926187
391 403 0.396937
392 395 1.6539
392 396 0.330781
393 396 1.8193
393 397 0.16539
394 397 1.6539
394 398 1.48851
394 401 0.264625
395 398 0.0826952
395 399 0.0826952
395 401 0.132312
404 409 0.132312
406 409 1.57121
407 410 0.248087
407 411 0.0826952
407 429 0.132312
407 433 0.396937
407 436 0.132312
408 411 0.413475
408 412 0.248087
409 412 1.8193
409 413 0.16539
410 413 1.57121
410 414 0.16539
410 433 0.396937
411 433 0.793874
411 436 1.45544
411 437 0.264625
411 440 0.52925
412 440 0.264625
413 440 0.132312
414 422 0.264625
414 424 0.132312
414 437 0.264625
414 440 0.52925
415 422 0.264625
416 422 0.132312
416 437 0.264625
416 441 0.264625
417 420 0.793874
422 437 0.661562
424 430 0.264625
424 433 0.396937
424 434 0.926187
424 437 0.661562
425 430 0.264625
426 430 0.396937
428 431 0.0826952
429 432 1.98469
430 433 1.7366
430 434 0.0826952
431 434 1.57121
431 435 0.16539
432 435 1.90199
432 436 0.496171
433 436 1.7366
433 437 0.16539
434 437 1.6539
434 438 0.248087
435 438 1.6539
435 439 0.413475
436 439 1.8193
436 440 0.16539
437 440 1.7366
437 441 0.16539
438 441 1.6539
438 442 0.578868
439 442 1.7366
439 443 0.248087
440 443 1.98469
440 444 0.16539
441 444 1.8193
441 445 0.744256
442 445 0.248087
