L	Ls	nvertices	F_L	F_L_constrained	rho_sum	nloops	regions
 17	  0	  0	           0	           0	           0	 0	[(0, 17)]
 18	  0	  0	           0	           0	           0	 0	[(0, 18)]
 19	  0	  0	           0	           0	           0	 0	[(0, 19)]
 20	  0	  0	           0	           0	           0	 0	[(0, 20)]
 21	  0	  2	    -0.25599	    -0.25599	    0.242191	 0	[(0, 21)]
 22	  0	  2	    -0.25599	    -0.25599	    0.242191	 0	[(0, 22)]
 23	  0	  5	    -0.25599	   -0.252384	    0.252554	 0	[(0, 23)]
 24	  0	  5	    -0.25599	   -0.252384	    0.252554	 0	[(0, 24)]
 25	  0	  5	    -0.25599	   -0.252384	    0.252554	 0	[(0, 25)]
 26	  0	  5	    -0.25599	   -0.252384	    0.252554	 0	[(0, 26)]
 27	  0	  5	    -0.25599	   -0.252384	    0.252554	 0	[(0, 27)]
 28	  0	  5	    -0.25599	   -0.252384	    0.252554	 0	[(0, 28)]
 29	  0	  5	    -0.25599	   -0.252384	    0.252554	 0	[(0, 29)]
 30	  0	  5	    -0.25599	   -0.252384	    0.252554	 0	[(0, 30)]
 31	  0	  5	    -0.25599	   -0.252384	    0.252554	 0	[(0, 31)]
 32	  0	  5	    -0.25599	   -0.252384	    0.252554	 0	[(0, 32)]
 33	  0	  5	    -0.25599	   -0.252384	    0.252554	 0	[(0, 33)]
 34	  0	  5	    -0.25599	   -0.252384	    0.252554	 0	[(0, 34)]
 35	  0	  9	    -0.25599	     3.79459	     0.52221	 1	[(0, 35)]
 36	  0	 11	    -0.25599	     1.96133	    0.527063	 1	[(0, 36)]
 37	  0	 13	   -0.425216	   -0.425216	    0.431541	 0	[(0, 37)]
 38	  0	 14	   -0.438449	   -0.438449	     0.44591	 0	[(0, 38)]
 39	  0	 15	   -0.451462	   -0.451462	    0.459704	 0	[(0, 39)]
 40	  0	 16	   -0.451462	     5.00167	     7.16171	 0	[(0, 40)]
 41	  0	 17	   -0.451462	     4.74694	     7.52615	 0	[(0, 41)]
 42	  0	 18	   -0.451462	      4.7714	     7.85558	 0	[(0, 42)]
 43	  0	 19	   -0.451462	     4.21795	     9.31268	 0	[(0, 43)]
 44	  0	 20	   -0.451462	     3.82359	     10.4378	 0	[(0, 44)]
 45	  0	 21	   -0.451462	     3.44104	     11.4839	 0	[(0, 45)]
 46	  0	 22	   -0.451462	     3.28999	     12.3541	 0	[(0, 46)]
 47	  0	 23	   -0.451462	     3.20026	     13.1469	 0	[(0, 47)]
 48	  0	 24	   -0.451462	      3.7127	     12.9073	 0	[(0, 48)]
 49	  0	 24	   -0.451462	      3.7127	     12.9073	 0	[(0, 49)]
 50	  0	 25	   -0.451462	     3.52196	     13.0842	 0	[(0, 50)]
 51	  0	 27	   -0.451462	     3.42523	     13.1941	 0	[(0, 51)]
 52	  0	 27	   -0.451462	     3.42523	     13.1941	 0	[(0, 52)]
 53	  0	 28	   -0.451462	     3.25851	     13.3486	 0	[(0, 53)]
 54	  0	 30	   -0.451462	     3.12557	     13.5458	 0	[(0, 54)]
 55	  0	 31	   -0.451462	     3.14146	     13.5815	 0	[(0, 55)]
 56	  0	 32	   -0.451462	      3.1346	     13.5883	 0	[(0, 56)]
 57	  0	 32	   -0.451462	      3.1346	     13.5883	 0	[(0, 57)]
 58	 48	  4	   -0.451462	     4.08131	    0.270158	 1	[(48, 58)]
 59	 48	  5	   -0.451462	     4.32651	    0.260517	 1	[(48, 59)]
 60	 48	  7	   -0.451462	     4.39824	    0.265654	 1	[(48, 60)]
 61	 48	 11	   -0.451462	     7.11133	     4.57444	 1	[(48, 61)]
 62	 48	 13	   -0.451462	     8.54008	     6.57863	 1	[(48, 62)]
 63	 21	 39	   -0.451462	     5.68137	     35.6674	 1	[(21, 63)]
 64	  0	 45	   -0.451462	     5.43234	     37.7943	 1	[(0, 64)]
 65	 21	 43	   -0.451462	      5.5455	     39.5008	 1	[(21, 65)]
 66	 21	 45	   -0.451462	     6.91235	     40.0965	 1	[(21, 66)]
 67	 21	 45	   -0.451462	     6.91235	     40.0965	 1	[(21, 67)]
 68	 21	 46	   -0.451462	     7.33529	     41.1922	 2	[(21, 68)]
 69	 21	 47	   -0.451462	      6.9981	     41.9913	 2	[(21, 69)]
 70	 21	 47	   -0.451462	      6.9981	     41.9913	 2	[(21, 70)]
 71	 68	  2	   -0.451462	     3.71298	    0.303961	 1	[(68, 71)]
 72	 68	  4	   -0.451462	      2.2485	    0.289646	 1	[(68, 72)]
 73	 68	  6	   -0.451462	     4.81872	     5.32251	 0	[(68, 73)]
 74	 68	  7	   -0.451462	     4.75935	     5.82642	 0	[(68, 74)]
 75	 68	  8	   -0.451462	      4.8651	      6.3509	 0	[(68, 75)]
 76	 21	 54	   -0.451462	     4.75639	     48.9862	 2	[(21, 76)]
 77	 21	 55	   -0.451462	     4.70933	     49.8318	 2	[(21, 77)]
 78	 21	 56	   -0.451462	     4.31221	     50.7901	 2	[(21, 78)]
 79	 21	 57	   -0.451462	     3.65741	     51.9721	 2	[(21, 79)]
 80	 21	 58	   -0.451462	     3.45195	     52.8277	 2	[(21, 80)]
 81	 21	 59	   -0.451462	     2.29217	     54.5983	 2	[(21, 81)]
 82	 21	 60	   -0.451462	    0.254098	     55.7466	 2	[(21, 82)]
 83	 21	 61	    -2.13889	    -2.13889	     56.7974	 2	[(21, 83)]
 84	 21	 62	    -3.45142	    -3.45142	     57.7398	 2	[(21, 84)]
 85	 21	 63	    -4.71165	    -4.71165	     58.7312	 2	[(21, 85)]
 86	 21	 64	    -6.96726	    -6.96726	     59.7629	 2	[(21, 86)]
 87	 21	 65	    -8.53881	    -8.53881	     60.7426	 2	[(21, 87)]
 88	 21	 66	    -10.4878	    -10.4878	     61.8072	 2	[(21, 88)]
 89	 21	 67	     -11.932	     -11.932	     63.1004	 2	[(21, 89)]
 90	 20	 69	    -13.3127	    -13.3127	        65.3	 2	[(20, 90)]
 91	 20	 70	    -13.3127	    -12.7702	      65.837	 2	[(20, 91)]
 92	 20	 71	    -13.3127	    -12.2489	     65.7426	 2	[(20, 92)]
 93	 20	 72	    -13.3127	    -12.5255	      66.165	 2	[(20, 93)]
 94	 20	 73	    -13.3127	    -12.4297	     66.2208	 2	[(20, 94)]
 95	 20	 74	    -13.3127	    -11.8915	     69.0487	 2	[(20, 95)]
 96	 20	 75	    -13.3127	    -11.8102	     70.3854	 2	[(20, 96)]
 97	 20	 76	    -13.3127	    -11.7989	     71.3769	 2	[(20, 97)]
 98	 20	 77	    -13.3127	    -11.9387	      72.542	 2	[(20, 98)]
 99	 20	 78	    -13.3127	    -12.0325	     73.6207	 2	[(20, 99)]
100	 20	 79	    -13.3127	    -12.2784	      74.725	 2	[(20, 100)]
101	 20	 80	    -13.3127	    -12.7096	      75.824	 2	[(20, 101)]
102	 20	 81	    -13.3127	    -12.7616	     76.7089	 2	[(20, 102)]
103	 20	 82	    -13.3127	    -12.6328	     77.4182	 2	[(20, 103)]
104	 20	 83	    -13.3127	    -12.6307	     78.2371	 2	[(20, 104)]
105	 20	 84	    -13.3127	    -12.6263	     79.2654	 2	[(20, 105)]
106	 20	 85	    -13.3127	    -12.5567	     80.2957	 2	[(20, 106)]
107	 20	 86	    -13.3127	    -12.3735	      81.027	 2	[(20, 107)]
108	 20	 87	    -13.3127	    -12.2496	     77.3129	 2	[(20, 108)]
109	 20	 87	    -13.3127	    -12.2496	     77.3129	 2	[(20, 109)]
110	 20	 87	    -13.3127	    -12.2496	     77.3129	 2	[(20, 110)]
111	 20	 87	    -13.3127	    -12.2496	     77.3129	 2	[(20, 111)]
112	 20	 87	    -13.3127	    -12.2496	     77.3129	 2	[(20, 112)]
113	 20	 87	    -13.3127	    -12.2496	     77.3129	 2	[(20, 113)]
114	 20	 90	    -13.3127	    -8.35387	     77.6617	 3	[(20, 114)]
115	 20	 91	    -13.3127	    -8.15563	     77.6202	 3	[(20, 115)]
116	 20	 93	    -13.3127	    -7.89137	     77.4323	 3	[(20, 116)]
117	 20	 93	    -13.3127	    -7.89137	     77.4323	 3	[(20, 117)]
118	 20	 94	    -13.3127	    -8.02597	     77.6128	 3	[(20, 118)]
119	 20	 95	    -13.3127	    -8.01947	     77.5996	 3	[(20, 119)]
120	 20	 95	    -13.3127	    -8.01947	     77.5996	 3	[(20, 120)]
121	 20	 96	    -13.3127	     -2.8213	     77.7361	 4	[(20, 121)]
122	 20	 96	    -13.3127	     -2.8213	     77.7361	 4	[(20, 122)]
123	 20	 96	    -13.3127	     -2.8213	     77.7361	 4	[(20, 123)]
124	 20	 96	    -13.3127	     -2.8213	     77.7361	 4	[(20, 124)]
125	 20	 98	    -13.3127	     1.42966	     77.9212	 5	[(20, 125)]
126	 20	100	    -13.3127	   0.0080316	     77.8803	 5	[(20, 126)]
127	 20	102	    -13.3127	    -2.66083	     77.7733	 4	[(20, 127)]
128	 20	104	    -13.3127	     2.56075	     84.9743	 4	[(20, 128)]
129	 20	106	    -13.3127	     2.77536	     84.6968	 4	[(20, 129)]
130	 20	107	    -13.3127	     2.74275	     85.1708	 4	[(20, 130)]
131	 20	108	    -13.3127	      2.4316	     86.5459	 4	[(20, 131)]
132	121	 12	    -13.3127	     4.39851	     9.79055	 0	[(121, 132)]
133	121	 13	    -13.3127	     4.05933	     10.8789	 0	[(121, 133)]
134	121	 14	    -13.3127	     4.12362	     11.6745	 0	[(121, 134)]
135	121	 15	    -13.3127	     3.82626	     12.7824	 0	[(121, 135)]
136	121	 16	    -13.3127	     3.84589	     13.6242	 0	[(121, 136)]
137	121	 17	    -13.3127	     3.87025	     14.5333	 0	[(121, 137)]
138	121	 18	    -13.3127	     4.33239	     13.8091	 0	[(121, 138)]
139	121	 18	    -13.3127	     4.33239	     13.8091	 0	[(121, 139)]
140	121	 19	    -13.3127	     3.64943	     15.9548	 0	[(121, 140)]
141	121	 20	    -13.3127	     3.74741	     16.3046	 0	[(121, 141)]
142	121	 20	    -13.3127	     3.74741	     16.3046	 0	[(121, 142)]
143	121	 21	    -13.3127	     3.53089	     16.5029	 0	[(121, 143)]
144	121	 21	    -13.3127	     3.53089	     16.5029	 0	[(121, 144)]
145	121	 21	    -13.3127	     3.53089	     16.5029	 0	[(121, 145)]
146	121	 21	    -13.3127	     3.53089	     16.5029	 0	[(121, 146)]
147	121	 21	    -13.3127	     3.53089	     16.5029	 0	[(121, 147)]
148	121	 23	    -13.3127	     3.26807	     16.7576	 0	[(121, 148)]
149	121	 23	    -13.3127	     3.26807	     16.7576	 0	[(121, 149)]
150	121	 23	    -13.3127	     3.26807	     16.7576	 0	[(121, 150)]
151	121	 23	    -13.3127	     3.26807	     16.7576	 0	[(121, 151)]
152	139	106	    -13.3127	     5.41314	     78.1589	 6	[(20, 127), (139, 152)]
153	139	107	    -13.3127	     5.61334	     78.2158	 6	[(20, 127), (139, 153)]
154	139	109	    -13.3127	      5.8119	     82.3457	 6	[(20, 127), (139, 154)]
155	139	111	    -13.3127	     3.04485	     85.2942	 5	[(20, 127), (139, 155)]
156	139	114	    -13.3127	     4.01767	     87.4715	 5	[(20, 127), (139, 156)]
157	139	116	    -13.3127	     2.25969	     89.5235	 5	[(20, 127), (139, 157)]
158	139	118	    -13.3127	     2.71399	     91.2685	 5	[(20, 127), (139, 158)]
159	139	120	    -13.3127	     3.04827	      93.091	 5	[(20, 127), (139, 159)]
160	121	 37	    -13.3127	     5.28505	     33.5362	 2	[(121, 160)]
161	121	 39	    -13.3127	     5.11366	      34.499	 1	[(121, 161)]
162	121	 39	    -13.3127	     5.11366	      34.499	 1	[(121, 162)]
163	121	 39	    -13.3127	     5.11366	      34.499	 1	[(121, 163)]
164	121	 40	    -13.3127	     4.92314	     34.7107	 1	[(121, 164)]
165	 20	138	    -13.3127	     2.71235	       112.5	 5	[(20, 165)]
166	 20	140	    -13.3127	     2.76126	     112.427	 5	[(20, 166)]
167	 20	140	    -13.3127	     2.76126	     112.427	 5	[(20, 167)]
168	 20	140	    -13.3127	     2.76126	     112.427	 5	[(20, 168)]
169	 20	140	    -13.3127	     2.76126	     112.427	 5	[(20, 169)]
170	 20	143	    -13.3127	     3.34686	     112.073	 5	[(20, 170)]
171	 20	143	    -13.3127	     3.34686	     112.073	 5	[(20, 171)]
172	 20	143	    -13.3127	     3.34686	     112.073	 5	[(20, 172)]
173	 20	143	    -13.3127	     3.34686	     112.073	 5	[(20, 173)]
174	 20	143	    -13.3127	     3.34686	     112.073	 5	[(20, 174)]
175	 20	143	    -13.3127	     3.34686	     112.073	 5	[(20, 175)]
176	 20	143	    -13.3127	     3.34686	     112.073	 5	[(20, 176)]
177	 20	143	    -13.3127	     3.34686	     112.073	 5	[(20, 177)]
178	 20	143	    -13.3127	     3.34686	     112.073	 5	[(20, 178)]
179	 20	145	    -13.3127	     3.09087	     112.316	 5	[(20, 179)]
180	 20	145	    -13.3127	     3.09087	     112.316	 5	[(20, 180)]
181	 20	145	    -13.3127	     3.09087	     112.316	 5	[(20, 181)]
182	 20	146	    -13.3127	     2.72967	     112.625	 5	[(20, 182)]
183	 20	149	    -13.3127	     2.84646	     112.581	 5	[(20, 183)]
184	 20	152	    -13.3127	     3.81557	     111.832	 5	[(20, 184)]
185	 20	152	    -13.3127	     3.81557	     111.832	 5	[(20, 185)]
186	183	104	    -13.3127	     1.07694	     78.0268	 5	[(20, 127), (183, 186)]
187	183	106	    -13.3127	    -2.91115	     78.0309	 4	[(20, 127), (183, 187)]
188	183	108	    -13.3127	    -2.80676	     77.9227	 4	[(20, 127), (183, 188)]
189	183	109	    -13.3127	    -2.82014	     77.9373	 4	[(20, 127), (183, 189)]
190	183	110	    -13.3127	    -2.83333	     77.9515	 4	[(20, 127), (183, 190)]
191	183	111	    -13.3127	     2.72629	     83.4548	 4	[(20, 127), (183, 191)]
192	183	112	    -13.3127	     2.63397	     83.8061	 4	[(20, 127), (183, 192)]
193	183	113	    -13.3127	     2.68365	     84.2075	 4	[(20, 127), (183, 193)]
194	183	114	    -13.3127	     2.62656	     84.6516	 4	[(20, 127), (183, 194)]
195	183	115	    -13.3127	     2.62777	     85.1563	 4	[(20, 127), (183, 195)]
196	183	116	    -13.3127	     2.63978	     85.7468	 4	[(20, 127), (183, 196)]
197	183	117	    -13.3127	     2.62548	      86.649	 4	[(20, 127), (183, 197)]
198	183	118	    -13.3127	      1.3347	      88.412	 4	[(20, 127), (183, 198)]
199	183	119	    -13.3127	    0.981472	     89.3013	 4	[(20, 127), (183, 199)]
200	183	120	    -13.3127	    0.285362	     90.3871	 4	[(20, 127), (183, 200)]
201	183	121	    -13.3127	    0.872074	     90.6395	 4	[(20, 127), (183, 201)]
202	183	122	    -13.3127	     1.24457	     90.3395	 4	[(20, 127), (183, 202)]
203	183	122	    -13.3127	     1.24457	     90.3395	 4	[(20, 127), (183, 203)]
204	183	122	    -13.3127	     1.24457	     90.3395	 4	[(20, 127), (183, 204)]
205	183	122	    -13.3127	     1.24457	     90.3395	 4	[(20, 127), (183, 205)]
206	203	104	    -13.3127	     1.08264	     78.0164	 5	[(20, 127), (203, 206)]
207	203	106	    -13.3127	    -2.91803	     78.0464	 4	[(20, 127), (203, 207)]
208	203	108	    -13.3127	    -2.80836	     77.9262	 4	[(20, 127), (203, 208)]
209	183	129	    -13.3127	       1.223	     90.2658	 4	[(20, 127), (183, 209)]
210	183	130	    -13.3127	     1.21107	     90.2773	 4	[(20, 127), (183, 210)]
211	183	130	    -13.3127	     1.21107	     90.2773	 4	[(20, 127), (183, 211)]
212	203	111	    -13.3127	     -2.9612	     78.0727	 4	[(20, 127), (203, 212)]
213	203	111	    -13.3127	     -2.9612	     78.0727	 4	[(20, 127), (203, 213)]
214	203	111	    -13.3127	     -2.9612	     78.0727	 4	[(20, 127), (203, 214)]
215	203	111	    -13.3127	     -2.9612	     78.0727	 4	[(20, 127), (203, 215)]
216	203	111	    -13.3127	     -2.9612	     78.0727	 4	[(20, 127), (203, 216)]
217	203	111	    -13.3127	     -2.9612	     78.0727	 4	[(20, 127), (203, 217)]
218	203	111	    -13.3127	     -2.9612	     78.0727	 4	[(20, 127), (203, 218)]
219	203	111	    -13.3127	     -2.9612	     78.0727	 4	[(20, 127), (203, 219)]
220	183	135	    -13.3127	    0.410101	     91.1886	 4	[(20, 127), (183, 220)]
221	183	135	    -13.3127	    0.410101	     91.1886	 4	[(20, 127), (183, 221)]
222	203	115	    -13.3127	    -3.35682	     78.4742	 4	[(20, 127), (203, 222)]
223	203	116	    -13.3127	   -0.850066	     78.4883	 5	[(20, 127), (203, 223)]
224	219	108	    -13.3127	     2.13622	     83.0756	 4	[(20, 127), (219, 224)]
225	219	109	    -13.3127	     2.09512	     83.5896	 4	[(20, 127), (219, 225)]
226	219	110	    -13.3127	     1.70053	     84.0135	 4	[(20, 127), (219, 226)]
227	219	111	    -13.3127	     1.52925	     85.1949	 4	[(20, 127), (219, 227)]
228	219	112	    -13.3127	     1.62345	     86.1176	 4	[(20, 127), (219, 228)]
229	219	113	    -13.3127	     1.67369	     86.8246	 4	[(20, 127), (219, 229)]
230	219	114	    -13.3127	     1.51796	     87.6889	 4	[(20, 127), (219, 230)]
231	219	115	    -13.3127	     1.93789	     86.7357	 4	[(20, 127), (219, 231)]
232	219	115	    -13.3127	     1.93789	     86.7357	 4	[(20, 127), (219, 232)]
233	 20	210	    -13.3127	     3.27184	      178.78	 6	[(20, 233)]
234	 20	211	    -13.3127	    0.266458	     180.254	 6	[(20, 234)]
235	 20	212	    -13.3127	      0.7649	      180.65	 6	[(20, 235)]
236	 20	213	    -13.3127	     1.10946	     180.828	 6	[(20, 236)]
237	 20	214	    -13.3127	   -0.440377	     182.934	 6	[(20, 237)]
238	 20	215	    -13.3127	   0.0858113	     182.885	 6	[(20, 238)]
239	  0	219	    -13.3127	    -3.91023	     169.877	 6	[(0, 239)]
240	  0	219	    -13.3127	    -3.91023	     169.877	 6	[(0, 240)]
241	 20	217	    -13.3127	    -2.31032	     176.896	 6	[(20, 241)]
242	 20	217	    -13.3127	    -2.31032	     176.896	 6	[(20, 242)]
243	 20	217	    -13.3127	    -2.31032	     176.896	 6	[(20, 243)]
244	 20	217	    -13.3127	    -2.31032	     176.896	 6	[(20, 244)]
245	 20	220	    -13.3127	    -5.02524	     169.237	 6	[(20, 245)]
246	 20	221	    -13.3127	      -5.019	     169.235	 6	[(20, 246)]
247	 20	222	    -13.3127	    -5.00605	     169.221	 6	[(20, 247)]
248	 20	223	    -13.3127	     1.26613	     169.557	 7	[(20, 248)]
249	 20	224	    -13.3127	     1.31233	     169.776	 7	[(20, 249)]
250	 20	225	    -13.3127	     5.08408	      188.53	 7	[(20, 250)]
251	 20	226	    -13.3127	     5.11174	      189.19	 7	[(20, 251)]
252	 20	227	    -13.3127	      5.6777	     189.369	 7	[(20, 252)]
253	 20	228	    -13.3127	     5.89472	      189.42	 7	[(20, 253)]
254	 20	229	    -13.3127	       5.571	     190.932	 7	[(20, 254)]
255	 20	230	    -13.3127	      5.8504	     189.609	 7	[(20, 255)]
256	  0	234	    -13.3127	     4.16439	     183.349	 7	[(0, 256)]
257	  0	234	    -13.3127	     4.16439	     183.349	 7	[(0, 257)]
258	  0	234	    -13.3127	     4.16439	     183.349	 7	[(0, 258)]
259	  0	234	    -13.3127	     4.16439	     183.349	 7	[(0, 259)]
260	  0	235	    -13.3127	     1.31316	     175.786	 7	[(0, 260)]
261	  0	235	    -13.3127	     1.31316	     175.786	 7	[(0, 261)]
262	 20	234	    -13.3127	     2.89006	      182.87	 7	[(20, 262)]
263	 20	235	    -13.3127	     5.58934	     189.629	 7	[(20, 263)]
264	 20	237	    -13.3127	    0.287985	     175.228	 7	[(20, 264)]
265	 20	237	    -13.3127	    0.287985	     175.228	 7	[(20, 265)]
266	 20	237	    -13.3127	    0.287985	     175.228	 7	[(20, 266)]
267	 20	237	    -13.3127	    0.287985	     175.228	 7	[(20, 267)]
268	 20	238	    -13.3127	   0.0863328	     175.522	 7	[(20, 268)]
269	 20	239	    -13.3127	    0.106186	     175.504	 7	[(20, 269)]
270	 20	242	    -13.3127	    0.100373	     175.454	 7	[(20, 270)]
271	 20	243	    -13.3127	   -0.209677	     175.884	 7	[(20, 271)]
272	264	224	    -13.3127	     3.28719	     170.469	 8	[(0, 240), (264, 272)]
273	264	227	    -13.3127	     2.88423	      174.04	 7	[(0, 240), (264, 273)]
274	264	228	    -13.3127	     3.24474	     174.572	 7	[(0, 240), (264, 274)]
275	264	228	    -13.3127	     3.24474	     174.572	 7	[(0, 240), (264, 275)]
276	264	228	    -13.3127	     3.24474	     174.572	 7	[(0, 240), (264, 276)]
277	264	229	    -13.3127	     3.10747	     174.697	 7	[(0, 240), (264, 277)]
278	264	229	    -13.3127	     3.10747	     174.697	 7	[(0, 240), (264, 278)]
279	264	229	    -13.3127	     3.10747	     174.697	 7	[(0, 240), (264, 279)]
280	264	232	    -13.3127	     9.70474	     175.048	 8	[(0, 240), (264, 280)]
281	264	232	    -13.3127	     9.70474	     175.048	 8	[(0, 240), (264, 281)]
282	264	232	    -13.3127	     9.70474	     175.048	 8	[(0, 240), (264, 282)]
283	264	232	    -13.3127	     9.70474	     175.048	 8	[(0, 240), (264, 283)]
284	279	223	    -13.3127	    0.133974	     170.141	 7	[(0, 240), (279, 284)]
285	279	225	    -13.3127	     -1.6877	      170.15	 7	[(0, 240), (279, 285)]
286	279	227	    -13.3127	     1.62804	     175.744	 6	[(0, 240), (279, 286)]
287	279	228	    -13.3127	      1.4317	     176.074	 6	[(0, 240), (279, 287)]
288	279	229	    -13.3127	    0.929844	     176.546	 6	[(0, 240), (279, 288)]
289	279	230	    -13.3127	    0.733348	       176.9	 6	[(0, 240), (279, 289)]
290	279	231	    -13.3127	    0.626824	     177.828	 6	[(0, 240), (279, 290)]
291	279	232	    -13.3127	    0.396988	     179.024	 6	[(0, 240), (279, 291)]
292	279	233	    -13.3127	    0.366493	     179.953	 6	[(0, 240), (279, 292)]
293	279	234	    -13.3127	    0.361308	     180.855	 6	[(0, 240), (279, 293)]
294	279	235	    -13.3127	    0.309211	      181.81	 6	[(0, 240), (279, 294)]
295	279	236	    -13.3127	    0.766033	     181.266	 6	[(0, 240), (279, 295)]
296	279	236	    -13.3127	    0.766033	     181.266	 6	[(0, 240), (279, 296)]
297	279	237	    -13.3127	    0.155998	     183.166	 6	[(0, 240), (279, 297)]
298	279	238	    -13.3127	    0.395844	      182.95	 6	[(0, 240), (279, 298)]
299	279	238	    -13.3127	    0.395844	      182.95	 6	[(0, 240), (279, 299)]
300	279	238	    -13.3127	    0.395844	      182.95	 6	[(0, 240), (279, 300)]
301	279	239	    -13.3127	    0.250363	     183.086	 6	[(0, 240), (279, 301)]
302	279	239	    -13.3127	    0.250363	     183.086	 6	[(0, 240), (279, 302)]
303	279	239	    -13.3127	    0.250363	     183.086	 6	[(0, 240), (279, 303)]
304	279	239	    -13.3127	    0.250363	     183.086	 6	[(0, 240), (279, 304)]
305	279	239	    -13.3127	    0.250363	     183.086	 6	[(0, 240), (279, 305)]
306	279	239	    -13.3127	    0.250363	     183.086	 6	[(0, 240), (279, 306)]
307	279	239	    -13.3127	    0.250363	     183.086	 6	[(0, 240), (279, 307)]
308	279	239	    -13.3127	    0.250363	     183.086	 6	[(0, 240), (279, 308)]
309	279	239	    -13.3127	    0.250363	     183.086	 6	[(0, 240), (279, 309)]
310	279	239	    -13.3127	    0.250363	     183.086	 6	[(0, 240), (279, 310)]
311	279	239	    -13.3127	    0.250363	     183.086	 6	[(0, 240), (279, 311)]
312	279	239	    -13.3127	    0.250363	     183.086	 6	[(0, 240), (279, 312)]
313	279	239	    -13.3127	    0.250363	     183.086	 6	[(0, 240), (279, 313)]
314	279	239	    -13.3127	    0.250363	     183.086	 6	[(0, 240), (279, 314)]
315	279	239	    -13.3127	    0.250363	     183.086	 6	[(0, 240), (279, 315)]
316	279	239	    -13.3127	    0.250363	     183.086	 6	[(0, 240), (279, 316)]
317	279	239	    -13.3127	    0.250363	     183.086	 6	[(0, 240), (279, 317)]
318	279	239	    -13.3127	    0.250363	     183.086	 6	[(0, 240), (279, 318)]
319	279	241	    -13.3127	 -0.00562684	     183.328	 6	[(0, 240), (279, 319)]
320	279	241	    -13.3127	 -0.00562684	     183.328	 6	[(0, 240), (279, 320)]
321	279	241	    -13.3127	 -0.00562684	     183.328	 6	[(0, 240), (279, 321)]
322	279	241	    -13.3127	 -0.00562684	     183.328	 6	[(0, 240), (279, 322)]
323	279	241	    -13.3127	 -0.00562684	     183.328	 6	[(0, 240), (279, 323)]
324	279	243	    -13.3127	    -0.26382	     183.574	 6	[(0, 240), (279, 324)]
325	279	243	    -13.3127	    -0.26382	     183.574	 6	[(0, 240), (279, 325)]
326	279	245	    -13.3127	   -0.403246	     183.734	 6	[(0, 240), (279, 326)]
327	323	223	    -13.3127	    -1.65762	     170.175	 7	[(0, 240), (323, 327)]
328	323	225	    -13.3127	    0.673222	     175.119	 6	[(0, 240), (323, 328)]
329	323	226	    -13.3127	    0.644723	     175.645	 6	[(0, 240), (323, 329)]
330	323	227	    -13.3127	    0.786881	     176.177	 6	[(0, 240), (323, 330)]
331	323	228	    -13.3127	    0.970636	     176.759	 6	[(0, 240), (323, 331)]
332	323	229	    -13.3127	    0.885767	     178.054	 6	[(0, 240), (323, 332)]
333	323	230	    -13.3127	    0.557679	     179.471	 6	[(0, 240), (323, 333)]
334	323	231	    -13.3127	    0.416247	     180.499	 6	[(0, 240), (323, 334)]
335	323	232	    -13.3127	    0.312837	     181.414	 6	[(0, 240), (323, 335)]
336	323	233	    -13.3127	   0.0233176	     182.429	 6	[(0, 240), (323, 336)]
337	323	234	    -13.3127	 -0.00181652	     183.332	 6	[(0, 240), (323, 337)]
338	323	235	    -13.3127	   -0.122155	      184.32	 6	[(0, 240), (323, 338)]
339	323	236	    -13.3127	   -0.263241	     185.297	 6	[(0, 240), (323, 339)]
340	323	237	    -13.3127	   -0.204809	     186.169	 6	[(0, 240), (323, 340)]
341	323	238	    -13.3127	     -0.1905	     187.075	 6	[(0, 240), (323, 341)]
342	323	239	    -13.3127	    0.235965	     186.243	 6	[(0, 240), (323, 342)]
343	323	239	    -13.3127	    0.235965	     186.243	 6	[(0, 240), (323, 343)]
344	323	239	    -13.3127	    0.235965	     186.243	 6	[(0, 240), (323, 344)]
345	323	239	    -13.3127	    0.235965	     186.243	 6	[(0, 240), (323, 345)]
346	323	241	    -13.3127	    0.165731	     185.515	 6	[(0, 240), (323, 346)]
347	323	242	    -13.3127	    0.171277	     185.516	 6	[(0, 240), (323, 347)]
348	323	243	    -13.3127	   0.0855371	     186.385	 6	[(0, 240), (323, 348)]
349	323	244	    -13.3127	   0.0855457	     186.204	 6	[(0, 240), (323, 349)]
350	323	244	    -13.3127	   0.0855457	     186.204	 6	[(0, 240), (323, 350)]
351	323	245	    -13.3127	   -0.372238	     186.589	 6	[(0, 240), (323, 351)]
352	323	245	    -13.3127	   -0.372238	     186.589	 6	[(0, 240), (323, 352)]
353	323	245	    -13.3127	   -0.372238	     186.589	 6	[(0, 240), (323, 353)]
354	323	245	    -13.3127	   -0.372238	     186.589	 6	[(0, 240), (323, 354)]
355	323	245	    -13.3127	   -0.372238	     186.589	 6	[(0, 240), (323, 355)]
356	323	247	    -13.3127	   -0.756928	     187.416	 6	[(0, 240), (323, 356)]
357	323	249	    -13.3127	   -0.159147	     189.306	 6	[(0, 240), (323, 357)]
358	323	251	    -13.3127	    0.640159	     191.952	 6	[(0, 240), (323, 358)]
359	323	252	    -13.3127	     1.38707	     192.144	 6	[(0, 240), (323, 359)]
360	323	253	    -13.3127	     1.73862	     191.995	 6	[(0, 240), (323, 360)]
361	323	253	    -13.3127	     1.73862	     191.995	 6	[(0, 240), (323, 361)]
362	323	253	    -13.3127	     1.73862	     191.995	 6	[(0, 240), (323, 362)]
363	323	253	    -13.3127	     1.73862	     191.995	 6	[(0, 240), (323, 363)]
364	323	253	    -13.3127	     1.73862	     191.995	 6	[(0, 240), (323, 364)]
365	323	253	    -13.3127	     1.73862	     191.995	 6	[(0, 240), (323, 365)]
366	323	253	    -13.3127	     1.73862	     191.995	 6	[(0, 240), (323, 366)]
367	364	221	    -13.3127	   -0.195149	     170.177	 7	[(0, 240), (364, 367)]
368	364	223	    -13.3127	    -1.66435	     170.167	 7	[(0, 240), (364, 368)]
369	364	225	    -13.3127	      1.0076	     175.204	 6	[(0, 240), (364, 369)]
370	364	226	    -13.3127	    0.956323	     175.714	 6	[(0, 240), (364, 370)]
371	364	227	    -13.3127	    0.871203	     176.198	 6	[(0, 240), (364, 371)]
372	364	228	    -13.3127	    0.956809	     176.715	 6	[(0, 240), (364, 372)]
373	364	229	    -13.3127	    0.956019	     177.276	 6	[(0, 240), (364, 373)]
374	364	230	    -13.3127	     1.38941	     177.329	 6	[(0, 240), (364, 374)]
375	364	231	    -13.3127	     1.49086	     177.182	 6	[(0, 240), (364, 375)]
376	 20	348	    -13.3127	     3.60263	     276.919	15	[(20, 376)]
377	 20	349	    -13.3127	     1.07006	     277.988	15	[(20, 377)]
378	 20	350	    -13.3127	    -6.00162	      279.12	15	[(20, 378)]
379	 20	351	    -13.3127	    -11.1741	     280.285	15	[(20, 379)]
380	 20	352	    -18.6813	    -18.6813	     282.084	15	[(20, 380)]
381	 20	353	    -27.6137	    -27.6137	     284.712	15	[(20, 381)]
382	 20	354	    -32.1059	    -32.1059	     286.182	15	[(20, 382)]
383	 20	355	    -32.1059	    -31.6429	     286.704	15	[(20, 383)]
384	 20	356	    -32.1059	    -31.0762	     286.731	15	[(20, 384)]
385	 20	357	    -32.1059	    -30.9168	     286.587	15	[(20, 385)]
386	 20	357	    -32.1059	    -30.9168	     286.587	15	[(20, 386)]
387	 20	357	    -32.1059	    -30.9168	     286.587	15	[(20, 387)]
388	 20	357	    -32.1059	    -30.9168	     286.587	15	[(20, 388)]
389	 20	358	    -32.1059	    -31.1073	     286.761	15	[(20, 389)]
390	 20	361	    -32.1059	    -26.9524	     286.862	16	[(20, 390)]
391	 20	362	    -32.1059	    -27.1294	     292.032	16	[(20, 391)]
392	 20	363	    -32.1059	    -27.3067	     293.099	16	[(20, 392)]
393	 20	364	    -32.1059	    -26.7951	     293.403	16	[(20, 393)]
394	 20	365	    -32.1059	    -28.3413	     294.753	16	[(20, 394)]
395	 20	366	    -32.1059	    -29.6307	     295.895	16	[(20, 395)]
396	 20	367	    -32.1059	    -29.3949	     296.582	16	[(20, 396)]
397	 20	368	    -32.1059	    -28.9302	     296.692	16	[(20, 397)]
398	 20	369	    -32.1059	    -28.7247	     296.397	16	[(20, 398)]
399	 20	369	    -32.1059	    -28.7247	     296.397	16	[(20, 399)]
400	 20	370	    -32.1059	     -23.092	     298.708	17	[(20, 400)]
401	 20	371	    -32.1059	    -22.9039	     299.794	17	[(20, 401)]
402	 20	372	    -32.1059	    -22.5628	     297.073	17	[(20, 402)]
403	 20	373	    -32.1059	     -23.421	     305.221	17	[(20, 403)]
404	 20	374	    -32.1059	    -23.6694	     306.673	17	[(20, 404)]
405	 20	375	    -32.1059	    -24.4972	     308.161	17	[(20, 405)]
406	 20	376	    -32.1059	     -25.376	     309.182	17	[(20, 406)]
407	 20	377	    -32.1059	     -26.596	      310.38	17	[(20, 407)]
408	 20	378	    -32.1059	    -26.9694	     311.257	17	[(20, 408)]
409	 20	379	    -32.1059	    -28.4163	     312.401	17	[(20, 409)]
410	 20	380	    -32.1059	    -29.0887	     313.405	17	[(20, 410)]
411	 20	381	    -32.1059	    -30.1194	     314.464	17	[(20, 411)]
412	 20	382	    -32.1059	    -30.9744	     315.441	17	[(20, 412)]
413	 20	383	    -32.1059	    -31.8605	     316.495	17	[(20, 413)]
414	 20	384	    -32.4084	    -32.4084	     317.425	17	[(20, 414)]
415	 20	385	    -33.0939	    -33.0939	     318.411	17	[(20, 415)]
416	 20	386	    -33.4008	    -33.4008	     319.297	17	[(20, 416)]
417	 20	387	    -33.4008	    -32.2755	     325.798	17	[(20, 417)]
418	 20	388	    -33.4008	     -32.636	     326.546	17	[(20, 418)]
419	 20	389	    -33.4008	    -32.8125	     327.346	17	[(20, 419)]
420	 20	390	    -33.4008	    -33.0553	     328.192	17	[(20, 420)]
421	 20	391	    -33.4008	    -33.1527	     329.091	17	[(20, 421)]
422	 20	392	    -33.4008	    -32.6345	     328.989	17	[(20, 422)]
423	 20	393	    -33.4008	    -32.4501	     328.401	17	[(20, 423)]
424	 20	394	    -33.4008	    -32.4455	     328.243	17	[(20, 424)]
425	 20	395	    -33.4008	    -32.4753	     328.324	17	[(20, 425)]
426	 20	395	    -33.4008	    -32.4753	     328.324	17	[(20, 426)]
427	 20	395	    -33.4008	    -32.4753	     328.324	17	[(20, 427)]
428	 20	395	    -33.4008	    -32.4753	     328.324	17	[(20, 428)]
429	 20	395	    -33.4008	    -32.4753	     328.324	17	[(20, 429)]
430	 20	395	    -33.4008	    -32.4753	     328.324	17	[(20, 430)]
431	 20	395	    -33.4008	    -32.4753	     328.324	17	[(20, 431)]
432	 20	395	    -33.4008	    -32.4753	     328.324	17	[(20, 432)]
433	 20	395	    -33.4008	    -32.4753	     328.324	17	[(20, 433)]
