L	Ls	nvertices	F_L	F_L_constrained	rho_sum	nloops	regions
 13	  0	  0	           0	           0	           0	 0	[(0, 13)]
 14	  0	  0	           0	           0	           0	 0	[(0, 14)]
 15	  0	  0	           0	           0	           0	 0	[(0, 15)]
 16	  0	  2	   -0.255688	   -0.255688	    0.241653	 0	[(0, 16)]
 17	  0	  4	   -0.255688	   -0.253081	    0.263667	 0	[(0, 17)]
 18	  0	  6	   -0.255688	   -0.145921	    0.149426	 0	[(0, 18)]
 19	  0	  6	   -0.255688	   -0.145921	    0.149426	 0	[(0, 19)]
 20	  0	  6	   -0.255688	   -0.145921	    0.149426	 0	[(0, 20)]
 21	  0	  7	   -0.276541	   -0.276541	    0.275808	 0	[(0, 21)]
 22	  0	  9	   -0.283473	   -0.283473	     0.29077	 0	[(0, 22)]
 23	  0	  9	   -0.283473	   -0.283473	     0.29077	 0	[(0, 23)]
 24	  0	 10	   -0.410609	   -0.410609	    0.410389	 0	[(0, 24)]
 25	  0	 10	   -0.410609	   -0.410609	    0.410389	 0	[(0, 25)]
 26	  0	 12	   -0.410609	   -0.409519	    0.412005	 0	[(0, 26)]
 27	  0	 12	   -0.410609	   -0.409519	    0.412005	 0	[(0, 27)]
 28	  0	 12	   -0.410609	   -0.409519	    0.412005	 0	[(0, 28)]
 29	  0	 12	   -0.410609	   -0.409519	    0.412005	 0	[(0, 29)]
 30	  0	 12	   -0.410609	   -0.409519	    0.412005	 0	[(0, 30)]
 31	  0	 12	   -0.410609	   -0.409519	    0.412005	 0	[(0, 31)]
 32	  0	 12	   -0.410609	   -0.409519	    0.412005	 0	[(0, 32)]
 33	  0	 14	   -0.695015	   -0.695015	    0.712595	 0	[(0, 33)]
 34	  0	 14	   -0.695015	   -0.695015	    0.712595	 0	[(0, 34)]
 35	  0	 14	   -0.695015	   -0.695015	    0.712595	 0	[(0, 35)]
 36	  0	 14	   -0.695015	   -0.695015	    0.712595	 0	[(0, 36)]
 37	  0	 14	   -0.695015	   -0.695015	    0.712595	 0	[(0, 37)]
 38	  0	 14	   -0.695015	   -0.695015	    0.712595	 0	[(0, 38)]
 39	  0	 14	   -0.695015	   -0.695015	    0.712595	 0	[(0, 39)]
 40	  0	 14	   -0.695015	   -0.695015	    0.712595	 0	[(0, 40)]
 41	  0	 17	   -0.695015	     3.09272	      1.1815	 1	[(0, 41)]
 42	 38	  4	   -0.695015	   -0.263048	    0.286179	 0	[(38, 42)]
 43	  0	 21	   -0.974932	   -0.974932	    0.996325	 0	[(0, 43)]
 44	  0	 22	   -0.974932	     3.09598	     6.67281	 0	[(0, 44)]
 45	  0	 23	   -0.974932	     3.18587	     7.18799	 0	[(0, 45)]
 46	  0	 24	   -0.974932	     3.49919	     7.62549	 0	[(0, 46)]
 47	  0	 25	   -0.974932	       3.761	      7.4784	 0	[(0, 47)]
 48	  0	 28	   -0.974932	     4.28761	     7.18734	 0	[(0, 48)]
 49	  0	 28	   -0.974932	     4.28761	     7.18734	 0	[(0, 49)]
 50	  0	 30	   -0.974932	   -0.950662	     0.96066	 0	[(0, 50)]
 51	  0	 31	   -0.974932	   -0.947642	    0.968029	 0	[(0, 51)]
 52	  0	 31	   -0.974932	   -0.947642	    0.968029	 0	[(0, 52)]
 53	  0	 31	   -0.974932	   -0.947642	    0.968029	 0	[(0, 53)]
 54	  0	 31	   -0.974932	   -0.947642	    0.968029	 0	[(0, 54)]
 55	  0	 31	   -0.974932	   -0.947642	    0.968029	 0	[(0, 55)]
 56	  0	 31	   -0.974932	   -0.947642	    0.968029	 0	[(0, 56)]
 57	  0	 31	   -0.974932	   -0.947642	    0.968029	 0	[(0, 57)]
 58	  0	 33	    -1.20914	    -1.20914	     1.22024	 0	[(0, 58)]
 59	  0	 33	    -1.20914	    -1.20914	     1.22024	 0	[(0, 59)]
 60	  0	 33	    -1.20914	    -1.20914	     1.22024	 0	[(0, 60)]
 61	  0	 33	    -1.20914	    -1.20914	     1.22024	 0	[(0, 61)]
 62	  0	 33	    -1.20914	    -1.20914	     1.22024	 0	[(0, 62)]
 63	  0	 33	    -1.20914	    -1.20914	     1.22024	 0	[(0, 63)]
 64	  0	 33	    -1.20914	    -1.20914	     1.22024	 0	[(0, 64)]
 65	  0	 33	    -1.20914	    -1.20914	     1.22024	 0	[(0, 65)]
 66	  0	 34	    -1.33627	    -1.33627	     1.33984	 0	[(0, 66)]
 67	  0	 35	    -1.33627	    -1.33375	     1.34793	 0	[(0, 67)]
 68	  0	 38	    -1.45918	    -1.45918	     1.46765	 0	[(0, 68)]
 69	 38	 18	    -1.45918	     4.05418	     7.36124	 0	[(38, 69)]
 70	  0	 40	      -1.484	      -1.484	     1.49274	 0	[(0, 70)]
 71	  0	 40	      -1.484	      -1.484	     1.49274	 0	[(0, 71)]
 72	  0	 40	      -1.484	      -1.484	     1.49274	 0	[(0, 72)]
 73	  0	 41	    -1.61254	    -1.61254	     1.61508	 0	[(0, 73)]
 74	  0	 43	    -1.62102	    -1.62102	      1.6331	 0	[(0, 74)]
 75	  0	 45	    -1.62102	    -1.54736	      1.5584	 0	[(0, 75)]
 76	  0	 46	    -1.62102	    -1.55952	     1.57043	 0	[(0, 76)]
 77	  0	 48	    -1.62102	     5.71573	     1.59161	 1	[(0, 77)]
 78	  0	 49	    -1.62102	     5.75733	     1.60236	 1	[(0, 78)]
 79	  0	 50	    -1.62102	     5.79725	     1.61349	 1	[(0, 79)]
 80	  0	 51	    -1.62102	     5.76604	     1.62626	 1	[(0, 80)]
 81	  0	 53	    -1.62102	     5.72863	     1.64074	 1	[(0, 81)]
 82	  0	 54	    -1.62102	     5.71319	     1.65781	 1	[(0, 82)]
 83	  0	 56	    -1.62102	     8.40549	     6.59418	 1	[(0, 83)]
 84	  0	 58	    -1.62102	     8.96613	     8.87498	 1	[(0, 84)]
 85	  0	 59	    -1.62102	     9.40206	      10.283	 1	[(0, 85)]
 86	  0	 61	    -1.62102	     10.2872	     12.6763	 1	[(0, 86)]
 87	  0	 62	    -1.62102	     10.9726	     12.8327	 1	[(0, 87)]
 88	  0	 63	    -1.62102	     11.3131	     12.5608	 1	[(0, 88)]
 89	  0	 63	    -1.62102	     11.3131	     12.5608	 1	[(0, 89)]
 90	  0	 65	    -1.62102	     13.8434	     12.7454	 2	[(0, 90)]
 91	  0	 65	    -1.62102	     13.8434	     12.7454	 2	[(0, 91)]
 92	 88	 49	    -1.62102	     2.15745	     1.86563	 1	[(0, 76), (88, 92)]
 93	 88	 51	    -1.62102	    0.776056	     1.83113	 1	[(0, 76), (88, 93)]
 94	 88	 53	    -1.62102	     4.50705	     7.42028	 0	[(0, 76), (88, 94)]
 95	 88	 54	    -1.73132	    -1.73132	     1.74722	 0	[(0, 76), (88, 95)]
 96	 88	 55	     -1.7444	     -1.7444	     1.76114	 0	[(0, 76), (88, 96)]
 97	 88	 56	    -1.75675	    -1.75675	     1.77356	 0	[(0, 76), (88, 97)]
 98	 88	 57	    -1.75675	     5.60209	     8.11378	 0	[(0, 76), (88, 98)]
 99	 88	 57	    -1.75675	     5.60209	     8.11378	 0	[(0, 76), (88, 99)]
100	 88	 57	    -1.75675	     5.60209	     8.11378	 0	[(0, 76), (88, 100)]
101	 88	 57	    -1.75675	     5.60209	     8.11378	 0	[(0, 76), (88, 101)]
102	 88	 57	    -1.75675	     5.60209	     8.11378	 0	[(0, 76), (88, 102)]
103	 88	 57	    -1.75675	     5.60209	     8.11378	 0	[(0, 76), (88, 103)]
104	 88	 59	    -2.03272	    -2.03272	     2.04215	 0	[(0, 76), (88, 104)]
105	 88	 60	    -2.03272	    -2.02599	     2.04328	 0	[(0, 76), (88, 105)]
106	 88	 61	    -2.03272	    -2.01251	     2.02937	 0	[(0, 76), (88, 106)]
107	 88	 61	    -2.03272	    -2.01251	     2.02937	 0	[(0, 76), (88, 107)]
108	 88	 61	    -2.03272	    -2.01251	     2.02937	 0	[(0, 76), (88, 108)]
109	 88	 62	    -2.13991	    -2.13991	     2.14954	 0	[(0, 76), (88, 109)]
110	 88	 62	    -2.13991	    -2.13991	     2.14954	 0	[(0, 76), (88, 110)]
111	 88	 62	    -2.13991	    -2.13991	     2.14954	 0	[(0, 76), (88, 111)]
112	 88	 62	    -2.13991	    -2.13991	     2.14954	 0	[(0, 76), (88, 112)]
113	 88	 64	     -2.2719	     -2.2719	     2.29194	 0	[(0, 76), (88, 113)]
114	 88	 64	     -2.2719	     -2.2719	     2.29194	 0	[(0, 76), (88, 114)]
115	 88	 66	    -2.40866	    -2.40866	     2.42126	 0	[(0, 76), (88, 115)]
116	 88	 66	    -2.40866	    -2.40866	     2.42126	 0	[(0, 76), (88, 116)]
117	 88	 66	    -2.40866	    -2.40866	     2.42126	 0	[(0, 76), (88, 117)]
118	 88	 68	    -2.40866	    -2.38799	     2.40648	 0	[(0, 76), (88, 118)]
119	 88	 69	    -2.40866	    -2.38504	     2.41384	 0	[(0, 76), (88, 119)]
120	 88	 70	    -2.40866	     -2.3727	     2.40209	 0	[(0, 76), (88, 120)]
121	 88	 71	    -2.40866	    -2.38124	     2.40987	 0	[(0, 76), (88, 121)]
122	 88	 71	    -2.40866	    -2.38124	     2.40987	 0	[(0, 76), (88, 122)]
123	 88	 72	    -2.50902	    -2.50902	     2.53072	 0	[(0, 76), (88, 123)]
124	 88	 72	    -2.50902	    -2.50902	     2.53072	 0	[(0, 76), (88, 124)]
125	 88	 72	    -2.50902	    -2.50902	     2.53072	 0	[(0, 76), (88, 125)]
126	 88	 72	    -2.50902	    -2.50902	     2.53072	 0	[(0, 76), (88, 126)]
127	 88	 72	    -2.50902	    -2.50902	     2.53072	 0	[(0, 76), (88, 127)]
128	 88	 72	    -2.50902	    -2.50902	     2.53072	 0	[(0, 76), (88, 128)]
129	 88	 72	    -2.50902	    -2.50902	     2.53072	 0	[(0, 76), (88, 129)]
130	 88	 72	    -2.50902	    -2.50902	     2.53072	 0	[(0, 76), (88, 130)]
131	 88	 72	    -2.50902	    -2.50902	     2.53072	 0	[(0, 76), (88, 131)]
132	 88	 72	    -2.50902	    -2.50902	     2.53072	 0	[(0, 76), (88, 132)]
133	 88	 75	    -2.78417	    -2.78417	       2.829	 0	[(0, 76), (88, 133)]
134	 88	 77	    -2.78417	    -2.75872	     2.80375	 0	[(0, 76), (88, 134)]
135	 88	 79	    -2.78417	    -2.66868	     2.69562	 0	[(0, 76), (88, 135)]
136	 88	 80	    -2.78417	    -2.68096	     2.70784	 0	[(0, 76), (88, 136)]
137	 88	 80	    -2.78417	    -2.68096	     2.70784	 0	[(0, 76), (88, 137)]
138	 88	 80	    -2.78417	    -2.68096	     2.70784	 0	[(0, 76), (88, 138)]
139	 88	 81	    -2.80876	    -2.80876	     2.82882	 0	[(0, 76), (88, 139)]
140	 88	 81	    -2.80876	    -2.80876	     2.82882	 0	[(0, 76), (88, 140)]
141	 88	 81	    -2.80876	    -2.80876	     2.82882	 0	[(0, 76), (88, 141)]
142	 88	 81	    -2.80876	    -2.80876	     2.82882	 0	[(0, 76), (88, 142)]
143	 88	 81	    -2.80876	    -2.80876	     2.82882	 0	[(0, 76), (88, 143)]
144	 88	 81	    -2.80876	    -2.80876	     2.82882	 0	[(0, 76), (88, 144)]
145	 88	 81	    -2.80876	    -2.80876	     2.82882	 0	[(0, 76), (88, 145)]
146	 88	 83	    -3.06633	    -3.06633	     3.07385	 0	[(0, 76), (88, 146)]
147	 88	 83	    -3.06633	    -3.06633	     3.07385	 0	[(0, 76), (88, 147)]
148	 88	 83	    -3.06633	    -3.06633	     3.07385	 0	[(0, 76), (88, 148)]
149	 88	 83	    -3.06633	    -3.06633	     3.07385	 0	[(0, 76), (88, 149)]
150	 88	 84	    -3.20542	    -3.20542	      3.2156	 0	[(0, 76), (88, 150)]
151	 88	 84	    -3.20542	    -3.20542	      3.2156	 0	[(0, 76), (88, 151)]
152	 88	 85	    -3.33424	    -3.33424	      3.3382	 0	[(0, 76), (88, 152)]
153	 88	 85	    -3.33424	    -3.33424	      3.3382	 0	[(0, 76), (88, 153)]
154	 88	 85	    -3.33424	    -3.33424	      3.3382	 0	[(0, 76), (88, 154)]
155	 88	 85	    -3.33424	    -3.33424	      3.3382	 0	[(0, 76), (88, 155)]
156	148	 48	    -3.33424	     2.18479	     1.81208	 1	[(0, 76), (148, 156)]
157	148	 50	    -3.33424	    0.798595	     1.87008	 1	[(0, 76), (148, 157)]
158	 88	 91	    -3.33424	   -0.741236	     3.34722	 1	[(0, 76), (88, 158)]
159	 88	 92	    -3.33424	     1.83726	     8.72338	 1	[(0, 76), (88, 159)]
160	 88	 93	    -3.33424	     1.78286	     10.4541	 1	[(0, 76), (88, 160)]
161	 88	 95	    -3.33424	     1.52558	     12.7232	 1	[(0, 76), (88, 161)]
162	 88	 96	    -3.33424	     1.60118	     14.1693	 1	[(0, 76), (88, 162)]
163	 88	 98	    -3.33424	     2.78991	     15.3253	 1	[(0, 76), (88, 163)]
164	 88	 98	    -3.33424	     2.78991	     15.3253	 1	[(0, 76), (88, 164)]
165	 88	101	    -3.33424	     3.08269	     12.4029	 1	[(0, 76), (88, 165)]
166	 88	101	    -3.33424	     3.08269	     12.4029	 1	[(0, 76), (88, 166)]
167	 88	104	    -3.33424	     3.25172	     11.8913	 1	[(0, 76), (88, 167)]
168	148	 64	    -3.33424	     4.53206	     10.7007	 1	[(0, 76), (148, 168)]
169	148	 65	    -3.33424	     4.38601	     10.9563	 1	[(0, 76), (148, 169)]
170	148	 65	    -3.33424	     4.38601	     10.9563	 1	[(0, 76), (148, 170)]
171	148	 66	    -3.33424	     4.04892	     11.7329	 1	[(0, 76), (148, 171)]
172	148	 66	    -3.33424	     4.04892	     11.7329	 1	[(0, 76), (148, 172)]
173	148	 67	    -3.33424	     3.88918	     11.8841	 1	[(0, 76), (148, 173)]
174	148	 67	    -3.33424	     3.88918	     11.8841	 1	[(0, 76), (148, 174)]
175	148	 68	    -3.33424	     3.74645	     12.0193	 1	[(0, 76), (148, 175)]
176	148	 71	    -3.33424	     5.85523	     11.4335	 1	[(0, 76), (148, 176)]
177	148	 72	    -3.33424	     6.10829	     11.0677	 1	[(0, 76), (148, 177)]
178	148	 73	    -3.33424	     6.17309	     10.9558	 1	[(0, 76), (148, 178)]
179	148	 73	    -3.33424	     6.17309	     10.9558	 1	[(0, 76), (148, 179)]
180	148	 73	    -3.33424	     6.17309	     10.9558	 1	[(0, 76), (148, 180)]
181	148	 74	    -3.33424	     6.04417	     11.0788	 1	[(0, 76), (148, 181)]
182	148	 75	    -3.33424	     10.0205	     11.1283	 1	[(0, 76), (148, 182)]
183	148	 76	    -3.33424	     9.92848	     11.2795	 1	[(0, 76), (148, 183)]
184	148	 77	    -3.33424	     9.59268	     11.8559	 1	[(0, 76), (148, 184)]
185	148	 78	    -3.33424	      8.8829	     12.7677	 1	[(0, 76), (148, 185)]
186	148	 79	    -3.33424	     8.21761	     14.4316	 1	[(0, 76), (148, 186)]
187	148	 80	    -3.33424	     7.29496	     16.3568	 1	[(0, 76), (148, 187)]
188	148	 81	    -3.33424	     7.01909	     18.6776	 1	[(0, 76), (148, 188)]
189	146	 84	    -3.33424	     7.77794	     29.3079	 1	[(0, 76), (146, 189)]
190	146	 85	    -3.33424	     7.21586	     30.4166	 1	[(0, 76), (146, 190)]
191	148	 84	    -3.33424	     7.66525	     20.4705	 1	[(0, 76), (148, 191)]
192	146	 87	    -3.33424	     8.15627	     30.6063	 1	[(0, 76), (146, 192)]
193	146	 88	    -3.33424	     8.20407	     30.5487	 1	[(0, 76), (146, 193)]
194	148	 87	    -3.33424	     7.66891	     20.3266	 1	[(0, 76), (148, 194)]
195	146	 90	    -3.33424	     6.89875	     23.7733	 1	[(0, 76), (146, 195)]
196	146	 91	    -3.33424	     6.89215	     23.7749	 1	[(0, 76), (146, 196)]
197	146	 92	    -3.33424	     6.87985	     23.7875	 1	[(0, 76), (146, 197)]
198	146	 93	    -3.33424	      6.8484	     23.8481	 1	[(0, 76), (146, 198)]
199	146	 93	    -3.33424	      6.8484	     23.8481	 1	[(0, 76), (146, 199)]
200	146	 93	    -3.33424	      6.8484	     23.8481	 1	[(0, 76), (146, 200)]
201	146	 93	    -3.33424	      6.8484	     23.8481	 1	[(0, 76), (146, 201)]
202	146	 95	    -3.33424	      7.0222	     23.4827	 1	[(0, 76), (146, 202)]
203	146	 95	    -3.33424	      7.0222	     23.4827	 1	[(0, 76), (146, 203)]
204	146	 98	    -3.33424	     6.84988	     23.6592	 1	[(0, 76), (146, 204)]
205	148	 96	    -3.33424	     7.49219	     20.3529	 1	[(0, 76), (148, 205)]
206	148	 97	    -3.33424	     7.35908	     20.5025	 1	[(0, 76), (148, 206)]
207	148	 97	    -3.33424	     7.35908	     20.5025	 1	[(0, 76), (148, 207)]
208	148	 98	    -3.33424	     7.21971	     20.6442	 1	[(0, 76), (148, 208)]
209	148	 99	    -3.33424	     7.22711	     20.6458	 1	[(0, 76), (148, 209)]
210	148	100	    -3.33424	      7.2413	     20.6302	 1	[(0, 76), (148, 210)]
211	148	100	    -3.33424	      7.2413	     20.6302	 1	[(0, 76), (148, 211)]
212	148	101	    -3.33424	     7.11365	     20.7509	 1	[(0, 76), (148, 212)]
213	148	101	    -3.33424	     7.11365	     20.7509	 1	[(0, 76), (148, 213)]
214	148	101	    -3.33424	     7.11365	     20.7509	 1	[(0, 76), (148, 214)]
215	 50	164	    -3.33424	     5.64801	     114.749	 7	[(50, 215)]
216	 50	166	    -3.33424	     1.90788	     116.777	 6	[(50, 216)]
217	 50	167	    -3.33424	     1.34718	     119.337	 6	[(50, 217)]
218	 50	168	    -3.33424	     2.10627	     119.535	 6	[(50, 218)]
219	 38	180	    -3.33424	     1.66556	     113.443	 6	[(38, 219)]
220	 38	180	    -3.33424	     1.66556	     113.443	 6	[(38, 220)]
221	 50	170	    -3.33424	     2.22608	     119.759	 6	[(50, 221)]
222	 38	182	    -3.33424	     1.43907	     113.744	 6	[(38, 222)]
223	 38	182	    -3.33424	     1.43907	     113.744	 6	[(38, 223)]
224	 38	182	    -3.33424	     1.43907	     113.744	 6	[(38, 224)]
225	 38	182	    -3.33424	     1.43907	     113.744	 6	[(38, 225)]
226	 38	182	    -3.33424	     1.43907	     113.744	 6	[(38, 226)]
227	 38	182	    -3.33424	     1.43907	     113.744	 6	[(38, 227)]
228	 38	182	    -3.33424	     1.43907	     113.744	 6	[(38, 228)]
229	 38	182	    -3.33424	     1.43907	     113.744	 6	[(38, 229)]
230	 38	182	    -3.33424	     1.43907	     113.744	 6	[(38, 230)]
231	 38	182	    -3.33424	     1.43907	     113.744	 6	[(38, 231)]
232	 38	182	    -3.33424	     1.43907	     113.744	 6	[(38, 232)]
233	 38	182	    -3.33424	     1.43907	     113.744	 6	[(38, 233)]
234	 38	182	    -3.33424	     1.43907	     113.744	 6	[(38, 234)]
235	219	 88	    -3.33424	    0.609998	     3.60645	 1	[(0, 76), (88, 155), (219, 235)]
236	219	 89	    -3.33424	    0.808488	     3.61314	 1	[(0, 76), (88, 155), (219, 236)]
237	219	 90	    -3.33424	    0.978771	     3.62126	 1	[(0, 76), (88, 155), (219, 237)]
238	219	 92	    -3.33424	     4.01819	     8.46733	 1	[(0, 76), (88, 155), (219, 238)]
239	219	 95	    -3.33424	     5.74265	      10.146	 1	[(0, 76), (88, 155), (219, 239)]
240	 50	183	    -3.33424	     9.54343	     119.753	 8	[(50, 240)]
241	219	 99	    -3.33424	     7.68596	     12.8659	 1	[(0, 76), (88, 155), (219, 241)]
242	219	100	    -3.33424	     8.22677	     14.1669	 1	[(0, 76), (88, 155), (219, 242)]
243	219	103	    -3.33424	     9.29954	     16.0764	 1	[(0, 76), (88, 155), (219, 243)]
244	219	104	    -3.33424	     10.5397	     17.6172	 1	[(0, 76), (88, 155), (219, 244)]
245	219	107	    -3.33424	     10.5553	     21.5386	 1	[(0, 76), (88, 155), (219, 245)]
246	219	110	    -3.33424	     11.9552	     23.0739	 1	[(0, 76), (88, 155), (219, 246)]
247	219	112	    -3.33424	     12.7435	     24.6057	 1	[(0, 76), (88, 155), (219, 247)]
248	219	113	    -3.33424	     13.3746	     25.0383	 1	[(0, 76), (88, 155), (219, 248)]
249	219	114	    -3.33424	     12.8007	     21.6341	 1	[(0, 76), (88, 155), (219, 249)]
250	219	115	    -3.33424	     13.4319	     24.9796	 1	[(0, 76), (88, 155), (219, 250)]
251	219	115	    -3.33424	     13.4319	     24.9796	 1	[(0, 76), (88, 155), (219, 251)]
252	219	115	    -3.33424	     13.4319	     24.9796	 1	[(0, 76), (88, 155), (219, 252)]
253	219	115	    -3.33424	     13.4319	     24.9796	 1	[(0, 76), (88, 155), (219, 253)]
254	219	117	    -3.33424	     12.6357	     21.9754	 1	[(0, 76), (88, 155), (219, 254)]
255	219	119	    -3.33424	     12.6362	      21.885	 1	[(0, 76), (88, 155), (219, 255)]
256	219	120	    -3.33424	      12.638	     21.7507	 1	[(0, 76), (88, 155), (219, 256)]
257	219	120	    -3.33424	      12.638	     21.7507	 1	[(0, 76), (88, 155), (219, 257)]
258	219	120	    -3.33424	      12.638	     21.7507	 1	[(0, 76), (88, 155), (219, 258)]
259	219	120	    -3.33424	      12.638	     21.7507	 1	[(0, 76), (88, 155), (219, 259)]
260	219	121	    -3.33424	     12.4957	     21.8616	 1	[(0, 76), (88, 155), (219, 260)]
261	219	121	    -3.33424	     12.4957	     21.8616	 1	[(0, 76), (88, 155), (219, 261)]
262	219	121	    -3.33424	     12.4957	     21.8616	 1	[(0, 76), (88, 155), (219, 262)]
263	219	121	    -3.33424	     12.4957	     21.8616	 1	[(0, 76), (88, 155), (219, 263)]
264	254	 87	    -3.33424	    0.404262	     3.59042	 1	[(0, 76), (88, 155), (254, 264)]
265	254	 89	    -3.33424	   -0.980365	     3.64722	 1	[(0, 76), (88, 155), (254, 265)]
266	254	 92	    -3.33424	     1.52348	     7.63483	 1	[(0, 76), (88, 155), (254, 266)]
267	254	 93	    -3.33424	    0.938356	      9.1612	 1	[(0, 76), (88, 155), (254, 267)]
268	254	 94	    -3.33424	     0.77397	     10.6757	 1	[(0, 76), (88, 155), (254, 268)]
269	254	 97	    -3.33424	     2.35744	     11.0916	 1	[(0, 76), (88, 155), (254, 269)]
270	254	 99	    -3.33424	     3.34719	      13.937	 1	[(0, 76), (88, 155), (254, 270)]
271	254	100	    -3.33424	     3.45651	     16.2949	 1	[(0, 76), (88, 155), (254, 271)]
272	254	102	    -3.33424	     4.33785	     18.2095	 1	[(0, 76), (88, 155), (254, 272)]
273	254	104	    -3.33424	     5.66499	     18.3227	 1	[(0, 76), (88, 155), (254, 273)]
274	254	105	    -3.33424	     5.95499	     18.4936	 1	[(0, 76), (88, 155), (254, 274)]
275	254	105	    -3.33424	     5.95499	     18.4936	 1	[(0, 76), (88, 155), (254, 275)]
276	254	105	    -3.33424	     5.95499	     18.4936	 1	[(0, 76), (88, 155), (254, 276)]
277	254	105	    -3.33424	     5.95499	     18.4936	 1	[(0, 76), (88, 155), (254, 277)]
278	254	105	    -3.33424	     5.95499	     18.4936	 1	[(0, 76), (88, 155), (254, 278)]
279	254	105	    -3.33424	     5.95499	     18.4936	 1	[(0, 76), (88, 155), (254, 279)]
280	254	105	    -3.33424	     5.95499	     18.4936	 1	[(0, 76), (88, 155), (254, 280)]
281	254	105	    -3.33424	     5.95499	     18.4936	 1	[(0, 76), (88, 155), (254, 281)]
282	254	105	    -3.33424	     5.95499	     18.4936	 1	[(0, 76), (88, 155), (254, 282)]
283	272	 90	    -3.33424	     1.60723	      5.8767	 1	[(0, 76), (88, 155), (272, 283)]
284	272	 92	    -3.33424	      2.8343	     6.84877	 1	[(0, 76), (88, 155), (272, 284)]
285	272	 94	    -3.33424	    0.998999	     3.62412	 1	[(0, 76), (88, 155), (272, 285)]
286	272	 96	    -3.33424	     7.13869	     11.5561	 1	[(0, 76), (88, 155), (272, 286)]
287	272	 97	    -3.33424	     7.88811	      12.086	 1	[(0, 76), (88, 155), (272, 287)]
288	272	 98	    -3.33424	     3.08581	     12.6645	 1	[(0, 76), (88, 155), (272, 288)]
289	272	101	    -3.33424	     5.04842	     13.1408	 1	[(0, 76), (88, 155), (272, 289)]
290	272	101	    -3.33424	     5.04842	     13.1408	 1	[(0, 76), (88, 155), (272, 290)]
291	272	102	    -3.33424	     4.91615	      13.253	 1	[(0, 76), (88, 155), (272, 291)]
292	272	102	    -3.33424	     4.91615	      13.253	 1	[(0, 76), (88, 155), (272, 292)]
293	272	102	    -3.33424	     4.91615	      13.253	 1	[(0, 76), (88, 155), (272, 293)]
294	272	102	    -3.33424	     4.91615	      13.253	 1	[(0, 76), (88, 155), (272, 294)]
295	272	102	    -3.33424	     4.91615	      13.253	 1	[(0, 76), (88, 155), (272, 295)]
296	272	102	    -3.33424	     4.91615	      13.253	 1	[(0, 76), (88, 155), (272, 296)]
297	272	102	    -3.33424	     4.91615	      13.253	 1	[(0, 76), (88, 155), (272, 297)]
298	272	104	    -3.33424	     4.66149	     13.4938	 1	[(0, 76), (88, 155), (272, 298)]
299	272	104	    -3.33424	     4.66149	     13.4938	 1	[(0, 76), (88, 155), (272, 299)]
300	272	104	    -3.33424	     4.66149	     13.4938	 1	[(0, 76), (88, 155), (272, 300)]
301	272	104	    -3.33424	     4.66149	     13.4938	 1	[(0, 76), (88, 155), (272, 301)]
302	272	104	    -3.33424	     4.66149	     13.4938	 1	[(0, 76), (88, 155), (272, 302)]
303	272	104	    -3.33424	     4.66149	     13.4938	 1	[(0, 76), (88, 155), (272, 303)]
304	272	104	    -3.33424	     4.66149	     13.4938	 1	[(0, 76), (88, 155), (272, 304)]
305	299	 89	    -3.33424	     1.22546	      5.7397	 1	[(0, 76), (88, 155), (299, 305)]
306	299	 90	    -3.33424	     1.56664	     6.29447	 1	[(0, 76), (88, 155), (299, 306)]
307	299	 92	    -3.33424	     2.34428	     6.87484	 1	[(0, 76), (88, 155), (299, 307)]
308	299	 93	    -3.33424	    0.849457	     3.60834	 1	[(0, 76), (88, 155), (299, 308)]
309	299	 94	    -3.33424	     2.45992	     6.72906	 1	[(0, 76), (88, 155), (299, 309)]
310	299	 94	    -3.33424	     2.45992	     6.72906	 1	[(0, 76), (88, 155), (299, 310)]
311	299	 94	    -3.33424	     2.45992	     6.72906	 1	[(0, 76), (88, 155), (299, 311)]
312	299	 94	    -3.33424	     2.45992	     6.72906	 1	[(0, 76), (88, 155), (299, 312)]
313	299	 94	    -3.33424	     2.45992	     6.72906	 1	[(0, 76), (88, 155), (299, 313)]
314	299	 94	    -3.33424	     2.45992	     6.72906	 1	[(0, 76), (88, 155), (299, 314)]
315	299	 94	    -3.33424	     2.45992	     6.72906	 1	[(0, 76), (88, 155), (299, 315)]
316	299	 94	    -3.33424	     2.45992	     6.72906	 1	[(0, 76), (88, 155), (299, 316)]
317	299	 94	    -3.33424	     2.45992	     6.72906	 1	[(0, 76), (88, 155), (299, 317)]
318	299	 94	    -3.33424	     2.45992	     6.72906	 1	[(0, 76), (88, 155), (299, 318)]
319	299	 94	    -3.33424	     2.45992	     6.72906	 1	[(0, 76), (88, 155), (299, 319)]
320	308	 87	    -3.33424	    0.360379	     3.68634	 1	[(0, 76), (88, 155), (308, 320)]
321	308	 89	    -3.33424	    0.844264	     3.66284	 1	[(0, 76), (88, 155), (308, 321)]
322	308	 92	    -3.33424	     3.65733	     8.56461	 1	[(0, 76), (88, 155), (308, 322)]
323	308	 93	    -3.33424	     3.40069	     9.50631	 1	[(0, 76), (88, 155), (308, 323)]
324	308	 95	    -3.33424	     3.40487	     11.0942	 1	[(0, 76), (88, 155), (308, 324)]
325	308	 96	    -3.33424	     4.57448	     12.3905	 1	[(0, 76), (88, 155), (308, 325)]
326	308	 99	    -3.33424	     5.60418	     14.3362	 1	[(0, 76), (88, 155), (308, 326)]
327	308	101	    -3.33424	     7.36882	     16.5095	 1	[(0, 76), (88, 155), (308, 327)]
328	 50	270	    -3.33424	     9.52479	     195.792	12	[(50, 328)]
329	 50	271	    -3.33424	     8.67472	     196.903	12	[(50, 329)]
330	 50	272	    -3.33424	     9.59048	     202.189	12	[(50, 330)]
331	 50	273	    -3.33424	     10.2876	     202.997	12	[(50, 331)]
332	 50	274	    -3.33424	     7.51516	     207.529	12	[(50, 332)]
333	 50	275	    -3.33424	     7.92523	     208.109	12	[(50, 333)]
334	 50	276	    -3.33424	     8.40499	     208.144	12	[(50, 334)]
335	 50	276	    -3.33424	     8.40499	     208.144	12	[(50, 335)]
336	 50	276	    -3.33424	     8.40499	     208.144	12	[(50, 336)]
337	 50	276	    -3.33424	     8.40499	     208.144	12	[(50, 337)]
338	 50	276	    -3.33424	     8.40499	     208.144	12	[(50, 338)]
339	 50	276	    -3.33424	     8.40499	     208.144	12	[(50, 339)]
340	 50	276	    -3.33424	     8.40499	     208.144	12	[(50, 340)]
341	333	 89	    -3.33424	    0.754709	     3.60909	 1	[(0, 76), (88, 155), (333, 341)]
342	333	 91	    -3.33424	    0.923791	     3.61081	 1	[(0, 76), (88, 155), (333, 342)]
343	333	 93	    -3.33424	     4.32264	      8.9567	 1	[(0, 76), (88, 155), (333, 343)]
344	333	 94	    -3.33424	     4.84588	     9.96929	 1	[(0, 76), (88, 155), (333, 344)]
345	333	 96	    -3.33424	     6.09083	     11.0791	 1	[(0, 76), (88, 155), (333, 345)]
346	342	 87	    -3.33424	    0.408431	      3.5828	 1	[(0, 76), (88, 155), (342, 346)]
347	342	 90	    -3.33424	   -0.935653	     3.59362	 1	[(0, 76), (88, 155), (342, 347)]
348	342	 91	    -3.33424	   -0.796737	     3.58263	 1	[(0, 76), (88, 155), (342, 348)]
349	342	 92	    -3.33424	   -0.978019	     3.58555	 1	[(0, 76), (88, 155), (342, 349)]
350	342	 92	    -3.33424	   -0.978019	     3.58555	 1	[(0, 76), (88, 155), (342, 350)]
351	342	 92	    -3.33424	   -0.978019	     3.58555	 1	[(0, 76), (88, 155), (342, 351)]
352	342	 92	    -3.33424	   -0.978019	     3.58555	 1	[(0, 76), (88, 155), (342, 352)]
353	342	 92	    -3.33424	   -0.978019	     3.58555	 1	[(0, 76), (88, 155), (342, 353)]
354	342	 92	    -3.33424	   -0.978019	     3.58555	 1	[(0, 76), (88, 155), (342, 354)]
355	342	 92	    -3.33424	   -0.978019	     3.58555	 1	[(0, 76), (88, 155), (342, 355)]
356	342	 92	    -3.33424	   -0.978019	     3.58555	 1	[(0, 76), (88, 155), (342, 356)]
357	342	 92	    -3.33424	   -0.978019	     3.58555	 1	[(0, 76), (88, 155), (342, 357)]
358	342	 92	    -3.33424	   -0.978019	     3.58555	 1	[(0, 76), (88, 155), (342, 358)]
359	342	 92	    -3.33424	   -0.978019	     3.58555	 1	[(0, 76), (88, 155), (342, 359)]
360	342	 92	    -3.33424	   -0.978019	     3.58555	 1	[(0, 76), (88, 155), (342, 360)]
361	342	 92	    -3.33424	   -0.978019	     3.58555	 1	[(0, 76), (88, 155), (342, 361)]
362	342	 92	    -3.33424	   -0.978019	     3.58555	 1	[(0, 76), (88, 155), (342, 362)]
363	342	 94	    -3.33424	     -1.3183	     4.04412	 1	[(0, 76), (88, 155), (342, 363)]
364	342	 97	    -3.33424	     -1.2337	     3.87417	 1	[(0, 76), (88, 155), (342, 364)]
365	342	 98	    -3.33424	     -1.2134	     3.84265	 1	[(0, 76), (88, 155), (342, 365)]
366	342	 99	    -3.33424	    -1.22071	     3.84718	 1	[(0, 76), (88, 155), (342, 366)]
367	342	101	    -3.33424	      -1.363	     3.98501	 1	[(0, 76), (88, 155), (342, 367)]
368	342	101	    -3.33424	      -1.363	     3.98501	 1	[(0, 76), (88, 155), (342, 368)]
369	342	101	    -3.33424	      -1.363	     3.98501	 1	[(0, 76), (88, 155), (342, 369)]
370	342	101	    -3.33424	      -1.363	     3.98501	 1	[(0, 76), (88, 155), (342, 370)]
371	367	 87	    -3.33424	    0.371461	     3.65886	 1	[(0, 76), (88, 155), (367, 371)]
372	367	 90	    -3.33424	   -0.979316	     3.60248	 1	[(0, 76), (88, 155), (367, 372)]
373	367	 92	    -3.49434	    -3.49434	     3.50399	 0	[(0, 76), (88, 155), (367, 373)]
374	367	 93	    -3.49434	     2.23948	     9.57012	 0	[(0, 76), (88, 155), (367, 374)]
375	367	 94	    -3.49434	     2.21864	     10.0553	 0	[(0, 76), (88, 155), (367, 375)]
376	367	 95	    -3.49434	      2.2912	     10.5538	 0	[(0, 76), (88, 155), (367, 376)]
377	367	 96	    -3.49434	     2.41785	     11.0812	 0	[(0, 76), (88, 155), (367, 377)]
378	367	 97	    -3.49434	     2.49997	     11.6635	 0	[(0, 76), (88, 155), (367, 378)]
379	367	 98	    -3.49434	     2.54965	     12.4438	 0	[(0, 76), (88, 155), (367, 379)]
380	367	 99	    -3.49434	     2.67514	     13.2787	 0	[(0, 76), (88, 155), (367, 380)]
381	367	100	    -3.49434	     2.46417	      14.581	 0	[(0, 76), (88, 155), (367, 381)]
382	367	101	    -3.49434	     2.43899	     15.5603	 0	[(0, 76), (88, 155), (367, 382)]
383	367	102	    -3.49434	      2.6611	     16.0495	 0	[(0, 76), (88, 155), (367, 383)]
384	367	103	    -3.49434	     2.97641	     15.0591	 0	[(0, 76), (88, 155), (367, 384)]
385	367	103	    -3.49434	     2.97641	     15.0591	 0	[(0, 76), (88, 155), (367, 385)]
386	367	103	    -3.49434	     2.97641	     15.0591	 0	[(0, 76), (88, 155), (367, 386)]
387	367	104	    -3.49434	     2.83501	     15.1247	 0	[(0, 76), (88, 155), (367, 387)]
388	367	104	    -3.49434	     2.83501	     15.1247	 0	[(0, 76), (88, 155), (367, 388)]
389	367	104	    -3.49434	     2.83501	     15.1247	 0	[(0, 76), (88, 155), (367, 389)]
390	367	104	    -3.49434	     2.83501	     15.1247	 0	[(0, 76), (88, 155), (367, 390)]
391	367	106	    -3.49434	     2.71237	     15.4259	 0	[(0, 76), (88, 155), (367, 391)]
392	367	108	    -3.49434	     2.73355	      15.211	 0	[(0, 76), (88, 155), (367, 392)]
393	367	108	    -3.49434	     2.73355	      15.211	 0	[(0, 76), (88, 155), (367, 393)]
394	367	109	    -3.49434	     2.60438	     15.4432	 0	[(0, 76), (88, 155), (367, 394)]
395	367	110	    -3.49434	     2.58156	     15.3741	 0	[(0, 76), (88, 155), (367, 395)]
396	367	110	    -3.49434	     2.58156	     15.3741	 0	[(0, 76), (88, 155), (367, 396)]
397	367	111	    -3.49434	     4.57627	     15.6272	 1	[(0, 76), (88, 155), (367, 397)]
398	393	 88	    -3.49434	    0.619289	      3.5919	 1	[(0, 76), (88, 155), (393, 398)]
399	393	 91	    -3.49434	    -1.09403	     3.60273	 1	[(0, 76), (88, 155), (393, 399)]
400	393	 93	    -3.49434	     3.32499	     9.43418	 0	[(0, 76), (88, 155), (393, 400)]
401	393	 94	    -3.49434	     2.85025	     9.44179	 0	[(0, 76), (88, 155), (393, 401)]
402	393	 95	    -3.49434	     2.48389	     9.61723	 0	[(0, 76), (88, 155), (393, 402)]
403	393	 96	    -3.49434	     2.30935	     9.91445	 0	[(0, 76), (88, 155), (393, 403)]
404	393	 97	    -3.49434	     2.04085	     10.2214	 0	[(0, 76), (88, 155), (393, 404)]
405	393	 98	    -3.49434	     2.07158	     10.5784	 0	[(0, 76), (88, 155), (393, 405)]
406	393	 99	    -3.49434	     2.25659	     10.9902	 0	[(0, 76), (88, 155), (393, 406)]
407	393	100	    -3.49434	     2.64457	     10.9932	 0	[(0, 76), (88, 155), (393, 407)]
408	393	100	    -3.49434	     2.64457	     10.9932	 0	[(0, 76), (88, 155), (393, 408)]
409	393	101	    -3.49434	     2.48725	     11.1477	 0	[(0, 76), (88, 155), (393, 409)]
410	393	101	    -3.49434	     2.48725	     11.1477	 0	[(0, 76), (88, 155), (393, 410)]
411	391	102	    -3.49434	     8.07946	     11.3321	 1	[(0, 76), (88, 155), (391, 411)]
412	393	103	    -3.49434	     8.28035	     11.3273	 1	[(0, 76), (88, 155), (393, 412)]
413	393	104	    -3.49434	     8.38073	     11.2864	 1	[(0, 76), (88, 155), (393, 413)]
414	393	105	    -3.49434	     8.31889	     11.2971	 1	[(0, 76), (88, 155), (393, 414)]
415	393	105	    -3.49434	     8.31889	     11.2971	 1	[(0, 76), (88, 155), (393, 415)]
416	393	105	    -3.49434	     8.31889	     11.2971	 1	[(0, 76), (88, 155), (393, 416)]
417	393	105	    -3.49434	     8.31889	     11.2971	 1	[(0, 76), (88, 155), (393, 417)]
418	393	105	    -3.49434	     8.31889	     11.2971	 1	[(0, 76), (88, 155), (393, 418)]
419	393	105	    -3.49434	     8.31889	     11.2971	 1	[(0, 76), (88, 155), (393, 419)]
420	393	107	    -3.49434	     8.05595	     11.5415	 1	[(0, 76), (88, 155), (393, 420)]
421	393	107	    -3.49434	     8.05595	     11.5415	 1	[(0, 76), (88, 155), (393, 421)]
422	393	107	    -3.49434	     8.05595	     11.5415	 1	[(0, 76), (88, 155), (393, 422)]
423	393	109	    -3.49434	     7.92582	     11.6931	 1	[(0, 76), (88, 155), (393, 423)]
424	393	109	    -3.49434	     7.92582	     11.6931	 1	[(0, 76), (88, 155), (393, 424)]
425	393	112	    -3.49434	     7.94132	      11.694	 1	[(0, 76), (88, 155), (393, 425)]
426	393	113	    -3.49434	     7.94402	     11.6938	 1	[(0, 76), (88, 155), (393, 426)]
427	393	115	    -3.49434	     8.02036	      11.609	 1	[(0, 76), (88, 155), (393, 427)]
428	393	116	    -3.49434	     8.00754	     11.6153	 1	[(0, 76), (88, 155), (393, 428)]
429	393	117	    -3.49434	      7.9967	     11.6359	 1	[(0, 76), (88, 155), (393, 429)]
430	393	117	    -3.49434	      7.9967	     11.6359	 1	[(0, 76), (88, 155), (393, 430)]
431	393	117	    -3.49434	      7.9967	     11.6359	 1	[(0, 76), (88, 155), (393, 431)]
432	429	 87	    -3.49434	    0.380983	     3.63722	 1	[(0, 76), (88, 155), (429, 432)]
433	429	 89	    -3.59035	    -3.59035	     3.60877	 0	[(0, 76), (88, 155), (429, 433)]
434	429	 91	    -3.59035	    -3.48071	     3.48879	 0	[(0, 76), (88, 155), (429, 434)]
435	429	 92	    -3.59035	    -3.49396	     3.50314	 0	[(0, 76), (88, 155), (429, 435)]
436	429	 93	    -3.59035	     3.61297	     9.94589	 0	[(0, 76), (88, 155), (429, 436)]
437	429	 94	    -3.59035	     3.10109	     9.97188	 0	[(0, 76), (88, 155), (429, 437)]
438	429	 95	    -3.59035	     2.85262	     9.88938	 0	[(0, 76), (88, 155), (429, 438)]
439	429	 96	    -3.59035	     2.74157	     10.1433	 0	[(0, 76), (88, 155), (429, 439)]
440	429	 97	    -3.59035	     2.78543	     10.5497	 0	[(0, 76), (88, 155), (429, 440)]
441	429	 98	    -3.59035	     2.78074	     10.9354	 0	[(0, 76), (88, 155), (429, 441)]
442	429	 99	    -3.59035	     2.91808	     11.3584	 0	[(0, 76), (88, 155), (429, 442)]
443	429	100	    -3.59035	     3.09995	     11.8483	 0	[(0, 76), (88, 155), (429, 443)]
444	429	101	    -3.59035	     3.26121	     12.3656	 0	[(0, 76), (88, 155), (429, 444)]
445	429	102	    -3.59035	     3.37264	     12.9894	 0	[(0, 76), (88, 155), (429, 445)]
446	429	103	    -3.59035	       3.521	     13.5911	 0	[(0, 76), (88, 155), (429, 446)]
447	429	104	    -3.59035	     3.68383	     13.8682	 0	[(0, 76), (88, 155), (429, 447)]
448	429	105	    -3.59035	     3.94452	     13.9014	 0	[(0, 76), (88, 155), (429, 448)]
449	429	105	    -3.59035	     3.94452	     13.9014	 0	[(0, 76), (88, 155), (429, 449)]
450	429	106	    -3.59035	     3.83421	     14.1361	 0	[(0, 76), (88, 155), (429, 450)]
451	429	106	    -3.59035	     3.83421	     14.1361	 0	[(0, 76), (88, 155), (429, 451)]
452	429	106	    -3.59035	     3.83421	     14.1361	 0	[(0, 76), (88, 155), (429, 452)]
453	429	107	    -3.59035	     3.72387	     14.3672	 0	[(0, 76), (88, 155), (429, 453)]
454	429	109	    -3.59035	     3.67175	     14.0551	 0	[(0, 76), (88, 155), (429, 454)]
455	429	109	    -3.59035	     3.67175	     14.0551	 0	[(0, 76), (88, 155), (429, 455)]
456	429	110	    -3.59035	     3.51396	     14.4658	 0	[(0, 76), (88, 155), (429, 456)]
457	429	111	    -3.59035	     3.49281	     14.2178	 0	[(0, 76), (88, 155), (429, 457)]
458	429	111	    -3.59035	     3.49281	     14.2178	 0	[(0, 76), (88, 155), (429, 458)]
459	429	111	    -3.59035	     3.49281	     14.2178	 0	[(0, 76), (88, 155), (429, 459)]
460	429	111	    -3.59035	     3.49281	     14.2178	 0	[(0, 76), (88, 155), (429, 460)]
461	429	111	    -3.59035	     3.49281	     14.2178	 0	[(0, 76), (88, 155), (429, 461)]
462	429	111	    -3.59035	     3.49281	     14.2178	 0	[(0, 76), (88, 155), (429, 462)]
463	429	111	    -3.59035	     3.49281	     14.2178	 0	[(0, 76), (88, 155), (429, 463)]
464	429	111	    -3.59035	     3.49281	     14.2178	 0	[(0, 76), (88, 155), (429, 464)]
465	429	111	    -3.59035	     3.49281	     14.2178	 0	[(0, 76), (88, 155), (429, 465)]
466	429	111	    -3.59035	     3.49281	     14.2178	 0	[(0, 76), (88, 155), (429, 466)]
467	  0	444	    -3.59035	     13.4148	     353.027	19	[(0, 467)]
468	462	 90	    -3.59035	    0.606699	      3.6067	 1	[(0, 76), (88, 155), (462, 468)]
469	462	 92	    -3.59035	    -1.14534	      3.6187	 1	[(0, 76), (88, 155), (462, 469)]
470	462	 94	    -3.59035	    -3.51926	     3.52924	 0	[(0, 76), (88, 155), (462, 470)]
471	462	 95	    -3.59035	    -3.53224	     3.54301	 0	[(0, 76), (88, 155), (462, 471)]
472	462	 96	    -3.59035	     2.79523	     10.1458	 0	[(0, 76), (88, 155), (462, 472)]
473	462	 97	    -3.59035	     2.91687	     10.5746	 0	[(0, 76), (88, 155), (462, 473)]
474	462	 98	    -3.59035	     3.01099	     11.0226	 0	[(0, 76), (88, 155), (462, 474)]
475	462	 99	    -3.59035	     3.11028	     11.5092	 0	[(0, 76), (88, 155), (462, 475)]
476	462	100	    -3.59035	     2.67261	     12.2114	 0	[(0, 76), (88, 155), (462, 476)]
477	462	101	    -3.59035	     2.40193	      12.875	 0	[(0, 76), (88, 155), (462, 477)]
478	462	102	    -3.59035	     1.21533	     10.1786	 0	[(0, 76), (88, 155), (462, 478)]
479	462	103	    -3.59035	     1.35009	     10.4634	 0	[(0, 76), (88, 155), (462, 479)]
480	462	104	    -3.59035	     1.88226	     10.7469	 0	[(0, 76), (88, 155), (462, 480)]
481	462	104	    -3.59035	     1.88226	     10.7469	 0	[(0, 76), (88, 155), (462, 481)]
482	462	105	    -3.59035	     1.69392	     10.9246	 0	[(0, 76), (88, 155), (462, 482)]
483	462	105	    -3.59035	     1.69392	     10.9246	 0	[(0, 76), (88, 155), (462, 483)]
484	462	106	    -3.59035	     1.46406	     11.0793	 0	[(0, 76), (88, 155), (462, 484)]
485	462	106	    -3.59035	     1.46406	     11.0793	 0	[(0, 76), (88, 155), (462, 485)]
486	  0	463	    -3.59035	     4.39021	      374.31	20	[(0, 486)]
487	  0	463	    -3.59035	     4.39021	      374.31	20	[(0, 487)]
488	  0	464	    -3.59035	      3.1886	     375.384	20	[(0, 488)]
489	  0	465	    -3.59035	     3.53224	     375.424	20	[(0, 489)]
490	  0	467	    -3.59035	     5.24315	      375.41	20	[(0, 490)]
491	  0	468	    -3.59035	     5.26877	     375.262	20	[(0, 491)]
492	  0	468	    -3.59035	     5.26877	     375.262	20	[(0, 492)]
493	  0	469	    -3.59035	     5.04203	     375.544	20	[(0, 493)]
494	  0	470	    -3.59035	     5.03611	     375.556	20	[(0, 494)]
495	462	115	    -3.59035	     1.17301	     11.4202	 0	[(0, 76), (88, 155), (462, 495)]
496	  0	473	    -3.59035	     4.16608	     376.257	20	[(0, 496)]
497	  0	474	    -3.59035	     3.42007	      377.34	20	[(0, 497)]
498	  0	475	    -3.59035	     4.00087	     377.244	20	[(0, 498)]
499	  0	476	    -3.59035	     4.25845	     376.765	20	[(0, 499)]
500	  0	477	    -3.59035	     4.22726	     376.771	20	[(0, 500)]
501	  0	478	    -3.59035	     4.24484	     376.716	20	[(0, 501)]
502	  0	479	    -3.59035	     4.19912	     376.748	20	[(0, 502)]
503	  0	479	    -3.59035	     4.19912	     376.748	20	[(0, 503)]
504	  0	480	    -3.59035	     4.07096	     376.903	20	[(0, 504)]
505	  0	480	    -3.59035	     4.07096	     376.903	20	[(0, 505)]
506	  0	480	    -3.59035	     4.07096	     376.903	20	[(0, 506)]
507	  0	480	    -3.59035	     4.07096	     376.903	20	[(0, 507)]
508	  0	482	    -3.59035	     3.93993	     377.012	20	[(0, 508)]
509	  0	482	    -3.59035	     3.93993	     377.012	20	[(0, 509)]
510	  0	484	    -3.59035	     3.92526	     377.028	20	[(0, 510)]
511	  0	484	    -3.59035	     3.92526	     377.028	20	[(0, 511)]
512	  0	484	    -3.59035	     3.92526	     377.028	20	[(0, 512)]
513	  0	484	    -3.59035	     3.92526	     377.028	20	[(0, 513)]
514	  0	484	    -3.59035	     3.92526	     377.028	20	[(0, 514)]
515	502	 91	    -3.59035	     8.57752	     4.22314	 4	[(0, 76), (88, 155), (502, 515)]
516	502	 93	    -3.59035	     9.13951	     4.02397	 4	[(0, 76), (88, 155), (502, 516)]
517	502	 96	    -3.59035	     10.7952	     9.55326	 3	[(0, 76), (88, 155), (502, 517)]
518	502	 98	    -3.59035	     8.61168	     10.1935	 2	[(0, 76), (88, 155), (502, 518)]
519	502	101	    -3.59035	      5.9752	     13.7989	 1	[(0, 76), (88, 155), (502, 519)]
520	502	102	    -3.59035	     5.45091	     15.1943	 1	[(0, 76), (88, 155), (502, 520)]
521	502	103	    -3.59035	     5.97432	     15.6596	 1	[(0, 76), (88, 155), (502, 521)]
522	516	 88	    -3.59035	    0.578134	     3.62176	 1	[(0, 76), (88, 155), (516, 522)]
523	516	 92	    -3.59035	    -1.13776	     3.61724	 1	[(0, 76), (88, 155), (516, 523)]
524	516	 94	    -3.59035	    -3.51844	     3.52751	 0	[(0, 76), (88, 155), (516, 524)]
525	516	 95	    -3.59035	    -3.53166	     3.54176	 0	[(0, 76), (88, 155), (516, 525)]
526	516	 96	    -3.59035	    -3.54407	      3.5543	 0	[(0, 76), (88, 155), (516, 526)]
527	516	 96	    -3.59035	    -3.54407	      3.5543	 0	[(0, 76), (88, 155), (516, 527)]
528	516	 96	    -3.59035	    -3.54407	      3.5543	 0	[(0, 76), (88, 155), (516, 528)]
529	516	 97	    -3.67312	    -3.67312	     3.67763	 0	[(0, 76), (88, 155), (516, 529)]
530	516	 97	    -3.67312	    -3.67312	     3.67763	 0	[(0, 76), (88, 155), (516, 530)]
531	516	 98	    -3.80026	    -3.80026	     3.79727	 0	[(0, 76), (88, 155), (516, 531)]
532	516	 98	    -3.80026	    -3.80026	     3.79727	 0	[(0, 76), (88, 155), (516, 532)]
533	516	 99	    -3.92803	    -3.92803	     3.91815	 0	[(0, 76), (88, 155), (516, 533)]
534	516	 99	    -3.92803	    -3.92803	     3.91815	 0	[(0, 76), (88, 155), (516, 534)]
535	516	 99	    -3.92803	    -3.92803	     3.91815	 0	[(0, 76), (88, 155), (516, 535)]
536	516	 99	    -3.92803	    -3.92803	     3.91815	 0	[(0, 76), (88, 155), (516, 536)]
537	516	 99	    -3.92803	    -3.92803	     3.91815	 0	[(0, 76), (88, 155), (516, 537)]
538	516	101	     -4.1856	     -4.1856	     4.16318	 0	[(0, 76), (88, 155), (516, 538)]
539	516	101	     -4.1856	     -4.1856	     4.16318	 0	[(0, 76), (88, 155), (516, 539)]
540	516	101	     -4.1856	     -4.1856	     4.16318	 0	[(0, 76), (88, 155), (516, 540)]
541	516	101	     -4.1856	     -4.1856	     4.16318	 0	[(0, 76), (88, 155), (516, 541)]
542	516	101	     -4.1856	     -4.1856	     4.16318	 0	[(0, 76), (88, 155), (516, 542)]
543	516	101	     -4.1856	     -4.1856	     4.16318	 0	[(0, 76), (88, 155), (516, 543)]
544	516	101	     -4.1856	     -4.1856	     4.16318	 0	[(0, 76), (88, 155), (516, 544)]
545	516	105	    -4.42754	    -4.42754	     4.40363	 0	[(0, 76), (88, 155), (516, 545)]
546	516	107	    -4.42754	    -4.31409	     4.30381	 0	[(0, 76), (88, 155), (516, 546)]
547	516	107	    -4.42754	    -4.31409	     4.30381	 0	[(0, 76), (88, 155), (516, 547)]
548	516	107	    -4.42754	    -4.31409	     4.30381	 0	[(0, 76), (88, 155), (516, 548)]
549	516	108	    -4.45545	    -4.45545	     4.45245	 0	[(0, 76), (88, 155), (516, 549)]
550	516	108	    -4.45545	    -4.45545	     4.45245	 0	[(0, 76), (88, 155), (516, 550)]
551	516	110	    -4.58548	    -4.58548	     4.59259	 0	[(0, 76), (88, 155), (516, 551)]
552	516	111	    -4.58548	    -2.09128	     4.61236	 1	[(0, 76), (88, 155), (516, 552)]
553	516	113	    -4.58548	    -4.46613	     4.46669	 0	[(0, 76), (88, 155), (516, 553)]
554	516	114	    -4.58548	    -4.47801	     4.47807	 0	[(0, 76), (88, 155), (516, 554)]
555	548	 93	    -4.58548	     2.29407	     9.84769	 0	[(0, 76), (88, 155), (548, 555)]
556	548	 94	    -4.58548	     1.46053	     10.2649	 0	[(0, 76), (88, 155), (548, 556)]
557	548	 95	    -4.58548	     1.46192	     10.8385	 0	[(0, 76), (88, 155), (548, 557)]
558	548	 96	    -4.58548	     1.36642	     11.5105	 0	[(0, 76), (88, 155), (548, 558)]
559	548	 97	    -4.58548	      1.9116	     11.4677	 0	[(0, 76), (88, 155), (548, 559)]
560	548	 97	    -4.58548	      1.9116	     11.4677	 0	[(0, 76), (88, 155), (548, 560)]
561	548	 97	    -4.58548	      1.9116	     11.4677	 0	[(0, 76), (88, 155), (548, 561)]
562	548	 98	    -4.58548	     1.59235	     11.8481	 0	[(0, 76), (88, 155), (548, 562)]
563	548	100	    -4.58548	     1.87082	     11.4462	 0	[(0, 76), (88, 155), (548, 563)]
564	548	101	    -4.58548	     1.82361	     11.5006	 0	[(0, 76), (88, 155), (548, 564)]
565	548	101	    -4.58548	     1.82361	     11.5006	 0	[(0, 76), (88, 155), (548, 565)]
566	548	101	    -4.58548	     1.82361	     11.5006	 0	[(0, 76), (88, 155), (548, 566)]
567	  0	538	    -4.58548	   -0.406126	     440.677	25	[(0, 567)]
568	  0	539	    -5.32842	    -5.32842	     443.179	25	[(0, 568)]
569	  0	540	    -6.47522	    -6.47522	     444.064	25	[(0, 569)]
570	  0	541	    -7.12938	    -7.12938	     444.953	25	[(0, 570)]
571	  0	541	    -7.12938	    -7.12938	     444.953	25	[(0, 571)]
572	  0	542	    -7.12938	    -1.30856	     445.121	28	[(0, 572)]
573	  0	543	    -7.12938	    -2.02021	      446.73	28	[(0, 573)]
574	  0	545	    -7.12938	    -2.17418	     446.911	27	[(0, 574)]
575	  0	546	    -7.12938	    -2.64149	     449.037	27	[(0, 575)]
576	  0	547	    -7.12938	    -2.11923	     447.956	27	[(0, 576)]
577	  0	547	    -7.12938	    -2.11923	     447.956	27	[(0, 577)]
578	  0	548	    -7.12938	    -2.25497	      448.11	27	[(0, 578)]
579	  0	548	    -7.12938	    -2.25497	      448.11	27	[(0, 579)]
580	  0	548	    -7.12938	    -2.25497	      448.11	27	[(0, 580)]
581	  0	548	    -7.12938	    -2.25497	      448.11	27	[(0, 581)]
582	574	  3	    -7.12938	      3.9382	    0.261503	 1	[(574, 582)]
583	  0	552	    -7.12938	     2.26478	     447.174	28	[(0, 583)]
584	  0	553	    -7.12938	     2.43335	     447.156	28	[(0, 584)]
585	  0	554	    -7.12938	     3.21634	     456.655	28	[(0, 585)]
586	  0	555	    -7.12938	     2.56566	     457.637	28	[(0, 586)]
587	  0	556	    -7.12938	     1.70581	     459.181	28	[(0, 587)]
588	  0	557	    -7.12938	     2.16454	     459.623	28	[(0, 588)]
589	  0	558	    -7.12938	     2.62031	     459.518	28	[(0, 589)]
590	  0	558	    -7.12938	     2.62031	     459.518	28	[(0, 590)]
591	  0	559	    -7.12938	      2.1589	     460.208	28	[(0, 591)]
592	  0	560	    -7.12938	     1.54681	     461.042	28	[(0, 592)]
593	  0	562	    -7.12938	     2.45846	     459.629	28	[(0, 593)]
594	  0	563	    -7.12938	     2.43629	     459.693	28	[(0, 594)]
595	  0	563	    -7.12938	     2.43629	     459.693	28	[(0, 595)]
596	  0	563	    -7.12938	     2.43629	     459.693	28	[(0, 596)]
597	  0	564	    -7.12938	      1.3893	     461.323	28	[(0, 597)]
598	  0	565	    -7.12938	     1.31906	     462.102	28	[(0, 598)]
599	  0	566	    -7.12938	    0.961226	     468.133	28	[(0, 599)]
600	  0	567	    -7.12938	     1.62137	     468.277	28	[(0, 600)]
601	  0	568	    -7.12938	     1.67535	     468.835	28	[(0, 601)]
602	  0	569	    -7.12938	     6.68517	     471.411	29	[(0, 602)]
603	  0	570	    -7.12938	     6.80638	     472.597	29	[(0, 603)]
604	  0	572	    -7.12938	    -2.06649	     476.163	28	[(0, 604)]
605	  0	573	    -7.12938	    -6.03347	     477.477	28	[(0, 605)]
606	  0	574	    -7.12938	    -7.06103	     478.386	28	[(0, 606)]
607	  0	575	    -8.38618	    -8.38618	     479.687	28	[(0, 607)]
608	  0	576	    -8.38618	    -7.75547	     480.056	28	[(0, 608)]
609	  0	577	    -8.38618	    -7.48364	      480.24	28	[(0, 609)]
610	  0	577	    -8.38618	    -7.48364	      480.24	28	[(0, 610)]
611	  0	578	    -8.38618	    -6.59626	     481.086	29	[(0, 611)]
612	  0	579	    -8.38618	    -7.60021	     482.466	29	[(0, 612)]
613	  0	580	    -8.38618	    -8.32959	     483.597	29	[(0, 613)]
614	  0	581	    -10.2503	    -10.2503	     485.046	29	[(0, 614)]
615	  0	581	    -10.2503	    -10.2503	     485.046	29	[(0, 615)]
616	  0	582	    -10.2503	     -8.3766	     485.188	30	[(0, 616)]
617	  0	583	    -10.2503	     -8.0614	     485.416	30	[(0, 617)]
618	  0	585	    -10.2503	    -9.04976	     485.227	29	[(0, 618)]
619	  0	586	    -10.2503	     -9.0373	     485.199	29	[(0, 619)]
620	  0	587	    -10.2503	    -9.06933	     485.239	29	[(0, 620)]
621	  0	588	    -10.2503	    -7.20129	     490.858	29	[(0, 621)]
622	  0	589	    -10.2503	    -7.00785	     492.216	29	[(0, 622)]
623	  0	590	    -10.2503	      -8.629	     493.847	29	[(0, 623)]
624	  0	591	    -12.1858	    -12.1858	     495.063	29	[(0, 624)]
625	  0	592	    -12.7325	    -12.7325	     496.015	29	[(0, 625)]
626	  0	593	    -13.1536	    -13.1536	     496.868	29	[(0, 626)]
627	  0	593	    -13.1536	    -13.1536	     496.868	29	[(0, 627)]
628	  0	594	    -13.4541	    -13.4541	     497.156	29	[(0, 628)]
629	  0	594	    -13.4541	    -13.4541	     497.156	29	[(0, 629)]
630	  0	594	    -13.4541	    -13.4541	     497.156	29	[(0, 630)]
631	  0	594	    -13.4541	    -13.4541	     497.156	29	[(0, 631)]
632	  0	594	    -13.4541	    -13.4541	     497.156	29	[(0, 632)]
633	  0	594	    -13.4541	    -13.4541	     497.156	29	[(0, 633)]
634	  0	594	    -13.4541	    -13.4541	     497.156	29	[(0, 634)]
635	  0	598	    -13.4541	    -7.29811	     497.431	31	[(0, 635)]
636	  0	599	    -13.4541	      -7.023	     497.437	31	[(0, 636)]
637	 21	593	    -13.4541	    -5.83915	     495.355	31	[(21, 637)]
638	  0	603	    -13.4541	    -4.47036	     504.796	30	[(0, 638)]
639	  0	604	    -13.4541	    -5.32421	     506.632	30	[(0, 639)]
640	  0	605	    -13.4541	    -6.01834	     507.637	30	[(0, 640)]
641	  0	606	    -13.4541	    -6.72486	     508.612	30	[(0, 641)]
642	  0	608	    -13.4541	    -5.81185	     510.593	30	[(0, 642)]
643	  0	609	    -13.4541	    -5.48291	     511.376	30	[(0, 643)]
644	  0	610	    -13.4541	    -5.60685	     512.348	30	[(0, 644)]
645	  0	611	    -13.4541	    -5.37674	     512.669	30	[(0, 645)]
646	  0	611	    -13.4541	    -5.37674	     512.669	30	[(0, 646)]
647	  0	611	    -13.4541	    -5.37674	     512.669	30	[(0, 647)]
648	  0	612	    -13.4541	    -5.53047	     512.888	30	[(0, 648)]
649	  0	612	    -13.4541	    -5.53047	     512.888	30	[(0, 649)]
650	  0	614	    -13.4541	    -5.71828	     513.253	30	[(0, 650)]
651	  0	614	    -13.4541	    -5.71828	     513.253	30	[(0, 651)]
652	  0	615	    -13.4541	     -5.8604	     513.387	30	[(0, 652)]
653	  0	615	    -13.4541	     -5.8604	     513.387	30	[(0, 653)]
654	  0	615	    -13.4541	     -5.8604	     513.387	30	[(0, 654)]
655	  0	615	    -13.4541	     -5.8604	     513.387	30	[(0, 655)]
656	  0	615	    -13.4541	     -5.8604	     513.387	30	[(0, 656)]
657	  0	615	    -13.4541	     -5.8604	     513.387	30	[(0, 657)]
658	  0	615	    -13.4541	     -5.8604	     513.387	30	[(0, 658)]
659	  0	615	    -13.4541	     -5.8604	     513.387	30	[(0, 659)]
660	650	  2	    -13.4541	     3.74243	     0.24503	 1	[(650, 660)]
661	650	  4	    -13.4541	     2.34516	    0.300326	 1	[(650, 661)]
662	650	  7	    -13.4541	     2.36728	    0.253072	 1	[(650, 662)]
663	 21	615	    -13.4541	     5.52913	     511.791	33	[(21, 663)]
664	650	 10	    -13.4541	     6.68137	     6.65128	 1	[(650, 664)]
665	650	 11	    -13.4541	     4.64468	     9.00307	 1	[(650, 665)]
666	650	 13	    -13.4541	     3.83436	     10.9224	 1	[(650, 666)]
667	650	 15	    -13.4541	     4.66757	      12.599	 1	[(650, 667)]
668	650	 18	    -13.4541	      5.3162	     14.5349	 1	[(650, 668)]
669	650	 19	    -13.4541	     6.58557	      15.339	 1	[(650, 669)]
670	650	 20	    -13.4541	     7.00327	      14.929	 1	[(650, 670)]
671	  0	635	    -13.4541	     6.85892	     526.957	32	[(0, 671)]
672	650	 20	    -13.4541	     7.00327	      14.929	 1	[(650, 672)]
673	  0	637	    -13.4541	     6.30618	      535.95	32	[(0, 673)]
674	  0	638	    -13.4541	      1.8126	     537.309	32	[(0, 674)]
675	  0	639	    -13.4541	     2.15405	     537.898	32	[(0, 675)]
676	  0	640	    -13.4541	    0.813578	     539.036	32	[(0, 676)]
677	  0	641	    -13.4541	   -0.999425	     540.194	32	[(0, 677)]
678	  0	642	    -13.4541	    -3.19901	     541.668	32	[(0, 678)]
679	  0	643	    -13.4541	    -4.15995	     542.716	32	[(0, 679)]
680	  0	645	    -13.4541	     -6.8954	     544.356	32	[(0, 680)]
681	  0	646	    -13.4541	    -7.79554	     545.821	32	[(0, 681)]
682	  0	647	    -13.4541	    -7.38381	     546.347	32	[(0, 682)]
683	  0	648	    -13.4541	     -6.8779	      546.19	32	[(0, 683)]
684	  0	648	    -13.4541	     -6.8779	      546.19	32	[(0, 684)]
685	  0	649	    -13.4541	    -7.02661	     546.337	32	[(0, 685)]
686	  0	650	    -13.4541	    -7.03102	     546.353	32	[(0, 686)]
687	  0	650	    -13.4541	    -7.03102	     546.353	32	[(0, 687)]
688	  0	650	    -13.4541	    -7.03102	     546.353	32	[(0, 688)]
689	  0	650	    -13.4541	    -7.03102	     546.353	32	[(0, 689)]
690	  0	651	    -13.4541	    0.605499	     546.489	33	[(0, 690)]
691	  0	652	    -13.4541	    0.598917	     546.498	33	[(0, 691)]
692	  0	654	    -13.4541	    -2.13317	     543.511	32	[(0, 692)]
693	  0	655	    -13.4541	    -2.09001	     543.542	32	[(0, 693)]
694	  0	656	    -13.4541	    -1.79898	      546.56	32	[(0, 694)]
695	  0	657	    -13.4541	    -2.32836	     549.771	32	[(0, 695)]
696	  0	658	    -13.4541	    -2.96809	      550.33	32	[(0, 696)]
697	  0	659	    -13.4541	    -3.84921	     550.398	32	[(0, 697)]
698	  0	660	    -13.4541	    -4.67373	     551.615	32	[(0, 698)]
699	  0	661	    -13.4541	    -5.94236	     552.751	32	[(0, 699)]
700	  0	662	    -13.4541	    -6.85383	     553.804	32	[(0, 700)]
701	  0	663	    -13.4541	    -7.80701	     554.806	32	[(0, 701)]
702	  0	665	    -13.4541	    -9.52132	     555.518	31	[(0, 702)]
703	  0	666	    -13.4541	     -6.8119	      555.49	32	[(0, 703)]
704	  0	667	    -13.4541	    -6.72152	     555.314	32	[(0, 704)]
705	  0	667	    -13.4541	    -6.72152	     555.314	32	[(0, 705)]
706	  0	668	    -13.4541	    -6.86217	     555.451	32	[(0, 706)]
707	  0	669	    -13.4541	    -6.87047	     555.469	32	[(0, 707)]
708	  0	670	    -13.4541	    -7.00664	     555.649	32	[(0, 708)]
709	  0	672	    -13.4541	    -2.33821	     555.345	33	[(0, 709)]
710	  0	673	    -13.4541	    -1.94565	     555.322	33	[(0, 710)]
711	  0	674	    -13.4541	    -1.16106	     559.222	33	[(0, 711)]
712	  0	675	    -13.4541	    -1.49903	     565.674	33	[(0, 712)]
713	  0	676	    -13.4541	    -3.81338	     566.842	33	[(0, 713)]
714	  0	677	    -13.4541	    -4.66686	      567.73	33	[(0, 714)]
715	  0	678	    -13.4541	    -5.85682	     568.699	33	[(0, 715)]
716	  0	679	    -13.4541	    -8.32987	     569.811	33	[(0, 716)]
717	  0	680	    -13.4541	    -11.0799	     570.918	33	[(0, 717)]
718	  0	681	    -13.4541	    -12.4058	     571.963	33	[(0, 718)]
719	  0	682	    -13.8092	    -13.8092	     573.155	33	[(0, 719)]
720	  0	683	    -16.0372	    -16.0372	      574.45	33	[(0, 720)]
721	  0	684	    -18.3773	    -18.3773	      576.33	33	[(0, 721)]
722	  0	685	    -18.3773	    -18.1083	     577.013	33	[(0, 722)]
723	  0	686	     -19.188	     -19.188	     578.264	33	[(0, 723)]
724	  0	687	    -19.8161	    -19.8161	     580.355	33	[(0, 724)]
725	  0	688	    -19.8161	    -19.7522	     582.338	33	[(0, 725)]
726	  0	689	    -19.8161	    -19.0127	     582.501	33	[(0, 726)]
727	  0	690	    -19.8161	    -18.7055	     582.105	33	[(0, 727)]
728	  0	690	    -19.8161	    -18.7055	     582.105	33	[(0, 728)]
729	  0	690	    -19.8161	    -18.7055	     582.105	33	[(0, 729)]
730	  0	690	    -19.8161	    -18.7055	     582.105	33	[(0, 730)]
731	  0	690	    -19.8161	    -18.7055	     582.105	33	[(0, 731)]
732	  0	690	    -19.8161	    -18.7055	     582.105	33	[(0, 732)]
733	  0	690	    -19.8161	    -18.7055	     582.105	33	[(0, 733)]
734	  0	690	    -19.8161	    -18.7055	     582.105	33	[(0, 734)]
735	  0	690	    -19.8161	    -18.7055	     582.105	33	[(0, 735)]
736	  0	690	    -19.8161	    -18.7055	     582.105	33	[(0, 736)]
737	  0	690	    -19.8161	    -18.7055	     582.105	33	[(0, 737)]
738	  0	690	    -19.8161	    -18.7055	     582.105	33	[(0, 738)]
739	  0	690	    -19.8161	    -18.7055	     582.105	33	[(0, 739)]
740	  0	690	    -19.8161	    -18.7055	     582.105	33	[(0, 740)]
741	  0	690	    -19.8161	    -18.7055	     582.105	33	[(0, 741)]
742	  0	690	    -19.8161	    -18.7055	     582.105	33	[(0, 742)]
743	  0	690	    -19.8161	    -18.7055	     582.105	33	[(0, 743)]
744	  0	690	    -19.8161	    -18.7055	     582.105	33	[(0, 744)]
745	  0	690	    -19.8161	    -18.7055	     582.105	33	[(0, 745)]
746	  0	693	    -19.8161	    -14.7529	     582.399	34	[(0, 746)]
747	  0	695	    -19.8161	    -14.3297	     582.411	34	[(0, 747)]
748	  0	698	    -19.8161	    -14.3549	     582.378	34	[(0, 748)]
749	  0	700	    -19.8161	    -9.31558	     589.837	34	[(0, 749)]
750	  0	701	    -19.8161	    -9.00341	     590.533	34	[(0, 750)]
751	  0	704	    -19.8161	     -7.4239	     591.855	34	[(0, 751)]
752	  0	704	    -19.8161	     -7.4239	     591.855	34	[(0, 752)]
753	  0	704	    -19.8161	     -7.4239	     591.855	34	[(0, 753)]
754	  0	705	    -19.8161	    -4.10977	      592.01	35	[(0, 754)]
755	  0	706	    -19.8161	    -5.01006	     593.097	35	[(0, 755)]
756	  0	707	    -19.8161	    -6.38433	     594.345	35	[(0, 756)]
757	  0	708	    -19.8161	    -7.86713	     596.034	35	[(0, 757)]
758	  0	709	    -19.8161	    -9.78113	     597.273	35	[(0, 758)]
759	  0	711	    -19.8161	    -11.1893	      599.06	35	[(0, 759)]
760	  0	713	    -19.8161	     -13.639	     601.056	34	[(0, 760)]
761	  0	714	    -19.8161	    -12.9098	     601.347	34	[(0, 761)]
762	  0	715	    -19.8161	    -13.7729	     602.431	34	[(0, 762)]
763	  0	716	    -19.8161	    -14.1909	     603.343	34	[(0, 763)]
764	  0	717	    -19.8161	    -14.9622	     604.374	34	[(0, 764)]
765	  0	718	    -19.8161	    -16.2087	     605.462	34	[(0, 765)]
766	  0	719	    -19.8161	    -17.0715	     606.406	34	[(0, 766)]
767	  0	720	    -19.8161	    -18.0195	     607.386	34	[(0, 767)]
768	  0	721	    -19.8161	    -19.3859	      608.47	34	[(0, 768)]
769	  0	723	    -22.5828	    -22.5828	     609.966	34	[(0, 769)]
770	  0	724	    -23.1058	    -23.1058	     611.353	34	[(0, 770)]
771	  0	725	    -23.1058	    -22.4782	     611.656	34	[(0, 771)]
772	  0	726	    -23.1058	    -22.1115	     611.376	34	[(0, 772)]
773	  0	727	    -23.4345	    -23.4345	     613.048	34	[(0, 773)]
774	  0	728	    -25.2136	    -25.2136	     614.424	34	[(0, 774)]
775	  0	729	    -25.2675	    -25.2675	     615.226	34	[(0, 775)]
776	  0	730	    -25.2675	    -25.0494	     615.755	34	[(0, 776)]
777	  0	730	    -25.2675	    -25.0494	     615.755	34	[(0, 777)]
778	  0	730	    -25.2675	    -25.0494	     615.755	34	[(0, 778)]
779	  0	731	    -26.1154	    -26.1154	     616.453	34	[(0, 779)]
780	  0	732	    -26.1154	    -25.6316	     612.253	34	[(0, 780)]
781	  0	733	    -26.1154	    -25.5349	     612.253	34	[(0, 781)]
782	  0	734	    -26.1154	    -25.4669	     612.145	34	[(0, 782)]
783	  0	734	    -26.1154	    -25.4669	     612.145	34	[(0, 783)]
784	  0	734	    -26.1154	    -25.4669	     612.145	34	[(0, 784)]
785	  0	734	    -26.1154	    -25.4669	     612.145	34	[(0, 785)]
786	  0	734	    -26.1154	    -25.4669	     612.145	34	[(0, 786)]
787	  0	734	    -26.1154	    -25.4669	     612.145	34	[(0, 787)]
788	  0	734	    -26.1154	    -25.4669	     612.145	34	[(0, 788)]
789	  0	737	    -26.1154	    -25.5762	     612.231	34	[(0, 789)]
790	  0	739	    -26.1154	    -24.7315	     616.614	34	[(0, 790)]
791	  0	740	    -26.1154	     -24.428	     612.069	34	[(0, 791)]
792	  0	742	    -26.1154	      -22.37	     616.217	35	[(0, 792)]
793	  0	743	    -26.1154	    -21.8999	      616.25	35	[(0, 793)]
794	  0	744	    -26.1154	    -21.4936	     616.289	35	[(0, 794)]
795	  0	745	    -26.1154	    -21.7928	     616.302	35	[(0, 795)]
796	  0	746	    -26.1154	    -21.9157	     616.652	35	[(0, 796)]
797	  0	747	    -26.1154	    -21.9438	     616.592	35	[(0, 797)]
798	  0	747	    -26.1154	    -21.9438	     616.592	35	[(0, 798)]
799	  0	747	    -26.1154	    -21.9438	     616.592	35	[(0, 799)]
800	  0	748	    -26.1154	    -21.4876	     618.792	35	[(0, 800)]
801	  0	749	    -26.1154	    -14.9691	     618.937	36	[(0, 801)]
802	  0	750	    -26.1154	    -14.4035	     619.678	36	[(0, 802)]
803	  0	750	    -26.1154	    -14.4035	     619.678	36	[(0, 803)]
804	  0	750	    -26.1154	    -14.4035	     619.678	36	[(0, 804)]
805	 21	743	    -26.1154	    -9.01433	     617.772	37	[(21, 805)]
806	 21	744	    -26.1154	    -10.2059	     610.562	37	[(21, 806)]
807	  0	753	    -26.1154	    -7.62019	     626.438	37	[(0, 807)]
808	  0	755	    -26.1154	    -9.51929	     627.124	37	[(0, 808)]
809	  0	757	    -26.1154	    -10.9043	     626.571	36	[(0, 809)]
810	  0	758	    -26.1154	    -11.4898	     622.644	36	[(0, 810)]
811	  0	759	    -26.1154	    -11.8706	      623.76	36	[(0, 811)]
812	  0	760	    -26.1154	    -11.7289	     624.501	36	[(0, 812)]
813	  0	761	    -26.1154	    -11.6776	     625.159	36	[(0, 813)]
814	  0	762	    -26.1154	    -11.5609	     625.502	36	[(0, 814)]
815	  0	764	    -26.1154	    -11.3991	     628.946	36	[(0, 815)]
816	  0	765	    -26.1154	    -11.3677	      628.76	36	[(0, 816)]
817	  0	766	    -26.1154	    -11.3601	     628.833	36	[(0, 817)]
818	  0	767	    -26.1154	    -11.3635	     628.832	36	[(0, 818)]
819	  0	767	    -26.1154	    -11.3635	     628.832	36	[(0, 819)]
820	  0	767	    -26.1154	    -11.3635	     628.832	36	[(0, 820)]
821	  0	767	    -26.1154	    -11.3635	     628.832	36	[(0, 821)]
822	  0	768	    -26.1154	    -11.6039	     629.095	36	[(0, 822)]
823	  0	768	    -26.1154	    -11.6039	     629.095	36	[(0, 823)]
824	  0	768	    -26.1154	    -11.6039	     629.095	36	[(0, 824)]
825	  0	769	    -26.1154	    -11.7681	      629.25	36	[(0, 825)]
826	  0	770	    -26.1154	    -11.7773	     629.102	36	[(0, 826)]
827	  0	771	    -26.1154	     -11.801	     629.392	36	[(0, 827)]
828	  0	771	    -26.1154	     -11.801	     629.392	36	[(0, 828)]
829	  0	771	    -26.1154	     -11.801	     629.392	36	[(0, 829)]
830	  0	771	    -26.1154	     -11.801	     629.392	36	[(0, 830)]
831	  0	771	    -26.1154	     -11.801	     629.392	36	[(0, 831)]
832	  0	772	    -26.1154	    -11.9383	     629.454	36	[(0, 832)]
833	  0	776	    -26.1154	    -3.33436	      629.59	38	[(0, 833)]
834	  0	777	    -26.1154	    -3.01258	     629.133	38	[(0, 834)]
835	  0	778	    -26.1154	    -2.84992	     629.264	38	[(0, 835)]
836	  0	779	    -26.1154	    0.847793	     637.531	38	[(0, 836)]
837	  0	781	    -26.1154	    -2.19668	     639.452	38	[(0, 837)]
838	  0	782	    -26.1154	    -3.03422	     640.361	38	[(0, 838)]
839	  0	784	    -26.1154	    -5.01496	     643.346	37	[(0, 839)]
840	  0	786	    -26.1154	    -6.10885	     645.262	37	[(0, 840)]
841	  0	789	    -26.1154	    -4.35478	     645.858	37	[(0, 841)]
842	817	 23	    -26.1154	     11.3056	       19.36	 1	[(817, 842)]
843	817	 25	    -26.1154	     11.6127	     20.8331	 1	[(817, 843)]
844	817	 26	    -26.1154	     12.8627	     19.7544	 1	[(817, 844)]
845	817	 26	    -26.1154	     12.8627	     19.7544	 1	[(817, 845)]
846	832	  2	    -26.1154	     3.74431	    0.241653	 1	[(832, 846)]
847	832	  4	    -26.1154	     2.34825	    0.293219	 1	[(832, 847)]
848	832	  6	    -26.1154	     5.27174	     4.19249	 1	[(832, 848)]
849	832	  7	    -26.1154	     5.22272	     4.68379	 1	[(832, 849)]
850	832	  9	    -26.1154	     6.17981	     6.02809	 1	[(832, 850)]
851	832	 11	    -26.1154	     7.06903	     8.02222	 1	[(832, 851)]
852	832	 14	    -26.1154	     8.44306	     9.72998	 1	[(832, 852)]
853	  0	801	    -26.1154	     7.92567	     658.616	40	[(0, 853)]
854	  0	802	    -26.1154	     7.30147	     664.773	40	[(0, 854)]
855	  0	803	    -26.1154	     6.35806	     665.674	40	[(0, 855)]
856	  0	804	    -26.1154	     4.82637	     663.835	40	[(0, 856)]
857	  0	805	    -26.1154	     2.50674	     664.396	40	[(0, 857)]
858	  0	806	    -26.1154	      0.4824	     665.685	40	[(0, 858)]
859	  0	807	    -26.1154	   -0.650086	     667.288	40	[(0, 859)]
860	  0	809	    -26.1154	   -0.201966	     667.937	40	[(0, 860)]
861	  0	810	    -26.1154	    0.270913	      667.75	40	[(0, 861)]
862	  0	811	    -26.1154	     4.42028	     667.612	41	[(0, 862)]
863	  0	812	    -26.1154	     4.23987	     672.302	41	[(0, 863)]
864	  0	813	    -26.1154	     3.47977	     673.072	41	[(0, 864)]
865	  0	814	    -26.1154	     2.37363	     674.649	41	[(0, 865)]
866	  0	815	    -26.1154	     1.66697	      675.62	41	[(0, 866)]
867	  0	816	    -26.1154	    0.403742	     676.385	41	[(0, 867)]
868	  0	817	    -26.1154	    -0.30791	     677.275	41	[(0, 868)]
869	  0	818	    -26.1154	     -1.3633	     678.627	41	[(0, 869)]
870	  0	819	    -26.1154	    -2.22468	     679.761	41	[(0, 870)]
871	  0	820	    -26.1154	    -4.10476	     680.893	41	[(0, 871)]
872	  0	821	    -26.1154	    -4.74528	     681.808	41	[(0, 872)]
873	  0	822	    -26.1154	    -4.17601	     682.058	41	[(0, 873)]
874	  0	822	    -26.1154	    -4.17601	     682.058	41	[(0, 874)]
875	  0	823	    -26.1154	    -4.36588	     682.061	41	[(0, 875)]
876	  0	824	    -26.1154	    -4.42802	     682.256	41	[(0, 876)]
877	  0	825	    -26.1154	    -4.41665	     682.091	41	[(0, 877)]
878	  0	826	    -26.1154	    -4.43431	     682.369	41	[(0, 878)]
879	817	 56	    -26.1154	    -1.80323	     47.4822	 3	[(817, 879)]
880	817	 56	    -26.1154	    -1.80323	     47.4822	 3	[(817, 880)]
881	817	 56	    -26.1154	    -1.80323	     47.4822	 3	[(817, 881)]
882	817	 57	    -26.1154	    -1.94532	     47.6159	 3	[(817, 882)]
883	817	 57	    -26.1154	    -1.94532	     47.6159	 3	[(817, 883)]
884	817	 58	    -26.1154	    -2.08826	     47.7491	 3	[(817, 884)]
885	817	 58	    -26.1154	    -2.08826	     47.7491	 3	[(817, 885)]
886	  0	836	    -26.1154	    -2.13587	     700.088	43	[(0, 886)]
887	  0	838	    -26.1154	    -5.78007	     703.108	42	[(0, 887)]
888	  0	839	    -26.1154	    -6.47105	     704.102	42	[(0, 888)]
889	  0	840	    -26.1154	    -5.94773	     704.511	42	[(0, 889)]
890	  0	840	    -26.1154	    -5.94773	     704.511	42	[(0, 890)]
891	  0	840	    -26.1154	    -5.94773	     704.511	42	[(0, 891)]
892	  0	840	    -26.1154	    -5.94773	     704.511	42	[(0, 892)]
893	  0	840	    -26.1154	    -5.94773	     704.511	42	[(0, 893)]
894	  0	840	    -26.1154	    -5.94773	     704.511	42	[(0, 894)]
895	  0	840	    -26.1154	    -5.94773	     704.511	42	[(0, 895)]
896	  0	840	    -26.1154	    -5.94773	     704.511	42	[(0, 896)]
897	  0	840	    -26.1154	    -5.94773	     704.511	42	[(0, 897)]
898	  0	841	    -26.1154	    -6.09728	     704.491	42	[(0, 898)]
899	  0	841	    -26.1154	    -6.09728	     704.491	42	[(0, 899)]
900	  0	843	    -26.1154	    -6.04703	     702.251	42	[(0, 900)]
901	  0	843	    -26.1154	    -6.04703	     702.251	42	[(0, 901)]
902	  0	844	    -26.1154	    -6.19165	     702.514	42	[(0, 902)]
903	  0	845	    -26.1154	    -5.97554	     697.672	42	[(0, 903)]
904	  0	846	    -26.1154	    -6.24542	     702.828	42	[(0, 904)]
905	  0	847	    -26.1154	    -6.21534	     702.621	42	[(0, 905)]
906	  0	848	    -26.1154	    -6.22245	     702.732	42	[(0, 906)]
907	  0	848	    -26.1154	    -6.22245	     702.732	42	[(0, 907)]
908	  0	850	    -26.1154	    -5.30982	     702.031	42	[(0, 908)]
909	817	 65	    -26.1154	     1.57476	     48.4186	 4	[(817, 909)]
910	817	 67	    -26.1154	   -0.228831	     48.4053	 4	[(817, 910)]
911	817	 67	    -26.1154	   -0.228831	     48.4053	 4	[(817, 911)]
912	817	 67	    -26.1154	   -0.228831	     48.4053	 4	[(817, 912)]
913	904	  7	    -26.1154	     2.12585	    0.393102	 1	[(904, 913)]
914	904	  7	    -26.1154	     2.12585	    0.393102	 1	[(904, 914)]
915	904	  7	    -26.1154	     2.12585	    0.393102	 1	[(904, 915)]
916	904	  7	    -26.1154	     2.12585	    0.393102	 1	[(904, 916)]
917	904	  7	    -26.1154	     2.12585	    0.393102	 1	[(904, 917)]
918	904	 10	    -26.1154	      2.0061	    0.507574	 1	[(904, 918)]
919	904	 10	    -26.1154	      2.0061	    0.507574	 1	[(904, 919)]
920	904	 10	    -26.1154	      2.0061	    0.507574	 1	[(904, 920)]
921	904	 10	    -26.1154	      2.0061	    0.507574	 1	[(904, 921)]
922	904	 10	    -26.1154	      2.0061	    0.507574	 1	[(904, 922)]
923	904	 10	    -26.1154	      2.0061	    0.507574	 1	[(904, 923)]
924	904	 13	    -26.1154	     1.72586	    0.818943	 1	[(904, 924)]
925	904	 15	    -26.1154	     1.75506	    0.784003	 1	[(904, 925)]
926	904	 17	    -26.1154	     1.84636	    0.672654	 1	[(904, 926)]
927	904	 18	    -26.1154	     1.83322	    0.687021	 1	[(904, 927)]
928	904	 18	    -26.1154	     1.83322	    0.687021	 1	[(904, 928)]
929	904	 19	    -26.1154	     1.70266	    0.814876	 1	[(904, 929)]
930	904	 19	    -26.1154	     1.70266	    0.814876	 1	[(904, 930)]
931	904	 19	    -26.1154	     1.70266	    0.814876	 1	[(904, 931)]
932	904	 19	    -26.1154	     1.70266	    0.814876	 1	[(904, 932)]
933	904	 19	    -26.1154	     1.70266	    0.814876	 1	[(904, 933)]
934	902	 21	    -26.1154	     9.21356	     1.07658	 2	[(902, 934)]
935	902	 22	    -26.1154	      9.2356	     1.09901	 2	[(902, 935)]
936	904	 22	    -26.1154	     9.40875	    0.944607	 2	[(904, 936)]
937	  0	887	    -26.1154	     9.98654	     742.923	45	[(0, 937)]
938	  0	888	    -26.1154	     4.89831	     745.593	45	[(0, 938)]
939	  0	889	    -26.1154	     2.97177	     746.636	45	[(0, 939)]
940	  0	890	    -26.1154	     2.28769	     747.505	45	[(0, 940)]
941	  0	891	    -26.1154	     1.12217	      748.51	45	[(0, 941)]
942	  0	892	    -26.1154	    0.479824	     749.408	45	[(0, 942)]
943	  0	893	    -26.1154	    -1.26442	     750.479	45	[(0, 943)]
944	  0	894	    -26.1154	    -2.12918	     751.417	45	[(0, 944)]
945	  0	895	    -26.1154	    -3.53237	     752.456	45	[(0, 945)]
946	  0	898	    -26.1154	    -1.52462	     756.483	45	[(0, 946)]
947	  0	899	    -26.1154	   -0.943592	     756.736	45	[(0, 947)]
948	  0	900	    -26.1154	    -0.81192	     756.216	45	[(0, 948)]
949	  0	901	    -26.1154	     2.96899	     756.943	46	[(0, 949)]
950	  0	902	    -26.1154	     1.45596	     758.354	46	[(0, 950)]
951	  0	903	    -26.1154	   -0.182457	     759.654	46	[(0, 951)]
952	  0	904	    -26.1154	    -1.00596	     760.687	46	[(0, 952)]
953	  0	905	    -26.1154	    -2.40399	     761.716	46	[(0, 953)]
954	  0	906	    -26.1154	     -3.2762	     762.665	46	[(0, 954)]
955	  0	907	    -26.1154	     -7.7301	     763.838	46	[(0, 955)]
956	  0	908	    -26.1154	    -9.33219	     764.801	46	[(0, 956)]
957	  0	909	    -26.1154	    -13.0998	     765.976	46	[(0, 957)]
958	  0	910	    -26.1154	    -12.8024	     766.861	46	[(0, 958)]
959	  0	911	    -26.1154	     -12.354	     767.057	46	[(0, 959)]
960	  0	911	    -26.1154	     -12.354	     767.057	46	[(0, 960)]
961	  0	912	    -26.1154	    -12.5047	      767.27	46	[(0, 961)]
962	  0	913	    -26.1154	     -7.1728	     767.363	47	[(0, 962)]
963	  0	913	    -26.1154	     -7.1728	     767.363	47	[(0, 963)]
964	  0	914	    -26.1154	    -5.21143	     767.876	48	[(0, 964)]
965	  0	914	    -26.1154	    -5.21143	     767.876	48	[(0, 965)]
966	  0	916	    -26.1154	    -5.05281	     767.577	48	[(0, 966)]
967	  0	918	    -26.1154	    -3.18125	     762.812	48	[(0, 967)]
968	  0	920	    -26.1154	    -5.74505	     766.593	47	[(0, 968)]
969	  0	921	    -26.1154	    -2.53374	     768.811	47	[(0, 969)]
970	  0	922	    -26.1154	    -2.83532	     773.701	47	[(0, 970)]
971	  0	923	    -26.1154	    -2.64511	     774.129	47	[(0, 971)]
972	  0	924	    -26.1154	    -4.45327	     781.653	47	[(0, 972)]
973	  0	925	    -26.1154	    -4.46978	     782.986	47	[(0, 973)]
974	  0	926	    -26.1154	    -4.64967	     783.743	47	[(0, 974)]
975	  0	927	    -26.1154	    -5.13995	     784.974	47	[(0, 975)]
976	  0	928	    -26.1154	    -1.54516	     786.149	48	[(0, 976)]
977	  0	929	    -26.1154	    -1.45957	     787.315	48	[(0, 977)]
978	  0	930	    -26.1154	    -1.07029	      786.13	48	[(0, 978)]
979	  0	931	    -26.1154	    -7.88681	     791.641	47	[(0, 979)]
980	  0	932	    -26.1154	    -7.62081	     791.959	47	[(0, 980)]
981	  0	934	    -26.1154	    -13.6041	     796.936	46	[(0, 981)]
982	  0	935	    -26.1154	    -16.5336	     800.282	46	[(0, 982)]
983	  0	936	    -26.1154	    -25.4199	     801.886	46	[(0, 983)]
984	  0	937	    -29.1146	    -29.1146	     803.057	46	[(0, 984)]
985	  0	938	     -34.445	     -34.445	     804.117	46	[(0, 985)]
986	  0	939	    -38.6339	    -38.6339	     805.167	46	[(0, 986)]
987	  0	940	    -44.3291	    -44.3291	      806.25	46	[(0, 987)]
988	  0	941	    -45.1385	    -45.1385	     807.122	46	[(0, 988)]
989	  0	942	    -46.1102	    -46.1102	     808.066	46	[(0, 989)]
990	  0	943	    -49.0225	    -49.0225	     809.312	46	[(0, 990)]
991	  0	944	    -49.0875	    -49.0875	     810.073	46	[(0, 991)]
992	  0	945	    -49.0875	    -48.9321	     810.704	46	[(0, 992)]
993	  0	946	    -49.9691	    -49.9691	     812.121	47	[(0, 993)]
994	  0	947	     -53.671	     -53.671	     813.646	47	[(0, 994)]
995	  0	948	    -54.8918	    -54.8918	      814.63	47	[(0, 995)]
996	  0	949	    -54.8918	    -54.6917	     815.336	47	[(0, 996)]
997	  0	950	    -54.8918	    -54.3188	     815.607	47	[(0, 997)]
998	  0	951	    -54.8918	    -54.4623	     816.215	47	[(0, 998)]
999	  0	952	    -54.8918	    -54.3412	     815.955	47	[(0, 999)]
1000	  0	953	    -54.8918	    -54.2167	      815.65	47	[(0, 1000)]
1001	  0	954	    -54.8918	    -54.2318	     816.023	47	[(0, 1001)]
1002	  0	955	    -54.8918	    -54.3382	     815.737	47	[(0, 1002)]
1003	  0	956	    -54.8918	    -54.3629	     815.775	47	[(0, 1003)]
1004	  0	957	    -54.8918	    -54.3265	     815.726	47	[(0, 1004)]
1005	  0	957	    -54.8918	    -54.3265	     815.726	47	[(0, 1005)]
1006	  0	958	    -54.8918	    -54.5053	     815.867	47	[(0, 1006)]
1007	  0	959	    -56.9425	    -56.9425	      818.31	47	[(0, 1007)]
1008	  0	961	    -56.9425	    -55.5688	     817.832	47	[(0, 1008)]
1009	  0	962	    -56.9425	    -55.4619	     818.179	47	[(0, 1009)]
1010	  0	963	    -56.9425	    -55.3236	     817.659	47	[(0, 1010)]
1011	  0	963	    -56.9425	    -55.3236	     817.659	47	[(0, 1011)]
1012	  0	964	    -56.9425	    -48.7708	     818.536	48	[(0, 1012)]
1013	  0	965	    -56.9425	    -49.3313	     819.348	48	[(0, 1013)]
1014	  0	967	    -56.9425	    -50.8808	     820.424	48	[(0, 1014)]
1015	  0	968	    -56.9425	    -52.8807	     822.121	48	[(0, 1015)]
1016	  0	969	    -56.9425	    -56.7925	     822.884	48	[(0, 1016)]
1017	  0	970	    -59.5215	    -59.5215	     823.785	48	[(0, 1017)]
1018	  0	971	    -63.7589	    -63.7589	     824.955	48	[(0, 1018)]
1019	  0	972	    -67.2839	    -67.2839	     826.157	48	[(0, 1019)]
1020	  0	973	     -74.168	     -74.168	      827.61	48	[(0, 1020)]
1021	  0	974	    -76.1347	    -76.1347	     828.658	48	[(0, 1021)]
1022	  0	975	    -77.3945	    -77.3945	     830.294	48	[(0, 1022)]
1023	  0	976	    -77.3945	    -76.8156	     830.767	48	[(0, 1023)]
1024	  0	976	    -77.3945	    -76.8156	     830.767	48	[(0, 1024)]
