nresidues = 1024
13 16 0.12723
14 17 1.14507
14 67 0.508922
15 18 0.254461
15 21 0.254461
15 24 0.12723
15 151 0.254461
15 161 0.508922
15 163 0.12723
15 193 0.12723
16 66 0.12723
16 114 0.12723
16 118 0.12723
16 161 0.254461
16 163 0.12723
16 189 0.508922
16 192 2.79907
16 193 0.890613
17 112 0.763383
17 113 1.01784
17 114 0.636152
17 193 0.636152
18 21 0.636152
18 193 1.2723
19 22 0.12723
19 112 0.12723
19 193 0.254461
19 432 0.636152
21 161 0.12723
21 163 0.254461
22 26 0.12723
22 162 2.41738
22 163 0.381691
22 438 0.508922
23 26 1.01784
23 160 0.12723
23 161 3.05353
24 158 0.508922
24 160 2.54461
24 161 0.12723
24 171 0.12723
25 158 0.254461
25 159 0.381691
25 171 0.636152
26 162 0.254461
26 163 0.508922
26 169 0.763383
26 170 2.67184
26 171 0.381691
26 438 0.12723
26 442 1.78123
27 140 0.508922
27 170 0.508922
27 171 0.254461
29 442 0.254461
29 445 0.254461
30 33 1.78123
30 140 0.254461
30 170 0.763383
30 223 0.12723
30 445 2.54461
30 446 0.508922
31 224 0.254461
31 225 0.12723
31 445 0.381691
31 446 0.254461
31 449 0.254461
32 446 0.12723
33 51 0.12723
33 217 0.508922
33 222 0.254461
33 223 0.508922
33 225 0.12723
33 326 2.03569
34 48 0.508922
34 50 0.12723
34 215 0.381691
34 326 0.636152
35 48 0.254461
35 50 0.636152
35 216 0.254461
35 217 0.381691
35 218 0.12723
35 324 0.636152
35 325 2.41738
35 326 0.381691
36 41 1.14507
36 42 0.890613
36 45 0.254461
36 46 0.508922
36 47 0.254461
36 48 0.636152
36 50 0.254461
36 310 0.12723
36 324 2.67184
36 325 0.636152
37 50 0.636152
37 216 1.01784
37 217 0.381691
37 218 0.381691
37 322 0.381691
37 323 0.12723
37 324 0.254461
38 41 1.74942
38 322 0.12723
39 42 1.6699
39 43 0.159038
39 314 0.508922
39 322 0.254461
40 43 2.38558
40 44 0.477114
40 46 0.079519
41 44 1.74942
41 45 1.51086
41 46 0.79519
42 45 0.079519
42 310 0.381691
42 312 0.12723
42 325 0.12723
42 327 0.12723
43 261 0.636152
43 263 0.254461
43 264 0.381691
43 310 0.508922
43 312 0.254461
44 310 0.12723
45 310 1.14507
45 404 0.508922
48 51 0.381691
49 133 0.12723
50 133 0.381691
50 214 0.12723
50 215 2.67184
50 216 0.381691
51 214 2.54461
52 128 0.508922
52 133 0.508922
52 213 2.67184
52 214 0.636152
53 212 2.67184
54 58 0.508922
54 212 2.54461
54 214 0.12723
55 86 2.54461
55 87 0.381691
55 211 1.01784
55 212 0.254461
56 84 0.12723
56 85 2.41738
56 86 0.508922
57 83 0.254461
57 84 2.41738
57 125 0.12723
58 82 0.12723
58 83 2.79907
58 84 0.636152
58 86 1.01784
58 123 0.254461
58 124 3.05353
58 125 0.763383
58 184 0.12723
58 212 0.12723
59 77 1.39954
59 78 0.12723
59 79 0.12723
59 80 0.12723
59 81 1.52677
59 82 3.05353
59 83 0.254461
59 122 0.12723
59 123 2.41738
59 124 0.636152
60 81 2.67184
60 82 0.381691
60 84 0.12723
60 90 0.381691
60 95 1.01784
60 121 0.254461
60 122 2.54461
60 123 1.14507
61 120 0.12723
61 121 2.41738
61 122 0.381691
62 90 0.508922
62 95 0.254461
62 96 0.763383
62 119 0.254461
62 120 2.41738
63 68 0.381691
63 69 0.12723
63 70 0.254461
63 78 0.12723
63 119 2.54461
63 120 0.636152
63 122 0.254461
64 117 2.54461
64 118 2.9263
65 68 0.254461
65 116 0.12723
65 118 0.12723
65 120 0.508922
66 69 0.381691
66 118 0.12723
66 120 0.254461
66 189 0.254461
69 73 0.12723
69 122 0.254461
70 73 0.254461
70 78 0.12723
71 74 0.381691
72 75 2.41738
72 76 0.254461
73 76 0.381691
73 78 0.12723
73 122 1.14507
73 123 0.12723
73 153 0.12723
73 183 0.763383
73 185 0.890613
73 186 0.636152
73 187 0.254461
74 153 1.14507
74 155 2.16292
74 156 0.12723
74 183 0.254461
75 155 0.254461
75 156 0.12723
75 183 0.381691
76 183 1.14507
77 183 0.12723
78 81 0.254461
82 95 0.636152
84 93 0.381691
84 95 0.12723
85 88 0.381691
85 93 0.12723
86 123 0.254461
86 208 0.254461
87 208 2.67184
87 209 0.636152
87 210 0.381691
87 366 0.381691
88 93 0.238558
88 123 0.12723
88 207 2.29015
88 208 2.67184
88 209 0.254461
88 366 0.254461
89 92 1.6699
89 205 0.763383
89 206 2.9263
89 209 0.381691
89 363 0.12723
89 364 0.381691
89 365 0.508922
89 366 0.12723
90 93 1.59038
90 94 1.35182
90 95 0.238558
90 96 0.556634
90 119 0.508922
90 120 0.254461
90 121 0.254461
90 123 0.12723
90 188 0.254461
90 206 1.52677
90 207 0.254461
91 94 0.079519
91 96 0.71567
91 97 0.318076
91 98 0.079519
91 190 0.508922
91 205 1.14507
91 206 0.636152
92 205 0.254461
92 362 0.254461
92 363 0.508922
92 364 0.254461
96 119 0.254461
96 190 0.508922
97 190 0.381691
97 592 0.12723
98 190 0.12723
98 203 0.890613
98 204 2.41738
98 575 0.12723
98 592 0.890613
98 594 0.254461
99 190 0.254461
99 191 0.12723
99 203 3.18076
99 204 0.381691
99 594 0.508922
100 201 0.763383
100 202 0.254461
100 203 0.890613
100 589 0.254461
100 594 0.12723
100 597 2.67184
100 598 0.636152
100 599 0.254461
100 601 1.14507
100 602 1.2723
101 104 0.636152
101 105 0.12723
101 106 0.12723
101 202 0.12723
101 204 0.890613
101 598 0.763383
102 199 0.12723
102 201 1.90846
102 204 0.254461
102 598 0.381691
103 199 0.508922
103 418 3.18076
103 419 0.254461
105 109 0.12723
105 195 0.12723
105 196 0.890613
105 199 0.890613
105 417 0.508922
105 418 0.12723
105 419 0.763383
105 420 0.381691
106 191 0.381691
106 204 0.254461
107 115 0.381691
107 191 0.508922
108 196 0.12723
109 196 0.381691
110 113 1.01784
110 196 0.890613
111 196 0.890613
112 193 0.12723
112 196 0.254461
113 196 0.508922
114 118 0.12723
114 191 0.381691
114 192 0.381691
115 118 0.12723
118 189 0.12723
118 190 0.636152
118 191 1.2723
119 188 0.12723
119 189 2.41738
119 190 0.508922
120 187 0.12723
120 188 2.67184
120 189 0.12723
121 186 0.12723
121 187 2.54461
121 188 0.636152
122 186 2.41738
123 185 2.54461
123 186 0.763383
123 188 0.254461
123 207 0.508922
123 208 0.890613
124 183 0.508922
124 184 2.54461
125 182 0.12723
125 183 2.67184
125 184 0.254461
126 182 2.79907
127 177 0.12723
127 180 0.12723
127 181 2.54461
127 182 1.654
127 183 0.12723
127 184 0.381691
128 179 0.12723
128 180 3.05353
128 182 0.12723
129 133 0.12723
129 134 0.12723
129 179 2.41738
129 180 0.381691
129 182 0.254461
130 133 2.41738
131 134 2.54461
131 135 0.381691
131 179 0.254461
132 135 0.12723
133 136 0.254461
133 139 0.508922
133 214 0.254461
133 215 0.254461
133 216 1.52677
134 177 0.508922
134 178 0.508922
136 216 0.508922
136 219 0.12723
137 216 0.508922
137 217 2.54461
137 218 0.12723
137 219 0.12723
138 172 0.763383
138 174 0.636152
138 215 0.12723
138 216 2.67184
138 217 0.763383
138 221 0.508922
139 172 2.67184
139 173 2.54461
139 174 0.12723
139 177 0.254461
139 214 0.12723
139 215 2.41738
139 216 0.12723
140 170 0.636152
140 171 2.54461
140 213 0.12723
140 214 2.67184
140 215 0.890613
140 221 0.12723
141 169 0.12723
141 170 2.54461
141 171 0.254461
141 173 0.381691
141 184 0.254461
141 212 0.12723
141 213 2.79907
141 214 0.12723
142 168 0.12723
142 169 2.41738
142 170 0.890613
142 211 0.12723
142 212 2.67184
142 213 0.763383
143 146 0.254461
143 152 0.12723
143 168 2.54461
143 169 0.381691
143 186 0.254461
143 211 2.41738
143 212 0.254461
144 167 2.41738
144 168 0.508922
144 210 0.763383
144 211 0.636152
144 396 0.12723
145 165 2.29015
145 207 0.12723
145 208 2.41738
145 209 2.9263
145 210 0.12723
146 150 0.763383
146 165 0.508922
146 188 0.254461
146 207 2.41738
146 209 0.12723
147 165 0.763383
147 188 0.12723
147 189 2.41738
147 190 2.16292
147 205 0.508922
147 206 3.18076
147 207 0.508922
147 209 0.254461
148 163 2.29015
148 165 0.381691
148 189 2.41738
148 190 0.381691
148 191 0.381691
148 192 0.508922
148 195 0.12723
148 198 0.12723
149 161 0.12723
149 162 2.54461
149 163 0.12723
149 187 0.12723
149 188 2.54461
149 189 0.381691
149 192 0.254461
150 161 3.05353
150 162 0.254461
150 169 0.254461
150 171 0.254461
150 186 0.254461
150 187 2.54461
151 158 0.508922
151 160 2.54461
151 161 1.14507
151 186 2.54461
151 187 0.381691
152 158 2.9263
152 159 3.05353
152 160 0.381691
152 171 0.12723
152 185 2.54461
152 186 0.12723
153 156 0.12723
153 157 3.18076
153 158 0.890613
153 159 0.12723
153 184 2.41738
153 185 0.636152
153 187 0.12723
154 157 0.636152
154 159 0.12723
154 176 0.254461
154 177 0.12723
154 183 2.54461
155 176 0.254461
155 177 0.12723
155 178 1.2723
155 182 1.01784
155 183 0.254461
157 175 0.12723
157 176 1.01784
158 176 0.254461
159 171 0.12723
159 173 0.254461
159 176 0.381691
160 171 0.381691
161 171 0.381691
163 193 1.01784
163 194 0.12723
163 439 0.12723
164 167 0.508922
164 198 0.381691
164 414 0.636152
164 439 0.890613
165 198 0.763383
165 209 0.254461
165 414 0.12723
166 202 0.12723
166 209 0.763383
166 210 0.763383
166 358 0.12723
166 365 0.254461
166 392 1.2723
166 393 0.508922
166 414 0.508922
167 393 0.381691
167 442 0.508922
167 446 0.381691
168 442 0.508922
168 446 0.381691
172 176 0.254461
173 176 2.54461
173 177 0.636152
177 182 1.01784
178 181 0.254461
178 182 0.890613
188 208 0.12723
190 204 0.254461
190 206 0.636152
191 195 0.508922
192 195 0.636152
193 196 0.381691
193 432 0.254461
194 197 2.54461
194 198 0.381691
194 439 0.254461
195 198 0.254461
196 416 0.12723
196 417 0.381691
196 426 0.12723
196 432 0.12723
197 414 0.254461
197 415 2.54461
197 416 2.79907
197 417 0.12723
197 432 0.12723
197 435 0.12723
197 439 0.381691
198 204 0.12723
198 414 0.508922
198 416 2.54461
198 439 0.636152
199 204 1.01784
199 416 1.2723
199 417 0.12723
199 418 0.508922
199 419 0.12723
200 204 0.508922
200 391 0.636152
200 392 0.12723
200 414 0.381691
200 416 0.636152
201 357 0.12723
201 573 0.12723
202 357 0.254461
202 392 0.254461
202 573 1.01784
203 365 0.508922
203 573 0.890613
203 575 0.763383
203 588 0.890613
203 589 0.12723
203 592 0.381691
203 594 0.12723
205 364 0.254461
205 365 0.12723
208 212 0.12723
209 365 0.254461
209 366 0.636152
210 358 0.636152
210 393 0.508922
210 394 1.2723
210 395 0.254461
211 395 0.12723
217 221 0.12723
217 222 0.381691
217 324 0.763383
217 326 0.636152
218 221 0.508922
218 323 0.254461
218 324 0.508922
219 247 0.12723
219 248 0.12723
220 246 0.12723
220 247 2.41738
220 248 0.12723
220 249 0.508922
220 254 0.12723
220 315 0.381691
220 323 0.12723
221 246 2.54461
221 247 0.254461
221 315 0.381691
221 324 0.508922
222 245 2.54461
222 313 0.254461
222 315 0.254461
222 324 0.508922
222 326 0.12723
223 245 2.79907
223 246 0.508922
223 247 0.254461
224 244 2.41738
224 245 0.890613
225 243 2.54461
225 326 0.12723
225 327 0.12723
225 328 0.12723
225 449 0.763383
226 241 0.12723
226 242 2.41738
226 243 0.381691
226 245 0.12723
226 448 1.90846
226 449 0.508922
227 240 0.12723
227 241 2.41738
227 449 0.381691
228 239 0.12723
228 240 2.67184
228 241 0.508922
229 239 2.41738
229 332 0.636152
229 333 0.12723
230 238 2.67184
230 239 0.508922
230 241 0.254461
231 235 0.763383
231 237 2.67184
231 238 0.254461
231 300 0.12723
231 332 1.01784
231 333 0.636152
231 334 0.254461
232 235 0.636152
232 236 1.01784
232 237 0.890613
235 298 0.254461
235 300 0.12723
235 334 0.254461
235 345 0.890613
236 296 2.54461
236 297 0.508922
236 298 0.254461
237 295 2.41738
237 296 0.890613
238 293 0.12723
238 294 2.54461
238 295 0.763383
238 298 0.12723
238 332 0.254461
239 293 2.54461
239 294 0.12723
240 260 0.12723
240 291 0.12723
240 292 2.41738
240 293 0.636152
240 330 0.12723
240 332 0.12723
241 291 2.41738
241 292 1.01784
242 289 0.12723
242 290 2.54461
242 291 0.254461
243 288 0.254461
243 289 2.54461
243 290 0.381691
244 256 0.12723
244 274 0.12723
244 288 2.54461
244 289 0.381691
244 313 0.12723
245 287 2.41738
245 288 1.90846
246 249 0.381691
246 250 0.508922
246 254 0.12723
246 274 0.636152
246 287 0.508922
249 254 0.12723
250 254 0.12723
250 274 0.12723
250 286 0.508922
251 254 0.508922
252 255 0.381691
253 316 0.12723
253 317 2.54461
253 318 0.254461
254 273 0.254461
254 274 0.12723
254 316 2.41738
254 323 0.12723
255 272 2.9263
255 273 0.254461
255 314 0.12723
255 315 2.54461
255 316 1.2723
255 317 0.12723
255 318 0.763383
256 270 0.12723
256 271 2.54461
256 272 0.12723
256 274 0.254461
256 289 0.254461
256 291 0.12723
256 314 2.67184
256 316 0.381691
257 269 0.12723
257 270 2.67184
257 271 0.636152
257 312 0.12723
257 313 2.54461
257 314 0.636152
257 316 0.636152
258 269 2.54461
258 270 0.12723
258 291 0.12723
258 293 0.12723
258 312 2.54461
259 266 0.12723
259 268 2.67184
259 269 0.12723
259 310 0.12723
259 311 2.41738
259 312 0.508922
260 266 2.67184
260 267 2.79907
260 268 0.381691
260 295 0.12723
260 309 0.381691
260 310 2.67184
260 332 0.254461
261 264 0.508922
261 265 3.18076
261 266 1.2723
261 309 2.9263
261 310 0.636152
262 265 0.890613
262 267 0.12723
262 299 0.12723
262 309 0.254461
266 269 0.12723
267 309 0.12723
268 293 0.763383
268 294 0.12723
269 293 0.12723
270 291 0.508922
271 291 0.381691
272 289 0.12723
272 291 0.12723
273 289 0.254461
274 286 2.41738
274 287 0.508922
274 288 2.9263
274 289 0.12723
274 315 0.254461
275 285 2.54461
275 286 0.12723
275 288 2.41738
276 285 0.12723
276 288 0.12723
277 284 0.12723
278 283 2.67184
279 283 2.54461
279 285 0.12723
280 283 0.508922
285 288 2.41738
295 298 0.12723
295 332 0.12723
298 309 0.636152
298 332 0.12723
299 307 0.890613
299 309 0.508922
299 332 0.12723
300 305 0.12723
300 307 0.636152
300 332 2.79907
300 345 0.12723
301 305 2.54461
301 306 0.763383
301 307 0.508922
301 308 0.12723
301 331 0.381691
301 332 0.381691
301 333 0.254461
301 344 0.12723
301 345 0.12723
301 402 0.12723
301 403 0.508922
301 407 0.254461
301 408 0.254461
301 451 0.254461
301 452 0.254461
302 305 2.9263
302 306 0.381691
302 344 0.12723
302 408 0.636152
302 644 0.381691
303 380 0.12723
303 385 0.12723
303 406 0.763383
303 408 0.636152
304 642 1.39954
304 643 1.01784
304 644 1.01784
304 645 0.12723
305 645 0.12723
306 403 0.12723
306 404 0.254461
306 405 0.381691
306 406 0.12723
308 330 3.05353
308 331 0.12723
308 403 0.254461
308 404 0.254461
308 451 0.12723
309 329 2.54461
309 330 0.636152
309 332 0.636152
310 327 0.381691
310 328 3.05353
310 329 0.381691
311 327 2.54461
311 328 0.254461
311 330 0.12723
312 326 2.41738
313 325 2.54461
313 326 0.508922
314 322 0.254461
314 324 2.41738
315 322 2.67184
315 323 2.67184
315 324 0.381691
316 321 2.79907
316 322 0.12723
317 320 2.54461
317 321 0.636152
329 404 0.763383
329 449 0.12723
329 451 0.12723
330 451 0.254461
331 451 0.381691
333 345 0.890613
333 450 0.12723
333 451 1.39954
333 453 0.12723
333 482 0.381691
334 343 0.12723
334 344 2.54461
334 345 0.381691
335 342 0.12723
335 343 2.41738
335 454 0.381691
335 481 0.254461
335 483 0.12723
336 341 0.12723
336 342 2.54461
336 343 0.890613
337 341 2.79907
337 342 0.254461
337 483 0.254461
337 497 0.254461
337 498 0.12723
338 341 0.508922
340 530 0.12723
340 531 2.29015
340 532 0.636152
340 561 0.381691
341 560 0.381691
341 561 0.12723
341 563 0.890613
342 347 0.079519
342 348 1.51086
342 534 0.12723
342 563 0.763383
343 346 0.238558
343 347 1.98797
343 348 0.238558
344 347 0.477114
344 349 0.238558
344 408 0.254461
344 644 0.508922
345 644 0.12723
347 643 0.12723
347 644 0.12723
348 563 0.381691
348 643 0.254461
349 408 0.381691
349 454 0.12723
349 563 0.763383
350 385 0.381691
350 553 0.381691
350 556 0.12723
350 563 2.9263
350 564 0.12723
351 385 0.636152
351 386 0.12723
351 553 0.254461
351 563 0.381691
351 564 2.41738
351 565 0.254461
351 566 0.254461
352 383 0.381691
352 384 3.18076
352 385 2.9263
352 386 0.12723
352 553 0.381691
352 557 0.12723
352 565 2.16292
352 624 0.636152
352 625 0.508922
352 626 1.78123
352 641 0.381691
353 384 0.636152
353 386 2.54461
353 565 0.381691
353 566 3.43522
353 567 0.381691
354 379 0.12723
354 384 0.254461
354 386 0.12723
354 387 2.67184
354 566 0.254461
354 567 2.54461
354 569 0.254461
354 570 0.254461
355 388 3.30799
355 390 0.508922
355 536 0.508922
355 537 0.254461
355 566 0.381691
355 567 0.636152
355 568 0.890613
355 569 2.67184
355 570 0.254461
356 367 0.12723
356 372 0.12723
356 375 0.763383
356 387 0.12723
356 388 0.12723
356 389 2.16292
356 390 0.508922
356 394 0.12723
356 398 1.78123
356 570 0.12723
357 390 1.01784
357 392 1.2723
357 568 0.254461
357 569 0.12723
357 573 0.381691
358 364 0.12723
358 365 0.254461
358 367 1.2723
358 392 0.12723
358 394 1.2723
358 395 0.254461
359 364 2.54461
359 367 0.381691
359 572 0.254461
359 573 1.52677
359 574 0.508922
359 575 0.12723
359 611 0.381691
360 363 3.43522
360 364 0.636152
360 371 0.12723
360 575 0.12723
361 574 0.254461
361 575 2.54461
361 576 0.381691
361 609 0.508922
362 576 0.12723
362 578 0.12723
363 366 0.254461
367 372 0.159038
368 371 2.14702
368 372 0.238558
369 372 1.59038
369 373 0.238558
369 397 0.636152
370 373 1.59038
370 374 0.159038
371 374 1.59038
371 375 0.397594
371 611 0.254461
372 375 1.59038
372 376 0.318076
372 395 0.381691
372 397 0.12723
372 398 0.636152
372 401 0.12723
373 376 1.59038
373 377 0.238558
373 405 0.12723
374 377 1.59038
374 378 0.318076
374 611 0.636152
375 378 1.59038
375 379 0.397594
375 570 1.01784
375 611 1.2723
376 379 1.59038
376 380 0.238558
376 398 0.381691
376 401 0.12723
376 405 0.254461
377 380 1.59038
377 381 0.71567
377 405 0.12723
377 707 0.12723
377 708 0.254461
378 381 1.6699
378 382 0.397594
378 570 0.381691
378 611 0.254461
379 382 1.59038
379 383 1.35182
379 384 0.397594
379 387 0.12723
379 407 0.12723
379 570 0.508922
380 383 0.079519
380 384 0.079519
380 405 0.381691
380 406 0.508922
380 407 0.12723
380 708 0.890613
381 621 0.381691
381 708 0.381691
381 713 0.508922
382 617 1.01784
382 621 0.763383
382 624 0.12723
383 621 0.636152
383 624 1.2723
383 625 0.254461
383 626 0.508922
383 715 0.381691
384 407 0.12723
384 606 0.12723
384 624 1.39954
385 407 3.05353
385 408 0.636152
386 407 0.12723
386 408 2.67184
386 566 0.381691
387 398 0.254461
387 408 0.381691
387 409 2.54461
387 566 0.763383
388 391 0.763383
388 410 2.41738
388 412 1.14507
388 460 0.508922
388 536 0.763383
388 537 0.636152
388 566 0.12723
389 392 0.254461
389 394 0.381691
389 409 0.12723
389 410 0.381691
389 412 0.254461
390 568 0.254461
391 412 3.05353
391 413 0.12723
391 414 0.254461
391 416 0.12723
391 460 1.90846
391 537 0.254461
391 568 0.508922
392 412 2.54461
392 414 0.254461
393 399 0.397594
393 411 0.12723
393 412 0.381691
393 413 0.12723
393 414 0.12723
393 446 0.254461
394 398 0.397594
394 399 0.556634
394 446 0.381691
395 398 0.159038
395 399 0.159038
396 399 1.51086
396 400 0.079519
397 400 1.6699
397 401 0.397594
398 401 1.59038
398 402 0.397594
399 402 1.6699
399 403 0.397594
399 411 1.14507
399 446 0.381691
399 447 0.508922
399 450 0.890613
399 452 0.12723
399 453 0.254461
400 403 1.59038
400 404 0.636152
401 404 1.59038
401 405 0.397594
402 405 1.43134
402 406 1.51086
402 407 0.159038
402 409 0.254461
402 452 0.763383
403 450 1.14507
403 451 1.01784
403 452 0.636152
405 707 0.12723
407 452 0.381691
408 452 2.54461
408 454 0.12723
409 452 0.890613
409 453 2.54461
409 454 2.29015
409 455 0.12723
410 455 2.54461
410 457 0.12723
410 566 0.254461
411 443 0.890613
411 447 0.636152
411 453 0.12723
411 455 0.12723
411 456 2.9263
411 457 0.381691
412 443 0.636152
412 457 3.43522
412 458 0.12723
412 459 0.890613
412 460 0.12723
413 439 0.12723
413 440 0.12723
413 443 0.12723
413 457 0.12723
413 458 0.12723
413 459 0.12723
414 439 0.763383
415 436 0.12723
415 439 0.254461
415 440 0.12723
415 458 0.12723
415 459 2.41738
415 460 0.12723
415 462 0.381691
416 460 1.14507
416 461 2.9263
416 462 0.508922
417 420 0.508922
417 423 0.381691
417 461 2.54461
417 462 0.508922
418 423 0.508922
418 461 1.78123
420 423 0.254461
420 425 0.254461
420 426 0.381691
421 425 0.636152
422 425 0.508922
423 461 0.763383
423 462 3.05353
423 463 0.12723
424 427 2.9263
424 428 0.381691
424 462 0.254461
424 463 0.254461
424 464 0.636152
425 429 0.12723
426 429 0.508922
426 432 0.381691
426 467 0.12723
427 436 0.636152
427 462 0.508922
427 464 0.12723
427 465 2.79907
427 466 2.16292
427 467 0.890613
427 468 0.763383
428 465 0.890613
428 466 0.254461
429 432 1.74942
429 467 0.508922
430 433 0.159038
430 434 0.079519
431 434 0.159038
432 435 1.35182
432 436 0.318076
432 467 0.381691
433 436 1.6699
433 437 0.238558
433 467 0.890613
434 437 1.82894
434 438 0.159038
435 438 1.43134
435 439 0.238558
436 439 1.59038
436 440 0.079519
436 467 0.381691
436 471 0.508922
437 440 1.6699
437 441 0.397594
437 471 0.381691
438 441 1.51086
438 442 0.318076
439 442 1.35182
439 443 0.079519
440 443 1.59038
440 444 0.159038
440 471 0.12723
440 475 0.254461
441 444 1.59038
441 445 0.397594
441 474 1.52677
442 445 1.51086
442 446 0.159038
443 446 1.59038
443 447 0.238558
443 456 0.12723
443 457 0.12723
444 447 1.35182
444 448 0.318076
444 456 0.508922
444 474 0.12723
447 450 0.508922
447 456 0.254461
448 456 0.381691
448 478 0.381691
448 482 0.763383
449 482 0.12723
450 453 0.381691
450 482 0.254461
451 454 0.12723
453 482 0.890613
454 482 0.508922
454 483 0.12723
455 483 2.54461
455 485 0.254461
455 498 0.12723
456 475 0.381691
456 479 0.636152
456 482 0.890613
456 483 0.12723
456 484 2.54461
456 485 0.381691
457 485 2.67184
458 468 0.12723
458 475 0.12723
458 484 0.254461
458 486 0.636152
458 495 0.12723
459 486 0.636152
460 502 0.12723
460 537 0.12723
461 486 0.12723
461 502 0.508922
462 468 0.159038
462 486 0.636152
463 468 0.159038
463 486 0.508922
463 488 3.05353
463 489 0.12723
464 468 0.397594
464 469 0.477114
464 488 0.12723
464 489 0.12723
464 493 0.636152
464 494 0.254461
464 495 0.12723
465 468 1.82894
465 469 0.079519
466 469 1.6699
466 470 0.079519
467 470 1.59038
467 471 0.318076
468 471 1.59038
468 472 0.159038
468 486 1.39954
469 472 1.51086
469 473 0.079519
469 494 0.381691
469 495 0.12723
470 473 1.59038
470 474 0.159038
471 474 1.59038
471 475 0.238558
472 475 1.59038
472 476 0.87471
472 484 0.381691
472 495 0.636152
472 497 0.763383
473 476 1.74942
473 477 0.636152
474 477 1.59038
474 478 0.954228
475 478 1.6699
475 479 0.318076
475 484 0.254461
476 479 1.35182
476 480 0.079519
476 484 0.12723
476 497 0.763383
479 482 1.01784
483 497 0.636152
484 496 2.67184
484 497 0.636152
485 496 0.636152
485 498 0.12723
485 500 0.254461
485 536 0.12723
486 495 0.12723
486 496 0.381691
486 500 0.381691
487 490 2.41738
487 491 0.508922
487 500 0.508922
487 502 0.381691
487 536 0.254461
488 493 0.12723
489 493 0.254461
489 515 0.381691
490 515 0.12723
490 523 0.254461
491 496 0.12723
491 498 0.12723
491 499 2.54461
491 500 0.254461
491 501 0.254461
491 523 0.254461
492 496 0.254461
492 523 0.636152
492 531 0.890613
493 496 0.254461
493 531 0.12723
496 500 0.12723
496 531 0.381691
497 531 0.508922
497 532 0.12723
498 532 2.54461
498 533 0.12723
498 534 0.12723
499 523 0.254461
499 529 0.381691
499 531 0.254461
499 532 0.636152
499 533 3.18076
499 534 0.254461
500 534 0.381691
500 535 2.29015
500 536 0.254461
501 504 0.254461
501 523 0.508922
501 535 2.9263
501 536 2.29015
501 537 0.12723
502 517 0.508922
502 537 3.30799
503 510 0.12723
503 517 0.12723
503 535 0.12723
503 537 0.890613
503 540 0.381691
503 568 0.636152
503 996 0.381691
503 999 0.636152
504 518 0.12723
504 520 0.12723
504 535 0.12723
504 552 0.636152
505 508 0.890613
505 510 0.890613
505 519 2.41738
505 520 0.254461
505 552 0.12723
505 996 0.636152
505 997 0.636152
505 1000 0.254461
505 1001 0.508922
505 1002 0.381691
506 519 2.67184
506 520 2.29015
506 521 0.381691
506 551 0.763383
506 552 0.763383
506 555 0.12723
507 519 0.636152
507 521 0.508922
507 551 0.12723
508 518 2.16292
508 519 0.12723
509 517 2.41738
509 518 1.14507
509 519 0.254461
509 522 0.763383
510 516 2.67184
510 517 0.763383
511 516 0.254461
512 515 2.54461
512 516 0.508922
512 517 0.12723
516 523 0.079519
517 523 0.238558
518 522 0.318076
518 523 0.71567
518 526 0.254461
519 522 1.74942
519 523 0.159038
520 523 1.43134
520 524 0.079519
520 533 0.254461
520 562 0.381691
521 524 0.079519
521 525 0.079519
521 555 0.12723
521 559 0.890613
522 525 1.59038
522 526 0.159038
523 526 0.238558
523 529 0.12723
523 533 0.12723
524 529 0.381691
524 531 0.12723
524 533 0.12723
524 561 1.39954
524 562 0.381691
526 529 0.254461
529 561 0.508922
530 561 1.14507
531 561 0.636152
532 561 2.41738
532 563 0.12723
533 561 0.381691
533 562 2.67184
533 563 0.12723
534 563 0.508922
534 564 2.79907
534 565 0.254461
534 566 0.12723
535 538 0.254461
535 556 0.254461
535 564 0.12723
535 565 2.41738
535 566 0.12723
536 566 2.54461
537 566 2.41738
537 568 0.890613
538 549 0.508922
538 552 0.890613
538 553 0.381691
538 556 0.12723
538 565 0.890613
538 566 0.763383
538 567 3.18076
539 546 0.254461
539 549 0.254461
539 567 2.29015
539 568 2.54461
539 995 2.41738
540 545 0.381691
540 568 2.79907
540 604 2.79907
540 995 0.381691
540 997 0.254461
540 998 0.890613
540 999 0.636152
541 545 0.12723
541 546 0.12723
541 568 0.254461
541 604 3.18076
541 605 0.254461
541 606 0.12723
542 545 0.12723
542 600 0.508922
542 601 1.14507
542 603 0.381691
542 604 0.508922
542 790 1.14507
542 998 0.381691
543 790 0.12723
543 929 1.01784
544 789 0.254461
544 791 0.12723
544 904 0.254461
544 906 0.890613
544 909 0.381691
544 929 1.2723
544 934 0.12723
544 935 0.12723
544 993 0.636152
545 616 0.12723
545 791 0.636152
545 909 0.508922
545 993 0.381691
545 994 2.54461
545 995 0.12723
546 549 1.2723
546 616 0.254461
546 909 0.254461
546 993 0.254461
546 994 2.41738
547 908 3.30799
547 993 0.12723
547 994 0.636152
548 551 1.51086
548 552 0.079519
548 908 0.12723
549 552 1.51086
549 553 0.477114
549 567 0.254461
549 620 0.381691
549 623 0.381691
549 624 0.12723
550 553 1.59038
550 554 0.159038
550 623 0.763383
551 554 1.43134
551 555 0.079519
551 1004 0.254461
551 1006 0.381691
552 555 1.59038
552 556 0.79519
552 996 0.381691
553 556 2.38558
553 557 0.477114
553 623 0.763383
553 624 0.254461
554 557 1.51086
554 558 0.556634
555 558 1.59038
555 559 0.238558
555 562 0.381691
556 559 0.079519
556 562 0.508922
556 563 0.12723
556 564 1.2723
557 623 0.381691
557 625 0.12723
557 628 0.890613
557 641 1.14507
559 562 1.01784
560 563 0.12723
568 604 3.43522
569 604 0.763383
569 605 2.67184
569 606 0.12723
570 605 2.79907
570 606 2.54461
570 607 0.508922
571 604 0.12723
571 605 0.254461
571 607 2.79907
571 608 0.12723
571 609 0.12723
571 611 0.381691
572 602 2.29015
572 603 0.636152
572 604 0.381691
572 605 0.254461
572 607 0.381691
572 608 0.381691
572 609 0.254461
572 614 0.508922
573 602 1.01784
574 587 2.54461
574 603 0.12723
574 609 0.254461
575 585 0.12723
575 586 2.54461
575 587 0.381691
575 592 0.381691
576 584 0.12723
576 585 2.54461
577 583 0.12723
577 584 2.54461
577 585 1.654
577 587 0.254461
577 591 0.381691
577 592 0.763383
578 582 0.254461
578 583 2.67184
578 584 0.254461
578 585 0.508922
579 582 0.763383
579 583 1.52677
585 591 0.12723
585 972 0.12723
585 974 2.03569
586 930 0.381691
586 972 0.12723
586 973 0.12723
587 591 0.763383
587 592 0.12723
588 591 0.890613
588 599 3.05353
588 600 0.254461
588 602 0.381691
588 603 0.381691
588 930 0.12723
588 931 0.12723
588 971 0.890613
588 972 1.39954
589 594 0.636152
589 597 1.14507
589 599 0.508922
590 593 0.12723
590 594 1.01784
590 597 0.381691
591 594 0.381691
591 972 0.763383
594 597 0.508922
598 601 0.508922
599 602 0.12723
599 794 0.254461
599 795 0.508922
599 796 0.381691
599 797 0.381691
600 603 0.508922
600 790 0.763383
600 931 1.01784
601 604 0.508922
601 794 0.381691
601 998 0.254461
603 930 0.636152
605 614 0.508922
606 613 2.54461
606 614 1.01784
606 617 0.12723
607 612 2.67184
607 614 0.890613
607 617 0.12723
608 611 0.12723
608 612 0.763383
608 613 0.254461
608 614 1.2723
608 928 0.508922
608 973 0.254461
613 617 0.159038
614 617 0.159038
614 929 0.254461
615 618 1.43134
615 903 0.12723
615 904 0.636152
615 909 0.12723
615 927 0.381691
615 929 0.254461
616 619 1.59038
616 620 0.079519
617 620 1.59038
617 621 0.159038
618 621 1.59038
618 622 0.159038
618 717 0.254461
618 903 0.508922
618 912 0.636152
619 622 1.59038
619 623 0.238558
619 909 1.01784
619 910 0.508922
619 911 1.2723
619 912 0.381691
620 623 1.51086
620 624 0.397594
621 624 1.51086
621 625 0.159038
621 713 0.12723
621 714 0.254461
621 717 0.254461
622 625 1.43134
622 717 0.890613
622 718 0.12723
622 911 0.890613
622 912 0.508922
623 911 0.636152
625 628 0.12723
625 641 0.12723
625 715 0.12723
625 716 1.52677
625 717 0.763383
626 639 0.12723
626 640 2.54461
626 641 0.254461
626 642 1.39954
627 638 0.12723
627 639 2.79907
627 640 0.12723
627 642 0.381691
628 637 0.12723
628 638 2.54461
628 639 0.508922
628 641 0.763383
629 637 2.41738
629 638 0.254461
629 652 0.12723
629 700 0.12723
629 718 0.12723
629 720 0.254461
630 635 0.12723
630 636 2.54461
630 637 1.14507
630 720 0.12723
631 635 2.79907
631 636 0.12723
631 720 0.508922
631 722 0.12723
632 635 0.763383
634 680 0.12723
634 681 2.79907
634 682 0.381691
635 680 2.67184
635 681 0.508922
636 678 0.12723
636 679 2.54461
636 680 0.890613
636 682 0.254461
636 698 0.12723
637 677 0.508922
637 678 2.41738
637 679 0.381691
638 670 0.12723
638 676 0.12723
638 677 2.54461
638 678 0.381691
638 680 0.12723
639 672 0.12723
639 676 2.54461
639 677 0.636152
640 672 0.12723
640 673 0.254461
640 674 2.54461
640 675 0.381691
640 676 0.254461
641 675 0.381691
642 645 1.14507
642 674 2.67184
642 675 0.254461
643 674 0.636152
643 675 0.12723
644 674 0.254461
645 648 0.508922
645 650 1.01784
645 673 2.16292
645 674 0.636152
646 671 1.39954
646 672 3.56245
646 673 0.381691
647 650 0.890613
647 670 0.636152
647 671 0.508922
647 672 0.636152
649 702 0.890613
649 703 1.01784
649 704 1.2723
649 706 0.12723
650 669 2.16292
650 670 0.381691
650 700 0.254461
650 701 2.41738
650 703 0.12723
651 668 2.67184
651 699 0.12723
651 700 2.54461
651 701 0.508922
651 703 0.12723
652 667 2.67184
652 668 0.636152
652 680 0.12723
652 699 2.67184
653 666 2.9263
653 667 0.254461
653 697 0.12723
653 698 2.54461
653 699 0.508922
654 664 0.508922
654 665 4.83476
654 666 1.78123
654 682 0.381691
654 683 0.254461
654 697 2.41738
654 698 0.12723
655 662 0.381691
655 663 0.12723
655 664 2.79907
655 665 0.12723
655 695 0.12723
655 696 2.54461
655 697 0.381691
656 662 2.41738
656 663 2.54461
656 664 0.254461
656 694 0.12723
656 695 2.67184
656 696 0.12723
657 660 0.254461
657 661 2.9263
657 662 0.12723
657 693 0.12723
657 694 2.54461
657 695 0.254461
658 661 0.890613
658 690 0.12723
658 691 0.12723
658 692 0.508922
658 693 2.67184
658 694 0.12723
659 692 0.763383
659 693 0.508922
659 898 0.381691
660 916 0.254461
663 686 0.254461
664 685 0.12723
668 680 0.254461
669 678 0.12723
670 678 0.763383
670 680 0.12723
671 678 0.508922
672 676 0.381691
672 677 0.254461
672 678 0.12723
673 676 0.254461
682 685 0.12723
690 725 0.254461
691 725 2.79907
691 726 0.12723
691 727 0.254461
692 724 2.67184
692 725 0.636152
693 721 0.763383
693 722 0.254461
693 723 2.79907
693 724 1.01784
694 721 2.54461
694 722 0.508922
694 723 0.508922
695 719 0.381691
695 720 2.67184
695 721 1.2723
695 915 1.90846
696 718 0.12723
696 719 2.67184
696 720 0.636152
696 722 0.381691
697 718 2.54461
697 719 0.381691
698 717 2.54461
698 718 0.381691
698 720 0.12723
699 716 2.67184
699 717 0.12723
700 714 2.54461
700 715 2.54461
700 716 0.381691
701 712 0.381691
701 713 2.41738
702 708 0.636152
702 709 0.254461
702 711 2.54461
702 712 2.41738
702 713 0.890613
702 715 0.12723
703 711 2.41738
704 710 0.12723
704 711 0.254461
705 709 2.67184
705 710 0.381691
706 709 1.14507
708 713 0.12723
709 713 0.254461
710 713 0.254461
717 912 0.508922
717 914 0.254461
719 914 1.39954
719 915 0.381691
734 860 0.763383
736 751 0.12723
736 860 0.381691
737 751 0.381691
738 749 0.12723
738 750 2.67184
738 751 0.254461
738 832 0.12723
738 834 0.12723
738 858 0.12723
738 859 0.890613
738 860 0.12723
739 748 0.12723
739 749 2.67184
739 750 0.381691
740 748 2.54461
740 827 0.12723
741 747 2.41738
741 748 0.381691
742 746 2.41738
742 747 0.381691
742 760 0.12723
743 746 0.763383
743 760 0.508922
744 760 0.381691
745 759 3.05353
745 760 0.890613
745 761 0.254461
746 757 0.890613
746 758 3.05353
746 759 0.254461
746 760 0.763383
747 756 0.12723
747 757 2.54461
747 758 0.636152
747 760 1.654
747 825 0.254461
747 826 0.508922
747 827 0.763383
748 756 2.54461
748 757 0.12723
749 755 2.67184
749 756 0.763383
749 758 0.254461
749 834 0.12723
750 754 2.67184
750 755 0.381691
751 754 0.763383
751 756 0.12723
751 859 0.12723
751 860 0.508922
751 861 0.254461
751 862 0.12723
753 769 0.12723
753 770 2.9263
753 771 0.381691
754 769 2.41738
754 1022 0.12723
755 768 2.67184
755 769 2.03569
755 771 0.12723
755 772 0.254461
756 765 0.254461
756 767 2.41738
756 768 0.381691
756 858 1.14507
756 862 0.254461
756 864 0.254461
757 765 2.54461
757 766 2.67184
757 767 0.508922
757 769 0.12723
758 764 2.54461
758 765 0.508922
758 766 0.12723
758 836 0.254461
758 856 0.890613
759 762 3.18076
759 763 2.41738
759 764 0.254461
760 822 0.12723
761 822 0.254461
762 822 0.12723
762 840 0.508922
763 822 0.254461
763 838 0.254461
763 840 0.763383
764 780 0.381691
764 781 1.14507
764 782 0.12723
764 840 0.763383
764 854 0.12723
765 768 0.381691
765 779 2.54461
765 864 0.12723
766 776 0.381691
766 779 0.12723
767 774 1.14507
767 775 0.508922
767 776 1.01784
768 773 0.12723
768 774 2.54461
768 775 0.508922
768 864 0.12723
768 1020 0.636152
769 772 0.254461
769 773 2.79907
769 774 0.381691
769 775 0.12723
770 773 1.2723
770 775 0.636152
770 1022 0.508922
774 889 0.12723
775 888 2.54461
775 889 0.381691
775 948 0.12723
775 949 0.254461
776 887 2.54461
777 887 2.9263
777 888 0.12723
777 889 0.254461
777 980 0.763383
777 981 0.12723
778 886 2.67184
778 887 0.763383
778 983 0.381691
779 885 0.12723
779 886 0.254461
780 884 0.12723
780 885 2.54461
780 886 0.254461
781 884 2.79907
781 885 0.381691
782 842 0.636152
782 852 0.763383
782 854 0.763383
782 883 2.67184
782 884 0.254461
783 881 1.01784
783 882 2.41738
783 883 0.508922
783 885 0.636152
783 964 0.254461
783 985 0.636152
784 842 0.763383
784 850 1.01784
784 870 0.12723
784 879 2.29015
784 880 2.16292
784 881 0.890613
785 815 0.381691
785 816 0.508922
785 880 0.12723
785 881 1.01784
786 789 0.254461
786 792 1.2723
786 810 0.12723
786 816 0.508922
786 880 0.508922
786 881 0.254461
786 934 0.12723
786 964 0.508922
786 990 0.381691
786 991 0.254461
786 992 0.381691
787 933 2.67184
787 934 0.254461
787 964 0.254461
787 967 0.254461
787 968 0.254461
788 792 0.556634
788 793 0.159038
788 807 0.254461
788 816 0.12723
788 931 0.12723
788 933 0.254461
788 968 0.12723
789 792 1.90846
789 793 0.238558
789 933 0.381691
789 934 0.254461
789 993 0.381691
790 793 1.59038
790 794 0.079519
790 931 0.508922
791 993 0.381691
791 994 0.381691
791 995 0.254461
791 997 0.12723
791 998 0.508922
792 805 2.41738
792 806 2.67184
792 807 0.381691
792 810 0.763383
793 796 0.381691
793 805 0.12723
793 807 0.12723
793 931 0.254461
794 998 0.254461
795 999 0.12723
796 800 2.54461
796 801 0.763383
796 802 0.254461
796 808 0.636152
797 800 3.18076
797 801 0.508922
801 808 0.318076
802 805 0.254461
802 808 0.238558
803 808 0.079519
803 809 0.238558
804 809 1.2723
804 1001 0.381691
805 808 1.59038
805 809 0.238558
806 809 1.59038
806 810 1.03375
806 877 0.12723
806 878 0.12723
806 991 0.763383
806 1001 0.12723
806 1008 0.381691
807 810 1.74942
807 811 0.318076
808 811 2.06748
808 812 0.159038
809 812 1.43134
809 813 0.159038
809 877 0.381691
810 813 1.59038
810 814 1.51086
810 815 0.397594
810 816 0.159038
810 878 0.508922
810 879 0.508922
810 880 0.381691
810 991 0.254461
811 814 0.079519
811 816 0.079519
813 844 0.508922
813 849 0.254461
813 876 0.12723
813 877 0.254461
814 817 2.41738
814 818 0.254461
814 844 0.636152
815 849 0.12723
815 850 0.636152
815 876 0.636152
815 877 0.254461
816 968 0.508922
817 844 0.381691
818 842 0.381691
818 843 2.41738
818 849 0.12723
819 841 0.12723
819 842 2.67184
820 841 2.54461
820 842 0.763383
821 840 2.54461
821 841 0.508922
822 839 2.67184
822 840 0.508922
823 839 2.67184
824 837 2.41738
824 838 2.67184
824 839 0.12723
825 837 2.41738
826 835 0.12723
826 836 2.9263
826 837 0.763383
827 835 2.54461
827 836 0.254461
828 834 2.67184
828 835 0.508922
829 833 2.67184
830 833 0.763383
830 835 0.12723
830 857 0.381691
832 857 0.763383
832 859 2.54461
833 857 0.508922
833 858 2.54461
834 856 0.12723
834 857 2.41738
834 858 0.254461
835 855 0.12723
835 856 2.67184
836 855 2.67184
836 856 0.508922
837 854 2.54461
837 855 0.12723
838 852 0.12723
838 853 2.67184
838 854 0.508922
838 856 0.12723
839 852 2.54461
840 851 2.67184
840 852 0.381691
840 854 0.12723
841 850 2.41738
842 848 2.54461
842 849 2.54461
842 850 0.636152
842 851 0.12723
842 852 0.254461
843 846 0.12723
843 847 2.9263
843 848 0.508922
844 847 0.508922
844 849 0.12723
847 873 0.254461
847 875 0.508922
848 851 0.12723
848 873 0.12723
849 871 0.12723
849 872 2.41738
849 873 0.254461
849 876 0.12723
850 871 2.67184
850 872 0.12723
851 869 0.12723
851 870 2.79907
851 871 0.508922
852 868 0.12723
852 869 2.41738
853 867 0.12723
853 868 2.41738
853 869 0.508922
853 871 0.636152
854 867 2.67184
854 868 0.12723
854 884 0.12723
855 865 0.12723
855 866 2.54461
855 867 0.508922
856 864 0.12723
856 865 2.54461
856 866 0.12723
857 863 0.12723
857 864 2.54461
857 865 0.508922
858 863 2.41738
858 864 0.254461
859 862 0.254461
859 863 0.12723
863 952 0.12723
863 1019 0.12723
863 1020 2.41738
863 1021 0.508922
864 1018 0.12723
864 1019 2.67184
864 1020 0.890613
865 1018 2.54461
866 1017 2.67184
866 1018 0.636152
867 1015 0.12723
867 1016 2.41738
867 1017 0.12723
868 1014 0.12723
868 1015 2.54461
868 1016 1.78123
869 1014 2.54461
869 1015 1.01784
870 882 0.12723
870 1012 0.12723
870 1013 2.41738
870 1014 0.381691
871 1012 2.54461
872 876 0.12723
872 879 0.12723
872 1012 0.508922
873 876 0.381691
878 1008 0.508922
878 1009 0.508922
878 1010 1.01784
879 991 0.12723
879 1009 0.508922
880 990 2.67184
880 991 0.381691
881 934 0.508922
881 958 0.12723
881 964 0.254461
881 985 0.12723
881 987 1.39954
881 989 2.67184
881 990 0.508922
881 1009 0.254461
882 987 2.41738
882 988 2.41738
882 989 0.254461
882 1014 0.381691
882 1016 0.381691
883 986 2.54461
883 987 0.254461
883 1016 0.636152
884 985 2.41738
884 986 0.636152
884 1016 0.254461
884 1018 0.12723
885 983 0.254461
885 984 2.54461
885 985 0.381691
886 982 0.12723
886 983 3.05353
886 984 0.254461
887 979 0.254461
887 980 0.508922
887 982 2.54461
887 983 2.03569
888 946 0.12723
888 981 2.41738
888 982 0.508922
889 981 0.12723
890 946 0.254461
890 947 0.254461
890 948 0.381691
890 981 2.41738
890 982 0.381691
891 946 0.636152
891 961 0.508922
891 980 0.12723
891 981 0.381691
891 982 0.254461
892 922 0.254461
892 946 0.890613
893 921 2.54461
893 922 0.254461
894 919 1.01784
894 920 3.56245
894 921 0.508922
894 946 0.254461
895 918 0.12723
895 919 2.41738
895 920 0.254461
895 922 0.12723
895 925 0.254461
895 944 0.12723
895 945 2.29015
895 946 0.254461
895 959 0.12723
896 917 0.636152
896 918 2.79907
896 919 0.636152
896 944 2.67184
896 945 1.01784
897 900 0.508922
897 902 0.381691
897 916 0.12723
897 917 2.54461
897 918 1.654
897 920 0.381691
897 925 0.508922
897 938 0.763383
897 941 0.12723
897 943 2.67184
897 957 0.381691
898 915 0.381691
898 916 2.79907
898 941 2.67184
898 942 2.29015
898 943 0.381691
899 914 0.12723
899 915 2.9263
899 916 0.12723
899 918 0.254461
899 939 2.16292
899 940 2.29015
899 941 0.254461
900 905 0.763383
900 910 0.12723
900 913 0.381691
900 914 2.79907
900 915 0.254461
900 918 0.508922
900 938 0.254461
900 939 0.636152
901 913 2.54461
901 914 0.508922
901 918 1.52677
902 918 0.508922
902 920 0.12723
902 938 0.508922
903 938 1.2723
904 909 0.556634
904 927 0.636152
904 929 0.763383
904 935 0.763383
904 936 0.254461
904 937 2.67184
904 938 0.381691
905 909 1.6699
905 910 0.238558
905 913 0.254461
905 937 2.79907
905 938 3.30799
905 939 0.508922
906 909 1.59038
906 910 0.318076
906 934 1.14507
906 935 0.508922
906 936 0.381691
906 937 0.890613
906 939 0.381691
906 990 0.254461
906 993 0.381691
907 910 0.238558
907 939 0.12723
907 990 0.12723
907 1007 1.01784
908 992 1.14507
908 993 0.636152
908 994 0.12723
908 1007 0.763383
909 993 0.12723
910 913 0.381691
910 939 0.12723
914 918 0.381691
915 918 0.12723
915 940 0.254461
915 942 0.254461
917 943 0.763383
917 945 0.12723
920 924 0.12723
920 925 0.12723
920 938 0.12723
921 924 2.79907
921 925 0.12723
922 925 2.54461
922 946 0.12723
922 961 0.12723
923 926 0.381691
924 938 0.254461
925 936 0.12723
925 938 1.01784
925 957 0.254461
925 959 0.381691
926 935 0.890613
926 962 1.01784
926 973 0.12723
926 976 0.12723
927 935 0.636152
928 973 0.890613
929 935 0.254461
929 973 0.254461
930 971 0.12723
930 972 2.41738
930 973 0.381691
931 971 0.254461
932 967 0.381691
932 970 0.381691
932 971 0.508922
932 972 0.636152
932 973 0.12723
933 967 0.254461
934 937 0.254461
934 958 0.381691
934 964 0.508922
934 990 0.254461
935 958 0.381691
935 967 0.254461
936 957 0.12723
936 958 0.381691
937 956 0.381691
937 957 3.18076
937 958 0.12723
937 987 0.12723
937 990 0.381691
938 941 0.12723
938 956 2.54461
938 957 0.636152
939 955 2.29015
939 956 0.636152
940 955 2.29015
941 953 2.41738
941 954 2.41738
941 955 1.2723
941 957 0.763383
942 952 2.67184
942 953 1.01784
942 954 0.381691
943 950 0.763383
943 951 2.54461
944 949 0.12723
944 950 2.67184
944 951 1.01784
944 955 0.12723
944 957 0.508922
944 984 0.12723
945 949 2.54461
945 950 0.763383
946 949 0.636152
946 951 0.12723
946 959 0.381691
946 982 1.14507
948 1022 2.9263
948 1023 0.254461
949 1020 0.890613
949 1021 2.41738
950 1019 0.12723
950 1020 2.54461
950 1021 0.890613
950 1023 0.381691
951 955 0.254461
951 984 0.381691
951 1019 2.41738
951 1020 1.654
952 955 0.381691
952 1018 2.41738
952 1019 0.254461
952 1021 0.12723
953 1017 0.12723
955 986 0.508922
955 987 2.67184
955 1018 0.254461
956 986 2.54461
956 987 0.890613
956 988 0.254461
957 985 2.54461
958 983 0.12723
958 984 2.54461
958 985 0.890613
959 982 0.254461
959 983 2.54461
960 982 2.67184
960 983 0.508922
961 978 2.79907
961 979 0.890613
961 981 0.508922
962 966 0.079519
962 976 0.12723
962 977 0.508922
962 978 0.12723
962 979 0.381691
962 983 0.508922
963 966 1.74942
963 967 0.318076
963 979 0.890613
963 983 1.01784
964 967 1.6699
964 968 0.397594
964 985 0.381691
965 968 1.59038
965 969 1.03375
966 969 1.59038
966 970 0.397594
966 976 1.01784
966 977 1.654
966 979 0.636152
967 970 0.079519
970 975 0.12723
970 976 0.381691
972 975 2.41738
973 976 0.381691
979 983 0.890613
986 1018 0.254461
987 990 0.508922
988 1016 0.508922
989 1009 0.508922
989 1014 1.39954
989 1015 0.381691
990 1009 0.12723
991 1003 0.254461
991 1007 2.67184
992 1003 0.508922
992 1007 0.254461
993 1003 0.254461
994 1002 0.636152
994 1003 0.12723
995 1002 0.381691
997 1000 0.890613
997 1002 0.254461
1003 1007 0.381691
1003 1008 0.254461
1004 1007 2.54461
1004 1008 0.508922
1005 1008 0.508922
1009 1014 0.763383
1010 1014 0.636152
1011 1014 0.763383
