nresidues = 1024
13 16 0.0625
14 17 0.5625
14 67 0.25
15 18 0.125
15 21 0.125
15 24 0.0625
15 151 0.125
15 161 0.25
15 163 0.0625
15 193 0.0625
16 66 0.0625
16 114 0.0625
16 118 0.0625
16 161 0.125
16 163 0.0625
16 189 0.25
16 192 1.375
16 193 0.4375
17 112 0.375
17 113 0.5
17 114 0.3125
17 193 0.3125
18 21 0.3125
18 193 0.625
19 22 0.0625
19 112 0.0625
19 193 0.125
19 432 0.3125
21 161 0.0625
21 163 0.125
22 26 0.0625
22 162 1.1875
22 163 0.1875
22 438 0.25
23 26 0.5
23 160 0.0625
23 161 1.5
24 158 0.25
24 160 1.25
24 161 0.0625
24 171 0.0625
25 158 0.125
25 159 0.1875
25 171 0.3125
26 162 0.125
26 163 0.25
26 169 0.375
26 170 1.3125
26 171 0.1875
26 438 0.0625
26 442 0.875
27 140 0.25
27 170 0.25
27 171 0.125
29 442 0.125
29 445 0.125
30 33 0.875
30 140 0.125
30 170 0.375
30 223 0.0625
30 445 1.25
30 446 0.25
31 224 0.125
31 225 0.0625
31 445 0.1875
31 446 0.125
31 449 0.125
32 446 0.0625
33 51 0.0625
33 217 0.25
33 222 0.125
33 223 0.25
33 225 0.0625
33 326 1
34 48 0.25
34 50 0.0625
34 215 0.1875
34 326 0.3125
35 48 0.125
35 50 0.3125
35 216 0.125
35 217 0.1875
35 218 0.0625
35 324 0.3125
35 325 1.1875
35 326 0.1875
36 41 0.5625
36 42 0.4375
36 45 0.125
36 46 0.25
36 47 0.125
36 48 0.3125
36 50 0.125
36 310 0.0625
36 324 1.3125
36 325 0.3125
37 50 0.3125
37 216 0.5
37 217 0.1875
37 218 0.1875
37 322 0.1875
37 323 0.0625
37 324 0.125
38 41 0.859375
38 322 0.0625
39 42 0.820312
39 43 0.078125
39 314 0.25
39 322 0.125
40 43 1.17188
40 44 0.234375
40 46 0.0390625
41 44 0.859375
41 45 0.742188
41 46 0.390625
42 45 0.0390625
42 310 0.1875
42 312 0.0625
42 325 0.0625
42 327 0.0625
43 261 0.3125
43 263 0.125
43 264 0.1875
43 310 0.25
43 312 0.125
44 310 0.0625
45 310 0.5625
45 404 0.25
48 51 0.1875
49 133 0.0625
50 133 0.1875
50 214 0.0625
50 215 1.3125
50 216 0.1875
51 214 1.25
52 128 0.25
52 133 0.25
52 213 1.3125
52 214 0.3125
53 212 1.3125
54 58 0.25
54 212 1.25
54 214 0.0625
55 86 1.25
55 87 0.1875
55 211 0.5
55 212 0.125
56 84 0.0625
56 85 1.1875
56 86 0.25
57 83 0.125
57 84 1.1875
57 125 0.0625
58 82 0.0625
58 83 1.375
58 84 0.3125
58 86 0.5
58 123 0.125
58 124 1.5
58 125 0.375
58 184 0.0625
58 212 0.0625
59 77 0.6875
59 78 0.0625
59 79 0.0625
59 80 0.0625
59 81 0.75
59 82 1.5
59 83 0.125
59 122 0.0625
59 123 1.1875
59 124 0.3125
60 81 1.3125
60 82 0.1875
60 84 0.0625
60 90 0.1875
60 95 0.5
60 121 0.125
60 122 1.25
60 123 0.5625
61 120 0.0625
61 121 1.1875
61 122 0.1875
62 90 0.25
62 95 0.125
62 96 0.375
62 119 0.125
62 120 1.1875
63 68 0.1875
63 69 0.0625
63 70 0.125
63 78 0.0625
63 119 1.25
63 120 0.3125
63 122 0.125
64 117 1.25
64 118 1.4375
65 68 0.125
65 116 0.0625
65 118 0.0625
65 120 0.25
66 69 0.1875
66 118 0.0625
66 120 0.125
66 189 0.125
69 73 0.0625
69 122 0.125
70 73 0.125
70 78 0.0625
71 74 0.1875
72 75 1.1875
72 76 0.125
73 76 0.1875
73 78 0.0625
73 122 0.5625
73 123 0.0625
73 153 0.0625
73 183 0.375
73 185 0.4375
73 186 0.3125
73 187 0.125
74 153 0.5625
74 155 1.0625
74 156 0.0625
74 183 0.125
75 155 0.125
75 156 0.0625
75 183 0.1875
76 183 0.5625
77 183 0.0625
78 81 0.125
82 95 0.3125
84 93 0.1875
84 95 0.0625
85 88 0.1875
85 93 0.0625
86 123 0.125
86 208 0.125
87 208 1.3125
87 209 0.3125
87 210 0.1875
87 366 0.1875
88 93 0.117188
88 123 0.0625
88 207 1.125
88 208 1.3125
88 209 0.125
88 366 0.125
89 92 0.820312
89 205 0.375
89 206 1.4375
89 209 0.1875
89 363 0.0625
89 364 0.1875
89 365 0.25
89 366 0.0625
90 93 0.78125
90 94 0.664062
90 95 0.117188
90 96 0.273438
90 119 0.25
90 120 0.125
90 121 0.125
90 123 0.0625
90 188 0.125
90 206 0.75
90 207 0.125
91 94 0.0390625
91 96 0.351562
91 97 0.15625
91 98 0.0390625
91 190 0.25
91 205 0.5625
91 206 0.3125
92 205 0.125
92 362 0.125
92 363 0.25
92 364 0.125
96 119 0.125
96 190 0.25
97 190 0.1875
97 592 0.0625
98 190 0.0625
98 203 0.4375
98 204 1.1875
98 575 0.0625
98 592 0.4375
98 594 0.125
99 190 0.125
99 191 0.0625
99 203 1.5625
99 204 0.1875
99 594 0.25
100 201 0.375
100 202 0.125
100 203 0.4375
100 589 0.125
100 594 0.0625
100 597 1.3125
100 598 0.3125
100 599 0.125
100 601 0.5625
100 602 0.625
101 104 0.3125
101 105 0.0625
101 106 0.0625
101 202 0.0625
101 204 0.4375
101 598 0.375
102 199 0.0625
102 201 0.9375
102 204 0.125
102 598 0.1875
103 199 0.25
103 418 1.5625
103 419 0.125
105 109 0.0625
105 195 0.0625
105 196 0.4375
105 199 0.4375
105 417 0.25
105 418 0.0625
105 419 0.375
105 420 0.1875
106 191 0.1875
106 204 0.125
107 115 0.1875
107 191 0.25
108 196 0.0625
109 196 0.1875
110 113 0.5
110 196 0.4375
111 196 0.4375
112 193 0.0625
112 196 0.125
113 196 0.25
114 118 0.0625
114 191 0.1875
114 192 0.1875
115 118 0.0625
118 189 0.0625
118 190 0.3125
118 191 0.625
119 188 0.0625
119 189 1.1875
119 190 0.25
120 187 0.0625
120 188 1.3125
120 189 0.0625
121 186 0.0625
121 187 1.25
121 188 0.3125
122 186 1.1875
123 185 1.25
123 186 0.375
123 188 0.125
123 207 0.25
123 208 0.4375
124 183 0.25
124 184 1.25
125 182 0.0625
125 183 1.3125
125 184 0.125
126 182 1.375
127 177 0.0625
127 180 0.0625
127 181 1.25
127 182 0.8125
127 183 0.0625
127 184 0.1875
128 179 0.0625
128 180 1.5
128 182 0.0625
129 133 0.0625
129 134 0.0625
129 179 1.1875
129 180 0.1875
129 182 0.125
130 133 1.1875
131 134 1.25
131 135 0.1875
131 179 0.125
132 135 0.0625
133 136 0.125
133 139 0.25
133 214 0.125
133 215 0.125
133 216 0.75
134 177 0.25
134 178 0.25
136 216 0.25
136 219 0.0625
137 216 0.25
137 217 1.25
137 218 0.0625
137 219 0.0625
138 172 0.375
138 174 0.3125
138 215 0.0625
138 216 1.3125
138 217 0.375
138 221 0.25
139 172 1.3125
139 173 1.25
139 174 0.0625
139 177 0.125
139 214 0.0625
139 215 1.1875
139 216 0.0625
140 170 0.3125
140 171 1.25
140 213 0.0625
140 214 1.3125
140 215 0.4375
140 221 0.0625
141 169 0.0625
141 170 1.25
141 171 0.125
141 173 0.1875
141 184 0.125
141 212 0.0625
141 213 1.375
141 214 0.0625
142 168 0.0625
142 169 1.1875
142 170 0.4375
142 211 0.0625
142 212 1.3125
142 213 0.375
143 146 0.125
143 152 0.0625
143 168 1.25
143 169 0.1875
143 186 0.125
143 211 1.1875
143 212 0.125
144 167 1.1875
144 168 0.25
144 210 0.375
144 211 0.3125
144 396 0.0625
145 165 1.125
145 207 0.0625
145 208 1.1875
145 209 1.4375
145 210 0.0625
146 150 0.375
146 165 0.25
146 188 0.125
146 207 1.1875
146 209 0.0625
147 165 0.375
147 188 0.0625
147 189 1.1875
147 190 1.0625
147 205 0.25
147 206 1.5625
147 207 0.25
147 209 0.125
148 163 1.125
148 165 0.1875
148 189 1.1875
148 190 0.1875
148 191 0.1875
148 192 0.25
148 195 0.0625
148 198 0.0625
149 161 0.0625
149 162 1.25
149 163 0.0625
149 187 0.0625
149 188 1.25
149 189 0.1875
149 192 0.125
150 161 1.5
150 162 0.125
150 169 0.125
150 171 0.125
150 186 0.125
150 187 1.25
151 158 0.25
151 160 1.25
151 161 0.5625
151 186 1.25
151 187 0.1875
152 158 1.4375
152 159 1.5
152 160 0.1875
152 171 0.0625
152 185 1.25
152 186 0.0625
153 156 0.0625
153 157 1.5625
153 158 0.4375
153 159 0.0625
153 184 1.1875
153 185 0.3125
153 187 0.0625
154 157 0.3125
154 159 0.0625
154 176 0.125
154 177 0.0625
154 183 1.25
155 176 0.125
155 177 0.0625
155 178 0.625
155 182 0.5
155 183 0.125
157 175 0.0625
157 176 0.5
158 176 0.125
159 171 0.0625
159 173 0.125
159 176 0.1875
160 171 0.1875
161 171 0.1875
163 193 0.5
163 194 0.0625
163 439 0.0625
164 167 0.25
164 198 0.1875
164 414 0.3125
164 439 0.4375
165 198 0.375
165 209 0.125
165 414 0.0625
166 202 0.0625
166 209 0.375
166 210 0.375
166 358 0.0625
166 365 0.125
166 392 0.625
166 393 0.25
166 414 0.25
167 393 0.1875
167 442 0.25
167 446 0.1875
168 442 0.25
168 446 0.1875
172 176 0.125
173 176 1.25
173 177 0.3125
177 182 0.5
178 181 0.125
178 182 0.4375
188 208 0.0625
190 204 0.125
190 206 0.3125
191 195 0.25
192 195 0.3125
193 196 0.1875
193 432 0.125
194 197 1.25
194 198 0.1875
194 439 0.125
195 198 0.125
196 416 0.0625
196 417 0.1875
196 426 0.0625
196 432 0.0625
197 414 0.125
197 415 1.25
197 416 1.375
197 417 0.0625
197 432 0.0625
197 435 0.0625
197 439 0.1875
198 204 0.0625
198 414 0.25
198 416 1.25
198 439 0.3125
199 204 0.5
199 416 0.625
199 417 0.0625
199 418 0.25
199 419 0.0625
200 204 0.25
200 391 0.3125
200 392 0.0625
200 414 0.1875
200 416 0.3125
201 357 0.0625
201 573 0.0625
202 357 0.125
202 392 0.125
202 573 0.5
203 365 0.25
203 573 0.4375
203 575 0.375
203 588 0.4375
203 589 0.0625
203 592 0.1875
203 594 0.0625
205 364 0.125
205 365 0.0625
208 212 0.0625
209 365 0.125
209 366 0.3125
210 358 0.3125
210 393 0.25
210 394 0.625
210 395 0.125
211 395 0.0625
217 221 0.0625
217 222 0.1875
217 324 0.375
217 326 0.3125
218 221 0.25
218 323 0.125
218 324 0.25
219 247 0.0625
219 248 0.0625
220 246 0.0625
220 247 1.1875
220 248 0.0625
220 249 0.25
220 254 0.0625
220 315 0.1875
220 323 0.0625
221 246 1.25
221 247 0.125
221 315 0.1875
221 324 0.25
222 245 1.25
222 313 0.125
222 315 0.125
222 324 0.25
222 326 0.0625
223 245 1.375
223 246 0.25
223 247 0.125
224 244 1.1875
224 245 0.4375
225 243 1.25
225 326 0.0625
225 327 0.0625
225 328 0.0625
225 449 0.375
226 241 0.0625
226 242 1.1875
226 243 0.1875
226 245 0.0625
226 448 0.9375
226 449 0.25
227 240 0.0625
227 241 1.1875
227 449 0.1875
228 239 0.0625
228 240 1.3125
228 241 0.25
229 239 1.1875
229 332 0.3125
229 333 0.0625
230 238 1.3125
230 239 0.25
230 241 0.125
231 235 0.375
231 237 1.3125
231 238 0.125
231 300 0.0625
231 332 0.5
231 333 0.3125
231 334 0.125
232 235 0.3125
232 236 0.5
232 237 0.4375
235 298 0.125
235 300 0.0625
235 334 0.125
235 345 0.4375
236 296 1.25
236 297 0.25
236 298 0.125
237 295 1.1875
237 296 0.4375
238 293 0.0625
238 294 1.25
238 295 0.375
238 298 0.0625
238 332 0.125
239 293 1.25
239 294 0.0625
240 260 0.0625
240 291 0.0625
240 292 1.1875
240 293 0.3125
240 330 0.0625
240 332 0.0625
241 291 1.1875
241 292 0.5
242 289 0.0625
242 290 1.25
242 291 0.125
243 288 0.125
243 289 1.25
243 290 0.1875
244 256 0.0625
244 274 0.0625
244 288 1.25
244 289 0.1875
244 313 0.0625
245 287 1.1875
245 288 0.9375
246 249 0.1875
246 250 0.25
246 254 0.0625
246 274 0.3125
246 287 0.25
249 254 0.0625
250 254 0.0625
250 274 0.0625
250 286 0.25
251 254 0.25
252 255 0.1875
253 316 0.0625
253 317 1.25
253 318 0.125
254 273 0.125
254 274 0.0625
254 316 1.1875
254 323 0.0625
255 272 1.4375
255 273 0.125
255 314 0.0625
255 315 1.25
255 316 0.625
255 317 0.0625
255 318 0.375
256 270 0.0625
256 271 1.25
256 272 0.0625
256 274 0.125
256 289 0.125
256 291 0.0625
256 314 1.3125
256 316 0.1875
257 269 0.0625
257 270 1.3125
257 271 0.3125
257 312 0.0625
257 313 1.25
257 314 0.3125
257 316 0.3125
258 269 1.25
258 270 0.0625
258 291 0.0625
258 293 0.0625
258 312 1.25
259 266 0.0625
259 268 1.3125
259 269 0.0625
259 310 0.0625
259 311 1.1875
259 312 0.25
260 266 1.3125
260 267 1.375
260 268 0.1875
260 295 0.0625
260 309 0.1875
260 310 1.3125
260 332 0.125
261 264 0.25
261 265 1.5625
261 266 0.625
261 309 1.4375
261 310 0.3125
262 265 0.4375
262 267 0.0625
262 299 0.0625
262 309 0.125
266 269 0.0625
267 309 0.0625
268 293 0.375
268 294 0.0625
269 293 0.0625
270 291 0.25
271 291 0.1875
272 289 0.0625
272 291 0.0625
273 289 0.125
274 286 1.1875
274 287 0.25
274 288 1.4375
274 289 0.0625
274 315 0.125
275 285 1.25
275 286 0.0625
275 288 1.1875
276 285 0.0625
276 288 0.0625
277 284 0.0625
278 283 1.3125
279 283 1.25
279 285 0.0625
280 283 0.25
285 288 1.1875
295 298 0.0625
295 332 0.0625
298 309 0.3125
298 332 0.0625
299 307 0.4375
299 309 0.25
299 332 0.0625
300 305 0.0625
300 307 0.3125
300 332 1.375
300 345 0.0625
301 305 1.25
301 306 0.375
301 307 0.25
301 308 0.0625
301 331 0.1875
301 332 0.1875
301 333 0.125
301 344 0.0625
301 345 0.0625
301 402 0.0625
301 403 0.25
301 407 0.125
301 408 0.125
301 451 0.125
301 452 0.125
302 305 1.4375
302 306 0.1875
302 344 0.0625
302 408 0.3125
302 644 0.1875
303 380 0.0625
303 385 0.0625
303 406 0.375
303 408 0.3125
304 642 0.6875
304 643 0.5
304 644 0.5
304 645 0.0625
305 645 0.0625
306 403 0.0625
306 404 0.125
306 405 0.1875
306 406 0.0625
308 330 1.5
308 331 0.0625
308 403 0.125
308 404 0.125
308 451 0.0625
309 329 1.25
309 330 0.3125
309 332 0.3125
310 327 0.1875
310 328 1.5
310 329 0.1875
311 327 1.25
311 328 0.125
311 330 0.0625
312 326 1.1875
313 325 1.25
313 326 0.25
314 322 0.125
314 324 1.1875
315 322 1.3125
315 323 1.3125
315 324 0.1875
316 321 1.375
316 322 0.0625
317 320 1.25
317 321 0.3125
329 404 0.375
329 449 0.0625
329 451 0.0625
330 451 0.125
331 451 0.1875
333 345 0.4375
333 450 0.0625
333 451 0.6875
333 453 0.0625
333 482 0.1875
334 343 0.0625
334 344 1.25
334 345 0.1875
335 342 0.0625
335 343 1.1875
335 454 0.1875
335 481 0.125
335 483 0.0625
336 341 0.0625
336 342 1.25
336 343 0.4375
337 341 1.375
337 342 0.125
337 483 0.125
337 497 0.125
337 498 0.0625
338 341 0.25
340 530 0.0625
340 531 1.125
340 532 0.3125
340 561 0.1875
341 560 0.1875
341 561 0.0625
341 563 0.4375
342 347 0.0390625
342 348 0.742188
342 534 0.0625
342 563 0.375
343 346 0.117188
343 347 0.976562
343 348 0.117188
344 347 0.234375
344 349 0.117188
344 408 0.125
344 644 0.25
345 644 0.0625
347 643 0.0625
347 644 0.0625
348 563 0.1875
348 643 0.125
349 408 0.1875
349 454 0.0625
349 563 0.375
350 385 0.1875
350 553 0.1875
350 556 0.0625
350 563 1.4375
350 564 0.0625
351 385 0.3125
351 386 0.0625
351 553 0.125
351 563 0.1875
351 564 1.1875
351 565 0.125
351 566 0.125
352 383 0.1875
352 384 1.5625
352 385 1.4375
352 386 0.0625
352 553 0.1875
352 557 0.0625
352 565 1.0625
352 624 0.3125
352 625 0.25
352 626 0.875
352 641 0.1875
353 384 0.3125
353 386 1.25
353 565 0.1875
353 566 1.6875
353 567 0.1875
354 379 0.0625
354 384 0.125
354 386 0.0625
354 387 1.3125
354 566 0.125
354 567 1.25
354 569 0.125
354 570 0.125
355 388 1.625
355 390 0.25
355 536 0.25
355 537 0.125
355 566 0.1875
355 567 0.3125
355 568 0.4375
355 569 1.3125
355 570 0.125
356 367 0.0625
356 372 0.0625
356 375 0.375
356 387 0.0625
356 388 0.0625
356 389 1.0625
356 390 0.25
356 394 0.0625
356 398 0.875
356 570 0.0625
357 390 0.5
357 392 0.625
357 568 0.125
357 569 0.0625
357 573 0.1875
358 364 0.0625
358 365 0.125
358 367 0.625
358 392 0.0625
358 394 0.625
358 395 0.125
359 364 1.25
359 367 0.1875
359 572 0.125
359 573 0.75
359 574 0.25
359 575 0.0625
359 611 0.1875
360 363 1.6875
360 364 0.3125
360 371 0.0625
360 575 0.0625
361 574 0.125
361 575 1.25
361 576 0.1875
361 609 0.25
362 576 0.0625
362 578 0.0625
363 366 0.125
367 372 0.078125
368 371 1.05469
368 372 0.117188
369 372 0.78125
369 373 0.117188
369 397 0.3125
370 373 0.78125
370 374 0.078125
371 374 0.78125
371 375 0.195312
371 611 0.125
372 375 0.78125
372 376 0.15625
372 395 0.1875
372 397 0.0625
372 398 0.3125
372 401 0.0625
373 376 0.78125
373 377 0.117188
373 405 0.0625
374 377 0.78125
374 378 0.15625
374 611 0.3125
375 378 0.78125
375 379 0.195312
375 570 0.5
375 611 0.625
376 379 0.78125
376 380 0.117188
376 398 0.1875
376 401 0.0625
376 405 0.125
377 380 0.78125
377 381 0.351562
377 405 0.0625
377 707 0.0625
377 708 0.125
378 381 0.820312
378 382 0.195312
378 570 0.1875
378 611 0.125
379 382 0.78125
379 383 0.664062
379 384 0.195312
379 387 0.0625
379 407 0.0625
379 570 0.25
380 383 0.0390625
380 384 0.0390625
380 405 0.1875
380 406 0.25
380 407 0.0625
380 708 0.4375
381 621 0.1875
381 708 0.1875
381 713 0.25
382 617 0.5
382 621 0.375
382 624 0.0625
383 621 0.3125
383 624 0.625
383 625 0.125
383 626 0.25
383 715 0.1875
384 407 0.0625
384 606 0.0625
384 624 0.6875
385 407 1.5
385 408 0.3125
386 407 0.0625
386 408 1.3125
386 566 0.1875
387 398 0.125
387 408 0.1875
387 409 1.25
387 566 0.375
388 391 0.375
388 410 1.1875
388 412 0.5625
388 460 0.25
388 536 0.375
388 537 0.3125
388 566 0.0625
389 392 0.125
389 394 0.1875
389 409 0.0625
389 410 0.1875
389 412 0.125
390 568 0.125
391 412 1.5
391 413 0.0625
391 414 0.125
391 416 0.0625
391 460 0.9375
391 537 0.125
391 568 0.25
392 412 1.25
392 414 0.125
393 399 0.195312
393 411 0.0625
393 412 0.1875
393 413 0.0625
393 414 0.0625
393 446 0.125
394 398 0.195312
394 399 0.273438
394 446 0.1875
395 398 0.078125
395 399 0.078125
396 399 0.742188
396 400 0.0390625
397 400 0.820312
397 401 0.195312
398 401 0.78125
398 402 0.195312
399 402 0.820312
399 403 0.195312
399 411 0.5625
399 446 0.1875
399 447 0.25
399 450 0.4375
399 452 0.0625
399 453 0.125
400 403 0.78125
400 404 0.3125
401 404 0.78125
401 405 0.195312
402 405 0.703125
402 406 0.742188
402 407 0.078125
402 409 0.125
402 452 0.375
403 450 0.5625
403 451 0.5
403 452 0.3125
405 707 0.0625
407 452 0.1875
408 452 1.25
408 454 0.0625
409 452 0.4375
409 453 1.25
409 454 1.125
409 455 0.0625
410 455 1.25
410 457 0.0625
410 566 0.125
411 443 0.4375
411 447 0.3125
411 453 0.0625
411 455 0.0625
411 456 1.4375
411 457 0.1875
412 443 0.3125
412 457 1.6875
412 458 0.0625
412 459 0.4375
412 460 0.0625
413 439 0.0625
413 440 0.0625
413 443 0.0625
413 457 0.0625
413 458 0.0625
413 459 0.0625
414 439 0.375
415 436 0.0625
415 439 0.125
415 440 0.0625
415 458 0.0625
415 459 1.1875
415 460 0.0625
415 462 0.1875
416 460 0.5625
416 461 1.4375
416 462 0.25
417 420 0.25
417 423 0.1875
417 461 1.25
417 462 0.25
418 423 0.25
418 461 0.875
420 423 0.125
420 425 0.125
420 426 0.1875
421 425 0.3125
422 425 0.25
423 461 0.375
423 462 1.5
423 463 0.0625
424 427 1.4375
424 428 0.1875
424 462 0.125
424 463 0.125
424 464 0.3125
425 429 0.0625
426 429 0.25
426 432 0.1875
426 467 0.0625
427 436 0.3125
427 462 0.25
427 464 0.0625
427 465 1.375
427 466 1.0625
427 467 0.4375
427 468 0.375
428 465 0.4375
428 466 0.125
429 432 0.859375
429 467 0.25
430 433 0.078125
430 434 0.0390625
431 434 0.078125
432 435 0.664062
432 436 0.15625
432 467 0.1875
433 436 0.820312
433 437 0.117188
433 467 0.4375
434 437 0.898438
434 438 0.078125
435 438 0.703125
435 439 0.117188
436 439 0.78125
436 440 0.0390625
436 467 0.1875
436 471 0.25
437 440 0.820312
437 441 0.195312
437 471 0.1875
438 441 0.742188
438 442 0.15625
439 442 0.664062
439 443 0.0390625
440 443 0.78125
440 444 0.078125
440 471 0.0625
440 475 0.125
441 444 0.78125
441 445 0.195312
441 474 0.75
442 445 0.742188
442 446 0.078125
443 446 0.78125
443 447 0.117188
443 456 0.0625
443 457 0.0625
444 447 0.664062
444 448 0.15625
444 456 0.25
444 474 0.0625
447 450 0.25
447 456 0.125
448 456 0.1875
448 478 0.1875
448 482 0.375
449 482 0.0625
450 453 0.1875
450 482 0.125
451 454 0.0625
453 482 0.4375
454 482 0.25
454 483 0.0625
455 483 1.25
455 485 0.125
455 498 0.0625
456 475 0.1875
456 479 0.3125
456 482 0.4375
456 483 0.0625
456 484 1.25
456 485 0.1875
457 485 1.3125
458 468 0.0625
458 475 0.0625
458 484 0.125
458 486 0.3125
458 495 0.0625
459 486 0.3125
460 502 0.0625
460 537 0.0625
461 486 0.0625
461 502 0.25
462 468 0.078125
462 486 0.3125
463 468 0.078125
463 486 0.25
463 488 1.5
463 489 0.0625
464 468 0.195312
464 469 0.234375
464 488 0.0625
464 489 0.0625
464 493 0.3125
464 494 0.125
464 495 0.0625
465 468 0.898438
465 469 0.0390625
466 469 0.820312
466 470 0.0390625
467 470 0.78125
467 471 0.15625
468 471 0.78125
468 472 0.078125
468 486 0.6875
469 472 0.742188
469 473 0.0390625
469 494 0.1875
469 495 0.0625
470 473 0.78125
470 474 0.078125
471 474 0.78125
471 475 0.117188
472 475 0.78125
472 476 0.429688
472 484 0.1875
472 495 0.3125
472 497 0.375
473 476 0.859375
473 477 0.3125
474 477 0.78125
474 478 0.46875
475 478 0.820312
475 479 0.15625
475 484 0.125
476 479 0.664062
476 480 0.0390625
476 484 0.0625
476 497 0.375
479 482 0.5
483 497 0.3125
484 496 1.3125
484 497 0.3125
485 496 0.3125
485 498 0.0625
485 500 0.125
485 536 0.0625
486 495 0.0625
486 496 0.1875
486 500 0.1875
487 490 1.1875
487 491 0.25
487 500 0.25
487 502 0.1875
487 536 0.125
488 493 0.0625
489 493 0.125
489 515 0.1875
490 515 0.0625
490 523 0.125
491 496 0.0625
491 498 0.0625
491 499 1.25
491 500 0.125
491 501 0.125
491 523 0.125
492 496 0.125
492 523 0.3125
492 531 0.4375
493 496 0.125
493 531 0.0625
496 500 0.0625
496 531 0.1875
497 531 0.25
497 532 0.0625
498 532 1.25
498 533 0.0625
498 534 0.0625
499 523 0.125
499 529 0.1875
499 531 0.125
499 532 0.3125
499 533 1.5625
499 534 0.125
500 534 0.1875
500 535 1.125
500 536 0.125
501 504 0.125
501 523 0.25
501 535 1.4375
501 536 1.125
501 537 0.0625
502 517 0.25
502 537 1.625
503 510 0.0625
503 517 0.0625
503 535 0.0625
503 537 0.4375
503 540 0.1875
503 568 0.3125
503 996 0.1875
503 999 0.3125
504 518 0.0625
504 520 0.0625
504 535 0.0625
504 552 0.3125
505 508 0.4375
505 510 0.4375
505 519 1.1875
505 520 0.125
505 552 0.0625
505 996 0.3125
505 997 0.3125
505 1000 0.125
505 1001 0.25
505 1002 0.1875
506 519 1.3125
506 520 1.125
506 521 0.1875
506 551 0.375
506 552 0.375
506 555 0.0625
507 519 0.3125
507 521 0.25
507 551 0.0625
508 518 1.0625
508 519 0.0625
509 517 1.1875
509 518 0.5625
509 519 0.125
509 522 0.375
510 516 1.3125
510 517 0.375
511 516 0.125
512 515 1.25
512 516 0.25
512 517 0.0625
516 523 0.0390625
517 523 0.117188
518 522 0.15625
518 523 0.351562
518 526 0.125
519 522 0.859375
519 523 0.078125
520 523 0.703125
520 524 0.0390625
520 533 0.125
520 562 0.1875
521 524 0.0390625
521 525 0.0390625
521 555 0.0625
521 559 0.4375
522 525 0.78125
522 526 0.078125
523 526 0.117188
523 529 0.0625
523 533 0.0625
524 529 0.1875
524 531 0.0625
524 533 0.0625
524 561 0.6875
524 562 0.1875
526 529 0.125
529 561 0.25
530 561 0.5625
531 561 0.3125
532 561 1.1875
532 563 0.0625
533 561 0.1875
533 562 1.3125
533 563 0.0625
534 563 0.25
534 564 1.375
534 565 0.125
534 566 0.0625
535 538 0.125
535 556 0.125
535 564 0.0625
535 565 1.1875
535 566 0.0625
536 566 1.25
537 566 1.1875
537 568 0.4375
538 549 0.25
538 552 0.4375
538 553 0.1875
538 556 0.0625
538 565 0.4375
538 566 0.375
538 567 1.5625
539 546 0.125
539 549 0.125
539 567 1.125
539 568 1.25
539 995 1.1875
540 545 0.1875
540 568 1.375
540 604 1.375
540 995 0.1875
540 997 0.125
540 998 0.4375
540 999 0.3125
541 545 0.0625
541 546 0.0625
541 568 0.125
541 604 1.5625
541 605 0.125
541 606 0.0625
542 545 0.0625
542 600 0.25
542 601 0.5625
542 603 0.1875
542 604 0.25
542 790 0.5625
542 998 0.1875
543 790 0.0625
543 929 0.5
544 789 0.125
544 791 0.0625
544 904 0.125
544 906 0.4375
544 909 0.1875
544 929 0.625
544 934 0.0625
544 935 0.0625
544 993 0.3125
545 616 0.0625
545 791 0.3125
545 909 0.25
545 993 0.1875
545 994 1.25
545 995 0.0625
546 549 0.625
546 616 0.125
546 909 0.125
546 993 0.125
546 994 1.1875
547 908 1.625
547 993 0.0625
547 994 0.3125
548 551 0.742188
548 552 0.0390625
548 908 0.0625
549 552 0.742188
549 553 0.234375
549 567 0.125
549 620 0.1875
549 623 0.1875
549 624 0.0625
550 553 0.78125
550 554 0.078125
550 623 0.375
551 554 0.703125
551 555 0.0390625
551 1004 0.125
551 1006 0.1875
552 555 0.78125
552 556 0.390625
552 996 0.1875
553 556 1.17188
553 557 0.234375
553 623 0.375
553 624 0.125
554 557 0.742188
554 558 0.273438
555 558 0.78125
555 559 0.117188
555 562 0.1875
556 559 0.0390625
556 562 0.25
556 563 0.0625
556 564 0.625
557 623 0.1875
557 625 0.0625
557 628 0.4375
557 641 0.5625
559 562 0.5
560 563 0.0625
568 604 1.6875
569 604 0.375
569 605 1.3125
569 606 0.0625
570 605 1.375
570 606 1.25
570 607 0.25
571 604 0.0625
571 605 0.125
571 607 1.375
571 608 0.0625
571 609 0.0625
571 611 0.1875
572 602 1.125
572 603 0.3125
572 604 0.1875
572 605 0.125
572 607 0.1875
572 608 0.1875
572 609 0.125
572 614 0.25
573 602 0.5
574 587 1.25
574 603 0.0625
574 609 0.125
575 585 0.0625
575 586 1.25
575 587 0.1875
575 592 0.1875
576 584 0.0625
576 585 1.25
577 583 0.0625
577 584 1.25
577 585 0.8125
577 587 0.125
577 591 0.1875
577 592 0.375
578 582 0.125
578 583 1.3125
578 584 0.125
578 585 0.25
579 582 0.375
579 583 0.75
585 591 0.0625
585 972 0.0625
585 974 1
586 930 0.1875
586 972 0.0625
586 973 0.0625
587 591 0.375
587 592 0.0625
588 591 0.4375
588 599 1.5
588 600 0.125
588 602 0.1875
588 603 0.1875
588 930 0.0625
588 931 0.0625
588 971 0.4375
588 972 0.6875
589 594 0.3125
589 597 0.5625
589 599 0.25
590 593 0.0625
590 594 0.5
590 597 0.1875
591 594 0.1875
591 972 0.375
594 597 0.25
598 601 0.25
599 602 0.0625
599 794 0.125
599 795 0.25
599 796 0.1875
599 797 0.1875
600 603 0.25
600 790 0.375
600 931 0.5
601 604 0.25
601 794 0.1875
601 998 0.125
603 930 0.3125
605 614 0.25
606 613 1.25
606 614 0.5
606 617 0.0625
607 612 1.3125
607 614 0.4375
607 617 0.0625
608 611 0.0625
608 612 0.375
608 613 0.125
608 614 0.625
608 928 0.25
608 973 0.125
613 617 0.078125
614 617 0.078125
614 929 0.125
615 618 0.703125
615 903 0.0625
615 904 0.3125
615 909 0.0625
615 927 0.1875
615 929 0.125
616 619 0.78125
616 620 0.0390625
617 620 0.78125
617 621 0.078125
618 621 0.78125
618 622 0.078125
618 717 0.125
618 903 0.25
618 912 0.3125
619 622 0.78125
619 623 0.117188
619 909 0.5
619 910 0.25
619 911 0.625
619 912 0.1875
620 623 0.742188
620 624 0.195312
621 624 0.742188
621 625 0.078125
621 713 0.0625
621 714 0.125
621 717 0.125
622 625 0.703125
622 717 0.4375
622 718 0.0625
622 911 0.4375
622 912 0.25
623 911 0.3125
625 628 0.0625
625 641 0.0625
625 715 0.0625
625 716 0.75
625 717 0.375
626 639 0.0625
626 640 1.25
626 641 0.125
626 642 0.6875
627 638 0.0625
627 639 1.375
627 640 0.0625
627 642 0.1875
628 637 0.0625
628 638 1.25
628 639 0.25
628 641 0.375
629 637 1.1875
629 638 0.125
629 652 0.0625
629 700 0.0625
629 718 0.0625
629 720 0.125
630 635 0.0625
630 636 1.25
630 637 0.5625
630 720 0.0625
631 635 1.375
631 636 0.0625
631 720 0.25
631 722 0.0625
632 635 0.375
634 680 0.0625
634 681 1.375
634 682 0.1875
635 680 1.3125
635 681 0.25
636 678 0.0625
636 679 1.25
636 680 0.4375
636 682 0.125
636 698 0.0625
637 677 0.25
637 678 1.1875
637 679 0.1875
638 670 0.0625
638 676 0.0625
638 677 1.25
638 678 0.1875
638 680 0.0625
639 672 0.0625
639 676 1.25
639 677 0.3125
640 672 0.0625
640 673 0.125
640 674 1.25
640 675 0.1875
640 676 0.125
641 675 0.1875
642 645 0.5625
642 674 1.3125
642 675 0.125
643 674 0.3125
643 675 0.0625
644 674 0.125
645 648 0.25
645 650 0.5
645 673 1.0625
645 674 0.3125
646 671 0.6875
646 672 1.75
646 673 0.1875
647 650 0.4375
647 670 0.3125
647 671 0.25
647 672 0.3125
649 702 0.4375
649 703 0.5
649 704 0.625
649 706 0.0625
650 669 1.0625
650 670 0.1875
650 700 0.125
650 701 1.1875
650 703 0.0625
651 668 1.3125
651 699 0.0625
651 700 1.25
651 701 0.25
651 703 0.0625
652 667 1.3125
652 668 0.3125
652 680 0.0625
652 699 1.3125
653 666 1.4375
653 667 0.125
653 697 0.0625
653 698 1.25
653 699 0.25
654 664 0.25
654 665 2.375
654 666 0.875
654 682 0.1875
654 683 0.125
654 697 1.1875
654 698 0.0625
655 662 0.1875
655 663 0.0625
655 664 1.375
655 665 0.0625
655 695 0.0625
655 696 1.25
655 697 0.1875
656 662 1.1875
656 663 1.25
656 664 0.125
656 694 0.0625
656 695 1.3125
656 696 0.0625
657 660 0.125
657 661 1.4375
657 662 0.0625
657 693 0.0625
657 694 1.25
657 695 0.125
658 661 0.4375
658 690 0.0625
658 691 0.0625
658 692 0.25
658 693 1.3125
658 694 0.0625
659 692 0.375
659 693 0.25
659 898 0.1875
660 916 0.125
663 686 0.125
664 685 0.0625
668 680 0.125
669 678 0.0625
670 678 0.375
670 680 0.0625
671 678 0.25
672 676 0.1875
672 677 0.125
672 678 0.0625
673 676 0.125
682 685 0.0625
690 725 0.125
691 725 1.375
691 726 0.0625
691 727 0.125
692 724 1.3125
692 725 0.3125
693 721 0.375
693 722 0.125
693 723 1.375
693 724 0.5
694 721 1.25
694 722 0.25
694 723 0.25
695 719 0.1875
695 720 1.3125
695 721 0.625
695 915 0.9375
696 718 0.0625
696 719 1.3125
696 720 0.3125
696 722 0.1875
697 718 1.25
697 719 0.1875
698 717 1.25
698 718 0.1875
698 720 0.0625
699 716 1.3125
699 717 0.0625
700 714 1.25
700 715 1.25
700 716 0.1875
701 712 0.1875
701 713 1.1875
702 708 0.3125
702 709 0.125
702 711 1.25
702 712 1.1875
702 713 0.4375
702 715 0.0625
703 711 1.1875
704 710 0.0625
704 711 0.125
705 709 1.3125
705 710 0.1875
706 709 0.5625
708 713 0.0625
709 713 0.125
710 713 0.125
717 912 0.25
717 914 0.125
719 914 0.6875
719 915 0.1875
734 860 0.375
736 751 0.0625
736 860 0.1875
737 751 0.1875
738 749 0.0625
738 750 1.3125
738 751 0.125
738 832 0.0625
738 834 0.0625
738 858 0.0625
738 859 0.4375
738 860 0.0625
739 748 0.0625
739 749 1.3125
739 750 0.1875
740 748 1.25
740 827 0.0625
741 747 1.1875
741 748 0.1875
742 746 1.1875
742 747 0.1875
742 760 0.0625
743 746 0.375
743 760 0.25
744 760 0.1875
745 759 1.5
745 760 0.4375
745 761 0.125
746 757 0.4375
746 758 1.5
746 759 0.125
746 760 0.375
747 756 0.0625
747 757 1.25
747 758 0.3125
747 760 0.8125
747 825 0.125
747 826 0.25
747 827 0.375
748 756 1.25
748 757 0.0625
749 755 1.3125
749 756 0.375
749 758 0.125
749 834 0.0625
750 754 1.3125
750 755 0.1875
751 754 0.375
751 756 0.0625
751 859 0.0625
751 860 0.25
751 861 0.125
751 862 0.0625
753 769 0.0625
753 770 1.4375
753 771 0.1875
754 769 1.1875
754 1022 0.0625
755 768 1.3125
755 769 1
755 771 0.0625
755 772 0.125
756 765 0.125
756 767 1.1875
756 768 0.1875
756 858 0.5625
756 862 0.125
756 864 0.125
757 765 1.25
757 766 1.3125
757 767 0.25
757 769 0.0625
758 764 1.25
758 765 0.25
758 766 0.0625
758 836 0.125
758 856 0.4375
759 762 1.5625
759 763 1.1875
759 764 0.125
760 822 0.0625
761 822 0.125
762 822 0.0625
762 840 0.25
763 822 0.125
763 838 0.125
763 840 0.375
764 780 0.1875
764 781 0.5625
764 782 0.0625
764 840 0.375
764 854 0.0625
765 768 0.1875
765 779 1.25
765 864 0.0625
766 776 0.1875
766 779 0.0625
767 774 0.5625
767 775 0.25
767 776 0.5
768 773 0.0625
768 774 1.25
768 775 0.25
768 864 0.0625
768 1020 0.3125
769 772 0.125
769 773 1.375
769 774 0.1875
769 775 0.0625
770 773 0.625
770 775 0.3125
770 1022 0.25
774 889 0.0625
775 888 1.25
775 889 0.1875
775 948 0.0625
775 949 0.125
776 887 1.25
777 887 1.4375
777 888 0.0625
777 889 0.125
777 980 0.375
777 981 0.0625
778 886 1.3125
778 887 0.375
778 983 0.1875
779 885 0.0625
779 886 0.125
780 884 0.0625
780 885 1.25
780 886 0.125
781 884 1.375
781 885 0.1875
782 842 0.3125
782 852 0.375
782 854 0.375
782 883 1.3125
782 884 0.125
783 881 0.5
783 882 1.1875
783 883 0.25
783 885 0.3125
783 964 0.125
783 985 0.3125
784 842 0.375
784 850 0.5
784 870 0.0625
784 879 1.125
784 880 1.0625
784 881 0.4375
785 815 0.1875
785 816 0.25
785 880 0.0625
785 881 0.5
786 789 0.125
786 792 0.625
786 810 0.0625
786 816 0.25
786 880 0.25
786 881 0.125
786 934 0.0625
786 964 0.25
786 990 0.1875
786 991 0.125
786 992 0.1875
787 933 1.3125
787 934 0.125
787 964 0.125
787 967 0.125
787 968 0.125
788 792 0.273438
788 793 0.078125
788 807 0.125
788 816 0.0625
788 931 0.0625
788 933 0.125
788 968 0.0625
789 792 0.9375
789 793 0.117188
789 933 0.1875
789 934 0.125
789 993 0.1875
790 793 0.78125
790 794 0.0390625
790 931 0.25
791 993 0.1875
791 994 0.1875
791 995 0.125
791 997 0.0625
791 998 0.25
792 805 1.1875
792 806 1.3125
792 807 0.1875
792 810 0.375
793 796 0.1875
793 805 0.0625
793 807 0.0625
793 931 0.125
794 998 0.125
795 999 0.0625
796 800 1.25
796 801 0.375
796 802 0.125
796 808 0.3125
797 800 1.5625
797 801 0.25
801 808 0.15625
802 805 0.125
802 808 0.117188
803 808 0.0390625
803 809 0.117188
804 809 0.625
804 1001 0.1875
805 808 0.78125
805 809 0.117188
806 809 0.78125
806 810 0.507812
806 877 0.0625
806 878 0.0625
806 991 0.375
806 1001 0.0625
806 1008 0.1875
807 810 0.859375
807 811 0.15625
808 811 1.01562
808 812 0.078125
809 812 0.703125
809 813 0.078125
809 877 0.1875
810 813 0.78125
810 814 0.742188
810 815 0.195312
810 816 0.078125
810 878 0.25
810 879 0.25
810 880 0.1875
810 991 0.125
811 814 0.0390625
811 816 0.0390625
813 844 0.25
813 849 0.125
813 876 0.0625
813 877 0.125
814 817 1.1875
814 818 0.125
814 844 0.3125
815 849 0.0625
815 850 0.3125
815 876 0.3125
815 877 0.125
816 968 0.25
817 844 0.1875
818 842 0.1875
818 843 1.1875
818 849 0.0625
819 841 0.0625
819 842 1.3125
820 841 1.25
820 842 0.375
821 840 1.25
821 841 0.25
822 839 1.3125
822 840 0.25
823 839 1.3125
824 837 1.1875
824 838 1.3125
824 839 0.0625
825 837 1.1875
826 835 0.0625
826 836 1.4375
826 837 0.375
827 835 1.25
827 836 0.125
828 834 1.3125
828 835 0.25
829 833 1.3125
830 833 0.375
830 835 0.0625
830 857 0.1875
832 857 0.375
832 859 1.25
833 857 0.25
833 858 1.25
834 856 0.0625
834 857 1.1875
834 858 0.125
835 855 0.0625
835 856 1.3125
836 855 1.3125
836 856 0.25
837 854 1.25
837 855 0.0625
838 852 0.0625
838 853 1.3125
838 854 0.25
838 856 0.0625
839 852 1.25
840 851 1.3125
840 852 0.1875
840 854 0.0625
841 850 1.1875
842 848 1.25
842 849 1.25
842 850 0.3125
842 851 0.0625
842 852 0.125
843 846 0.0625
843 847 1.4375
843 848 0.25
844 847 0.25
844 849 0.0625
847 873 0.125
847 875 0.25
848 851 0.0625
848 873 0.0625
849 871 0.0625
849 872 1.1875
849 873 0.125
849 876 0.0625
850 871 1.3125
850 872 0.0625
851 869 0.0625
851 870 1.375
851 871 0.25
852 868 0.0625
852 869 1.1875
853 867 0.0625
853 868 1.1875
853 869 0.25
853 871 0.3125
854 867 1.3125
854 868 0.0625
854 884 0.0625
855 865 0.0625
855 866 1.25
855 867 0.25
856 864 0.0625
856 865 1.25
856 866 0.0625
857 863 0.0625
857 864 1.25
857 865 0.25
858 863 1.1875
858 864 0.125
859 862 0.125
859 863 0.0625
863 952 0.0625
863 1019 0.0625
863 1020 1.1875
863 1021 0.25
864 1018 0.0625
864 1019 1.3125
864 1020 0.4375
865 1018 1.25
866 1017 1.3125
866 1018 0.3125
867 1015 0.0625
867 1016 1.1875
867 1017 0.0625
868 1014 0.0625
868 1015 1.25
868 1016 0.875
869 1014 1.25
869 1015 0.5
870 882 0.0625
870 1012 0.0625
870 1013 1.1875
870 1014 0.1875
871 1012 1.25
872 876 0.0625
872 879 0.0625
872 1012 0.25
873 876 0.1875
878 1008 0.25
878 1009 0.25
878 1010 0.5
879 991 0.0625
879 1009 0.25
880 990 1.3125
880 991 0.1875
881 934 0.25
881 958 0.0625
881 964 0.125
881 985 0.0625
881 987 0.6875
881 989 1.3125
881 990 0.25
881 1009 0.125
882 987 1.1875
882 988 1.1875
882 989 0.125
882 1014 0.1875
882 1016 0.1875
883 986 1.25
883 987 0.125
883 1016 0.3125
884 985 1.1875
884 986 0.3125
884 1016 0.125
884 1018 0.0625
885 983 0.125
885 984 1.25
885 985 0.1875
886 982 0.0625
886 983 1.5
886 984 0.125
887 979 0.125
887 980 0.25
887 982 1.25
887 983 1
888 946 0.0625
888 981 1.1875
888 982 0.25
889 981 0.0625
890 946 0.125
890 947 0.125
890 948 0.1875
890 981 1.1875
890 982 0.1875
891 946 0.3125
891 961 0.25
891 980 0.0625
891 981 0.1875
891 982 0.125
892 922 0.125
892 946 0.4375
893 921 1.25
893 922 0.125
894 919 0.5
894 920 1.75
894 921 0.25
894 946 0.125
895 918 0.0625
895 919 1.1875
895 920 0.125
895 922 0.0625
895 925 0.125
895 944 0.0625
895 945 1.125
895 946 0.125
895 959 0.0625
896 917 0.3125
896 918 1.375
896 919 0.3125
896 944 1.3125
896 945 0.5
897 900 0.25
897 902 0.1875
897 916 0.0625
897 917 1.25
897 918 0.8125
897 920 0.1875
897 925 0.25
897 938 0.375
897 941 0.0625
897 943 1.3125
897 957 0.1875
898 915 0.1875
898 916 1.375
898 941 1.3125
898 942 1.125
898 943 0.1875
899 914 0.0625
899 915 1.4375
899 916 0.0625
899 918 0.125
899 939 1.0625
899 940 1.125
899 941 0.125
900 905 0.375
900 910 0.0625
900 913 0.1875
900 914 1.375
900 915 0.125
900 918 0.25
900 938 0.125
900 939 0.3125
901 913 1.25
901 914 0.25
901 918 0.75
902 918 0.25
902 920 0.0625
902 938 0.25
903 938 0.625
904 909 0.273438
904 927 0.3125
904 929 0.375
904 935 0.375
904 936 0.125
904 937 1.3125
904 938 0.1875
905 909 0.820312
905 910 0.117188
905 913 0.125
905 937 1.375
905 938 1.625
905 939 0.25
906 909 0.78125
906 910 0.15625
906 934 0.5625
906 935 0.25
906 936 0.1875
906 937 0.4375
906 939 0.1875
906 990 0.125
906 993 0.1875
907 910 0.117188
907 939 0.0625
907 990 0.0625
907 1007 0.5
908 992 0.5625
908 993 0.3125
908 994 0.0625
908 1007 0.375
909 993 0.0625
910 913 0.1875
910 939 0.0625
914 918 0.1875
915 918 0.0625
915 940 0.125
915 942 0.125
917 943 0.375
917 945 0.0625
920 924 0.0625
920 925 0.0625
920 938 0.0625
921 924 1.375
921 925 0.0625
922 925 1.25
922 946 0.0625
922 961 0.0625
923 926 0.1875
924 938 0.125
925 936 0.0625
925 938 0.5
925 957 0.125
925 959 0.1875
926 935 0.4375
926 962 0.5
926 973 0.0625
926 976 0.0625
927 935 0.3125
928 973 0.4375
929 935 0.125
929 973 0.125
930 971 0.0625
930 972 1.1875
930 973 0.1875
931 971 0.125
932 967 0.1875
932 970 0.1875
932 971 0.25
932 972 0.3125
932 973 0.0625
933 967 0.125
934 937 0.125
934 958 0.1875
934 964 0.25
934 990 0.125
935 958 0.1875
935 967 0.125
936 957 0.0625
936 958 0.1875
937 956 0.1875
937 957 1.5625
937 958 0.0625
937 987 0.0625
937 990 0.1875
938 941 0.0625
938 956 1.25
938 957 0.3125
939 955 1.125
939 956 0.3125
940 955 1.125
941 953 1.1875
941 954 1.1875
941 955 0.625
941 957 0.375
942 952 1.3125
942 953 0.5
942 954 0.1875
943 950 0.375
943 951 1.25
944 949 0.0625
944 950 1.3125
944 951 0.5
944 955 0.0625
944 957 0.25
944 984 0.0625
945 949 1.25
945 950 0.375
946 949 0.3125
946 951 0.0625
946 959 0.1875
946 982 0.5625
948 1022 1.4375
948 1023 0.125
949 1020 0.4375
949 1021 1.1875
950 1019 0.0625
950 1020 1.25
950 1021 0.4375
950 1023 0.1875
951 955 0.125
951 984 0.1875
951 1019 1.1875
951 1020 0.8125
952 955 0.1875
952 1018 1.1875
952 1019 0.125
952 1021 0.0625
953 1017 0.0625
955 986 0.25
955 987 1.3125
955 1018 0.125
956 986 1.25
956 987 0.4375
956 988 0.125
957 985 1.25
958 983 0.0625
958 984 1.25
958 985 0.4375
959 982 0.125
959 983 1.25
960 982 1.3125
960 983 0.25
961 978 1.375
961 979 0.4375
961 981 0.25
962 966 0.0390625
962 976 0.0625
962 977 0.25
962 978 0.0625
962 979 0.1875
962 983 0.25
963 966 0.859375
963 967 0.15625
963 979 0.4375
963 983 0.5
964 967 0.820312
964 968 0.195312
964 985 0.1875
965 968 0.78125
965 969 0.507812
966 969 0.78125
966 970 0.195312
966 976 0.5
966 977 0.8125
966 979 0.3125
967 970 0.0390625
970 975 0.0625
970 976 0.1875
972 975 1.1875
973 976 0.1875
979 983 0.4375
986 1018 0.125
987 990 0.25
988 1016 0.25
989 1009 0.25
989 1014 0.6875
989 1015 0.1875
990 1009 0.0625
991 1003 0.125
991 1007 1.3125
992 1003 0.25
992 1007 0.125
993 1003 0.125
994 1002 0.3125
994 1003 0.0625
995 1002 0.1875
997 1000 0.4375
997 1002 0.125
1003 1007 0.1875
1003 1008 0.125
1004 1007 1.25
1004 1008 0.25
1005 1008 0.25
1009 1014 0.375
1010 1014 0.3125
1011 1014 0.375
