L	Ls	nvertices	F_L	F_L_constrained	rho_sum	nloops	regions
  1	  0	  0	           0	           0	           0	 0	[(0, 1)]
  2	  0	  0	           0	           0	           0	 0	[(0, 2)]
  3	  0	  0	           0	           0	           0	 0	[(0, 3)]
  4	  0	  0	           0	           0	           0	 0	[(0, 4)]
  5	  0	  2	   -0.279674	   -0.279674	    0.288063	 0	[(0, 5)]
  6	  0	  2	   -0.279674	   -0.279674	    0.288063	 0	[(0, 6)]
  7	  0	  2	   -0.279674	   -0.279674	    0.288063	 0	[(0, 7)]
  8	  0	  2	   -0.279674	   -0.279674	    0.288063	 0	[(0, 8)]
  9	  0	  4	   -0.460025	   -0.460025	    0.577425	 0	[(0, 9)]
 10	  0	  6	   -0.460025	    0.985651	     3.13521	 0	[(0, 10)]
 11	  0	  6	   -0.460025	    0.985651	     3.13521	 0	[(0, 11)]
 12	  0	  6	   -0.460025	    0.985651	     3.13521	 0	[(0, 12)]
 13	  0	  6	   -0.460025	    0.985651	     3.13521	 0	[(0, 13)]
 14	  0	  8	   -0.505477	   -0.505477	    0.529607	 0	[(0, 14)]
 15	  0	 10	    -0.50595	    -0.50595	    0.533673	 0	[(0, 15)]
 16	  0	 10	    -0.50595	    -0.50595	    0.533673	 0	[(0, 16)]
 17	  0	 11	   -0.665235	   -0.665235	    0.728082	 0	[(0, 17)]
 18	  0	 12	   -0.665235	     1.86076	      6.6232	 0	[(0, 18)]
 19	  0	 13	   -0.665235	     2.49541	     7.07218	 0	[(0, 19)]
 20	  0	 14	   -0.665235	      2.8297	     7.17749	 0	[(0, 20)]
 21	  0	 15	   -0.665235	     2.84777	     7.30964	 0	[(0, 21)]
 22	  0	 16	   -0.665235	     1.48894	     4.59087	 0	[(0, 22)]
 23	  0	 17	   -0.665235	     3.78172	     12.0276	 0	[(0, 23)]
 24	  0	 18	   -0.665235	     3.67568	     13.2142	 0	[(0, 24)]
 25	  0	 19	   -0.665235	     3.49895	     14.2436	 0	[(0, 25)]
 26	  0	 20	   -0.665235	     3.24722	     15.2394	 0	[(0, 26)]
 27	  0	 21	   -0.665235	     2.72392	     16.4908	 0	[(0, 27)]
 28	  0	 22	   -0.665235	     2.57705	     17.4351	 0	[(0, 28)]
 29	  0	 23	   -0.665235	     2.30671	     18.4406	 0	[(0, 29)]
 30	  0	 25	   -0.665235	     3.68531	     20.5725	 0	[(0, 30)]
 31	  0	 26	   -0.665235	      3.5677	     21.5062	 0	[(0, 31)]
 32	  0	 27	   -0.665235	     3.72267	     22.1319	 0	[(0, 32)]
 33	  0	 28	   -0.665235	     4.13671	      21.885	 0	[(0, 33)]
 34	  0	 28	   -0.665235	     4.13671	      21.885	 0	[(0, 34)]
 35	  0	 29	   -0.665235	     3.76623	     22.1714	 0	[(0, 35)]
 36	 18	 17	   -0.665235	     4.74209	     12.4981	 0	[(18, 36)]
 37	 18	 17	   -0.665235	     4.74209	     12.4981	 0	[(18, 37)]
 38	 18	 17	   -0.665235	     4.74209	     12.4981	 0	[(18, 38)]
 39	 18	 17	   -0.665235	     4.74209	     12.4981	 0	[(18, 39)]
 40	 18	 18	   -0.665235	      4.5885	     12.6564	 0	[(18, 40)]
 41	 18	 18	   -0.665235	      4.5885	     12.6564	 0	[(18, 41)]
 42	 18	 18	   -0.665235	      4.5885	     12.6564	 0	[(18, 42)]
 43	 18	 18	   -0.665235	      4.5885	     12.6564	 0	[(18, 43)]
 44	 18	 18	   -0.665235	      4.5885	     12.6564	 0	[(18, 44)]
 45	 41	  3	   -0.665235	      3.9123	    0.278347	 1	[(41, 45)]
 46	 41	  5	   -0.665235	   -0.244923	    0.261565	 0	[(41, 46)]
 47	 18	 25	   -0.665235	     4.56068	     12.6905	 0	[(18, 47)]
 48	 41	  8	   -0.665235	     5.60905	     6.16721	 0	[(41, 48)]
 49	 41	  9	   -0.665235	     5.58475	     6.59837	 0	[(41, 49)]
 50	 41	 10	   -0.665235	     5.29453	      6.9216	 0	[(41, 50)]
 51	 41	 11	   -0.665235	     4.99025	     7.17958	 0	[(41, 51)]
 52	 41	 12	   -0.665235	      4.7774	      7.2688	 0	[(41, 52)]
 53	 41	 13	   -0.665235	     4.98703	     7.58882	 0	[(41, 53)]
 54	 41	 14	   -0.665235	     4.19697	     9.28536	 0	[(41, 54)]
 55	 41	 15	   -0.665235	     4.65272	     9.54081	 0	[(41, 55)]
 56	 41	 16	   -0.665235	     5.01542	     8.66436	 0	[(41, 56)]
 57	 41	 17	   -0.665235	     5.04598	     8.18171	 0	[(41, 57)]
 58	 41	 17	   -0.665235	     5.04598	     8.18171	 0	[(41, 58)]
 59	 41	 17	   -0.665235	     5.04598	     8.18171	 0	[(41, 59)]
 60	 56	  3	   -0.665235	     3.90555	    0.288207	 1	[(56, 60)]
 61	 56	  5	   -0.665235	     2.35609	    0.263978	 1	[(56, 61)]
 62	 56	  7	   -0.665235	     5.01134	     5.62291	 0	[(56, 62)]
 63	 56	  8	   -0.665235	     4.84362	     6.03602	 0	[(56, 63)]
 64	 56	  9	   -0.665235	     4.79987	     6.48496	 0	[(56, 64)]
 65	 56	 10	   -0.665235	     4.33742	     7.69068	 0	[(56, 65)]
 66	 56	 11	   -0.665235	     4.15719	     8.78136	 0	[(56, 66)]
 67	 56	 12	   -0.665235	     4.20971	     9.62111	 0	[(56, 67)]
 68	 56	 13	   -0.665235	     4.10505	     10.5231	 0	[(56, 68)]
 69	 56	 14	   -0.665235	     4.03539	     11.5033	 0	[(56, 69)]
 70	 56	 15	   -0.665235	     4.04769	     12.4923	 0	[(56, 70)]
 71	 56	 16	   -0.665235	     4.08933	      13.386	 0	[(56, 71)]
 72	 56	 17	   -0.665235	     3.87475	     14.5447	 0	[(56, 72)]
 73	 56	 18	   -0.665235	     3.85175	      15.508	 0	[(56, 73)]
 74	 56	 19	   -0.665235	     3.73381	      16.548	 0	[(56, 74)]
 75	 56	 20	   -0.665235	     3.52021	     17.5872	 0	[(56, 75)]
 76	 56	 21	   -0.665235	     3.61872	     18.2526	 0	[(56, 76)]
 77	 56	 22	   -0.665235	     4.04128	     17.7899	 0	[(56, 77)]
 78	 56	 23	   -0.665235	     4.11162	     17.2891	 0	[(56, 78)]
 79	 56	 24	   -0.665235	     4.10351	     17.2047	 0	[(56, 79)]
 80	 56	 24	   -0.665235	     4.10351	     17.2047	 0	[(56, 80)]
 81	 56	 25	   -0.665235	     3.97263	     17.3367	 0	[(56, 81)]
 82	 56	 25	   -0.665235	     3.97263	     17.3367	 0	[(56, 82)]
 83	 56	 25	   -0.665235	     3.97263	     17.3367	 0	[(56, 83)]
 84	 77	  4	   -0.665235	     7.81968	    0.510803	 2	[(77, 84)]
 85	 77	  7	   -0.665235	     4.12065	    0.303831	 1	[(77, 85)]
 86	 77	  8	   -0.665235	     6.93148	     5.95377	 1	[(77, 86)]
 87	 77	  8	   -0.665235	     6.93148	     5.95377	 1	[(77, 87)]
 88	 77	  8	   -0.665235	     6.93148	     5.95377	 1	[(77, 88)]
 89	 77	  8	   -0.665235	     6.93148	     5.95377	 1	[(77, 89)]
 90	 77	  8	   -0.665235	     6.93148	     5.95377	 1	[(77, 90)]
 91	 77	  8	   -0.665235	     6.93148	     5.95377	 1	[(77, 91)]
 92	 77	  8	   -0.665235	     6.93148	     5.95377	 1	[(77, 92)]
 93	 77	  8	   -0.665235	     6.93148	     5.95377	 1	[(77, 93)]
 94	 77	  8	   -0.665235	     6.93148	     5.95377	 1	[(77, 94)]
 95	 77	  8	   -0.665235	     6.93148	     5.95377	 1	[(77, 95)]
 96	 77	  8	   -0.665235	     6.93148	     5.95377	 1	[(77, 96)]
 97	 77	  8	   -0.665235	     6.93148	     5.95377	 1	[(77, 97)]
 98	 77	  8	   -0.665235	     6.93148	     5.95377	 1	[(77, 98)]
 99	 77	  8	   -0.665235	     6.93148	     5.95377	 1	[(77, 99)]
100	 77	  8	   -0.665235	     6.93148	     5.95377	 1	[(77, 100)]
101	 77	 10	   -0.665235	     6.61951	     6.31963	 1	[(77, 101)]
102	 87	  5	   -0.665235	     5.74999	    0.451958	 1	[(87, 102)]
103	 87	  8	   -0.665235	     5.95486	    0.407776	 1	[(87, 103)]
104	 87	  9	   -0.665235	     9.79252	     5.99313	 1	[(87, 104)]
105	 87	 11	   -0.665235	     10.6117	     6.77667	 1	[(87, 105)]
106	 87	 13	   -0.665235	     11.7863	     7.95309	 1	[(87, 106)]
107	 87	 14	   -0.665235	      11.449	     8.88522	 1	[(87, 107)]
108	 87	 16	   -0.665235	     11.9345	     10.6922	 1	[(87, 108)]
109	 87	 17	   -0.665235	     12.5971	     10.9417	 1	[(87, 109)]
110	 87	 18	   -0.665235	     12.8937	     10.7557	 1	[(87, 110)]
111	 87	 18	   -0.665235	     12.8937	     10.7557	 1	[(87, 111)]
112	 87	 18	   -0.665235	     12.8937	     10.7557	 1	[(87, 112)]
113	 87	 18	   -0.665235	     12.8937	     10.7557	 1	[(87, 113)]
114	110	  3	   -0.665235	     3.90988	    0.280428	 1	[(110, 114)]
115	110	  5	   -0.665235	      2.3962	    0.252932	 1	[(110, 115)]
116	110	  7	   -0.665235	   -0.159543	    0.164551	 0	[(110, 116)]
117	110	  8	   -0.665235	     6.46887	     6.32689	 0	[(110, 117)]
118	110	  9	   -0.665235	     6.26712	     6.48234	 0	[(110, 118)]
119	110	 10	   -0.665235	     6.02304	     6.62422	 0	[(110, 119)]
120	110	 11	   -0.665235	      5.8441	     6.89685	 0	[(110, 120)]
121	110	 12	   -0.665235	     5.68888	     7.11374	 0	[(110, 121)]
122	110	 13	   -0.665235	     5.28051	     7.29372	 0	[(110, 122)]
123	110	 14	   -0.665235	     5.30197	     7.65153	 0	[(110, 123)]
124	110	 14	   -0.665235	     5.30197	     7.65153	 0	[(110, 124)]
125	110	 15	   -0.665235	     7.29728	     7.79461	 1	[(110, 125)]
126	110	 15	   -0.665235	     7.29728	     7.79461	 1	[(110, 126)]
127	124	  2	   -0.665235	     3.70567	     0.32072	 1	[(124, 127)]
128	124	  4	   -0.665235	       2.244	     0.29304	 1	[(124, 128)]
129	124	  6	   -0.665235	     4.71201	     5.28029	 0	[(124, 129)]
130	124	  7	   -0.665235	     4.69734	     5.80738	 0	[(124, 130)]
131	124	  8	   -0.665235	     4.53219	     6.30729	 0	[(124, 131)]
132	124	  9	   -0.665235	      4.6623	     6.83452	 0	[(124, 132)]
133	124	 10	   -0.665235	     4.54004	     8.39417	 0	[(124, 133)]
134	124	 11	   -0.665235	     4.07251	     9.62144	 0	[(124, 134)]
135	124	 12	   -0.665235	     4.07529	     10.5293	 0	[(124, 135)]
136	124	 13	   -0.665235	      3.7296	     11.5877	 0	[(124, 136)]
137	124	 14	   -0.665235	     3.64987	     12.4694	 0	[(124, 137)]
138	124	 15	   -0.665235	     3.67945	     13.3393	 0	[(124, 138)]
139	124	 16	   -0.665235	     3.54371	     14.3298	 0	[(124, 139)]
140	124	 17	   -0.665235	     3.47882	      15.333	 0	[(124, 140)]
141	124	 18	   -0.665235	     3.52632	     16.2484	 0	[(124, 141)]
142	124	 19	   -0.665235	     3.56787	     17.1247	 0	[(124, 142)]
143	124	 20	   -0.665235	     1.73685	     18.7129	 0	[(124, 143)]
144	124	 21	   -0.665235	    0.342113	     19.8755	 0	[(124, 144)]
145	124	 22	   -0.665235	    0.374017	     20.5782	 0	[(124, 145)]
146	124	 23	   -0.665235	    0.962206	     20.6619	 0	[(124, 146)]
147	124	 23	   -0.665235	    0.962206	     20.6619	 0	[(124, 147)]
148	124	 24	   -0.665235	     3.12258	     20.9875	 1	[(124, 148)]
149	124	 24	   -0.665235	     3.12258	     20.9875	 1	[(124, 149)]
150	124	 26	   -0.665235	      3.1474	     20.6125	 1	[(124, 150)]
151	146	  5	   -0.665235	     2.35185	    0.264576	 1	[(146, 151)]
152	146	  7	   -0.665235	   -0.160138	     0.16587	 0	[(146, 152)]
153	124	 30	   -0.665235	     4.20656	     26.5279	 0	[(124, 153)]
154	124	 31	   -0.665235	     4.23487	     27.3715	 0	[(124, 154)]
155	124	 32	   -0.665235	     4.20446	     28.8166	 0	[(124, 155)]
156	124	 33	   -0.665235	     3.99043	      30.062	 0	[(124, 156)]
157	124	 34	   -0.665235	     4.01909	     30.9876	 0	[(124, 157)]
158	124	 35	   -0.665235	     4.04999	     31.8615	 0	[(124, 158)]
159	124	 36	   -0.665235	     4.08424	     32.7132	 0	[(124, 159)]
160	124	 37	   -0.665235	     4.11769	     33.7079	 0	[(124, 160)]
161	124	 38	   -0.665235	     3.98799	     34.9016	 0	[(124, 161)]
162	124	 39	   -0.665235	     4.03207	     35.8374	 0	[(124, 162)]
163	124	 40	   -0.665235	     4.11579	     36.5362	 0	[(124, 163)]
164	124	 41	   -0.665235	     4.42863	     35.8337	 0	[(124, 164)]
165	124	 42	   -0.665235	     4.49769	      34.363	 0	[(124, 165)]
166	124	 43	   -0.665235	     4.46966	     34.3038	 0	[(124, 166)]
167	124	 44	   -0.665235	     4.42311	     34.3254	 0	[(124, 167)]
168	124	 44	   -0.665235	     4.42311	     34.3254	 0	[(124, 168)]
169	124	 45	   -0.665235	     4.28904	     34.4663	 0	[(124, 169)]
170	124	 46	   -0.665235	     8.45435	     34.4627	 1	[(124, 170)]
171	124	 47	   -0.665235	      8.8165	     34.4677	 1	[(124, 171)]
172	124	 48	   -0.665235	     9.16026	     34.5448	 1	[(124, 172)]
173	124	 48	   -0.665235	     9.16026	     34.5448	 1	[(124, 173)]
174	170	  3	   -0.665235	     3.90094	    0.296706	 1	[(170, 174)]
175	170	  5	   -0.665235	     2.37542	     0.26897	 1	[(170, 175)]
176	170	  7	   -0.665235	     5.27905	     5.75025	 0	[(170, 176)]
177	170	  8	   -0.665235	       5.195	     6.21944	 0	[(170, 177)]
178	170	  9	   -0.665235	     5.21824	     6.72997	 0	[(170, 178)]
179	170	 10	   -0.665235	     5.34685	     7.26308	 0	[(170, 179)]
180	170	 11	   -0.665235	     5.48529	     7.78832	 0	[(170, 180)]
181	170	 12	   -0.665235	     5.56365	     8.42793	 0	[(170, 181)]
182	170	 13	   -0.665235	     5.16414	     10.2781	 0	[(170, 182)]
183	124	 59	   -0.665235	     4.72997	     49.5565	 1	[(124, 183)]
184	124	 60	   -0.665235	     4.59476	     50.3808	 1	[(124, 184)]
185	124	 61	   -0.665235	     3.77008	      51.481	 1	[(124, 185)]
186	124	 62	   -0.665235	     3.55329	     52.4056	 1	[(124, 186)]
187	124	 63	   -0.665235	     3.49148	     53.2911	 1	[(124, 187)]
188	124	 64	   -0.665235	      3.3578	     54.1718	 1	[(124, 188)]
189	124	 65	   -0.665235	     3.32898	     55.0843	 1	[(124, 189)]
190	124	 66	   -0.665235	     2.68665	     56.3833	 1	[(124, 190)]
191	124	 67	   -0.665235	     2.87369	     57.0219	 1	[(124, 191)]
192	124	 68	   -0.665235	     3.28369	      56.977	 1	[(124, 192)]
193	124	 69	   -0.665235	     2.89489	     57.8861	 1	[(124, 193)]
194	124	 70	   -0.665235	     3.18649	     57.1311	 1	[(124, 194)]
195	124	 71	   -0.665235	     3.02109	     57.2195	 1	[(124, 195)]
196	124	 72	   -0.665235	     3.11015	     57.0725	 1	[(124, 196)]
197	124	 73	   -0.665235	     3.12979	     57.0273	 1	[(124, 197)]
198	124	 73	   -0.665235	     3.12979	     57.0273	 1	[(124, 198)]
199	124	 73	   -0.665235	     3.12979	     57.0273	 1	[(124, 199)]
200	124	 73	   -0.665235	     3.12979	     57.0273	 1	[(124, 200)]
201	198	  2	   -0.665235	       3.712	    0.306159	 1	[(198, 201)]
202	198	  4	   -0.665235	     2.24817	    0.294081	 1	[(198, 202)]
203	198	  6	   -0.665235	     4.65794	      5.2683	 0	[(198, 203)]
204	198	  7	   -0.665235	      4.7108	     5.80055	 0	[(198, 204)]
205	198	  8	   -0.665235	     4.87591	     6.32896	 0	[(198, 205)]
206	198	  9	   -0.665235	     5.01914	      6.9049	 0	[(198, 206)]
207	198	 10	   -0.665235	     5.12759	     7.51293	 0	[(198, 207)]
208	198	 11	   -0.665235	      5.1761	     9.05188	 0	[(198, 208)]
209	198	 12	   -0.665235	     5.25372	     10.0921	 0	[(198, 209)]
210	198	 13	   -0.665235	      5.2732	     11.1087	 0	[(198, 210)]
211	198	 14	   -0.665235	     5.23272	     12.1652	 0	[(198, 211)]
212	198	 15	   -0.665235	     5.19124	     13.2203	 0	[(198, 212)]
213	198	 16	   -0.665235	     5.23637	     14.1375	 0	[(198, 213)]
214	198	 17	   -0.665235	     5.69858	     12.8462	 0	[(198, 214)]
215	198	 18	   -0.665235	     5.70709	      12.073	 0	[(198, 215)]
216	198	 19	   -0.665235	     5.69508	     11.7563	 0	[(198, 216)]
217	198	 19	   -0.665235	     5.69508	     11.7563	 0	[(198, 217)]
218	198	 19	   -0.665235	     5.69508	     11.7563	 0	[(198, 218)]
219	213	  4	   -0.665235	     5.94235	    0.444837	 2	[(213, 219)]
220	213	  7	   -0.665235	     2.18373	    0.280596	 1	[(213, 220)]
221	213	  9	   -0.665235	     6.16542	     6.00154	 0	[(213, 221)]
222	213	 10	   -0.665235	     6.01531	     6.34712	 0	[(213, 222)]
223	213	 11	   -0.665235	     5.38449	     7.42732	 0	[(213, 223)]
224	213	 12	   -0.665235	     5.37249	     7.64571	 0	[(213, 224)]
225	213	 13	   -0.665235	     5.21795	     7.79075	 0	[(213, 225)]
226	213	 14	   -0.665235	     4.43773	      7.5299	 0	[(213, 226)]
227	213	 15	   -0.665235	     4.40393	     7.69653	 0	[(213, 227)]
228	213	 16	   -0.665235	     4.92732	     8.13494	 0	[(213, 228)]
229	213	 16	   -0.665235	     4.92732	     8.13494	 0	[(213, 229)]
230	213	 17	   -0.665235	     4.74665	     8.37057	 0	[(213, 230)]
231	213	 17	   -0.665235	     4.74665	     8.37057	 0	[(213, 231)]
232	213	 19	   -0.665235	     5.00883	     8.38665	 0	[(213, 232)]
233	213	 20	   -0.665235	     5.01419	     8.53071	 0	[(213, 233)]
234	213	 21	   -0.665235	     5.02713	     8.41945	 0	[(213, 234)]
235	213	 21	   -0.665235	     5.02713	     8.41945	 0	[(213, 235)]
236	213	 21	   -0.665235	     5.02713	     8.41945	 0	[(213, 236)]
237	213	 21	   -0.665235	     5.02713	     8.41945	 0	[(213, 237)]
238	  0	231	   -0.665235	     4.11985	     198.789	 7	[(0, 238)]
239	  0	232	    -1.09047	    -1.09047	     201.478	 7	[(0, 239)]
240	  0	233	    -3.10378	    -3.10378	     202.687	 7	[(0, 240)]
241	  0	234	    -3.72093	    -3.72093	     203.555	 7	[(0, 241)]
242	  0	235	    -3.72093	    -2.99692	     203.743	 7	[(0, 242)]
243	  0	236	    -3.72093	    -2.86976	     203.872	 7	[(0, 243)]
244	  0	236	    -3.72093	    -2.86976	     203.872	 7	[(0, 244)]
245	  0	237	     -3.8134	     -3.8134	     204.507	 7	[(0, 245)]
246	  0	238	     -3.8823	     -3.8823	     204.926	 7	[(0, 246)]
247	  0	238	     -3.8823	     -3.8823	     204.926	 7	[(0, 247)]
248	  0	238	     -3.8823	     -3.8823	     204.926	 7	[(0, 248)]
249	  0	238	     -3.8823	     -3.8823	     204.926	 7	[(0, 249)]
250	  0	241	     -3.8823	    -2.31156	     207.813	 7	[(0, 250)]
251	  0	242	     -3.8823	    -1.95871	     208.198	 7	[(0, 251)]
252	  0	242	     -3.8823	    -1.95871	     208.198	 7	[(0, 252)]
253	  0	242	     -3.8823	    -1.95871	     208.198	 7	[(0, 253)]
254	  0	242	     -3.8823	    -1.95871	     208.198	 7	[(0, 254)]
255	  0	242	     -3.8823	    -1.95871	     208.198	 7	[(0, 255)]
256	  0	242	     -3.8823	    -1.95871	     208.198	 7	[(0, 256)]
257	  0	242	     -3.8823	    -1.95871	     208.198	 7	[(0, 257)]
258	  0	242	     -3.8823	    -1.95871	     208.198	 7	[(0, 258)]
259	  0	242	     -3.8823	    -1.95871	     208.198	 7	[(0, 259)]
260	  0	244	     -3.8823	    -2.22072	     208.451	 7	[(0, 260)]
261	  0	244	     -3.8823	    -2.22072	     208.451	 7	[(0, 261)]
262	250	  4	     -3.8823	     3.58629	    0.445863	 1	[(250, 262)]
263	250	  5	     -3.8823	     3.78353	    0.420225	 1	[(250, 263)]
264	250	  7	     -3.8823	     4.30075	    0.380387	 1	[(250, 264)]
265	250	  9	     -3.8823	     8.18201	     6.20546	 1	[(250, 265)]
266	250	 10	     -3.8823	     5.51921	     6.10011	 1	[(250, 266)]
267	250	 11	     -3.8823	     5.24798	     8.24867	 1	[(250, 267)]
268	250	 14	     -3.8823	     4.44677	     11.3951	 1	[(250, 268)]
269	250	 15	     -3.8823	     5.51894	     12.9293	 1	[(250, 269)]
270	250	 17	     -3.8823	     6.60506	     14.5161	 1	[(250, 270)]
271	250	 19	     -3.8823	     7.58057	      16.598	 1	[(250, 271)]
272	250	 21	     -3.8823	     8.66755	      18.294	 1	[(250, 272)]
273	  0	264	     -3.8823	     6.79249	     229.743	10	[(0, 273)]
274	  0	265	     -3.8823	     3.11779	     231.228	10	[(0, 274)]
275	  0	266	     -3.8823	   -0.782138	     232.617	10	[(0, 275)]
276	  0	267	     -3.8823	    -3.01305	     233.676	10	[(0, 276)]
277	  0	268	     -3.8823	    -2.23767	     233.991	10	[(0, 277)]
278	  0	269	     -3.8823	    -1.97414	     234.178	10	[(0, 278)]
279	  0	270	     -4.7055	     -4.7055	      235.69	10	[(0, 279)]
280	  0	271	    -5.70798	    -5.70798	     237.426	10	[(0, 280)]
281	  0	272	    -6.35805	    -6.35805	      238.53	10	[(0, 281)]
282	  0	273	    -7.40312	    -7.40312	     239.506	10	[(0, 282)]
283	  0	273	    -7.40312	    -7.40312	     239.506	10	[(0, 283)]
284	  0	273	    -7.40312	    -7.40312	     239.506	10	[(0, 284)]
285	  0	274	    -7.40312	    -1.51451	     239.836	11	[(0, 285)]
286	  0	275	    -7.40312	    -1.34061	     239.794	11	[(0, 286)]
287	  0	276	    -7.40312	    -1.77999	     240.426	11	[(0, 287)]
288	  0	277	    -7.40312	    -4.26128	     241.821	11	[(0, 288)]
289	  0	278	    -7.40312	     -5.5065	     242.924	11	[(0, 289)]
290	  0	279	    -7.40312	    -5.47553	     243.639	11	[(0, 290)]
291	  0	280	    -7.40312	    -4.85062	     243.635	11	[(0, 291)]
292	  0	281	    -7.40312	    -4.93341	     243.853	11	[(0, 292)]
293	  0	282	    -7.40312	    -4.84243	     243.703	11	[(0, 293)]
294	  0	283	    -7.40312	    -4.76417	     243.568	11	[(0, 294)]
295	  0	284	    -7.40312	    -4.77202	     243.582	11	[(0, 295)]
296	  0	285	    -7.40312	    -4.84936	     243.663	11	[(0, 296)]
297	  0	286	    -7.40312	    -2.32702	     249.215	11	[(0, 297)]
298	  0	287	    -7.40312	    -4.82889	     243.633	11	[(0, 298)]
299	  0	287	    -7.40312	    -4.82889	     243.633	11	[(0, 299)]
300	  0	288	    -7.40312	    0.433754	     250.584	12	[(0, 300)]
301	  0	289	    -7.40312	   -0.440375	     251.935	12	[(0, 301)]
302	  0	291	    -7.40312	   -0.634409	     253.548	11	[(0, 302)]
303	  0	292	    -7.40312	   -0.556055	     255.037	11	[(0, 303)]
304	  0	293	    -7.40312	   -0.997716	     256.231	11	[(0, 304)]
305	  0	294	    -7.40312	    -1.64985	     257.536	11	[(0, 305)]
306	  0	295	    -7.40312	    -2.33795	     258.643	11	[(0, 306)]
307	  0	297	    -7.40312	   -0.796301	     258.609	11	[(0, 307)]
308	  0	298	    -7.40312	   -0.959359	      259.46	11	[(0, 308)]
309	  0	299	    -7.40312	     -1.0507	     260.301	11	[(0, 309)]
310	  0	300	    -7.40312	      -1.188	     261.549	11	[(0, 310)]
311	  0	301	    -7.40312	    -1.60861	     262.749	11	[(0, 311)]
312	  0	302	    -7.40312	    -3.14482	     264.157	11	[(0, 312)]
313	  0	303	    -7.40312	    -3.34965	     265.084	11	[(0, 313)]
314	  0	304	    -7.40312	    -4.32209	     266.546	11	[(0, 314)]
315	  0	305	    -7.40312	    -4.90992	      267.51	11	[(0, 315)]
316	  0	306	    -7.40312	    -4.89956	     268.232	11	[(0, 316)]
317	  0	307	    -7.40312	    -4.36863	     268.193	11	[(0, 317)]
318	  0	308	    -7.40312	    -4.40822	     268.252	11	[(0, 318)]
319	  0	309	    -7.40312	    -6.03946	     270.199	11	[(0, 319)]
320	  0	310	    -7.60867	    -7.60867	     271.542	11	[(0, 320)]
321	  0	311	     -9.9444	     -9.9444	     272.643	11	[(0, 321)]
322	  0	312	    -11.3904	    -11.3904	     273.641	11	[(0, 322)]
323	  0	313	    -14.9278	    -14.9278	     274.769	11	[(0, 323)]
324	  0	314	    -18.6193	    -18.6193	     275.814	10	[(0, 324)]
325	  0	316	    -21.6737	    -21.6737	     277.326	 9	[(0, 325)]
326	  0	317	     -24.191	     -24.191	     279.391	 9	[(0, 326)]
327	  0	318	    -25.8533	    -25.8533	     280.477	 9	[(0, 327)]
328	  0	319	    -25.8533	    -25.2334	     280.883	 9	[(0, 328)]
329	  0	320	    -26.3873	    -26.3873	     281.953	 9	[(0, 329)]
330	  0	321	     -28.008	     -28.008	     283.156	 9	[(0, 330)]
331	  0	322	    -33.1041	    -33.1041	     287.082	 9	[(0, 331)]
332	  0	323	    -35.4534	    -35.4534	     288.196	 9	[(0, 332)]
333	  0	324	    -36.8045	    -36.8045	     289.147	 9	[(0, 333)]
334	  0	325	    -40.1176	    -40.1176	     290.196	 9	[(0, 334)]
335	  0	326	    -43.1573	    -43.1573	     291.283	 9	[(0, 335)]
336	  0	328	    -45.5929	    -45.5929	      291.87	 9	[(0, 336)]
337	  0	329	     -47.153	     -47.153	     293.356	 9	[(0, 337)]
338	  0	330	     -47.153	    -46.5333	     293.765	 9	[(0, 338)]
339	  0	332	     -47.153	       -45.8	     292.985	 9	[(0, 339)]
340	  0	333	     -47.153	    -44.6761	     294.732	10	[(0, 340)]
341	  0	335	     -47.153	    -42.6435	     295.361	10	[(0, 341)]
342	  0	335	     -47.153	    -42.6435	     295.361	10	[(0, 342)]
343	  0	335	     -47.153	    -42.6435	     295.361	10	[(0, 343)]
344	  0	336	     -47.153	    -39.7576	     297.646	11	[(0, 344)]
345	  0	338	     -47.153	    -40.2457	     297.321	11	[(0, 345)]
346	  0	340	     -47.153	    -40.7121	     301.067	10	[(0, 346)]
347	  0	341	     -47.153	    -40.9176	      301.72	10	[(0, 347)]
348	  0	342	     -47.153	    -41.5868	     303.732	10	[(0, 348)]
349	  0	343	     -47.153	    -41.5916	     304.692	10	[(0, 349)]
350	  0	344	     -47.153	    -41.7137	     305.607	10	[(0, 350)]
351	  0	345	     -47.153	    -42.3972	     306.755	10	[(0, 351)]
352	  0	346	     -47.153	    -43.0966	     307.933	10	[(0, 352)]
353	  0	347	     -47.153	    -43.2008	     308.813	10	[(0, 353)]
354	  0	348	     -47.153	    -43.4151	     309.708	10	[(0, 354)]
355	  0	349	     -47.153	    -45.1608	     310.984	10	[(0, 355)]
356	  0	350	     -47.153	    -45.1085	     311.697	10	[(0, 356)]
357	  0	351	     -47.153	    -45.9586	     312.787	10	[(0, 357)]
358	  0	352	     -47.153	    -45.6218	     313.286	10	[(0, 358)]
359	  0	353	     -47.153	    -45.1515	     312.976	10	[(0, 359)]
360	  0	353	     -47.153	    -45.1515	     312.976	10	[(0, 360)]
361	  0	353	     -47.153	    -45.1515	     312.976	10	[(0, 361)]
362	  0	354	     -47.153	    -41.6803	     315.051	11	[(0, 362)]
363	  0	356	     -47.153	    -42.4918	      313.27	11	[(0, 363)]
364	  0	358	     -47.153	    -42.6243	     318.545	10	[(0, 364)]
365	  0	359	     -47.153	    -42.5726	     319.253	10	[(0, 365)]
366	  0	360	     -47.153	    -43.8817	     321.242	10	[(0, 366)]
367	  0	361	     -47.153	    -43.2328	     321.467	10	[(0, 367)]
368	  0	361	     -47.153	    -43.2328	     321.467	10	[(0, 368)]
369	  0	361	     -47.153	    -43.2328	     321.467	10	[(0, 369)]
370	  0	362	     -47.153	    -43.4096	     321.682	10	[(0, 370)]
371	  0	364	     -47.153	    -43.0134	     321.419	10	[(0, 371)]
372	  0	366	     -47.153	     -42.815	     321.038	10	[(0, 372)]
373	  0	367	     -47.153	    -42.8206	     321.042	10	[(0, 373)]
374	  0	368	     -47.153	    -42.8809	      321.11	10	[(0, 374)]
375	  0	369	     -47.153	    -42.8813	     321.111	10	[(0, 375)]
376	  0	370	     -47.153	     -42.881	      321.11	10	[(0, 376)]
377	  0	371	     -47.153	    -42.8913	      321.12	10	[(0, 377)]
378	  0	371	     -47.153	    -42.8913	      321.12	10	[(0, 378)]
379	  0	371	     -47.153	    -42.8913	      321.12	10	[(0, 379)]
380	  0	371	     -47.153	    -42.8913	      321.12	10	[(0, 380)]
381	  0	371	     -47.153	    -42.8913	      321.12	10	[(0, 381)]
382	  0	371	     -47.153	    -42.8913	      321.12	10	[(0, 382)]
383	  0	371	     -47.153	    -42.8913	      321.12	10	[(0, 383)]
384	  0	373	     -47.153	    -39.1773	     321.422	11	[(0, 384)]
385	  0	376	     -47.153	    -40.5397	     321.382	11	[(0, 385)]
386	  0	378	     -47.153	    -43.0513	     321.285	10	[(0, 386)]
387	  0	379	     -47.153	    -43.0643	     321.299	10	[(0, 387)]
388	  0	380	     -47.153	    -43.0762	     321.311	10	[(0, 388)]
389	  0	380	     -47.153	    -43.0762	     321.311	10	[(0, 389)]
390	  0	380	     -47.153	    -43.0762	     321.311	10	[(0, 390)]
391	  0	380	     -47.153	    -43.0762	     321.311	10	[(0, 391)]
392	  0	380	     -47.153	    -43.0762	     321.311	10	[(0, 392)]
393	  0	380	     -47.153	    -43.0762	     321.311	10	[(0, 393)]
394	  0	380	     -47.153	    -43.0762	     321.311	10	[(0, 394)]
395	  0	380	     -47.153	    -43.0762	     321.311	10	[(0, 395)]
396	  0	380	     -47.153	    -43.0762	     321.311	10	[(0, 396)]
397	  0	381	     -47.153	    -43.2165	     321.446	10	[(0, 397)]
398	  0	381	     -47.153	    -43.2165	     321.446	10	[(0, 398)]
399	  0	382	     -47.153	    -43.4141	     321.641	10	[(0, 399)]
400	  0	382	     -47.153	    -43.4141	     321.641	10	[(0, 400)]
401	  0	385	     -47.153	    -43.4978	     321.718	10	[(0, 401)]
402	  0	386	     -47.153	    -43.4934	     321.722	10	[(0, 402)]
403	  0	386	     -47.153	    -43.4934	     321.722	10	[(0, 403)]
404	  0	386	     -47.153	    -43.4934	     321.722	10	[(0, 404)]
405	  0	386	     -47.153	    -43.4934	     321.722	10	[(0, 405)]
406	  0	386	     -47.153	    -43.4934	     321.722	10	[(0, 406)]
407	  0	386	     -47.153	    -43.4934	     321.722	10	[(0, 407)]
408	  0	386	     -47.153	    -43.4934	     321.722	10	[(0, 408)]
409	  0	386	     -47.153	    -43.4934	     321.722	10	[(0, 409)]
410	  0	386	     -47.153	    -43.4934	     321.722	10	[(0, 410)]
411	  0	386	     -47.153	    -43.4934	     321.722	10	[(0, 411)]
412	  0	390	     -47.153	    -39.4728	     321.994	11	[(0, 412)]
413	  0	392	     -47.153	    -41.2688	     321.994	11	[(0, 413)]
414	  0	394	     -47.153	    -43.6662	     321.901	10	[(0, 414)]
415	  0	395	     -47.153	    -43.6791	     321.915	10	[(0, 415)]
416	  0	396	     -47.153	    -43.6929	     321.931	10	[(0, 416)]
417	  0	397	     -47.153	    -38.0877	      329.04	10	[(0, 417)]
418	  0	398	     -47.153	    -38.5113	     329.493	10	[(0, 418)]
419	  0	399	     -47.153	    -38.4799	      330.11	10	[(0, 419)]
420	  0	400	     -47.153	    -39.4798	     331.715	10	[(0, 420)]
421	  0	402	     -47.153	    -29.9763	     332.803	12	[(0, 421)]
422	  0	405	     -47.153	    -28.9472	     332.263	12	[(0, 422)]
423	  0	406	     -47.153	    -28.7424	     336.496	12	[(0, 423)]
424	  0	408	     -47.153	    -29.5349	     340.409	11	[(0, 424)]
425	  0	409	     -47.153	    -30.4366	     342.298	11	[(0, 425)]
426	  0	410	     -47.153	    -29.7793	     342.655	11	[(0, 426)]
427	  0	411	     -47.153	    -29.4417	     342.696	11	[(0, 427)]
428	  0	411	     -47.153	    -29.4417	     342.696	11	[(0, 428)]
429	  0	411	     -47.153	    -29.4417	     342.696	11	[(0, 429)]
430	  0	411	     -47.153	    -29.4417	     342.696	11	[(0, 430)]
431	  0	411	     -47.153	    -29.4417	     342.696	11	[(0, 431)]
432	  0	413	     -47.153	    -28.9168	     342.022	11	[(0, 432)]
433	  0	413	     -47.153	    -28.9168	     342.022	11	[(0, 433)]
434	  0	416	     -47.153	    -22.8316	     342.293	12	[(0, 434)]
435	  0	417	     -47.153	    -22.7262	     342.257	12	[(0, 435)]
436	  0	418	     -47.153	    -14.8204	     343.175	13	[(0, 436)]
437	  0	419	     -47.153	    -14.4754	     345.764	13	[(0, 437)]
438	  0	420	     -47.153	    -14.6044	     347.941	13	[(0, 438)]
439	  0	421	     -47.153	    -15.0802	     349.305	13	[(0, 439)]
440	  0	422	     -47.153	    -15.7805	     350.469	13	[(0, 440)]
441	  0	423	     -47.153	    -16.8427	     351.541	13	[(0, 441)]
442	  0	424	     -47.153	    -18.6064	     352.787	13	[(0, 442)]
443	  0	425	     -47.153	    -19.4352	     353.823	13	[(0, 443)]
444	  0	426	     -47.153	    -20.2356	     355.028	13	[(0, 444)]
445	  0	427	     -47.153	     -20.354	     356.847	13	[(0, 445)]
446	  0	430	     -47.153	    -20.1601	     359.143	13	[(0, 446)]
447	  0	431	     -47.153	    -21.4084	     360.939	13	[(0, 447)]
448	  0	434	     -47.153	      -22.51	     362.715	13	[(0, 448)]
449	  0	435	     -47.153	    -21.7779	      363.06	13	[(0, 449)]
450	  0	437	     -47.153	    -19.6351	     363.415	14	[(0, 450)]
451	  0	439	     -47.153	     -19.326	     363.476	14	[(0, 451)]
452	  0	440	     -47.153	    -19.1596	     363.323	14	[(0, 452)]
453	  0	441	     -47.153	    -19.1896	     363.264	14	[(0, 453)]
454	  0	442	     -47.153	    -19.7002	     364.503	14	[(0, 454)]
455	  0	443	     -47.153	     -19.481	     364.118	14	[(0, 455)]
456	  0	444	     -47.153	    -18.2027	     369.447	14	[(0, 456)]
457	  0	445	     -47.153	     -18.092	     370.081	14	[(0, 457)]
458	  0	446	     -47.153	    -17.9721	     371.192	14	[(0, 458)]
459	  0	448	     -47.153	    -17.7214	     372.647	14	[(0, 459)]
460	  0	449	     -47.153	    -18.8055	     374.404	14	[(0, 460)]
461	  0	450	     -47.153	    -18.7433	     375.226	14	[(0, 461)]
462	  0	451	     -47.153	    -20.2296	     376.611	14	[(0, 462)]
463	  0	452	     -47.153	    -20.3038	     377.414	14	[(0, 463)]
464	  0	453	     -47.153	    -17.4402	     378.075	14	[(0, 464)]
465	  0	455	     -47.153	    -19.3933	     380.648	14	[(0, 465)]
466	  0	456	     -47.153	    -24.3714	     384.797	14	[(0, 466)]
467	  0	458	     -47.153	    -26.9188	     386.796	14	[(0, 467)]
468	  0	459	     -47.153	    -33.2687	     388.834	14	[(0, 468)]
469	  0	460	     -47.153	    -38.2105	     389.906	14	[(0, 469)]
470	  0	462	     -47.153	     -39.077	     391.138	14	[(0, 470)]
471	  0	463	     -47.153	    -38.3112	     391.431	14	[(0, 471)]
472	  0	464	     -47.153	    -37.8761	     391.357	14	[(0, 472)]
473	  0	465	     -47.153	    -37.9411	     391.444	14	[(0, 473)]
474	  0	465	     -47.153	    -37.9411	     391.444	14	[(0, 474)]
475	  0	466	     -47.153	    -38.2661	     391.738	14	[(0, 475)]
476	  0	466	     -47.153	    -38.2661	     391.738	14	[(0, 476)]
477	  0	466	     -47.153	    -38.2661	     391.738	14	[(0, 477)]
478	  0	466	     -47.153	    -38.2661	     391.738	14	[(0, 478)]
479	  0	468	     -47.153	    -31.7141	     391.929	16	[(0, 479)]
480	  0	470	     -47.153	    -34.3722	     395.103	16	[(0, 480)]
481	  0	471	     -47.153	    -36.3118	      396.82	16	[(0, 481)]
482	  0	473	     -47.153	    -37.2082	     398.993	15	[(0, 482)]
483	  0	474	     -47.153	    -37.8103	     401.149	15	[(0, 483)]
484	  0	476	     -47.153	    -37.3281	     401.779	15	[(0, 484)]
485	  0	477	     -47.153	    -36.8704	     401.507	15	[(0, 485)]
486	  0	477	     -47.153	    -36.8704	     401.507	15	[(0, 486)]
487	  0	478	     -47.153	    -33.7746	     402.723	16	[(0, 487)]
488	  0	479	     -47.153	    -35.4851	     403.833	16	[(0, 488)]
489	  0	480	     -47.153	    -37.4804	     404.945	16	[(0, 489)]
490	  0	481	     -47.153	    -41.9646	     405.864	15	[(0, 490)]
491	  0	482	     -47.153	    -45.3495	     406.987	15	[(0, 491)]
492	  0	483	     -47.153	    -45.3331	     407.703	15	[(0, 492)]
493	  0	484	    -48.5892	    -48.5892	     408.931	15	[(0, 493)]
494	  0	485	    -51.3136	    -51.3136	     410.203	15	[(0, 494)]
495	  0	486	    -52.4035	    -52.4035	      411.95	15	[(0, 495)]
496	  0	487	    -53.0211	    -53.0211	     413.992	15	[(0, 496)]
497	  0	488	    -54.5074	    -54.5074	     416.142	15	[(0, 497)]
498	  0	489	    -55.2682	    -55.2682	      417.42	15	[(0, 498)]
499	  0	490	    -57.5833	    -57.5833	     418.518	15	[(0, 499)]
500	  0	491	    -57.5833	    -56.9613	     418.924	15	[(0, 500)]
501	  0	492	    -58.7003	    -58.7003	     420.141	15	[(0, 501)]
502	  0	494	    -63.0591	    -63.0591	     421.983	15	[(0, 502)]
503	  0	495	    -64.1055	    -64.1055	     424.038	15	[(0, 503)]
504	  0	498	    -72.8565	    -72.8565	     426.846	14	[(0, 504)]
505	  0	499	     -76.476	     -76.476	     428.952	14	[(0, 505)]
506	  0	500	    -77.6733	    -77.6733	     429.927	14	[(0, 506)]
507	  0	501	    -82.3593	    -82.3593	     430.977	14	[(0, 507)]
508	  0	502	    -83.4703	    -83.4703	     431.893	14	[(0, 508)]
509	  0	503	    -83.5155	    -83.5155	     432.591	14	[(0, 509)]
510	  0	504	    -83.5155	    -79.5982	     440.826	14	[(0, 510)]
511	  0	505	    -83.5155	     -80.062	     442.785	14	[(0, 511)]
512	  0	506	    -83.5155	    -80.9469	     444.612	14	[(0, 512)]
513	  0	507	    -83.5155	    -80.1501	     444.835	14	[(0, 513)]
514	  0	508	    -83.5155	    -79.7493	     444.728	14	[(0, 514)]
515	  0	509	    -83.5155	    -76.9486	     450.031	14	[(0, 515)]
516	  0	509	    -83.5155	    -76.9486	     450.031	14	[(0, 516)]
517	  0	509	    -83.5155	    -76.9486	     450.031	14	[(0, 517)]
518	  0	509	    -83.5155	    -76.9486	     450.031	14	[(0, 518)]
519	  0	510	    -83.5155	    -70.3352	     450.461	15	[(0, 519)]
520	  0	513	    -83.5155	    -70.9193	     445.061	16	[(0, 520)]
521	  0	515	    -83.5155	    -72.7881	     444.753	15	[(0, 521)]
522	  0	516	    -83.5155	     -72.912	     444.925	15	[(0, 522)]
523	  0	517	    -83.5155	    -67.6206	     455.087	15	[(0, 523)]
524	  0	518	    -83.5155	    -67.7698	     456.142	15	[(0, 524)]
525	  0	519	    -83.5155	    -67.8953	     457.037	15	[(0, 525)]
526	  0	520	    -83.5155	    -70.3022	     458.724	15	[(0, 526)]
527	  0	521	    -83.5155	    -70.5857	     459.605	15	[(0, 527)]
528	  0	522	    -83.5155	    -70.7977	     460.582	15	[(0, 528)]
529	  0	523	    -83.5155	    -71.2568	     461.536	15	[(0, 529)]
530	  0	524	    -83.5155	    -72.4639	     462.853	15	[(0, 530)]
531	  0	525	    -83.5155	    -71.8894	      463.34	15	[(0, 531)]
532	  0	525	    -83.5155	    -71.8894	      463.34	15	[(0, 532)]
533	  0	525	    -83.5155	    -71.8894	      463.34	15	[(0, 533)]
534	  0	526	    -83.5155	    -72.0396	     463.545	15	[(0, 534)]
535	  0	526	    -83.5155	    -72.0396	     463.545	15	[(0, 535)]
536	  0	526	    -83.5155	    -72.0396	     463.545	15	[(0, 536)]
537	  0	526	    -83.5155	    -72.0396	     463.545	15	[(0, 537)]
538	  0	526	    -83.5155	    -72.0396	     463.545	15	[(0, 538)]
539	  0	526	    -83.5155	    -72.0396	     463.545	15	[(0, 539)]
540	  0	526	    -83.5155	    -72.0396	     463.545	15	[(0, 540)]
541	  0	526	    -83.5155	    -72.0396	     463.545	15	[(0, 541)]
542	  0	526	    -83.5155	    -72.0396	     463.545	15	[(0, 542)]
543	  0	526	    -83.5155	    -72.0396	     463.545	15	[(0, 543)]
544	  0	529	    -83.5155	    -68.2626	     464.116	16	[(0, 544)]
545	  0	531	    -83.5155	    -72.5194	     458.769	16	[(0, 545)]
546	  0	533	    -83.5155	    -74.9117	     458.648	15	[(0, 546)]
547	  0	534	    -83.5155	    -74.9246	     458.637	15	[(0, 547)]
548	  0	536	    -83.5155	    -67.6739	     470.259	15	[(0, 548)]
549	  0	537	    -83.5155	    -67.5715	     471.122	15	[(0, 549)]
550	  0	538	    -83.5155	    -67.5381	      472.15	15	[(0, 550)]
551	  0	539	    -83.5155	    -60.0562	     473.446	16	[(0, 551)]
552	  0	540	    -83.5155	    -61.0542	     475.055	16	[(0, 552)]
553	  0	542	    -83.5155	    -56.4299	     475.636	19	[(0, 553)]
554	  0	543	    -83.5155	    -56.1231	     475.459	19	[(0, 554)]
555	  0	545	    -83.5155	    -55.6424	     479.693	18	[(0, 555)]
556	  0	546	    -83.5155	    -57.1121	     481.882	18	[(0, 556)]
557	  0	548	    -83.5155	    -58.4099	     483.107	17	[(0, 557)]
558	  0	550	    -83.5155	    -59.5086	     482.602	16	[(0, 558)]
559	  0	551	    -83.5155	    -59.0928	     481.123	16	[(0, 559)]
560	  0	552	    -83.5155	    -58.3296	     485.726	16	[(0, 560)]
561	  0	552	    -83.5155	    -58.3296	     485.726	16	[(0, 561)]
562	  0	552	    -83.5155	    -58.3296	     485.726	16	[(0, 562)]
563	  0	553	    -83.5155	    -59.0901	     482.456	16	[(0, 563)]
564	  0	555	    -83.5155	    -59.1056	     482.362	16	[(0, 564)]
565	  0	557	    -83.5155	    -54.4547	     492.595	16	[(0, 565)]
566	  0	558	    -83.5155	    -54.8932	     493.289	16	[(0, 566)]
567	  0	559	    -83.5155	    -54.6517	      493.99	16	[(0, 567)]
568	  0	559	    -83.5155	    -54.6517	      493.99	16	[(0, 568)]
569	  0	559	    -83.5155	    -54.6517	      493.99	16	[(0, 569)]
570	  0	560	    -83.5155	    -47.7819	      495.47	18	[(0, 570)]
571	  0	562	    -83.5155	    -48.1541	      495.95	18	[(0, 571)]
572	  0	562	    -83.5155	    -48.1541	      495.95	18	[(0, 572)]
573	  0	564	    -83.5155	    -47.1751	     496.303	18	[(0, 573)]
574	  0	565	    -83.5155	    -47.0584	     496.448	18	[(0, 574)]
575	  0	567	    -83.5155	    -47.1214	     499.837	17	[(0, 575)]
576	  0	568	    -83.5155	    -46.9432	     500.363	17	[(0, 576)]
577	  0	569	    -83.5155	    -46.9485	     502.074	17	[(0, 577)]
578	  0	570	    -83.5155	    -47.0187	     503.174	17	[(0, 578)]
579	  0	571	    -83.5155	     -46.921	     504.015	17	[(0, 579)]
580	  0	572	    -83.5155	    -46.5222	     503.432	17	[(0, 580)]
581	  0	572	    -83.5155	    -46.5222	     503.432	17	[(0, 581)]
582	  0	572	    -83.5155	    -46.5222	     503.432	17	[(0, 582)]
583	  0	572	    -83.5155	    -46.5222	     503.432	17	[(0, 583)]
584	  0	572	    -83.5155	    -46.5222	     503.432	17	[(0, 584)]
585	  0	574	    -83.5155	    -40.0927	     503.915	19	[(0, 585)]
586	  0	576	    -83.5155	    -41.4876	     504.221	19	[(0, 586)]
587	  0	578	    -83.5155	    -43.9624	      503.47	18	[(0, 587)]
588	  0	579	    -83.5155	    -40.6731	     509.912	18	[(0, 588)]
589	  0	580	    -83.5155	    -40.9701	     511.053	18	[(0, 589)]
590	  0	581	    -83.5155	    -41.4039	     512.588	18	[(0, 590)]
591	  0	582	    -83.5155	    -41.6847	     513.645	18	[(0, 591)]
592	  0	583	    -83.5155	    -42.1352	     514.816	18	[(0, 592)]
593	  0	584	    -83.5155	    -42.8903	     515.911	18	[(0, 593)]
594	  0	585	    -83.5155	     -42.266	       516.1	18	[(0, 594)]
595	  0	586	    -83.5155	    -41.9161	     515.761	18	[(0, 595)]
596	  0	587	    -83.5155	    -42.9339	     517.564	18	[(0, 596)]
597	  0	588	    -83.5155	    -43.7228	     519.568	18	[(0, 597)]
598	  0	589	    -83.5155	    -43.4374	     520.553	18	[(0, 598)]
599	  0	590	    -83.5155	    -43.3691	     521.259	18	[(0, 599)]
600	  0	591	    -83.5155	    -44.8354	     522.652	18	[(0, 600)]
601	  0	592	    -83.5155	    -45.6035	     523.863	18	[(0, 601)]
602	  0	593	    -83.5155	    -45.5839	     524.686	18	[(0, 602)]
603	  0	594	    -83.5155	    -45.8342	     525.622	18	[(0, 603)]
604	  0	595	    -83.5155	    -47.4227	     527.287	18	[(0, 604)]
605	  0	596	    -83.5155	    -47.7806	     528.294	18	[(0, 605)]
606	  0	597	    -83.5155	    -47.8848	     529.152	18	[(0, 606)]
607	  0	598	    -83.5155	    -47.9985	     529.953	18	[(0, 607)]
608	  0	599	    -83.5155	    -48.3922	     531.031	18	[(0, 608)]
609	  0	600	    -83.5155	    -47.7618	     530.932	18	[(0, 609)]
610	  0	600	    -83.5155	    -47.7618	     530.932	18	[(0, 610)]
611	  0	601	    -83.5155	    -48.9239	     531.828	19	[(0, 611)]
612	  0	602	    -83.5155	    -50.7292	     533.146	19	[(0, 612)]
613	  0	603	    -83.5155	    -53.0714	     534.583	19	[(0, 613)]
614	  0	604	    -83.5155	    -55.0781	      535.79	19	[(0, 614)]
615	  0	605	    -83.5155	    -56.0278	     536.917	19	[(0, 615)]
616	  0	606	    -83.5155	    -58.0064	     538.083	19	[(0, 616)]
617	  0	607	    -83.5155	    -57.2851	     538.354	19	[(0, 617)]
618	  0	608	    -83.5155	    -56.9539	     538.466	19	[(0, 618)]
619	  0	609	    -83.5155	    -56.8912	      538.44	19	[(0, 619)]
620	  0	610	    -83.5155	    -56.8661	     538.225	19	[(0, 620)]
621	  0	610	    -83.5155	    -56.8661	     538.225	19	[(0, 621)]
622	  0	611	    -83.5155	     -54.759	     538.444	20	[(0, 622)]
623	  0	611	    -83.5155	     -54.759	     538.444	20	[(0, 623)]
624	  0	613	    -83.5155	    -57.3737	     533.029	20	[(0, 624)]
625	  0	614	    -83.5155	    -55.2896	     539.743	20	[(0, 625)]
626	  0	616	    -83.5155	     -59.743	     533.375	19	[(0, 626)]
627	  0	617	    -83.5155	    -59.6758	     533.272	19	[(0, 627)]
628	  0	618	    -83.5155	    -59.6485	     533.246	19	[(0, 628)]
629	  0	618	    -83.5155	    -59.6485	     533.246	19	[(0, 629)]
630	  0	618	    -83.5155	    -59.6485	     533.246	19	[(0, 630)]
631	  0	618	    -83.5155	    -59.6485	     533.246	19	[(0, 631)]
632	  0	620	    -83.5155	    -55.6021	     533.442	20	[(0, 632)]
633	  0	622	    -83.5155	    -57.4539	     533.435	20	[(0, 633)]
634	  0	624	    -83.5155	    -59.7229	     533.315	19	[(0, 634)]
635	  0	625	    -83.5155	    -57.2521	     538.715	19	[(0, 635)]
636	  0	626	    -83.5155	    -52.1734	     544.882	19	[(0, 636)]
637	  0	627	    -83.5155	    -54.6131	     540.477	19	[(0, 637)]
638	  0	628	    -83.5155	    -54.5655	     540.734	19	[(0, 638)]
639	  0	629	    -83.5155	    -54.7575	     541.196	19	[(0, 639)]
640	  0	630	    -83.5155	    -55.1798	      542.88	19	[(0, 640)]
641	  0	631	    -83.5155	    -55.1378	     543.563	19	[(0, 641)]
642	  0	632	    -83.5155	    -54.6636	     543.397	19	[(0, 642)]
643	  0	633	    -83.5155	    -54.4933	     542.061	19	[(0, 643)]
644	  0	634	    -83.5155	    -54.4847	      542.53	19	[(0, 644)]
645	  0	634	    -83.5155	    -54.4847	      542.53	19	[(0, 645)]
646	  0	635	    -83.5155	    -52.3157	     542.416	20	[(0, 646)]
647	  0	636	    -83.5155	    -52.0165	     543.077	20	[(0, 647)]
648	  0	638	    -83.5155	    -51.1948	     549.669	19	[(0, 648)]
649	  0	639	    -83.5155	    -51.1571	     550.769	19	[(0, 649)]
650	  0	640	    -83.5155	    -51.4821	     552.196	19	[(0, 650)]
651	  0	641	    -83.5155	    -49.1961	     558.614	19	[(0, 651)]
652	  0	642	    -83.5155	    -49.5366	     559.619	19	[(0, 652)]
653	  0	643	    -83.5155	    -49.7295	     560.608	19	[(0, 653)]
654	  0	644	    -83.5155	    -49.8798	     561.218	19	[(0, 654)]
655	  0	645	    -83.5155	    -49.2975	     561.055	19	[(0, 655)]
656	  0	646	    -83.5155	    -49.1033	     560.491	19	[(0, 656)]
657	  0	646	    -83.5155	    -49.1033	     560.491	19	[(0, 657)]
658	  0	646	    -83.5155	    -49.1033	     560.491	19	[(0, 658)]
659	  0	647	    -83.5155	    -49.2378	     560.597	19	[(0, 659)]
660	  0	647	    -83.5155	    -49.2378	     560.597	19	[(0, 660)]
661	  0	649	    -83.5155	    -49.3715	     561.789	19	[(0, 661)]
662	  0	650	    -83.5155	    -51.8485	     555.967	19	[(0, 662)]
663	  0	651	    -83.5155	    -49.3398	     561.689	19	[(0, 663)]
664	  0	653	    -83.5155	    -50.4762	      567.16	19	[(0, 664)]
665	  0	654	    -83.5155	    -49.9046	     567.384	19	[(0, 665)]
666	  0	654	    -83.5155	    -49.9046	     567.384	19	[(0, 666)]
667	  0	655	    -83.5155	    -41.3937	     567.879	21	[(0, 667)]
668	  0	656	    -83.5155	    -41.3748	     568.145	21	[(0, 668)]
669	  0	658	    -83.5155	     -43.106	     567.395	20	[(0, 669)]
670	  0	659	    -83.5155	    -41.1298	     572.558	20	[(0, 670)]
671	  0	660	    -83.5155	    -41.2568	     574.075	20	[(0, 671)]
672	  0	661	    -83.5155	    -42.3909	     575.917	20	[(0, 672)]
673	  0	662	    -83.5155	    -41.7669	     576.224	20	[(0, 673)]
674	  0	663	    -83.5155	    -41.8052	     576.722	20	[(0, 674)]
675	  0	664	    -83.5155	    -41.5509	     576.364	20	[(0, 675)]
676	  0	665	    -83.5155	    -41.4701	     576.234	20	[(0, 676)]
677	  0	666	    -83.5155	    -41.4772	     576.189	20	[(0, 677)]
678	  0	667	    -83.5155	    -40.8165	     581.204	20	[(0, 678)]
679	  0	668	    -83.5155	    -43.0919	     583.152	20	[(0, 679)]
680	  0	669	    -83.5155	    -43.8269	     584.194	20	[(0, 680)]
681	  0	670	    -83.5155	    -43.9604	     585.007	20	[(0, 681)]
682	  0	671	    -83.5155	    -44.8428	     586.033	20	[(0, 682)]
683	  0	672	    -83.5155	     -45.693	     587.084	20	[(0, 683)]
684	  0	673	    -83.5155	    -45.6859	     587.898	20	[(0, 684)]
685	  0	674	    -83.5155	     -46.726	     589.044	20	[(0, 685)]
686	  0	675	    -83.5155	    -47.6746	     590.101	20	[(0, 686)]
687	  0	676	    -83.5155	    -47.9607	     591.038	20	[(0, 687)]
688	  0	677	    -83.5155	    -47.9738	     591.795	20	[(0, 688)]
689	  0	678	    -83.5155	    -49.4294	     593.035	20	[(0, 689)]
690	  0	679	    -83.5155	    -50.0849	     594.062	20	[(0, 690)]
691	  0	680	    -83.5155	     -50.121	      594.91	20	[(0, 691)]
692	  0	681	    -83.5155	    -50.5371	     595.857	20	[(0, 692)]
693	  0	682	    -83.5155	    -51.2918	     596.953	20	[(0, 693)]
694	  0	683	    -83.5155	    -51.4369	     597.877	20	[(0, 694)]
695	  0	684	    -83.5155	    -50.8198	     597.877	20	[(0, 695)]
696	  0	686	    -83.5155	    -48.6064	     597.066	20	[(0, 696)]
697	  0	687	    -83.5155	    -48.5754	     596.983	20	[(0, 697)]
698	  0	688	    -83.5155	     -48.658	     597.026	20	[(0, 698)]
699	  0	688	    -83.5155	     -48.658	     597.026	20	[(0, 699)]
700	  0	689	    -83.5155	    -47.7115	     597.727	21	[(0, 700)]
701	  0	690	    -83.5155	    -50.9498	     598.909	21	[(0, 701)]
702	  0	691	    -83.5155	    -52.3711	     599.931	21	[(0, 702)]
703	  0	692	    -83.5155	    -54.4784	     600.949	21	[(0, 703)]
704	  0	693	    -83.5155	    -53.7948	     601.325	21	[(0, 704)]
705	  0	694	    -83.5155	    -54.6756	     602.536	21	[(0, 705)]
706	  0	695	    -83.5155	    -54.2367	     602.707	21	[(0, 706)]
707	  0	696	    -83.5155	    -53.9108	     602.345	21	[(0, 707)]
708	  0	696	    -83.5155	    -53.9108	     602.345	21	[(0, 708)]
709	  0	696	    -83.5155	    -53.9108	     602.345	21	[(0, 709)]
710	  0	696	    -83.5155	    -53.9108	     602.345	21	[(0, 710)]
711	  0	696	    -83.5155	    -53.9108	     602.345	21	[(0, 711)]
712	  0	699	    -83.5155	    -49.8446	     602.387	22	[(0, 712)]
713	  0	701	    -83.5155	    -51.6659	      602.36	22	[(0, 713)]
714	  0	703	    -83.5155	    -53.9314	     602.268	21	[(0, 714)]
715	  0	704	    -83.5155	    -53.9807	     602.306	21	[(0, 715)]
716	  0	705	    -83.5155	    -53.9979	     602.321	21	[(0, 716)]
717	  0	706	    -83.5155	    -46.6837	     614.501	21	[(0, 717)]
718	  0	707	    -83.5155	    -49.5818	     609.524	21	[(0, 718)]
719	  0	708	    -83.5155	    -49.8161	     609.495	21	[(0, 719)]
720	  0	709	    -83.5155	    -50.7299	     611.033	21	[(0, 720)]
721	  0	710	    -83.5155	    -50.8516	     611.952	21	[(0, 721)]
722	  0	711	    -83.5155	     -50.869	     612.772	21	[(0, 722)]
723	  0	712	    -83.5155	    -51.8272	     613.984	21	[(0, 723)]
724	  0	713	    -83.5155	    -52.0478	     614.954	21	[(0, 724)]
725	  0	714	    -83.5155	    -51.9478	     615.729	21	[(0, 725)]
726	  0	715	    -83.5155	    -52.0474	     616.546	21	[(0, 726)]
727	  0	716	    -83.5155	    -52.7205	     617.848	21	[(0, 727)]
728	  0	717	    -83.5155	    -53.0086	     618.923	21	[(0, 728)]
729	  0	718	    -83.5155	    -53.0256	     619.793	21	[(0, 729)]
730	  0	719	    -83.5155	    -54.4034	     621.054	21	[(0, 730)]
731	  0	720	    -83.5155	    -55.5287	     622.158	21	[(0, 731)]
732	  0	721	    -83.5155	    -55.5915	     622.938	21	[(0, 732)]
733	  0	722	    -83.5155	     -55.226	     623.291	21	[(0, 733)]
734	  0	723	    -83.5155	    -54.8723	     622.802	21	[(0, 734)]
735	  0	724	    -83.5155	    -54.9775	     622.954	21	[(0, 735)]
736	  0	726	    -83.5155	    -55.7076	     622.602	20	[(0, 736)]
737	  0	727	    -83.5155	    -57.1711	     624.118	20	[(0, 737)]
738	  0	728	    -83.5155	    -58.2296	     626.533	20	[(0, 738)]
739	  0	729	    -83.5155	    -59.7789	     627.783	20	[(0, 739)]
740	  0	730	    -83.5155	    -61.2491	     629.113	20	[(0, 740)]
741	  0	731	    -83.5155	    -62.1021	         631	20	[(0, 741)]
742	  0	732	    -83.5155	    -61.6076	      631.45	20	[(0, 742)]
743	  0	732	    -83.5155	    -61.6076	      631.45	20	[(0, 743)]
744	  0	733	    -83.5155	    -61.8656	     631.818	20	[(0, 744)]
745	  0	734	    -83.5155	    -57.5176	     631.779	21	[(0, 745)]
746	  0	734	    -83.5155	    -57.5176	     631.779	21	[(0, 746)]
747	  0	735	    -83.5155	    -54.9607	     632.372	22	[(0, 747)]
748	  0	737	    -83.5155	    -53.6469	     631.516	22	[(0, 748)]
749	  0	739	    -83.5155	    -55.9526	     631.694	21	[(0, 749)]
750	  0	740	    -83.5155	    -55.9704	       631.4	21	[(0, 750)]
751	  0	741	    -83.5155	    -48.8245	      647.45	21	[(0, 751)]
752	  0	742	    -83.5155	    -53.4488	     637.246	21	[(0, 752)]
753	  0	742	    -83.5155	    -53.4488	     637.246	21	[(0, 753)]
754	  0	743	    -83.5155	    -46.3805	     647.987	22	[(0, 754)]
755	  0	744	    -83.5155	    -49.1304	     643.814	22	[(0, 755)]
756	  0	746	    -83.5155	    -49.1376	     645.177	21	[(0, 756)]
757	  0	747	    -83.5155	    -46.2475	     650.778	21	[(0, 757)]
758	  0	748	    -83.5155	    -54.4004	     646.809	20	[(0, 758)]
759	  0	749	    -83.5155	     -55.671	     648.377	20	[(0, 759)]
760	  0	750	    -83.5155	    -56.5797	     649.484	20	[(0, 760)]
761	  0	751	    -83.5155	    -60.2337	     650.623	20	[(0, 761)]
762	  0	752	    -83.5155	    -61.7622	       651.7	20	[(0, 762)]
763	  0	753	    -83.5155	     -62.537	     655.755	20	[(0, 763)]
764	  0	754	    -83.5155	    -63.6433	     657.416	20	[(0, 764)]
765	  0	755	    -83.5155	    -63.0103	     657.813	20	[(0, 765)]
766	  0	755	    -83.5155	    -63.0103	     657.813	20	[(0, 766)]
767	  0	755	    -83.5155	    -63.0103	     657.813	20	[(0, 767)]
768	  0	756	    -83.5155	     -61.007	     659.436	21	[(0, 768)]
769	  0	758	    -83.5155	    -62.2504	     660.608	21	[(0, 769)]
770	  0	760	    -83.5155	    -62.4606	     662.475	20	[(0, 770)]
771	  0	761	    -83.5155	    -62.5927	     663.713	20	[(0, 771)]
772	  0	762	    -83.5155	    -63.6665	     665.202	20	[(0, 772)]
773	  0	763	    -83.5155	    -63.8131	      666.18	20	[(0, 773)]
774	  0	764	    -83.5155	    -64.0012	     667.126	20	[(0, 774)]
775	  0	765	    -83.5155	    -63.9008	     667.785	20	[(0, 775)]
776	  0	766	    -83.5155	    -63.4705	     667.454	20	[(0, 776)]
777	  0	767	    -83.5155	    -63.3659	     667.061	20	[(0, 777)]
778	  0	768	    -83.5155	    -60.8833	     672.417	20	[(0, 778)]
779	  0	768	    -83.5155	    -60.8833	     672.417	20	[(0, 779)]
780	  0	769	    -83.5155	     -63.502	     667.162	20	[(0, 780)]
781	  0	770	    -83.5155	    -63.4901	      667.15	20	[(0, 781)]
782	  0	770	    -83.5155	    -63.4901	      667.15	20	[(0, 782)]
783	  0	771	    -83.5155	    -63.6199	     667.271	20	[(0, 783)]
784	  0	772	    -83.5155	    -53.8074	     677.472	21	[(0, 784)]
785	  0	773	    -83.5155	    -55.2696	     672.972	21	[(0, 785)]
786	  0	773	    -83.5155	    -55.2696	     672.972	21	[(0, 786)]
787	  0	774	    -83.5155	    -51.3048	     678.451	22	[(0, 787)]
788	  0	775	    -83.5155	    -51.1741	     678.379	22	[(0, 788)]
789	  0	777	    -83.5155	    -52.9303	     679.368	21	[(0, 789)]
790	  0	778	    -83.5155	    -53.2316	      680.44	21	[(0, 790)]
791	  0	779	    -83.5155	    -53.1959	      681.55	21	[(0, 791)]
792	  0	780	    -83.5155	      -53.95	     682.738	21	[(0, 792)]
793	  0	781	    -83.5155	    -53.9883	     683.489	21	[(0, 793)]
794	  0	782	    -83.5155	    -53.4295	     686.897	21	[(0, 794)]
795	  0	783	    -83.5155	    -55.8412	     677.975	21	[(0, 795)]
796	  0	784	    -83.5155	     -55.551	     680.394	21	[(0, 796)]
797	  0	785	    -83.5155	    -55.5904	     680.325	21	[(0, 797)]
798	  0	786	    -83.5155	    -53.3195	     683.541	21	[(0, 798)]
799	  0	787	    -83.5155	      -55.69	       680.7	21	[(0, 799)]
800	  0	788	    -83.5155	    -55.6465	     680.554	21	[(0, 800)]
801	  0	789	    -83.5155	    -51.0604	     692.843	21	[(0, 801)]
802	  0	790	    -83.5155	    -43.7513	     693.761	22	[(0, 802)]
803	  0	791	    -83.5155	    -49.0199	     680.543	22	[(0, 803)]
804	  0	791	    -83.5155	    -49.0199	     680.543	22	[(0, 804)]
805	  0	791	    -83.5155	    -49.0199	     680.543	22	[(0, 805)]
806	  0	792	    -83.5155	    -45.0353	     680.734	23	[(0, 806)]
807	  0	794	    -83.5155	    -40.6823	     695.864	23	[(0, 807)]
808	  0	795	    -83.5155	    -40.4361	     696.795	23	[(0, 808)]
809	  0	797	    -83.5155	    -40.7893	     698.605	22	[(0, 809)]
810	  0	798	    -83.5155	    -40.9113	     699.321	22	[(0, 810)]
811	  0	799	    -83.5155	    -41.4983	     700.991	22	[(0, 811)]
812	  0	800	    -83.5155	    -41.4359	     702.059	22	[(0, 812)]
813	  0	801	    -83.5155	    -41.7524	     703.197	22	[(0, 813)]
814	  0	802	    -83.5155	    -42.7053	      704.44	22	[(0, 814)]
815	  0	803	    -83.5155	    -42.9361	     705.411	22	[(0, 815)]
816	  0	804	    -83.5155	    -42.9671	     706.273	22	[(0, 816)]
817	  0	805	    -83.5155	    -46.5063	     707.778	22	[(0, 817)]
818	  0	806	    -83.5155	    -46.8334	     708.708	22	[(0, 818)]
819	  0	807	    -83.5155	    -47.0506	     709.641	22	[(0, 819)]
820	  0	808	    -83.5155	     -47.282	     710.552	22	[(0, 820)]
821	  0	809	    -83.5155	    -48.2774	     711.799	22	[(0, 821)]
822	  0	810	    -83.5155	    -50.0177	     713.094	22	[(0, 822)]
823	  0	811	    -83.5155	    -49.3423	     713.478	22	[(0, 823)]
824	  0	811	    -83.5155	    -49.3423	     713.478	22	[(0, 824)]
825	  0	812	    -83.5155	    -47.8976	     714.187	23	[(0, 825)]
826	  0	813	    -83.5155	    -48.7861	      715.15	23	[(0, 826)]
827	  0	814	    -83.5155	    -49.6382	     716.223	23	[(0, 827)]
828	  0	815	    -83.5155	    -51.1732	     717.207	23	[(0, 828)]
829	  0	816	    -83.5155	    -52.4525	     718.452	23	[(0, 829)]
830	  0	817	    -83.5155	    -53.9889	     719.381	23	[(0, 830)]
831	  0	818	    -83.5155	    -53.6641	     720.089	23	[(0, 831)]
832	  0	819	    -83.5155	    -54.5353	     720.764	23	[(0, 832)]
833	  0	820	    -83.5155	    -55.8342	     722.181	23	[(0, 833)]
834	  0	820	    -83.5155	    -55.8342	     722.181	23	[(0, 834)]
835	  0	821	    -83.5155	    -55.9767	     722.194	23	[(0, 835)]
836	  0	822	    -83.5155	    -56.1035	     722.173	23	[(0, 836)]
837	  0	823	    -83.5155	    -58.5183	     717.345	23	[(0, 837)]
838	  0	824	    -83.5155	    -58.5741	     717.353	23	[(0, 838)]
839	  0	825	    -83.5155	    -58.6645	     717.556	23	[(0, 839)]
840	  0	825	    -83.5155	    -58.6645	     717.556	23	[(0, 840)]
