nresidues = 392
52 77 0.25
53 76 0.0625
53 118 0.0625
54 74 0.125
54 75 0.0625
54 76 1.25
54 77 0.1875
55 77 1.1875
55 79 0.25
56 72 0.125
56 76 0.0625
56 77 0.125
56 78 1.25
56 79 0.125
57 78 0.0625
57 79 1.25
58 78 0.125
58 79 0.125
58 80 0.0625
59 67 0.125
59 68 0.0625
60 67 0.0625
60 109 0.375
60 110 1.3125
60 111 0.0625
61 65 0.375
61 66 0.375
61 67 0.25
61 109 1.375
61 110 0.0625
62 65 0.1875
62 103 0.1875
62 109 0.3125
63 107 0.125
63 207 1.25
63 243 0.0625
64 205 0.0625
64 206 1.375
64 207 0.25
64 249 0.0625
64 255 0.0625
65 207 0.1875
66 110 0.0625
66 112 0.0625
66 205 0.375
66 206 0.25
66 266 0.1875
67 110 0.125
67 112 0.25
68 112 0.4375
69 112 0.375
69 194 0.3125
69 201 0.0625
70 112 0.1875
70 113 0.25
70 114 0.125
70 194 0.5
72 75 0.125
72 76 0.1875
72 114 0.25
72 117 0.4375
73 114 0.5625
74 114 0.25
75 116 0.0625
75 117 0.25
76 117 1.5
76 118 0.125
77 118 1.25
77 120 0.125
78 117 0.0625
78 118 0.125
78 119 1.3125
78 120 0.125
79 120 1.3125
80 111 0.125
80 119 0.0625
80 120 0.125
80 121 1.1875
80 122 0.1875
81 122 1.5625
82 103 0.375
82 121 0.0625
82 122 0.0625
82 123 1.375
82 124 0.1875
82 135 0.0625
82 137 0.125
83 101 0.0625
83 102 1.25
83 103 0.1875
83 124 1.3125
83 126 0.3125
84 101 1.375
84 102 0.125
84 123 0.1875
84 124 0.0625
84 125 1.4375
84 126 0.125
84 129 0.0625
84 133 0.3125
84 187 0.125
85 100 1.1875
85 101 0.5
85 103 0.0625
85 104 0.0625
86 98 0.0625
86 99 1.25
86 100 0.125
86 129 0.75
86 130 0.5
86 131 0.125
86 133 0.25
87 97 0.0625
87 98 1.4375
87 99 0.375
87 104 0.25
88 96 0.125
88 97 1.25
88 98 0.125
88 99 0.0625
89 96 1.25
89 97 0.125
89 99 0.4375
89 101 0.0625
89 104 0.125
89 105 0.125
89 245 0.125
90 93 0.25
90 95 1.3125
90 99 0.125
90 245 0.25
91 95 1.25
91 99 0.25
91 213 0.25
91 239 0.1875
91 244 0.125
91 245 1.1875
91 246 0.1875
92 95 0.25
92 219 0.125
92 239 0.125
92 246 0.5
93 222 0.1875
94 222 1.8125
94 223 0.0625
95 221 0.125
95 222 0.0625
95 223 1.25
95 239 0.1875
96 223 0.1875
96 224 1.3125
96 225 0.125
97 184 0.0625
97 185 0.25
97 224 0.1875
97 225 0.125
97 227 0.1875
98 185 0.0625
99 106 0.0625
99 185 1.4375
99 213 0.0625
99 244 0.25
99 245 0.3125
100 133 0.0625
100 182 0.5625
100 185 1.8125
100 186 1.25
100 187 0.3125
101 104 0.375
101 105 1.375
101 187 0.0625
102 105 0.0625
102 108 0.125
102 123 0.125
102 134 0.125
102 172 0.25
102 173 0.25
102 187 0.5625
102 188 0.125
103 109 0.0625
105 245 0.3125
106 186 0.1875
106 188 0.1875
106 243 1.4375
106 244 0.1875
107 188 1.3125
107 189 0.125
107 207 0.3125
107 209 0.1875
107 243 0.3125
108 172 0.25
108 188 0.0625
108 207 0.25
109 172 0.3125
109 207 0.1875
110 190 1.3125
110 192 0.0625
110 207 0.5
110 266 0.125
111 190 0.0625
111 191 1.5
111 192 0.1875
112 192 1.375
112 194 0.375
112 205 0.3125
112 266 0.125
113 117 0.25
113 192 0.25
113 193 1.3125
113 194 0.1875
114 117 0.5625
114 193 0.125
114 194 1.25
114 196 0.8125
115 164 1.25
115 167 0.25
115 193 0.0625
115 194 0.125
115 195 0.1875
115 196 0.4375
116 163 0.0625
116 164 0.0625
116 196 0.0625
117 162 0.0625
117 163 1.25
117 164 0.125
118 161 0.0625
118 162 1.25
119 160 0.0625
119 161 1.25
119 162 0.5625
120 160 1.25
120 161 0.0625
121 137 0.125
121 158 0.0625
121 159 1.3125
121 160 0.4375
122 157 0.0625
122 158 1.25
123 133 0.25
123 134 0.375
123 135 0.1875
123 150 0.125
123 152 0.3125
123 156 0.0625
123 157 1.3125
123 158 0.375
124 152 0.0625
124 156 1.1875
124 157 0.3125
125 129 0.3125
125 131 0.0625
125 132 0.125
125 133 0.1875
125 152 0.3125
125 153 0.5
125 154 1.5
125 155 1.1875
125 156 0.125
126 129 0.3125
126 154 1.3125
126 155 0.0625
127 154 0.0625
127 155 0.0625
129 154 0.1875
131 154 0.0625
131 182 0.0625
132 151 0.1875
132 152 1.25
132 176 0.3125
132 182 0.125
133 150 0.0625
133 151 1.1875
133 152 0.25
133 174 0.1875
133 176 0.1875
133 182 0.25
133 187 0.4375
134 147 0.375
134 150 0.5625
134 151 0.0625
134 174 0.5
134 175 0.4375
134 176 0.1875
135 145 0.0625
135 146 1.25
135 147 0.125
135 150 0.375
135 172 0.0625
135 173 1.25
136 144 0.4375
136 145 1.3125
136 172 1.25
136 173 0.375
137 140 0.3125
137 145 0.3125
137 162 0.125
137 171 1.125
137 172 0.125
138 170 0.6875
138 171 0.5
138 173 0.125
138 308 0.1875
139 170 0.4375
139 191 0.0625
139 193 0.0625
140 145 0.0625
140 162 0.3125
141 165 0.0625
142 145 0.0625
143 146 1.125
144 147 0.125
146 149 1.25
146 150 0.3125
146 160 0.125
147 150 1.375
147 151 0.0625
147 175 0.0625
148 151 0.0625
149 158 0.0625
149 160 0.1875
150 160 0.125
151 156 0.25
151 158 0.0625
151 176 0.0625
152 156 1
152 158 0.25
153 156 0.4375
164 193 0.0625
166 170 0.3125
166 193 0.1875
167 170 0.375
167 193 1.5625
167 194 0.1875
167 195 0.0625
168 191 0.0625
168 192 1.3125
168 193 0.3125
168 292 1.125
169 191 1.25
169 192 0.0625
169 266 0.25
169 310 0.3125
169 311 0.0625
169 312 0.125
170 189 0.0625
170 190 1.5
170 191 0.4375
170 193 0.0625
171 189 1.3125
171 190 0.1875
171 268 0.0625
171 269 0.125
171 309 0.0625
172 188 1.375
172 189 0.6875
172 190 0.375
173 183 0.25
173 187 1.25
173 188 0.0625
174 182 0.25
174 183 0.0625
174 187 0.1875
175 179 0.125
176 179 0.0625
176 182 0.351562
177 182 0.0390625
178 181 0.898438
178 182 0.0390625
179 182 0.78125
179 183 0.195312
180 183 0.820312
180 184 0.078125
181 184 0.78125
181 185 0.195312
181 227 0.375
181 229 0.0625
182 185 0.664062
182 186 0.664062
182 187 0.117188
183 186 0.742188
183 188 0.117188
183 270 0.0625
183 272 0.0625
184 213 0.125
184 227 0.0625
184 272 0.125
185 227 0.0625
188 209 0.125
188 211 0.0625
188 213 0.125
189 207 0.3125
190 207 0.25
190 209 0.125
190 266 0.0625
190 267 0.0625
190 268 0.0625
192 266 0.25
194 198 0.125
195 198 0.1875
195 199 0.1875
199 264 0.0625
199 289 0.0625
200 264 0.0625
202 262 1.1875
202 263 0.1875
202 264 0.0625
203 261 0.5625
203 262 1.375
204 256 0.25
204 257 0.125
204 261 0.25
204 262 0.1875
204 263 1.25
204 264 0.125
205 264 1.25
205 266 0.375
206 255 0.1875
206 256 0.125
206 263 0.125
206 264 0.0625
206 265 1.1875
206 266 0.25
206 342 0.125
207 243 0.125
207 266 1.1875
208 242 0.125
208 243 0.1875
208 249 0.0625
208 265 0.1875
208 266 0.1875
208 267 1.25
208 268 0.125
209 241 0.0625
209 242 1.25
209 243 0.1875
209 268 1.5
209 269 0.0625
210 240 0.0625
210 241 1.3125
210 242 0.25
210 268 0.0625
210 269 1.3125
210 270 1.125
210 276 0.375
210 327 0.4375
211 240 1.1875
211 241 0.125
211 271 1.25
212 237 0.1875
212 239 1.25
212 271 0.75
212 272 0.5
212 273 0.3125
212 274 0.4375
213 237 1.25
213 238 1.125
213 239 0.25
213 241 0.125
214 226 0.0625
214 227 1.3125
214 228 0.1875
214 231 0.5
214 232 0.25
214 235 0.0625
214 236 0.375
214 237 0.5
214 272 0.0625
214 273 0.25
215 225 0.3125
215 226 1.1875
215 228 0.1875
215 231 0.25
215 238 0.0625
215 239 0.0625
216 225 0.0625
216 226 0.125
216 228 0.25
216 231 0.1875
217 225 0.0625
217 231 0.125
217 238 0.125
218 221 0.125
218 238 0.625
219 238 0.25
219 239 0.625
219 335 0.1875
220 239 0.0625
221 225 0.3125
222 225 0.125
227 232 0.0390625
228 231 0.9375
228 232 0.0390625
229 232 0.78125
229 233 0.078125
230 233 0.703125
230 234 0.078125
231 234 0.820312
231 235 0.742188
231 236 0.117188
231 238 0.3125
232 235 0.078125
232 273 0.125
235 273 0.25
237 240 0.0625
237 274 0.0625
237 336 0.25
238 336 0.125
239 246 0.0625
239 336 1.375
240 274 0.0625
240 336 1.375
240 337 1.375
240 338 0.125
241 244 0.1875
241 245 0.25
241 246 0.125
241 337 0.125
242 245 0.0625
242 248 0.0625
242 278 0.125
242 325 0.1875
242 326 0.25
242 338 0.3125
242 339 0.125
243 248 0.0625
243 249 0.1875
245 248 0.1875
247 250 0.1875
247 253 0.125
248 253 0.25
249 253 1.625
249 254 0.125
249 255 0.0625
249 340 1.25
249 341 0.125
250 253 1.4375
250 339 0.25
250 340 0.1875
250 341 0.6875
251 254 0.125
251 341 0.0625
254 341 1.375
254 343 0.125
255 341 0.25
255 342 1.5625
255 343 0.1875
256 342 0.0625
256 343 1.1875
257 261 0.375
257 343 0.0625
257 344 1.25
258 261 0.375
258 344 0.125
258 345 1.3125
259 317 1.25
259 318 0.125
259 320 0.125
259 344 0.0625
259 345 0.125
260 317 0.0625
261 316 1.25
262 315 1.25
263 314 1.3125
263 315 0.5
263 317 0.0625
264 312 0.125
264 313 1.3125
264 314 0.375
265 278 0.125
265 280 0.0625
265 311 0.0625
265 312 1.25
265 313 0.3125
265 315 0.125
265 325 0.125
266 311 1.125
267 278 0.0625
267 305 0.0625
267 310 1.25
267 311 0.375
268 309 1.1875
269 274 0.25
269 275 0.125
269 305 0.25
269 306 0.375
269 307 1.1875
269 308 1.1875
269 309 0.1875
273 307 0.0625
274 307 0.125
274 332 0.25
275 304 0.0625
275 305 1.25
275 327 0.0625
275 332 0.125
276 303 0.0625
276 304 1.3125
276 327 0.625
277 302 0.1875
277 303 1.25
277 304 0.0625
277 326 0.0625
277 327 1.375
277 328 0.125
278 285 0.1875
278 302 1.3125
278 303 0.1875
278 305 0.0625
278 325 0.0625
278 326 1.25
279 285 0.125
279 301 0.375
279 324 0.0625
279 325 1.1875
279 326 0.1875
279 328 0.125
280 283 0.3125
280 285 0.125
280 323 0.0625
280 324 1.25
280 325 0.125
281 323 1.3125
281 324 0.375
282 323 0.25
283 315 0.3125
283 316 0.1875
283 323 0.0625
284 300 1.125
284 315 0.0625
285 288 0.0625
285 298 1.0625
285 299 1.1875
285 300 0.3125
285 301 0.0625
285 303 0.125
285 313 0.375
285 314 1.1875
285 315 0.0625
286 297 0.0625
286 298 1.3125
286 314 1.1875
286 315 0.25
287 297 1.25
287 312 0.0625
287 313 1.1875
287 314 0.25
288 295 0.0625
288 296 1.375
288 297 0.125
288 300 0.0625
288 303 0.0625
288 312 1.3125
289 292 0.0625
289 293 0.25
289 295 1.1875
289 296 0.125
289 311 1.125
289 312 0.4375
289 314 0.0625
290 293 0.0625
290 295 0.1875
290 297 0.0625
290 310 1.0625
291 306 0.0625
291 310 1.4375
291 311 0.0625
292 310 0.125
297 300 0.1875
300 303 0.0625
303 313 0.0625
305 309 0.1875
305 310 0.125
306 309 0.1875
306 310 0.0625
315 342 0.125
317 344 0.1875
318 352 0.0625
319 323 0.3125
319 348 0.125
319 349 0.3125
319 352 0.3125
320 323 0.0625
320 344 1.4375
320 345 0.125
320 346 0.375
320 347 0.3125
321 342 0.0625
321 343 1.1875
321 344 0.25
322 342 1.1875
322 343 0.25
323 340 0.0625
323 341 1.25
323 342 0.375
323 344 0.125
324 339 0.125
324 340 1.375
325 338 0.0625
325 339 1.25
325 340 0.1875
326 333 0.125
326 338 1.1875
327 330 0.0625
327 332 0.375
327 333 0.0625
329 332 0.390625
330 333 0.78125
330 334 0.117188
331 334 0.742188
331 335 1.05469
331 336 0.0390625
332 335 0.703125
332 336 0.859375
332 337 0.78125
332 338 0.15625
333 336 0.664062
333 337 0.703125
333 338 0.234375
333 339 0.078125
334 339 0.078125
349 352 1.1875
349 353 0.125
350 353 0.375
