nresidues = 392
52 77 0.513541
53 76 0.128385
53 118 0.128385
54 74 0.256771
54 75 0.128385
54 76 2.56771
54 77 0.385156
55 77 2.43932
55 79 0.513541
56 72 0.256771
56 76 0.128385
56 77 0.256771
56 78 2.56771
56 79 0.256771
57 78 0.128385
57 79 2.56771
58 78 0.256771
58 79 0.256771
58 80 0.128385
59 67 0.256771
59 68 0.128385
60 67 0.128385
60 109 0.770312
60 110 2.69609
60 111 0.128385
61 65 0.770312
61 66 0.770312
61 67 0.513541
61 109 2.82448
61 110 0.128385
62 65 0.385156
62 103 0.385156
62 109 0.641927
63 107 0.256771
63 207 2.56771
63 243 0.128385
64 205 0.128385
64 206 2.82448
64 207 0.513541
64 249 0.128385
64 255 0.128385
65 207 0.385156
66 110 0.128385
66 112 0.128385
66 205 0.770312
66 206 0.513541
66 266 0.385156
67 110 0.256771
67 112 0.513541
68 112 0.898697
69 112 0.770312
69 194 0.641927
69 201 0.128385
70 112 0.385156
70 113 0.513541
70 114 0.256771
70 194 1.02708
72 75 0.256771
72 76 0.385156
72 114 0.513541
72 117 0.898697
73 114 1.15547
74 114 0.513541
75 116 0.128385
75 117 0.513541
76 117 3.08125
76 118 0.256771
77 118 2.56771
77 120 0.256771
78 117 0.128385
78 118 0.256771
78 119 2.69609
78 120 0.256771
79 120 2.69609
80 111 0.256771
80 119 0.128385
80 120 0.256771
80 121 2.43932
80 122 0.385156
81 122 3.20963
82 103 0.770312
82 121 0.128385
82 122 0.128385
82 123 2.82448
82 124 0.385156
82 135 0.128385
82 137 0.256771
83 101 0.128385
83 102 2.56771
83 103 0.385156
83 124 2.69609
83 126 0.641927
84 101 2.82448
84 102 0.256771
84 123 0.385156
84 124 0.128385
84 125 2.95286
84 126 0.256771
84 129 0.128385
84 133 0.641927
84 187 0.256771
85 100 2.43932
85 101 1.02708
85 103 0.128385
85 104 0.128385
86 98 0.128385
86 99 2.56771
86 100 0.256771
86 129 1.54062
86 130 1.02708
86 131 0.256771
86 133 0.513541
87 97 0.128385
87 98 2.95286
87 99 0.770312
87 104 0.513541
88 96 0.256771
88 97 2.56771
88 98 0.256771
88 99 0.128385
89 96 2.56771
89 97 0.256771
89 99 0.898697
89 101 0.128385
89 104 0.256771
89 105 0.256771
89 245 0.256771
90 93 0.513541
90 95 2.69609
90 99 0.256771
90 245 0.513541
91 95 2.56771
91 99 0.513541
91 213 0.513541
91 239 0.385156
91 244 0.256771
91 245 2.43932
91 246 0.385156
92 95 0.513541
92 219 0.256771
92 239 0.256771
92 246 1.02708
93 222 0.385156
94 222 3.72317
94 223 0.128385
95 221 0.256771
95 222 0.128385
95 223 2.56771
95 239 0.385156
96 223 0.385156
96 224 2.69609
96 225 0.256771
97 184 0.128385
97 185 0.513541
97 224 0.385156
97 225 0.256771
97 227 0.385156
98 185 0.128385
99 106 0.128385
99 185 2.95286
99 213 0.128385
99 244 0.513541
99 245 0.641927
100 133 0.128385
100 182 1.15547
100 185 3.72317
100 186 2.56771
100 187 0.641927
101 104 0.770312
101 105 2.82448
101 187 0.128385
102 105 0.128385
102 108 0.256771
102 123 0.256771
102 134 0.256771
102 172 0.513541
102 173 0.513541
102 187 1.15547
102 188 0.256771
103 109 0.128385
105 245 0.641927
106 186 0.385156
106 188 0.385156
106 243 2.95286
106 244 0.385156
107 188 2.69609
107 189 0.256771
107 207 0.641927
107 209 0.385156
107 243 0.641927
108 172 0.513541
108 188 0.128385
108 207 0.513541
109 172 0.641927
109 207 0.385156
110 190 2.69609
110 192 0.128385
110 207 1.02708
110 266 0.256771
111 190 0.128385
111 191 3.08125
111 192 0.385156
112 192 2.82448
112 194 0.770312
112 205 0.641927
112 266 0.256771
113 117 0.513541
113 192 0.513541
113 193 2.69609
113 194 0.385156
114 117 1.15547
114 193 0.256771
114 194 2.56771
114 196 1.66901
115 164 2.56771
115 167 0.513541
115 193 0.128385
115 194 0.256771
115 195 0.385156
115 196 0.898697
116 163 0.128385
116 164 0.128385
116 196 0.128385
117 162 0.128385
117 163 2.56771
117 164 0.256771
118 161 0.128385
118 162 2.56771
119 160 0.128385
119 161 2.56771
119 162 1.15547
120 160 2.56771
120 161 0.128385
121 137 0.256771
121 158 0.128385
121 159 2.69609
121 160 0.898697
122 157 0.128385
122 158 2.56771
123 133 0.513541
123 134 0.770312
123 135 0.385156
123 150 0.256771
123 152 0.641927
123 156 0.128385
123 157 2.69609
123 158 0.770312
124 152 0.128385
124 156 2.43932
124 157 0.641927
125 129 0.641927
125 131 0.128385
125 132 0.256771
125 133 0.385156
125 152 0.641927
125 153 1.02708
125 154 3.08125
125 155 2.43932
125 156 0.256771
126 129 0.641927
126 154 2.69609
126 155 0.128385
127 154 0.128385
127 155 0.128385
129 154 0.385156
131 154 0.128385
131 182 0.128385
132 151 0.385156
132 152 2.56771
132 176 0.641927
132 182 0.256771
133 150 0.128385
133 151 2.43932
133 152 0.513541
133 174 0.385156
133 176 0.385156
133 182 0.513541
133 187 0.898697
134 147 0.770312
134 150 1.15547
134 151 0.128385
134 174 1.02708
134 175 0.898697
134 176 0.385156
135 145 0.128385
135 146 2.56771
135 147 0.256771
135 150 0.770312
135 172 0.128385
135 173 2.56771
136 144 0.898697
136 145 2.69609
136 172 2.56771
136 173 0.770312
137 140 0.641927
137 145 0.641927
137 162 0.256771
137 171 2.31094
137 172 0.256771
138 170 1.41224
138 171 1.02708
138 173 0.256771
138 308 0.385156
139 170 0.898697
139 191 0.128385
139 193 0.128385
140 145 0.128385
140 162 0.641927
141 165 0.128385
142 145 0.128385
143 146 2.31094
144 147 0.256771
146 149 2.56771
146 150 0.641927
146 160 0.256771
147 150 2.82448
147 151 0.128385
147 175 0.128385
148 151 0.128385
149 158 0.128385
149 160 0.385156
150 160 0.256771
151 156 0.513541
151 158 0.128385
151 176 0.128385
152 156 2.05417
152 158 0.513541
153 156 0.898697
164 193 0.128385
166 170 0.641927
166 193 0.385156
167 170 0.770312
167 193 3.20963
167 194 0.385156
167 195 0.128385
168 191 0.128385
168 192 2.69609
168 193 0.641927
168 292 2.31094
169 191 2.56771
169 192 0.128385
169 266 0.513541
169 310 0.641927
169 311 0.128385
169 312 0.256771
170 189 0.128385
170 190 3.08125
170 191 0.898697
170 193 0.128385
171 189 2.69609
171 190 0.385156
171 268 0.128385
171 269 0.256771
171 309 0.128385
172 188 2.82448
172 189 1.41224
172 190 0.770312
173 183 0.513541
173 187 2.56771
173 188 0.128385
174 182 0.513541
174 183 0.128385
174 187 0.385156
175 179 0.256771
176 179 0.128385
176 182 0.722166
177 182 0.0802408
178 181 1.84554
178 182 0.0802408
179 182 1.60482
179 183 0.401203
180 183 1.68506
180 184 0.160482
181 184 1.60482
181 185 0.401203
181 227 0.770312
181 229 0.128385
182 185 1.36409
182 186 1.36409
182 187 0.240724
183 186 1.52458
183 188 0.240724
183 270 0.128385
183 272 0.128385
184 213 0.256771
184 227 0.128385
184 272 0.256771
185 227 0.128385
188 209 0.256771
188 211 0.128385
188 213 0.256771
189 207 0.641927
190 207 0.513541
190 209 0.256771
190 266 0.128385
190 267 0.128385
190 268 0.128385
192 266 0.513541
194 198 0.256771
195 198 0.385156
195 199 0.385156
199 264 0.128385
199 289 0.128385
200 264 0.128385
202 262 2.43932
202 263 0.385156
202 264 0.128385
203 261 1.15547
203 262 2.82448
204 256 0.513541
204 257 0.256771
204 261 0.513541
204 262 0.385156
204 263 2.56771
204 264 0.256771
205 264 2.56771
205 266 0.770312
206 255 0.385156
206 256 0.256771
206 263 0.256771
206 264 0.128385
206 265 2.43932
206 266 0.513541
206 342 0.256771
207 243 0.256771
207 266 2.43932
208 242 0.256771
208 243 0.385156
208 249 0.128385
208 265 0.385156
208 266 0.385156
208 267 2.56771
208 268 0.256771
209 241 0.128385
209 242 2.56771
209 243 0.385156
209 268 3.08125
209 269 0.128385
210 240 0.128385
210 241 2.69609
210 242 0.513541
210 268 0.128385
210 269 2.69609
210 270 2.31094
210 276 0.770312
210 327 0.898697
211 240 2.43932
211 241 0.256771
211 271 2.56771
212 237 0.385156
212 239 2.56771
212 271 1.54062
212 272 1.02708
212 273 0.641927
212 274 0.898697
213 237 2.56771
213 238 2.31094
213 239 0.513541
213 241 0.256771
214 226 0.128385
214 227 2.69609
214 228 0.385156
214 231 1.02708
214 232 0.513541
214 235 0.128385
214 236 0.770312
214 237 1.02708
214 272 0.128385
214 273 0.513541
215 225 0.641927
215 226 2.43932
215 228 0.385156
215 231 0.513541
215 238 0.128385
215 239 0.128385
216 225 0.128385
216 226 0.256771
216 228 0.513541
216 231 0.385156
217 225 0.128385
217 231 0.256771
217 238 0.256771
218 221 0.256771
218 238 1.28385
219 238 0.513541
219 239 1.28385
219 335 0.385156
220 239 0.128385
221 225 0.641927
222 225 0.256771
227 232 0.0802408
228 231 1.92578
228 232 0.0802408
229 232 1.60482
229 233 0.160482
230 233 1.44433
230 234 0.160482
231 234 1.68506
231 235 1.52458
231 236 0.240724
231 238 0.641927
232 235 0.160482
232 273 0.256771
235 273 0.513541
237 240 0.128385
237 274 0.128385
237 336 0.513541
238 336 0.256771
239 246 0.128385
239 336 2.82448
240 274 0.128385
240 336 2.82448
240 337 2.82448
240 338 0.256771
241 244 0.385156
241 245 0.513541
241 246 0.256771
241 337 0.256771
242 245 0.128385
242 248 0.128385
242 278 0.256771
242 325 0.385156
242 326 0.513541
242 338 0.641927
242 339 0.256771
243 248 0.128385
243 249 0.385156
245 248 0.385156
247 250 0.385156
247 253 0.256771
248 253 0.513541
249 253 3.33802
249 254 0.256771
249 255 0.128385
249 340 2.56771
249 341 0.256771
250 253 2.95286
250 339 0.513541
250 340 0.385156
250 341 1.41224
251 254 0.256771
251 341 0.128385
254 341 2.82448
254 343 0.256771
255 341 0.513541
255 342 3.20963
255 343 0.385156
256 342 0.128385
256 343 2.43932
257 261 0.770312
257 343 0.128385
257 344 2.56771
258 261 0.770312
258 344 0.256771
258 345 2.69609
259 317 2.56771
259 318 0.256771
259 320 0.256771
259 344 0.128385
259 345 0.256771
260 317 0.128385
261 316 2.56771
262 315 2.56771
263 314 2.69609
263 315 1.02708
263 317 0.128385
264 312 0.256771
264 313 2.69609
264 314 0.770312
265 278 0.256771
265 280 0.128385
265 311 0.128385
265 312 2.56771
265 313 0.641927
265 315 0.256771
265 325 0.256771
266 311 2.31094
267 278 0.128385
267 305 0.128385
267 310 2.56771
267 311 0.770312
268 309 2.43932
269 274 0.513541
269 275 0.256771
269 305 0.513541
269 306 0.770312
269 307 2.43932
269 308 2.43932
269 309 0.385156
273 307 0.128385
274 307 0.256771
274 332 0.513541
275 304 0.128385
275 305 2.56771
275 327 0.128385
275 332 0.256771
276 303 0.128385
276 304 2.69609
276 327 1.28385
277 302 0.385156
277 303 2.56771
277 304 0.128385
277 326 0.128385
277 327 2.82448
277 328 0.256771
278 285 0.385156
278 302 2.69609
278 303 0.385156
278 305 0.128385
278 325 0.128385
278 326 2.56771
279 285 0.256771
279 301 0.770312
279 324 0.128385
279 325 2.43932
279 326 0.385156
279 328 0.256771
280 283 0.641927
280 285 0.256771
280 323 0.128385
280 324 2.56771
280 325 0.256771
281 323 2.69609
281 324 0.770312
282 323 0.513541
283 315 0.641927
283 316 0.385156
283 323 0.128385
284 300 2.31094
284 315 0.128385
285 288 0.128385
285 298 2.18255
285 299 2.43932
285 300 0.641927
285 301 0.128385
285 303 0.256771
285 313 0.770312
285 314 2.43932
285 315 0.128385
286 297 0.128385
286 298 2.69609
286 314 2.43932
286 315 0.513541
287 297 2.56771
287 312 0.128385
287 313 2.43932
287 314 0.513541
288 295 0.128385
288 296 2.82448
288 297 0.256771
288 300 0.128385
288 303 0.128385
288 312 2.69609
289 292 0.128385
289 293 0.513541
289 295 2.43932
289 296 0.256771
289 311 2.31094
289 312 0.898697
289 314 0.128385
290 293 0.128385
290 295 0.385156
290 297 0.128385
290 310 2.18255
291 306 0.128385
291 310 2.95286
291 311 0.128385
292 310 0.256771
297 300 0.385156
300 303 0.128385
303 313 0.128385
305 309 0.385156
305 310 0.256771
306 309 0.385156
306 310 0.128385
315 342 0.256771
317 344 0.385156
318 352 0.128385
319 323 0.641927
319 348 0.256771
319 349 0.641927
319 352 0.641927
320 323 0.128385
320 344 2.95286
320 345 0.256771
320 346 0.770312
320 347 0.641927
321 342 0.128385
321 343 2.43932
321 344 0.513541
322 342 2.43932
322 343 0.513541
323 340 0.128385
323 341 2.56771
323 342 0.770312
323 344 0.256771
324 339 0.256771
324 340 2.82448
325 338 0.128385
325 339 2.56771
325 340 0.385156
326 333 0.256771
326 338 2.43932
327 330 0.128385
327 332 0.770312
327 333 0.128385
329 332 0.802408
330 333 1.60482
330 334 0.240724
331 334 1.52458
331 335 2.16651
331 336 0.0802408
332 335 1.44433
332 336 1.7653
332 337 1.60482
332 338 0.320963
333 336 1.36409
333 337 1.44433
333 338 0.481445
333 339 0.160482
334 339 0.160482
349 352 2.43932
349 353 0.256771
350 353 0.770312
