L	Ls	nvertices	F_L	F_L_constrained	rho_sum	nloops	regions
  0	  0	  0	           0	           0	           0	 0	[(0, 0)]
  1	  0	  0	           0	           0	           0	 0	[(0, 1)]
  2	  0	  0	           0	           0	           0	 0	[(0, 2)]
  3	  0	  0	           0	           0	           0	 0	[(0, 3)]
  4	  0	  0	           0	           0	           0	 0	[(0, 4)]
  5	  0	  0	           0	           0	           0	 0	[(0, 5)]
  6	  0	  0	           0	           0	           0	 0	[(0, 6)]
  7	  0	  2	           0	     3.71254	    0.304938	 1	[(0, 7)]
  8	  0	  4	           0	     2.24435	    0.292505	 1	[(0, 8)]
  9	  0	  6	           0	     4.68091	     5.26265	 0	[(0, 9)]
 10	  0	  7	           0	     4.61324	     5.76577	 0	[(0, 10)]
 11	  0	  8	           0	     4.46897	     6.24324	 0	[(0, 11)]
 12	  0	  9	           0	     4.43847	     7.20827	 0	[(0, 12)]
 13	  0	 10	           0	     4.84211	     7.14007	 0	[(0, 13)]
 14	  0	 10	           0	     4.84211	     7.14007	 0	[(0, 14)]
 15	  0	 11	           0	     3.87083	     9.05179	 0	[(0, 15)]
 16	  0	 12	           0	      4.0931	     9.19629	 0	[(0, 16)]
 17	  0	 12	           0	      4.0931	     9.19629	 0	[(0, 17)]
 18	  0	 13	           0	      3.9267	     9.35313	 0	[(0, 18)]
 19	  0	 13	           0	      3.9267	     9.35313	 0	[(0, 19)]
 20	  0	 13	           0	      3.9267	     9.35313	 0	[(0, 20)]
 21	  0	 13	           0	      3.9267	     9.35313	 0	[(0, 21)]
 22	  0	 15	           0	     3.81119	     9.48523	 0	[(0, 22)]
 23	  0	 15	           0	     3.81119	     9.48523	 0	[(0, 23)]
 24	  0	 17	           0	     3.66724	     9.65752	 0	[(0, 24)]
 25	  0	 18	           0	     6.85376	     11.6868	 1	[(0, 25)]
 26	  0	 20	           0	     8.11985	     11.4886	 1	[(0, 26)]
 27	  4	 21	           0	     7.00549	     12.6742	 1	[(4, 27)]
 28	  0	 23	           0	     7.51806	     14.6347	 1	[(0, 28)]
 29	  4	 22	           0	      7.5337	     12.5847	 1	[(4, 29)]
 30	  4	 22	           0	      7.5337	     12.5847	 1	[(4, 30)]
 31	  4	 22	           0	      7.5337	     12.5847	 1	[(4, 31)]
 32	  4	 22	           0	      7.5337	     12.5847	 1	[(4, 32)]
 33	  4	 22	           0	      7.5337	     12.5847	 1	[(4, 33)]
 34	  4	 22	           0	      7.5337	     12.5847	 1	[(4, 34)]
 35	  4	 22	           0	      7.5337	     12.5847	 1	[(4, 35)]
 36	  4	 22	           0	      7.5337	     12.5847	 1	[(4, 36)]
 37	  4	 22	           0	      7.5337	     12.5847	 1	[(4, 37)]
 38	  4	 22	           0	      7.5337	     12.5847	 1	[(4, 38)]
 39	  4	 22	           0	      7.5337	     12.5847	 1	[(4, 39)]
 40	 36	  3	           0	     3.85772	    0.334949	 1	[(36, 40)]
 41	 36	  5	           0	     2.35844	    0.277394	 1	[(36, 41)]
 42	 36	  7	           0	     3.85709	     5.19199	 0	[(36, 42)]
 43	 36	  8	           0	     4.06705	     5.78681	 0	[(36, 43)]
 44	 36	  9	           0	     3.85104	     6.98506	 0	[(36, 44)]
 45	 36	 10	           0	     4.23224	     6.63416	 0	[(36, 45)]
 46	 36	 10	           0	     4.23224	     6.63416	 0	[(36, 46)]
 47	 36	 10	           0	     4.23224	     6.63416	 0	[(36, 47)]
 48	 36	 10	           0	     4.23224	     6.63416	 0	[(36, 48)]
 49	 36	 11	           0	     10.1421	      6.7701	 1	[(36, 49)]
 50	 36	 11	           0	     10.1421	      6.7701	 1	[(36, 50)]
 51	 36	 11	           0	     10.1421	      6.7701	 1	[(36, 51)]
 52	 36	 11	           0	     10.1421	      6.7701	 1	[(36, 52)]
 53	 36	 11	           0	     10.1421	      6.7701	 1	[(36, 53)]
 54	 29	 23	           0	     14.6919	      17.936	 1	[(29, 54)]
 55	 29	 23	           0	     14.6919	      17.936	 1	[(29, 55)]
 56	 29	 23	           0	     14.6919	      17.936	 1	[(29, 56)]
 57	 29	 23	           0	     14.6919	      17.936	 1	[(29, 57)]
 58	 29	 24	           0	     19.8433	     18.0753	 2	[(29, 58)]
 59	 55	  3	           0	     3.90049	    0.293418	 1	[(55, 59)]
 60	 55	  5	           0	     2.35515	    0.266915	 1	[(55, 60)]
 61	 55	  7	           0	     5.27901	     5.69189	 0	[(55, 61)]
 62	 55	  8	           0	     5.20343	     6.14441	 0	[(55, 62)]
 63	 55	  9	           0	     4.94982	     6.55819	 0	[(55, 63)]
 64	 55	 10	           0	     4.62777	     6.97407	 0	[(55, 64)]
 65	 55	 11	           0	     4.21584	     8.52995	 0	[(55, 65)]
 66	 55	 12	           0	     4.81817	      8.6622	 0	[(55, 66)]
 67	 55	 12	           0	     4.81817	      8.6622	 0	[(55, 67)]
 68	 55	 12	           0	     4.81817	      8.6622	 0	[(55, 68)]
 69	 55	 12	           0	     4.81817	      8.6622	 0	[(55, 69)]
 70	 66	  3	           0	     3.88698	    0.328501	 1	[(66, 70)]
 71	 66	  5	           0	     2.37335	    0.279106	 1	[(66, 71)]
 72	 66	  7	           0	     3.80564	     5.49822	 0	[(66, 72)]
 73	 66	  8	           0	     3.64227	     6.58267	 0	[(66, 73)]
 74	 66	  9	           0	     3.33058	     7.74275	 0	[(66, 74)]
 75	 66	 10	           0	     3.24676	     8.62376	 0	[(66, 75)]
 76	 66	 11	           0	     2.96009	      9.6694	 0	[(66, 76)]
 77	 66	 12	           0	     2.35467	     10.8111	 0	[(66, 77)]
 78	 66	 13	           0	     2.35079	     11.6763	 0	[(66, 78)]
 79	 66	 14	           0	     2.23931	     12.5687	 0	[(66, 79)]
 80	 66	 15	           0	     2.06544	     13.5107	 0	[(66, 80)]
 81	 66	 16	           0	     1.94029	     14.5402	 0	[(66, 81)]
 82	 66	 17	           0	     2.51233	      14.178	 0	[(66, 82)]
 83	 66	 18	           0	     2.64641	     13.4423	 0	[(66, 83)]
 84	 66	 18	           0	     2.64641	     13.4423	 0	[(66, 84)]
 85	 66	 18	           0	     2.64641	     13.4423	 0	[(66, 85)]
 86	 66	 19	           0	     2.50733	     13.6072	 0	[(66, 86)]
 87	 66	 19	           0	     2.50733	     13.6072	 0	[(66, 87)]
 88	 66	 19	           0	     2.50733	     13.6072	 0	[(66, 88)]
 89	 66	 19	           0	     2.50733	     13.6072	 0	[(66, 89)]
 90	 66	 19	           0	     2.50733	     13.6072	 0	[(66, 90)]
 91	 66	 19	           0	     2.50733	     13.6072	 0	[(66, 91)]
 92	 66	 22	           0	     2.24945	     13.8664	 0	[(66, 92)]
 93	 66	 24	           0	     2.26908	     13.8537	 0	[(66, 93)]
 94	 66	 24	           0	     2.26908	     13.8537	 0	[(66, 94)]
 95	 66	 25	           0	     2.14137	     13.9745	 0	[(66, 95)]
 96	 66	 25	           0	     2.14137	     13.9745	 0	[(66, 96)]
 97	 66	 26	           0	     1.85763	     14.2307	 0	[(66, 97)]
 98	 95	  2	           0	     3.71254	    0.304938	 1	[(95, 98)]
 99	 95	  4	           0	     2.25103	    0.295039	 1	[(95, 99)]
100	 95	  6	           0	     4.50695	     5.23418	 0	[(95, 100)]
101	 95	  7	           0	     4.34328	     5.72802	 0	[(95, 101)]
102	 95	  8	           0	     4.32076	     6.22356	 0	[(95, 102)]
103	 95	  9	           0	     4.78554	     6.60242	 0	[(95, 103)]
104	 95	 10	           0	       5.027	     6.50727	 0	[(95, 104)]
105	 95	 11	           0	     5.01654	     6.82143	 0	[(95, 105)]
106	 95	 12	           0	     5.01349	     6.74946	 0	[(95, 106)]
107	 95	 13	           0	     5.00021	     6.65994	 0	[(95, 107)]
108	 95	 13	           0	     5.00021	     6.65994	 0	[(95, 108)]
109	 95	 14	           0	     4.86341	     6.83084	 0	[(95, 109)]
110	 95	 14	           0	     4.86341	     6.83084	 0	[(95, 110)]
111	 95	 14	           0	     4.86341	     6.83084	 0	[(95, 111)]
112	  0	109	           0	     3.59941	      94.121	 3	[(0, 112)]
113	  0	110	           0	     4.14358	     95.1621	 3	[(0, 113)]
114	  0	111	           0	     2.56694	     96.5855	 3	[(0, 114)]
115	  0	112	           0	     3.17503	     96.9085	 3	[(0, 115)]
116	  0	112	           0	     3.17503	     96.9085	 3	[(0, 116)]
117	  0	112	           0	     3.17503	     96.9085	 3	[(0, 117)]
118	114	  3	           0	     3.89874	    0.304761	 1	[(114, 118)]
119	114	  5	           0	     2.37054	    0.271498	 1	[(114, 119)]
120	114	  7	   -0.159765	   -0.159765	    0.165091	 0	[(114, 120)]
121	 95	 22	   -0.159765	     4.68741	     6.99704	 0	[(95, 121)]
122	114	  9	   -0.159765	     5.02449	     6.61345	 0	[(114, 122)]
123	114	 10	   -0.159765	     5.02674	     7.04488	 0	[(114, 123)]
124	  0	121	   -0.159765	     4.75132	     105.868	 3	[(0, 124)]
125	  0	122	   -0.159765	     3.96785	      107.05	 3	[(0, 125)]
126	  0	123	   -0.159765	     2.42927	     108.266	 3	[(0, 126)]
127	  0	124	   -0.159765	     1.84022	     109.285	 3	[(0, 127)]
128	  0	125	   -0.159765	     1.09115	     110.529	 3	[(0, 128)]
129	  0	126	   -0.159765	    0.657305	     111.438	 3	[(0, 129)]
130	  0	128	   -0.159765	    0.028035	     112.587	 3	[(0, 130)]
131	  0	129	     -2.1678	     -2.1678	     114.156	 3	[(0, 131)]
132	  0	130	     -2.1678	    -1.39146	     114.418	 3	[(0, 132)]
133	  0	130	     -2.1678	    -1.39146	     114.418	 3	[(0, 133)]
134	  0	130	     -2.1678	    -1.39146	     114.418	 3	[(0, 134)]
135	  0	130	     -2.1678	    -1.39146	     114.418	 3	[(0, 135)]
136	  0	130	     -2.1678	    -1.39146	     114.418	 3	[(0, 136)]
137	  0	130	     -2.1678	    -1.39146	     114.418	 3	[(0, 137)]
138	  0	130	     -2.1678	    -1.39146	     114.418	 3	[(0, 138)]
139	  0	130	     -2.1678	    -1.39146	     114.418	 3	[(0, 139)]
140	  0	130	     -2.1678	    -1.39146	     114.418	 3	[(0, 140)]
141	  0	130	     -2.1678	    -1.39146	     114.418	 3	[(0, 141)]
142	  0	130	     -2.1678	    -1.39146	     114.418	 3	[(0, 142)]
143	  0	130	     -2.1678	    -1.39146	     114.418	 3	[(0, 143)]
144	  0	130	     -2.1678	    -1.39146	     114.418	 3	[(0, 144)]
145	  0	130	     -2.1678	    -1.39146	     114.418	 3	[(0, 145)]
146	  0	132	     -2.1678	     2.34058	     114.682	 4	[(0, 146)]
147	  0	135	     -2.1678	     1.02992	      114.69	 4	[(0, 147)]
148	  0	136	     -2.1678	      3.0751	     118.626	 4	[(0, 148)]
149	  0	139	     -2.1678	     4.32969	     120.603	 4	[(0, 149)]
150	  0	141	     -2.1678	     3.94284	      122.94	 4	[(0, 150)]
151	  0	143	     -2.1678	     4.18252	     124.955	 4	[(0, 151)]
152	  0	143	     -2.1678	     4.18252	     124.955	 4	[(0, 152)]
153	  0	143	     -2.1678	     4.18252	     124.955	 4	[(0, 153)]
154	  0	143	     -2.1678	     4.18252	     124.955	 4	[(0, 154)]
155	  0	143	     -2.1678	     4.18252	     124.955	 4	[(0, 155)]
156	  0	143	     -2.1678	     4.18252	     124.955	 4	[(0, 156)]
157	  0	143	     -2.1678	     4.18252	     124.955	 4	[(0, 157)]
158	155	132	     -2.1678	     2.32108	     114.723	 4	[(0, 145), (155, 158)]
159	155	134	     -2.1678	    0.863083	     114.717	 4	[(0, 145), (155, 159)]
160	155	136	     -2.1678	     2.96677	      119.61	 3	[(0, 145), (155, 160)]
161	155	137	     -2.1678	     2.86558	     120.139	 3	[(0, 145), (155, 161)]
162	155	138	     -2.1678	     2.83767	     120.649	 3	[(0, 145), (155, 162)]
163	155	139	     -2.1678	     2.78764	     122.051	 3	[(0, 145), (155, 163)]
164	155	140	     -2.1678	     2.71151	     123.097	 3	[(0, 145), (155, 164)]
165	155	141	     -2.1678	     2.57823	     124.133	 3	[(0, 145), (155, 165)]
166	155	142	     -2.1678	     2.36646	     125.185	 3	[(0, 145), (155, 166)]
167	155	143	     -2.1678	     2.14486	     126.223	 3	[(0, 145), (155, 167)]
168	155	144	     -2.1678	      1.7698	     127.298	 3	[(0, 145), (155, 168)]
169	155	145	     -2.1678	     1.57512	     128.254	 3	[(0, 145), (155, 169)]
170	155	146	     -2.1678	     1.64427	     128.947	 3	[(0, 145), (155, 170)]
171	155	147	     -2.1678	     2.10166	     128.656	 3	[(0, 145), (155, 171)]
172	155	147	     -2.1678	     2.10166	     128.656	 3	[(0, 145), (155, 172)]
173	155	148	     -2.1678	     1.93932	      128.82	 3	[(0, 145), (155, 173)]
174	155	148	     -2.1678	     1.93932	      128.82	 3	[(0, 145), (155, 174)]
175	155	148	     -2.1678	     1.93932	      128.82	 3	[(0, 145), (155, 175)]
176	155	149	     -2.1678	     1.74432	     129.003	 3	[(0, 145), (155, 176)]
177	155	149	     -2.1678	     1.74432	     129.003	 3	[(0, 145), (155, 177)]
178	155	149	     -2.1678	     1.74432	     129.003	 3	[(0, 145), (155, 178)]
179	  0	173	     -2.1678	     2.25084	     152.868	 4	[(0, 179)]
180	155	151	     -2.1678	      1.6495	     129.111	 3	[(0, 145), (155, 180)]
181	155	151	     -2.1678	      1.6495	     129.111	 3	[(0, 145), (155, 181)]
182	155	151	     -2.1678	      1.6495	     129.111	 3	[(0, 145), (155, 182)]
183	155	151	     -2.1678	      1.6495	     129.111	 3	[(0, 145), (155, 183)]
184	155	151	     -2.1678	      1.6495	     129.111	 3	[(0, 145), (155, 184)]
185	155	151	     -2.1678	      1.6495	     129.111	 3	[(0, 145), (155, 185)]
186	155	151	     -2.1678	      1.6495	     129.111	 3	[(0, 145), (155, 186)]
187	178	134	     -2.1678	     2.55927	     114.759	 4	[(0, 145), (178, 187)]
188	178	135	     -2.1678	     4.45775	     118.169	 4	[(0, 145), (178, 188)]
189	178	138	     -2.1678	      4.6623	     120.141	 4	[(0, 145), (178, 189)]
190	  0	185	     -2.1678	     5.75128	     163.952	 5	[(0, 190)]
191	  0	186	     -2.1678	     3.01198	     165.005	 5	[(0, 191)]
192	  0	187	     -2.1678	     2.12497	     165.962	 5	[(0, 192)]
193	  0	188	     -2.1678	    0.279972	     166.998	 5	[(0, 193)]
194	  0	188	     -2.1678	    0.279972	     166.998	 5	[(0, 194)]
195	  0	188	     -2.1678	    0.279972	     166.998	 5	[(0, 195)]
196	  0	189	     -2.1678	     3.49019	     167.591	 6	[(0, 196)]
197	192	135	     -2.1678	     1.00115	     114.672	 4	[(0, 145), (192, 197)]
198	192	136	     -2.1678	     1.10827	     114.656	 4	[(0, 145), (192, 198)]
199	192	137	     -2.1678	    0.951719	     114.666	 4	[(0, 145), (192, 199)]
200	192	137	     -2.1678	    0.951719	     114.666	 4	[(0, 145), (192, 200)]
201	192	137	     -2.1678	    0.951719	     114.666	 4	[(0, 145), (192, 201)]
202	192	137	     -2.1678	    0.951719	     114.666	 4	[(0, 145), (192, 202)]
203	192	137	     -2.1678	    0.951719	     114.666	 4	[(0, 145), (192, 203)]
204	192	137	     -2.1678	    0.951719	     114.666	 4	[(0, 145), (192, 204)]
205	198	132	     -2.1678	     2.27565	     114.849	 4	[(0, 145), (198, 205)]
206	198	135	     -2.1678	     3.67406	     117.789	 4	[(0, 145), (198, 206)]
207	198	137	     -2.1678	     4.22709	     120.008	 4	[(0, 145), (198, 207)]
208	198	139	     -2.1678	      4.3516	     122.143	 4	[(0, 145), (198, 208)]
209	198	140	     -2.1678	     3.85183	     123.915	 4	[(0, 145), (198, 209)]
210	198	141	     -2.1678	      4.4618	      124.31	 4	[(0, 145), (198, 210)]
211	198	142	     -2.1678	     4.91754	     124.142	 4	[(0, 145), (198, 211)]
212	198	143	     -2.1678	     4.18272	     125.262	 4	[(0, 145), (198, 212)]
213	  0	206	     -2.1678	      3.9083	     182.787	 7	[(0, 213)]
214	  0	207	     -2.1678	   -0.014563	      184.24	 7	[(0, 214)]
215	  0	208	     -2.1678	    0.657259	      184.65	 7	[(0, 215)]
216	  0	209	     -2.1678	     1.08707	     184.747	 7	[(0, 216)]
217	198	 17	     -2.1678	     1.77443	     15.1016	 1	[(198, 217)]
218	198	 18	     -2.1678	    0.708952	     16.7082	 1	[(198, 218)]
219	198	 19	     -2.1678	    0.840232	     17.1798	 1	[(198, 219)]
220	  0	213	     -2.1678	      0.9561	     189.101	 8	[(0, 220)]
221	198	 20	     -2.1678	     1.22587	     16.7428	 1	[(198, 221)]
222	  0	215	     -2.1678	   -0.797548	     190.834	 8	[(0, 222)]
223	  0	216	    -6.02687	    -6.02687	      192.02	 8	[(0, 223)]
224	  0	217	    -11.8116	    -11.8116	     193.287	 8	[(0, 224)]
225	  0	218	    -13.9878	    -13.9878	     194.314	 8	[(0, 225)]
226	  0	219	    -14.8001	    -14.8001	     195.197	 8	[(0, 226)]
227	  0	220	    -16.3445	    -16.3445	     196.235	 8	[(0, 227)]
228	  0	221	    -17.3705	    -17.3705	     197.206	 8	[(0, 228)]
229	  0	222	    -19.3155	    -19.3155	     198.544	 8	[(0, 229)]
230	  0	223	    -21.3939	    -21.3939	     200.341	 8	[(0, 230)]
231	  0	224	    -21.3939	    -20.8394	     200.811	 8	[(0, 231)]
232	  0	224	    -21.3939	    -20.8394	     200.811	 8	[(0, 232)]
233	  0	224	    -21.3939	    -20.8394	     200.811	 8	[(0, 233)]
234	  0	224	    -21.3939	    -20.8394	     200.811	 8	[(0, 234)]
235	  0	224	    -21.3939	    -20.8394	     200.811	 8	[(0, 235)]
236	  0	226	    -21.3939	    -20.4237	     200.881	 8	[(0, 236)]
237	  0	226	    -21.3939	    -20.4237	     200.881	 8	[(0, 237)]
238	  0	226	    -21.3939	    -20.4237	     200.881	 8	[(0, 238)]
239	  0	226	    -21.3939	    -20.4237	     200.881	 8	[(0, 239)]
240	  0	226	    -21.3939	    -20.4237	     200.881	 8	[(0, 240)]
241	  0	226	    -21.3939	    -20.4237	     200.881	 8	[(0, 241)]
242	  0	226	    -21.3939	    -20.4237	     200.881	 8	[(0, 242)]
243	  0	229	    -21.3939	     -20.764	      201.34	 8	[(0, 243)]
244	  0	231	    -21.3939	    -20.6774	     201.164	 8	[(0, 244)]
245	  0	233	    -21.3939	    -17.5654	     206.703	 8	[(0, 245)]
246	  0	234	    -21.3939	    -18.1376	     207.752	 8	[(0, 246)]
247	  0	235	    -21.3939	    -17.7508	     208.231	 8	[(0, 247)]
248	  0	235	    -21.3939	    -17.7508	     208.231	 8	[(0, 248)]
249	  0	235	    -21.3939	    -17.7508	     208.231	 8	[(0, 249)]
250	  0	235	    -21.3939	    -17.7508	     208.231	 8	[(0, 250)]
251	  0	235	    -21.3939	    -17.7508	     208.231	 8	[(0, 251)]
252	  0	236	    -21.3939	    -17.9167	     208.386	 8	[(0, 252)]
253	  0	236	    -21.3939	    -17.9167	     208.386	 8	[(0, 253)]
254	  0	237	    -21.3939	    -18.1678	     208.608	 8	[(0, 254)]
255	  0	238	    -21.3939	      -18.18	     208.663	 8	[(0, 255)]
256	  0	240	    -21.3939	    -7.82118	     208.452	10	[(0, 256)]
257	  0	241	    -21.3939	    -5.76759	      212.68	10	[(0, 257)]
258	  0	242	    -21.3939	    -6.91388	      213.82	10	[(0, 258)]
259	  0	244	    -21.3939	    -18.0808	     216.112	 9	[(0, 259)]
260	  0	246	    -21.3939	    -20.9639	     218.107	 9	[(0, 260)]
261	  0	247	     -23.234	     -23.234	      219.18	 9	[(0, 261)]
262	  0	248	    -24.8472	    -24.8472	     220.157	 9	[(0, 262)]
263	  0	249	    -24.8472	    -19.2869	     221.471	10	[(0, 263)]
264	  0	250	    -24.8472	    -20.2607	      223.27	10	[(0, 264)]
265	  0	252	    -24.8472	    -18.7069	     224.744	11	[(0, 265)]
266	  0	254	    -24.8472	    -18.7942	     224.916	10	[(0, 266)]
267	  0	254	    -24.8472	    -18.7942	     224.916	10	[(0, 267)]
268	  0	254	    -24.8472	    -18.7942	     224.916	10	[(0, 268)]
269	  0	254	    -24.8472	    -18.7942	     224.916	10	[(0, 269)]
270	  0	256	    -24.8472	    -13.4189	     224.618	11	[(0, 270)]
271	  0	256	    -24.8472	    -13.4189	     224.618	11	[(0, 271)]
272	  0	257	    -24.8472	    -11.3813	     224.835	12	[(0, 272)]
273	  0	258	    -24.8472	     -11.242	     224.963	12	[(0, 273)]
274	  0	260	    -24.8472	    -13.2756	     224.691	11	[(0, 274)]
275	  0	261	    -24.8472	    -10.2048	     230.609	11	[(0, 275)]
276	  0	262	    -24.8472	     -10.593	     230.397	11	[(0, 276)]
277	  0	263	    -24.8472	    -12.2812	     231.481	11	[(0, 277)]
278	  0	264	    -24.8472	    -12.4981	     232.457	11	[(0, 278)]
279	  0	265	    -24.8472	    -13.0021	      233.45	11	[(0, 279)]
280	  0	266	    -24.8472	    -14.1676	     234.757	11	[(0, 280)]
281	  0	267	    -24.8472	    -14.7409	     235.922	11	[(0, 281)]
282	  0	268	    -24.8472	    -15.9462	     237.024	11	[(0, 282)]
283	  0	269	    -24.8472	    -17.6854	      238.09	11	[(0, 283)]
284	  0	270	    -24.8472	    -18.4083	     239.075	11	[(0, 284)]
285	  0	271	    -24.8472	    -18.8476	     239.963	11	[(0, 285)]
286	  0	272	    -24.8472	    -20.0268	     241.082	11	[(0, 286)]
287	  0	273	    -24.8472	    -20.3748	     241.983	11	[(0, 287)]
288	  0	274	    -24.8472	    -20.8139	     242.954	11	[(0, 288)]
289	  0	275	    -24.8472	    -20.9487	     243.751	11	[(0, 289)]
290	  0	276	    -24.8472	    -21.4665	      244.72	11	[(0, 290)]
291	  0	277	    -24.8472	    -21.0173	     245.093	11	[(0, 291)]
292	  0	277	    -24.8472	    -21.0173	     245.093	11	[(0, 292)]
293	  0	278	    -24.8472	    -18.9867	     245.395	12	[(0, 293)]
294	  0	279	    -24.8472	    -18.9799	     246.296	12	[(0, 294)]
295	  0	281	    -24.8472	    -19.5773	     248.988	11	[(0, 295)]
296	  0	282	    -24.8472	    -19.4662	      250.62	11	[(0, 296)]
297	  0	283	    -24.8472	    -20.0341	     251.814	11	[(0, 297)]
298	  0	284	    -24.8472	    -20.2693	     252.746	11	[(0, 298)]
299	  0	285	    -24.8472	     -20.379	     253.678	11	[(0, 299)]
300	  0	286	    -24.8472	    -20.8397	     254.743	11	[(0, 300)]
301	  0	287	    -24.8472	    -21.3082	     255.821	11	[(0, 301)]
302	  0	288	    -24.8472	    -21.4446	     256.736	11	[(0, 302)]
303	  0	289	    -24.8472	    -22.0683	     257.823	11	[(0, 303)]
304	  0	290	    -24.8472	    -22.2973	     258.741	11	[(0, 304)]
305	  0	291	    -24.8472	    -22.3524	     259.615	11	[(0, 305)]
306	  0	292	    -24.8472	    -23.3438	     260.832	11	[(0, 306)]
307	  0	293	    -24.8472	    -23.5691	     261.767	11	[(0, 307)]
308	  0	294	    -24.8472	    -23.7549	     262.705	11	[(0, 308)]
309	  0	295	    -24.8472	    -23.4021	     263.085	11	[(0, 309)]
310	  0	295	    -24.8472	    -23.4021	     263.085	11	[(0, 310)]
311	  0	295	    -24.8472	    -23.4021	     263.085	11	[(0, 311)]
312	  0	295	    -24.8472	    -23.4021	     263.085	11	[(0, 312)]
