nresidues = 146
0 28 0.133156
0 69 0.133156
0 70 2.79628
0 71 0.399468
1 68 0.532625
1 69 2.52997
1 70 0.932093
2 25 0.932093
2 28 0.665781
2 68 2.66312
2 69 0.932093
3 25 0.532625
3 67 2.79628
3 68 0.266312
4 25 0.399468
4 66 2.66312
4 67 0.532625
5 65 2.66312
5 66 0.665781
6 17 0.532625
6 63 0.133156
6 64 2.79628
6 65 0.798937
7 63 2.66312
7 64 0.133156
8 14 0.33289
8 47 0.266312
8 61 2.26365
8 62 2.79628
8 63 0.932093
8 65 0.399468
9 14 0.249669
9 59 2.66312
9 61 0.133156
10 14 0.0832226
10 51 0.798937
10 55 0.133156
10 58 2.66312
10 59 0.133156
10 61 0.266312
11 14 0.416112
11 51 0.266312
12 15 0.749002
13 16 0.0832226
14 17 1.66445
14 18 0.166445
15 18 1.66445
15 19 0.416112
15 48 0.665781
16 19 1.91412
16 20 0.249669
17 20 1.66445
17 21 0.582559
18 21 1.66445
18 22 0.249669
18 65 0.133156
19 22 1.74767
19 23 0.166445
19 40 0.798937
19 44 0.266312
20 23 1.74767
20 24 0.166445
21 24 1.66445
21 25 0.166445
22 25 1.74767
22 26 0.33289
22 43 0.532625
23 26 1.91412
23 27 0.166445
23 36 0.532625
24 27 0.249669
25 28 0.33289
25 67 0.266312
25 69 0.798937
26 29 0.249669
26 31 0.0832226
26 36 0.133156
26 74 0.266312
26 137 0.133156
27 30 0.0832226
27 31 0.0832226
28 69 0.133156
29 69 0.399468
29 74 0.133156
29 137 0.266312
31 35 0.582559
31 36 0.0832226
31 137 0.266312
32 35 2.33023
32 36 0.166445
33 36 1.49801
33 37 0.33289
34 37 1.66445
34 38 0.166445
35 38 1.8309
35 39 0.249669
35 137 0.532625
35 138 0.266312
36 39 1.58123
36 40 0.166445
37 40 1.8309
37 41 0.33289
38 41 1.66445
38 42 0.249669
38 115 1.59787
38 135 0.266312
39 42 1.66445
39 43 0.249669
39 116 0.266312
39 135 0.266312
40 43 1.41478
40 44 0.0832226
41 44 1.66445
41 45 0.249669
41 111 0.133156
41 115 0.665781
42 45 1.66445
42 46 0.166445
42 112 0.133156
42 115 0.133156
42 116 0.266312
42 133 0.399468
43 46 1.66445
43 47 0.33289
43 76 0.133156
44 47 1.49801
44 48 0.33289
45 48 1.49801
45 49 0.416112
45 108 0.133156
45 111 0.399468
45 112 0.133156
46 49 1.66445
46 50 0.166445
46 78 0.266312
46 112 0.266312
47 50 1.74767
47 51 0.416112
47 65 0.133156
48 51 1.74767
48 52 0.499336
49 52 1.58123
49 53 2.16378
50 53 1.58123
50 54 1.58123
50 55 0.0832226
50 80 0.266312
51 54 1.41478
51 55 1.66445
51 56 1.58123
51 57 0.0832226
51 63 0.133156
52 56 0.0832226
52 57 0.166445
52 99 0.266312
52 104 0.266312
53 56 0.166445
53 99 1.19841
54 80 0.133156
54 82 2.79628
54 83 0.399468
55 58 0.399468
55 61 2.26365
55 62 0.665781
55 80 0.932093
55 81 1.19841
55 82 0.133156
56 99 0.133156
58 61 0.133156
63 78 0.133156
63 79 2.66312
64 77 0.133156
64 78 2.52997
64 79 0.798937
65 76 0.133156
65 77 2.66312
66 75 2.52997
66 76 2.66312
66 77 0.532625
67 74 0.133156
67 75 2.92944
67 76 0.133156
68 73 0.133156
68 74 2.66312
68 75 0.798937
69 73 2.52997
70 73 0.266312
72 135 0.133156
72 136 3.19575
72 137 0.532625
73 135 2.79628
73 136 0.532625
74 133 0.133156
74 134 2.66312
74 135 0.532625
74 137 0.266312
75 132 0.399468
75 133 2.26365
75 134 0.399468
76 132 3.19575
76 133 0.932093
77 130 0.133156
77 131 2.52997
77 132 0.133156
78 129 0.133156
78 130 2.52997
78 131 0.266312
79 129 2.66312
79 130 0.399468
80 128 3.3289
80 129 0.798937
81 127 2.52997
81 128 0.133156
82 126 2.39681
82 127 2.52997
82 128 0.266312
83 125 2.79628
83 126 0.133156
84 123 0.532625
84 124 0.133156
84 129 0.133156
85 88 0.399468
85 91 0.133156
85 123 0.532625
85 129 0.266312
86 125 0.133156
87 90 3.19575
87 91 0.266312
88 91 2.66312
88 92 0.532625
88 121 0.266312
88 123 0.133156
89 92 2.26365
90 93 1.33156
90 96 1.46472
91 96 0.266312
91 109 0.399468
92 109 0.532625
92 113 0.665781
92 119 0.532625
92 120 0.133156
92 121 0.133156
93 96 0.399468
93 110 0.133156
94 106 2.39681
94 107 0.399468
94 110 0.266312
95 106 3.06259
95 107 0.399468
96 106 0.133156
97 100 0.532625
97 104 0.399468
98 101 0.266312
99 102 0.932093
99 104 0.532625
107 110 0.33289
107 111 0.249669
108 111 1.66445
108 112 0.249669
109 112 1.8309
109 113 0.749002
109 121 0.133156
110 113 1.66445
110 114 0.249669
111 114 1.66445
111 115 0.166445
112 115 1.58123
112 116 0.249669
112 119 0.399468
112 131 0.133156
113 116 0.166445
113 119 0.133156
115 135 0.532625
116 133 0.133156
116 134 2.79628
116 135 0.266312
117 134 3.06259
117 135 0.665781
117 136 0.399468
118 132 2.26365
118 133 2.66312
118 134 0.532625
119 131 0.133156
119 132 0.133156
119 133 0.133156
120 130 0.133156
120 131 2.79628
120 132 0.665781
121 129 0.133156
121 130 2.66312
122 129 2.79628
122 130 0.932093
123 128 2.79628
123 129 0.798937
124 127 3.59522
124 128 0.133156
