L	Ls	nvertices	F_L	F_L_constrained	rho_sum	nloops	regions
  2	  0	  0	           0	           0	           0	 0	[(0, 2)]
  3	  0	  0	           0	           0	           0	 0	[(0, 3)]
  4	  0	  0	           0	           0	           0	 0	[(0, 4)]
  5	  0	  0	           0	           0	           0	 0	[(0, 5)]
  6	  0	  0	           0	           0	           0	 0	[(0, 6)]
  7	  0	  2	           0	     3.71511	    0.299258	 1	[(0, 7)]
  8	  0	  4	   -0.263985	   -0.263985	    0.288419	 0	[(0, 8)]
  9	  0	  6	   -0.263985	      4.9126	      5.3183	 0	[(0, 9)]
 10	  0	  7	   -0.263985	      4.7175	     5.78459	 0	[(0, 10)]
 11	  0	  8	   -0.263985	     3.89841	     6.06099	 0	[(0, 11)]
 12	  0	  9	   -0.263985	     3.86193	     7.45991	 0	[(0, 12)]
 13	  0	 10	   -0.263985	     3.88122	     8.33358	 0	[(0, 13)]
 14	  0	 11	   -0.263985	     3.23685	     9.49012	 0	[(0, 14)]
 15	  0	 12	   -0.263985	     3.12905	     10.3109	 0	[(0, 15)]
 16	  0	 13	   -0.263985	     3.59655	     10.4193	 0	[(0, 16)]
 17	  0	 13	   -0.263985	     3.59655	     10.4193	 0	[(0, 17)]
 18	  0	 14	   -0.263985	     3.40742	     10.5971	 0	[(0, 18)]
 19	  0	 14	   -0.263985	     3.40742	     10.5971	 0	[(0, 19)]
 20	  0	 14	   -0.263985	     3.40742	     10.5971	 0	[(0, 20)]
 21	  0	 14	   -0.263985	     3.40742	     10.5971	 0	[(0, 21)]
 22	  0	 14	   -0.263985	     3.40742	     10.5971	 0	[(0, 22)]
 23	  0	 14	   -0.263985	     3.40742	     10.5971	 0	[(0, 23)]
 24	  0	 14	   -0.263985	     3.40742	     10.5971	 0	[(0, 24)]
 25	  0	 14	   -0.263985	     3.40742	     10.5971	 0	[(0, 25)]
 26	  0	 14	   -0.263985	     3.40742	     10.5971	 0	[(0, 26)]
 27	  0	 14	   -0.263985	     3.40742	     10.5971	 0	[(0, 27)]
 28	 25	  2	   -0.263985	     3.71301	    0.303892	 1	[(25, 28)]
 29	 25	  4	   -0.263985	     2.24722	    0.291958	 1	[(25, 29)]
 30	  0	 20	   -0.263985	     3.25891	     10.7522	 0	[(0, 30)]
 31	 25	  7	   -0.263985	      4.6391	     5.79211	 0	[(25, 31)]
 32	 25	  8	   -0.263985	     4.13399	     6.19319	 0	[(25, 32)]
 33	 25	  9	   -0.263985	     4.06015	     7.58125	 0	[(25, 33)]
 34	 25	 10	   -0.263985	     3.42494	     8.82458	 0	[(25, 34)]
 35	 25	 11	   -0.263985	     3.26516	     9.70575	 0	[(25, 35)]
 36	 25	 12	   -0.263985	      3.1659	     10.4973	 0	[(25, 36)]
 37	 25	 13	   -0.263985	     2.95316	     11.3344	 0	[(25, 37)]
 38	 25	 14	   -0.263985	     3.50168	     10.9518	 0	[(25, 38)]
 39	 25	 14	   -0.263985	     3.50168	     10.9518	 0	[(25, 39)]
 40	 25	 15	   -0.263985	     3.23876	     11.2246	 0	[(25, 40)]
 41	 25	 15	   -0.263985	     3.23876	     11.2246	 0	[(25, 41)]
 42	 25	 15	   -0.263985	     3.23876	     11.2246	 0	[(25, 42)]
 43	 25	 15	   -0.263985	     3.23876	     11.2246	 0	[(25, 43)]
 44	 25	 15	   -0.263985	     3.23876	     11.2246	 0	[(25, 44)]
 45	 25	 15	   -0.263985	     3.23876	     11.2246	 0	[(25, 45)]
 46	 43	  2	   -0.263985	     3.74068	    0.248199	 1	[(43, 46)]
 47	 43	  4	   -0.263985	   -0.249545	    0.256001	 0	[(43, 47)]
 48	 43	  6	   -0.263985	   -0.146555	    0.150777	 0	[(43, 48)]
 49	 43	  7	   -0.263985	   -0.159763	    0.165035	 0	[(43, 49)]
 50	 43	  8	   -0.263985	     4.41499	     5.35823	 0	[(43, 50)]
 51	 43	  9	   -0.263985	     2.93529	     6.33087	 0	[(43, 51)]
 52	 43	 10	   -0.263985	     2.84662	     7.17158	 0	[(43, 52)]
 53	 43	 11	   -0.263985	     3.34905	     7.45323	 0	[(43, 53)]
 54	 43	 12	   -0.263985	     3.66485	     7.16523	 0	[(43, 54)]
 55	 43	 13	   -0.263985	     3.69798	     7.06715	 0	[(43, 55)]
 56	 43	 14	   -0.263985	     3.69969	     7.06421	 0	[(43, 56)]
 57	 43	 14	   -0.263985	     3.69969	     7.06421	 0	[(43, 57)]
 58	 43	 15	   -0.263985	     3.56562	      7.2031	 0	[(43, 58)]
 59	 43	 16	   -0.263985	     9.05076	      7.2519	 1	[(43, 59)]
 60	 43	 16	   -0.263985	     9.05076	      7.2519	 1	[(43, 60)]
 61	 43	 16	   -0.263985	     9.05076	      7.2519	 1	[(43, 61)]
 62	 43	 16	   -0.263985	     9.05076	      7.2519	 1	[(43, 62)]
 63	 59	  3	   -0.263985	     3.88689	    0.311678	 1	[(59, 63)]
 64	 59	  5	   -0.263985	     2.36961	    0.271546	 1	[(59, 64)]
 65	 59	  7	   -0.263985	      4.7999	     5.60592	 0	[(59, 65)]
 66	 59	  8	   -0.263985	     4.70154	     6.08708	 0	[(59, 66)]
 67	 59	  9	   -0.263985	     4.65679	     6.56798	 0	[(59, 67)]
 68	 59	 10	   -0.263985	     4.51552	     7.82771	 0	[(59, 68)]
 69	 59	 11	   -0.263985	     4.56712	     8.79553	 0	[(59, 69)]
 70	 59	 12	   -0.263985	     4.57513	      9.7228	 0	[(59, 70)]
 71	 59	 13	   -0.263985	     4.46906	     10.7458	 0	[(59, 71)]
 72	 59	 14	   -0.263985	     4.44351	     11.7714	 0	[(59, 72)]
 73	 59	 15	   -0.263985	     3.86843	      13.066	 0	[(59, 73)]
 74	 59	 16	   -0.263985	      3.9349	     13.8898	 0	[(59, 74)]
 75	 59	 17	   -0.263985	     3.75065	     14.8898	 0	[(59, 75)]
 76	 59	 18	   -0.263985	     4.20778	     14.9012	 0	[(59, 76)]
 77	 59	 19	   -0.263985	     4.43717	     14.2029	 0	[(59, 77)]
 78	 59	 20	   -0.263985	     4.42035	      14.178	 0	[(59, 78)]
 79	 59	 20	   -0.263985	     4.42035	      14.178	 0	[(59, 79)]
 80	 59	 21	   -0.263985	     4.20709	     14.3958	 0	[(59, 80)]
 81	 59	 21	   -0.263985	     4.20709	     14.3958	 0	[(59, 81)]
 82	 59	 22	   -0.263985	     4.04062	     14.5505	 0	[(59, 82)]
 83	 59	 23	   -0.263985	     4.01201	     14.5994	 0	[(59, 83)]
 84	 59	 23	   -0.263985	     4.01201	     14.5994	 0	[(59, 84)]
 85	 59	 24	   -0.263985	     3.77793	     14.9232	 0	[(59, 85)]
 86	 59	 24	   -0.263985	     3.77793	     14.9232	 0	[(59, 86)]
 87	 59	 24	   -0.263985	     3.77793	     14.9232	 0	[(59, 87)]
 88	 59	 26	   -0.263985	     3.87021	     14.7942	 0	[(59, 88)]
 89	 59	 27	   -0.263985	     3.88138	     14.7893	 0	[(59, 89)]
 90	 59	 29	   -0.263985	     3.89351	     14.7681	 0	[(59, 90)]
 91	 59	 29	   -0.263985	     3.89351	     14.7681	 0	[(59, 91)]
 92	 59	 29	   -0.263985	     3.89351	     14.7681	 0	[(59, 92)]
 93	 59	 29	   -0.263985	     3.89351	     14.7681	 0	[(59, 93)]
 94	 91	  2	   -0.263985	     3.69884	    0.337332	 1	[(91, 94)]
 95	 91	  4	   -0.263985	     2.24338	     0.29968	 1	[(91, 95)]
 96	 91	  6	   -0.263985	     3.59946	     5.02219	 0	[(91, 96)]
 97	 91	  7	   -0.263985	      3.6319	     5.52639	 0	[(91, 97)]
 98	 91	  8	   -0.263985	     3.56089	     6.85966	 0	[(91, 98)]
 99	 91	  9	   -0.263985	     3.46107	     7.81931	 0	[(91, 99)]
100	 91	 10	   -0.263985	     3.41576	     8.80513	 0	[(91, 100)]
101	 91	 11	   -0.263985	     3.36123	     9.77426	 0	[(91, 101)]
102	 91	 12	   -0.263985	     3.31569	     10.7548	 0	[(91, 102)]
103	 91	 13	   -0.263985	     3.14957	     11.8331	 0	[(91, 103)]
104	 91	 14	   -0.263985	     2.68464	     13.0162	 0	[(91, 104)]
105	 91	 15	   -0.263985	     2.58016	     13.9542	 0	[(91, 105)]
106	 91	 16	   -0.263985	     1.37009	     15.2062	 0	[(91, 106)]
107	 91	 17	   -0.263985	     1.89657	     15.5884	 0	[(91, 107)]
108	 91	 18	   -0.263985	      2.2955	     15.4997	 0	[(91, 108)]
109	 91	 19	   -0.263985	     2.41114	     15.2712	 0	[(91, 109)]
110	 91	 20	   -0.263985	     2.41819	     15.2377	 0	[(91, 110)]
111	 91	 20	   -0.263985	     2.41819	     15.2377	 0	[(91, 111)]
112	 91	 20	   -0.263985	     2.41819	     15.2377	 0	[(91, 112)]
113	 91	 20	   -0.263985	     2.41819	     15.2377	 0	[(91, 113)]
114	 91	 20	   -0.263985	     2.41819	     15.2377	 0	[(91, 114)]
115	 91	 20	   -0.263985	     2.41819	     15.2377	 0	[(91, 115)]
116	 91	 20	   -0.263985	     2.41819	     15.2377	 0	[(91, 116)]
117	 91	 22	   -0.263985	      2.1622	     15.4799	 0	[(91, 117)]
118	 91	 26	   -0.263985	     2.17009	     15.4948	 0	[(91, 118)]
119	 91	 28	   -0.263985	     2.24674	     15.4136	 0	[(91, 119)]
120	 25	 96	   -0.263985	     12.7597	        69.5	 3	[(25, 120)]
121	118	  2	   -0.263985	     3.71301	    0.303892	 1	[(118, 121)]
122	118	  4	   -0.263985	     2.24921	    0.293187	 1	[(118, 122)]
123	118	  6	   -0.263985	     4.23601	     5.17358	 0	[(118, 123)]
124	118	  7	   -0.263985	     4.17459	     5.68069	 0	[(118, 124)]
125	118	  8	   -0.263985	     4.01671	     6.56373	 0	[(118, 125)]
126	118	  9	   -0.263985	     3.74228	     7.82652	 0	[(118, 126)]
127	118	 10	   -0.263985	     3.52269	     8.86467	 0	[(118, 127)]
128	118	 11	   -0.263985	     2.54218	     10.0758	 0	[(118, 128)]
129	118	 12	   -0.263985	     2.52827	     10.8247	 0	[(118, 129)]
130	118	 13	   -0.263985	     2.17464	     11.7154	 0	[(118, 130)]
131	118	 13	   -0.263985	     2.17464	     11.7154	 0	[(118, 131)]
132	118	 14	   -0.263985	     2.00759	     11.8694	 0	[(118, 132)]
133	118	 14	   -0.263985	     2.00759	     11.8694	 0	[(118, 133)]
134	118	 14	   -0.263985	     2.00759	     11.8694	 0	[(118, 134)]
135	118	 14	   -0.263985	     2.00759	     11.8694	 0	[(118, 135)]
136	118	 14	   -0.263985	     2.00759	     11.8694	 0	[(118, 136)]
137	118	 14	   -0.263985	     2.00759	     11.8694	 0	[(118, 137)]
138	118	 16	   -0.263985	      1.7516	     12.1116	 0	[(118, 138)]
139	118	 17	   -0.263985	     1.75457	      12.119	 0	[(118, 139)]
140	118	 18	   -0.263985	     1.76593	     12.1093	 0	[(118, 140)]
141	118	 18	   -0.263985	     1.76593	     12.1093	 0	[(118, 141)]
142	118	 19	   -0.263985	     1.63672	     12.2332	 0	[(118, 142)]
143	118	 20	   -0.263985	     1.63965	     12.2406	 0	[(118, 143)]
144	118	 20	   -0.263985	     1.63965	     12.2406	 0	[(118, 144)]
145	118	 21	   -0.263985	     1.47932	     12.4379	 0	[(118, 145)]
146	118	 22	   -0.263985	     2.04345	     15.1068	 0	[(118, 146)]
147	118	 23	   -0.263985	     1.28414	     16.7981	 0	[(118, 147)]
148	118	 24	   -0.263985	     1.87166	     17.1429	 0	[(118, 148)]
149	118	 25	   -0.263985	     2.09622	     17.3004	 0	[(118, 149)]
150	118	 26	   -0.263985	     2.20584	     17.1282	 0	[(118, 150)]
151	118	 26	   -0.263985	     2.20584	     17.1282	 0	[(118, 151)]
152	118	 28	   -0.263985	     2.07329	     17.2373	 0	[(118, 152)]
153	118	 28	   -0.263985	     2.07329	     17.2373	 0	[(118, 153)]
154	118	 30	   -0.263985	     2.15582	     17.0366	 0	[(118, 154)]
155	118	 30	   -0.263985	     2.15582	     17.0366	 0	[(118, 155)]
156	118	 30	   -0.263985	     2.15582	     17.0366	 0	[(118, 156)]
157	118	 30	   -0.263985	     2.15582	     17.0366	 0	[(118, 157)]
158	153	  4	   -0.263985	     4.06151	    0.278141	 1	[(153, 158)]
159	153	  6	   -0.263985	     2.20435	    0.277308	 1	[(153, 159)]
160	118	 37	   -0.263985	     2.18861	     17.0084	 0	[(118, 160)]
161	118	 38	   -0.263985	     2.17566	     17.0222	 0	[(118, 161)]
162	153	 10	   -0.263985	     5.22208	     6.69505	 0	[(153, 162)]
163	153	 11	   -0.263985	      5.1372	      7.0188	 0	[(153, 163)]
164	153	 12	   -0.263985	     5.08462	     7.38594	 0	[(153, 164)]
165	153	 13	   -0.263985	      4.6088	     8.02023	 0	[(153, 165)]
166	153	 14	   -0.263985	     4.52111	     9.33168	 0	[(153, 166)]
167	153	 15	   -0.263985	     4.31393	     10.3854	 0	[(153, 167)]
168	153	 16	   -0.263985	     4.19884	       11.29	 0	[(153, 168)]
169	153	 17	   -0.263985	     4.00815	     12.3169	 0	[(153, 169)]
170	153	 18	   -0.263985	      3.8636	      13.299	 0	[(153, 170)]
171	153	 19	   -0.263985	     3.79279	     14.2466	 0	[(153, 171)]
172	153	 20	   -0.263985	     3.72159	     15.1849	 0	[(153, 172)]
173	153	 21	   -0.263985	     2.72636	     16.5141	 0	[(153, 173)]
174	153	 22	   -0.263985	     3.39751	     16.6711	 0	[(153, 174)]
175	153	 22	   -0.263985	     3.39751	     16.6711	 0	[(153, 175)]
176	153	 22	   -0.263985	     3.39751	     16.6711	 0	[(153, 176)]
177	153	 23	   -0.263985	     3.25203	     16.8068	 0	[(153, 177)]
178	153	 23	   -0.263985	     3.25203	     16.8068	 0	[(153, 178)]
179	153	 23	   -0.263985	     3.25203	     16.8068	 0	[(153, 179)]
180	 25	156	   -0.263985	     2.82293	     127.616	 4	[(25, 180)]
181	153	 23	   -0.263985	     3.25203	     16.8068	 0	[(153, 181)]
182	153	 23	   -0.263985	     3.25203	     16.8068	 0	[(153, 182)]
183	 25	159	   -0.263985	      5.6911	     135.685	 4	[(25, 183)]
184	 25	159	   -0.263985	      5.6911	     135.685	 4	[(25, 184)]
185	 25	159	   -0.263985	      5.6911	     135.685	 4	[(25, 185)]
186	183	  2	   -0.263985	     3.71301	    0.303892	 1	[(183, 186)]
187	183	  4	   -0.263985	     2.24526	    0.290754	 1	[(183, 187)]
188	183	  6	   -0.263985	     4.79839	     5.29943	 0	[(183, 188)]
189	183	  7	   -0.263985	     4.74702	     5.80771	 0	[(183, 189)]
190	183	  8	   -0.263985	     4.43188	     6.25044	 0	[(183, 190)]
191	183	  9	   -0.263985	     4.34003	     7.33028	 0	[(183, 191)]
192	183	 10	   -0.263985	     3.72238	     8.69367	 0	[(183, 192)]
193	183	 11	   -0.263985	     3.57478	     9.59818	 0	[(183, 193)]
194	183	 12	   -0.263985	     4.16199	     9.61724	 0	[(183, 194)]
195	183	 12	   -0.263985	     4.16199	     9.61724	 0	[(183, 195)]
196	183	 12	   -0.263985	     4.16199	     9.61724	 0	[(183, 196)]
197	183	 12	   -0.263985	     4.16199	     9.61724	 0	[(183, 197)]
198	183	 13	   -0.263985	     3.99519	     9.79283	 0	[(183, 198)]
199	183	 13	   -0.263985	     3.99519	     9.79283	 0	[(183, 199)]
200	 25	176	   -0.263985	     3.59429	     151.291	 5	[(25, 200)]
201	 25	177	   -0.263985	     2.07476	     152.287	 5	[(25, 201)]
202	 25	178	     -1.5131	     -1.5131	      153.22	 5	[(25, 202)]
203	 25	179	     -1.5131	    -0.99932	     153.759	 5	[(25, 203)]
204	 25	180	     -1.5131	   -0.449926	     153.752	 5	[(25, 204)]
205	 25	180	     -1.5131	   -0.449926	     153.752	 5	[(25, 205)]
206	 25	181	     -1.5131	   -0.958642	     154.237	 5	[(25, 206)]
207	  0	206	     -1.5131	    0.894918	      174.08	 7	[(0, 207)]
208	  0	207	    -3.85177	    -3.85177	     178.072	 7	[(0, 208)]
209	  0	208	    -7.67084	    -7.67084	     180.441	 7	[(0, 209)]
210	  0	209	    -13.4709	    -13.4709	     182.183	 7	[(0, 210)]
211	  0	210	    -16.3414	    -16.3414	     183.204	 7	[(0, 211)]
212	  0	211	     -17.651	     -17.651	     184.153	 7	[(0, 212)]
213	  0	212	     -17.651	    -17.2479	     184.691	 7	[(0, 213)]
214	  0	213	     -17.651	    -17.5943	     185.524	 7	[(0, 214)]
215	  0	214	     -17.651	    -17.1098	     185.345	 7	[(0, 215)]
216	  0	215	     -17.651	    -16.9829	     185.296	 7	[(0, 216)]
217	  0	216	     -17.651	    -16.9813	     185.246	 7	[(0, 217)]
218	  0	217	     -17.651	    -16.5247	     189.295	 7	[(0, 218)]
219	  0	218	     -17.651	    -16.3149	     190.006	 7	[(0, 219)]
220	  0	219	     -17.651	    -16.4588	     191.086	 7	[(0, 220)]
221	  0	220	     -17.651	    -16.0375	     190.275	 7	[(0, 221)]
222	  0	220	     -17.651	    -16.0375	     190.275	 7	[(0, 222)]
223	  0	220	     -17.651	    -16.0375	     190.275	 7	[(0, 223)]
224	  0	220	     -17.651	    -16.0375	     190.275	 7	[(0, 224)]
225	  0	220	     -17.651	    -16.0375	     190.275	 7	[(0, 225)]
226	  0	221	     -17.651	    -16.1796	     190.417	 7	[(0, 226)]
227	  0	221	     -17.651	    -16.1796	     190.417	 7	[(0, 227)]
228	  0	222	     -17.651	    -16.5868	     190.692	 7	[(0, 228)]
229	  0	224	     -17.651	    -16.4591	     190.665	 7	[(0, 229)]
230	  0	225	     -17.651	    -9.90854	     190.645	 8	[(0, 230)]
231	  0	226	     -17.651	     -11.093	     192.927	 8	[(0, 231)]
232	  0	227	     -17.651	    -11.6835	     193.852	 8	[(0, 232)]
233	  0	228	     -17.651	    -11.0657	     193.809	 8	[(0, 233)]
234	  0	229	     -17.651	    -10.8173	     193.409	 8	[(0, 234)]
235	  0	230	     -17.651	    -10.8974	     193.755	 8	[(0, 235)]
236	  0	231	     -17.651	    -10.9464	     197.484	 8	[(0, 236)]
237	  0	232	     -17.651	     -10.315	     197.645	 8	[(0, 237)]
238	  0	233	     -17.651	    -4.92861	     197.646	 9	[(0, 238)]
239	  0	234	     -17.651	    -4.69989	     198.102	 9	[(0, 239)]
240	  0	235	     -17.651	    -4.49089	     198.247	 9	[(0, 240)]
241	  0	236	     -17.651	     -4.6035	     198.045	 9	[(0, 241)]
242	  0	237	     -17.651	     -4.7246	     202.914	 9	[(0, 242)]
243	  0	238	     -17.651	    -5.63842	     204.158	 9	[(0, 243)]
244	  0	239	     -17.651	    -7.52361	     205.307	 9	[(0, 244)]
245	  0	240	     -17.651	    -8.69792	     206.386	 9	[(0, 245)]
246	  0	241	     -17.651	    -11.5923	     207.479	 9	[(0, 246)]
247	  0	242	     -17.651	       -12.8	     208.462	 9	[(0, 247)]
248	  0	243	     -17.651	    -13.0314	     209.282	 9	[(0, 248)]
249	  0	244	     -17.651	    -13.7915	     210.454	 9	[(0, 249)]
250	  0	245	     -17.651	    -17.4514	     211.739	 9	[(0, 250)]
251	  0	246	    -18.0153	    -18.0153	     212.707	 9	[(0, 251)]
252	  0	247	    -18.6278	    -18.6278	     213.673	 9	[(0, 252)]
253	  0	248	    -19.2057	    -19.2057	     214.972	 9	[(0, 253)]
254	  0	249	    -19.5538	    -19.5538	     215.869	 9	[(0, 254)]
255	  0	250	    -19.8002	    -19.8002	      217.08	 9	[(0, 255)]
256	  0	251	    -19.9282	    -19.9282	     219.051	 9	[(0, 256)]
257	  0	252	    -19.9282	    -19.3222	     218.095	 9	[(0, 257)]
258	  0	252	    -19.9282	    -19.3222	     218.095	 9	[(0, 258)]
259	  0	254	    -19.9282	    -19.1085	     217.366	 9	[(0, 259)]
260	  0	255	    -19.9282	    -19.7244	     221.784	 9	[(0, 260)]
261	  0	257	    -19.9282	    -12.1267	     223.588	10	[(0, 261)]
262	  0	258	    -19.9282	    -13.4582	     224.598	10	[(0, 262)]
263	  0	259	    -19.9282	    -14.0555	     227.142	10	[(0, 263)]
264	  0	259	    -19.9282	    -14.0555	     227.142	10	[(0, 264)]
