nresidues = 264
2 77 1.25
3 38 0.3125
3 78 1.125
3 79 0.1875
4 7 0.742188
4 79 0.0625
5 8 0.78125
5 9 0.0390625
5 175 0.1875
5 176 0.1875
6 9 0.78125
6 10 0.078125
7 10 0.859375
7 11 0.546875
8 11 0.78125
8 12 0.078125
8 18 0.1875
8 79 0.0625
8 176 0.0625
8 197 0.1875
9 12 0.78125
9 195 0.25
9 196 0.0625
9 197 0.1875
10 13 0.78125
10 14 0.351562
11 14 0.820312
11 15 0.742188
11 16 0.3125
12 15 0.078125
12 191 0.25
12 194 0.1875
12 195 0.125
12 196 0.375
12 197 0.0625
12 208 0.6875
16 251 0.0625
17 205 0.3125
17 207 0.125
17 208 1.3125
17 250 1.1875
17 251 0.1875
17 252 0.1875
17 253 0.1875
18 199 0.125
18 208 0.1875
18 209 1.1875
18 210 0.0625
18 250 0.1875
19 37 0.125
19 210 1.1875
19 246 0.25
19 250 0.0625
20 39 1.5
20 210 0.5
20 211 1.375
20 246 0.25
21 32 0.3125
21 37 0.25
21 39 0.0625
21 40 1.25
21 212 1.25
21 214 0.125
22 32 0.0625
22 41 1.3125
22 212 0.125
22 213 0.3125
22 214 0.1875
23 40 0.0625
23 41 0.0625
23 42 0.1875
23 71 0.25
24 42 0.0625
24 43 0.0625
24 45 0.3125
24 46 0.125
24 49 0.0625
24 50 0.125
24 67 0.375
24 71 0.1875
24 213 0.0625
24 215 0.1875
25 28 0.78125
25 29 0.078125
25 70 1.0625
26 29 0.78125
26 30 0.15625
26 70 0.125
26 73 0.375
26 74 0.1875
27 30 0.703125
27 31 0.078125
28 31 0.78125
28 32 0.390625
28 214 0.5625
28 218 0.0625
29 32 0.78125
29 33 0.078125
29 40 0.1875
29 71 0.1875
29 74 1.125
29 75 0.0625
30 33 0.820312
30 34 0.390625
30 74 0.25
31 34 0.78125
31 35 0.078125
31 239 0.0625
31 240 0.5
31 243 0.0625
32 35 0.78125
32 36 0.78125
32 37 0.898438
32 40 0.125
32 214 0.125
32 218 0.1875
32 243 0.125
33 36 0.0390625
33 38 0.078125
33 75 0.0625
35 240 0.3125
35 243 0.0625
35 244 0.4375
35 247 0.125
36 247 0.1875
37 40 0.0625
37 243 0.0625
37 247 0.0625
38 78 1.3125
38 79 0.1875
39 79 1.1875
40 75 0.0625
40 78 0.0625
40 79 0.0625
40 80 1.25
40 81 0.1875
41 81 1.4375
41 83 0.0625
41 111 0.0625
41 211 0.125
42 64 0.125
42 67 0.1875
42 68 0.25
42 71 0.0625
42 80 0.0625
42 81 0.125
42 82 1.1875
42 83 0.0625
43 46 0.15625
43 83 0.375
44 47 0.0390625
44 56 0.625
44 59 0.0625
44 83 0.25
44 141 0.25
45 48 0.78125
45 49 0.15625
46 49 0.742188
46 50 0.820312
46 51 0.195312
46 59 0.0625
46 64 0.0625
46 67 0.125
47 50 0.664062
47 51 0.820312
47 52 0.742188
47 53 0.195312
47 59 0.0625
48 51 0.703125
48 52 0.0390625
48 53 0.117188
48 54 0.117188
48 55 0.195312
48 149 0.0625
49 213 0.0625
50 67 0.0625
51 59 0.0625
51 63 0.25
53 58 0.1875
54 149 0.0625
55 58 0.125
55 149 0.125
56 59 0.1875
56 141 0.0625
57 86 0.5
57 141 0.0625
57 144 0.0625
59 63 0.195312
59 64 0.078125
59 85 0.125
60 63 1.09375
60 64 0.0390625
60 85 0.1875
61 64 0.78125
61 65 0.078125
61 85 0.125
61 88 0.0625
61 98 0.25
61 101 0.0625
62 65 0.78125
62 66 0.078125
63 66 0.78125
63 67 0.117188
64 67 0.78125
64 68 0.195312
64 82 0.0625
64 83 0.25
64 102 0.0625
65 68 0.78125
65 69 0.078125
65 105 0.125
66 69 0.703125
66 70 0.0390625
67 70 0.78125
67 71 0.117188
68 71 0.78125
68 72 0.078125
68 80 0.0625
68 82 0.0625
68 102 0.0625
68 105 1.3125
68 106 0.1875
69 72 0.78125
69 73 0.351562
69 105 0.125
70 73 0.820312
71 74 0.742188
71 75 0.078125
71 80 0.125
72 75 0.859375
72 76 0.3125
72 77 0.0390625
72 78 0.195312
72 80 0.0625
72 106 0.1875
72 108 0.25
75 78 0.25
78 108 0.0625
79 108 0.375
80 106 0.0625
80 107 1.3125
80 108 1.4375
80 109 0.0625
81 109 1.25
82 107 0.0625
82 109 0.0625
82 110 1.3125
83 111 1.6875
84 88 0.0625
84 89 0.125
84 98 0.1875
84 99 0.0625
84 111 0.125
84 112 0.125
84 141 0.0625
85 88 0.25
85 89 0.125
85 141 0.4375
86 141 0.125
87 90 0.0625
88 94 1.1875
88 95 0.0625
88 98 0.375
89 95 0.0625
89 112 0.25
89 113 0.375
89 117 0.0625
89 118 0.0625
89 141 0.25
91 94 1.01562
91 95 0.078125
92 95 0.78125
92 96 0.507812
92 120 0.0625
92 121 0.0625
93 96 0.78125
93 97 0.0390625
94 97 0.78125
94 98 0.15625
95 98 0.742188
95 99 0.078125
95 121 0.0625
95 125 0.0625
96 99 0.78125
96 100 0.078125
96 124 0.3125
96 125 0.0625
96 128 0.375
97 100 0.78125
97 101 0.117188
98 101 0.742188
98 102 0.078125
99 102 0.78125
99 103 0.15625
99 125 0.0625
100 103 0.78125
100 104 0.351562
101 104 0.742188
101 105 0.078125
102 105 0.78125
102 106 0.664062
102 107 0.117188
102 110 0.0390625
103 106 0.78125
103 107 0.195312
103 108 0.234375
103 109 0.0390625
108 131 0.1875
109 131 1.4375
109 132 0.0625
109 133 0.0625
109 175 0.0625
109 176 0.0625
110 130 0.0625
110 131 0.125
110 132 1.1875
110 133 0.1875
111 133 1.375
111 135 0.3125
111 178 0.0625
112 118 0.1875
112 133 0.0625
112 134 1.1875
112 135 0.0625
113 118 0.1875
113 135 1.375
113 139 0.6875
113 140 0.375
113 141 0.8125
114 117 0.0625
114 118 0.1875
114 135 0.0625
114 136 0.1875
114 169 0.125
115 118 0.1875
115 136 0.0625
115 165 0.4375
115 169 0.0625
116 119 0.1875
116 165 0.125
116 168 0.0625
118 121 0.78125
118 122 0.117188
119 122 0.78125
119 123 0.273438
119 168 0.0625
119 172 0.125
120 123 0.820312
120 124 0.15625
121 124 0.742188
121 125 0.195312
122 125 0.78125
122 126 0.15625
122 172 1.4375
122 173 0.125
123 126 0.820312
123 127 0.078125
123 172 0.3125
124 127 0.859375
124 128 0.507812
125 128 0.820312
125 129 0.703125
125 130 0.898438
125 132 0.125
126 129 0.0390625
126 130 0.078125
126 173 0.125
131 175 0.125
132 174 1.25
132 175 1.125
132 176 0.0625
133 176 1.4375
133 177 0.0625
133 178 0.0625
134 176 0.0625
134 177 1.5
134 178 0.1875
135 138 0.0625
135 139 0.0625
135 140 0.125
135 178 1.3125
135 180 0.25
136 162 0.125
136 165 0.25
136 166 0.125
136 169 0.0625
136 177 0.125
136 178 0.125
136 179 1.3125
136 180 0.125
137 152 0.375
137 162 0.0625
137 180 1.25
137 182 0.0625
138 146 0.0625
138 149 0.3125
138 150 0.1875
138 152 0.0625
138 180 0.4375
138 181 0.0625
139 142 0.25
139 146 0.1875
140 143 0.1875
140 180 0.125
142 145 1.3125
142 146 0.375
143 146 1.3125
143 147 1.25
143 148 0.25
143 149 0.5
146 150 0.1875
146 152 0.0625
147 150 0.25
151 154 0.3125
151 181 1.3125
151 262 0.1875
152 181 0.125
152 182 0.1875
152 183 0.0625
153 158 0.703125
153 159 0.0390625
153 186 0.125
154 158 0.0390625
154 183 0.0625
154 263 0.3125
155 158 0.703125
155 159 0.0390625
156 159 0.742188
156 160 0.195312
157 160 0.703125
157 161 0.078125
158 161 0.78125
158 162 0.117188
159 162 0.78125
159 163 0.078125
159 186 0.25
159 189 0.125
160 163 0.78125
160 164 0.078125
160 189 0.1875
161 164 0.78125
161 165 0.3125
162 165 0.820312
162 166 0.078125
163 166 0.78125
163 167 0.15625
163 189 0.1875
163 190 0.0625
163 193 0.0625
164 167 0.78125
164 168 0.078125
165 168 0.78125
165 169 0.15625
166 169 0.78125
166 170 0.078125
166 177 0.0625
166 190 0.0625
166 194 0.0625
167 170 0.820312
167 171 0.078125
167 193 0.0625
167 194 0.125
168 171 0.78125
168 172 0.078125
169 172 0.78125
169 173 0.664062
169 174 0.117188
170 173 0.703125
170 194 0.5625
170 195 0.25
170 196 0.1875
174 196 0.125
175 196 0.125
175 197 0.0625
176 196 0.125
176 197 1.4375
177 190 0.0625
177 194 0.0625
177 197 0.0625
177 198 1.3125
177 199 0.1875
178 199 1.3125
179 187 0.125
179 190 0.125
179 198 0.0625
179 199 0.125
179 200 1.1875
179 201 0.0625
179 203 0.0625
180 201 1.375
180 202 1.125
181 201 0.0625
181 202 1.25
181 228 0.125
182 202 0.0625
182 203 0.0625
183 186 0.78125
183 187 0.0390625
183 262 1.25
183 263 0.1875
184 187 0.78125
184 188 0.078125
184 203 0.125
184 204 0.0625
184 206 0.1875
184 261 0.125
184 262 0.1875
184 263 0.125
185 188 0.742188
185 189 0.078125
185 263 0.5
186 189 0.78125
186 190 0.234375
187 190 0.820312
187 191 0.15625
187 203 0.125
187 206 0.1875
188 191 0.78125
188 192 0.390625
188 206 0.125
189 192 0.78125
189 193 0.078125
190 193 0.78125
190 194 0.117188
191 194 0.0390625
191 198 0.125
191 206 0.1875
191 207 0.125
191 208 0.1875
194 198 0.0625
196 208 0.0625
197 208 0.3125
198 207 1.25
198 208 1.4375
198 209 0.0625
199 207 0.1875
199 209 1.3125
199 210 0.1875
199 211 0.125
200 207 0.125
200 209 0.125
200 210 1.375
200 211 0.125
201 211 0.3125
201 228 0.3125
202 228 0.125
202 262 0.125
203 206 0.0625
204 207 0.0625
204 210 0.25
204 256 0.3125
204 261 0.0625
205 210 0.0625
205 253 0.25
205 256 0.1875
207 210 0.125
210 246 0.25
210 250 0.0625
210 256 0.4375
211 246 0.1875
212 255 0.3125
213 216 0.820312
213 217 0.0390625
214 217 0.78125
214 218 0.117188
214 220 0.0390625
215 218 0.664062
215 219 0.703125
215 220 0.859375
215 221 0.15625
216 219 0.0390625
216 221 0.117188
216 226 0.0625
216 230 0.0625
216 231 0.125
217 230 0.125
217 231 1.3125
217 232 1.1875
218 231 0.3125
218 233 0.125
218 239 0.125
218 242 0.0625
218 243 0.0625
219 231 0.125
225 229 0.25
225 230 0.1875
226 229 0.25
227 259 0.1875
227 260 0.25
227 261 0.1875
227 262 0.125
228 255 0.25
228 260 0.5625
229 255 0.1875
229 260 0.1875
230 235 0.0625
230 245 0.125
230 249 0.25
230 255 0.0625
230 260 0.0625
231 234 0.0625
232 235 1.0625
232 236 0.25
232 242 0.4375
232 245 0.1875
232 246 0.3125
232 249 0.0625
232 255 0.0625
233 236 1.375
233 237 0.1875
233 238 0.25
233 242 0.0625
236 241 0.4375
236 242 0.125
236 245 0.25
238 241 0.9375
238 242 0.078125
239 242 0.78125
239 243 0.117188
240 243 0.78125
240 244 0.351562
241 244 0.898438
241 245 0.078125
242 245 0.78125
242 246 0.078125
243 246 0.78125
243 247 0.195312
244 247 0.78125
244 248 0.078125
245 248 0.78125
245 249 0.273438
246 249 0.742188
246 250 0.195312
246 255 0.125
247 250 0.78125
247 251 0.0390625
248 251 0.78125
248 252 0.117188
249 252 0.78125
249 253 0.742188
249 254 0.9375
249 255 0.234375
250 253 0.0390625
250 255 0.0390625
253 256 0.0625
254 257 0.0625
255 260 0.3125
256 260 0.125
257 260 1.3125
257 261 0.1875
258 261 0.1875
258 263 0.25
