nresidues = 232
26 31 0.125
28 31 0.125
39 42 0.0625
40 193 0.1875
40 196 0.125
41 224 0.0625
44 161 0.3125
44 163 0.0625
44 221 0.3125
45 167 0.125
45 203 0.0625
47 166 0.4375
47 203 0.5625
48 53 0.0625
48 166 0.3125
50 53 0.375
50 166 0.0625
51 54 0.125
52 210 0.125
53 166 0.5
53 204 0.3125
54 165 0.1875
54 166 0.4375
54 204 0.5625
55 165 0.125
55 204 1.3125
55 216 0.0625
56 59 1.0625
56 60 0.0625
57 60 0.0625
57 61 0.0625
58 61 0.0625
59 216 0.125
60 65 0.0390625
60 216 0.0625
61 64 0.703125
61 65 0.0390625
62 65 0.820312
62 66 0.15625
62 80 0.125
62 168 0.0625
63 66 0.78125
63 67 0.078125
64 67 0.9375
64 68 0.078125
65 68 0.78125
65 69 0.078125
65 168 1
65 202 0.0625
65 216 0.125
66 69 0.703125
66 70 0.0390625
66 73 1.125
67 70 0.0390625
68 216 0.0625
69 72 0.5
69 73 0.125
69 78 0.0625
69 200 0.125
69 202 0.3125
70 73 0.125
72 78 0.0625
72 200 0.5
73 78 0.1875
73 169 0.0625
74 77 1.3125
74 78 0.125
76 173 0.125
77 158 0.0625
77 160 0.375
77 172 1.3125
77 173 0.5625
77 199 0.0625
77 223 0.125
78 160 0.0625
78 169 0.125
78 171 1.25
78 200 0.0625
78 201 0.0625
79 169 1.1875
79 170 1.0625
79 171 0.4375
80 168 0.0625
80 171 0.25
82 85 0.25
82 171 0.5625
83 160 0.4375
84 159 0.375
84 160 0.625
88 98 1.0625
88 99 0.1875
89 99 1.3125
97 100 0.78125
97 101 0.078125
98 101 0.78125
98 102 0.0390625
99 102 0.820312
99 103 0.078125
100 103 0.78125
100 104 0.078125
101 104 0.742188
101 105 0.078125
101 178 0.125
102 105 0.78125
102 106 0.15625
103 106 0.78125
103 107 0.234375
104 107 0.78125
104 108 0.390625
104 155 0.125
104 178 0.625
104 181 0.0625
105 108 0.898438
105 109 0.117188
106 109 0.742188
107 110 0.742188
107 155 0.0625
107 157 0.0625
108 111 0.078125
108 150 0.5625
108 153 0.125
108 155 0.125
108 181 0.8125
109 150 0.125
111 149 0.375
111 153 0.375
112 149 0.0625
112 153 0.125
114 149 0.375
115 119 0.117188
115 120 0.117188
115 145 0.0625
115 146 0.0625
115 149 0.5625
116 119 0.78125
116 120 0.078125
116 149 0.1875
117 120 0.820312
117 121 0.0390625
118 122 0.078125
119 122 0.117188
119 145 0.25
119 148 0.25
119 149 0.0625
119 152 0.0625
120 141 0.0625
120 145 0.1875
121 145 0.0625
122 141 0.1875
122 145 0.25
122 148 0.0625
123 141 0.5
124 134 1.0625
124 135 1.1875
124 136 0.5625
124 141 0.0625
124 144 0.5625
124 145 0.125
125 131 0.703125
125 132 0.0390625
125 134 1.0625
125 135 0.125
126 129 0.0390625
126 130 0.625
126 131 0.976562
126 135 0.0625
127 130 0.117188
127 131 0.78125
127 135 0.6875
128 131 0.273438
128 132 0.234375
128 135 0.125
134 137 0.1875
136 140 0.078125
137 140 0.78125
137 141 0.078125
138 141 0.820312
138 142 0.0390625
139 142 0.703125
140 143 0.703125
140 144 0.117188
141 144 0.78125
141 145 0.390625
142 145 0.820312
142 146 0.117188
143 146 0.742188
143 147 0.078125
144 147 0.78125
144 148 0.234375
145 148 0.78125
145 149 0.078125
146 149 0.9375
146 150 0.078125
147 150 0.742188
147 151 0.078125
147 185 0.0625
148 151 0.78125
148 152 0.195312
149 152 0.859375
149 153 0.078125
151 181 0.25
151 182 0.0625
151 183 1.375
151 184 0.0625
152 183 0.1875
152 229 0.0625
154 191 0.375
154 227 0.25
154 228 0.125
154 229 0.0625
155 176 0.0625
156 175 0.125
156 176 1.375
156 224 0.0625
156 225 0.0625
157 174 0.0625
157 175 1.25
157 176 0.3125
158 173 0.1875
158 174 1.3125
158 175 0.125
159 172 0.0625
159 173 1.3125
159 174 0.375
160 171 0.0625
160 172 1.5625
160 173 0.5625
161 170 0.0625
161 171 1.25
161 172 0.1875
161 221 0.0625
162 170 2.125
162 171 0.1875
163 167 0.5625
163 170 0.3125
163 221 0.1875
164 167 0.25
164 170 0.375
165 216 0.0625
166 202 0.0625
166 203 1.5625
166 204 0.125
166 216 0.0625
167 170 0.125
167 201 0.0625
167 202 1.375
167 203 0.3125
167 216 0.125
167 219 0.125
168 201 1.1875
168 202 0.375
168 216 0.125
172 199 0.0625
173 223 0.0625
175 224 0.25
176 227 0.0625
177 192 0.25
177 193 0.1875
177 227 0.25
178 191 0.125
179 190 0.0625
181 190 0.0625
182 187 0.1875
182 188 0.125
182 189 1.4375
183 189 0.1875
183 190 0.25
183 191 0.0625
183 229 0.5625
184 187 0.25
184 188 0.0625
184 189 0.4375
189 229 0.125
189 230 1.5625
189 231 0.0625
190 228 0.0625
190 229 1.25
190 230 0.375
191 228 1.1875
192 227 1.3125
192 228 0.25
192 231 0.1875
193 224 0.0625
193 226 1.25
194 226 1.5
194 227 0.25
194 228 0.0625
195 224 1.25
195 225 1.4375
195 226 0.375
196 223 1.3125
196 224 0.0625
196 225 0.125
197 222 1.1875
197 223 0.25
198 220 0.0625
198 221 1.3125
198 222 0.1875
199 219 0.0625
199 220 1.1875
199 221 0.3125
199 223 0.0625
200 219 1.25
201 217 0.0625
201 218 1.25
201 219 0.25
202 216 0.375
202 217 1.25
203 215 1.25
203 216 1.5625
203 217 0.0625
203 219 0.0625
204 214 0.5
204 215 1.5
204 216 0.1875
205 213 0.0625
205 214 1.25
205 215 0.1875
205 217 0.0625
206 211 0.3125
206 212 1.1875
206 213 1.1875
206 214 0.25
207 212 1.0625
207 213 0.125
208 211 1.125
208 212 0.125
209 212 0.3125
211 214 0.125
