L	Ls	nvertices	F_L	F_L_constrained	rho_sum	nloops	regions
  2	  0	  0	           0	           0	           0	 0	[(0, 2)]
  3	  0	  0	           0	           0	           0	 0	[(0, 3)]
  4	  0	  0	           0	           0	           0	 0	[(0, 4)]
  5	  0	  0	           0	           0	           0	 0	[(0, 5)]
  6	  0	  0	           0	           0	           0	 0	[(0, 6)]
  7	  0	  0	           0	           0	           0	 0	[(0, 7)]
  8	  0	  0	           0	           0	           0	 0	[(0, 8)]
  9	  0	  0	           0	           0	           0	 0	[(0, 9)]
 10	  0	  0	           0	           0	           0	 0	[(0, 10)]
 11	  0	  0	           0	           0	           0	 0	[(0, 11)]
 12	  0	  3	   -0.256776	   -0.256776	    0.257031	 0	[(0, 12)]
 13	  0	  5	   -0.256776	   -0.239152	    0.248462	 0	[(0, 13)]
 14	  0	  5	   -0.256776	   -0.239152	    0.248462	 0	[(0, 14)]
 15	  0	  5	   -0.256776	   -0.239152	    0.248462	 0	[(0, 15)]
 16	  0	  5	   -0.256776	   -0.239152	    0.248462	 0	[(0, 16)]
 17	  0	  7	   -0.357983	   -0.357983	    0.364346	 0	[(0, 17)]
 18	  0	  7	   -0.357983	   -0.357983	    0.364346	 0	[(0, 18)]
 19	  0	  9	    -0.48163	    -0.48163	    0.490259	 0	[(0, 19)]
 20	  0	  9	    -0.48163	    -0.48163	    0.490259	 0	[(0, 20)]
 21	  0	 11	    -0.48163	   -0.479915	    0.491147	 0	[(0, 21)]
 22	  0	 12	    -0.48163	     1.98462	    0.505592	 1	[(0, 22)]
 23	  0	 14	    -0.48163	     -0.3992	    0.414834	 0	[(0, 23)]
 24	  0	 15	    -0.48163	   -0.412138	    0.428526	 0	[(0, 24)]
 25	  0	 16	    -0.48163	   -0.424517	    0.440993	 0	[(0, 25)]
 26	  0	 16	    -0.48163	   -0.424517	    0.440993	 0	[(0, 26)]
 27	  0	 16	    -0.48163	   -0.424517	    0.440993	 0	[(0, 27)]
 28	  0	 17	    -0.48163	     3.66772	    0.564003	 1	[(0, 28)]
 29	  0	 19	   -0.565612	   -0.565612	    0.589909	 0	[(0, 29)]
 30	  0	 21	   -0.565612	     -0.4886	     0.50797	 0	[(0, 30)]
 31	 25	  7	   -0.565612	     5.09228	      5.6352	 0	[(25, 31)]
 32	 25	  8	   -0.565612	      4.9578	     6.05084	 0	[(25, 32)]
 33	 25	  9	   -0.565612	     4.83744	     6.45867	 0	[(25, 33)]
 34	 25	 10	   -0.565612	       4.819	     6.90452	 0	[(25, 34)]
 35	 25	 11	   -0.565612	     4.82892	     8.04818	 0	[(25, 35)]
 36	 25	 12	   -0.565612	     4.62036	     9.30016	 0	[(25, 36)]
 37	 25	 13	   -0.565612	     4.51219	     10.3331	 0	[(25, 37)]
 38	 25	 14	   -0.565612	     4.46539	     11.2849	 0	[(25, 38)]
 39	 25	 15	   -0.565612	      4.2179	     12.3388	 0	[(25, 39)]
 40	 25	 16	   -0.565612	     4.20847	     13.0966	 0	[(25, 40)]
 41	 25	 17	   -0.565612	     4.68093	     12.7655	 0	[(25, 41)]
 42	 25	 18	   -0.565612	     4.81042	     12.1537	 0	[(25, 42)]
 43	 25	 19	   -0.565612	     4.79007	     12.0961	 0	[(25, 43)]
 44	 25	 20	   -0.565612	      4.6092	     12.3043	 0	[(25, 44)]
 45	 42	  2	   -0.565612	     3.69929	    0.336212	 1	[(42, 45)]
 46	 42	  4	   -0.565612	     2.24114	    0.298991	 1	[(42, 46)]
 47	 42	  6	   -0.565612	     3.95621	     5.10157	 0	[(42, 47)]
 48	 42	  7	   -0.565612	     3.09117	     6.04217	 0	[(42, 48)]
 49	 42	  8	   -0.565612	      1.6406	     7.41052	 0	[(42, 49)]
 50	 42	  9	   -0.565612	     2.38023	     7.68283	 0	[(42, 50)]
 51	 42	  9	   -0.565612	     2.38023	     7.68283	 0	[(42, 51)]
 52	 42	  9	   -0.565612	     2.38023	     7.68283	 0	[(42, 52)]
 53	 42	  9	   -0.565612	     2.38023	     7.68283	 0	[(42, 53)]
 54	 42	 11	   -0.565612	     7.96028	     7.91815	 1	[(42, 54)]
 55	 42	 13	   -0.565612	     9.13354	     11.0889	 1	[(42, 55)]
 56	 42	 15	   -0.565612	     9.08634	     13.8266	 1	[(42, 56)]
 57	 42	 16	   -0.565612	     9.19474	      14.525	 1	[(42, 57)]
 58	 42	 16	   -0.565612	     9.19474	      14.525	 1	[(42, 58)]
 59	 42	 16	   -0.565612	     9.19474	      14.525	 1	[(42, 59)]
 60	 54	  4	   -0.565612	     5.89844	    0.538331	 2	[(54, 60)]
 61	 54	  7	   -0.565612	     5.39818	     5.55541	 1	[(54, 61)]
 62	 54	  8	   -0.565612	     6.02058	     6.11481	 1	[(54, 62)]
 63	 54	 10	   -0.565612	     5.53886	     7.17252	 0	[(54, 63)]
 64	 54	 11	   -0.565612	     5.37835	     7.62832	 0	[(54, 64)]
 65	 54	 12	   -0.565612	      5.4307	      7.9898	 0	[(54, 65)]
 66	 54	 13	   -0.565612	     5.33348	     8.40713	 0	[(54, 66)]
 67	 54	 14	   -0.565612	      5.0779	     9.01562	 0	[(54, 67)]
 68	 54	 15	   -0.565612	     4.81491	     7.53456	 0	[(54, 68)]
 69	 54	 16	   -0.565612	     4.66148	     8.50087	 0	[(54, 69)]
 70	 54	 17	   -0.565612	     4.53311	      9.6544	 0	[(54, 70)]
 71	 54	 18	   -0.565612	     4.41814	     10.6775	 0	[(54, 71)]
 72	 54	 19	   -0.565612	      4.2341	     11.7049	 0	[(54, 72)]
 73	 54	 20	   -0.565612	      4.1141	     12.6883	 0	[(54, 73)]
 74	 54	 21	   -0.565612	     3.79432	     13.7773	 0	[(54, 74)]
 75	 54	 22	   -0.565612	     3.58138	     14.7697	 0	[(54, 75)]
 76	 54	 23	   -0.565612	     3.50873	     15.6845	 0	[(54, 76)]
 77	 54	 24	   -0.565612	     2.87556	     16.8489	 0	[(54, 77)]
 78	 54	 25	   -0.565612	     2.70437	     17.7865	 0	[(54, 78)]
 79	 54	 26	   -0.565612	     2.49842	     18.7586	 0	[(54, 79)]
 80	 54	 27	   -0.565612	     2.43079	     19.5528	 0	[(54, 80)]
 81	 54	 28	   -0.565612	     2.70807	     19.8713	 0	[(54, 81)]
 82	 54	 29	   -0.565612	     2.98719	       19.22	 0	[(54, 82)]
 83	 54	 29	   -0.565612	     2.98719	       19.22	 0	[(54, 83)]
 84	 54	 29	   -0.565612	     2.98719	       19.22	 0	[(54, 84)]
 85	 54	 29	   -0.565612	     2.98719	       19.22	 0	[(54, 85)]
 86	 54	 29	   -0.565612	     2.98719	       19.22	 0	[(54, 86)]
 87	 54	 31	   -0.565612	      2.6891	     19.4996	 0	[(54, 87)]
 88	 54	 31	   -0.565612	      2.6891	     19.4996	 0	[(54, 88)]
 89	 54	 31	   -0.565612	      2.6891	     19.4996	 0	[(54, 89)]
 90	 54	 31	   -0.565612	      2.6891	     19.4996	 0	[(54, 90)]
 91	 54	 31	   -0.565612	      2.6891	     19.4996	 0	[(54, 91)]
 92	 54	 32	   -0.565612	     9.84562	     19.7797	 1	[(54, 92)]
 93	 54	 35	   -0.565612	     2.38318	     19.8789	 0	[(54, 93)]
 94	 89	  5	   -0.565612	     2.37331	    0.260396	 1	[(89, 94)]
 95	 54	 38	   -0.565612	     2.48323	      19.729	 0	[(54, 95)]
 96	 89	  8	   -0.565612	     5.49686	     5.89901	 0	[(89, 96)]
 97	 89	  9	   -0.565612	     5.29702	      6.0488	 0	[(89, 97)]
 98	 89	 10	   -0.565612	     5.00334	     6.28116	 0	[(89, 98)]
 99	 89	 11	   -0.565612	     4.87573	     6.64167	 0	[(89, 99)]
100	 89	 12	   -0.565612	     4.74049	     7.02432	 0	[(89, 100)]
101	 89	 13	   -0.565612	     4.77402	     8.08177	 0	[(89, 101)]
102	 89	 14	   -0.565612	     4.79851	     8.93284	 0	[(89, 102)]
103	 89	 15	   -0.565612	     4.69617	     9.74564	 0	[(89, 103)]
104	 89	 16	   -0.565612	     5.10055	     8.47849	 0	[(89, 104)]
105	 89	 16	   -0.565612	     5.10055	     8.47849	 0	[(89, 105)]
106	 89	 17	   -0.565612	      7.6237	     8.65556	 1	[(89, 106)]
107	 89	 17	   -0.565612	      7.6237	     8.65556	 1	[(89, 107)]
108	104	  3	   -0.565612	     3.90132	    0.288258	 1	[(104, 108)]
109	104	  5	   -0.565612	     2.35526	    0.265738	 1	[(104, 109)]
110	104	  7	   -0.565612	     5.03484	     5.60031	 0	[(104, 110)]
111	104	  8	   -0.565612	     4.82101	     6.01545	 0	[(104, 111)]
112	104	  9	   -0.565612	     4.73544	     6.45309	 0	[(104, 112)]
113	104	 10	   -0.565612	     4.68863	      7.2342	 0	[(104, 113)]
114	104	 11	   -0.565612	     4.71647	     8.38368	 0	[(104, 114)]
115	104	 12	   -0.565612	     4.43995	     9.59224	 0	[(104, 115)]
116	104	 13	   -0.565612	      4.2525	     10.6399	 0	[(104, 116)]
117	104	 14	   -0.565612	     4.26051	     11.5409	 0	[(104, 117)]
118	104	 15	   -0.565612	     4.01022	     12.5763	 0	[(104, 118)]
119	104	 16	   -0.565612	     3.60595	     13.6905	 0	[(104, 119)]
120	  0	118	   -0.565612	     3.05181	     101.037	 2	[(0, 120)]
121	  0	119	   -0.565612	      2.4121	     102.109	 2	[(0, 121)]
122	  0	120	   -0.565612	     1.83136	     103.107	 2	[(0, 122)]
123	  0	121	   -0.565612	     2.49242	     103.285	 2	[(0, 123)]
124	  0	122	   -0.565612	     2.82268	     103.294	 2	[(0, 124)]
125	  0	122	   -0.565612	     2.82268	     103.294	 2	[(0, 125)]
126	  0	123	   -0.565612	     2.67851	     103.346	 2	[(0, 126)]
127	  0	123	   -0.565612	     2.67851	     103.346	 2	[(0, 127)]
128	  0	125	   -0.565612	     2.71429	     103.033	 2	[(0, 128)]
129	  0	125	   -0.565612	     2.71429	     103.033	 2	[(0, 129)]
130	  0	125	   -0.565612	     2.71429	     103.033	 2	[(0, 130)]
131	  0	125	   -0.565612	     2.71429	     103.033	 2	[(0, 131)]
132	  0	125	   -0.565612	     2.71429	     103.033	 2	[(0, 132)]
133	  0	125	   -0.565612	     2.71429	     103.033	 2	[(0, 133)]
134	  0	125	   -0.565612	     2.71429	     103.033	 2	[(0, 134)]
135	  0	125	   -0.565612	     2.71429	     103.033	 2	[(0, 135)]
136	  0	125	   -0.565612	     2.71429	     103.033	 2	[(0, 136)]
137	  0	125	   -0.565612	     2.71429	     103.033	 2	[(0, 137)]
138	  0	125	   -0.565612	     2.71429	     103.033	 2	[(0, 138)]
139	  0	125	   -0.565612	     2.71429	     103.033	 2	[(0, 139)]
140	  0	125	   -0.565612	     2.71429	     103.033	 2	[(0, 140)]
141	137	  3	   -0.565612	     3.88996	    0.303844	 1	[(137, 141)]
142	137	  5	   -0.565612	     2.37507	    0.272791	 1	[(137, 142)]
143	  0	133	   -0.565612	     2.42942	      103.59	 2	[(0, 143)]
144	137	  8	   -0.565612	     4.48353	     6.04504	 0	[(137, 144)]
145	137	  9	   -0.565612	     4.43381	     6.50764	 0	[(137, 145)]
146	137	 10	   -0.565612	     4.32014	      8.0161	 0	[(137, 146)]
147	137	 11	   -0.565612	      4.2021	     9.05181	 0	[(137, 147)]
148	137	 12	   -0.565612	     3.88426	     10.1596	 0	[(137, 148)]
149	137	 13	   -0.565612	     3.73968	     11.1231	 0	[(137, 149)]
150	137	 14	   -0.565612	      4.3211	     10.9819	 0	[(137, 150)]
151	137	 14	   -0.565612	      4.3211	     10.9819	 0	[(137, 151)]
152	137	 14	   -0.565612	      4.3211	     10.9819	 0	[(137, 152)]
153	137	 15	   -0.565612	     4.17071	     11.1872	 0	[(137, 153)]
154	137	 15	   -0.565612	     4.17071	     11.1872	 0	[(137, 154)]
155	137	 16	   -0.565612	     3.99885	     11.3666	 0	[(137, 155)]
156	137	 16	   -0.565612	     3.99885	     11.3666	 0	[(137, 156)]
157	137	 17	   -0.565612	     3.85324	     11.5054	 0	[(137, 157)]
158	137	 17	   -0.565612	     3.85324	     11.5054	 0	[(137, 158)]
159	137	 17	   -0.565612	     3.85324	     11.5054	 0	[(137, 159)]
160	137	 18	   -0.565612	     3.61488	     11.7943	 0	[(137, 160)]
161	137	 18	   -0.565612	     3.61488	     11.7943	 0	[(137, 161)]
162	137	 18	   -0.565612	     3.61488	     11.7943	 0	[(137, 162)]
163	137	 18	   -0.565612	     3.61488	     11.7943	 0	[(137, 163)]
164	137	 18	   -0.565612	     3.61488	     11.7943	 0	[(137, 164)]
165	153	  6	   -0.565612	     8.32779	     2.87915	 2	[(153, 165)]
166	153	  7	   -0.565612	      6.9204	     4.85449	 2	[(153, 166)]
167	153	  9	   -0.565612	     3.62769	     8.08803	 1	[(153, 167)]
168	153	 11	   -0.565612	     4.14384	     9.92973	 1	[(153, 168)]
169	153	 14	   -0.565612	      4.5648	     11.8459	 1	[(153, 169)]
170	153	 15	   -0.565612	     5.49164	     13.5877	 1	[(153, 170)]
171	127	 41	   -0.565612	     5.27016	     35.8236	 2	[(127, 171)]
172	127	 43	   -0.565612	     6.58351	     36.5892	 2	[(127, 172)]
173	127	 44	   -0.565612	     7.01617	     36.6725	 2	[(127, 173)]
174	169	  2	   -0.565612	     3.71158	    0.307089	 1	[(169, 174)]
175	169	  6	   -0.565612	     2.22225	    0.269692	 1	[(169, 175)]
176	169	  8	   -0.565612	   -0.172878	    0.179085	 0	[(169, 176)]
177	127	 49	   -0.565612	     4.34684	     43.1395	 2	[(127, 177)]
178	127	 50	   -0.565612	      3.5964	     44.1758	 2	[(127, 178)]
179	127	 51	   -0.565612	     3.50138	     44.9949	 2	[(127, 179)]
180	127	 52	   -0.565612	     3.34799	     45.7831	 2	[(127, 180)]
181	127	 53	   -0.565612	     2.90946	     46.8308	 2	[(127, 181)]
182	127	 54	   -0.565612	     2.32093	     48.1373	 2	[(127, 182)]
183	127	 55	   -0.565612	     2.14855	     49.0832	 2	[(127, 183)]
184	127	 56	   -0.565612	     1.97662	     49.9888	 2	[(127, 184)]
185	127	 57	   -0.565612	     1.77127	     51.0431	 2	[(127, 185)]
186	127	 58	   -0.565612	    0.351798	     52.6768	 2	[(127, 186)]
187	127	 59	    -1.69054	    -1.69054	     54.3099	 2	[(127, 187)]
188	127	 60	    -3.09118	    -3.09118	     55.2843	 2	[(127, 188)]
189	127	 61	    -4.46185	    -4.46185	     56.2773	 2	[(127, 189)]
190	127	 62	    -5.67354	    -5.67354	       57.27	 2	[(127, 190)]
191	127	 63	    -7.31334	    -7.31334	     58.2928	 2	[(127, 191)]
192	127	 64	    -8.40524	    -8.40524	     59.2552	 2	[(127, 192)]
193	127	 65	    -8.40524	     -7.8225	     59.6343	 2	[(127, 193)]
194	127	 65	    -8.40524	     -7.8225	     59.6343	 2	[(127, 194)]
195	127	 66	    -8.40524	    -8.01627	     59.8107	 2	[(127, 195)]
196	127	 67	    -8.40524	    -8.01795	     59.8385	 2	[(127, 196)]
197	127	 68	    -8.40524	    -7.99148	     59.8128	 2	[(127, 197)]
198	127	 69	    -8.40524	    -8.00947	     59.8288	 2	[(127, 198)]
199	127	 70	    -8.40524	    -8.05255	     59.8726	 2	[(127, 199)]
200	127	 71	    -8.40524	    -8.09789	     59.9219	 2	[(127, 200)]
201	127	 72	    -8.40524	    -1.63902	     59.9228	 3	[(127, 201)]
202	127	 72	    -8.40524	    -1.63902	     59.9228	 3	[(127, 202)]
203	127	 73	    -8.40524	    0.707737	     60.0991	 4	[(127, 203)]
204	127	 74	    -8.40524	     0.85497	      60.091	 4	[(127, 204)]
205	127	 76	    -8.40524	    -1.42621	     59.9527	 3	[(127, 205)]
206	127	 77	    -8.40524	    -1.44026	     59.9651	 3	[(127, 206)]
207	127	 78	    -8.40524	    -1.45449	       59.98	 3	[(127, 207)]
208	127	 79	    -8.40524	    -1.46771	      59.994	 3	[(127, 208)]
209	127	 80	    -8.40524	    -1.48116	     60.0088	 3	[(127, 209)]
210	127	 81	    -8.40524	     3.46592	     65.6802	 3	[(127, 210)]
211	127	 82	    -8.40524	      3.3454	     66.0688	 3	[(127, 211)]
212	127	 83	    -8.40524	     3.35869	     66.7637	 3	[(127, 212)]
213	127	 84	    -8.40524	     3.39307	     67.8921	 3	[(127, 213)]
214	127	 85	    -8.40524	     3.38611	     68.9155	 3	[(127, 214)]
215	127	 86	    -8.40524	     3.26526	     70.0515	 3	[(127, 215)]
216	127	 87	    -8.40524	     3.35583	     70.9376	 3	[(127, 216)]
217	127	 88	    -8.40524	     3.02829	     72.1649	 3	[(127, 217)]
218	127	 89	    -8.40524	     3.59652	     71.9938	 3	[(127, 218)]
219	127	 89	    -8.40524	     3.59652	     71.9938	 3	[(127, 219)]
220	127	 90	    -8.40524	     3.45358	     72.1401	 3	[(127, 220)]
221	127	 90	    -8.40524	     3.45358	     72.1401	 3	[(127, 221)]
222	127	 90	    -8.40524	     3.45358	     72.1401	 3	[(127, 222)]
223	127	 90	    -8.40524	     3.45358	     72.1401	 3	[(127, 223)]
224	127	 90	    -8.40524	     3.45358	     72.1401	 3	[(127, 224)]
225	127	 90	    -8.40524	     3.45358	     72.1401	 3	[(127, 225)]
226	127	 90	    -8.40524	     3.45358	     72.1401	 3	[(127, 226)]
227	127	 90	    -8.40524	     3.45358	     72.1401	 3	[(127, 227)]
228	127	 90	    -8.40524	     3.45358	     72.1401	 3	[(127, 228)]
229	127	 90	    -8.40524	     3.45358	     72.1401	 3	[(127, 229)]
230	127	 90	    -8.40524	     3.45358	     72.1401	 3	[(127, 230)]
231	127	 90	    -8.40524	     3.45358	     72.1401	 3	[(127, 231)]
232	226	 82	    -8.40524	     2.18958	     60.4274	 4	[(127, 209), (226, 232)]
233	226	 84	    -8.40524	     2.64408	     60.3117	 4	[(127, 209), (226, 233)]
234	226	 86	    -8.40524	     4.25701	     64.1025	 4	[(127, 209), (226, 234)]
235	226	 88	    -8.40524	      5.2482	     64.8247	 4	[(127, 209), (226, 235)]
236	226	 89	    -8.40524	     5.65282	     65.0496	 4	[(127, 209), (226, 236)]
237	226	 89	    -8.40524	     5.65282	     65.0496	 4	[(127, 209), (226, 237)]
238	226	 89	    -8.40524	     5.65282	     65.0496	 4	[(127, 209), (226, 238)]
239	226	 89	    -8.40524	     5.65282	     65.0496	 4	[(127, 209), (226, 239)]
240	226	 89	    -8.40524	     5.65282	     65.0496	 4	[(127, 209), (226, 240)]
241	236	 83	    -8.40524	     4.29934	     60.4386	 5	[(127, 209), (236, 241)]
242	236	 86	    -8.40524	    0.741864	     60.2798	 4	[(127, 209), (236, 242)]
243	236	 88	    -8.40524	     3.39599	     65.5864	 3	[(127, 209), (236, 243)]
244	236	 89	    -8.40524	     3.23383	     65.9299	 3	[(127, 209), (236, 244)]
245	236	 90	    -8.40524	      3.1274	     66.3358	 3	[(127, 209), (236, 245)]
246	236	 91	    -8.40524	     2.90982	     67.3761	 3	[(127, 209), (236, 246)]
247	236	 92	    -8.40524	      2.7978	     68.5151	 3	[(127, 209), (236, 247)]
248	236	 93	    -8.40524	      2.1748	     69.7396	 3	[(127, 209), (236, 248)]
249	236	 94	    -8.40524	     1.99411	     70.6723	 3	[(127, 209), (236, 249)]
250	236	 95	    -8.40524	      2.6258	      70.628	 3	[(127, 209), (236, 250)]
251	236	 96	    -8.40524	     2.53852	     71.1785	 3	[(127, 209), (236, 251)]
252	236	 97	    -8.40524	      2.6929	     70.7421	 3	[(127, 209), (236, 252)]
253	  0	248	    -8.40524	     3.12194	     208.175	 8	[(0, 253)]
254	  0	249	    -8.40524	    -2.96929	     209.422	 8	[(0, 254)]
255	  0	250	    -8.40524	    -4.60983	     210.485	 8	[(0, 255)]
256	  0	251	    -8.40524	    -7.60491	     211.535	 8	[(0, 256)]
257	  0	252	    -8.40524	    -7.45411	     212.228	 8	[(0, 257)]
258	  0	253	    -8.40524	    -7.87983	     213.401	 8	[(0, 258)]
259	  0	254	    -8.41223	    -8.41223	     214.505	 8	[(0, 259)]
260	  0	255	    -8.66157	    -8.66157	      215.59	 8	[(0, 260)]
261	  0	256	    -9.12071	    -9.12071	     216.641	 8	[(0, 261)]
262	  0	257	    -9.65874	    -9.65874	      217.68	 8	[(0, 262)]
263	  0	258	    -10.4272	    -10.4272	      218.78	 8	[(0, 263)]
264	  0	259	    -10.5749	    -10.5749	     219.639	 8	[(0, 264)]
265	  0	260	    -10.7506	    -10.7506	     220.522	 8	[(0, 265)]
266	  0	261	    -11.0871	    -11.0871	      221.55	 8	[(0, 266)]
267	  0	262	    -11.2438	    -11.2438	     222.647	 8	[(0, 267)]
268	  0	263	    -12.1784	    -12.1784	     224.584	 8	[(0, 268)]
269	  0	264	    -13.4936	    -13.4936	     225.673	 8	[(0, 269)]
270	  0	265	    -14.7136	    -14.7136	     226.673	 8	[(0, 270)]
271	  0	266	    -16.0693	    -16.0693	     227.676	 8	[(0, 271)]
272	  0	267	    -18.9043	    -18.9043	     228.729	 8	[(0, 272)]
273	  0	268	     -20.307	     -20.307	     229.711	 8	[(0, 273)]
274	  0	269	    -21.1439	    -21.1439	     230.609	 8	[(0, 274)]
275	  0	270	    -21.1439	    -20.6954	     231.066	 8	[(0, 275)]
276	  0	271	    -21.1439	    -20.2954	     231.155	 8	[(0, 276)]
277	  0	272	    -21.1439	    -20.1657	     230.864	 8	[(0, 277)]
278	  0	273	    -21.1439	    -17.0283	      230.86	 9	[(0, 278)]
279	  0	274	    -21.1439	    -16.4386	     230.863	 9	[(0, 279)]
280	  0	275	    -21.1439	    -15.7939	     231.167	 9	[(0, 280)]
281	  0	276	    -21.1439	    -16.0252	     231.129	 9	[(0, 281)]
282	  0	277	    -21.1439	    -16.0566	     231.059	 9	[(0, 282)]
283	  0	278	    -21.1439	    -15.4356	      236.46	 9	[(0, 283)]
284	  0	279	    -21.1439	    -14.9874	     237.006	 9	[(0, 284)]
285	  0	280	    -21.1439	    -14.7638	     238.587	 9	[(0, 285)]
286	  0	282	    -21.1439	     -13.269	     238.248	 9	[(0, 286)]
287	  0	283	    -21.1439	    -13.6943	     240.215	 9	[(0, 287)]
288	  0	284	    -21.1439	    -13.6849	      241.48	 9	[(0, 288)]
289	  0	285	    -21.1439	    -13.0494	     241.393	 9	[(0, 289)]
290	  0	285	    -21.1439	    -13.0494	     241.393	 9	[(0, 290)]
291	  0	286	    -21.1439	    -13.2157	     242.825	10	[(0, 291)]
292	  0	287	    -21.1439	    -16.3518	      243.88	10	[(0, 292)]
293	  0	288	    -21.1439	    -19.3734	     245.049	10	[(0, 293)]
294	  0	289	    -22.2641	    -22.2641	      246.12	10	[(0, 294)]
295	  0	290	    -23.6148	    -23.6148	     247.193	10	[(0, 295)]
296	  0	291	    -23.6148	    -23.1654	     247.688	10	[(0, 296)]
297	  0	292	    -23.6148	    -22.7805	     247.955	10	[(0, 297)]
298	  0	293	    -23.6148	    -20.0915	      247.77	11	[(0, 298)]
299	  0	294	    -23.6148	     -19.647	     247.817	11	[(0, 299)]
300	  0	294	    -23.6148	     -19.647	     247.817	11	[(0, 300)]
301	  0	295	    -23.6148	    -17.6657	     248.028	12	[(0, 301)]
302	  0	296	    -23.6148	    -17.3094	     248.263	12	[(0, 302)]
303	  0	298	    -23.6148	    -17.6105	     255.196	11	[(0, 303)]
304	  0	299	    -23.6148	    -17.5836	     255.782	11	[(0, 304)]
305	  0	300	    -23.6148	    -18.2089	      257.27	11	[(0, 305)]
306	  0	301	    -23.6148	    -17.8363	     257.935	11	[(0, 306)]
307	  0	301	    -23.6148	    -17.8363	     257.935	11	[(0, 307)]
308	  0	301	    -23.6148	    -17.8363	     257.935	11	[(0, 308)]
309	  0	301	    -23.6148	    -17.8363	     257.935	11	[(0, 309)]
