nresidues = 427
70 229 2.98242
70 230 0.56808
70 250 0.28404
71 249 2.8404
71 250 0.28404
72 163 0.14202
72 164 0.14202
72 166 0.14202
72 247 0.14202
72 248 2.98242
72 249 0.99414
73 164 0.14202
73 246 0.28404
73 247 2.8404
74 88 0.28404
74 246 2.98242
74 247 0.7101
74 249 0.14202
75 87 0.28404
75 88 0.14202
75 245 2.98242
75 246 0.14202
76 85 0.85212
76 86 2.8404
76 243 0.14202
76 244 2.69838
76 245 3.5505
77 85 2.98242
77 86 0.56808
77 99 0.14202
77 243 2.8404
78 83 0.99414
78 84 3.12444
78 239 0.14202
78 240 0.56808
78 397 0.56808
78 398 0.14202
79 82 3.12444
79 83 2.69838
79 84 0.42606
79 192 0.28404
79 194 0.14202
80 83 0.14202
80 240 0.28404
80 242 0.14202
80 243 0.14202
81 190 0.14202
82 186 0.14202
82 194 0.14202
83 306 0.56808
83 397 0.42606
83 398 0.14202
84 101 0.56808
84 194 0.14202
84 303 0.14202
84 304 0.85212
84 397 0.28404
85 101 2.8404
85 102 0.42606
85 236 0.56808
85 237 0.56808
85 238 0.56808
85 245 0.14202
85 246 0.42606
85 247 0.42606
86 100 2.8404
86 194 0.14202
87 98 0.14202
87 99 2.8404
87 100 0.28404
87 102 0.28404
87 247 0.14202
88 98 2.69838
88 99 0.28404
89 96 0.14202
89 97 2.69838
89 98 0.14202
89 100 0.14202
89 162 2.8404
89 163 0.14202
90 95 0.14202
90 96 2.8404
90 97 0.56808
90 161 2.98242
90 162 0.42606
91 95 2.8404
91 96 0.56808
91 111 0.14202
91 128 0.28404
91 159 0.28404
91 160 2.98242
91 173 0.14202
92 95 0.14202
92 133 0.56808
92 135 0.28404
92 159 0.56808
93 132 0.14202
93 133 2.8404
93 134 0.42606
93 135 0.7101
94 132 0.14202
96 127 0.14202
96 128 1.4202
96 129 0.85212
97 126 0.14202
98 111 0.28404
98 126 0.42606
98 127 0.56808
98 128 0.28404
98 195 0.99414
99 126 0.28404
99 193 0.14202
99 194 2.69838
99 195 2.98242
100 109 0.14202
100 110 0.14202
100 111 0.14202
100 195 0.14202
100 196 3.26646
100 197 0.42606
100 198 0.28404
101 194 0.42606
101 196 0.28404
101 197 2.98242
101 198 0.56808
101 304 0.14202
102 198 3.12444
102 234 0.42606
102 236 0.14202
102 303 0.85212
103 106 0.7101
103 197 0.14202
103 198 0.42606
103 199 2.69838
103 200 0.28404
103 302 0.14202
103 303 0.56808
103 304 0.14202
104 201 0.28404
104 276 0.28404
104 301 0.56808
104 302 0.56808
104 303 0.56808
104 407 0.42606
105 201 0.14202
105 205 0.14202
105 275 0.28404
105 302 0.28404
106 147 0.14202
106 197 0.14202
106 199 2.8404
106 200 2.8404
106 201 0.42606
107 199 0.56808
107 200 0.14202
107 201 0.7101
107 202 0.42606
107 205 0.42606
107 206 0.14202
107 216 0.14202
107 218 0.28404
108 145 0.14202
108 156 0.7101
108 197 0.14202
108 198 2.55636
108 199 0.14202
108 206 1.27818
108 207 0.28404
108 216 0.85212
109 173 2.98242
109 174 0.14202
109 197 2.98242
109 198 0.42606
109 199 0.28404
110 147 0.56808
110 174 3.12444
110 176 0.7101
110 179 0.14202
110 183 0.14202
110 195 0.14202
110 196 3.12444
110 197 0.42606
111 128 0.14202
111 174 0.28404
111 175 2.98242
112 126 0.14202
112 127 3.12444
112 128 0.28404
112 175 0.14202
112 176 2.8404
112 195 0.42606
113 116 0.28404
113 127 0.42606
113 128 2.98242
113 175 1.70424
113 176 0.42606
113 177 0.85212
114 127 0.28404
114 128 0.28404
116 120 0.35505
116 121 0.0887625
116 122 0.532575
116 127 0.14202
116 177 0.28404
117 120 2.04154
117 121 1.50896
117 122 1.86401
118 121 0.0887625
118 122 0.266289
118 123 0.0887625
120 177 0.56808
120 178 3.12444
120 179 0.42606
121 179 0.56808
121 184 0.28404
122 127 0.28404
123 184 0.14202
123 186 0.14202
123 188 0.28404
123 193 0.7101
124 127 0.28404
124 193 0.42606
126 193 0.42606
126 195 1.70424
128 136 0.14202
128 157 0.56808
128 159 0.14202
129 132 2.98242
130 133 0.42606
130 136 0.99414
133 136 0.42606
133 159 0.56808
135 158 0.14202
135 159 1.70424
135 170 0.14202
136 157 0.7101
136 158 2.69838
136 159 0.42606
137 157 2.98242
137 158 0.42606
138 155 0.14202
138 156 2.41434
139 156 1.27818
141 155 2.69838
141 156 0.7101
141 208 0.42606
141 212 1.84626
141 214 0.7101
142 154 3.12444
142 155 0.14202
142 156 0.85212
142 211 0.14202
142 212 0.85212
143 152 0.14202
143 153 2.69838
143 154 0.56808
143 156 0.56808
143 174 0.28404
143 176 0.14202
144 152 2.69838
144 153 0.7101
144 207 0.14202
144 211 0.7101
145 151 2.8404
145 152 0.56808
145 207 0.14202
146 150 2.98242
147 150 0.56808
147 151 0.14202
147 197 0.28404
150 180 3.12444
151 179 2.8404
151 180 0.42606
152 176 0.14202
152 178 2.98242
153 176 2.98242
153 177 2.55636
153 178 0.85212
154 175 2.69838
154 176 0.14202
155 174 2.8404
155 175 0.99414
156 172 0.14202
156 173 3.12444
156 174 0.14202
156 206 0.14202
156 207 0.56808
156 208 0.99414
156 216 0.28404
157 171 0.14202
157 172 2.8404
157 173 1.4202
157 174 0.99414
157 175 0.42606
158 170 1.13616
158 171 3.12444
158 172 0.7101
159 169 2.55636
159 170 2.8404
159 171 0.42606
160 167 0.14202
160 168 2.69838
161 166 0.14202
161 167 2.69838
161 168 0.56808
161 171 0.28404
161 173 0.14202
162 165 0.28404
162 166 2.98242
162 167 0.85212
163 166 0.56808
166 223 0.14202
167 228 0.42606
168 171 0.28404
168 222 0.14202
168 223 0.28404
168 226 0.99414
168 228 0.28404
169 226 0.42606
171 217 0.56808
171 218 0.7101
171 219 0.56808
171 222 0.56808
172 216 0.85212
179 183 0.0887625
179 184 0.0887625
180 184 0.266289
181 184 1.77525
181 185 0.0887625
182 185 1.68649
182 186 0.0887625
183 186 0.621338
183 194 0.28404
186 192 0.14202
186 193 1.70424
186 194 0.42606
187 190 0.28404
187 193 0.14202
188 193 0.28404
198 219 0.7101
200 220 0.7101
200 234 0.28404
200 276 0.56808
201 218 0.14202
201 220 0.14202
201 274 2.55636
201 276 0.14202
202 205 0.28404
202 266 0.14202
202 273 1.13616
202 274 0.28404
202 275 0.28404
202 276 0.85212
202 412 0.85212
203 206 0.42606
203 215 0.56808
203 216 0.28404
204 209 0.42606
204 215 0.14202
204 273 0.14202
204 274 0.7101
205 274 0.42606
205 275 0.56808
206 209 1.86401
206 215 0.56808
206 216 0.56808
207 210 1.77525
207 211 0.177525
208 211 1.68649
208 212 1.95277
208 213 1.50896
208 214 1.95277
208 216 0.177525
209 212 1.59772
209 213 0.177525
209 214 0.266289
209 215 0.266289
217 221 0.266289
217 222 0.443811
218 221 1.95277
218 222 0.0887625
219 222 1.77525
219 223 0.266289
220 223 1.59772
220 234 0.42606
220 409 1.27818
221 224 1.77525
221 225 0.177525
222 225 1.77525
222 226 0.35505
223 226 1.50896
223 227 1.68649
223 228 2.04154
223 229 0.443811
223 249 0.42606
224 227 0.0887625
224 229 0.177525
224 230 0.35505
224 231 0.443811
229 249 0.28404
229 250 0.14202
231 250 0.42606
232 408 2.8404
232 409 5.25474
232 410 0.28404
233 249 2.8404
233 250 0.42606
233 251 0.14202
233 407 2.8404
233 408 0.56808
233 409 0.28404
234 248 2.98242
234 249 0.14202
234 406 2.8404
234 407 1.70424
234 409 0.14202
235 247 2.8404
235 248 0.56808
235 251 0.42606
235 252 0.42606
235 405 2.8404
236 246 2.69838
236 403 0.14202
236 404 2.69838
236 405 0.28404
236 407 0.14202
237 245 3.12444
237 246 0.42606
237 256 0.42606
237 419 0.28404
237 423 0.42606
238 303 0.28404
238 397 0.28404
238 401 0.28404
238 425 0.56808
239 242 3.26646
239 243 0.7101
239 244 0.85212
239 245 0.14202
239 425 0.7101
240 401 0.56808
240 425 0.85212
241 424 0.42606
241 425 0.85212
241 426 0.42606
246 253 0.7101
248 251 0.56808
252 406 0.14202
253 256 0.85212
254 257 0.85212
255 423 0.28404
256 404 0.14202
256 419 2.98242
256 420 0.42606
256 423 0.56808
257 417 0.14202
257 418 2.69838
257 419 0.42606
257 420 0.56808
258 418 3.40848
258 419 0.42606
258 420 0.28404
259 417 0.14202
260 417 0.14202
261 406 0.14202
261 415 0.28404
261 416 2.69838
262 361 0.99414
262 362 0.14202
262 415 2.8404
262 416 0.56808
263 352 0.14202
263 353 2.8404
263 354 0.56808
263 361 0.28404
263 413 1.70424
263 414 3.26646
263 415 0.28404
264 279 0.28404
264 352 0.56808
264 353 0.14202
264 354 0.14202
264 413 2.98242
264 414 0.56808
265 277 0.14202
265 279 0.28404
265 354 1.70424
265 412 2.8404
265 413 0.14202
266 273 0.28404
266 275 0.14202
266 276 0.28404
266 277 2.8404
266 412 0.7101
266 413 0.14202
266 414 0.14202
267 277 0.42606
267 278 0.14202
267 279 0.42606
268 272 3.12444
268 273 0.56808
269 272 0.56808
269 274 0.42606
270 274 0.56808
271 274 0.14202
273 412 1.13616
275 300 0.28404
276 299 0.14202
276 300 2.69838
276 301 0.42606
276 407 1.27818
276 408 0.56808
276 409 0.14202
276 413 0.14202
276 414 0.42606
277 298 0.14202
277 299 2.98242
277 300 0.7101
278 297 0.14202
278 298 2.69838
278 299 0.28404
278 351 0.14202
279 296 0.14202
279 297 2.69838
279 351 2.98242
279 352 0.14202
280 293 0.28404
280 296 2.69838
280 297 0.56808
280 299 1.27818
280 349 0.14202
280 350 2.98242
280 351 0.14202
281 292 2.69838
281 293 0.85212
281 350 3.5505
281 352 0.14202
281 360 0.14202
282 291 2.98242
282 349 2.55636
282 350 0.7101
283 289 2.69838
283 290 2.8404
283 291 0.28404
283 314 0.28404
283 347 0.14202
283 348 2.98242
284 287 0.14202
284 288 3.12444
284 289 0.28404
284 346 0.14202
284 347 2.69838
284 348 0.7101
284 350 0.42606
284 362 0.14202
285 288 0.7101
285 290 0.14202
285 322 0.14202
285 345 0.14202
285 346 2.98242
285 347 0.14202
290 317 0.14202
290 321 0.14202
291 317 0.28404
293 297 0.28404
293 299 0.42606
293 314 0.28404
297 393 0.99414
298 393 0.14202
299 308 0.14202
299 349 0.14202
299 393 4.54464
299 395 0.28404
300 393 0.42606
300 394 2.69838
300 395 0.42606
301 395 2.69838
301 407 0.28404
301 414 0.14202
302 305 1.13616
302 394 0.28404
302 395 0.56808
302 396 2.69838
303 397 0.42606
303 407 0.14202
305 394 0.14202
305 396 2.98242
305 397 0.85212
306 396 2.8404
306 397 2.98242
306 398 0.7101
307 384 2.8404
307 386 0.14202
307 394 0.14202
307 395 2.41434
307 396 0.14202
308 384 0.56808
308 385 2.8404
308 386 0.42606
308 394 2.8404
309 386 2.69838
309 388 0.14202
309 392 0.14202
309 393 2.8404
309 394 0.56808
310 314 0.0887625
310 386 0.14202
310 387 2.8404
310 388 0.56808
310 392 2.69838
310 393 0.14202
311 314 1.77525
311 387 0.14202
311 388 2.8404
311 392 0.14202
311 393 0.99414
312 315 1.77525
312 316 0.177525
312 387 0.28404
312 388 0.42606
313 316 1.59772
313 317 0.177525
314 317 1.77525
314 318 0.177525
314 393 0.42606
315 318 1.77525
315 319 0.266289
315 333 0.28404
315 385 0.14202
316 319 1.86401
316 320 0.177525
316 328 0.14202
316 333 0.7101
317 320 1.59772
317 321 0.0887625
318 321 1.77525
318 322 0.177525
318 347 0.14202
318 383 0.28404
319 322 1.68649
319 323 1.95277
319 324 0.0887625
319 326 0.14202
319 333 0.42606
319 383 0.28404
322 340 0.14202
323 326 0.28404
323 340 0.7101
323 383 0.14202
325 339 0.7101
325 340 0.56808
326 334 2.8404
326 335 0.28404
327 332 0.14202
327 333 2.69838
327 334 0.56808
328 332 2.55636
328 333 0.99414
329 332 0.28404
331 382 0.14202
332 387 0.14202
333 382 2.8404
333 383 0.28404
333 387 0.14202
334 380 0.14202
334 381 2.98242
335 340 0.56808
335 371 0.14202
335 380 2.8404
335 381 0.56808
336 339 0.14202
336 379 2.98242
336 380 0.14202
337 340 2.41434
337 341 0.28404
337 378 0.28404
337 379 0.7101
337 380 0.42606
337 381 0.85212
338 341 0.14202
340 343 0.28404
340 368 0.14202
340 371 0.14202
341 368 0.14202
345 366 2.8404
345 367 0.42606
346 365 2.8404
347 363 0.14202
347 364 2.8404
347 365 0.7101
347 367 0.14202
347 370 1.27818
347 399 0.28404
348 363 2.8404
348 364 0.42606
349 361 0.14202
349 362 2.8404
349 363 0.7101
349 399 0.14202
350 360 0.28404
350 361 2.69838
350 362 0.14202
351 360 2.98242
351 361 0.56808
351 363 0.14202
351 416 0.14202
352 356 0.14202
352 357 0.28404
352 359 2.8404
352 360 0.14202
353 356 0.56808
353 359 0.7101
354 413 0.14202
356 359 0.14202
363 403 0.42606
363 416 0.14202
364 403 0.28404
365 370 0.28404
365 399 0.28404
365 403 0.28404
366 369 2.69838
367 370 2.8404
367 371 0.28404
368 371 0.14202
369 401 0.14202
369 402 0.56808
369 425 0.28404
370 382 0.14202
370 383 3.12444
370 384 0.85212
371 381 0.14202
371 382 2.98242
371 383 0.14202
372 381 3.40848
372 382 0.42606
372 384 0.14202
372 398 0.14202
373 380 2.69838
373 381 0.14202
374 380 2.8404
374 381 0.14202
374 382 0.28404
375 378 0.85212
375 379 0.99414
375 380 1.13616
384 398 0.28404
395 399 0.266289
395 400 0.177525
396 399 1.68649
396 400 0.266289
397 400 1.68649
397 401 0.35505
398 401 0.7101
398 402 0.177525
399 402 0.177525
399 403 0.266289
400 403 0.35505
400 405 0.56808
401 419 0.14202
401 425 0.42606
401 426 0.14202
402 418 2.41434
402 419 0.42606
402 425 0.56808
403 417 2.98242
404 415 0.14202
404 416 2.69838
404 417 0.14202
404 419 0.14202
405 415 2.98242
405 416 0.28404
406 413 0.14202
406 414 2.98242
406 415 0.7101
407 413 2.55636
408 411 3.26646
408 412 2.69838
408 413 0.99414
409 412 0.14202
419 423 0.0887625
419 424 0.0887625
419 425 0.0887625
420 423 1.77525
420 424 0.0887625
421 424 0.177525
