nresidues = 207
5 26 0.0625
5 27 0.6875
6 25 0.0625
6 26 1.3125
6 27 0.0625
7 24 0.1875
7 25 1.25
8 25 1.375
8 33 0.0625
9 23 0.0625
9 24 1.3125
9 25 0.3125
10 22 0.0625
10 23 1.3125
10 24 0.1875
11 22 1.3125
11 23 0.3125
12 15 0.0625
12 21 1.3125
12 202 0.375
13 21 1.25
13 22 0.0625
13 23 0.125
13 37 0.0625
14 20 1.3125
14 21 0.1875
15 19 1.1875
15 202 0.0625
15 204 0.0625
16 19 0.1875
16 199 0.0625
17 199 0.0625
18 77 0.0625
18 199 0.4375
19 39 0.1875
19 40 1.25
19 199 0.625
20 38 0.0625
20 39 1.25
20 40 0.3125
20 199 0.1875
20 202 0.125
21 38 1.3125
22 36 0.0625
22 37 1.25
22 38 0.5625
22 40 0.375
23 35 0.125
23 36 1.25
23 37 0.0625
24 34 0.0625
24 35 1.25
24 36 0.25
25 34 1.4375
25 35 0.25
26 34 0.1875
26 36 0.125
37 116 0.0625
38 116 1.25
38 117 0.0625
39 116 0.1875
39 117 1.5
39 118 0.125
40 118 0.5
40 198 0.375
40 199 0.4375
40 202 0.5625
41 77 0.125
41 117 0.0625
41 118 0.25
41 119 0.75
41 196 0.125
41 199 0.125
42 78 0.3125
42 79 0.375
42 196 0.375
42 199 0.5625
43 77 1.25
43 78 0.1875
43 120 1.1875
43 196 0.125
44 76 1.25
44 120 0.0625
44 121 1.4375
44 192 0.125
45 75 1.25
45 76 0.125
45 78 0.0625
45 85 0.125
45 88 0.125
45 89 0.0625
45 122 1.25
45 124 0.0625
46 74 1.25
46 75 0.125
46 122 0.0625
46 123 1.1875
46 124 0.125
46 167 0.0625
47 73 0.125
47 74 0.125
47 89 0.1875
47 104 0.25
47 124 1.3125
47 126 0.0625
48 56 0.0625
48 73 0.125
48 107 0.125
48 123 0.0625
48 124 0.1875
48 125 1.375
48 126 0.125
48 171 0.1875
48 175 0.1875
49 55 0.0625
49 56 1.25
49 57 0.1875
49 93 0.0625
49 126 1.1875
49 129 0.1875
49 148 0.0625
50 54 0.0625
50 55 1.1875
50 56 0.0625
50 126 0.125
50 127 0.1875
50 129 0.25
50 151 0.0625
50 179 0.0625
51 54 0.25
51 55 0.75
51 129 0.125
51 148 0.125
54 150 1.1875
54 151 0.3125
55 148 0.4375
55 149 1.3125
55 150 0.1875
56 147 0.0625
56 148 1.625
56 149 0.1875
56 151 0.0625
57 74 0.0625
57 146 0.0625
57 147 1.25
57 148 0.25
58 71 0.3125
58 72 1.5
58 146 1.3125
58 147 0.25
58 149 0.0625
58 163 0.125
58 168 0.0625
59 70 0.0625
59 71 1.5625
59 72 0.375
59 145 1.3125
60 69 0.8125
60 70 1.3125
60 71 0.8125
60 145 0.125
61 68 0.0625
61 69 1.5625
61 70 0.1875
61 72 0.125
62 67 0.4375
62 68 1.5
62 69 0.1875
63 66 1.3125
63 67 1.1875
63 68 0.25
63 70 0.0625
63 72 0.625
64 67 0.0625
66 70 0.125
68 164 0.0625
70 164 0.0625
71 146 0.0625
71 149 0.5
71 157 0.25
71 165 0.0625
72 165 0.1875
73 167 0.0625
73 168 0.125
74 92 0.0625
74 96 0.25
75 92 0.5
75 96 0.0625
76 92 0.125
77 88 0.0625
78 85 0.0625
78 88 0.0625
78 192 0.125
80 83 0.75
80 91 0.0625
83 87 0.15625
83 88 0.273438
83 91 0.5625
84 87 0.820312
84 88 0.078125
85 88 0.859375
85 89 0.078125
85 124 0.3125
85 192 0.0625
85 195 0.1875
86 89 0.898438
86 90 0.078125
86 124 0.375
87 90 0.78125
87 91 0.078125
88 91 0.78125
88 92 0.078125
89 92 0.78125
89 93 0.078125
89 104 0.3125
89 124 0.125
90 93 0.78125
90 94 0.0390625
90 104 0.1875
91 94 0.898438
91 95 0.390625
92 95 0.78125
92 96 0.3125
93 96 0.664062
93 97 0.820312
93 98 0.664062
93 99 0.859375
93 104 0.1875
94 97 0.742188
94 98 0.15625
94 99 0.078125
97 146 0.125
98 131 1.1875
98 132 0.25
99 130 1.25
99 131 0.125
99 148 0.125
100 128 0.0625
100 129 1.3125
100 130 0.25
100 132 0.0625
101 104 0.375
101 126 0.0625
101 127 1.25
101 128 1.25
101 129 0.0625
102 127 1.1875
102 128 0.1875
103 125 0.0625
103 126 1.3125
103 127 0.4375
104 124 0.0625
104 125 1.1875
104 188 0.4375
105 124 1.4375
105 125 0.1875
105 185 0.375
105 186 1.3125
106 122 0.25
106 123 1.125
106 185 1.25
106 186 0.4375
106 187 0.125
107 123 1.25
107 171 0.0625
107 174 0.25
107 175 0.0625
107 178 0.0625
107 186 0.125
108 121 0.0625
108 122 1.1875
108 123 0.4375
108 170 0.125
108 186 0.0625
109 121 1.25
109 122 0.75
109 191 0.0625
109 192 0.0625
110 120 1.3125
110 121 0.25
110 123 0.0625
110 166 0.25
110 167 0.125
111 114 0.125
111 119 1.125
111 120 0.125
111 194 0.5
112 119 0.5
112 121 0.0625
113 116 1.375
113 117 0.3125
118 196 0.125
118 198 0.0625
119 196 0.125
120 192 0.5
120 194 0.3125
120 196 0.0625
121 167 0.125
121 192 0.25
122 188 0.0625
122 190 0.4375
122 191 0.1875
122 192 0.5625
123 167 0.0625
124 188 0.125
125 175 0.0625
125 185 0.125
126 129 0.0625
149 153 0.117188
149 157 0.5625
150 153 0.9375
150 154 0.078125
151 154 0.78125
151 155 0.078125
151 175 0.25
151 176 0.1875
151 179 0.125
152 155 0.78125
152 156 0.390625
153 156 0.859375
153 157 0.15625
154 157 0.78125
154 158 0.078125
154 163 0.0625
154 172 0.25
155 158 0.78125
155 159 0.078125
155 172 0.0625
155 176 0.125
156 159 0.78125
156 160 0.195312
157 160 0.859375
157 161 0.78125
157 162 0.9375
157 163 0.078125
158 161 0.0390625
158 163 0.117188
158 169 0.0625
158 172 0.0625
161 164 0.0625
163 168 0.0390625
163 169 0.078125
164 169 0.117188
165 168 0.898438
165 169 0.15625
166 169 0.78125
166 170 0.078125
167 170 0.78125
167 171 0.0390625
168 171 0.78125
168 172 0.117188
169 172 0.703125
169 173 0.117188
170 173 0.703125
170 174 0.078125
171 174 0.78125
171 175 0.117188
172 175 0.78125
172 176 0.078125
173 176 0.820312
173 177 0.078125
174 177 0.78125
174 178 0.117188
175 178 0.859375
175 179 0.15625
176 179 0.9375
176 180 0.3125
177 180 0.820312
177 181 0.742188
177 182 0.820312
178 181 0.0390625
178 183 0.234375
178 185 0.0625
186 190 0.1875
187 190 0.3125
192 195 0.8125
197 200 1.25
197 201 0.125
198 201 1.3125
198 202 0.0625
199 202 1.25
200 203 0.1875
