nresidues = 293
3 48 0.526344
4 19 0.131586
4 20 2.89489
4 21 0.789516
4 48 0.65793
5 18 0.131586
5 19 2.76331
5 20 1.18427
6 17 0.921103
6 18 2.50014
6 19 0.131586
7 16 0.131586
7 17 2.63172
7 18 1.05269
8 15 1.18427
8 16 2.50014
8 67 0.131586
9 14 0.131586
9 15 2.89489
9 16 0.394758
9 18 0.131586
9 91 0.131586
10 14 2.63172
10 15 0.263172
11 14 0.526344
11 16 0.263172
11 84 0.131586
11 87 0.263172
12 80 0.131586
12 87 0.131586
14 63 0.131586
14 69 1.31586
14 71 0.394758
14 80 0.263172
14 84 0.131586
15 68 2.63172
15 69 0.921103
16 60 0.131586
16 61 0.131586
16 62 0.131586
16 63 0.131586
16 68 0.921103
16 84 0.394758
17 41 0.263172
17 60 2.63172
17 61 0.394758
17 67 1.05269
17 68 0.263172
18 58 0.131586
18 59 2.76331
18 60 0.394758
18 92 0.65793
19 41 0.526344
19 45 0.263172
19 57 0.131586
19 58 2.76331
19 59 0.921103
20 56 0.131586
20 57 2.50014
21 48 0.394758
21 51 0.131586
21 56 2.76331
21 57 0.65793
21 59 0.131586
22 26 0.526344
22 56 0.526344
23 26 0.131586
23 51 0.526344
23 54 0.394758
23 55 0.131586
25 54 0.394758
26 29 0.394758
26 54 2.63172
26 56 0.65793
27 53 0.131586
27 54 2.76331
27 289 0.131586
27 292 0.263172
28 54 0.131586
28 55 2.50014
28 56 0.394758
28 99 0.263172
28 288 0.131586
28 292 0.131586
29 56 2.63172
29 93 0.263172
29 96 0.921103
29 98 3.02648
29 99 0.526344
30 50 0.131586
30 55 0.131586
30 56 0.394758
30 57 2.50014
30 58 0.394758
30 99 3.02648
30 100 0.131586
30 101 0.131586
31 58 2.63172
31 89 0.394758
31 93 0.263172
31 99 0.394758
31 100 2.89489
31 101 0.394758
32 58 0.65793
32 59 0.263172
32 60 0.263172
32 101 2.50014
33 44 0.131586
33 60 0.131586
33 62 0.526344
33 85 0.131586
33 100 0.394758
33 101 0.263172
33 102 2.50014
33 103 0.131586
33 106 0.526344
33 109 0.921103
33 110 0.263172
34 39 0.789516
34 40 1.31586
34 43 0.789516
34 44 0.131586
34 60 0.263172
34 61 0.65793
34 62 2.23696
34 65 0.394758
34 103 2.36855
34 105 2.23696
34 106 0.131586
35 38 2.23696
35 39 0.789516
35 43 0.131586
35 103 0.131586
35 104 0.131586
35 105 0.263172
36 39 0.131586
36 105 0.526344
36 208 0.131586
37 65 0.131586
37 105 2.10538
37 203 2.50014
37 204 0.526344
37 207 0.131586
37 208 0.263172
37 219 0.263172
38 65 0.263172
38 197 2.23696
38 198 0.263172
38 203 0.394758
39 43 0.131586
39 65 2.63172
40 43 0.263172
40 61 0.526344
40 193 0.131586
40 194 0.789516
40 197 0.263172
41 44 2.63172
41 45 0.263172
41 59 0.65793
41 60 0.263172
41 61 0.921103
41 67 0.526344
41 194 0.131586
42 45 0.789516
42 67 1.05269
42 190 2.89489
42 193 0.263172
42 194 0.526344
42 197 0.263172
43 103 0.65793
43 190 0.131586
43 194 0.526344
43 271 0.263172
43 274 0.65793
44 47 0.328965
44 59 0.394758
44 273 0.131586
45 48 0.164483
45 59 0.131586
45 190 0.131586
45 274 0.263172
46 49 0.328965
46 273 0.65793
46 274 1.05269
46 277 0.65793
46 281 0.526344
47 50 0.57569
47 57 0.131586
47 59 0.131586
47 273 0.263172
47 280 0.131586
47 281 0.263172
48 51 0.328965
49 52 0.246725
49 277 1.31586
49 281 0.394758
50 53 1.72707
50 54 1.3981
50 55 1.89155
50 281 0.131586
50 284 0.263172
51 54 1.48034
51 55 0.246725
53 289 0.131586
55 285 0.263172
55 288 0.394758
58 92 0.263172
58 93 0.263172
60 85 0.131586
60 88 0.526344
61 65 0.131586
61 66 0.65793
61 67 1.05269
61 68 0.65793
62 65 0.65793
62 68 0.263172
62 84 0.789516
62 105 0.131586
62 109 0.263172
63 69 2.50014
63 70 0.131586
63 71 0.526344
63 75 0.263172
63 76 0.394758
63 77 0.263172
63 80 0.526344
63 81 0.131586
63 84 1.05269
63 203 0.131586
63 207 0.263172
64 69 0.263172
64 70 0.263172
64 201 1.44745
64 203 0.394758
65 68 0.526344
65 201 0.526344
66 197 1.05269
66 201 0.526344
67 193 0.131586
67 197 1.18427
68 201 0.526344
69 201 0.131586
70 76 0.526344
70 201 0.131586
70 202 0.526344
71 75 0.131586
71 76 0.263172
72 75 2.63172
72 76 0.263172
73 76 1.18427
73 206 0.394758
74 77 0.131586
75 80 1.31586
76 206 0.263172
76 207 0.789516
77 80 1.80931
77 81 0.0822413
78 81 1.56259
78 82 0.246725
78 105 0.394758
78 109 0.263172
78 112 0.131586
78 222 0.789516
79 82 1.56259
79 83 0.0822413
80 83 1.64483
80 84 0.246725
81 84 1.64483
81 85 0.164483
81 109 0.394758
82 85 1.64483
82 86 0.164483
82 109 0.131586
82 112 0.263172
82 113 0.263172
82 117 0.263172
83 86 1.64483
83 87 0.164483
83 116 0.65793
83 117 0.921103
84 87 1.64483
84 88 0.164483
85 88 1.64483
85 89 0.164483
85 113 0.131586
86 89 2.38499
86 90 0.164483
86 113 0.789516
86 117 0.526344
86 120 0.789516
87 90 1.56259
87 91 0.164483
88 91 1.64483
88 92 0.328965
89 92 1.64483
89 93 1.80931
89 94 0.328965
89 96 0.131586
89 113 0.263172
89 120 1.18427
90 93 1.64483
90 94 0.246725
93 96 0.263172
93 98 0.131586
97 119 0.263172
97 120 2.63172
97 121 0.526344
97 122 0.263172
98 120 0.131586
98 121 2.89489
98 122 2.36855
99 122 1.05269
99 123 2.89489
99 288 1.05269
99 291 0.263172
100 110 0.526344
100 113 0.394758
100 121 0.131586
100 123 0.131586
100 124 2.76331
100 125 0.394758
101 125 3.15807
101 280 0.131586
102 106 0.65793
102 107 0.328965
102 125 0.263172
102 126 2.50014
102 127 0.394758
103 106 1.89155
103 127 2.76331
103 128 2.36855
103 270 0.263172
104 107 1.56259
104 128 0.526344
104 129 0.131586
104 130 0.131586
104 270 0.526344
105 108 1.64483
105 109 0.164483
105 207 0.131586
106 109 1.72707
106 110 0.164483
107 110 1.64483
107 111 0.328965
107 130 2.23696
108 111 1.64483
108 112 0.164483
108 130 0.263172
108 222 0.65793
109 112 1.72707
109 113 0.164483
110 113 1.72707
110 114 0.164483
110 124 0.131586
111 114 1.64483
111 115 0.246725
111 124 0.131586
111 130 0.263172
111 224 0.131586
111 231 0.263172
111 257 0.131586
112 115 1.56259
112 224 0.131586
113 116 1.64483
113 117 0.740171
113 120 0.131586
113 121 0.526344
114 117 1.64483
114 118 0.493448
114 231 0.263172
115 227 0.131586
117 120 3.02648
118 121 0.526344
118 230 0.526344
118 231 0.789516
118 232 0.394758
118 233 0.263172
121 233 0.394758
122 234 0.263172
122 291 0.263172
122 292 0.526344
123 234 2.50014
124 234 0.263172
124 235 3.15807
124 236 0.263172
124 287 0.263172
125 236 2.63172
125 284 0.263172
125 287 0.394758
126 129 0.131586
126 236 0.263172
126 237 2.76331
126 238 0.394758
127 238 3.02648
127 280 0.526344
128 238 0.131586
128 243 0.131586
128 245 0.394758
128 270 0.131586
129 245 0.263172
129 249 0.131586
129 253 0.394758
130 133 0.263172
130 136 0.526344
130 222 0.131586
130 249 0.263172
130 253 0.131586
131 222 0.394758
131 223 2.89489
131 224 2.63172
131 225 0.789516
131 228 0.131586
131 252 0.131586
132 135 1.89155
132 136 0.246725
132 222 2.50014
132 223 0.789516
132 225 0.131586
133 136 1.64483
133 137 0.246725
133 219 0.394758
133 220 2.76331
133 222 0.65793
134 137 1.64483
134 138 0.164483
134 220 0.263172
134 222 0.131586
135 138 1.80931
135 139 0.246725
135 249 0.131586
135 252 0.131586
136 139 1.64483
136 140 0.328965
136 249 0.131586
137 140 1.72707
137 141 0.493448
137 215 0.131586
138 141 1.64483
139 142 1.89155
139 143 0.164483
139 246 0.921103
139 248 0.789516
139 249 0.131586
140 143 1.72707
140 144 0.328965
140 212 0.394758
140 213 0.263172
140 215 0.131586
140 244 0.263172
141 144 1.64483
141 145 0.328965
142 145 1.72707
142 146 0.822413
142 246 0.263172
143 146 1.64483
143 147 0.246725
143 176 0.131586
143 180 0.131586
143 243 0.131586
143 244 0.263172
144 147 0.246725
144 152 0.526344
144 155 0.263172
144 213 0.131586
145 152 0.526344
145 156 0.394758
147 152 0.0822413
147 155 0.131586
147 180 0.131586
148 151 1.80931
148 152 0.0822413
148 175 0.394758
149 152 2.05603
149 153 0.65793
150 153 1.48034
150 154 0.0822413
150 171 0.526344
151 154 1.64483
151 155 0.328965
151 171 0.263172
151 172 0.263172
151 175 1.57903
152 155 1.64483
152 156 0.822413
153 156 1.48034
153 157 0.164483
154 157 1.3981
154 158 0.493448
154 168 0.131586
154 169 0.131586
155 158 1.48034
155 159 0.0822413
155 169 0.394758
155 172 0.263172
155 213 0.263172
156 159 1.3981
156 160 0.246725
157 160 1.64483
157 161 0.0822413
158 161 1.80931
158 162 1.64483
158 163 0.246725
158 166 2.63172
158 168 0.65793
158 169 0.394758
159 162 0.0822413
163 166 0.263172
164 169 0.921103
164 170 0.394758
164 210 0.394758
164 214 0.131586
166 169 1.72707
166 170 0.246725
167 170 1.64483
167 171 0.164483
168 171 1.64483
168 172 0.164483
169 172 1.64483
169 173 0.493448
169 211 0.526344
169 213 0.263172
169 214 0.131586
170 173 1.64483
170 174 0.164483
171 174 1.64483
171 175 0.164483
172 175 1.64483
172 176 0.164483
173 176 1.64483
173 177 0.57569
173 213 0.394758
174 177 1.64483
174 178 0.904655
175 178 1.64483
175 179 0.986896
176 179 1.80931
176 180 0.65793
176 213 0.789516
177 180 1.56259
177 181 1.97379
177 182 0.0822413
177 187 0.394758
177 204 0.131586
177 211 0.526344
177 212 0.789516
178 182 1.72707
178 183 0.246725
178 187 1.31586
179 183 0.65793
179 242 0.263172
179 269 0.131586
180 242 1.05269
180 243 2.50014
180 244 0.65793
180 269 3.02648
180 270 0.263172
181 244 0.263172
181 269 2.76331
181 270 2.89489
181 271 0.394758
181 275 0.131586
182 185 0.131586
182 187 0.789516
182 188 0.131586
182 269 0.394758
182 275 0.65793
183 242 2.23696
183 267 0.131586
183 269 0.394758
183 275 0.263172
185 274 0.131586
185 275 0.263172
187 192 0.0822413
187 195 0.263172
188 191 1.80931
188 192 0.164483
188 274 0.263172
189 192 1.72707
189 193 0.164483
190 193 1.56259
190 194 0.164483
190 274 0.394758
191 194 1.64483
191 195 0.328965
191 271 0.263172
191 274 0.263172
192 195 1.64483
192 196 0.164483
193 196 1.72707
193 197 0.822413
194 197 1.64483
194 198 0.164483
195 198 1.64483
196 199 1.64483
196 200 1.23362
197 200 1.64483
197 201 0.246725
198 201 0.0822413
198 204 0.131586
202 205 2.05603
202 206 0.328965
203 206 1.64483
203 207 1.72707
204 207 1.48034
204 208 2.05603
204 209 0.328965
204 210 0.0822413
204 211 0.411205
204 212 0.493448
205 208 1.3981
205 209 0.0822413
206 217 2.50014
206 218 0.131586
207 217 2.89489
207 218 2.63172
207 219 0.65793
208 211 0.263172
208 214 0.263172
208 215 2.76331
208 216 2.63172
208 217 0.263172
209 214 2.50014
209 216 0.131586
210 214 2.63172
210 216 0.263172
211 214 1.44745
212 215 0.263172
212 244 1.05269
215 219 0.131586
215 220 0.131586
217 220 0.526344
219 222 0.263172
224 227 2.63172
224 228 0.394758
225 228 0.131586
225 252 0.131586
225 256 0.263172
227 230 0.263172
228 231 0.526344
228 253 0.131586
228 256 0.263172
228 257 0.131586
229 232 0.394758
229 256 0.789516
231 235 0.131586
231 257 0.263172
234 287 0.526344
234 291 0.789516
235 257 0.263172
235 260 2.76331
235 261 0.263172
235 287 0.526344
236 261 2.63172
236 263 0.263172
236 284 0.131586
236 287 0.789516
237 253 0.263172
237 254 0.263172
237 260 0.263172
237 261 0.65793
237 262 2.76331
237 263 0.263172
238 263 2.50014
238 265 0.131586
238 280 0.131586
238 283 0.131586
239 243 1.05269
239 245 0.131586
239 246 0.263172
239 247 0.394758
239 250 0.263172
239 263 0.263172
239 264 2.76331
239 265 0.131586
239 269 2.23696
240 243 0.526344
240 247 0.131586
240 264 0.131586
240 265 2.63172
240 268 2.50014
240 269 0.131586
241 247 0.131586
241 264 0.131586
241 265 0.263172
241 266 0.921103
241 267 0.131586
241 268 2.50014
242 267 0.131586
242 268 0.394758
242 269 0.65793
243 246 0.263172
243 269 0.921103
243 270 1.18427
244 270 0.394758
245 249 0.0822413
245 270 0.131586
246 249 1.80931
247 250 1.72707
247 251 0.164483
248 251 2.22052
248 252 0.0822413
249 252 1.56259
249 253 0.0822413
250 253 1.64483
250 254 0.164483
250 262 0.131586
251 254 1.64483
251 255 1.06914
252 255 1.3981
252 256 0.164483
253 256 1.64483
253 257 0.328965
254 257 0.164483
254 260 1.44745
254 262 0.526344
257 260 0.921103
263 283 0.131586
265 268 0.65793
265 276 0.263172
265 283 0.263172
268 275 0.789516
269 272 0.131586
269 275 1.05269
271 274 1.64483
271 275 0.493448
272 275 1.56259
272 276 1.64483
272 280 0.526344
273 276 1.3981
273 277 0.328965
273 280 0.394758
274 277 0.0822413
276 279 1.89155
276 280 0.164483
277 280 1.64483
277 281 0.411205
278 281 1.56259
278 282 0.164483
279 282 1.64483
279 283 0.164483
280 283 1.64483
280 284 0.65793
281 284 1.48034
281 285 0.328965
282 285 1.72707
282 286 0.164483
283 286 1.64483
283 287 0.164483
284 287 1.64483
284 288 0.328965
285 288 1.64483
285 289 0.328965
286 289 1.56259
286 290 0.904655
287 290 1.64483
287 291 0.57569
288 291 1.56259
288 292 0.0822413
