L	Ls	nvertices	F_L	F_L_constrained	rho_sum	nloops	regions
  0	  0	  0	           0	           0	           0	 0	[(0, 0)]
  1	  0	  0	           0	           0	           0	 0	[(0, 1)]
  2	  0	  0	           0	           0	           0	 0	[(0, 2)]
  3	  0	  0	           0	           0	           0	 0	[(0, 3)]
  4	  0	  0	           0	           0	           0	 0	[(0, 4)]
  5	  0	  0	           0	           0	           0	 0	[(0, 5)]
  6	  0	  0	           0	           0	           0	 0	[(0, 6)]
  7	  0	  0	           0	           0	           0	 0	[(0, 7)]
  8	  0	  0	           0	           0	           0	 0	[(0, 8)]
  9	  0	  2	   -0.264908	   -0.264908	    0.258593	 0	[(0, 9)]
 10	  0	  2	   -0.264908	   -0.264908	    0.258593	 0	[(0, 10)]
 11	  0	  2	   -0.264908	   -0.264908	    0.258593	 0	[(0, 11)]
 12	  0	  4	   -0.264908	     3.55511	    0.513318	 1	[(0, 12)]
 13	  0	  7	   -0.264908	     2.13357	    0.433207	 1	[(0, 13)]
 14	  0	  9	   -0.264908	      3.7113	     5.31301	 0	[(0, 14)]
 15	  0	 10	   -0.264908	     3.65417	      5.8127	 0	[(0, 15)]
 16	  0	 11	   -0.264908	     3.76832	      6.4232	 0	[(0, 16)]
 17	  0	 12	   -0.264908	     3.79213	     7.80464	 0	[(0, 17)]
 18	  0	 13	   -0.264908	     3.63395	     8.99141	 0	[(0, 18)]
 19	  0	 14	   -0.264908	     3.62847	     9.98462	 0	[(0, 19)]
 20	  0	 15	   -0.264908	     3.44335	     11.0728	 0	[(0, 20)]
 21	  0	 16	   -0.264908	     2.87689	      12.261	 0	[(0, 21)]
 22	  0	 17	   -0.264908	     2.80125	     13.1654	 0	[(0, 22)]
 23	  0	 18	   -0.264908	     2.68485	     14.0792	 0	[(0, 23)]
 24	  0	 19	   -0.264908	     2.56133	      14.981	 0	[(0, 24)]
 25	  0	 20	   -0.264908	     3.08433	     14.6732	 0	[(0, 25)]
 26	  0	 20	   -0.264908	     3.08433	     14.6732	 0	[(0, 26)]
 27	  0	 21	   -0.264908	     2.13378	      16.451	 0	[(0, 27)]
 28	  0	 22	   -0.264908	    0.425243	     18.2127	 0	[(0, 28)]
 29	  0	 23	   -0.264908	     1.17466	     18.4486	 0	[(0, 29)]
 30	  0	 23	   -0.264908	     1.17466	     18.4486	 0	[(0, 30)]
 31	  0	 23	   -0.264908	     1.17466	     18.4486	 0	[(0, 31)]
 32	  0	 24	   -0.264908	     6.14225	     19.1101	 1	[(0, 32)]
 33	  0	 24	   -0.264908	     6.14225	     19.1101	 1	[(0, 33)]
 34	  0	 26	   -0.264908	    0.355209	     19.2789	 0	[(0, 34)]
 35	 31	  4	   -0.264908	     2.24728	    0.296582	 1	[(31, 35)]
 36	 31	  6	   -0.264908	     4.36695	     5.20505	 0	[(31, 36)]
 37	 31	  7	   -0.264908	      4.4523	     5.73144	 0	[(31, 37)]
 38	 31	  8	   -0.264908	     4.45391	     6.25884	 0	[(31, 38)]
 39	 31	  9	   -0.264908	     4.48803	     7.12891	 0	[(31, 39)]
 40	 31	 10	   -0.264908	      4.3566	     8.55205	 0	[(31, 40)]
 41	 31	 11	   -0.264908	     4.91985	     7.63862	 0	[(31, 41)]
 42	 31	 11	   -0.264908	     4.91985	     7.63862	 0	[(31, 42)]
 43	 31	 11	   -0.264908	     4.91985	     7.63862	 0	[(31, 43)]
 44	 31	 12	   -0.264908	     4.55718	     8.81907	 0	[(31, 44)]
 45	 31	 12	   -0.264908	     4.55718	     8.81907	 0	[(31, 45)]
 46	 31	 12	   -0.264908	     4.55718	     8.81907	 0	[(31, 46)]
 47	 31	 12	   -0.264908	     4.55718	     8.81907	 0	[(31, 47)]
 48	 31	 12	   -0.264908	     4.55718	     8.81907	 0	[(31, 48)]
 49	 31	 12	   -0.264908	     4.55718	     8.81907	 0	[(31, 49)]
 50	 31	 12	   -0.264908	     4.55718	     8.81907	 0	[(31, 50)]
 51	 31	 12	   -0.264908	     4.55718	     8.81907	 0	[(31, 51)]
 52	 31	 12	   -0.264908	     4.55718	     8.81907	 0	[(31, 52)]
 53	 43	  2	   -0.264908	     3.73973	    0.249941	 1	[(43, 53)]
 54	 43	  5	   -0.264908	     2.42612	    0.266579	 1	[(43, 54)]
 55	 43	  7	   -0.264908	     5.52789	     4.60118	 1	[(43, 55)]
 56	 43	  8	   -0.264908	     4.91908	     5.22157	 1	[(43, 56)]
 57	 43	 10	   -0.264908	     4.21434	     7.17337	 1	[(43, 57)]
 58	 43	 12	   -0.264908	     5.63294	     9.21164	 1	[(43, 58)]
 59	 43	 14	   -0.264908	     5.07475	     11.0935	 1	[(43, 59)]
 60	 43	 15	   -0.264908	     6.09799	     12.7183	 1	[(43, 60)]
 61	 43	 17	   -0.264908	     6.93295	     14.7107	 1	[(43, 61)]
 62	 43	 19	   -0.264908	     7.34305	     15.3268	 1	[(43, 62)]
 63	 43	 20	   -0.264908	      8.5323	     15.2135	 1	[(43, 63)]
 64	 43	 20	   -0.264908	      8.5323	     15.2135	 1	[(43, 64)]
 65	 43	 20	   -0.264908	      8.5323	     15.2135	 1	[(43, 65)]
 66	 43	 21	   -0.264908	     8.40445	     15.3373	 1	[(43, 66)]
 67	 43	 21	   -0.264908	     8.40445	     15.3373	 1	[(43, 67)]
 68	 54	  4	   -0.264908	     3.86161	    0.458378	 1	[(54, 68)]
 69	 54	  6	   -0.264908	     4.52879	     4.75724	 1	[(54, 69)]
 70	 54	 10	   -0.264908	     5.56891	     7.84529	 1	[(54, 70)]
 71	 54	 12	   -0.264908	      4.4666	     9.42225	 1	[(54, 71)]
 72	 54	 13	   -0.264908	     5.35884	     11.1107	 1	[(54, 72)]
 73	 54	 15	   -0.264908	     5.00278	     12.6789	 1	[(54, 73)]
 74	 43	 31	   -0.264908	     5.08228	     27.0942	 2	[(43, 74)]
 75	 43	 32	   -0.264908	     3.63776	     28.0974	 2	[(43, 75)]
 76	 43	 33	   -0.264908	     2.32348	     29.0901	 2	[(43, 76)]
 77	 43	 34	   -0.264908	     1.27769	     30.0689	 2	[(43, 77)]
 78	 43	 35	   -0.264908	    0.725353	     31.0372	 2	[(43, 78)]
 79	 43	 35	   -0.264908	    0.725353	     31.0372	 2	[(43, 79)]
 80	 43	 35	   -0.264908	    0.725353	     31.0372	 2	[(43, 80)]
 81	 43	 36	    -1.04943	    -1.04943	     32.1779	 2	[(43, 81)]
 82	 43	 38	    -1.04943	   -0.652152	     33.4582	 2	[(43, 82)]
 83	 43	 38	    -1.04943	   -0.652152	     33.4582	 2	[(43, 83)]
 84	 43	 38	    -1.04943	   -0.652152	     33.4582	 2	[(43, 84)]
 85	 43	 38	    -1.04943	   -0.652152	     33.4582	 2	[(43, 85)]
 86	 43	 39	    -1.04943	     5.20408	     33.6822	 3	[(43, 86)]
 87	 43	 39	    -1.04943	     5.20408	     33.6822	 3	[(43, 87)]
 88	 43	 41	    -1.04943	   -0.983624	     33.8173	 2	[(43, 88)]
 89	 85	  4	    -1.04943	     2.24985	    0.296572	 1	[(85, 89)]
 90	 85	  6	    -1.04943	     4.37319	     5.21319	 0	[(85, 90)]
 91	 85	  7	    -1.04943	     4.32061	     5.72491	 0	[(85, 91)]
 92	 85	  8	    -1.04943	     4.25499	     6.23714	 0	[(85, 92)]
 93	 85	  9	    -1.04943	     4.30674	     7.44906	 0	[(85, 93)]
 94	 85	 10	    -1.04943	     4.30825	     8.49716	 0	[(85, 94)]
 95	 85	 11	    -1.04943	     4.12785	     9.61941	 0	[(85, 95)]
 96	 85	 12	    -1.04943	     3.65945	     10.8357	 0	[(85, 96)]
 97	 85	 13	    -1.04943	      3.2005	     11.9261	 0	[(85, 97)]
 98	 85	 14	    -1.04943	     2.98006	     12.8605	 0	[(85, 98)]
 99	 85	 15	    -1.04943	     2.88892	     13.7103	 0	[(85, 99)]
100	 85	 16	    -1.04943	     2.58316	     14.7205	 0	[(85, 100)]
101	 43	 55	    -1.04943	    0.438646	      49.851	 3	[(43, 101)]
102	 43	 56	     -2.9327	     -2.9327	      51.899	 3	[(43, 102)]
103	 43	 57	    -4.37494	    -4.37494	     52.9071	 3	[(43, 103)]
104	 43	 58	    -5.85003	    -5.85003	     53.8775	 3	[(43, 104)]
105	 43	 59	    -7.45094	    -7.45094	     54.8642	 3	[(43, 105)]
106	 43	 60	    -9.18513	    -9.18513	      55.862	 3	[(43, 106)]
107	 43	 61	    -13.0017	    -13.0017	     56.9413	 3	[(43, 107)]
108	 43	 62	    -13.0017	    -12.2241	      57.269	 3	[(43, 108)]
109	 43	 62	    -13.0017	    -12.2241	      57.269	 3	[(43, 109)]
110	 43	 62	    -13.0017	    -12.2241	      57.269	 3	[(43, 110)]
111	 43	 62	    -13.0017	    -12.2241	      57.269	 3	[(43, 111)]
112	 43	 62	    -13.0017	    -12.2241	      57.269	 3	[(43, 112)]
113	 43	 62	    -13.0017	    -12.2241	      57.269	 3	[(43, 113)]
114	 43	 62	    -13.0017	    -12.2241	      57.269	 3	[(43, 114)]
115	 43	 64	    -13.0017	     -12.489	     57.5276	 3	[(43, 115)]
116	 43	 65	    -13.0017	    -12.4867	      57.538	 3	[(43, 116)]
117	 43	 66	    -13.0017	    -12.4755	      57.529	 3	[(43, 117)]
118	 43	 66	    -13.0017	    -12.4755	      57.529	 3	[(43, 118)]
119	 43	 67	    -13.0017	    -12.6047	     57.6524	 3	[(43, 119)]
120	 43	 69	    -13.0017	     -12.618	     57.6849	 3	[(43, 120)]
121	 43	 70	    -13.0017	    -12.6015	     57.6652	 3	[(43, 121)]
122	 43	 72	    -13.0017	    -12.5425	     57.5927	 3	[(43, 122)]
123	 43	 72	    -13.0017	    -12.5425	     57.5927	 3	[(43, 123)]
124	 43	 73	    -13.0017	    -12.6702	     57.7133	 3	[(43, 124)]
125	 43	 73	    -13.0017	    -12.6702	     57.7133	 3	[(43, 125)]
126	 43	 75	    -13.0017	    -12.6957	     57.7396	 3	[(43, 126)]
127	 43	 76	    -13.0017	    -12.6991	     57.7611	 3	[(43, 127)]
128	 43	 78	    -13.0017	    -12.6189	     57.6717	 3	[(43, 128)]
129	 43	 78	    -13.0017	    -12.6189	     57.6717	 3	[(43, 129)]
130	 43	 79	    -13.0017	    -10.5674	     57.8015	 4	[(43, 130)]
131	 31	 92	    -13.0017	    -2.46882	     66.4044	 5	[(31, 131)]
132	  0	122	    -13.0017	    -10.0397	     92.0624	 6	[(0, 132)]
133	 43	 83	    -13.0017	    -6.89108	     64.1992	 3	[(43, 133)]
134	 43	 84	    -13.0017	     -7.3209	     64.3462	 3	[(43, 134)]
135	 43	 85	    -13.0017	   -0.452055	      64.588	 4	[(43, 135)]
136	126	 10	    -13.0017	      5.5205	     6.90816	 0	[(126, 136)]
137	126	 10	    -13.0017	      5.5205	     6.90816	 0	[(126, 137)]
138	 43	 88	    -13.0017	     4.01733	     78.5804	 4	[(43, 138)]
139	 43	 89	    -13.0017	     4.35208	     79.0683	 4	[(43, 139)]
140	 43	 90	    -13.0017	     4.25524	     78.0677	 4	[(43, 140)]
141	126	 13	    -13.0017	     5.25164	     7.18493	 0	[(126, 141)]
142	126	 13	    -13.0017	     5.25164	     7.18493	 0	[(126, 142)]
143	 43	 95	    -13.0017	     6.63089	     71.4036	 5	[(43, 143)]
144	141	124	    -13.0017	    -6.29488	     92.3031	 7	[(0, 132), (141, 144)]
145	141	126	    -13.0017	    -10.2963	     92.3339	 6	[(0, 132), (141, 145)]
146	141	128	    -13.0017	     -10.187	     92.2147	 6	[(0, 132), (141, 146)]
147	141	129	    -13.0017	     -5.0102	     97.6538	 6	[(0, 132), (141, 147)]
148	141	130	    -13.0017	    -5.12366	     98.0776	 6	[(0, 132), (141, 148)]
149	141	131	    -13.0017	    -5.24406	     98.5115	 6	[(0, 132), (141, 149)]
150	141	132	    -13.0017	     -6.1038	     99.7933	 6	[(0, 132), (141, 150)]
151	141	133	    -13.0017	    -5.61037	     100.163	 6	[(0, 132), (141, 151)]
152	141	133	    -13.0017	    -5.61037	     100.163	 6	[(0, 132), (141, 152)]
153	141	134	    -13.0017	    -5.75107	     100.309	 6	[(0, 132), (141, 153)]
154	141	134	    -13.0017	    -5.75107	     100.309	 6	[(0, 132), (141, 154)]
155	141	134	    -13.0017	    -5.75107	     100.309	 6	[(0, 132), (141, 155)]
156	141	134	    -13.0017	    -5.75107	     100.309	 6	[(0, 132), (141, 156)]
157	141	134	    -13.0017	    -5.75107	     100.309	 6	[(0, 132), (141, 157)]
158	141	134	    -13.0017	    -5.75107	     100.309	 6	[(0, 132), (141, 158)]
159	141	134	    -13.0017	    -5.75107	     100.309	 6	[(0, 132), (141, 159)]
160	141	136	    -13.0017	    -6.01362	     100.563	 6	[(0, 132), (141, 160)]
161	141	136	    -13.0017	    -6.01362	     100.563	 6	[(0, 132), (141, 161)]
162	159	124	    -13.0017	    -6.30171	     92.3155	 7	[(0, 132), (159, 162)]
163	141	139	    -13.0017	    -6.13514	     100.699	 6	[(0, 132), (141, 163)]
164	141	140	    -13.0017	    -6.12153	     100.685	 6	[(0, 132), (141, 164)]
165	159	129	    -13.0017	    -10.2031	     92.2351	 6	[(0, 132), (159, 165)]
166	159	130	    -13.0017	    -3.04875	     98.8723	 6	[(0, 132), (159, 166)]
167	149	133	    -13.0017	     -7.9443	     92.4149	 7	[(0, 132), (149, 167)]
168	 43	120	    -13.0017	      6.5124	     106.904	 8	[(43, 168)]
169	 43	123	    -13.0017	      -3.506	     103.282	 6	[(43, 169)]
170	 43	124	    -13.0017	    -7.04821	     105.484	 6	[(43, 170)]
171	 43	125	    -13.0017	    -11.7007	     106.595	 6	[(43, 171)]
172	 43	126	    -16.1114	    -16.1114	     107.636	 6	[(43, 172)]
173	 43	127	    -17.2072	    -17.2072	     108.576	 6	[(43, 173)]
174	 43	128	    -17.2072	    -17.0472	     109.202	 6	[(43, 174)]
175	 43	129	    -17.2072	    -16.2933	     115.561	 6	[(43, 175)]
176	 43	129	    -17.2072	    -16.2933	     115.561	 6	[(43, 176)]
177	 43	129	    -17.2072	    -16.2933	     115.561	 6	[(43, 177)]
178	 43	129	    -17.2072	    -16.2933	     115.561	 6	[(43, 178)]
179	 43	129	    -17.2072	    -16.2933	     115.561	 6	[(43, 179)]
180	 43	129	    -17.2072	    -16.2933	     115.561	 6	[(43, 180)]
181	 43	129	    -17.2072	    -16.2933	     115.561	 6	[(43, 181)]
182	 43	129	    -17.2072	    -16.2933	     115.561	 6	[(43, 182)]
