nresidues = 182
0 49 0.574216
0 50 3.15819
0 51 0.574216
0 56 0.143554
0 89 0.574216
1 48 0.143554
1 49 2.72753
1 50 0.287108
2 47 0.143554
2 48 2.87108
2 49 0.287108
2 89 0.287108
2 90 0.287108
2 93 0.71777
3 47 3.15819
3 48 0.430662
3 93 0.430662
4 46 2.87108
4 47 0.143554
4 93 0.143554
4 97 1.14843
5 12 0.430662
5 13 0.430662
5 40 0.287108
5 46 0.574216
5 48 0.143554
5 58 0.430662
6 9 0.71777
7 13 0.430662
7 40 0.71777
7 41 0.143554
7 42 0.287108
7 44 0.287108
9 12 2.60191
9 13 0.269165
10 13 1.79442
10 14 0.448605
11 14 1.88414
11 15 0.269165
12 15 1.79442
12 16 0.179442
13 16 1.7047
13 17 0.179442
14 17 1.79442
14 18 0.358885
15 18 1.88414
15 19 0.179442
15 53 0.143554
15 54 0.574216
15 55 0.574216
16 19 1.79442
16 20 0.448605
16 36 0.143554
16 55 0.287108
16 58 0.430662
17 20 1.79442
17 21 0.80749
17 32 0.861324
17 36 0.143554
18 21 1.88414
18 22 0.448605
19 22 1.52526
19 23 0.358885
19 76 0.287108
19 77 0.143554
19 78 0.287108
20 23 1.7047
20 24 0.358885
20 28 0.71777
20 36 0.143554
21 24 1.7047
21 25 0.269165
21 28 0.430662
21 32 1.43554
22 25 0.0897212
23 76 0.430662
24 27 3.15819
24 28 1.00488
24 75 0.143554
24 76 0.143554
25 28 2.58397
25 29 0.143554
27 35 0.143554
28 32 0.143554
28 35 0.861324
28 39 0.143554
29 32 0.143554
31 34 2.15331
31 35 0.269165
32 35 1.79442
32 36 0.269165
33 36 1.88414
34 37 1.79442
34 38 0.0897212
35 38 1.97387
35 39 0.269165
36 39 1.79442
36 40 0.269165
37 40 1.97387
38 41 0.0897212
38 44 1.14843
39 44 0.287108
39 74 0.574216
41 44 0.574216
42 101 0.143554
43 63 0.430662
43 70 0.287108
43 101 0.287108
44 61 3.01463
44 62 1.14843
44 101 0.287108
45 60 2.72753
45 61 0.143554
45 70 0.287108
45 94 0.143554
45 97 0.71777
45 98 0.287108
45 101 0.430662
46 58 0.287108
46 59 2.72753
47 58 3.15819
47 59 0.861324
47 93 0.574216
48 55 0.143554
48 57 2.87108
49 54 0.143554
49 55 2.87108
49 56 3.30174
49 57 0.71777
49 86 0.143554
49 90 0.143554
50 53 0.430662
50 54 3.30174
50 55 0.143554
51 54 0.574216
51 81 0.287108
54 78 0.574216
54 81 0.143554
55 78 0.430662
56 77 3.01463
56 78 1.43554
56 81 0.287108
57 76 2.72753
57 90 0.287108
58 74 0.287108
58 75 2.87108
58 76 0.574216
59 73 0.143554
59 74 3.01463
59 75 0.430662
59 90 0.71777
59 91 0.287108
59 94 0.430662
60 72 2.87108
60 73 3.30174
60 74 0.143554
61 70 0.574216
61 71 3.01463
61 94 0.143554
62 70 3.7324
62 71 0.430662
63 66 0.143554
63 69 2.72753
63 70 1.43554
64 69 3.01463
64 71 0.430662
64 107 0.574216
65 68 3.4453
65 69 0.71777
65 107 0.287108
67 70 0.574216
67 101 0.143554
67 102 2.72753
67 103 0.143554
68 103 2.87108
68 104 3.4453
68 105 0.287108
69 105 2.87108
70 98 0.430662
70 101 0.143554
70 103 0.143554
70 105 0.430662
70 106 3.01463
70 107 1.00488
71 106 0.143554
71 107 3.7324
72 75 0.143554
72 94 0.143554
72 106 0.143554
72 107 0.287108
72 108 0.143554
72 146 0.143554
75 90 0.143554
75 91 0.143554
75 145 0.143554
75 146 0.574216
77 81 0.143554
77 82 1.00488
77 86 0.287108
78 81 3.01463
78 82 0.71777
79 82 1.14843
81 86 0.287108
85 88 2.06359
85 89 0.358885
86 89 1.79442
86 90 0.358885
87 90 1.79442
87 91 0.269165
87 145 0.71777
88 91 1.79442
88 92 0.538327
88 149 0.287108
89 92 1.61498
89 93 0.179442
90 93 1.79442
90 94 0.179442
91 94 1.79442
91 95 0.448605
91 145 0.143554
91 149 0.430662
91 151 0.287108
92 95 1.79442
92 96 0.80749
93 96 1.79442
93 97 0.71777
94 97 1.79442
94 98 0.358885
95 98 1.79442
95 99 0.179442
95 106 0.143554
95 151 0.71777
95 172 1.00488
95 174 0.574216
96 99 1.79442
96 100 0.269165
97 100 2.06359
97 101 0.0897212
98 101 1.79442
98 102 1.52526
98 103 0.179442
98 106 0.287108
98 174 0.430662
99 102 1.61498
99 103 0.0897212
99 175 0.143554
103 175 0.143554
104 173 3.01463
104 174 0.430662
105 171 0.143554
105 172 3.15819
106 151 0.430662
106 171 2.87108
106 172 0.287108
107 170 2.87108
107 171 0.143554
108 146 0.574216
108 168 0.143554
108 169 2.87108
108 170 0.71777
109 167 0.71777
109 168 2.87108
110 141 0.430662
110 142 0.143554
110 167 3.30174
110 168 1.14843
111 141 0.574216
111 161 0.71777
111 166 2.87108
111 167 1.57909
112 115 0.71777
112 116 0.71777
112 117 1.00488
112 119 0.143554
112 120 1.00488
112 141 0.143554
112 165 2.87108
112 166 0.430662
113 161 0.574216
113 165 0.430662
114 120 0.143554
114 139 0.861324
115 120 1.29199
115 121 2.15331
115 138 0.71777
115 139 0.574216
116 137 2.87108
116 138 3.30174
116 139 0.143554
116 141 0.143554
117 120 0.143554
117 135 0.287108
117 136 2.87108
117 138 0.574216
117 141 0.574216
117 143 0.287108
118 122 0.143554
118 135 0.574216
118 136 0.430662
118 138 0.143554
119 122 0.287108
119 124 0.430662
119 131 0.430662
119 132 0.143554
119 135 0.430662
119 156 0.143554
119 166 0.143554
119 168 0.287108
120 164 3.15819
120 166 0.287108
121 164 0.574216
122 131 0.287108
122 164 0.430662
123 126 0.574216
123 131 0.287108
124 127 2.44042
124 128 0.71777
124 158 0.287108
124 166 0.287108
125 128 0.430662
125 158 0.71777
125 159 0.143554
126 131 0.448605
127 130 1.79442
127 131 0.358885
128 131 1.79442
128 132 0.179442
128 156 0.143554
129 132 1.88414
129 133 0.179442
130 133 1.79442
130 134 0.358885
131 134 1.97387
131 135 0.179442
132 135 0.269165
132 153 0.287108
132 156 0.143554
135 143 1.00488
135 153 0.287108
136 143 0.430662
137 140 1.14843
137 141 0.861324
137 143 1.14843
137 144 0.71777
141 144 0.0897212
142 145 1.88414
142 146 0.179442
143 146 1.79442
143 147 0.80749
143 153 0.143554
143 170 0.574216
144 147 1.79442
144 148 0.269165
145 148 1.79442
145 149 0.358885
146 149 1.79442
146 150 1.52526
146 151 0.62805
146 170 0.430662
147 150 1.61498
147 151 0.179442
147 170 0.143554
149 172 0.430662
150 172 0.574216
151 170 0.143554
151 171 3.15819
151 172 1.00488
152 170 2.87108
152 171 0.287108
153 168 0.287108
153 169 3.01463
154 169 2.87108
154 171 0.143554
155 168 2.87108
155 169 1.00488
156 167 2.87108
156 169 0.861324
157 160 0.574216
157 166 2.87108
157 167 0.430662
157 169 0.287108
159 162 0.538327
159 163 0.62805
159 164 0.179442
159 165 1.52526
160 165 1.61498
160 166 0.0897212
161 165 0.538327
161 166 0.179442
162 165 0.269165
