nresidues = 447
0 22 0.125
0 25 1.3125
0 26 0.1875
0 104 0.375
1 26 1.375
1 28 0.25
1 101 0.1875
1 102 0.1875
1 103 1.1875
1 104 1.5
1 105 0.0625
2 18 0.0625
2 26 0.125
2 27 1.1875
2 28 0.0625
2 105 1.3125
3 28 1.3125
3 30 0.125
3 78 0.0625
3 88 0.0625
3 101 0.0625
3 102 0.0625
3 103 0.0625
3 105 0.0625
3 106 1.375
3 107 0.125
4 11 0.1875
4 18 0.0625
4 28 0.1875
4 29 1.375
4 30 0.125
4 107 1.25
5 30 1.125
5 78 0.0625
5 108 1.3125
5 109 0.3125
5 110 0.0625
5 249 0.125
6 11 0.125
6 29 0.25
6 30 0.125
6 31 0.125
7 29 0.3125
7 31 0.3125
7 36 1.375
7 37 0.25
7 59 0.0625
8 11 0.742188
8 12 0.078125
8 59 0.3125
9 12 0.703125
9 13 0.078125
9 39 0.125
9 59 0.4375
9 109 0.0625
9 298 0.3125
9 301 0.125
9 302 0.375
10 13 0.664062
10 14 0.0390625
10 109 0.3125
10 278 0.1875
10 301 0.1875
10 305 0.0625
11 14 0.78125
11 15 0.078125
12 15 0.78125
12 16 0.390625
12 29 0.0625
12 59 0.25
12 60 0.25
12 65 0.0625
12 302 0.125
13 16 0.820312
13 17 0.078125
13 302 0.6875
13 306 0.375
14 17 0.742188
14 18 0.15625
14 305 0.125
14 309 0.125
15 18 0.78125
15 19 0.117188
15 29 0.25
15 65 0.125
16 19 0.78125
16 20 0.078125
16 60 0.0625
16 65 0.0625
16 68 0.5
17 20 1.01562
17 21 0.195312
17 306 0.3125
17 309 0.375
17 310 0.1875
18 21 0.742188
18 22 0.820312
18 27 0.0625
18 309 0.25
18 312 0.0625
19 22 0.664062
19 23 0.117188
19 27 0.0625
19 65 0.0625
19 68 0.0625
19 70 0.0625
22 25 0.125
22 313 0.0625
26 71 0.0625
27 70 1.25
27 71 0.1875
28 71 1.1875
28 73 0.1875
28 101 0.25
29 36 0.125
29 37 0.0625
29 65 0.0625
29 71 0.1875
29 72 1.25
29 73 0.25
30 73 1.5625
30 76 1.1875
30 78 0.1875
30 90 0.0625
30 99 0.125
30 101 0.1875
31 36 0.0625
31 73 0.1875
31 74 1.25
31 75 1.25
31 76 1.25
32 74 1.0625
32 75 0.25
32 76 0.1875
32 77 0.25
32 93 0.0625
33 74 1.3125
33 75 0.25
34 75 0.125
35 38 0.25
35 55 0.125
35 58 0.625
35 133 0.1875
36 58 0.25
36 60 0.0625
36 61 0.0625
36 72 0.0625
37 58 1.25
37 59 0.4375
37 60 0.1875
38 54 0.125
38 57 1.5
38 132 0.3125
38 133 0.375
39 42 1.125
39 57 0.1875
39 59 0.125
40 43 0.375
40 131 0.125
40 132 0.0625
42 45 0.742188
42 46 0.0390625
42 57 0.125
43 46 0.78125
43 47 0.117188
43 130 0.0625
43 131 0.0625
43 132 0.0625
43 136 0.0625
44 47 0.78125
44 48 0.273438
44 162 0.5625
44 165 0.1875
45 48 0.703125
45 49 0.703125
45 50 0.898438
45 51 0.0390625
46 49 0.0390625
46 51 0.117188
46 52 0.0390625
46 53 0.0390625
46 54 0.195312
46 136 0.125
46 140 0.5625
47 136 0.0625
47 139 0.125
47 140 0.1875
48 140 0.0625
48 165 0.375
48 166 0.0625
48 169 0.375
49 52 0.1875
49 140 0.0625
51 56 0.0625
51 57 0.0625
53 56 1.4375
53 57 0.0625
54 57 0.1875
55 58 0.125
55 133 0.125
58 61 0.3125
59 302 0.125
60 64 0.078125
60 65 0.078125
60 68 0.0625
61 64 0.820312
61 65 0.0390625
62 65 0.78125
62 66 0.117188
62 72 0.0625
63 66 0.78125
63 67 0.15625
64 67 0.820312
64 68 0.0390625
65 68 0.820312
65 69 0.664062
65 70 0.859375
65 72 0.0390625
66 69 0.0390625
66 70 0.15625
66 71 0.0390625
66 72 0.0390625
73 76 0.1875
73 99 0.1875
75 92 1.1875
75 93 0.1875
75 94 0.0625
76 91 1.25
77 90 1.3125
77 91 0.1875
77 93 0.0625
78 88 0.0625
78 89 1.1875
78 249 0.1875
79 89 1.25
79 249 0.125
80 88 1.3125
80 89 0.1875
81 87 1.25
81 103 0.0625
81 106 0.125
81 250 0.0625
81 253 0.125
82 85 1.1875
82 86 1.1875
82 87 0.5
82 89 0.125
83 86 0.25
83 103 0.0625
83 253 0.0625
83 272 0.1875
86 102 1.25
86 103 1.125
86 104 0.0625
86 274 0.3125
87 100 0.25
87 101 1.25
87 102 0.1875
87 103 0.1875
88 99 0.0625
88 100 1.25
88 101 0.1875
88 103 0.125
89 98 0.0625
89 99 1.3125
90 97 0.0625
90 98 1.3125
90 99 0.4375
91 97 1.25
91 98 0.125
92 95 1.4375
92 96 1.1875
92 97 0.125
103 106 0.25
104 274 0.1875
105 274 1.4375
105 312 0.25
106 274 0.1875
106 275 1.1875
106 276 0.25
107 276 1.1875
107 309 0.0625
107 312 0.0625
108 254 0.0625
108 262 0.0625
108 276 0.1875
108 277 1.25
108 278 0.0625
109 278 0.375
110 246 0.375
110 281 0.0625
111 245 1.25
111 246 0.1875
111 281 0.0625
112 131 0.25
112 243 0.125
112 244 1.3125
112 245 0.0625
113 243 1.4375
113 244 0.5
114 129 0.125
114 131 0.0625
114 242 1.25
115 239 0.0625
115 241 0.0625
115 242 0.25
116 123 0.0625
116 129 0.0625
117 122 0.0625
117 216 0.125
118 122 0.25
119 122 0.1875
119 213 0.0625
119 214 0.1875
119 215 0.0625
119 216 0.3125
120 214 0.0625
120 215 1.3125
120 216 0.25
121 124 0.25
121 127 0.0625
121 216 0.25
122 127 0.0625
122 216 0.0625
123 127 0.0625
124 127 0.125
124 217 0.1875
124 218 0.0625
124 219 0.0625
124 220 1.4375
124 221 0.1875
124 222 0.0625
125 220 0.125
125 221 1.375
125 222 0.1875
126 142 0.125
126 221 0.0625
126 222 0.0625
126 235 0.1875
126 236 1.3125
126 237 0.125
127 216 0.1875
127 237 1.25
127 239 0.0625
128 135 0.5
128 138 0.1875
128 139 0.125
128 142 0.1875
128 236 0.125
128 237 0.1875
128 238 1.1875
128 239 0.1875
129 135 0.4375
129 139 0.0625
130 163 0.0625
131 135 0.117188
131 243 0.125
131 280 0.125
132 135 0.742188
132 136 0.078125
133 136 0.78125
133 137 0.195312
134 137 0.742188
134 138 0.15625
135 138 0.898438
135 139 0.195312
136 139 0.78125
136 140 0.078125
137 140 0.78125
137 141 0.234375
138 141 0.78125
138 142 0.078125
139 142 0.78125
139 143 0.0390625
139 167 0.0625
140 143 0.820312
141 144 0.742188
141 145 0.0390625
142 145 0.15625
142 167 0.0625
142 172 0.0625
143 167 0.1875
143 170 0.125
143 172 0.125
145 148 0.375
145 172 0.125
146 149 0.0625
147 235 0.1875
148 151 0.0625
148 172 0.1875
148 235 0.3125
149 172 1.25
149 173 0.1875
149 235 0.3125
150 173 1.25
150 233 0.125
150 234 1.25
150 235 1.4375
150 236 0.0625
151 172 0.125
151 173 0.125
151 174 1.25
151 175 0.0625
151 236 1.25
152 175 1.25
152 177 0.0625
152 233 0.0625
152 234 0.0625
152 236 0.0625
152 237 1.3125
152 238 0.0625
153 160 0.125
153 175 0.0625
153 176 1.25
153 177 0.125
153 238 1.25
154 177 1.1875
154 216 0.125
154 237 0.0625
154 238 0.0625
154 239 1.1875
154 240 1.3125
154 241 0.125
155 160 0.0390625
155 176 0.0625
155 177 0.0625
155 178 0.25
155 240 0.0625
156 161 0.0390625
156 176 0.0625
156 178 0.3125
156 182 0.0625
156 183 1.375
156 184 0.0625
157 160 0.742188
157 161 0.117188
157 184 0.125
157 187 0.0625
158 161 0.78125
158 162 0.195312
158 187 0.125
158 327 0.1875
158 328 0.1875
159 162 0.78125
159 163 0.0390625
159 240 0.125
160 163 0.78125
160 164 0.078125
160 240 0.0625
161 164 0.78125
161 165 0.078125
161 184 0.0625
161 200 0.0625
162 165 0.78125
162 166 0.078125
162 328 0.0625
163 166 0.78125
163 167 0.117188
164 167 0.703125
164 168 0.078125
164 174 0.1875
164 176 0.0625
164 205 0.0625
165 168 0.78125
165 169 0.351562
165 329 0.0625
165 330 0.25
165 331 0.25
166 169 0.78125
166 170 0.078125
167 170 0.78125
167 171 0.664062
167 172 0.15625
167 174 0.125
167 236 0.0625
168 171 0.703125
168 172 0.0390625
168 203 0.0625
168 205 0.125
172 204 0.0625
173 204 1.375
174 204 0.0625
174 205 1.1875
174 206 0.125
175 206 1.3125
175 232 0.0625
176 205 0.0625
176 206 0.1875
176 207 1.25
176 208 0.25
177 208 1.1875
177 211 0.0625
177 213 0.0625
177 225 0.0625
177 232 0.125
178 208 0.0625
178 209 1.25
178 210 1.25
178 211 1.1875
179 209 1.125
179 210 0.1875
179 211 0.125
179 212 0.0625
180 209 1.3125
181 209 0.375
182 185 0.25
182 188 0.25
182 189 0.3125
182 190 0.25
182 193 0.3125
182 342 0.0625
182 343 0.0625
183 193 0.125
183 197 0.125
184 187 1.3125
184 188 0.125
185 188 0.1875
185 343 0.1875
186 341 0.25
187 326 0.125
187 337 0.25
187 341 0.1875
188 192 0.078125
188 193 0.0390625
188 196 0.0625
188 335 0.4375
188 389 0.25
189 192 0.820312
189 193 0.195312
189 341 0.375
189 342 0.1875
189 375 0.3125
189 389 0.625
190 193 0.859375
190 194 0.46875
191 194 0.664062
191 195 0.0390625
191 356 0.0625
191 375 0.1875
192 195 0.78125
192 196 0.078125
192 373 0.125
192 374 0.0625
192 375 0.125
192 389 0.5
192 390 0.1875
192 391 0.0625
193 196 0.820312
193 197 0.15625
194 197 0.703125
194 198 0.117188
195 198 0.78125
195 199 0.078125
195 333 0.125
195 391 0.125
196 199 0.78125
196 200 0.195312
196 333 0.0625
196 391 0.0625
197 200 0.78125
197 201 0.195312
198 201 0.78125
198 202 0.078125
199 202 0.78125
199 203 0.117188
199 331 0.1875
199 332 0.1875
199 333 0.3125
200 203 0.820312
200 204 0.664062
200 205 0.898438
200 207 0.0625
201 204 0.0390625
201 205 0.117188
201 207 0.0625
203 331 0.5625
205 331 0.125
208 211 0.0625
208 232 0.0625
211 227 0.375
211 228 0.3125
211 229 0.125
211 230 0.0625
211 232 0.3125
212 227 1.375
212 228 0.125
213 225 0.0625
213 226 1.3125
213 227 0.0625
214 226 1.25
214 227 0.3125
214 228 0.3125
215 225 1.1875
215 226 0.4375
216 224 1.25
216 239 0.0625
217 222 1.3125
217 223 1.3125
217 224 0.25
217 226 0.125
218 221 1.1875
218 222 0.0625
218 223 0.4375
219 223 0.125
222 234 1.1875
223 233 1.25
223 234 0.1875
224 232 1.3125
224 233 0.25
225 231 1.1875
225 232 0.3125
225 234 0.0625
225 237 0.0625
226 230 1.3125
227 230 0.4375
227 232 0.0625
245 259 0.0625
245 260 0.25
245 261 0.125
246 249 0.1875
247 250 1.3125
247 256 0.0625
247 260 0.3125
247 262 0.125
248 251 0.1875
250 253 1.3125
250 254 0.0625
250 262 0.0625
251 256 0.0625
253 272 0.1875
254 270 0.0625
254 271 0.25
254 272 0.125
255 262 1.1875
255 263 0.375
255 271 0.3125
256 261 1.3125
256 262 0.125
256 263 0.125
257 260 0.0625
257 261 0.3125
257 262 0.125
257 263 0.375
257 283 0.125
261 280 0.0625
261 281 1.4375
261 283 0.25
261 294 0.125
262 277 0.125
262 281 0.1875
263 269 0.0390625
263 270 0.0390625
264 268 0.0390625
264 269 0.820312
264 277 0.125
265 268 0.117188
265 269 0.546875
266 318 1.25
266 319 0.125
267 276 0.125
267 311 0.5625
267 315 0.6875
267 316 0.125
267 317 0.3125
267 318 0.125
268 276 1.4375
268 277 0.125
268 304 0.25
268 307 0.0625
268 308 0.0625
268 319 0.125
269 275 1.125
269 276 0.0625
269 315 0.1875
270 275 0.5625
270 276 0.125
270 277 0.0625
272 275 0.25
276 311 0.125
276 312 0.1875
277 282 0.1875
278 282 0.25
278 301 0.0625
278 304 0.5
278 305 0.0625
279 282 0.3125
279 301 0.0625
279 304 0.1875
280 294 0.0625
280 296 0.375
282 294 0.1875
282 304 0.1875
283 292 0.0625
283 293 1.4375
283 304 0.0625
284 291 0.0625
284 292 1.3125
284 293 0.25
284 300 0.125
284 304 0.125
284 319 0.1875
284 322 0.0625
285 291 1.1875
285 319 0.125
285 320 0.0625
285 321 1.375
285 322 0.1875
286 289 1.125
286 290 1.1875
286 291 0.25
286 295 0.125
286 322 1.25
286 323 0.125
286 339 0.25
286 340 0.125
286 344 0.0625
286 348 0.0625
287 320 0.1875
287 321 0.375
287 322 0.125
287 323 0.1875
288 322 0.0625
288 323 0.0625
288 339 0.0625
288 340 0.1875
288 386 0.125
288 407 0.0625
289 348 0.0625
295 300 0.375
297 300 0.78125
297 325 0.0625
298 301 0.78125
298 302 0.15625
299 302 0.742188
299 303 0.234375
300 303 0.78125
300 304 0.234375
300 322 0.1875
301 304 0.820312
301 305 0.0390625
302 305 0.703125
302 306 0.0390625
303 306 0.78125
303 307 0.15625
303 319 0.3125
304 307 0.78125
304 308 0.078125
305 308 0.742188
305 309 0.0390625
306 309 0.78125
306 310 0.078125
307 310 0.78125
307 311 0.15625
307 317 0.125
307 318 0.0625
307 319 0.1875
307 320 0.1875
308 311 0.78125
308 312 0.078125
309 312 0.078125
310 316 0.0625
311 314 0.4375
311 315 0.1875
311 316 0.3125
311 317 0.4375
323 338 1.25
323 339 0.0625
323 404 0.5
323 407 0.125
324 338 0.0625
325 337 1.25
325 338 0.25
325 404 0.125
326 336 1.25
326 337 0.125
327 335 1.1875
327 336 0.0625
328 334 1.1875
328 335 0.4375
329 333 1.25
330 333 0.3125
330 335 0.0625
332 393 0.375
333 373 0.0625
333 391 0.0625
333 392 1.1875
333 393 0.25
334 391 1.1875
334 392 0.25
334 393 0.25
334 394 0.0625
334 395 0.125
335 390 1.25
335 397 0.125
336 389 1.1875
336 390 0.0625
336 397 0.0625
336 400 0.25
337 388 1.25
337 389 0.0625
337 400 0.125
338 387 1.1875
338 388 0.0625
338 400 0.0625
338 403 0.125
339 386 1.25
339 387 0.125
340 344 0.078125
340 345 0.078125
340 352 0.0625
340 377 0.1875
340 386 0.125
340 387 0.0625
341 344 0.898438
341 345 0.078125
341 389 0.0625
342 345 0.78125
342 346 0.3125
343 346 0.78125
343 347 0.078125
344 347 0.78125
344 348 0.15625
345 348 0.78125
345 349 0.78125
345 350 0.15625
350 379 0.0625
351 380 0.125
352 377 0.1875
352 378 1.25
352 380 0.125
352 386 0.0625
353 376 0.0625
353 377 1.25
353 378 0.875
353 380 0.0625
353 444 0.125
353 445 0.25
354 375 0.0625
354 376 1.25
354 444 0.125
355 374 0.0625
355 375 1.3125
355 376 0.125
355 437 0.0625
355 440 0.0625
355 441 0.0625
355 444 0.125
356 374 1.25
356 375 0.25
357 372 0.0625
357 373 1.1875
357 374 0.1875
357 437 0.0625
357 440 0.0625
358 371 0.0625
358 372 1.25
358 373 0.3125
359 371 1.1875
359 372 0.125
359 429 0.1875
359 436 0.0625
360 369 0.125
360 370 1.5625
360 371 0.125
360 429 0.1875
361 369 0.125
361 370 0.0625
361 394 0.1875
361 396 0.1875
361 427 0.125
361 428 1.1875
361 429 0.1875
362 366 0.125
362 368 0.25
362 369 0.25
362 425 0.0625
362 426 0.1875
362 427 0.1875
362 428 0.0625
362 429 0.25
363 366 0.1875
363 369 0.0625
363 423 0.125
363 429 0.0625
363 430 0.0625
364 369 0.375
366 369 0.25
366 425 0.0625
366 426 0.0625
370 393 0.125
370 394 0.0625
371 392 0.25
372 391 1.25
372 396 0.0625
372 433 0.0625
373 390 1.25
373 391 0.375
374 389 1.1875
374 390 0.125
374 403 0.0625
374 433 0.125
374 434 0.0625
374 437 0.125
375 388 1.25
375 389 0.125
376 387 1.25
376 438 0.0625
377 385 1.25
377 386 1.3125
377 387 0.25
378 384 1.25
378 386 0.3125
378 413 0.125
378 441 0.0625
378 444 0.25
378 445 0.5
379 382 1.5
379 383 0.125
379 384 0.125
379 386 0.0625
382 412 0.0625
383 412 1.3125
383 413 0.25
384 410 0.1875
384 411 1.3125
384 412 0.0625
385 407 0.3125
385 411 0.25
385 412 0.3125
385 413 0.125
385 416 0.125
386 407 0.1875
387 407 0.0625
388 400 0.1875
388 403 0.125
390 396 0.25
390 397 0.0625
390 399 0.0625
392 396 0.0625
396 399 0.195312
396 433 0.0625
397 400 0.117188
398 401 0.195312
399 402 0.742188
399 403 0.0390625
399 433 0.0625
399 434 0.125
400 403 0.78125
400 404 0.078125
401 404 0.742188
401 405 0.0390625
402 405 0.78125
402 406 0.078125
402 434 0.0625
403 406 0.78125
403 407 0.15625
403 416 0.0625
403 434 0.0625
404 407 0.78125
404 408 0.0390625
405 408 0.820312
405 409 0.078125
406 409 0.78125
406 410 0.742188
406 411 0.078125
406 416 0.0625
407 410 0.0390625
411 415 0.234375
412 415 1.01562
412 416 0.0390625
413 416 0.742188
413 417 0.078125
413 438 0.0625
413 441 0.25
413 445 0.0625
414 417 0.742188
414 418 0.0390625
415 418 0.703125
415 419 0.078125
416 419 0.0390625
416 434 0.0625
416 435 0.125
416 438 0.1875
417 431 0.125
417 435 0.25
417 438 0.125
417 439 0.0625
418 435 0.0625
418 439 0.0625
419 435 0.1875
421 432 0.4375
421 434 0.125
421 435 0.25
422 428 0.25
423 428 0.375
423 429 0.3125
423 430 0.3125
424 427 1.4375
424 428 0.1875
425 428 0.0625
428 432 0.0625
429 432 0.0625
431 435 0.273438
431 436 0.117188
431 439 0.125
432 435 0.898438
432 436 0.15625
433 436 0.664062
433 437 0.0390625
434 437 0.78125
434 438 0.078125
435 438 0.78125
435 439 0.15625
436 439 0.78125
436 440 0.078125
437 440 0.78125
437 441 0.0390625
438 441 0.78125
438 442 0.117188
439 442 0.78125
439 443 0.078125
440 443 0.820312
440 444 0.078125
441 444 0.78125
441 445 0.117188
442 445 0.78125
442 446 0.117188
443 446 0.0390625
