L	Ls	nvertices	F_L	F_L_constrained	rho_sum	nloops	regions
  0	  0	  0	           0	           0	           0	 0	[(0, 0)]
  1	  0	  0	           0	           0	           0	 0	[(0, 1)]
  2	  0	  0	           0	           0	           0	 0	[(0, 2)]
  3	  0	  0	           0	           0	           0	 0	[(0, 3)]
  4	  0	  0	           0	           0	           0	 0	[(0, 4)]
  5	  0	  0	           0	           0	           0	 0	[(0, 5)]
  6	  0	  0	           0	           0	           0	 0	[(0, 6)]
  7	  0	  0	           0	           0	           0	 0	[(0, 7)]
  8	  0	  0	           0	           0	           0	 0	[(0, 8)]
  9	  0	  0	           0	           0	           0	 0	[(0, 9)]
 10	  0	  0	           0	           0	           0	 0	[(0, 10)]
 11	  0	  4	           0	     3.64779	    0.570409	 1	[(0, 11)]
 12	  0	  6	           0	      1.9696	    0.543091	 1	[(0, 12)]
 13	  0	  8	   -0.403485	   -0.403485	    0.395783	 0	[(0, 13)]
 14	  0	  9	   -0.403485	     4.53761	     6.15957	 0	[(0, 14)]
 15	  0	 10	   -0.403485	     4.48778	     6.65052	 0	[(0, 15)]
 16	  0	 11	   -0.403485	     3.91558	     7.58814	 0	[(0, 16)]
 17	  0	 12	   -0.403485	     3.84502	     8.70308	 0	[(0, 17)]
 18	  0	 14	   -0.403485	     3.41911	      9.9103	 0	[(0, 18)]
 19	  0	 15	   -0.403485	     3.17451	     10.8532	 0	[(0, 19)]
 20	  0	 16	   -0.403485	     2.62528	     12.0032	 0	[(0, 20)]
 21	  0	 17	   -0.403485	     2.30363	     12.9754	 0	[(0, 21)]
 22	  0	 19	   -0.403485	    0.699639	     14.3383	 0	[(0, 22)]
 23	  0	 20	   -0.403485	     1.39815	     14.6034	 0	[(0, 23)]
 24	  0	 20	   -0.403485	     1.39815	     14.6034	 0	[(0, 24)]
 25	  8	 17	   -0.403485	      1.9283	     14.0944	 0	[(8, 25)]
 26	  8	 17	   -0.403485	      1.9283	     14.0944	 0	[(8, 26)]
 27	  8	 18	   -0.403485	     1.76036	     14.2499	 0	[(8, 27)]
 28	  8	 18	   -0.403485	     1.76036	     14.2499	 0	[(8, 28)]
 29	  8	 19	   -0.403485	     1.50778	     14.4762	 0	[(8, 29)]
 30	  8	 19	   -0.403485	     1.50778	     14.4762	 0	[(8, 30)]
 31	  8	 19	   -0.403485	     1.50778	     14.4762	 0	[(8, 31)]
 32	  8	 19	   -0.403485	     1.50778	     14.4762	 0	[(8, 32)]
 33	  8	 19	   -0.403485	     1.50778	     14.4762	 0	[(8, 33)]
 34	  8	 19	   -0.403485	     1.50778	     14.4762	 0	[(8, 34)]
 35	  8	 19	   -0.403485	     1.50778	     14.4762	 0	[(8, 35)]
 36	  8	 21	   -0.403485	     1.24311	     14.7333	 0	[(8, 36)]
 37	  8	 22	   -0.403485	     1.24908	     14.7363	 0	[(8, 37)]
 38	  8	 24	   -0.403485	     1.25676	     14.7256	 0	[(8, 38)]
 39	  8	 25	   -0.403485	     1.23574	      14.756	 0	[(8, 39)]
 40	  8	 25	   -0.403485	     1.23574	      14.756	 0	[(8, 40)]
 41	  8	 25	   -0.403485	     1.23574	      14.756	 0	[(8, 41)]
 42	  8	 26	   -0.403485	      9.1509	     14.9254	 1	[(8, 42)]
 43	  8	 28	   -0.403485	     9.27604	     14.9017	 1	[(8, 43)]
 44	  8	 28	   -0.403485	     9.27604	     14.9017	 1	[(8, 44)]
 45	 42	  2	   -0.403485	     3.71392	    0.301879	 1	[(42, 45)]
 46	 42	  4	   -0.403485	     2.24521	       0.291	 1	[(42, 46)]
 47	 42	  6	   -0.403485	     4.61456	     5.25713	 0	[(42, 47)]
 48	 42	  7	   -0.403485	     4.36606	     5.72191	 0	[(42, 48)]
 49	 42	  8	   -0.403485	     4.40906	     6.20996	 0	[(42, 49)]
 50	 42	  9	   -0.403485	     4.19858	     6.75325	 0	[(42, 50)]
 51	 42	 10	   -0.403485	      4.7088	     6.89051	 0	[(42, 51)]
 52	 42	 11	   -0.403485	     4.86764	     6.77782	 0	[(42, 52)]
 53	 42	 12	   -0.403485	     4.87311	     6.69211	 0	[(42, 53)]
 54	 42	 13	   -0.403485	     4.85055	     6.72539	 0	[(42, 54)]
 55	 42	 13	   -0.403485	     4.85055	     6.72539	 0	[(42, 55)]
 56	 42	 14	   -0.403485	     4.70944	     6.87491	 0	[(42, 56)]
 57	 42	 15	   -0.403485	     4.70328	     6.89409	 0	[(42, 57)]
 58	 42	 17	   -0.403485	     4.80566	     6.75505	 0	[(42, 58)]
 59	 42	 17	   -0.403485	     4.80566	     6.75505	 0	[(42, 59)]
 60	 42	 17	   -0.403485	     4.80566	     6.75505	 0	[(42, 60)]
 61	 42	 18	   -0.403485	     4.67679	     6.89357	 0	[(42, 61)]
 62	 42	 18	   -0.403485	     4.67679	     6.89357	 0	[(42, 62)]
 63	 42	 18	   -0.403485	     4.67679	     6.89357	 0	[(42, 63)]
 64	 60	  3	   -0.403485	     3.90468	    0.287406	 1	[(60, 64)]
 65	 60	  5	   -0.403485	     2.37053	    0.266445	 1	[(60, 65)]
 66	 60	  7	   -0.403485	     5.18092	     5.68616	 0	[(60, 66)]
 67	 60	  8	   -0.403485	     4.81537	     6.04841	 0	[(60, 67)]
 68	 60	  9	   -0.403485	     4.70164	     6.49623	 0	[(60, 68)]
 69	 60	 10	   -0.403485	     4.78845	     6.94293	 0	[(60, 69)]
 70	 60	 11	   -0.403485	      4.4272	     8.07164	 0	[(60, 70)]
 71	 60	 12	   -0.403485	     4.98438	      7.4702	 0	[(60, 71)]
 72	 60	 13	   -0.403485	     5.12179	     7.31758	 0	[(60, 72)]
 73	 60	 13	   -0.403485	     5.12179	     7.31758	 0	[(60, 73)]
 74	 60	 13	   -0.403485	     5.12179	     7.31758	 0	[(60, 74)]
 75	 60	 13	   -0.403485	     5.12179	     7.31758	 0	[(60, 75)]
 76	 60	 15	   -0.403485	     5.00182	     7.40456	 0	[(60, 76)]
 77	 60	 15	   -0.403485	     5.00182	     7.40456	 0	[(60, 77)]
 78	 60	 15	   -0.403485	     5.00182	     7.40456	 0	[(60, 78)]
 79	 60	 15	   -0.403485	     5.00182	     7.40456	 0	[(60, 79)]
 80	 60	 15	   -0.403485	     5.00182	     7.40456	 0	[(60, 80)]
 81	 60	 15	   -0.403485	     5.00182	     7.40456	 0	[(60, 81)]
 82	 60	 15	   -0.403485	     5.00182	     7.40456	 0	[(60, 82)]
 83	 60	 15	   -0.403485	     5.00182	     7.40456	 0	[(60, 83)]
 84	 60	 15	   -0.403485	     5.00182	     7.40456	 0	[(60, 84)]
 85	 75	  2	   -0.403485	     3.68318	    0.379632	 1	[(75, 85)]
 86	 75	  4	   -0.403485	      2.7527	     2.41109	 1	[(75, 86)]
 87	 75	  7	   -0.403485	     2.52978	     4.93789	 1	[(75, 87)]
 88	 75	  9	   -0.403485	     5.12386	     6.97655	 2	[(75, 88)]
 89	 75	 12	   -0.403485	     2.40781	     9.95058	 1	[(75, 89)]
 90	 75	 13	   -0.403485	     3.08316	     11.7736	 1	[(75, 90)]
 91	 75	 16	   -0.403485	     3.53956	      13.727	 1	[(75, 91)]
 92	 75	 17	   -0.403485	       4.473	     15.4666	 1	[(75, 92)]
 93	 75	 18	   -0.403485	     5.06457	     15.7063	 1	[(75, 93)]
 94	 75	 19	   -0.403485	     5.32263	     13.9891	 1	[(75, 94)]
 95	 86	  2	   -0.403485	     3.65622	     0.47269	 1	[(86, 95)]
 96	 86	  3	   -0.403485	     3.32211	     2.62883	 1	[(86, 96)]
 97	 75	 22	   -0.403485	     2.82052	      19.404	 1	[(75, 97)]
 98	 75	 23	   -0.403485	     1.20969	     20.4815	 1	[(75, 98)]
 99	  0	 97	    -1.24736	    -1.24736	     87.7416	 4	[(0, 99)]
100	  0	 98	     -2.9167	     -2.9167	     88.7317	 4	[(0, 100)]
101	  0	 99	    -6.05272	    -6.05272	     89.7745	 4	[(0, 101)]
102	  0	100	     -8.1371	     -8.1371	      90.829	 4	[(0, 102)]
103	  0	101	    -12.9021	    -12.9021	     91.9149	 4	[(0, 103)]
104	  0	102	     -15.603	     -15.603	     92.9429	 4	[(0, 104)]
105	  0	103	    -17.1362	    -17.1362	     93.9117	 4	[(0, 105)]
106	  0	104	     -19.373	     -19.373	     94.9376	 4	[(0, 106)]
107	  0	105	     -20.764	     -20.764	      95.897	 4	[(0, 107)]
108	  0	106	     -21.962	     -21.962	     96.8997	 4	[(0, 108)]
109	  0	107	     -21.962	    -21.9022	     97.6396	 4	[(0, 109)]
110	  0	108	     -21.962	    -21.2938	     97.5949	 4	[(0, 110)]
111	  0	108	     -21.962	    -21.2938	     97.5949	 4	[(0, 111)]
112	  0	108	     -21.962	    -21.2938	     97.5949	 4	[(0, 112)]
113	  0	108	     -21.962	    -21.2938	     97.5949	 4	[(0, 113)]
114	  0	108	     -21.962	    -21.2938	     97.5949	 4	[(0, 114)]
115	  0	108	     -21.962	    -21.2938	     97.5949	 4	[(0, 115)]
116	  0	108	     -21.962	    -21.2938	     97.5949	 4	[(0, 116)]
117	  0	108	     -21.962	    -21.2938	     97.5949	 4	[(0, 117)]
118	  0	108	     -21.962	    -21.2938	     97.5949	 4	[(0, 118)]
119	  0	108	     -21.962	    -21.2938	     97.5949	 4	[(0, 119)]
120	  0	108	     -21.962	    -21.2938	     97.5949	 4	[(0, 120)]
121	  0	108	     -21.962	    -21.2938	     97.5949	 4	[(0, 121)]
122	  0	112	     -21.962	     -21.567	     97.6725	 4	[(0, 122)]
123	  0	114	     -21.962	    -21.5882	     97.5453	 4	[(0, 123)]
124	  0	116	     -21.962	    -21.6069	     97.3722	 4	[(0, 124)]
125	  0	116	     -21.962	    -21.6069	     97.3722	 4	[(0, 125)]
126	  0	116	     -21.962	    -21.6069	     97.3722	 4	[(0, 126)]
127	  0	117	     -23.007	     -23.007	     93.3287	 4	[(0, 127)]
128	  0	117	     -23.007	     -23.007	     93.3287	 4	[(0, 128)]
129	  0	119	    -23.2655	    -23.2655	     93.5819	 4	[(0, 129)]
130	  0	120	    -23.2655	    -21.9745	     97.9611	 4	[(0, 130)]
131	  0	122	    -23.2655	     -14.331	     97.9455	 5	[(0, 131)]
132	  0	123	    -23.2655	    -14.3231	     97.8351	 5	[(0, 132)]
133	  0	124	    -23.2655	    -14.3512	     98.0431	 5	[(0, 133)]
134	  0	124	    -23.2655	    -14.3512	     98.0431	 5	[(0, 134)]
135	  0	126	    -23.2655	     -13.506	     93.9695	 6	[(0, 135)]
136	  0	127	    -23.2655	    -13.2105	     94.0654	 6	[(0, 136)]
137	  0	129	    -23.2655	    -12.1947	     99.1816	 5	[(0, 137)]
138	  0	130	    -23.2655	    -11.4214	     103.846	 5	[(0, 138)]
139	  0	131	    -23.2655	    -12.0254	     105.433	 5	[(0, 139)]
140	  0	132	    -23.2655	    -13.8986	     107.139	 5	[(0, 140)]
141	  0	133	    -23.2655	    -14.4601	     108.051	 5	[(0, 141)]
142	  0	135	    -23.2655	    -14.7158	     108.891	 5	[(0, 142)]
143	  0	136	    -23.2655	     -14.931	     109.785	 5	[(0, 143)]
144	  0	137	    -23.2655	    -14.8986	     110.572	 5	[(0, 144)]
145	  0	138	    -23.2655	    -14.4136	     110.354	 5	[(0, 145)]
146	  0	138	    -23.2655	    -14.4136	     110.354	 5	[(0, 146)]
147	  0	138	    -23.2655	    -14.4136	     110.354	 5	[(0, 147)]
148	  0	139	    -23.2655	    -14.5639	     110.539	 5	[(0, 148)]
149	  0	141	    -23.2655	    -14.4199	     109.741	 5	[(0, 149)]
150	  0	141	    -23.2655	    -14.4199	     109.741	 5	[(0, 150)]
151	  0	142	    -23.2655	    -14.5293	     110.097	 5	[(0, 151)]
152	  0	142	    -23.2655	    -14.5293	     110.097	 5	[(0, 152)]
153	  0	142	    -23.2655	    -14.5293	     110.097	 5	[(0, 153)]
154	  0	142	    -23.2655	    -14.5293	     110.097	 5	[(0, 154)]
155	  0	142	    -23.2655	    -14.5293	     110.097	 5	[(0, 155)]
156	  0	142	    -23.2655	    -14.5293	     110.097	 5	[(0, 156)]
157	  0	142	    -23.2655	    -14.5293	     110.097	 5	[(0, 157)]
158	  0	142	    -23.2655	    -14.5293	     110.097	 5	[(0, 158)]
159	  0	142	    -23.2655	    -14.5293	     110.097	 5	[(0, 159)]
160	  0	146	    -23.2655	    -8.75979	     110.606	 7	[(0, 160)]
161	  0	149	    -23.2655	     -12.458	     110.407	 6	[(0, 161)]
162	  0	151	    -23.2655	    -8.67653	     106.938	 6	[(0, 162)]
163	  0	152	    -23.2655	    -4.39044	     112.601	 6	[(0, 163)]
164	  0	153	    -23.2655	    -3.55525	     116.368	 6	[(0, 164)]
165	  0	154	    -23.2655	    -4.74331	     117.115	 6	[(0, 165)]
166	  0	155	    -23.2655	    -4.97636	     118.602	 6	[(0, 166)]
167	  0	156	    -23.2655	    -5.47866	     119.999	 6	[(0, 167)]
168	  0	157	    -23.2655	    -5.69721	     120.921	 6	[(0, 168)]
169	  0	158	    -23.2655	    -7.14853	       122.2	 6	[(0, 169)]
170	  0	159	    -23.2655	    -7.54404	     123.377	 6	[(0, 170)]
171	  0	160	    -23.2655	    -8.75434	     124.514	 6	[(0, 171)]
172	  0	161	    -23.2655	    -3.73299	     126.287	 9	[(0, 172)]
173	  0	163	    -23.2655	    -4.01485	     128.294	 8	[(0, 173)]
174	  0	164	    -23.2655	    -4.78798	     130.885	 8	[(0, 174)]
175	  0	166	    -23.2655	    -5.69179	     132.807	 7	[(0, 175)]
176	  0	167	    -23.2655	     -6.5999	     134.655	 7	[(0, 176)]
177	  0	169	    -23.2655	    -7.55934	     136.185	 6	[(0, 177)]
178	  0	170	    -23.2655	    -6.91159	       136.3	 6	[(0, 178)]
179	  0	170	    -23.2655	    -6.91159	       136.3	 6	[(0, 179)]
180	  0	170	    -23.2655	    -6.91159	       136.3	 6	[(0, 180)]
181	  0	170	    -23.2655	    -6.91159	       136.3	 6	[(0, 181)]
182	  0	171	    -23.2655	    -7.05328	     136.254	 6	[(0, 182)]
183	  0	172	    -23.2655	    -7.10779	     140.465	 6	[(0, 183)]
184	  0	173	    -23.2655	    -6.84343	     139.974	 6	[(0, 184)]
185	  0	174	    -23.2655	    -7.97694	     133.178	 6	[(0, 185)]
186	  0	174	    -23.2655	    -7.97694	     133.178	 6	[(0, 186)]
187	  0	175	    -23.2655	    -6.94911	     140.328	 6	[(0, 187)]
188	  0	176	    -23.2655	   -0.152341	     139.946	 7	[(0, 188)]
189	  0	177	    -23.2655	    -1.18795	     133.454	 7	[(0, 189)]
190	  0	178	    -23.2655	    -1.13712	     133.412	 7	[(0, 190)]
191	  0	178	    -23.2655	    -1.13712	     133.412	 7	[(0, 191)]
192	  0	179	    -23.2655	    0.964669	     133.568	 8	[(0, 192)]
193	188	  5	    -23.2655	     2.37151	    0.269739	 1	[(188, 193)]
194	  0	182	    -23.2655	     3.59266	     149.888	 7	[(0, 194)]
195	  0	183	    -23.2655	     3.53478	     151.137	 7	[(0, 195)]
196	  0	184	    -23.2655	     3.19091	     152.142	 7	[(0, 196)]
197	  0	185	    -23.2655	      2.7978	     153.042	 7	[(0, 197)]
198	  0	186	    -23.2655	     2.60751	     154.189	 7	[(0, 198)]
199	  0	187	    -23.2655	     2.45728	      155.12	 7	[(0, 199)]
200	  0	188	    -23.2655	     1.98167	     156.051	 7	[(0, 200)]
201	  0	189	    -23.2655	     1.61692	     157.082	 7	[(0, 201)]
202	  0	190	    -23.2655	     1.47707	     158.166	 7	[(0, 202)]
203	  0	191	    -23.2655	      1.0556	     159.036	 7	[(0, 203)]
204	  0	192	    -23.2655	    -2.10655	     160.299	 7	[(0, 204)]
205	  0	193	    -23.2655	    -6.00291	     161.395	 7	[(0, 205)]
206	  0	194	    -23.2655	    -7.95844	     162.415	 7	[(0, 206)]
207	  0	195	    -23.2655	    -9.33593	     163.401	 7	[(0, 207)]
208	  0	196	    -23.2655	    -10.8932	     164.551	 7	[(0, 208)]
209	  0	200	    -23.2655	    -13.3011	       168.8	 7	[(0, 209)]
210	  0	201	    -23.2655	    -14.8317	     169.778	 7	[(0, 210)]
211	  0	202	    -23.2655	    -16.3522	     170.759	 7	[(0, 211)]
212	  0	203	    -23.2655	    -15.5934	     171.086	 7	[(0, 212)]
213	  0	204	    -23.2655	    -4.79833	     171.104	 9	[(0, 213)]
214	  0	206	    -23.2655	    -6.89957	     170.881	 8	[(0, 214)]
215	  0	207	    -23.2655	    -6.87797	     170.902	 8	[(0, 215)]
216	  0	208	    -23.2655	    -6.91338	     170.949	 8	[(0, 216)]
217	  0	209	    -23.2655	    -2.13295	     170.848	10	[(0, 217)]
218	  0	210	    -23.2655	    -2.13947	     170.881	10	[(0, 218)]
219	  0	211	    -23.2655	    -2.15122	     170.888	10	[(0, 219)]
220	  0	213	    -23.2655	    -4.41616	     170.844	 9	[(0, 220)]
221	  0	214	    -23.2655	    -1.52033	     175.542	 9	[(0, 221)]
222	  0	215	    -23.2655	   -0.978742	     177.537	 9	[(0, 222)]
223	  0	216	    -23.2655	    -3.04983	     179.511	 9	[(0, 223)]
224	  0	217	    -23.2655	     -3.1494	     181.255	 9	[(0, 224)]
225	  0	218	    -23.2655	    -2.06491	     183.716	 9	[(0, 225)]
226	  0	219	    -23.2655	    -5.04679	     187.594	 9	[(0, 226)]
227	  0	220	    -23.2655	    -7.69835	     189.088	 9	[(0, 227)]
228	  0	221	    -23.2655	    -7.81485	     189.778	 9	[(0, 228)]
229	  0	222	    -23.2655	      -7.175	     189.947	 9	[(0, 229)]
230	  0	223	    -23.2655	      -9.042	      191.29	 9	[(0, 230)]
231	  0	224	    -23.2655	     -9.8503	     192.317	 9	[(0, 231)]
232	  0	225	    -23.2655	    -13.2147	     193.463	 9	[(0, 232)]
233	  0	226	    -23.2655	    -15.3084	     194.498	 9	[(0, 233)]
234	  0	227	    -23.2655	    -19.9404	     195.603	 9	[(0, 234)]
235	  0	229	    -25.1003	    -25.1003	     193.129	 9	[(0, 235)]
236	  0	230	    -28.3282	    -28.3282	     199.279	 9	[(0, 236)]
237	  0	231	    -33.2783	    -33.2783	     201.763	 9	[(0, 237)]
238	  0	232	    -37.4583	    -37.4583	     203.183	 9	[(0, 238)]
239	  0	234	    -39.0338	    -39.0338	     203.947	 9	[(0, 239)]
240	  0	235	    -40.8001	    -40.8001	     204.983	 9	[(0, 240)]
241	  0	236	    -40.8001	    -38.2764	     205.385	11	[(0, 241)]
242	  0	238	    -40.8001	    -39.9628	     205.332	10	[(0, 242)]
243	  0	239	    -40.8001	    -37.2209	     210.364	10	[(0, 243)]
244	  0	240	    -40.8001	    -38.8347	     212.154	10	[(0, 244)]
245	  0	242	    -40.8001	    -39.8065	     214.606	 9	[(0, 245)]
246	  0	243	    -40.8001	    -39.3497	     215.435	 9	[(0, 246)]
247	  0	243	    -40.8001	    -39.3497	     215.435	 9	[(0, 247)]
248	  0	243	    -40.8001	    -39.3497	     215.435	 9	[(0, 248)]
249	  0	244	    -40.8001	     -39.745	     215.785	 9	[(0, 249)]
250	  0	246	    -40.8001	    -39.1423	      215.51	 9	[(0, 250)]
251	  0	248	    -40.8001	    -39.6861	     211.046	 9	[(0, 251)]
252	  0	248	    -40.8001	    -39.6861	     211.046	 9	[(0, 252)]
253	  0	249	    -40.8001	    -38.0109	     218.902	 9	[(0, 253)]
254	  0	250	    -40.8001	    -37.6363	     219.289	 9	[(0, 254)]
255	  0	250	    -40.8001	    -37.6363	     219.289	 9	[(0, 255)]
256	  0	251	    -40.8001	    -37.8128	     219.035	 9	[(0, 256)]
257	  0	251	    -40.8001	    -37.8128	     219.035	 9	[(0, 257)]
258	  0	251	    -40.8001	    -37.8128	     219.035	 9	[(0, 258)]
259	  0	252	    -40.8001	    -37.9424	     219.302	 9	[(0, 259)]
260	  0	254	    -40.8001	    -27.1758	     219.616	11	[(0, 260)]
261	  0	255	    -40.8001	    -26.9455	      219.49	11	[(0, 261)]
262	  0	257	    -40.8001	    -24.4232	     224.403	11	[(0, 262)]
263	  0	258	    -40.8001	    -24.4221	     225.978	11	[(0, 263)]
264	  0	258	    -40.8001	    -24.4221	     225.978	11	[(0, 264)]
265	  0	258	    -40.8001	    -24.4221	     225.978	11	[(0, 265)]
266	  0	258	    -40.8001	    -24.4221	     225.978	11	[(0, 266)]
267	  0	258	    -40.8001	    -24.4221	     225.978	11	[(0, 267)]
268	  0	261	    -40.8001	    -18.9382	     225.542	12	[(0, 268)]
269	  0	262	    -40.8001	    -18.8256	     225.729	12	[(0, 269)]
270	  0	263	    -40.8001	    -18.6154	     225.502	12	[(0, 270)]
271	  0	264	    -40.8001	    -18.7543	      225.64	12	[(0, 271)]
272	  0	265	    -40.8001	    -18.8177	     225.686	12	[(0, 272)]
273	  0	265	    -40.8001	    -18.8177	     225.686	12	[(0, 273)]
274	  0	266	    -40.8001	    -16.5039	     226.716	13	[(0, 274)]
275	  0	267	    -40.8001	    -18.3105	     230.533	13	[(0, 275)]
276	  0	269	    -40.8001	    -24.1727	     234.584	13	[(0, 276)]
277	  0	270	    -40.8001	    -26.2098	     235.908	13	[(0, 277)]
278	  0	271	    -40.8001	    -26.0206	      236.69	13	[(0, 278)]
279	  0	271	    -40.8001	    -26.0206	      236.69	13	[(0, 279)]
280	  0	272	    -40.8001	    -26.2023	     236.907	13	[(0, 280)]
281	  0	273	    -40.8001	    -27.9146	     238.123	13	[(0, 281)]
282	  0	275	    -40.8001	    -26.2226	     237.753	13	[(0, 282)]
283	  0	276	    -40.8001	    -26.0085	     237.406	13	[(0, 283)]
284	  0	276	    -40.8001	    -26.0085	     237.406	13	[(0, 284)]
285	  0	276	    -40.8001	    -26.0085	     237.406	13	[(0, 285)]
286	  0	276	    -40.8001	    -26.0085	     237.406	13	[(0, 286)]
287	  0	276	    -40.8001	    -26.0085	     237.406	13	[(0, 287)]
288	  0	276	    -40.8001	    -26.0085	     237.406	13	[(0, 288)]
289	  0	278	    -40.8001	     -17.205	       237.8	15	[(0, 289)]
290	  0	279	    -40.8001	    -16.9423	     239.635	15	[(0, 290)]
291	  0	282	    -40.8001	     -15.254	     241.154	15	[(0, 291)]
292	  0	283	    -40.8001	    -14.5522	     244.093	15	[(0, 292)]
293	  0	284	    -40.8001	    -16.5092	     247.733	15	[(0, 293)]
294	  0	285	    -40.8001	    -16.0044	      248.44	15	[(0, 294)]
295	  0	286	    -40.8001	    -15.4773	     248.203	15	[(0, 295)]
296	  0	287	    -40.8001	    -15.3636	     247.952	15	[(0, 296)]
297	  0	287	    -40.8001	    -15.3636	     247.952	15	[(0, 297)]
298	  0	288	    -40.8001	    -9.05148	     248.226	16	[(0, 298)]
299	  0	288	    -40.8001	    -9.05148	     248.226	16	[(0, 299)]
300	  0	290	    -40.8001	    -8.05091	     248.472	17	[(0, 300)]
301	  0	291	    -40.8001	    -7.63039	     248.403	17	[(0, 301)]
302	  0	293	    -40.8001	    -9.58948	     253.559	16	[(0, 302)]
303	  0	294	    -40.8001	    -9.77701	      254.35	16	[(0, 303)]
304	  0	295	    -40.8001	    -13.2515	     256.944	16	[(0, 304)]
305	  0	296	    -40.8001	    -13.8145	      257.83	16	[(0, 305)]
306	  0	297	    -40.8001	    -15.3915	     258.938	16	[(0, 306)]
307	  0	298	    -40.8001	    -15.9514	     259.824	16	[(0, 307)]
308	  0	299	    -40.8001	    -16.2073	     260.705	16	[(0, 308)]
309	  0	300	    -40.8001	    -18.0328	     261.863	16	[(0, 309)]
310	  0	301	    -40.8001	    -18.6349	     262.818	16	[(0, 310)]
311	  0	302	    -40.8001	    -20.1544	     264.267	16	[(0, 311)]
312	  0	303	    -40.8001	    -20.1975	     265.003	16	[(0, 312)]
313	  0	304	    -40.8001	    -19.5615	     265.026	16	[(0, 313)]
314	  0	305	    -40.8001	    -19.4876	     265.231	16	[(0, 314)]
315	  0	306	    -40.8001	    -20.6058	     261.931	16	[(0, 315)]
316	  0	307	    -40.8001	    -19.6644	     265.525	16	[(0, 316)]
317	  0	308	    -40.8001	    -19.7742	     265.266	16	[(0, 317)]
318	  0	310	    -40.8001	    -18.4916	     267.747	16	[(0, 318)]
319	  0	311	    -40.8001	    -12.8183	      269.36	17	[(0, 319)]
320	  0	313	    -40.8001	    -13.0547	     269.753	17	[(0, 320)]
321	  0	314	    -40.8001	    -14.6291	     271.702	17	[(0, 321)]
322	  0	316	    -40.8001	    -17.4604	     273.618	16	[(0, 322)]
323	  0	317	    -40.8001	    -16.9107	     274.199	16	[(0, 323)]
324	  0	317	    -40.8001	    -16.9107	     274.199	16	[(0, 324)]
325	  0	318	    -40.8001	    -17.0581	     274.535	16	[(0, 325)]
326	  0	319	    -40.8001	    -17.0765	     274.537	16	[(0, 326)]
327	  0	320	    -40.8001	    -17.0986	     274.695	16	[(0, 327)]
328	  0	321	    -40.8001	    -17.0972	     274.659	16	[(0, 328)]
329	  0	322	    -40.8001	    -17.1195	     274.816	16	[(0, 329)]
330	  0	323	    -40.8001	    -18.0611	     271.166	16	[(0, 330)]
331	  0	324	    -40.8001	     -18.506	      271.59	16	[(0, 331)]
332	  0	325	    -40.8001	    -17.4074	     274.867	16	[(0, 332)]
333	  0	326	    -40.8001	    -11.6587	     271.558	18	[(0, 333)]
334	  0	327	    -40.8001	     -8.7115	     280.006	18	[(0, 334)]
335	  0	328	    -40.8001	    -9.60301	     282.822	18	[(0, 335)]
336	  0	329	    -40.8001	    -9.71173	     284.812	18	[(0, 336)]
337	  0	330	    -40.8001	    -10.9734	     286.574	18	[(0, 337)]
338	  0	332	    -40.8001	    -12.7947	     289.431	17	[(0, 338)]
339	  0	333	    -40.8001	    -12.2735	     289.476	17	[(0, 339)]
340	  0	334	    -40.8001	    -11.8145	     289.643	17	[(0, 340)]
341	  0	336	    -40.8001	     -10.238	     290.541	17	[(0, 341)]
342	  0	337	    -40.8001	    -10.1038	     290.091	17	[(0, 342)]
343	  0	338	    -40.8001	    -10.1315	     290.483	17	[(0, 343)]
344	  0	339	    -40.8001	    -10.0927	     290.103	17	[(0, 344)]
345	  0	340	    -40.8001	    -7.89654	     296.246	17	[(0, 345)]
346	  0	341	    -40.8001	    -7.84144	     296.506	17	[(0, 346)]
347	  0	342	    -40.8001	    -7.97559	     297.682	17	[(0, 347)]
348	  0	343	    -40.8001	    -8.50813	     299.365	17	[(0, 348)]
349	  0	344	    -40.8001	    -8.55674	     299.668	17	[(0, 349)]
350	  0	345	    -40.8001	    -8.01191	     299.614	17	[(0, 350)]
351	  0	345	    -40.8001	    -8.01191	     299.614	17	[(0, 351)]
352	  0	346	    -40.8001	    -8.14004	     299.932	17	[(0, 352)]
353	  0	346	    -40.8001	    -8.14004	     299.932	17	[(0, 353)]
354	  0	346	    -40.8001	    -8.14004	     299.932	17	[(0, 354)]
355	  0	346	    -40.8001	    -8.14004	     299.932	17	[(0, 355)]
356	  0	347	    -40.8001	    -8.29808	     299.975	17	[(0, 356)]
357	  0	347	    -40.8001	    -8.29808	     299.975	17	[(0, 357)]
358	  0	347	    -40.8001	    -8.29808	     299.975	17	[(0, 358)]
359	  0	347	    -40.8001	    -8.29808	     299.975	17	[(0, 359)]
360	  0	347	    -40.8001	    -8.29808	     299.975	17	[(0, 360)]
361	  0	347	    -40.8001	    -8.29808	     299.975	17	[(0, 361)]
362	  0	347	    -40.8001	    -8.29808	     299.975	17	[(0, 362)]
363	  0	347	    -40.8001	    -8.29808	     299.975	17	[(0, 363)]
364	  0	347	    -40.8001	    -8.29808	     299.975	17	[(0, 364)]
365	  0	347	    -40.8001	    -8.29808	     299.975	17	[(0, 365)]
366	  0	350	    -40.8001	    -8.55953	     300.442	17	[(0, 366)]
367	  0	350	    -40.8001	    -8.55953	     300.442	17	[(0, 367)]
368	352	  4	    -40.8001	     5.00568	    0.386279	 1	[(352, 368)]
369	352	  8	    -40.8001	     4.80598	    0.405455	 1	[(352, 369)]
370	352	  9	    -40.8001	     4.96723	     0.40241	 1	[(352, 370)]
371	  0	359	    -40.8001	     6.06388	     300.471	20	[(0, 371)]
372	  0	361	    -40.8001	     5.17784	      296.94	20	[(0, 372)]
373	352	 15	    -40.8001	     9.01653	     7.47324	 1	[(352, 373)]
374	  0	364	    -40.8001	     8.71328	      310.21	20	[(0, 374)]
375	  0	366	    -40.8001	     5.26403	     312.436	20	[(0, 375)]
376	  0	368	    -40.8001	     4.05487	     314.134	19	[(0, 376)]
377	  0	369	    -40.8001	     3.61444	     316.407	19	[(0, 377)]
378	  0	370	    -40.8001	     1.05163	     318.164	19	[(0, 378)]
379	  0	371	    -40.8001	     1.84889	     318.527	19	[(0, 379)]
380	  0	373	    -40.8001	     3.96492	     318.278	19	[(0, 380)]
381	  0	373	    -40.8001	     3.96492	     318.278	19	[(0, 381)]
382	370	352	    -40.8001	    -4.91254	     300.956	18	[(0, 367), (370, 382)]
383	370	353	    -40.8001	    -4.71449	     300.801	18	[(0, 367), (370, 383)]
384	370	355	    -40.8001	    -3.37544	     303.929	18	[(0, 367), (370, 384)]
385	  0	377	    -40.8001	     6.09788	     322.456	20	[(0, 385)]
386	  0	378	    -40.8001	    -1.10557	     324.285	20	[(0, 386)]
387	  0	379	    -40.8001	    -6.02545	     325.392	20	[(0, 387)]
388	  0	380	    -40.8001	    -10.2497	     326.411	20	[(0, 388)]
389	  0	381	    -40.8001	    -17.9106	     327.517	20	[(0, 389)]
390	  0	382	    -40.8001	    -22.8936	     328.543	20	[(0, 390)]
391	  0	383	    -40.8001	    -28.4338	     329.635	20	[(0, 391)]
392	  0	384	    -40.8001	    -30.5457	     330.766	20	[(0, 392)]
393	  0	385	    -40.8001	    -30.9931	     331.921	20	[(0, 393)]
394	  0	386	    -40.8001	    -30.3154	     332.005	20	[(0, 394)]
395	  0	387	    -40.8001	    -30.0019	     331.852	20	[(0, 395)]
396	  0	388	    -40.8001	    -30.0191	     331.706	20	[(0, 396)]
397	  0	389	    -40.8001	     -30.027	     331.717	20	[(0, 397)]
398	  0	389	    -40.8001	     -30.027	     331.717	20	[(0, 398)]
399	  0	390	    -40.8001	    -27.9455	     331.906	21	[(0, 399)]
400	  0	391	    -40.8001	    -27.6325	      332.23	21	[(0, 400)]
401	  0	393	    -40.8001	    -30.0887	     331.584	20	[(0, 401)]
402	  0	394	    -40.8001	    -30.0753	     331.583	20	[(0, 402)]
403	  0	395	    -40.8001	    -30.1414	     331.618	20	[(0, 403)]
404	  0	396	    -40.8001	    -27.8757	     337.067	20	[(0, 404)]
405	  0	397	    -40.8001	     -27.726	     336.855	20	[(0, 405)]
406	  0	398	    -40.8001	    -27.7777	     338.191	20	[(0, 406)]
407	  0	399	    -40.8001	    -29.5999	     339.619	20	[(0, 407)]
408	  0	400	    -40.8001	    -29.7968	     340.619	20	[(0, 408)]
409	  0	401	    -40.8001	    -29.9621	     341.529	20	[(0, 409)]
410	  0	402	    -40.8001	    -30.3374	      342.49	20	[(0, 410)]
411	  0	403	    -40.8001	    -32.1487	     343.696	20	[(0, 411)]
412	  0	404	    -40.8001	    -33.8197	     345.361	20	[(0, 412)]
413	  0	405	    -40.8001	    -33.5024	     345.854	20	[(0, 413)]
414	  0	405	    -40.8001	    -33.5024	     345.854	20	[(0, 414)]
415	  0	406	    -40.8001	      -32.66	     346.695	21	[(0, 415)]
416	  0	407	    -40.8001	    -33.0194	     347.595	21	[(0, 416)]
417	  0	409	    -40.8001	    -33.2032	     349.279	20	[(0, 417)]
418	  0	410	    -40.8001	     -33.168	     350.261	20	[(0, 418)]
419	  0	411	    -40.8001	    -32.8136	     349.757	20	[(0, 419)]
420	  0	411	    -40.8001	    -32.8136	     349.757	20	[(0, 420)]
421	  0	411	    -40.8001	    -32.8136	     349.757	20	[(0, 421)]
422	  0	411	    -40.8001	    -32.8136	     349.757	20	[(0, 422)]
423	  0	412	    -40.8001	    -32.9314	     349.607	20	[(0, 423)]
424	  0	412	    -40.8001	    -32.9314	     349.607	20	[(0, 424)]
425	  0	413	    -40.8001	    -26.3934	     349.586	21	[(0, 425)]
426	  0	414	    -40.8001	    -26.2278	     350.024	21	[(0, 426)]
427	  0	416	    -40.8001	    -26.0677	     349.312	21	[(0, 427)]
428	  0	418	    -40.8001	    -27.0239	     345.857	21	[(0, 428)]
429	  0	419	    -40.8001	    -27.4385	     343.086	21	[(0, 429)]
430	  0	420	    -40.8001	    -22.4945	     357.266	21	[(0, 430)]
431	  0	421	    -40.8001	    -23.0635	     353.635	21	[(0, 431)]
432	  0	423	    -40.8001	    -27.0886	     345.892	21	[(0, 432)]
433	  0	424	    -40.8001	     -27.131	     345.946	21	[(0, 433)]
434	  0	425	    -40.8001	    -27.1752	     346.013	21	[(0, 434)]
435	  0	426	    -40.8001	    -19.1162	     366.279	21	[(0, 435)]
436	  0	427	    -40.8001	    -18.9472	     364.947	21	[(0, 436)]
437	  0	428	    -40.8001	    -19.2295	     365.973	21	[(0, 437)]
438	  0	429	    -40.8001	    -20.2461	     367.197	21	[(0, 438)]
439	  0	430	    -40.8001	    -20.9882	     368.391	21	[(0, 439)]
440	  0	431	    -40.8001	    -21.4365	      369.48	21	[(0, 440)]
441	  0	432	    -40.8001	    -22.2799	     370.479	21	[(0, 441)]
442	  0	433	    -40.8001	    -22.6567	     371.281	21	[(0, 442)]
443	  0	434	    -40.8001	    -22.9046	     372.193	21	[(0, 443)]
444	  0	435	    -40.8001	    -24.2582	     373.382	21	[(0, 444)]
445	  0	436	    -40.8001	    -26.3744	     374.595	21	[(0, 445)]
446	  0	437	    -40.8001	    -25.6569	     374.989	21	[(0, 446)]
447	  0	437	    -40.8001	    -25.6569	     374.989	21	[(0, 447)]
