nresidues = 610
2 66 0.3125
2 67 0.0625
2 115 1.25
2 140 0.3125
3 65 0.0625
3 66 1.375
3 67 0.0625
3 115 0.0625
3 118 0.375
4 63 0.0625
4 65 1.3125
4 66 0.375
4 118 0.3125
5 63 1.1875
5 64 0.1875
5 65 0.25
5 66 0.1875
6 63 0.5
6 118 0.0625
7 12 0.0625
7 13 0.1875
7 16 0.25
7 64 0.125
9 12 1.4375
9 13 0.0625
10 13 1.1875
10 39 0.0625
10 64 0.0625
11 32 0.0625
11 36 0.1875
12 15 0.664062
12 16 0.0390625
13 16 0.78125
13 17 0.117188
13 64 0.3125
14 17 0.703125
14 18 0.078125
14 27 0.25
14 35 0.0625
14 60 0.125
14 64 0.0625
15 18 0.820312
15 19 0.390625
15 24 0.0625
15 25 0.3125
15 26 0.125
16 19 0.742188
16 20 0.351562
17 20 0.742188
17 21 0.898438
17 22 0.117188
17 63 0.0625
17 64 0.0625
18 21 0.664062
18 22 0.78125
18 23 0.78125
18 24 0.9375
18 26 0.117188
18 27 0.15625
18 56 0.0625
18 60 0.0625
19 22 0.703125
19 23 0.15625
19 24 0.117188
19 25 0.234375
22 56 0.1875
22 59 0.1875
22 60 0.0625
22 63 0.125
27 31 0.4375
27 32 0.125
27 35 0.0625
28 31 0.375
29 33 0.0390625
29 48 0.0625
29 207 0.0625
30 33 0.898438
30 34 0.117188
30 48 0.125
30 205 0.1875
31 34 0.78125
31 35 0.15625
31 48 0.125
31 53 0.3125
31 56 0.125
32 35 0.78125
32 36 0.3125
33 36 0.703125
33 37 0.15625
34 37 0.820312
34 38 0.15625
34 44 0.125
34 46 0.125
34 57 0.125
34 203 0.0625
34 205 0.1875
35 38 0.78125
35 39 0.195312
35 56 0.125
35 57 0.0625
35 60 0.125
36 39 0.78125
36 40 0.117188
37 40 0.898438
37 41 0.664062
37 42 0.15625
37 203 0.25
38 41 0.0390625
38 61 0.125
38 143 0.125
38 179 0.125
39 64 0.1875
41 177 0.125
42 201 0.1875
42 202 0.4375
42 203 0.25
43 170 0.25
43 177 0.25
43 178 1.4375
43 199 0.3125
43 200 0.1875
43 202 1.4375
44 179 1.375
44 180 0.125
44 199 0.0625
44 202 0.0625
44 203 1.375
45 180 1.375
45 190 0.0625
45 194 0.0625
45 203 0.0625
45 204 1.1875
45 205 0.125
46 179 0.125
46 180 0.1875
46 181 1.1875
46 182 0.0625
46 205 1.1875
47 182 1.3125
47 190 0.0625
47 205 0.25
47 206 1.25
47 207 0.125
47 209 0.0625
48 53 0.1875
48 54 0.0625
48 182 0.0625
48 183 0.125
49 207 0.0625
50 53 0.664062
50 54 0.273438
50 330 0.25
51 54 0.976562
51 55 0.117188
52 55 0.703125
52 56 0.0390625
53 56 0.703125
53 57 0.0390625
54 57 0.117188
54 147 0.0625
54 181 0.3125
54 182 0.25
54 183 0.125
55 58 1.09375
55 59 0.390625
56 59 0.703125
56 60 0.195312
56 61 0.0390625
57 61 0.15625
57 179 0.125
58 61 0.859375
58 62 0.078125
58 71 0.3125
58 121 0.1875
58 147 0.1875
58 179 0.0625
58 181 0.125
59 62 0.78125
59 63 0.117188
59 82 0.0625
59 86 0.25
59 119 0.0625
59 121 0.0625
60 63 0.78125
60 64 0.15625
61 64 0.78125
61 65 0.195312
62 65 0.0390625
62 69 0.1875
62 118 0.4375
63 91 0.0625
63 118 0.375
65 118 0.0625
65 142 0.125
66 142 0.25
67 118 0.0625
67 140 1.25
67 142 0.0625
68 117 0.0625
68 118 1.3125
68 136 0.0625
68 139 0.0625
68 140 0.125
68 141 1.25
68 142 1.125
68 143 0.0625
69 118 0.1875
69 119 1.1875
69 120 0.125
69 143 1.375
70 120 1.25
70 122 0.0625
70 136 0.0625
70 143 0.125
70 144 1.25
70 145 0.1875
71 119 0.0625
71 120 0.125
71 121 1.4375
71 122 0.1875
71 145 1.25
72 122 1.25
72 123 0.0625
72 124 0.1875
72 127 0.0625
72 145 0.1875
72 146 1.1875
72 147 0.25
72 163 0.0625
73 122 0.0625
73 123 0.0625
73 124 0.125
73 163 0.125
74 148 0.125
74 160 0.3125
74 163 0.125
75 78 1.3125
75 79 0.1875
76 79 1.4375
76 80 0.0625
76 97 0.1875
78 81 0.78125
78 82 0.117188
78 300 0.125
79 82 0.78125
79 83 0.078125
79 95 0.4375
79 96 0.125
79 97 0.25
80 83 0.703125
80 84 0.273438
81 84 0.78125
81 85 0.15625
82 85 0.820312
82 86 0.15625
82 121 0.0625
83 86 0.820312
83 87 0.117188
83 93 0.125
83 94 0.1875
83 95 0.0625
84 87 0.78125
84 88 0.078125
85 88 0.78125
85 89 0.15625
86 89 0.78125
86 90 0.742188
86 91 0.859375
86 93 0.078125
86 121 0.125
87 90 0.0390625
87 91 0.195312
87 92 0.117188
87 93 0.15625
92 116 0.0625
92 117 1.375
92 118 1.25
92 119 0.0625
93 119 1.25
94 117 0.0625
94 119 0.0625
94 120 1.3125
94 121 0.25
95 100 0.3125
95 108 0.125
95 121 1.3125
96 100 0.3125
96 105 0.3125
96 121 0.125
96 122 1.375
96 126 0.0625
96 132 0.125
97 100 0.3125
97 105 0.1875
97 123 0.0625
97 125 0.125
98 125 0.4375
100 104 0.117188
100 105 0.195312
101 104 0.859375
101 105 0.15625
102 105 0.78125
102 106 0.15625
103 106 0.78125
103 107 0.117188
104 107 0.78125
104 108 0.078125
105 108 0.78125
105 109 0.117188
105 126 0.3125
106 109 0.78125
106 110 0.117188
107 110 0.78125
107 111 0.0390625
108 111 0.742188
108 112 0.078125
108 117 0.0625
108 120 0.0625
109 112 0.78125
109 113 0.15625
109 126 0.0625
109 135 0.1875
109 139 0.25
110 113 1.13281
110 114 0.15625
111 114 0.820312
111 115 0.742188
111 116 0.820312
111 117 0.078125
112 115 0.0390625
112 120 0.0625
112 139 0.3125
113 139 0.3125
120 132 0.0625
122 126 0.117188
122 127 0.117188
122 132 0.1875
123 126 0.78125
123 127 0.0390625
124 127 0.742188
124 128 0.078125
124 162 0.1875
124 163 0.125
125 128 0.703125
125 129 0.15625
126 129 0.15625
126 132 0.1875
127 132 0.3125
127 133 0.25
127 166 0.0625
127 169 0.0625
128 133 0.0625
128 165 0.125
128 166 0.125
128 169 0.1875
129 132 0.125
131 134 0.742188
131 135 0.195312
132 135 0.859375
132 136 0.078125
132 139 0.25
133 136 0.78125
133 137 0.078125
133 169 0.125
133 172 0.1875
133 173 0.0625
134 137 0.0390625
134 138 0.117188
134 172 0.3125
135 138 0.742188
135 139 0.351562
136 139 0.15625
136 141 0.125
141 176 0.1875
142 176 0.1875
142 177 0.125
143 177 1.25
144 176 0.0625
144 177 0.0625
144 178 1.3125
144 179 0.125
145 179 1.25
145 181 0.0625
146 149 0.0625
146 163 0.0625
146 179 0.125
146 180 1.1875
146 181 0.1875
147 163 0.25
147 181 1.3125
148 151 0.1875
148 163 0.25
148 181 1.1875
149 152 0.125
149 180 0.125
149 181 0.125
149 193 0.375
150 153 0.1875
150 157 0.1875
150 182 0.3125
150 184 0.1875
150 189 0.0625
150 193 0.125
151 158 0.3125
151 159 1.25
151 160 0.3125
151 163 0.375
152 159 0.25
152 163 0.25
152 196 0.25
152 197 0.125
153 156 0.0625
153 159 0.25
153 192 0.4375
154 159 1.0625
154 364 0.125
155 188 0.1875
155 189 0.1875
155 192 0.125
155 364 0.25
155 368 0.125
155 487 0.1875
155 488 0.25
156 189 0.0625
156 368 0.125
157 184 0.0625
157 317 0.1875
157 319 0.5
157 320 0.0625
160 163 1.1875
161 164 0.125
163 166 0.5625
164 167 0.0625
165 168 0.25
166 169 0.3125
167 196 0.0625
168 171 0.703125
168 172 0.0390625
169 172 0.78125
169 173 0.117188
169 178 0.4375
170 173 0.859375
170 174 0.117188
170 176 0.25
170 177 0.0625
170 178 0.75
170 197 0.0625
170 198 0.1875
170 200 0.0625
171 174 0.0390625
173 176 0.3125
178 197 0.125
178 199 0.0625
180 193 0.0625
180 197 0.0625
182 185 0.0625
183 209 0.0625
183 323 0.0625
184 319 0.3125
184 323 0.0625
184 390 0.125
185 189 0.078125
185 190 0.234375
185 209 0.0625
185 390 0.0625
186 189 0.9375
186 190 0.46875
186 389 0.0625
186 390 0.0625
187 190 0.9375
187 191 0.3125
188 191 0.78125
188 192 0.078125
188 487 0.1875
189 192 0.78125
189 193 0.15625
190 193 0.742188
190 194 0.0390625
190 206 0.1875
190 209 0.125
190 390 0.1875
191 194 0.742188
191 195 0.0390625
192 195 0.859375
192 196 0.3125
193 196 0.664062
193 197 0.195312
194 197 0.664062
194 198 0.742188
194 202 0.0625
195 198 0.0390625
199 202 0.3125
206 209 0.0625
208 392 0.6875
209 322 0.5625
209 387 0.1875
209 390 0.875
209 392 0.1875
210 383 0.4375
210 387 0.0625
210 394 0.3125
211 214 0.375
211 326 0.3125
211 328 0.125
211 329 0.1875
211 330 0.125
211 383 0.25
212 383 0.0625
212 400 0.0625
213 329 0.25
213 331 0.0625
213 332 0.5625
213 333 0.3125
213 334 1.25
213 335 0.1875
214 325 0.0625
214 328 0.125
214 335 1.25
214 383 0.25
214 400 0.125
215 335 0.125
215 336 1.3125
215 337 0.125
215 400 1.875
215 405 0.125
216 321 0.0625
216 325 0.0625
216 337 1.25
216 383 0.25
216 386 0.125
216 401 1.25
216 402 0.0625
217 336 0.3125
217 337 0.25
217 338 1.3125
217 339 0.125
217 402 0.375
218 338 0.125
218 339 1.375
218 341 0.0625
218 376 0.125
218 382 0.3125
218 402 0.125
219 227 0.117188
219 338 0.125
219 339 0.0625
219 340 1.25
219 341 0.125
220 227 0.117188
220 341 1.25
221 224 0.25
221 227 0.195312
221 312 0.1875
221 313 0.0625
221 340 0.375
221 341 0.25
221 345 0.25
222 227 0.273438
223 226 0.820312
223 227 0.117188
224 227 0.898438
224 228 0.078125
224 312 0.3125
225 228 0.78125
225 229 0.0390625
225 256 0.25
226 229 0.78125
226 230 0.078125
227 230 0.78125
227 231 0.078125
227 340 0.0625
228 231 0.78125
228 232 0.117188
228 253 0.0625
228 310 0.0625
228 312 0.0625
228 340 0.125
229 232 0.78125
229 233 0.15625
229 257 0.0625
230 233 0.78125
230 234 0.429688
231 234 0.820312
231 235 0.390625
231 308 0.125
231 310 0.125
231 336 0.375
231 338 0.3125
232 235 0.78125
232 242 0.0625
232 257 0.0625
232 262 0.0625
232 290 0.0625
233 236 0.078125
235 238 0.375
235 308 0.3125
235 336 0.0625
236 289 0.0625
237 289 0.625
238 289 0.3125
238 307 0.125
238 308 0.125
239 289 1.25
239 305 0.125
239 306 1.3125
239 307 1.375
239 308 0.375
240 283 0.1875
240 289 0.0625
240 290 1.3125
240 291 0.0625
240 308 1.5625
241 283 0.125
241 291 1.25
241 297 0.25
241 308 0.0625
241 309 1.1875
241 310 0.125
242 290 0.0625
242 291 0.125
242 292 1.25
242 293 0.125
242 310 1.1875
243 293 1.25
243 294 0.125
243 297 0.25
243 309 0.125
243 310 0.1875
243 311 1.125
243 312 0.0625
243 327 0.25
244 249 0.0390625
244 250 0.0390625
244 293 0.0625
244 294 0.0625
244 313 0.25
245 249 0.195312
245 313 0.6875
246 249 0.9375
246 250 0.078125
247 250 0.78125
247 251 0.390625
247 268 0.5625
247 270 0.0625
248 251 0.78125
248 252 0.195312
249 252 0.742188
249 253 0.15625
249 313 0.3125
250 253 0.78125
250 254 0.078125
250 266 0.1875
250 292 0.3125
250 293 0.25
250 294 0.0625
251 254 0.78125
251 255 0.078125
251 268 0.1875
252 255 0.78125
252 256 0.117188
253 256 0.742188
253 257 0.117188
253 292 0.125
254 257 0.78125
254 258 0.351562
254 265 0.125
255 258 0.820312
255 259 0.117188
256 259 0.898438
256 260 0.078125
257 260 0.78125
257 261 0.664062
257 262 0.9375
257 264 0.125
257 292 0.0625
258 261 0.0390625
258 262 0.0390625
258 264 0.25
262 289 0.0625
262 290 0.0625
263 287 0.1875
263 288 1.6875
263 289 1.25
263 290 0.0625
264 288 0.25
264 290 1.25
265 288 0.125
265 290 0.0625
265 291 1.25
265 292 0.1875
266 271 0.0625
266 279 0.0625
266 292 1.25
267 271 0.125
267 276 0.5
267 279 0.0625
267 291 0.0625
267 292 0.1875
267 293 1.25
267 294 0.0625
267 296 0.0625
267 297 0.625
268 271 0.4375
268 294 0.1875
271 275 0.0390625
271 276 0.117188
272 275 0.78125
272 276 0.15625
273 276 0.78125
273 277 0.078125
274 277 0.78125
274 278 0.078125
275 278 0.78125
275 279 0.117188
276 279 0.78125
276 280 0.078125
277 280 0.78125
277 281 0.078125
278 281 0.820312
278 282 0.273438
279 282 0.78125
279 283 0.078125
279 288 0.0625
280 283 0.78125
280 284 0.273438
280 300 0.0625
280 301 0.5
281 284 0.820312
281 285 0.429688
282 285 0.703125
282 286 0.742188
282 287 0.898438
282 288 0.078125
283 286 0.078125
283 288 0.0390625
283 289 0.0390625
283 291 0.25
283 297 0.125
283 301 0.0625
283 303 0.5
283 306 0.0625
284 301 0.4375
284 303 0.1875
285 303 0.0625
286 303 0.3125
286 305 0.25
291 297 0.4375
293 297 0.125
295 324 0.0625
297 327 0.125
298 301 0.0625
298 327 0.8125
299 323 0.3125
299 327 0.375
302 330 0.4375
303 306 0.1875
304 329 1.0625
304 330 1.375
304 331 0.3125
305 331 0.125
306 327 0.125
306 328 1.3125
306 329 0.0625
307 329 0.0625
307 331 0.5
307 333 0.25
307 334 0.3125
307 335 1.25
307 336 0.0625
308 336 1.25
309 324 0.125
309 327 0.0625
309 328 0.0625
309 336 0.0625
309 337 1.1875
309 338 0.125
310 338 1.3125
310 340 0.125
311 315 0.125
311 324 0.375
311 325 0.125
311 338 0.125
311 339 1.3125
311 340 0.25
312 340 0.125
314 339 0.0625
314 341 0.125
314 349 0.125
314 372 0.1875
314 376 0.0625
315 321 0.125
315 372 0.125
316 356 0.0625
316 365 0.0625
316 368 1.1875
316 369 0.125
317 320 0.976562
317 321 0.0390625
317 368 0.0625
317 372 0.1875
318 321 0.820312
318 322 0.078125
318 371 0.125
318 372 0.0625
318 386 0.0625
318 389 0.5
319 322 0.78125
319 323 0.078125
319 368 0.375
319 389 0.5625
320 323 0.78125
320 324 0.3125
321 324 0.742188
321 325 0.3125
321 372 0.1875
321 375 0.375
322 325 0.78125
322 326 0.0390625
322 390 0.0625
323 326 0.742188
323 327 0.234375
324 327 0.195312
325 328 0.078125
325 337 0.125
326 330 0.3125
327 330 0.1875
328 335 0.0625
329 332 0.0625
329 335 0.0625
341 345 0.078125
341 346 0.117188
341 376 0.3125
341 377 0.3125
342 345 1.01562
343 346 0.78125
343 347 0.078125
344 347 0.78125
344 348 0.078125
345 348 0.78125
345 349 0.117188
346 349 0.78125
346 350 0.429688
346 369 0.25
346 373 0.125
347 350 0.78125
347 351 0.078125
348 351 0.820312
348 352 0.234375
349 352 0.78125
349 353 0.078125
349 369 0.25
350 353 0.78125
350 354 0.117188
350 369 0.125
351 354 0.664062
351 355 0.0390625
352 355 0.703125
352 356 0.0390625
353 356 0.117188
353 362 0.195312
353 365 0.4375
353 366 0.125
354 362 0.195312
354 366 0.5625
355 362 0.0390625
356 362 0.117188
356 365 0.0625
357 362 0.117188
358 362 0.195312
359 362 0.78125
359 363 0.15625
360 363 0.78125
360 364 0.195312
361 364 0.742188
361 365 0.0390625
362 365 0.820312
362 366 0.195312
363 366 0.9375
363 367 0.078125
363 490 0.125
364 367 0.78125
364 368 0.078125
365 368 0.742188
365 369 0.078125
366 369 0.820312
366 370 0.234375
367 370 0.78125
367 371 0.0390625
367 485 0.25
367 486 0.0625
367 487 0.75
367 491 0.375
368 371 0.78125
368 372 0.078125
368 389 0.1875
368 487 0.0625
369 372 0.78125
369 373 0.0390625
370 373 0.742188
370 374 0.078125
371 374 0.78125
371 375 0.078125
371 389 0.0625
372 375 0.820312
372 376 0.0390625
373 376 0.78125
373 377 0.117188
374 377 0.742188
374 378 0.078125
374 475 0.1875
374 479 0.125
375 378 0.078125
375 382 0.375
375 385 0.1875
375 386 0.125
376 382 0.125
377 382 0.0625
377 475 0.0625
377 514 0.25
378 382 0.0625
378 385 0.0625
378 403 0.1875
378 479 0.125
378 514 0.125
379 403 0.0625
379 408 0.0625
379 472 0.125
379 511 0.1875
379 512 0.0625
379 513 0.3125
379 514 0.4375
380 385 0.0390625
380 403 0.3125
380 476 0.1875
380 479 0.1875
380 480 0.0625
381 384 0.898438
381 385 0.0390625
381 397 0.0625
381 398 0.125
381 401 0.125
381 404 0.125
382 385 0.78125
382 386 0.117188
382 401 0.125
382 402 0.6875
382 403 0.375
383 386 0.78125
383 387 0.195312
383 398 0.375
383 400 0.25
384 387 0.742188
384 388 0.195312
384 394 0.3125
384 395 0.125
384 396 0.0625
384 479 1.25
384 480 0.0625
385 388 0.703125
385 389 0.078125
385 479 0.5
386 389 0.78125
386 390 0.15625
387 390 0.78125
387 391 0.78125
387 392 0.898438
387 394 0.195312
388 391 0.0390625
388 392 0.078125
388 393 0.117188
388 394 0.117188
388 478 0.0625
388 479 0.25
388 480 0.5
388 481 0.1875
394 480 0.125
395 480 0.1875
397 404 0.125
398 401 0.125
398 404 0.125
399 404 0.1875
401 404 1.375
401 405 0.25
402 405 1.25
403 406 1.25
403 407 0.125
403 408 0.0625
404 407 0.1875
408 511 0.125
409 511 1.1875
409 512 0.125
410 509 0.3125
410 510 1.75
410 511 0.125
411 416 0.3125
411 469 0.125
411 473 0.0625
411 509 1.5
411 510 0.375
411 511 0.3125
411 512 0.25
412 508 1.25
412 509 0.125
413 416 0.820312
413 417 0.078125
413 508 1.1875
413 510 0.0625
414 417 0.78125
414 418 0.15625
414 507 0.3125
414 508 0.125
415 418 0.78125
415 419 0.15625
416 419 0.78125
416 420 0.078125
416 465 0.375
416 469 0.1875
416 470 0.4375
417 420 0.78125
417 421 0.15625
417 502 0.0625
417 508 0.0625
418 421 0.742188
418 422 0.078125
418 502 0.1875
418 504 0.0625
419 422 0.78125
419 423 0.15625
419 461 0.0625
420 423 0.78125
420 424 0.15625
420 474 0.0625
420 477 0.0625
421 424 0.78125
421 483 0.0625
421 495 0.125
421 499 0.125
421 502 0.0625
421 503 0.1875
422 425 0.78125
422 426 0.117188
422 458 0.125
422 503 0.0625
423 426 0.78125
423 427 0.15625
423 436 0.0625
423 439 0.0625
423 440 0.0625
423 458 0.3125
424 427 0.703125
424 428 0.664062
424 429 0.078125
424 483 0.0625
424 493 0.125
424 495 0.125
425 428 0.078125
427 430 0.125
427 431 0.3125
427 453 0.25
429 489 0.0625
429 492 0.0625
429 493 0.25
429 494 0.5
429 495 0.3125
430 492 0.1875
431 435 0.3125
431 436 0.0390625
431 447 0.0625
431 451 0.25
431 453 0.0625
431 492 1.3125
431 493 0.1875
432 435 0.742188
432 436 0.078125
432 491 0.0625
432 493 0.125
433 436 0.78125
433 437 0.117188
433 471 0.0625
433 474 0.3125
433 493 0.0625
434 437 0.78125
434 438 0.117188
435 438 0.78125
435 439 0.195312
435 447 0.375
435 448 0.25
435 451 0.125
435 453 0.375
436 439 0.78125
436 440 0.15625
436 474 0.0625
436 493 0.0625
437 440 0.78125
437 441 0.117188
437 467 0.0625
437 470 0.0625
437 474 0.0625
438 441 0.742188
438 442 0.742188
438 443 0.15625
438 448 0.1875
439 442 0.0390625
439 448 0.125
439 459 1.25
440 458 0.0625
440 459 1.125
440 460 1.25
440 461 1.25
440 462 1.25
440 470 0.25
441 459 0.0625
441 460 0.125
441 462 0.125
441 463 0.4375
441 465 0.25
441 466 0.1875
441 467 0.0625
441 470 0.0625
442 459 0.6875
442 460 0.0625
443 459 0.25
444 449 0.15625
445 448 0.859375
445 449 0.117188
446 449 1.01562
446 450 0.351562
447 450 0.78125
447 451 0.234375
448 451 0.78125
448 452 0.742188
448 453 0.820312
448 454 0.078125
448 459 0.0625
449 452 0.0390625
449 454 0.15625
452 455 0.1875
453 456 0.5
453 459 0.1875
454 459 0.375
456 459 0.125
457 461 0.125
458 461 0.375
460 463 0.125
462 465 0.1875
462 470 0.4375
465 469 0.3125
465 470 0.117188
466 469 0.859375
466 470 0.078125
467 470 0.78125
467 471 0.234375
468 471 0.78125
468 472 0.078125
468 514 0.1875
468 515 0.4375
468 516 0.375
469 472 0.78125
469 473 0.195312
469 513 0.5
470 473 0.78125
470 474 0.15625
471 474 0.820312
471 475 0.117188
472 475 0.820312
472 476 0.273438
472 513 0.3125
473 476 0.78125
473 477 0.15625
474 477 0.78125
474 478 0.15625
474 493 0.0625
475 478 0.820312
475 479 0.390625
476 479 0.78125
476 480 0.15625
476 510 0.4375
476 511 0.5
477 480 0.742188
477 481 0.742188
477 482 0.820312
477 483 0.0390625
477 508 0.0625
478 481 0.0390625
478 483 0.273438
478 485 0.25
478 493 0.0625
481 496 0.3125
481 498 0.0625
482 495 1.1875
482 496 0.375
482 498 0.25
482 499 0.125
483 493 0.0625
483 494 1.375
484 492 0.0625
484 493 1.25
484 494 0.3125
484 496 0.0625
485 491 0.1875
485 492 1.25
485 493 0.0625
486 489 1.4375
486 490 1.1875
486 491 1.25
486 492 0.125
486 494 0.3125
489 492 0.1875
489 494 0.1875
496 499 0.078125
497 500 0.3125
498 501 0.0390625
499 502 0.78125
499 503 0.078125
500 503 0.78125
500 504 0.429688
501 504 0.703125
501 505 0.859375
501 506 0.078125
502 506 0.078125
