nresidues = 610
2 66 0.769312
2 67 0.153862
2 115 3.07725
2 140 0.769312
3 65 0.153862
3 66 3.38497
3 67 0.153862
3 115 0.153862
3 118 0.923174
4 63 0.153862
4 65 3.23111
4 66 0.923174
4 118 0.769312
5 63 2.92339
5 64 0.461587
5 65 0.615449
5 66 0.461587
6 63 1.2309
6 118 0.153862
7 12 0.153862
7 13 0.461587
7 16 0.615449
7 64 0.307725
9 12 3.53883
9 13 0.153862
10 13 2.92339
10 39 0.153862
10 64 0.153862
11 32 0.153862
11 36 0.461587
12 15 1.63479
12 16 0.096164
13 16 1.92328
13 17 0.288493
13 64 0.769312
14 17 1.73095
14 18 0.192328
14 27 0.615449
14 35 0.153862
14 60 0.307725
14 64 0.153862
15 18 2.01944
15 19 0.96164
15 24 0.153862
15 25 0.769312
15 26 0.307725
16 19 1.82712
16 20 0.865475
17 20 1.82712
17 21 2.21177
17 22 0.288493
17 63 0.153862
17 64 0.153862
18 21 1.63479
18 22 1.92328
18 23 1.92328
18 24 2.30794
18 26 0.288493
18 27 0.384656
18 56 0.153862
18 60 0.153862
19 22 1.73095
19 23 0.384656
19 24 0.288493
19 25 0.576984
22 56 0.461587
22 59 0.461587
22 60 0.153862
22 63 0.307725
27 31 1.07704
27 32 0.307725
27 35 0.153862
28 31 0.923174
29 33 0.096164
29 48 0.153862
29 207 0.153862
30 33 2.21177
30 34 0.288493
30 48 0.307725
30 205 0.461587
31 34 1.92328
31 35 0.384656
31 48 0.307725
31 53 0.769312
31 56 0.307725
32 35 1.92328
32 36 0.769312
33 36 1.73095
33 37 0.384656
34 37 2.01944
34 38 0.384656
34 44 0.307725
34 46 0.307725
34 57 0.307725
34 203 0.153862
34 205 0.461587
35 38 1.92328
35 39 0.480819
35 56 0.307725
35 57 0.153862
35 60 0.307725
36 39 1.92328
36 40 0.288493
37 40 2.21177
37 41 1.63479
37 42 0.384656
37 203 0.615449
38 41 0.096164
38 61 0.307725
38 143 0.307725
38 179 0.307725
39 64 0.461587
41 177 0.307725
42 201 0.461587
42 202 1.07704
42 203 0.615449
43 170 0.615449
43 177 0.615449
43 178 3.53883
43 199 0.769312
43 200 0.461587
43 202 3.53883
44 179 3.38497
44 180 0.307725
44 199 0.153862
44 202 0.153862
44 203 3.38497
45 180 3.38497
45 190 0.153862
45 194 0.153862
45 203 0.153862
45 204 2.92339
45 205 0.307725
46 179 0.307725
46 180 0.461587
46 181 2.92339
46 182 0.153862
46 205 2.92339
47 182 3.23111
47 190 0.153862
47 205 0.615449
47 206 3.07725
47 207 0.307725
47 209 0.153862
48 53 0.461587
48 54 0.153862
48 182 0.153862
48 183 0.307725
49 207 0.153862
50 53 1.63479
50 54 0.673149
50 330 0.615449
51 54 2.4041
51 55 0.288493
52 55 1.73095
52 56 0.096164
53 56 1.73095
53 57 0.096164
54 57 0.288493
54 147 0.153862
54 181 0.769312
54 182 0.615449
54 183 0.307725
55 58 2.69259
55 59 0.96164
56 59 1.73095
56 60 0.480819
56 61 0.096164
57 61 0.384656
57 179 0.307725
58 61 2.11561
58 62 0.192328
58 71 0.769312
58 121 0.461587
58 147 0.461587
58 179 0.153862
58 181 0.307725
59 62 1.92328
59 63 0.288493
59 82 0.153862
59 86 0.615449
59 119 0.153862
59 121 0.153862
60 63 1.92328
60 64 0.384656
61 64 1.92328
61 65 0.480819
62 65 0.096164
62 69 0.461587
62 118 1.07704
63 91 0.153862
63 118 0.923174
65 118 0.153862
65 142 0.307725
66 142 0.615449
67 118 0.153862
67 140 3.07725
67 142 0.153862
68 117 0.153862
68 118 3.23111
68 136 0.153862
68 139 0.153862
68 140 0.307725
68 141 3.07725
68 142 2.76952
68 143 0.153862
69 118 0.461587
69 119 2.92339
69 120 0.307725
69 143 3.38497
70 120 3.07725
70 122 0.153862
70 136 0.153862
70 143 0.307725
70 144 3.07725
70 145 0.461587
71 119 0.153862
71 120 0.307725
71 121 3.53883
71 122 0.461587
71 145 3.07725
72 122 3.07725
72 123 0.153862
72 124 0.461587
72 127 0.153862
72 145 0.461587
72 146 2.92339
72 147 0.615449
72 163 0.153862
73 122 0.153862
73 123 0.153862
73 124 0.307725
73 163 0.307725
74 148 0.307725
74 160 0.769312
74 163 0.307725
75 78 3.23111
75 79 0.461587
76 79 3.53883
76 80 0.153862
76 97 0.461587
78 81 1.92328
78 82 0.288493
78 300 0.307725
79 82 1.92328
79 83 0.192328
79 95 1.07704
79 96 0.307725
79 97 0.615449
80 83 1.73095
80 84 0.673149
81 84 1.92328
81 85 0.384656
82 85 2.01944
82 86 0.384656
82 121 0.153862
83 86 2.01944
83 87 0.288493
83 93 0.307725
83 94 0.461587
83 95 0.153862
84 87 1.92328
84 88 0.192328
85 88 1.92328
85 89 0.384656
86 89 1.92328
86 90 1.82712
86 91 2.11561
86 93 0.192328
86 121 0.307725
87 90 0.096164
87 91 0.480819
87 92 0.288493
87 93 0.384656
92 116 0.153862
92 117 3.38497
92 118 3.07725
92 119 0.153862
93 119 3.07725
94 117 0.153862
94 119 0.153862
94 120 3.23111
94 121 0.615449
95 100 0.769312
95 108 0.307725
95 121 3.23111
96 100 0.769312
96 105 0.769312
96 121 0.307725
96 122 3.38497
96 126 0.153862
96 132 0.307725
97 100 0.769312
97 105 0.461587
97 123 0.153862
97 125 0.307725
98 125 1.07704
100 104 0.288493
100 105 0.480819
101 104 2.11561
101 105 0.384656
102 105 1.92328
102 106 0.384656
103 106 1.92328
103 107 0.288493
104 107 1.92328
104 108 0.192328
105 108 1.92328
105 109 0.288493
105 126 0.769312
106 109 1.92328
106 110 0.288493
107 110 1.92328
107 111 0.096164
108 111 1.82712
108 112 0.192328
108 117 0.153862
108 120 0.153862
109 112 1.92328
109 113 0.384656
109 126 0.153862
109 135 0.461587
109 139 0.615449
110 113 2.78875
110 114 0.384656
111 114 2.01944
111 115 1.82712
111 116 2.01944
111 117 0.192328
112 115 0.096164
112 120 0.153862
112 139 0.769312
113 139 0.769312
120 132 0.153862
122 126 0.288493
122 127 0.288493
122 132 0.461587
123 126 1.92328
123 127 0.096164
124 127 1.82712
124 128 0.192328
124 162 0.461587
124 163 0.307725
125 128 1.73095
125 129 0.384656
126 129 0.384656
126 132 0.461587
127 132 0.769312
127 133 0.615449
127 166 0.153862
127 169 0.153862
128 133 0.153862
128 165 0.307725
128 166 0.307725
128 169 0.461587
129 132 0.307725
131 134 1.82712
131 135 0.480819
132 135 2.11561
132 136 0.192328
132 139 0.615449
133 136 1.92328
133 137 0.192328
133 169 0.307725
133 172 0.461587
133 173 0.153862
134 137 0.096164
134 138 0.288493
134 172 0.769312
135 138 1.82712
135 139 0.865475
136 139 0.384656
136 141 0.307725
141 176 0.461587
142 176 0.461587
142 177 0.307725
143 177 3.07725
144 176 0.153862
144 177 0.153862
144 178 3.23111
144 179 0.307725
145 179 3.07725
145 181 0.153862
146 149 0.153862
146 163 0.153862
146 179 0.307725
146 180 2.92339
146 181 0.461587
147 163 0.615449
147 181 3.23111
148 151 0.461587
148 163 0.615449
148 181 2.92339
149 152 0.307725
149 180 0.307725
149 181 0.307725
149 193 0.923174
150 153 0.461587
150 157 0.461587
150 182 0.769312
150 184 0.461587
150 189 0.153862
150 193 0.307725
151 158 0.769312
151 159 3.07725
151 160 0.769312
151 163 0.923174
152 159 0.615449
152 163 0.615449
152 196 0.615449
152 197 0.307725
153 156 0.153862
153 159 0.615449
153 192 1.07704
154 159 2.61566
154 364 0.307725
155 188 0.461587
155 189 0.461587
155 192 0.307725
155 364 0.615449
155 368 0.307725
155 487 0.461587
155 488 0.615449
156 189 0.153862
156 368 0.307725
157 184 0.153862
157 317 0.461587
157 319 1.2309
157 320 0.153862
160 163 2.92339
161 164 0.307725
163 166 1.38476
164 167 0.153862
165 168 0.615449
166 169 0.769312
167 196 0.153862
168 171 1.73095
168 172 0.096164
169 172 1.92328
169 173 0.288493
169 178 1.07704
170 173 2.11561
170 174 0.288493
170 176 0.615449
170 177 0.153862
170 178 1.84635
170 197 0.153862
170 198 0.461587
170 200 0.153862
171 174 0.096164
173 176 0.769312
178 197 0.307725
178 199 0.153862
180 193 0.153862
180 197 0.153862
182 185 0.153862
183 209 0.153862
183 323 0.153862
184 319 0.769312
184 323 0.153862
184 390 0.307725
185 189 0.192328
185 190 0.576984
185 209 0.153862
185 390 0.153862
186 189 2.30794
186 190 1.15397
186 389 0.153862
186 390 0.153862
187 190 2.30794
187 191 0.769312
188 191 1.92328
188 192 0.192328
188 487 0.461587
189 192 1.92328
189 193 0.384656
190 193 1.82712
190 194 0.096164
190 206 0.461587
190 209 0.307725
190 390 0.461587
191 194 1.82712
191 195 0.096164
192 195 2.11561
192 196 0.769312
193 196 1.63479
193 197 0.480819
194 197 1.63479
194 198 1.82712
194 202 0.153862
195 198 0.096164
199 202 0.769312
206 209 0.153862
208 392 1.69249
209 322 1.38476
209 387 0.461587
209 390 2.15407
209 392 0.461587
210 383 1.07704
210 387 0.153862
210 394 0.769312
211 214 0.923174
211 326 0.769312
211 328 0.307725
211 329 0.461587
211 330 0.307725
211 383 0.615449
212 383 0.153862
212 400 0.153862
213 329 0.615449
213 331 0.153862
213 332 1.38476
213 333 0.769312
213 334 3.07725
213 335 0.461587
214 325 0.153862
214 328 0.307725
214 335 3.07725
214 383 0.615449
214 400 0.307725
215 335 0.307725
215 336 3.23111
215 337 0.307725
215 400 4.61587
215 405 0.307725
216 321 0.153862
216 325 0.153862
216 337 3.07725
216 383 0.615449
216 386 0.307725
216 401 3.07725
216 402 0.153862
217 336 0.769312
217 337 0.615449
217 338 3.23111
217 339 0.307725
217 402 0.923174
218 338 0.307725
218 339 3.38497
218 341 0.153862
218 376 0.307725
218 382 0.769312
218 402 0.307725
219 227 0.288493
219 338 0.307725
219 339 0.153862
219 340 3.07725
219 341 0.307725
220 227 0.288493
220 341 3.07725
221 224 0.615449
221 227 0.480819
221 312 0.461587
221 313 0.153862
221 340 0.923174
221 341 0.615449
221 345 0.615449
222 227 0.673149
223 226 2.01944
223 227 0.288493
224 227 2.21177
224 228 0.192328
224 312 0.769312
225 228 1.92328
225 229 0.096164
225 256 0.615449
226 229 1.92328
226 230 0.192328
227 230 1.92328
227 231 0.192328
227 340 0.153862
228 231 1.92328
228 232 0.288493
228 253 0.153862
228 310 0.153862
228 312 0.153862
228 340 0.307725
229 232 1.92328
229 233 0.384656
229 257 0.153862
230 233 1.92328
230 234 1.05781
231 234 2.01944
231 235 0.96164
231 308 0.307725
231 310 0.307725
231 336 0.923174
231 338 0.769312
232 235 1.92328
232 242 0.153862
232 257 0.153862
232 262 0.153862
232 290 0.153862
233 236 0.192328
235 238 0.923174
235 308 0.769312
235 336 0.153862
236 289 0.153862
237 289 1.53862
238 289 0.769312
238 307 0.307725
238 308 0.307725
239 289 3.07725
239 305 0.307725
239 306 3.23111
239 307 3.38497
239 308 0.923174
240 283 0.461587
240 289 0.153862
240 290 3.23111
240 291 0.153862
240 308 3.84656
241 283 0.307725
241 291 3.07725
241 297 0.615449
241 308 0.153862
241 309 2.92339
241 310 0.307725
242 290 0.153862
242 291 0.307725
242 292 3.07725
242 293 0.307725
242 310 2.92339
243 293 3.07725
243 294 0.307725
243 297 0.615449
243 309 0.307725
243 310 0.461587
243 311 2.76952
243 312 0.153862
243 327 0.615449
244 249 0.096164
244 250 0.096164
244 293 0.153862
244 294 0.153862
244 313 0.615449
245 249 0.480819
245 313 1.69249
246 249 2.30794
246 250 0.192328
247 250 1.92328
247 251 0.96164
247 268 1.38476
247 270 0.153862
248 251 1.92328
248 252 0.480819
249 252 1.82712
249 253 0.384656
249 313 0.769312
250 253 1.92328
250 254 0.192328
250 266 0.461587
250 292 0.769312
250 293 0.615449
250 294 0.153862
251 254 1.92328
251 255 0.192328
251 268 0.461587
252 255 1.92328
252 256 0.288493
253 256 1.82712
253 257 0.288493
253 292 0.307725
254 257 1.92328
254 258 0.865475
254 265 0.307725
255 258 2.01944
255 259 0.288493
256 259 2.21177
256 260 0.192328
257 260 1.92328
257 261 1.63479
257 262 2.30794
257 264 0.307725
257 292 0.153862
258 261 0.096164
258 262 0.096164
258 264 0.615449
262 289 0.153862
262 290 0.153862
263 287 0.461587
263 288 4.15428
263 289 3.07725
263 290 0.153862
264 288 0.615449
264 290 3.07725
265 288 0.307725
265 290 0.153862
265 291 3.07725
265 292 0.461587
266 271 0.153862
266 279 0.153862
266 292 3.07725
267 271 0.307725
267 276 1.2309
267 279 0.153862
267 291 0.153862
267 292 0.461587
267 293 3.07725
267 294 0.153862
267 296 0.153862
267 297 1.53862
268 271 1.07704
268 294 0.461587
271 275 0.096164
271 276 0.288493
272 275 1.92328
272 276 0.384656
273 276 1.92328
273 277 0.192328
274 277 1.92328
274 278 0.192328
275 278 1.92328
275 279 0.288493
276 279 1.92328
276 280 0.192328
277 280 1.92328
277 281 0.192328
278 281 2.01944
278 282 0.673149
279 282 1.92328
279 283 0.192328
279 288 0.153862
280 283 1.92328
280 284 0.673149
280 300 0.153862
280 301 1.2309
281 284 2.01944
281 285 1.05781
282 285 1.73095
282 286 1.82712
282 287 2.21177
282 288 0.192328
283 286 0.192328
283 288 0.096164
283 289 0.096164
283 291 0.615449
283 297 0.307725
283 301 0.153862
283 303 1.2309
283 306 0.153862
284 301 1.07704
284 303 0.461587
285 303 0.153862
286 303 0.769312
286 305 0.615449
291 297 1.07704
293 297 0.307725
295 324 0.153862
297 327 0.307725
298 301 0.153862
298 327 2.00021
299 323 0.769312
299 327 0.923174
302 330 1.07704
303 306 0.461587
304 329 2.61566
304 330 3.38497
304 331 0.769312
305 331 0.307725
306 327 0.307725
306 328 3.23111
306 329 0.153862
307 329 0.153862
307 331 1.2309
307 333 0.615449
307 334 0.769312
307 335 3.07725
307 336 0.153862
308 336 3.07725
309 324 0.307725
309 327 0.153862
309 328 0.153862
309 336 0.153862
309 337 2.92339
309 338 0.307725
310 338 3.23111
310 340 0.307725
311 315 0.307725
311 324 0.923174
311 325 0.307725
311 338 0.307725
311 339 3.23111
311 340 0.615449
312 340 0.307725
314 339 0.153862
314 341 0.307725
314 349 0.307725
314 372 0.461587
314 376 0.153862
315 321 0.307725
315 372 0.307725
316 356 0.153862
316 365 0.153862
316 368 2.92339
316 369 0.307725
317 320 2.4041
317 321 0.096164
317 368 0.153862
317 372 0.461587
318 321 2.01944
318 322 0.192328
318 371 0.307725
318 372 0.153862
318 386 0.153862
318 389 1.2309
319 322 1.92328
319 323 0.192328
319 368 0.923174
319 389 1.38476
320 323 1.92328
320 324 0.769312
321 324 1.82712
321 325 0.769312
321 372 0.461587
321 375 0.923174
322 325 1.92328
322 326 0.096164
322 390 0.153862
323 326 1.82712
323 327 0.576984
324 327 0.480819
325 328 0.192328
325 337 0.307725
326 330 0.769312
327 330 0.461587
328 335 0.153862
329 332 0.153862
329 335 0.153862
341 345 0.192328
341 346 0.288493
341 376 0.769312
341 377 0.769312
342 345 2.50025
343 346 1.92328
343 347 0.192328
344 347 1.92328
344 348 0.192328
345 348 1.92328
345 349 0.288493
346 349 1.92328
346 350 1.05781
346 369 0.615449
346 373 0.307725
347 350 1.92328
347 351 0.192328
348 351 2.01944
348 352 0.576984
349 352 1.92328
349 353 0.192328
349 369 0.615449
350 353 1.92328
350 354 0.288493
350 369 0.307725
351 354 1.63479
351 355 0.096164
352 355 1.73095
352 356 0.096164
353 356 0.288493
353 362 0.480819
353 365 1.07704
353 366 0.307725
354 362 0.480819
354 366 1.38476
355 362 0.096164
356 362 0.288493
356 365 0.153862
357 362 0.288493
358 362 0.480819
359 362 1.92328
359 363 0.384656
360 363 1.92328
360 364 0.480819
361 364 1.82712
361 365 0.096164
362 365 2.01944
362 366 0.480819
363 366 2.30794
363 367 0.192328
363 490 0.307725
364 367 1.92328
364 368 0.192328
365 368 1.82712
365 369 0.192328
366 369 2.01944
366 370 0.576984
367 370 1.92328
367 371 0.096164
367 485 0.615449
367 486 0.153862
367 487 1.84635
367 491 0.923174
368 371 1.92328
368 372 0.192328
368 389 0.461587
368 487 0.153862
369 372 1.92328
369 373 0.096164
370 373 1.82712
370 374 0.192328
371 374 1.92328
371 375 0.192328
371 389 0.153862
372 375 2.01944
372 376 0.096164
373 376 1.92328
373 377 0.288493
374 377 1.82712
374 378 0.192328
374 475 0.461587
374 479 0.307725
375 378 0.192328
375 382 0.923174
375 385 0.461587
375 386 0.307725
376 382 0.307725
377 382 0.153862
377 475 0.153862
377 514 0.615449
378 382 0.153862
378 385 0.153862
378 403 0.461587
378 479 0.307725
378 514 0.307725
379 403 0.153862
379 408 0.153862
379 472 0.307725
379 511 0.461587
379 512 0.153862
379 513 0.769312
379 514 1.07704
380 385 0.096164
380 403 0.769312
380 476 0.461587
380 479 0.461587
380 480 0.153862
381 384 2.21177
381 385 0.096164
381 397 0.153862
381 398 0.307725
381 401 0.307725
381 404 0.307725
382 385 1.92328
382 386 0.288493
382 401 0.307725
382 402 1.69249
382 403 0.923174
383 386 1.92328
383 387 0.480819
383 398 0.923174
383 400 0.615449
384 387 1.82712
384 388 0.480819
384 394 0.769312
384 395 0.307725
384 396 0.153862
384 479 3.07725
384 480 0.153862
385 388 1.73095
385 389 0.192328
385 479 1.2309
386 389 1.92328
386 390 0.384656
387 390 1.92328
387 391 1.92328
387 392 2.21177
387 394 0.480819
388 391 0.096164
388 392 0.192328
388 393 0.288493
388 394 0.288493
388 478 0.153862
388 479 0.615449
388 480 1.2309
388 481 0.461587
394 480 0.307725
395 480 0.461587
397 404 0.307725
398 401 0.307725
398 404 0.307725
399 404 0.461587
401 404 3.38497
401 405 0.615449
402 405 3.07725
403 406 3.07725
403 407 0.307725
403 408 0.153862
404 407 0.461587
408 511 0.307725
409 511 2.92339
409 512 0.307725
410 509 0.769312
410 510 4.30815
410 511 0.307725
411 416 0.769312
411 469 0.307725
411 473 0.153862
411 509 3.6927
411 510 0.923174
411 511 0.769312
411 512 0.615449
412 508 3.07725
412 509 0.307725
413 416 2.01944
413 417 0.192328
413 508 2.92339
413 510 0.153862
414 417 1.92328
414 418 0.384656
414 507 0.769312
414 508 0.307725
415 418 1.92328
415 419 0.384656
416 419 1.92328
416 420 0.192328
416 465 0.923174
416 469 0.461587
416 470 1.07704
417 420 1.92328
417 421 0.384656
417 502 0.153862
417 508 0.153862
418 421 1.82712
418 422 0.192328
418 502 0.461587
418 504 0.153862
419 422 1.92328
419 423 0.384656
419 461 0.153862
420 423 1.92328
420 424 0.384656
420 474 0.153862
420 477 0.153862
421 424 1.92328
421 483 0.153862
421 495 0.307725
421 499 0.307725
421 502 0.153862
421 503 0.461587
422 425 1.92328
422 426 0.288493
422 458 0.307725
422 503 0.153862
423 426 1.92328
423 427 0.384656
423 436 0.153862
423 439 0.153862
423 440 0.153862
423 458 0.769312
424 427 1.73095
424 428 1.63479
424 429 0.192328
424 483 0.153862
424 493 0.307725
424 495 0.307725
425 428 0.192328
427 430 0.307725
427 431 0.769312
427 453 0.615449
429 489 0.153862
429 492 0.153862
429 493 0.615449
429 494 1.2309
429 495 0.769312
430 492 0.461587
431 435 0.769312
431 436 0.096164
431 447 0.153862
431 451 0.615449
431 453 0.153862
431 492 3.23111
431 493 0.461587
432 435 1.82712
432 436 0.192328
432 491 0.153862
432 493 0.307725
433 436 1.92328
433 437 0.288493
433 471 0.153862
433 474 0.769312
433 493 0.153862
434 437 1.92328
434 438 0.288493
435 438 1.92328
435 439 0.480819
435 447 0.923174
435 448 0.615449
435 451 0.307725
435 453 0.923174
436 439 1.92328
436 440 0.384656
436 474 0.153862
436 493 0.153862
437 440 1.92328
437 441 0.288493
437 467 0.153862
437 470 0.153862
437 474 0.153862
438 441 1.82712
438 442 1.82712
438 443 0.384656
438 448 0.461587
439 442 0.096164
439 448 0.307725
439 459 3.07725
440 458 0.153862
440 459 2.76952
440 460 3.07725
440 461 3.07725
440 462 3.07725
440 470 0.615449
441 459 0.153862
441 460 0.307725
441 462 0.307725
441 463 1.07704
441 465 0.615449
441 466 0.461587
441 467 0.153862
441 470 0.153862
442 459 1.69249
442 460 0.153862
443 459 0.615449
444 449 0.384656
445 448 2.11561
445 449 0.288493
446 449 2.50025
446 450 0.865475
447 450 1.92328
447 451 0.576984
448 451 1.92328
448 452 1.82712
448 453 2.01944
448 454 0.192328
448 459 0.153862
449 452 0.096164
449 454 0.384656
452 455 0.461587
453 456 1.2309
453 459 0.461587
454 459 0.923174
456 459 0.307725
457 461 0.307725
458 461 0.923174
460 463 0.307725
462 465 0.461587
462 470 1.07704
465 469 0.769312
465 470 0.288493
466 469 2.11561
466 470 0.192328
467 470 1.92328
467 471 0.576984
468 471 1.92328
468 472 0.192328
468 514 0.461587
468 515 1.07704
468 516 0.923174
469 472 1.92328
469 473 0.480819
469 513 1.2309
470 473 1.92328
470 474 0.384656
471 474 2.01944
471 475 0.288493
472 475 2.01944
472 476 0.673149
472 513 0.769312
473 476 1.92328
473 477 0.384656
474 477 1.92328
474 478 0.384656
474 493 0.153862
475 478 2.01944
475 479 0.96164
476 479 1.92328
476 480 0.384656
476 510 1.07704
476 511 1.2309
477 480 1.82712
477 481 1.82712
477 482 2.01944
477 483 0.096164
477 508 0.153862
478 481 0.096164
478 483 0.673149
478 485 0.615449
478 493 0.153862
481 496 0.769312
481 498 0.153862
482 495 2.92339
482 496 0.923174
482 498 0.615449
482 499 0.307725
483 493 0.153862
483 494 3.38497
484 492 0.153862
484 493 3.07725
484 494 0.769312
484 496 0.153862
485 491 0.461587
485 492 3.07725
485 493 0.153862
486 489 3.53883
486 490 2.92339
486 491 3.07725
486 492 0.307725
486 494 0.769312
489 492 0.461587
489 494 0.461587
496 499 0.192328
497 500 0.769312
498 501 0.096164
499 502 1.92328
499 503 0.192328
500 503 1.92328
500 504 1.05781
501 504 1.73095
501 505 2.11561
501 506 0.192328
502 506 0.192328
