nresidues = 123
62 65 4.00757
62 66 0.400757
63 66 1.20227
63 71 0.200379
65 70 0.125237
65 112 0.601136
65 113 0.400757
65 116 0.400757
66 70 0.626181
66 74 0.400757
66 112 0.200379
66 113 0.400757
67 70 3.63185
67 71 0.250473
68 71 2.50473
69 72 2.50473
69 73 0.375711
69 109 0.200379
70 73 2.50473
70 74 0.250473
70 109 1.40265
70 112 1.80341
70 113 0.200379
71 74 2.50473
71 75 0.250473
72 75 3.00568
72 76 0.626181
73 76 2.25426
73 77 0.250473
73 105 0.200379
73 109 0.400757
74 77 2.50473
74 78 0.626181
74 103 1.20227
75 78 2.62997
75 79 0.250473
76 79 2.62997
76 80 0.375711
77 80 2.62997
77 81 0.250473
77 103 1.20227
78 81 2.62997
78 82 0.250473
78 103 0.601136
79 82 2.62997
79 83 0.876658
80 83 2.62997
80 84 1.00189
81 84 2.50473
81 85 2.3795
81 86 0.500946
81 99 1.20227
81 101 0.200379
82 89 0.200379
82 99 2.20416
86 99 0.801514
87 99 0.200379
87 100 3.80719
87 101 0.200379
88 98 0.200379
88 99 4.20795
88 100 0.200379
89 97 0.200379
89 98 4.00757
89 99 0.200379
90 96 0.200379
90 97 4.00757
90 98 0.601136
91 95 0.601136
91 96 3.80719
91 97 0.200379
92 95 0.400757
92 96 1.20227
105 110 0.250473
105 113 0.200379
106 109 2.7552
106 110 0.375711
107 110 2.62997
107 111 0.375711
108 111 2.12902
108 112 0.125237
109 112 2.50473
109 113 0.500946
110 113 2.62997
110 114 0.250473
111 114 2.7552
111 115 0.500946
112 115 2.50473
112 116 0.125237
113 116 2.62997
113 117 0.500946
114 117 0.375711
