nresidues = 938
395 472 0.162095
396 472 4.21447
396 473 0.648381
397 472 0.486285
397 473 3.2419
397 474 0.162095
397 510 0.810476
397 511 0.162095
397 767 0.810476
398 474 3.07981
398 508 0.162095
398 509 3.72819
398 510 3.56609
398 511 0.162095
399 473 0.162095
399 474 0.486285
399 475 3.07981
399 476 0.486285
399 511 3.404
399 513 0.32419
400 476 3.89028
400 477 0.162095
400 478 0.32419
400 503 0.162095
400 509 0.32419
400 511 0.32419
400 512 3.2419
400 513 0.162095
401 408 0.162095
401 475 0.162095
401 476 0.162095
401 477 3.404
401 478 0.486285
401 500 0.486285
401 513 0.648381
401 514 0.162095
402 408 0.486285
402 478 0.162095
402 481 0.32419
402 482 0.32419
402 483 0.648381
402 500 0.486285
403 408 3.404
403 409 0.162095
403 410 0.32419
404 407 3.404
404 408 3.404
404 483 0.486285
404 515 0.32419
404 713 0.32419
404 730 0.810476
404 734 0.32419
405 409 1.45886
405 734 0.162095
406 409 0.972571
406 456 2.91771
406 457 0.162095
406 737 1.29676
406 791 0.32419
407 455 0.162095
407 456 3.2419
407 457 4.21447
407 458 3.404
407 515 0.32419
407 533 0.648381
407 733 0.32419
407 757 0.162095
408 455 3.2419
408 458 0.162095
409 453 0.162095
409 454 3.404
409 455 2.26933
409 737 0.32419
410 452 0.32419
410 453 3.07981
410 454 0.162095
410 477 0.32419
411 452 3.404
411 453 0.648381
411 455 0.486285
413 417 0.506546
413 418 2.02619
413 451 0.162095
413 453 0.32419
414 417 0.101309
414 418 0.810476
414 419 0.607857
414 420 0.202619
419 432 0.32419
419 434 0.162095
419 453 0.972571
420 432 0.648381
422 429 3.2419
422 430 0.810476
422 432 0.648381
423 427 0.162095
423 428 3.89028
423 429 0.162095
423 430 0.648381
424 427 0.32419
424 428 0.972571
424 430 0.162095
425 789 0.162095
426 790 0.162095
430 455 0.486285
430 791 0.162095
431 455 0.32419
431 460 0.32419
431 463 0.32419
432 454 3.07981
432 455 0.486285
433 452 0.162095
433 453 3.07981
433 454 0.972571
433 459 0.32419
433 473 0.162095
434 451 0.162095
434 452 3.56609
434 475 0.32419
435 450 0.162095
435 451 3.07981
435 452 1.29676
435 453 0.32419
435 454 0.810476
435 475 3.404
436 449 0.162095
436 450 3.07981
436 475 0.162095
436 476 3.56609
436 477 0.32419
437 448 0.162095
437 449 4.21447
437 450 0.162095
437 452 0.32419
438 452 0.32419
438 479 0.162095
454 459 0.30393
455 459 0.607857
455 791 0.648381
456 459 2.02619
456 460 0.405238
456 791 2.75562
457 460 2.02619
457 461 0.202619
457 532 0.32419
457 533 0.32419
457 787 0.648381
457 788 0.162095
457 791 0.486285
458 461 2.1275
458 462 0.202619
458 513 0.162095
458 514 0.486285
458 515 0.162095
458 532 0.162095
459 462 2.02619
459 463 0.405238
460 463 2.02619
460 464 0.202619
460 787 0.32419
460 791 0.810476
461 464 2.02619
461 465 0.405238
461 532 0.648381
461 784 0.162095
462 465 2.02619
462 466 0.202619
462 473 0.162095
462 475 0.162095
463 466 2.02619
463 467 0.202619
463 473 0.162095
464 467 2.02619
464 468 0.405238
464 783 0.486285
465 468 2.1275
465 469 0.30393
465 471 0.405238
465 774 0.32419
466 469 1.92488
466 470 1.92488
466 471 0.709168
466 473 0.32419
467 470 0.101309
469 767 0.486285
469 770 0.810476
469 771 0.486285
476 503 0.648381
476 508 0.162095
478 481 0.648381
478 482 0.32419
478 499 0.648381
478 500 0.32419
478 503 0.648381
479 503 0.32419
480 498 0.810476
480 499 0.486285
482 499 3.404
482 500 0.162095
482 684 0.162095
482 685 3.2419
482 711 0.648381
483 498 0.162095
483 499 3.2419
483 500 3.72819
483 501 0.162095
483 515 0.162095
483 522 0.32419
483 685 2.75562
483 730 0.32419
483 800 2.10724
484 497 0.648381
484 498 0.810476
484 522 0.648381
484 685 0.32419
485 496 0.162095
485 497 4.21447
485 498 1.13467
485 685 1.13467
485 686 0.162095
485 690 0.486285
486 495 0.162095
486 496 3.07981
486 497 0.810476
486 525 0.972571
487 494 0.162095
487 495 3.2419
487 496 0.810476
487 498 0.486285
488 492 0.486285
488 493 0.810476
488 494 3.2419
488 495 0.32419
489 492 0.810476
489 494 0.162095
489 496 0.810476
497 501 2.53274
497 502 0.30393
497 505 0.32419
497 521 0.486285
497 522 0.486285
497 525 1.45886
498 501 2.1275
498 502 0.101309
498 685 1.29676
499 502 1.92488
499 503 0.202619
500 503 2.02619
500 504 0.202619
500 512 0.648381
500 514 0.162095
501 504 2.02619
501 505 0.405238
501 522 1.13467
501 526 0.32419
502 505 2.02619
502 506 0.30393
503 506 2.1275
503 507 1.92488
503 508 2.73536
503 509 0.202619
504 509 0.30393
504 510 0.30393
504 512 0.486285
504 526 0.162095
504 760 0.486285
504 761 0.648381
504 762 0.972571
505 525 0.162095
505 526 0.162095
507 762 0.162095
509 762 0.486285
510 762 0.648381
510 767 0.486285
511 759 0.32419
511 760 3.404
511 771 0.162095
512 516 0.32419
512 759 3.2419
512 760 0.32419
514 532 0.32419
515 757 1.78305
515 799 2.75562
515 800 0.32419
516 522 0.32419
516 528 0.162095
516 756 0.162095
516 757 3.72819
516 758 0.32419
516 799 0.162095
516 800 3.2419
517 522 0.810476
517 528 0.32419
517 687 0.810476
517 731 0.162095
517 756 3.07981
517 757 0.32419
517 799 0.32419
517 800 0.810476
518 528 0.810476
518 529 0.162095
518 531 0.162095
518 756 0.486285
518 757 0.486285
518 758 0.32419
519 522 2.43143
519 523 0.202619
519 528 0.162095
519 687 0.162095
520 523 2.02619
520 524 0.30393
521 524 0.30393
521 525 0.101309
521 690 0.486285
522 525 2.02619
522 526 0.30393
522 528 0.486285
522 686 0.162095
522 687 0.32419
522 800 1.29676
523 526 0.30393
523 763 0.32419
524 763 0.648381
525 763 0.162095
526 761 3.2419
526 763 0.648381
527 759 0.162095
527 760 3.07981
527 761 0.972571
528 759 3.2419
528 761 0.162095
529 758 0.648381
529 759 0.810476
529 771 0.162095
529 772 0.648381
529 775 0.32419
530 772 0.162095
530 775 0.162095
531 534 0.162095
531 757 3.2419
531 775 0.162095
531 779 0.648381
532 757 4.37657
532 758 0.810476
532 779 0.810476
532 784 0.648381
533 733 0.162095
533 756 3.07981
533 757 0.162095
533 788 0.648381
534 755 2.91771
534 779 0.32419
535 731 1.78305
535 732 1.13467
535 733 0.32419
535 751 0.32419
535 754 3.404
535 755 3.89028
535 757 0.972571
536 731 3.2419
536 732 0.810476
536 751 0.162095
536 753 3.07981
536 754 0.32419
537 688 0.162095
537 730 3.404
537 731 0.162095
537 751 3.2419
537 752 1.45886
538 729 3.2419
538 730 0.32419
538 732 0.32419
538 735 0.648381
538 748 0.32419
538 749 0.162095
539 665 0.486285
539 666 0.162095
539 671 0.162095
539 727 0.162095
539 728 3.404
539 735 0.162095
539 746 0.162095
539 747 3.404
539 748 0.972571
540 727 3.07981
540 728 0.648381
540 735 0.32419
540 739 0.162095
540 746 3.404
541 661 0.32419
541 720 0.486285
541 726 0.486285
541 727 0.162095
541 745 3.07981
541 746 1.29676
542 661 0.486285
542 744 3.2419
543 743 0.162095
543 744 0.486285
661 670 0.162095
661 678 0.32419
662 670 0.486285
663 668 1.45886
663 671 0.32419
663 678 0.486285
663 748 0.162095
664 667 0.162095
664 668 1.13467
664 748 0.162095
665 668 0.32419
665 671 0.101309
666 671 0.101309
666 672 0.709168
666 692 0.162095
666 701 0.162095
666 752 0.810476
667 672 0.607857
668 671 2.02619
668 672 0.30393
669 672 2.02619
669 673 0.405238
670 678 1.13467
670 680 0.162095
671 674 0.32419
671 678 0.162095
671 680 1.62095
671 701 0.32419
672 698 0.486285
672 701 0.162095
674 680 0.32419
674 700 0.486285
674 704 0.486285
675 678 0.486285
675 704 0.162095
677 726 0.32419
678 704 0.32419
678 726 1.62095
678 727 0.162095
679 704 0.648381
679 708 1.13467
679 725 3.404
679 726 3.72819
680 701 0.972571
680 704 2.10724
680 705 1.29676
680 708 0.162095
680 725 0.486285
680 727 3.404
681 705 0.648381
681 708 0.648381
681 709 0.972571
681 727 0.162095
681 728 3.2419
681 729 0.162095
682 688 0.486285
682 709 4.21447
682 728 0.486285
682 729 0.648381
682 730 0.32419
683 686 0.486285
683 689 0.162095
683 710 3.2419
683 711 0.162095
683 712 0.32419
683 713 0.162095
683 728 0.32419
683 730 0.810476
684 709 0.648381
684 710 0.648381
684 711 0.972571
685 689 0.101309
686 689 2.1275
686 690 0.101309
686 730 0.486285
686 800 0.810476
687 690 2.02619
687 691 0.202619
687 799 0.162095
687 800 1.13467
688 691 2.02619
688 692 0.202619
688 729 0.162095
688 730 0.32419
689 692 2.02619
689 693 0.202619
689 702 0.32419
689 709 0.162095
690 693 2.02619
690 694 0.202619
691 695 1.21571
691 698 0.162095
691 752 0.162095
691 753 1.13467
692 695 0.101309
692 698 0.32419
692 701 0.32419
692 702 0.648381
692 705 0.486285
693 702 1.13467
695 698 3.89028
695 699 0.162095
696 699 0.810476
698 701 2.02619
698 702 0.202619
699 702 2.02619
699 703 0.202619
700 703 1.82357
700 704 0.101309
701 704 2.02619
701 705 0.506546
702 705 1.92488
702 706 0.202619
703 706 0.101309
704 707 1.92488
704 708 0.405238
705 708 2.02619
705 709 0.911784
705 729 0.162095
710 715 0.506546
710 716 0.30393
710 719 0.486285
710 725 0.32419
711 715 0.202619
712 715 2.43143
712 716 0.101309
713 716 2.02619
713 717 0.506546
713 728 0.32419
713 730 0.162095
714 717 2.02619
714 718 0.202619
715 718 2.02619
715 719 0.202619
716 719 2.02619
716 720 0.202619
716 725 0.162095
716 728 0.972571
717 720 2.02619
717 721 0.101309
717 728 0.32419
717 738 0.486285
717 745 0.162095
718 721 2.1275
718 722 1.11441
719 722 1.92488
719 723 2.02619
719 724 2.1275
719 725 2.02619
720 723 0.101309
720 725 0.506546
720 728 0.162095
720 745 0.162095
721 742 1.13467
721 744 1.62095
721 799 0.972571
725 728 0.162095
728 735 0.30393
729 735 0.101309
729 752 0.162095
730 734 0.30393
730 735 0.607857
730 800 0.162095
731 734 2.02619
731 735 0.30393
731 757 0.648381
731 799 0.486285
731 800 0.162095
732 735 1.92488
732 736 0.405238
732 751 0.486285
733 736 1.72226
733 737 0.101309
733 757 0.162095
734 737 2.02619
734 738 0.30393
735 738 2.1275
735 739 0.202619
735 747 0.486285
736 739 1.82357
736 740 0.405238
736 751 0.162095
737 740 2.02619
737 741 0.202619
737 791 0.32419
737 792 0.486285
738 741 2.02619
738 742 0.810476
739 742 0.30393
739 745 0.810476
739 746 0.162095
739 747 0.162095
740 796 2.75562
740 797 0.32419
741 797 4.05238
741 798 2.91771
741 799 0.648381
742 745 0.810476
742 797 0.162095
742 799 0.810476
743 797 0.648381
757 799 0.162095
759 771 0.32419
759 775 0.162095
761 767 0.32419
761 768 0.162095
761 771 0.162095
762 765 0.32419
767 770 2.02619
767 771 0.405238
768 771 2.02619
768 772 0.30393
769 772 2.02619
769 773 0.405238
770 773 2.1275
770 774 0.202619
771 774 2.02619
771 775 0.506546
772 775 2.02619
772 776 0.202619
773 776 2.02619
773 777 0.202619
774 777 2.02619
774 778 0.30393
775 778 2.02619
775 779 0.607857
776 779 2.02619
776 780 0.911784
777 780 2.02619
777 781 0.506546
778 781 2.02619
778 782 1.72226
778 783 2.53274
778 784 0.607857
779 784 0.101309
782 785 2.02619
782 786 0.607857
783 786 2.02619
783 787 0.405238
784 787 2.02619
784 788 0.202619
785 788 2.02619
785 789 0.202619
786 789 2.33012
786 790 0.30393
787 790 2.02619
787 791 0.405238
788 791 1.92488
788 792 2.1275
788 793 0.101309
789 793 0.30393
789 794 0.101309
790 794 0.30393
791 794 0.607857
795 798 0.486285
