nresidues = 885
27 30 0.859375
27 31 0.0390625
27 153 0.3125
27 156 0.1875
28 31 0.898438
28 32 0.273438
28 156 0.5
28 157 0.3125
28 159 0.125
29 32 0.78125
29 33 0.15625
30 33 0.78125
30 34 0.15625
30 79 0.0625
30 83 0.125
30 84 0.0625
30 153 0.0625
31 34 0.78125
31 35 0.117188
31 151 0.0625
31 152 0.1875
31 153 0.0625
31 156 0.0625
31 157 0.0625
31 158 0.0625
31 159 0.0625
32 35 0.859375
32 36 0.15625
32 159 0.3125
33 36 0.78125
33 77 0.125
33 78 0.0625
33 79 0.3125
34 37 0.195312
34 84 0.1875
34 123 0.0625
34 151 0.0625
34 161 0.125
35 159 0.0625
35 160 0.1875
35 161 1.1875
37 73 1.3125
37 74 0.125
37 79 0.0625
37 161 0.0625
37 163 0.0625
38 71 0.0625
38 72 1.25
38 73 0.1875
38 75 0.125
38 163 0.375
39 71 1.25
39 149 0.375
39 163 0.1875
39 164 0.125
39 172 0.125
40 69 0.0625
40 70 1.25
40 71 0.25
40 172 1.25
41 68 0.0625
41 69 1.1875
41 145 0.125
41 172 0.25
41 173 1.25
41 174 0.125
42 68 1.3125
42 69 0.3125
43 46 0.4375
43 66 0.0625
43 67 1.25
43 68 0.0625
43 139 0.125
43 176 0.0625
43 180 0.1875
44 67 1.375
44 68 0.0625
44 69 0.125
44 180 0.0625
45 48 0.125
45 51 0.3125
45 66 1.3125
45 67 0.125
46 65 0.0625
46 66 0.1875
46 138 0.375
46 139 0.4375
46 140 0.125
46 180 0.25
47 50 1.875
47 51 0.125
47 65 1.125
47 179 0.0625
47 182 0.0625
47 183 0.1875
47 184 0.25
47 185 0.125
48 51 1.25
48 52 1.0625
48 53 0.375
48 55 0.0625
48 65 1.25
48 67 0.0625
49 53 0.125
49 55 0.0625
50 184 0.375
50 185 0.625
53 65 0.0625
53 67 0.0625
54 57 1.5
54 58 0.125
55 58 1.25
55 59 1.0625
55 60 0.25
55 63 0.4375
55 64 0.125
55 65 0.375
56 59 0.0625
56 559 0.125
56 560 1.25
56 561 0.25
58 95 0.0625
58 134 0.0625
58 561 1.0625
59 136 0.0625
59 549 0.125
59 560 0.1875
59 561 0.0625
60 63 0.125
60 64 0.125
60 95 0.0625
60 136 0.3125
60 549 0.0625
60 559 1.125
60 560 0.125
61 64 0.1875
61 136 0.125
61 137 0.5
61 547 0.0625
61 548 1.5625
61 549 0.4375
61 559 0.0625
62 547 0.4375
62 548 0.5
62 558 1.3125
62 559 0.125
63 558 0.125
64 136 1.25
64 137 1.25
64 138 0.125
65 134 0.125
65 135 1.25
65 136 0.0625
65 137 1.25
66 133 0.0625
66 134 1.3125
66 135 0.5
66 136 0.125
66 137 0.3125
66 138 0.125
66 139 0.1875
67 133 1.25
67 134 0.0625
68 132 1.1875
68 133 0.1875
68 139 0.0625
68 145 0.0625
69 130 0.125
69 131 1.3125
69 132 0.0625
70 129 0.0625
70 130 1.25
70 131 0.5625
70 133 0.0625
70 149 0.0625
71 128 0.0625
71 129 1.25
72 123 0.0625
72 128 1.3125
72 129 0.25
72 161 0.0625
73 127 1.1875
73 128 0.0625
74 77 0.25
74 79 0.0625
74 123 0.125
74 124 0.25
74 125 1.1875
74 126 1.1875
74 127 0.1875
76 125 1.25
77 124 0.0625
77 125 0.25
78 123 1.3125
78 124 0.0625
79 120 0.0625
79 122 1.25
79 123 0.1875
80 121 0.0625
80 122 0.0625
81 84 0.3125
81 120 0.0625
82 116 0.125
82 117 0.3125
82 118 0.0625
82 120 0.0625
83 153 0.375
83 154 0.0625
84 102 0.0625
84 114 0.0625
84 115 0.0625
84 116 0.5625
84 120 0.125
84 123 0.0625
84 152 1.3125
85 113 0.125
85 114 1.25
85 115 0.125
85 151 1.1875
85 152 0.5
86 112 0.0625
86 113 1.3125
86 114 0.3125
86 149 0.0625
86 150 1.3125
87 107 0.0625
87 111 0.0625
87 112 1.3125
87 149 1.25
87 150 0.6875
87 152 0.1875
87 400 0.1875
88 110 0.0625
88 111 1.25
88 112 0.375
88 149 0.5
89 110 1.875
89 111 0.125
89 146 0.1875
89 410 0.25
89 411 0.375
89 412 0.1875
89 413 0.125
90 110 0.25
90 112 0.0625
91 144 0.125
91 682 0.0625
92 112 0.3125
92 136 0.25
92 137 0.1875
92 138 0.3125
92 139 0.1875
92 683 0.125
93 106 0.25
93 112 0.375
93 135 1.25
93 136 0.1875
93 494 0.5
93 544 0.1875
94 104 0.125
94 134 1.3125
95 134 1.25
95 135 0.125
95 136 0.125
96 133 1.3125
96 134 0.375
97 102 0.0625
97 103 0.0625
97 104 0.1875
97 132 1.1875
98 132 0.25
99 102 0.5625
99 130 0.1875
100 117 0.3125
100 119 0.125
101 116 1.25
101 117 0.5
101 119 0.25
101 120 0.5
101 121 0.1875
102 114 0.0625
102 115 1.375
102 117 0.25
102 120 0.25
102 123 0.0625
102 129 0.125
102 131 0.3125
103 113 0.0625
103 114 1.25
103 115 0.3125
103 116 0.0625
103 117 0.0625
104 113 1.3125
104 114 0.0625
104 133 0.0625
105 112 1.375
105 113 0.1875
106 109 0.25
106 111 1.3125
106 112 0.5
106 494 0.25
107 111 1.25
107 402 0.0625
108 111 0.1875
108 409 0.0625
108 411 0.0625
108 453 0.0625
108 494 1.25
108 495 0.3125
109 411 0.3125
109 493 0.1875
109 494 0.1875
109 495 0.1875
110 146 0.0625
110 411 0.875
110 412 0.125
111 410 0.125
111 411 0.0625
116 120 0.1875
117 120 0.125
120 123 0.25
123 129 0.0625
124 127 0.125
124 129 0.0625
135 139 0.0625
136 549 0.3125
138 183 0.5625
138 683 0.25
139 144 0.375
139 145 0.4375
139 176 0.125
139 683 0.25
140 144 0.0625
140 176 0.1875
140 181 0.25
140 182 0.1875
140 183 0.125
140 677 0.0625
140 683 0.3125
140 687 0.1875
141 144 0.25
141 672 0.1875
141 674 0.0625
141 676 0.1875
141 677 1.1875
141 679 0.125
141 683 0.3125
141 687 0.0625
142 145 0.25
142 169 0.375
142 170 0.3125
142 173 0.3125
142 174 0.1875
142 175 0.125
142 176 0.1875
142 677 0.25
142 678 0.3125
143 169 0.0625
143 679 0.0625
143 680 0.4375
143 681 0.1875
143 739 0.3125
144 683 0.4375
145 169 0.125
145 173 0.125
146 149 0.125
146 172 0.25
146 741 0.0625
147 164 1.4375
147 166 0.125
147 172 0.125
147 413 0.25
147 741 0.25
148 160 0.1875
148 164 0.3125
148 165 0.4375
148 166 0.25
148 167 0.375
148 413 0.3125
148 414 0.25
148 415 0.0625
149 160 1.375
149 161 0.125
149 164 0.125
150 158 0.0625
150 159 1.375
150 160 0.125
150 400 0.4375
150 410 0.0625
150 416 0.5
151 158 1.25
151 159 0.1875
152 158 0.0625
153 156 0.125
158 416 0.0625
160 165 0.3125
160 416 0.125
161 164 1.4375
162 165 0.125
163 166 0.0625
163 171 0.25
163 172 0.0625
166 171 0.25
166 172 0.125
167 741 0.4375
167 745 0.25
168 171 0.1875
169 172 1.375
169 173 0.25
176 180 0.4375
176 677 0.1875
177 180 0.5
178 181 0.125
179 182 0.375
181 189 0.1875
181 191 0.125
181 677 0.0625
181 687 0.0625
182 187 0.25
183 187 0.125
183 687 0.125
183 712 0.1875
183 713 0.5625
184 187 0.125
187 687 0.4375
187 713 1.3125
188 713 1.25
188 714 0.125
188 715 0.125
189 687 0.5
189 712 0.25
189 713 0.375
189 714 0.0625
190 675 0.125
191 196 0.117188
191 675 1.25
191 677 0.0625
192 196 0.15625
192 197 0.195312
192 200 0.125
192 674 0.125
192 675 0.1875
192 676 0.125
193 196 0.898438
193 197 0.195312
193 882 0.0625
194 197 0.859375
194 198 0.078125
194 822 1.25
194 823 1.3125
194 882 0.1875
194 883 0.1875
194 884 0.0625
195 198 0.703125
195 199 0.0390625
195 823 0.0625
196 199 0.78125
196 200 0.078125
197 200 0.898438
197 201 0.234375
197 674 0.5625
197 820 0.3125
197 821 0.1875
197 822 0.0625
197 880 0.0625
197 882 0.375
198 201 0.78125
198 202 0.078125
198 822 0.1875
198 823 0.125
198 824 0.3125
198 831 0.4375
198 833 0.625
199 202 0.078125
200 203 0.0390625
200 692 0.0625
201 204 0.15625
201 821 0.0625
201 833 0.6875
201 834 0.4375
201 835 0.125
202 833 0.0625
203 692 0.4375
203 791 0.0625
204 692 0.0625
204 794 0.125
204 795 0.1875
204 834 0.0625
204 835 0.1875
205 795 0.0625
205 799 0.1875
205 837 0.125
206 799 0.25
206 803 0.125
206 837 0.0625
207 212 0.0625
207 799 0.4375
207 803 0.25
208 211 1.1875
209 212 1.25
210 213 0.0625
211 215 0.125
211 796 0.125
212 215 0.3125
212 799 0.0625
212 803 0.125
213 225 0.0625
213 226 0.25
213 227 0.3125
213 228 0.125
213 229 0.375
213 327 0.25
214 225 0.0625
214 317 0.1875
214 327 0.0625
214 329 0.0625
215 317 0.1875
215 796 0.125
215 800 0.0625
215 804 0.3125
216 219 0.0625
216 220 0.3125
216 313 0.1875
216 316 0.25
216 317 0.1875
217 316 0.125
217 366 0.0625
217 797 0.0625
217 800 0.0625
217 804 0.0625
218 366 0.125
218 367 0.0625
218 758 0.125
218 759 0.375
218 762 0.25
219 759 0.375
219 762 0.125
219 763 0.6875
220 332 1.0625
220 333 0.5625
221 332 1.25
221 333 0.1875
221 334 0.0625
222 331 1.25
222 332 0.25
223 330 1.3125
224 329 1.25
224 330 0.3125
225 327 0.0625
225 328 1.3125
225 329 0.0625
226 328 0.6875
226 329 0.3125
226 330 0.25
227 328 0.0625
228 294 0.1875
228 327 1.125
228 328 0.5
229 294 0.25
229 326 1.5625
229 327 0.0625
230 267 0.1875
230 293 0.0625
230 324 0.0625
230 325 1.3125
230 326 0.1875
231 324 1.1875
231 325 0.3125
232 235 0.125
232 236 0.0625
232 260 0.0625
232 267 0.125
232 324 1.3125
232 326 0.0625
233 323 0.125
234 263 0.25
235 261 1.3125
235 266 1.3125
235 267 0.125
236 255 0.0625
236 260 0.0625
236 261 0.125
236 262 1.3125
236 263 1.3125
236 266 0.125
236 267 1.375
236 269 0.125
237 263 0.125
237 264 0.125
237 266 0.0625
237 267 0.1875
237 268 1.1875
237 269 0.125
238 255 0.125
238 269 1.3125
239 269 0.125
239 270 1.125
239 271 0.375
240 243 0.25
240 248 0.1875
240 252 0.0625
240 311 0.0625
242 271 0.4375
242 272 0.1875
242 273 0.125
242 304 0.1875
242 307 0.0625
243 304 0.3125
243 307 0.0625
244 247 0.78125
244 248 0.0390625
244 304 0.1875
245 248 0.820312
245 249 0.3125
246 249 0.78125
246 250 0.078125
246 437 0.1875
247 250 0.742188
247 251 0.0390625
247 437 0.125
247 439 0.0625
248 251 0.78125
248 252 0.117188
249 252 0.78125
249 253 0.195312
250 253 0.78125
250 254 0.078125
250 308 0.125
250 437 0.0625
250 438 0.1875
251 254 0.78125
251 255 0.195312
252 255 0.742188
252 256 0.0390625
252 262 0.0625
253 256 0.820312
253 257 0.078125
254 257 0.78125
254 258 0.078125
254 312 0.125
254 315 0.25
254 365 0.1875
255 258 0.78125
255 259 0.742188
255 260 1.01562
255 269 0.0625
255 315 0.5625
256 259 0.0390625
256 260 0.0390625
257 811 0.125
258 315 0.125
258 318 0.0625
258 808 0.125
263 266 0.0625
267 292 0.125
267 293 0.25
267 294 0.0625
267 295 0.4375
267 296 0.625
267 297 0.25
268 295 0.125
268 296 1.375
268 297 0.125
269 297 1.3125
269 311 0.0625
269 314 0.0625
270 296 0.0625
270 297 0.25
270 298 1.25
270 299 0.125
271 299 1.25
271 307 0.125
272 299 0.125
272 300 1.3125
272 301 0.125
272 307 0.0625
273 301 1.25
273 302 0.125
273 303 0.125
273 304 0.0625
273 307 0.0625
274 277 0.5
274 278 0.125
274 300 0.0625
274 301 0.125
274 302 1.0625
275 278 0.25
275 302 0.4375
276 279 0.125
278 282 0.1875
278 283 0.25
278 287 0.0625
278 288 0.125
278 300 0.0625
278 301 0.25
278 302 0.1875
279 282 1.25
279 283 0.125
280 283 0.1875
281 284 0.125
282 287 0.0625
282 332 0.0625
282 333 0.125
283 302 0.0625
284 287 0.125
284 302 0.5
285 302 0.0625
285 303 0.6875
285 305 0.125
285 335 0.125
286 303 0.0625
286 305 0.0625
286 306 0.1875
286 309 0.125
286 762 0.0625
287 301 1.1875
287 302 0.125
287 306 0.0625
287 333 1.25
287 334 0.0625
288 300 1.3125
288 306 0.1875
288 309 0.25
288 310 0.25
288 313 0.1875
288 332 1.1875
288 333 0.8125
289 298 0.0625
289 299 1.25
289 300 0.1875
289 331 1.1875
290 298 1.1875
290 299 0.0625
290 314 0.125
290 329 0.0625
290 330 1.25
290 331 0.25
291 297 1.3125
291 298 0.25
291 329 1.1875
291 330 0.3125
292 296 1.125
292 317 0.0625
292 326 0.0625
292 327 0.125
292 328 1.4375
292 329 0.25
293 296 0.1875
293 328 0.25
299 307 0.125
299 310 0.0625
300 307 0.0625
301 306 0.0625
301 307 0.0625
303 306 0.78125
303 307 0.078125
304 307 0.78125
304 308 0.078125
304 439 0.0625
305 308 0.859375
305 309 0.273438
305 439 0.1875
306 309 0.78125
306 310 0.0390625
307 310 0.742188
307 311 0.117188
308 311 0.78125
308 312 0.234375
308 437 0.0625
308 438 0.125
308 439 0.1875
309 312 0.78125
309 313 0.117188
309 340 0.1875
309 367 0.6875
309 369 0.0625
309 439 0.125
309 762 0.0625
310 313 0.78125
310 314 0.0390625
311 314 0.78125
311 315 0.15625
312 315 0.859375
312 316 0.117188
312 364 0.125
312 365 0.125
313 316 0.898438
313 317 0.078125
313 367 0.125
314 317 0.78125
314 318 0.0390625
315 318 0.117188
315 808 0.125
316 804 0.4375
316 805 0.0625
316 808 0.1875
317 326 0.25
317 329 0.0625
318 804 0.125
318 808 0.1875
319 323 0.0625
319 325 0.125
320 804 0.25
320 807 0.125
333 762 0.625
334 762 0.4375
335 340 0.1875
335 762 1.6875
336 700 0.0625
336 760 0.25
336 761 1.1875
336 762 0.3125
336 763 0.375
336 764 0.4375
336 768 0.5
337 340 0.1875
337 700 0.0625
337 728 0.25
337 729 1.3125
337 730 0.125
337 761 0.125
338 369 0.25
338 370 0.0625
338 729 1.375
339 369 0.125
339 370 0.5
339 443 0.125
339 613 0.3125
339 660 0.125
339 729 0.25
339 730 1.25
339 731 0.125
340 367 0.1875
340 368 1.4375
340 369 2.1875
340 370 0.125
340 731 1.1875
340 761 0.5
340 762 0.25
341 370 1.25
341 731 0.125
341 732 1.3125
342 368 0.0625
342 370 0.0625
342 371 1.25
342 372 0.1875
342 733 1.1875
343 372 1.75
343 374 0.375
343 445 0.0625
343 615 0.0625
343 733 0.1875
343 734 1.75
343 735 0.3125
343 736 0.5625
344 371 0.0625
344 372 0.0625
344 373 1.0625
344 374 0.1875
344 735 1.25
344 746 0.0625
345 348 0.5
345 349 0.0625
345 351 0.0625
345 374 1.1875
345 735 0.125
345 736 0.4375
345 737 0.3125
346 349 1.375
346 350 0.125
346 373 0.0625
346 374 1.125
346 382 0.5
347 376 0.1875
347 377 0.0625
347 379 1.1875
347 380 0.125
347 382 0.3125
347 398 0.0625
348 377 0.75
348 379 0.3125
348 398 0.25
348 412 0.375
348 451 0.125
348 493 0.125
348 736 0.125
348 737 0.0625
348 738 0.25
349 382 0.0625
349 398 0.0625
349 412 0.0625
349 414 0.25
349 419 0.4375
349 737 0.375
349 738 0.125
349 740 0.0625
350 382 0.1875
350 419 0.1875
350 421 0.4375
350 422 0.25
350 423 0.3125
350 743 0.0625
351 423 0.125
351 737 0.25
351 740 0.125
351 742 0.1875
351 743 0.625
351 746 0.1875
352 355 0.78125
352 356 0.078125
352 423 0.0625
352 743 0.1875
353 356 0.78125
353 357 0.15625
353 423 0.0625
353 427 0.3125
353 430 0.3125
354 357 0.78125
354 358 0.390625
355 358 0.898438
355 359 0.078125
355 743 0.1875
356 359 0.78125
356 360 0.15625
356 371 0.0625
357 360 0.78125
357 361 0.15625
357 434 0.5
358 361 0.742188
358 362 0.078125
358 747 0.3125
358 812 0.125
358 813 0.125
359 362 0.78125
359 363 0.117188
359 371 0.0625
359 751 0.0625
360 363 0.78125
360 364 0.078125
360 371 0.0625
360 434 0.0625
360 438 0.125
360 440 0.125
361 364 0.78125
361 365 0.078125
361 434 0.3125
361 438 0.3125
362 365 0.78125
362 366 0.195312
362 751 0.1875
362 809 0.125
363 366 0.742188
363 367 0.78125
363 368 0.195312
363 370 0.125
363 440 0.0625
364 367 0.0390625
364 438 0.1875
366 755 0.4375
366 758 0.125
366 805 0.3125
367 762 0.375
368 440 0.0625
368 758 0.1875
368 761 0.0625
369 439 0.125
369 440 1.375
369 441 0.125
370 440 0.0625
370 441 1.4375
371 440 0.0625
371 441 0.1875
371 442 1.25
371 443 0.25
372 443 1.25
372 445 0.3125
372 534 0.375
372 615 0.0625
372 636 0.125
373 423 0.1875
373 428 0.125
373 443 0.1875
373 444 1.1875
373 445 0.1875
374 377 0.3125
374 445 1.5
374 447 0.125
374 736 0.1875
375 381 1.1875
375 382 0.1875
375 445 0.125
376 380 1.25
376 381 0.125
376 446 0.25
377 380 0.0625
377 451 2.0625
377 453 1.0625
377 454 0.125
378 408 0.0625
378 450 0.0625
378 451 0.4375
378 452 0.125
378 453 1.5
378 454 0.125
378 495 0.3125
378 499 0.375
379 398 0.3125
379 408 0.125
379 411 0.0625
379 412 0.4375
379 454 0.0625
379 495 0.125
380 395 1.25
380 454 0.25
381 391 0.75
381 395 1.25
381 396 0.0625
381 446 0.1875
381 455 0.0625
381 511 0.0625
382 396 0.125
382 398 0.0625
382 420 0.1875
382 421 0.3125
382 422 1.4375
382 423 0.3125
383 392 0.1875
383 423 1.25
383 428 0.1875
384 392 0.0625
384 423 0.125
384 424 0.4375
384 425 0.125
384 522 0.0625
385 388 0.25
385 391 0.0625
385 518 0.0625
385 519 0.0625
386 425 0.125
386 514 0.1875
386 518 0.1875
387 462 0.1875
388 391 0.195312
388 462 0.125
388 478 0.1875
388 514 0.0625
389 392 0.78125
389 393 0.273438
389 462 0.0625
390 393 0.703125
390 394 0.820312
390 458 0.25
390 462 0.75
390 465 0.3125
391 394 0.703125
391 395 0.78125
391 455 0.0625
391 458 0.1875
392 395 0.742188
392 396 0.078125
392 422 0.375
393 397 0.117188
393 406 0.0625
394 397 0.117188
394 405 0.0625
394 406 0.0625
394 407 1.0625
394 408 0.0625
394 458 0.125
395 408 0.0625
395 458 0.0625
396 420 1.1875
396 421 0.125
397 406 0.1875
397 407 1.3125
397 408 0.1875
397 418 0.125
397 419 1.3125
398 407 0.1875
398 408 1.3125
398 409 0.1875
398 410 0.125
398 411 0.3125
398 412 0.125
398 414 0.0625
398 417 0.0625
398 418 1.1875
398 419 0.5
399 407 0.4375
399 408 0.0625
399 409 1.125
399 410 0.3125
399 416 1.25
399 417 0.125
399 418 0.0625
400 410 0.0625
400 416 0.125
401 404 0.4375
401 405 0.25
401 406 0.3125
401 409 0.0625
402 409 0.0625
404 407 0.3125
404 408 0.3125
404 409 0.3125
404 453 0.5
404 457 0.0625
408 454 0.125
408 457 0.125
410 415 0.0625
411 495 0.1875
412 738 0.4375
412 741 0.125
413 741 0.0625
414 419 0.6875
414 741 0.3125
423 427 0.195312
424 427 1.01562
424 428 0.078125
425 428 0.78125
425 429 0.195312
425 521 0.0625
425 522 0.1875
425 525 0.5625
426 429 0.820312
426 430 0.234375
427 430 0.78125
427 431 0.15625
428 431 0.78125
428 432 0.234375
428 444 0.0625
428 519 0.0625
428 522 0.0625
428 523 0.375
429 432 0.78125
429 433 0.234375
429 522 0.0625
429 525 0.0625
429 526 0.125
430 433 0.820312
430 434 0.078125
431 434 0.78125
431 435 0.078125
432 435 0.78125
432 436 0.078125
432 523 0.3125
432 526 0.125
432 528 0.125
433 436 0.78125
433 437 0.0390625
433 526 0.0625
434 437 0.703125
434 438 1.05469
435 438 0.78125
435 439 0.742188
435 440 0.9375
435 442 0.0625
435 528 0.0625
436 439 0.078125
436 528 0.4375
440 528 0.25
441 528 0.3125
441 531 0.125
441 532 0.125
442 523 0.0625
442 528 0.1875
443 532 0.125
443 534 0.0625
444 532 0.0625
444 533 1.0625
444 534 0.1875
445 534 1.8125
445 535 0.0625
445 536 0.0625
445 615 0.3125
446 533 0.125
446 535 0.125
447 450 1.25
447 451 0.25
447 535 1.1875
447 536 0.25
447 538 0.3125
448 512 0.125
448 535 0.4375
448 536 1.125
448 537 0.0625
448 596 0.0625
449 499 0.0625
449 500 1.1875
449 501 0.1875
449 571 0.1875
450 499 1.25
450 538 0.0625
450 539 0.0625
450 540 0.125
451 493 0.125
451 499 1.0625
451 538 0.3125
451 539 0.3125
452 455 0.78125
452 456 0.117188
452 499 1.3125
453 456 0.78125
453 457 0.234375
453 495 0.25
453 498 0.3125
453 499 0.125
454 457 0.664062
454 458 0.15625
455 458 0.78125
455 459 0.117188
455 480 0.25
456 459 0.78125
456 460 0.117188
456 480 0.125
456 481 0.0625
456 498 0.1875
456 500 0.0625
456 501 0.125
457 460 0.78125
457 461 0.078125
458 461 0.78125
458 462 0.078125
459 462 0.898438
459 463 0.078125
459 478 0.25
459 480 0.0625
459 511 0.0625
460 463 0.78125
460 464 0.15625
460 479 0.625
460 481 0.25
461 464 0.78125
461 465 0.078125
462 465 0.78125
462 466 0.273438
463 466 0.742188
463 467 0.234375
463 472 0.3125
463 475 0.4375
463 476 0.125
463 479 0.5
464 467 0.78125
464 468 0.078125
465 468 0.742188
466 469 0.78125
466 470 0.703125
466 471 0.195312
466 474 0.3125
466 475 0.25
467 470 0.0390625
467 472 0.273438
471 474 0.78125
471 475 0.078125
472 475 0.820312
472 476 0.273438
473 476 0.742188
473 477 0.078125
474 477 0.0390625
476 479 0.125
476 507 0.0625
476 510 0.0625
477 507 0.25
477 510 0.625
478 507 0.0625
478 510 0.3125
478 511 0.0625
478 514 0.125
479 483 0.0625
479 505 0.0625
479 507 0.25
480 501 1.1875
480 502 0.125
480 505 0.125
480 508 0.125
480 511 0.125
481 505 0.1875
482 485 0.125
482 502 0.0625
482 574 0.4375
482 575 0.0625
482 576 0.1875
484 573 0.0625
484 574 0.0625
484 575 0.25
485 497 0.1875
485 573 1.5
485 574 0.25
486 497 0.3125
486 573 0.375
487 496 0.0625
487 497 0.375
487 568 0.3125
487 570 0.0625
487 571 0.1875
487 572 0.125
487 573 0.3125
488 496 0.1875
488 542 0.0625
488 566 0.375
488 567 1.5
488 568 0.5
489 495 0.0625
489 496 1.5625
489 497 0.125
489 500 0.3125
489 542 0.625
489 568 0.1875
489 570 0.0625
490 494 0.125
490 495 1.1875
490 496 0.0625
490 500 0.1875
490 541 0.0625
490 542 1.375
490 543 0.1875
490 544 0.1875
491 494 0.125
491 495 0.4375
491 499 0.0625
491 500 0.125
491 543 0.25
492 539 0.1875
492 541 0.0625
492 543 0.125
494 543 0.125
495 499 0.0625
496 499 0.125
496 500 0.125
497 500 0.3125
500 541 0.25
500 570 0.1875
500 571 0.1875
501 571 0.25
502 505 0.25
502 508 0.1875
502 571 0.125
502 574 0.125
502 577 0.1875
503 571 0.375
503 595 0.0625
503 596 0.375
504 576 0.3125
504 577 0.3125
504 580 0.3125
504 592 0.0625
505 508 0.820312
505 576 0.0625
506 509 0.78125
506 510 0.195312
507 510 0.976562
507 511 0.078125
508 511 0.78125
508 512 0.117188
509 512 0.78125
509 513 0.078125
509 599 0.1875
509 603 0.0625
510 513 0.78125
510 514 0.078125
511 514 0.78125
511 515 0.15625
512 515 0.820312
512 516 0.195312
513 516 0.78125
513 517 0.0390625
513 603 0.125
513 607 0.375
514 517 0.742188
514 518 0.273438
515 518 0.742188
515 519 0.195312
516 519 0.742188
516 520 0.078125
516 533 0.25
516 604 0.0625
516 607 0.25
517 520 0.78125
517 521 0.078125
517 607 0.125
518 521 0.742188
518 522 0.078125
519 522 0.78125
519 523 0.195312
519 530 0.125
519 533 0.0625
520 523 0.78125
520 524 0.15625
520 530 0.0625
521 524 0.78125
521 525 0.351562
522 525 0.78125
522 526 0.078125
523 526 0.78125
523 527 0.742188
523 528 0.976562
523 529 0.0390625
523 530 0.273438
524 527 0.0390625
530 609 0.0625
531 609 0.125
531 610 1.0625
531 611 0.1875
532 609 0.0625
532 611 1.625
532 612 0.0625
532 613 0.0625
533 604 0.25
533 612 1.375
533 613 0.125
534 613 2.25
534 614 0.375
534 615 0.125
534 636 0.25
535 593 0.0625
535 596 0.1875
535 597 0.1875
535 600 0.125
535 612 0.0625
535 613 0.125
535 614 0.0625
536 614 1.3125
536 615 0.4375
537 617 1.0625
537 618 0.125
538 615 0.3125
538 617 0.4375
539 617 0.0625
539 638 0.125
540 593 0.0625
541 570 0.1875
542 545 0.125
542 567 0.375
542 568 0.25
543 546 0.0625
543 549 0.125
544 549 0.3125
544 562 0.125
544 564 0.25
544 567 0.375
545 564 0.0625
545 567 0.0625
545 569 0.0625
546 549 0.125
547 559 0.25
548 559 1.375
548 560 0.0625
549 560 1.375
549 562 0.0625
549 564 0.1875
550 554 0.0390625
550 555 0.234375
550 556 0.15625
550 559 0.125
550 560 0.25
550 561 1.3125
550 562 0.25
550 564 0.125
551 554 0.78125
551 555 0.117188
551 562 1.25
551 563 0.3125
551 564 0.375
552 555 0.117188
552 561 0.0625
552 562 0.1875
555 561 0.125
556 559 0.375
563 566 0.0625
563 567 0.0625
564 567 0.3125
568 573 0.125
569 572 0.125
569 590 0.5625
571 574 0.1875
571 577 0.078125
571 589 0.1875
571 592 0.0625
572 578 0.0390625
572 589 0.0625
573 578 0.0390625
574 577 0.898438
574 578 0.15625
575 578 0.820312
575 579 0.117188
576 579 0.742188
576 580 0.0390625
577 580 0.78125
577 581 0.117188
577 589 0.1875
578 581 0.78125
578 582 0.078125
579 582 0.78125
579 583 0.117188
580 583 0.78125
580 584 0.664062
580 585 0.78125
580 586 0.078125
580 592 0.0625
580 595 0.25
581 584 0.0390625
581 586 0.195312
581 587 0.0390625
581 588 0.15625
581 589 0.117188
585 595 0.3125
586 591 0.0625
586 592 0.0625
588 591 1.09375
589 592 0.195312
590 593 0.0390625
590 620 0.0625
590 621 0.0625
591 594 0.78125
591 595 0.078125
591 621 0.125
592 595 0.820312
592 596 0.078125
593 596 0.78125
593 597 0.0390625
593 618 1.25
594 597 0.742188
594 598 0.15625
594 618 0.3125
594 619 0.25
594 620 0.125
594 621 0.4375
595 598 0.78125
595 599 0.3125
596 599 0.78125
596 600 0.195312
597 600 0.78125
597 601 0.117188
597 612 0.125
597 628 0.125
598 601 0.859375
598 602 0.0390625
598 622 0.125
598 627 0.125
598 628 0.1875
599 602 0.820312
599 603 0.0390625
600 603 0.78125
600 604 0.15625
600 612 0.0625
601 604 0.820312
601 605 0.078125
601 612 0.125
601 628 0.375
601 629 0.3125
601 630 0.0625
602 605 0.78125
602 606 0.078125
602 629 0.125
603 606 0.78125
603 607 0.117188
604 607 0.78125
604 608 0.664062
604 609 1.01562
604 630 0.0625
605 608 0.703125
605 609 0.078125
605 610 0.195312
605 629 0.25
609 630 0.0625
610 630 1.75
610 631 1.5625
610 632 0.1875
611 630 0.0625
611 632 1.9375
611 634 0.0625
611 658 0.3125
611 729 0.125
612 632 0.0625
612 633 1.3125
612 634 0.125
613 634 1.375
613 636 0.3125
614 619 0.125
614 634 0.0625
614 635 1.3125
614 636 0.0625
615 618 0.0625
615 636 1.3125
615 638 0.125
615 736 0.1875
616 619 1.25
616 635 0.0625
616 636 0.125
616 637 0.25
616 638 0.25
616 639 0.125
616 652 0.625
617 620 0.25
617 638 0.375
619 622 0.125
619 628 0.1875
619 633 0.0625
619 652 0.1875
620 652 0.0625
622 628 0.125
622 657 0.0625
623 626 0.0625
623 655 0.0625
624 627 0.125
624 628 0.125
624 655 1.25
624 657 0.375
625 628 0.375
625 655 0.1875
625 656 0.3125
628 633 0.1875
628 657 0.125
630 633 0.0625
632 658 0.75
632 729 0.1875
633 657 1.5625
633 658 0.125
634 658 1.1875
635 652 0.0625
635 658 0.125
635 659 1.1875
635 660 0.25
636 660 1.25
636 662 0.3125
637 645 0.125
637 648 0.25
637 649 0.4375
637 652 0.125
637 659 0.0625
637 660 0.125
637 661 1.0625
637 662 1.375
637 663 0.0625
638 664 0.25
638 668 0.125
638 684 0.125
639 643 0.273438
639 648 0.125
639 663 0.25
639 664 0.0625
640 643 0.820312
640 644 0.703125
640 645 0.0390625
640 664 0.0625
640 665 0.6875
641 644 0.78125
641 645 0.078125
641 646 0.195312
641 663 0.0625
641 665 0.1875
641 666 0.125
641 702 0.125
641 705 0.125
642 665 0.125
642 685 0.3125
642 711 0.25
642 712 0.1875
642 717 0.125
643 646 0.0390625
643 648 0.0390625
644 647 0.78125
644 648 0.117188
645 648 0.78125
645 649 0.117188
646 650 0.0390625
646 718 0.125
646 719 0.5
646 720 0.125
646 721 0.0625
647 650 0.195312
647 721 0.3125
647 723 0.625
648 651 0.78125
648 652 0.078125
649 652 0.742188
649 659 0.0625
649 702 0.125
649 725 0.125
650 653 0.78125
650 654 0.273438
650 721 0.1875
650 723 0.375
650 724 0.25
650 725 0.1875
650 771 0.125
651 654 0.742188
651 655 0.117188
651 723 0.3125
652 655 0.78125
652 656 0.664062
652 657 0.3125
652 659 0.125
653 656 0.0390625
653 657 0.0390625
653 725 0.0625
653 726 0.125
654 724 0.25
654 726 0.125
658 729 0.5625
659 728 1.25
659 729 1.25
659 730 0.0625
660 730 1.25
660 732 0.0625
661 697 0.125
661 699 0.0625
661 702 0.125
661 728 0.0625
661 730 0.1875
661 731 1.3125
661 732 0.125
662 667 0.117188
662 668 0.078125
662 732 0.0625
662 734 0.25
663 666 0.742188
663 667 0.078125
663 668 0.0390625
663 697 0.0625
663 702 0.0625
664 667 0.664062
664 668 0.3125
664 671 0.25
664 684 0.1875
665 685 0.0625
665 686 0.1875
665 689 0.0625
665 693 0.125
666 689 0.1875
666 693 0.125
666 694 0.0625
666 697 0.6875
666 705 0.0625
666 709 0.3125
666 717 0.0625
667 732 0.125
667 733 1.25
667 734 0.0625
668 671 0.25
668 684 0.0625
668 734 1.5
668 736 0.375
669 733 0.25
669 734 1.25
669 735 0.1875
669 749 0.25
669 750 0.1875
669 753 0.25
670 681 1.1875
670 682 0.125
670 734 0.0625
670 736 0.375
670 740 0.0625
670 749 0.1875
671 680 1.0625
671 682 1.5
671 684 0.5625
671 685 0.1875
671 686 0.0625
671 749 0.0625
671 753 0.25
672 680 0.125
672 682 0.125
672 687 0.1875
672 688 1.25
672 689 0.1875
672 753 0.1875
673 688 0.25
673 689 1.125
673 690 0.125
673 691 0.125
673 748 0.1875
673 749 0.1875
673 750 0.0625
673 751 0.1875
673 752 0.125
673 753 1
673 817 1.0625
674 679 0.1875
674 688 0.125
674 817 0.1875
674 880 0.0625
675 687 0.0625
675 688 0.0625
676 679 0.1875
676 880 0.1875
676 882 0.0625
679 748 0.3125
679 817 0.375
679 880 0.25
680 739 0.1875
680 740 0.125
680 741 0.0625
680 745 0.6875
680 749 0.375
681 749 0.0625
682 738 0.5
682 739 0.0625
683 686 0.3125
684 712 0.0625
686 689 0.0625
686 693 0.1875
686 712 0.0625
687 712 0.25
687 713 0.0625
688 693 0.117188
689 693 0.195312
689 753 0.3125
690 693 0.859375
690 694 0.117188
691 694 0.78125
691 695 0.078125
691 752 0.125
691 753 0.125
691 756 0.3125
691 794 0.4375
691 836 0.0625
692 695 0.78125
692 696 0.15625
692 794 0.8125
693 696 0.78125
694 697 0.078125
694 756 0.25
694 757 0.0625
695 756 0.125
695 759 0.0625
695 760 0.625
695 767 0.1875
695 793 0.5
695 794 0.625
695 797 0.375
696 705 0.0625
696 767 0.25
696 790 0.0625
697 705 0.5625
697 731 0.0625
697 760 0.1875
698 701 1.1875
698 702 0.0625
698 704 0.1875
698 705 0.25
698 768 0.0625
699 702 0.125
699 760 0.125
699 768 0.0625
700 725 0.375
700 727 0.25
700 728 0.125
701 704 0.273438
701 705 0.0390625
701 769 0.3125
701 770 0.125
701 771 0.25
701 777 0.125
702 705 0.234375
703 706 0.078125
703 719 0.1875
703 777 0.5
704 707 0.742188
704 708 0.0390625
704 767 0.1875
704 768 0.3125
704 769 0.25
704 777 0.5625
704 785 0.125
705 708 0.859375
705 709 0.15625
705 717 0.0625
706 709 0.0390625
706 717 0.3125
706 719 0.0625
706 777 0.125
706 778 1.0625
706 779 0.125
707 777 0.125
707 782 0.8125
707 783 0.5
707 784 0.5625
707 785 0.1875
708 790 0.0625
709 717 0.1875
710 714 0.375
710 715 1.4375
710 716 0.0625
710 717 0.0625
711 714 0.3125
711 715 0.75
716 779 0.6875
716 780 0.0625
717 778 1.1875
717 779 0.0625
718 776 0.0625
718 777 1.25
718 778 0.625
719 775 0.0625
719 776 1.25
719 777 0.1875
720 774 0.125
720 775 0.3125
720 776 0.25
721 771 0.3125
721 773 1.25
721 774 0.0625
722 771 0.0625
722 773 0.25
722 774 0.0625
723 771 0.25
725 728 0.0625
725 771 0.375
731 760 0.0625
731 761 0.1875
733 757 0.125
735 749 0.0625
735 750 0.125
736 740 0.0625
737 740 0.4375
739 745 0.0390625
740 745 0.195312
740 749 0.1875
741 745 0.195312
742 745 1.09375
742 746 0.0390625
743 746 0.78125
743 747 0.117188
744 747 0.78125
744 748 0.078125
744 815 0.0625
745 748 0.742188
745 749 0.078125
746 749 0.78125
746 750 0.195312
747 750 0.703125
747 751 0.195312
747 813 0.0625
747 814 0.3125
747 815 1.4375
747 816 0.0625
748 751 0.117188
748 815 0.125
748 816 1.125
748 817 0.75
749 753 0.375
750 753 1.25
750 754 0.1875
751 814 0.1875
751 816 1.4375
751 817 0.125
752 755 0.117188
752 806 0.0625
752 816 0.0625
752 817 0.125
753 756 0.78125
753 757 0.0390625
754 757 0.78125
754 758 0.078125
755 758 0.78125
755 759 0.0390625
755 797 0.125
756 759 0.78125
756 760 0.0390625
756 794 0.0625
756 797 0.0625
757 760 0.742188
757 761 0.117188
758 761 0.78125
758 762 0.078125
759 762 0.820312
759 763 0.195312
759 797 0.3125
760 763 0.117188
760 764 0.0390625
760 765 0.0390625
760 767 0.1875
760 768 0.375
763 768 0.0625
764 768 0.625
764 769 0.25
764 770 0.3125
765 768 0.375
765 793 0.0625
767 785 0.0625
767 786 0.0625
767 789 0.25
767 790 0.5625
767 793 0.3125
769 775 0.0625
769 777 0.25
769 784 0.1875
772 775 0.3125
775 784 1
776 782 0.0625
776 784 0.0625
777 782 0.3125
777 784 0.1875
778 781 1.625
778 782 0.3125
786 789 0.9375
786 790 0.0390625
787 790 0.859375
787 791 0.078125
788 791 0.820312
788 792 0.078125
789 792 0.78125
789 793 0.078125
790 793 0.78125
790 794 0.078125
791 794 0.78125
791 795 0.078125
792 795 0.742188
792 796 0.0390625
793 796 0.78125
793 797 0.078125
794 797 0.820312
794 798 0.195312
795 798 0.703125
795 799 0.234375
796 799 0.78125
796 800 0.15625
797 800 0.78125
797 801 0.117188
798 801 0.78125
798 802 0.0390625
798 835 0.0625
798 836 1.25
798 837 0.25
799 802 0.78125
799 803 0.195312
799 837 0.4375
800 803 0.742188
800 804 0.859375
800 805 0.0390625
801 804 0.664062
801 805 0.703125
801 806 0.15625
801 836 0.0625
801 837 1.0625
802 836 0.0625
802 837 1.1875
802 838 1.3125
803 837 0.0625
803 838 0.0625
804 807 0.703125
804 808 0.0390625
805 808 1.05469
805 809 0.0390625
806 809 0.78125
806 810 0.117188
806 816 0.25
806 836 0.0625
806 839 0.125
806 873 0.0625
807 810 0.78125
807 811 0.15625
807 873 0.0625
808 811 0.78125
808 812 0.0390625
809 812 0.742188
809 813 0.703125
809 814 0.117188
809 816 0.1875
810 813 0.0390625
810 816 0.3125
810 872 0.125
810 873 0.4375
810 874 0.5
815 877 0.1875
816 872 0.0625
816 873 0.0625
816 877 0.625
818 870 0.0625
818 871 0.125
818 872 0.0625
818 877 0.25
818 878 0.25
818 879 0.25
819 834 0.0625
819 839 0.125
819 870 0.1875
819 879 0.125
820 879 0.0625
820 880 0.375
820 882 0.1875
821 833 1.375
821 868 0.125
821 869 0.4375
822 832 1.3125
822 833 0.5
823 831 1.25
823 868 0.0625
823 884 0.125
824 829 0.0625
824 830 1.25
824 831 0.5
825 829 1.25
826 829 0.25
828 861 1.25
828 862 0.125
829 859 0.0625
829 860 1.375
829 861 0.0625
830 843 0.125
830 854 0.1875
830 859 0.1875
830 860 0.3125
831 854 0.3125
831 859 0.125
832 854 0.1875
833 841 0.0625
834 837 0.0625
834 870 0.0625
836 839 0.125
839 871 1.125
840 853 0.3125
840 870 1.25
840 871 0.25
841 853 1.375
841 854 0.1875
841 869 1.1875
842 851 0.375
842 852 1.3125
842 868 1.25
842 869 0.5
842 878 0.0625
843 850 0.0625
843 851 1.625
843 852 0.6875
843 853 0.125
843 860 0.3125
843 867 1.25
844 847 0.125
844 848 0.25
844 850 0.25
844 851 0.3125
844 866 1.25
844 867 0.0625
845 865 0.125
846 849 0.625
846 850 0.3125
847 867 0.1875
848 851 0.4375
851 867 0.1875
851 868 0.1875
851 869 1.4375
851 881 0.125
853 871 0.0625
854 859 0.1875
854 860 0.125
855 858 1.3125
855 859 0.0625
856 859 0.25
862 866 0.125
865 883 0.25
866 883 1.25
866 884 0.1875
867 881 0.0625
867 882 1.3125
867 883 0.125
868 880 0.0625
868 881 1.25
868 882 0.125
869 878 0.6875
869 879 0.375
869 880 0.0625
870 878 1.375
870 879 0.25
871 875 0.0625
871 877 1.375
871 878 0.25
872 875 0.1875
872 876 0.0625
872 877 0.375
875 878 0.0625
