L	Ls	nvertices	F_L	F_L_constrained	rho_sum	nloops	regions
  0	  0	  0	           0	           0	           0	 0	[(0, 0)]
  1	  0	  0	           0	           0	           0	 0	[(0, 1)]
  2	  0	  0	           0	           0	           0	 0	[(0, 2)]
  3	  0	  2	           0	     3.69687	    0.342327	 1	[(0, 3)]
  4	  0	  4	   -0.268586	   -0.268586	    0.299793	 0	[(0, 4)]
  5	  0	  6	   -0.268586	     4.17393	     5.14325	 0	[(0, 5)]
  6	  0	  7	   -0.268586	     4.08425	     5.64962	 0	[(0, 6)]
  7	  0	  8	   -0.268586	     4.10311	     6.17367	 0	[(0, 7)]
  8	  0	  9	   -0.268586	     4.19971	     7.42275	 0	[(0, 8)]
  9	  0	 10	   -0.268586	     4.26683	     8.37968	 0	[(0, 9)]
 10	  0	 11	   -0.268586	     4.03037	      9.6226	 0	[(0, 10)]
 11	  0	 12	   -0.268586	     3.96008	     10.6766	 0	[(0, 11)]
 12	  0	 13	   -0.268586	     3.74053	     11.7554	 0	[(0, 12)]
 13	  0	 14	   -0.268586	     4.23875	     11.8178	 0	[(0, 13)]
 14	  0	 14	   -0.268586	     4.23875	     11.8178	 0	[(0, 14)]
 15	  0	 14	   -0.268586	     4.23875	     11.8178	 0	[(0, 15)]
 16	  0	 14	   -0.268586	     4.23875	     11.8178	 0	[(0, 16)]
 17	  0	 14	   -0.268586	     4.23875	     11.8178	 0	[(0, 17)]
 18	  0	 15	   -0.268586	     9.81798	      11.966	 1	[(0, 18)]
 19	  0	 15	   -0.268586	     9.81798	      11.966	 1	[(0, 19)]
 20	 17	  2	   -0.268586	     3.71678	    0.295632	 1	[(17, 20)]
 21	 17	  4	   -0.268586	     2.24715	     0.29301	 1	[(17, 21)]
 22	 17	  6	   -0.268586	     4.62171	     5.23324	 0	[(17, 22)]
 23	 17	  7	   -0.268586	     3.98759	     5.62545	 0	[(17, 23)]
 24	 17	  8	   -0.268586	     3.35366	     6.87821	 0	[(17, 24)]
 25	 17	  9	   -0.268586	     2.91087	     8.01487	 0	[(17, 25)]
 26	 17	 10	   -0.268586	     2.40851	     8.99068	 0	[(17, 26)]
 27	 17	 11	   -0.268586	     2.06725	     9.91329	 0	[(17, 27)]
 28	 17	 12	   -0.268586	     1.52954	     10.9406	 0	[(17, 28)]
 29	 17	 13	   -0.268586	     1.28294	     11.8625	 0	[(17, 29)]
 30	 17	 14	   -0.268586	     1.20246	     12.7247	 0	[(17, 30)]
 31	 17	 15	   -0.268586	     1.07351	      13.624	 0	[(17, 31)]
 32	 17	 16	   -0.268586	    0.912102	     14.6282	 0	[(17, 32)]
 33	 17	 17	   -0.268586	    0.612276	     15.7285	 0	[(17, 33)]
 34	 17	 18	   -0.268586	    0.557385	     16.6447	 0	[(17, 34)]
 35	 17	 19	   -0.268586	   -0.140744	     17.8557	 0	[(17, 35)]
 36	 17	 20	   -0.851586	   -0.851586	     18.9388	 0	[(17, 36)]
 37	 17	 21	     -2.1854	     -2.1854	     20.0824	 0	[(17, 37)]
 38	 17	 22	     -2.1854	    -1.45784	     20.3338	 0	[(17, 38)]
 39	 17	 22	     -2.1854	    -1.45784	     20.3338	 0	[(17, 39)]
 40	 17	 22	     -2.1854	    -1.45784	     20.3338	 0	[(17, 40)]
 41	 17	 22	     -2.1854	    -1.45784	     20.3338	 0	[(17, 41)]
 42	 17	 24	     -2.1854	     3.50746	     20.4081	 1	[(17, 42)]
 43	 17	 26	     -2.1854	     1.77418	     20.3121	 1	[(17, 43)]
 44	 17	 28	     -2.1854	     3.37332	     25.9295	 0	[(17, 44)]
 45	 17	 29	     -2.1854	     3.32175	     26.3853	 0	[(17, 45)]
 46	 17	 30	     -2.1854	       3.092	      26.852	 0	[(17, 46)]
 47	 17	 31	     -2.1854	     1.93724	     28.7527	 0	[(17, 47)]
 48	 17	 32	     -2.1854	     1.75587	     29.6961	 0	[(17, 48)]
 49	 17	 33	     -2.1854	     1.45025	     30.6442	 0	[(17, 49)]
 50	 17	 34	     -2.1854	     1.33164	     31.4618	 0	[(17, 50)]
 51	 17	 35	     -2.1854	      1.0013	     32.5109	 0	[(17, 51)]
 52	 17	 36	     -2.1854	     1.00155	     33.3685	 0	[(17, 52)]
 53	 17	 37	     -2.1854	    0.920255	     34.3276	 0	[(17, 53)]
 54	 17	 38	     -2.1854	    0.293555	     35.6287	 0	[(17, 54)]
 55	 17	 39	     -2.1854	   -0.131172	     36.7158	 0	[(17, 55)]
 56	 17	 40	     -2.1854	    -1.07554	     37.8627	 0	[(17, 56)]
 57	 17	 41	     -2.1854	    -0.98311	     38.5516	 0	[(17, 57)]
 58	 17	 41	     -2.1854	    -0.98311	     38.5516	 0	[(17, 58)]
 59	 17	 41	     -2.1854	    -0.98311	     38.5516	 0	[(17, 59)]
 60	 17	 41	     -2.1854	    -0.98311	     38.5516	 0	[(17, 60)]
 61	 17	 41	     -2.1854	    -0.98311	     38.5516	 0	[(17, 61)]
 62	 17	 41	     -2.1854	    -0.98311	     38.5516	 0	[(17, 62)]
 63	 17	 44	     -2.1854	    -1.24723	     38.8239	 0	[(17, 63)]
 64	 17	 44	     -2.1854	    -1.24723	     38.8239	 0	[(17, 64)]
 65	 17	 45	     -2.1854	    -1.56219	     39.1401	 0	[(17, 65)]
 66	 17	 45	     -2.1854	    -1.56219	     39.1401	 0	[(17, 66)]
 67	 17	 47	     -2.1854	    -1.43253	     39.0407	 0	[(17, 67)]
 68	 63	  5	     -2.1854	     2.34952	     0.26871	 1	[(63, 68)]
 69	 63	  6	     -2.1854	     2.47829	    0.245629	 1	[(63, 69)]
 70	 63	  8	     -2.1854	     5.70107	     5.96638	 0	[(63, 70)]
 71	 63	  9	     -2.1854	     5.02677	     6.37793	 0	[(63, 71)]
 72	 63	 10	     -2.1854	     4.39095	     6.94503	 0	[(63, 72)]
 73	 63	 11	     -2.1854	     3.86457	     5.75221	 0	[(63, 73)]
 74	 63	 12	     -2.1854	     3.80009	     7.01765	 0	[(63, 74)]
 75	 63	 13	     -2.1854	     3.59384	     8.05255	 0	[(63, 75)]
 76	 17	 58	     -2.1854	     3.29651	     50.7415	 1	[(17, 76)]
 77	 17	 59	     -2.1854	     2.85143	     51.6788	 1	[(17, 77)]
 78	 17	 60	     -2.1854	     2.49551	     52.5762	 1	[(17, 78)]
 79	 17	 61	     -2.1854	     1.50191	     53.6118	 1	[(17, 79)]
 80	 17	 62	     -2.1854	     0.87239	     54.6193	 1	[(17, 80)]
 81	 17	 63	     -2.1854	    0.683112	     55.4978	 1	[(17, 81)]
 82	 17	 64	     -2.1854	   -0.999147	     56.6787	 1	[(17, 82)]
 83	 17	 65	     -2.1854	   -0.449902	     57.0772	 1	[(17, 83)]
 84	 17	 65	     -2.1854	   -0.449902	     57.0772	 1	[(17, 84)]
 85	 17	 65	     -2.1854	   -0.449902	     57.0772	 1	[(17, 85)]
 86	 17	 65	     -2.1854	   -0.449902	     57.0772	 1	[(17, 86)]
 87	 17	 65	     -2.1854	   -0.449902	     57.0772	 1	[(17, 87)]
 88	 17	 65	     -2.1854	   -0.449902	     57.0772	 1	[(17, 88)]
 89	 17	 65	     -2.1854	   -0.449902	     57.0772	 1	[(17, 89)]
 90	 17	 65	     -2.1854	   -0.449902	     57.0772	 1	[(17, 90)]
 91	 17	 65	     -2.1854	   -0.449902	     57.0772	 1	[(17, 91)]
 92	 17	 65	     -2.1854	   -0.449902	     57.0772	 1	[(17, 92)]
 93	 17	 65	     -2.1854	   -0.449902	     57.0772	 1	[(17, 93)]
 94	 17	 65	     -2.1854	   -0.449902	     57.0772	 1	[(17, 94)]
 95	 17	 65	     -2.1854	   -0.449902	     57.0772	 1	[(17, 95)]
 96	 17	 69	     -2.1854	   -0.536962	     59.9975	 1	[(17, 96)]
 97	 17	 69	     -2.1854	   -0.536962	     59.9975	 1	[(17, 97)]
 98	 17	 69	     -2.1854	   -0.536962	     59.9975	 1	[(17, 98)]
 99	 17	 69	     -2.1854	   -0.536962	     59.9975	 1	[(17, 99)]
100	 17	 69	     -2.1854	   -0.536962	     59.9975	 1	[(17, 100)]
101	 17	 69	     -2.1854	   -0.536962	     59.9975	 1	[(17, 101)]
102	 17	 69	     -2.1854	   -0.536962	     59.9975	 1	[(17, 102)]
103	 17	 69	     -2.1854	   -0.536962	     59.9975	 1	[(17, 103)]
104	 17	 69	     -2.1854	   -0.536962	     59.9975	 1	[(17, 104)]
105	 17	 69	     -2.1854	   -0.536962	     59.9975	 1	[(17, 105)]
106	 17	 71	     -2.1854	   -0.793102	     60.2399	 1	[(17, 106)]
107	 17	 71	     -2.1854	   -0.793102	     60.2399	 1	[(17, 107)]
108	 17	 76	     -2.1854	   -0.917903	     60.3855	 1	[(17, 108)]
109	 17	 76	     -2.1854	   -0.917903	     60.3855	 1	[(17, 109)]
110	 17	 78	     -2.1854	   -0.916566	     60.3885	 1	[(17, 110)]
111	 17	 79	     -2.1854	   -0.910477	     60.3891	 1	[(17, 111)]
112	 17	 81	     -2.1854	   -0.831217	     60.3015	 1	[(17, 112)]
113	 17	 82	     -2.1854	   -0.844052	      60.315	 1	[(17, 113)]
114	 17	 83	     -2.1854	     4.40681	     66.6949	 1	[(17, 114)]
115	 17	 84	     -2.1854	     4.39317	     66.7706	 1	[(17, 115)]
116	 17	 85	     -2.1854	     4.16042	     67.0758	 1	[(17, 116)]
117	 17	 86	     -2.1854	     3.79666	     67.3047	 1	[(17, 117)]
118	 17	 87	     -2.1854	     3.63131	     68.8683	 1	[(17, 118)]
119	 17	 90	     -2.1854	     2.52595	     70.5265	 1	[(17, 119)]
120	 17	 91	     -2.1854	      2.2599	     71.4601	 1	[(17, 120)]
121	 17	 92	     -2.1854	     1.31963	     72.5986	 1	[(17, 121)]
122	 17	 93	     -2.1854	    0.116114	     73.6757	 1	[(17, 122)]
123	 17	 94	     -2.1854	    -1.36504	     74.7597	 1	[(17, 123)]
124	109	 16	     -2.1854	  -0.0754178	     14.4167	 0	[(109, 124)]
125	109	 16	     -2.1854	  -0.0754178	     14.4167	 0	[(109, 125)]
126	109	 17	     -2.1854	   -0.271867	     14.5954	 0	[(109, 126)]
127	109	 17	     -2.1854	   -0.271867	     14.5954	 0	[(109, 127)]
128	109	 18	     -2.1854	   -0.651435	      14.939	 0	[(109, 128)]
129	109	 18	     -2.1854	   -0.651435	      14.939	 0	[(109, 129)]
130	109	 18	     -2.1854	   -0.651435	      14.939	 0	[(109, 130)]
131	109	 18	     -2.1854	   -0.651435	      14.939	 0	[(109, 131)]
132	109	 19	     -2.1854	   -0.790278	     15.0779	 0	[(109, 132)]
133	109	 19	     -2.1854	   -0.790278	     15.0779	 0	[(109, 133)]
134	 17	101	     -2.1854	    -1.45406	     73.0325	 1	[(17, 134)]
135	 17	102	     -2.1854	    -1.45935	     73.0578	 1	[(17, 135)]
136	 17	102	     -2.1854	    -1.45935	     73.0578	 1	[(17, 136)]
137	 17	102	     -2.1854	    -1.45935	     73.0578	 1	[(17, 137)]
138	 17	103	     -2.1854	     5.94578	     73.2927	 2	[(17, 138)]
139	 17	107	     -2.1854	     6.10941	     73.1072	 2	[(17, 139)]
140	 17	109	     -2.1854	    -1.46933	      73.065	 1	[(17, 140)]
141	137	  4	     -2.1854	     2.24781	    0.291677	 1	[(137, 141)]
142	137	  6	     -2.1854	     4.64492	     5.25314	 0	[(137, 142)]
143	137	  7	     -2.1854	     4.59982	     5.76138	 0	[(137, 143)]
144	137	  8	     -2.1854	     4.37027	     6.22489	 0	[(137, 144)]
145	137	  9	     -2.1854	     4.52267	     7.04878	 0	[(137, 145)]
146	137	 10	     -2.1854	     4.64878	     8.05905	 0	[(137, 146)]
147	137	 11	     -2.1854	     4.27275	     9.42576	 0	[(137, 147)]
148	137	 12	     -2.1854	      3.8417	     10.6683	 0	[(137, 148)]
149	137	 13	     -2.1854	     3.42342	     11.7489	 0	[(137, 149)]
150	137	 14	     -2.1854	     3.27936	     12.5697	 0	[(137, 150)]
151	137	 15	     -2.1854	     3.81938	     12.6035	 0	[(137, 151)]
152	137	 15	     -2.1854	     3.81938	     12.6035	 0	[(137, 152)]
153	137	 16	     -2.1854	     3.56092	     12.8362	 0	[(137, 153)]
154	137	 16	     -2.1854	     3.56092	     12.8362	 0	[(137, 154)]
155	137	 16	     -2.1854	     3.56092	     12.8362	 0	[(137, 155)]
156	137	 16	     -2.1854	     3.56092	     12.8362	 0	[(137, 156)]
157	137	 16	     -2.1854	     3.56092	     12.8362	 0	[(137, 157)]
158	137	 16	     -2.1854	     3.56092	     12.8362	 0	[(137, 158)]
159	137	 18	     -2.1854	     3.26062	     13.1713	 0	[(137, 159)]
160	137	 18	     -2.1854	     3.26062	     13.1713	 0	[(137, 160)]
161	137	 18	     -2.1854	     3.26062	     13.1713	 0	[(137, 161)]
162	137	 18	     -2.1854	     3.26062	     13.1713	 0	[(137, 162)]
163	137	 18	     -2.1854	     3.26062	     13.1713	 0	[(137, 163)]
164	161	111	     -2.1854	     2.20741	     73.4641	 2	[(17, 140), (161, 164)]
165	161	113	     -2.1854	    0.773101	     73.3858	 2	[(17, 140), (161, 165)]
166	161	115	     -2.1854	     1.70712	     77.9339	 1	[(17, 140), (161, 166)]
167	161	116	     -2.1854	     1.57917	     78.9244	 1	[(17, 140), (161, 167)]
168	161	117	     -2.1854	     1.25999	     80.1676	 1	[(17, 140), (161, 168)]
169	161	118	     -2.1854	     1.20406	     81.1165	 1	[(17, 140), (161, 169)]
170	161	119	     -2.1854	     1.09711	     82.0606	 1	[(17, 140), (161, 170)]
171	161	120	     -2.1854	    0.705886	     83.1611	 1	[(17, 140), (161, 171)]
172	161	121	     -2.1854	    0.223804	     84.2899	 1	[(17, 140), (161, 172)]
173	161	122	     -2.1854	   -0.145054	     85.3062	 1	[(17, 140), (161, 173)]
174	161	123	     -2.1854	   -0.315356	     86.1966	 1	[(17, 140), (161, 174)]
175	161	124	     -2.1854	   -0.906392	     87.2742	 1	[(17, 140), (161, 175)]
176	161	125	     -2.1854	    -1.07474	     88.1776	 1	[(17, 140), (161, 176)]
177	161	126	     -2.1854	     -1.2525	     89.0371	 1	[(17, 140), (161, 177)]
178	161	127	     -2.1854	   -0.754786	     89.0233	 1	[(17, 140), (161, 178)]
179	161	127	     -2.1854	   -0.754786	     89.0233	 1	[(17, 140), (161, 179)]
180	161	127	     -2.1854	   -0.754786	     89.0233	 1	[(17, 140), (161, 180)]
181	161	128	     -2.1854	    -1.10274	     89.3613	 1	[(17, 140), (161, 181)]
182	109	 69	     -2.1854	    0.115474	     61.1277	 2	[(109, 182)]
183	 17	156	    -3.64012	    -3.64012	     126.815	 4	[(17, 183)]
184	 17	157	    -9.96243	    -9.96243	     131.694	 4	[(17, 184)]
185	 17	158	    -10.2539	    -10.2539	     132.951	 4	[(17, 185)]
186	 17	159	    -12.1972	    -12.1972	     136.034	 4	[(17, 186)]
187	 17	160	    -12.1972	    -11.4354	     136.362	 4	[(17, 187)]
188	 17	161	    -12.1972	    -11.1911	     139.774	 4	[(17, 188)]
189	 17	162	    -12.1972	    -10.6371	     139.399	 4	[(17, 189)]
190	 17	163	    -12.1972	     -10.417	     139.788	 4	[(17, 190)]
191	 17	164	    -12.1972	    -10.9136	      136.29	 4	[(17, 191)]
192	 17	164	    -12.1972	    -10.9136	      136.29	 4	[(17, 192)]
193	 17	165	    -12.1972	    -10.5602	     139.955	 4	[(17, 193)]
194	 17	166	    -12.1972	    -11.0448	     136.434	 4	[(17, 194)]
195	 17	166	    -12.1972	    -11.0448	     136.434	 4	[(17, 195)]
196	 17	167	    -12.1972	    -9.75226	      144.19	 5	[(17, 196)]
197	 17	168	    -12.1972	    -4.08265	     145.135	 6	[(17, 197)]
198	 17	170	    -12.1972	    -4.30398	      147.01	 5	[(17, 198)]
199	 17	171	    -12.1972	    -5.02943	     148.506	 5	[(17, 199)]
200	 17	172	    -12.1972	    -6.81499	     150.196	 5	[(17, 200)]
201	 17	173	    -12.1972	    -7.45806	     151.223	 5	[(17, 201)]
202	 17	174	    -12.1972	     -6.7476	     151.428	 5	[(17, 202)]
203	 17	175	    -12.1972	    -6.42537	     151.292	 5	[(17, 203)]
204	 17	176	    -12.1972	    -6.90558	      152.23	 5	[(17, 204)]
205	 17	177	    -12.1972	    -6.68541	     152.005	 5	[(17, 205)]
206	 17	177	    -12.1972	    -6.68541	     152.005	 5	[(17, 206)]
207	 17	178	    -12.1972	    -8.42406	      155.45	 5	[(17, 207)]
208	 17	179	    -12.1972	    -11.8858	     157.065	 5	[(17, 208)]
209	 17	181	    -12.1972	    -10.1077	     158.564	 5	[(17, 209)]
210	 17	182	    -12.1972	    -7.28861	     159.762	 6	[(17, 210)]
211	 17	183	    -12.1972	    -9.40818	     161.149	 6	[(17, 211)]
212	 17	184	    -12.1972	    -11.0695	      162.13	 6	[(17, 212)]
213	 17	185	    -12.5726	    -12.5726	     163.107	 6	[(17, 213)]
214	 17	186	    -18.2547	    -18.2547	     164.182	 6	[(17, 214)]
215	 17	187	    -19.6303	    -19.6303	      165.14	 6	[(17, 215)]
216	 17	188	    -19.6303	    -19.0008	     165.686	 6	[(17, 216)]
217	 17	189	    -19.6303	     -18.525	     165.514	 6	[(17, 217)]
218	 17	190	    -19.6303	    -18.4377	     165.357	 6	[(17, 218)]
219	 17	190	    -19.6303	    -18.4377	     165.357	 6	[(17, 219)]
220	 17	190	    -19.6303	    -18.4377	     165.357	 6	[(17, 220)]
221	 17	191	    -19.6303	    -18.6263	     165.648	 6	[(17, 221)]
222	 17	192	    -19.6303	    -19.6171	     166.556	 6	[(17, 222)]
223	 17	193	    -20.7625	    -20.7625	     168.178	 6	[(17, 223)]
224	 17	194	    -20.7625	    -20.0916	     168.452	 6	[(17, 224)]
225	 63	150	    -20.7625	    -11.2945	     124.487	 6	[(63, 225)]
226	 63	152	    -20.7625	    -10.9802	     124.328	 6	[(63, 226)]
227	 63	153	    -20.7625	    -10.9933	     124.391	 6	[(63, 227)]
228	 63	154	    -20.7625	    -11.0972	     124.495	 6	[(63, 228)]
229	 63	155	    -20.7625	    -11.0709	     124.447	 6	[(63, 229)]
230	 63	156	    -20.7625	    -11.0698	     124.444	 6	[(63, 230)]
231	 63	157	    -20.7625	    -9.06981	     130.044	 6	[(63, 231)]
232	 63	158	    -20.7625	      -10.22	     131.329	 6	[(63, 232)]
233	 63	159	    -20.7625	    -11.2363	     132.516	 6	[(63, 233)]
234	 63	160	    -20.7625	    -11.5001	     133.337	 6	[(63, 234)]
235	 63	161	    -20.7625	    -11.7037	     134.167	 6	[(63, 235)]
236	 63	162	    -20.7625	      -11.12	     134.118	 6	[(63, 236)]
237	 63	162	    -20.7625	      -11.12	     134.118	 6	[(63, 237)]
238	 63	163	    -20.7625	    -11.5271	     135.079	 7	[(63, 238)]
239	 63	164	    -20.7625	    -13.1283	     136.096	 7	[(63, 239)]
240	 63	165	    -20.7625	    -15.6636	      137.16	 7	[(63, 240)]
241	 63	166	    -20.7625	     -17.705	      138.28	 7	[(63, 241)]
242	 63	167	    -20.7625	    -18.4242	     140.711	 7	[(63, 242)]
243	 63	168	    -20.7625	    -18.8749	      142.79	 7	[(63, 243)]
244	 63	170	    -20.7625	    -20.0452	     145.505	 7	[(63, 244)]
245	 63	171	    -20.7625	    -19.3273	     145.919	 7	[(63, 245)]
246	 63	172	    -20.7625	    -18.8691	     145.902	 7	[(63, 246)]
247	 63	172	    -20.7625	    -18.8691	     145.902	 7	[(63, 247)]
248	 63	173	    -20.7625	    -19.0006	     146.032	 7	[(63, 248)]
249	 63	175	    -20.7625	    -18.3292	     145.468	 7	[(63, 249)]
250	 63	175	    -20.7625	    -18.3292	     145.468	 7	[(63, 250)]
251	 63	176	    -20.7625	    -12.7965	      146.11	 8	[(63, 251)]
252	 63	177	    -20.7625	    -12.6794	     145.786	 8	[(63, 252)]
253	 63	177	    -20.7625	    -12.6794	     145.786	 8	[(63, 253)]
254	 17	224	    -20.7625	    -11.6472	     197.325	10	[(17, 254)]
255	 17	225	    -20.7625	    -11.4093	      198.48	10	[(17, 255)]
256	 17	226	    -20.7625	    -12.7324	     200.112	10	[(17, 256)]
257	 17	227	    -20.7625	    -14.5527	     201.274	10	[(17, 257)]
258	 17	228	    -20.7625	    -15.3562	     202.317	10	[(17, 258)]
259	 17	229	    -20.7625	    -15.7579	     203.195	10	[(17, 259)]
260	 17	230	    -20.7625	    -17.8432	     204.478	10	[(17, 260)]
261	 17	231	    -20.7625	     -18.245	      205.36	10	[(17, 261)]
262	 17	232	    -20.7625	    -19.9212	     206.539	10	[(17, 262)]
263	 17	233	    -20.7625	    -19.1617	     206.773	10	[(17, 263)]
264	 17	234	    -20.7625	    -19.0413	     207.073	10	[(17, 264)]
265	 17	236	    -20.7625	    -19.9654	     208.255	10	[(17, 265)]
266	 17	237	    -21.5245	    -21.5245	     209.712	10	[(17, 266)]
267	 17	239	    -22.4104	    -22.4104	     210.608	10	[(17, 267)]
268	 17	240	     -24.781	     -24.781	     211.707	10	[(17, 268)]
269	 17	241	    -27.1865	    -27.1865	     213.104	10	[(17, 269)]
270	 17	242	    -30.9358	    -30.9358	     214.859	10	[(17, 270)]
271	 17	244	    -30.9358	    -30.1135	     215.919	10	[(17, 271)]
272	 17	245	    -30.9358	    -29.4324	     216.174	10	[(17, 272)]
273	 17	245	    -30.9358	    -29.4324	     216.174	10	[(17, 273)]
274	 17	246	    -30.9358	    -29.5794	     216.311	10	[(17, 274)]
275	 17	247	    -30.9358	    -30.3861	     216.957	10	[(17, 275)]
276	 17	248	    -30.9358	    -30.1781	     217.001	10	[(17, 276)]
277	 17	250	    -30.9358	    -26.4987	     218.187	11	[(17, 277)]
278	 17	251	    -30.9358	    -28.4301	     219.541	11	[(17, 278)]
279	 17	252	    -30.9358	    -30.4932	     220.684	11	[(17, 279)]
280	 17	255	    -30.9358	    -29.8993	     221.468	12	[(17, 280)]
281	 17	256	    -30.9358	    -29.9342	     222.212	12	[(17, 281)]
282	 17	258	    -31.0005	    -31.0005	     221.897	11	[(17, 282)]
283	 17	259	    -31.0005	    -30.9234	     221.856	11	[(17, 283)]
284	 17	260	    -31.0005	    -30.8698	     221.738	11	[(17, 284)]
285	 17	261	    -31.0005	    -28.7071	     227.302	11	[(17, 285)]
286	 17	262	    -31.0005	    -29.1616	     227.267	11	[(17, 286)]
287	 17	263	    -31.0005	    -29.4802	     229.135	11	[(17, 287)]
288	 17	264	    -31.0005	    -30.3907	      230.39	11	[(17, 288)]
289	 17	265	    -31.0005	    -30.6727	     231.246	11	[(17, 289)]
290	 17	266	    -31.0005	    -30.4833	      231.87	11	[(17, 290)]
291	 17	267	    -31.0005	    -30.1408	     231.875	11	[(17, 291)]
292	 17	267	    -31.0005	    -30.1408	     231.875	11	[(17, 292)]
293	 17	267	    -31.0005	    -30.1408	     231.875	11	[(17, 293)]
294	 17	267	    -31.0005	    -30.1408	     231.875	11	[(17, 294)]
295	 17	269	    -31.0005	    -30.2374	     234.573	11	[(17, 295)]
296	 17	271	    -31.0005	    -24.8931	     236.746	12	[(17, 296)]
297	 17	273	    -31.0005	    -22.8833	     238.076	12	[(17, 297)]
298	 17	274	    -31.0005	    -22.3176	     237.952	12	[(17, 298)]
299	 17	275	    -31.0005	    -22.7611	     238.644	12	[(17, 299)]
300	 17	276	    -31.0005	    -22.5224	     238.469	12	[(17, 300)]
301	 17	277	    -31.0005	    -22.2091	     241.987	12	[(17, 301)]
302	 17	278	    -31.0005	    -24.6979	     243.858	12	[(17, 302)]
303	 17	279	    -31.0005	    -24.7517	     244.711	12	[(17, 303)]
304	 17	280	    -31.0005	    -26.4253	     245.885	12	[(17, 304)]
305	 17	281	    -31.0005	    -26.6915	     246.697	12	[(17, 305)]
306	 17	282	    -31.0005	    -27.2926	     247.734	12	[(17, 306)]
307	 17	283	    -31.0005	    -27.8881	       248.7	12	[(17, 307)]
308	 17	284	    -31.0005	    -27.8532	     249.499	12	[(17, 308)]
309	 17	285	    -31.0005	    -28.1245	      250.45	12	[(17, 309)]
310	 17	286	    -31.0005	    -28.0715	     251.222	12	[(17, 310)]
311	 17	287	    -31.0005	    -28.3175	     252.355	12	[(17, 311)]
312	 17	288	    -31.0005	     -28.784	     253.517	12	[(17, 312)]
313	 17	289	    -31.0005	    -28.8341	     254.448	12	[(17, 313)]
314	 17	290	    -31.0005	     -28.962	     255.365	12	[(17, 314)]
315	 17	291	    -31.0005	    -29.0865	     256.285	12	[(17, 315)]
316	 17	292	    -31.0005	    -29.2329	     257.316	12	[(17, 316)]
317	 17	293	    -31.0005	    -29.3959	     258.338	12	[(17, 317)]
318	 17	294	    -31.0005	    -28.8243	      258.11	12	[(17, 318)]
319	 17	294	    -31.0005	    -28.8243	      258.11	12	[(17, 319)]
320	 17	294	    -31.0005	    -28.8243	      258.11	12	[(17, 320)]
321	 17	294	    -31.0005	    -28.8243	      258.11	12	[(17, 321)]
322	 17	294	    -31.0005	    -28.8243	      258.11	12	[(17, 322)]
323	 17	294	    -31.0005	    -28.8243	      258.11	12	[(17, 323)]
324	 17	294	    -31.0005	    -28.8243	      258.11	12	[(17, 324)]
325	 17	294	    -31.0005	    -28.8243	      258.11	12	[(17, 325)]
326	 17	294	    -31.0005	    -28.8243	      258.11	12	[(17, 326)]
327	 17	295	    -31.0005	    -29.0607	     258.504	12	[(17, 327)]
328	 17	295	    -31.0005	    -29.0607	     258.504	12	[(17, 328)]
329	 17	295	    -31.0005	    -29.0607	     258.504	12	[(17, 329)]
330	 17	296	    -31.0005	    -22.4262	     258.882	13	[(17, 330)]
331	 17	296	    -31.0005	    -22.4262	     258.882	13	[(17, 331)]
332	 17	298	    -31.0005	    -29.4048	     258.909	12	[(17, 332)]
333	 17	299	    -31.0005	    -29.4126	     258.928	12	[(17, 333)]
334	 17	301	    -31.0005	    -30.0206	     259.372	12	[(17, 334)]
335	 17	302	    -31.0005	    -22.6909	     259.202	13	[(17, 335)]
336	 17	303	    -31.0005	    -21.0489	      263.68	13	[(17, 336)]
337	 17	304	    -31.0005	    -21.6437	     265.221	13	[(17, 337)]
338	 17	305	    -31.0005	    -21.8879	     266.278	13	[(17, 338)]
339	 17	306	    -31.0005	    -22.1264	     267.222	13	[(17, 339)]
340	 17	307	    -31.0005	    -25.1498	     268.532	13	[(17, 340)]
341	 17	308	    -31.0005	    -24.6024	     268.995	13	[(17, 341)]
342	 17	309	    -31.0005	    -24.0868	     268.971	13	[(17, 342)]
343	 17	309	    -31.0005	    -24.0868	     268.971	13	[(17, 343)]
344	 17	309	    -31.0005	    -24.0868	     268.971	13	[(17, 344)]
345	 17	309	    -31.0005	    -24.0868	     268.971	13	[(17, 345)]
346	 17	311	    -31.0005	    -23.8062	     267.595	13	[(17, 346)]
347	 17	313	    -31.0005	    -23.9974	     267.903	13	[(17, 347)]
348	 17	315	    -31.0005	    -21.4371	     272.254	13	[(17, 348)]
349	 17	316	    -31.0005	    -20.7157	     272.812	13	[(17, 349)]
350	 17	318	    -31.0005	    -21.2173	      272.34	13	[(17, 350)]
351	 17	319	    -31.0005	     -26.486	     274.532	13	[(17, 351)]
352	 17	319	    -31.0005	     -26.486	     274.532	13	[(17, 352)]
353	 17	320	    -31.0005	    -26.8772	     274.856	13	[(17, 353)]
354	 17	321	    -31.0005	    -27.8504	     275.698	13	[(17, 354)]
355	 17	322	    -31.0005	     -27.432	     275.645	13	[(17, 355)]
356	 17	322	    -31.0005	     -27.432	     275.645	13	[(17, 356)]
357	 17	322	    -31.0005	     -27.432	     275.645	13	[(17, 357)]
358	 17	322	    -31.0005	     -27.432	     275.645	13	[(17, 358)]
359	 17	322	    -31.0005	     -27.432	     275.645	13	[(17, 359)]
360	 17	322	    -31.0005	     -27.432	     275.645	13	[(17, 360)]
361	 17	322	    -31.0005	     -27.432	     275.645	13	[(17, 361)]
362	 17	322	    -31.0005	     -27.432	     275.645	13	[(17, 362)]
363	 17	322	    -31.0005	     -27.432	     275.645	13	[(17, 363)]
364	 17	325	    -31.0005	     -23.474	     275.936	14	[(17, 364)]
365	 17	326	    -31.0005	    -23.2895	     275.927	14	[(17, 365)]
366	 17	328	    -31.0005	    -22.9837	     275.895	14	[(17, 366)]
367	 17	328	    -31.0005	    -22.9837	     275.895	14	[(17, 367)]
368	 17	328	    -31.0005	    -22.9837	     275.895	14	[(17, 368)]
369	 17	328	    -31.0005	    -22.9837	     275.895	14	[(17, 369)]
370	 17	329	    -31.0005	    -23.3222	      276.19	14	[(17, 370)]
371	 17	329	    -31.0005	    -23.3222	      276.19	14	[(17, 371)]
372	 17	332	    -31.0005	    -23.3137	     276.236	14	[(17, 372)]
373	 17	333	    -31.0005	    -23.3079	     276.238	14	[(17, 373)]
374	 17	333	    -31.0005	    -23.3079	     276.238	14	[(17, 374)]
375	 17	335	    -31.0005	    -23.3035	     276.246	14	[(17, 375)]
376	 17	336	    -31.0005	    -24.9022	     280.237	14	[(17, 376)]
377	 17	337	    -31.0005	     -24.286	       280.7	14	[(17, 377)]
378	 17	338	    -31.0005	     -25.482	     281.798	14	[(17, 378)]
379	 17	338	    -31.0005	     -25.482	     281.798	14	[(17, 379)]
380	 17	339	    -31.0005	    -23.9029	     282.306	15	[(17, 380)]
381	 17	340	    -31.0005	    -24.2183	     283.146	15	[(17, 381)]
382	 17	342	    -31.0005	    -24.6688	     282.027	14	[(17, 382)]
383	 17	343	    -31.0005	    -24.6342	     281.868	14	[(17, 383)]
384	 17	343	    -31.0005	    -24.6342	     281.868	14	[(17, 384)]
385	 17	343	    -31.0005	    -24.6342	     281.868	14	[(17, 385)]
386	 17	343	    -31.0005	    -24.6342	     281.868	14	[(17, 386)]
387	 17	345	    -31.0005	     -20.578	     282.012	15	[(17, 387)]
388	 17	348	    -31.0005	    -22.5067	     286.598	15	[(17, 388)]
389	 17	351	    -31.0005	    -21.5869	     295.052	14	[(17, 389)]
390	 17	352	    -31.0005	    -22.1239	     295.999	14	[(17, 390)]
391	 17	353	    -31.0005	     -21.655	     296.388	14	[(17, 391)]
392	 17	353	    -31.0005	     -21.655	     296.388	14	[(17, 392)]
393	 17	354	    -31.0005	    -19.5655	     296.605	15	[(17, 393)]
394	 17	355	    -31.0005	    -19.3242	     296.615	15	[(17, 394)]
395	 17	355	    -31.0005	    -19.3242	     296.615	15	[(17, 395)]
396	 17	355	    -31.0005	    -19.3242	     296.615	15	[(17, 396)]
397	 17	355	    -31.0005	    -19.3242	     296.615	15	[(17, 397)]
398	 17	357	    -31.0005	    -15.5172	     292.923	16	[(17, 398)]
399	 17	359	    -31.0005	    -17.1335	     296.961	16	[(17, 399)]
400	 17	361	    -31.0005	     -15.503	      301.92	15	[(17, 400)]
401	 17	362	    -31.0005	    -15.9208	      298.79	15	[(17, 401)]
402	 17	363	    -31.0005	    -18.6109	     305.657	15	[(17, 402)]
403	 17	364	    -31.0005	    -19.0476	     306.655	15	[(17, 403)]
404	 17	365	    -31.0005	    -20.0273	     307.737	15	[(17, 404)]
405	 17	366	    -31.0005	    -20.6754	     308.724	15	[(17, 405)]
406	 17	367	    -31.0005	    -22.4137	     309.919	15	[(17, 406)]
407	 17	368	    -31.0005	    -22.4088	     310.635	15	[(17, 407)]
408	 17	369	    -31.0005	    -22.8453	     311.516	15	[(17, 408)]
409	 17	370	    -31.0005	    -22.2135	     311.424	15	[(17, 409)]
410	 17	370	    -31.0005	    -22.2135	     311.424	15	[(17, 410)]
411	 17	370	    -31.0005	    -22.2135	     311.424	15	[(17, 411)]
412	 17	371	    -31.0005	    -19.0175	      313.22	16	[(17, 412)]
413	 17	373	    -31.0005	    -19.4122	     312.253	16	[(17, 413)]
414	 17	375	    -31.0005	    -21.5486	     317.439	15	[(17, 414)]
415	 17	376	    -31.0005	    -22.0924	     318.348	15	[(17, 415)]
416	 17	377	    -31.0005	    -23.3149	     319.455	15	[(17, 416)]
417	 17	378	    -31.0005	    -24.1245	     320.516	15	[(17, 417)]
418	 17	379	    -31.0005	    -24.4106	     321.406	15	[(17, 418)]
419	 17	381	    -31.0005	    -26.6083	     322.386	15	[(17, 419)]
420	 17	382	    -31.0005	    -28.9113	     323.502	15	[(17, 420)]
421	 17	383	    -31.0005	    -29.7227	     324.461	15	[(17, 421)]
422	 17	384	    -31.0005	    -30.2263	     325.348	15	[(17, 422)]
423	 17	385	    -31.0005	    -30.9524	     326.435	15	[(17, 423)]
424	 17	386	    -32.5127	    -32.5127	     327.587	15	[(17, 424)]
425	 17	387	    -32.9751	    -32.9751	     328.507	15	[(17, 425)]
426	 17	388	     -33.483	     -33.483	     329.459	15	[(17, 426)]
427	 17	389	     -33.629	     -33.629	     330.265	15	[(17, 427)]
428	 17	390	    -33.9068	    -33.9068	     331.223	15	[(17, 428)]
429	 17	391	    -34.1147	    -34.1147	     332.174	15	[(17, 429)]
430	 17	393	    -34.1147	    -33.8461	     332.536	15	[(17, 430)]
431	 17	394	    -34.1147	    -33.5227	     331.895	15	[(17, 431)]
432	 17	394	    -34.1147	    -33.5227	     331.895	15	[(17, 432)]
433	 17	394	    -34.1147	    -33.5227	     331.895	15	[(17, 433)]
434	 17	394	    -34.1147	    -33.5227	     331.895	15	[(17, 434)]
435	 17	394	    -34.1147	    -33.5227	     331.895	15	[(17, 435)]
436	 17	394	    -34.1147	    -33.5227	     331.895	15	[(17, 436)]
437	 17	394	    -34.1147	    -33.5227	     331.895	15	[(17, 437)]
438	 17	394	    -34.1147	    -33.5227	     331.895	15	[(17, 438)]
439	 17	394	    -34.1147	    -33.5227	     331.895	15	[(17, 439)]
440	 17	394	    -34.1147	    -33.5227	     331.895	15	[(17, 440)]
441	 17	394	    -34.1147	    -33.5227	     331.895	15	[(17, 441)]
442	 17	394	    -34.1147	    -33.5227	     331.895	15	[(17, 442)]
443	 17	394	    -34.1147	    -33.5227	     331.895	15	[(17, 443)]
444	 17	394	    -34.1147	    -33.5227	     331.895	15	[(17, 444)]
445	 17	394	    -34.1147	    -33.5227	     331.895	15	[(17, 445)]
446	 17	394	    -34.1147	    -33.5227	     331.895	15	[(17, 446)]
447	 17	394	    -34.1147	    -33.5227	     331.895	15	[(17, 447)]
