nresidues = 346
3 209 0.144311
3 210 0.144311
3 211 0.577244
3 214 0.144311
5 210 1.73173
6 10 0.721555
6 11 0.0901943
6 206 0.432933
6 210 0.721555
6 251 0.288622
6 252 1.44311
7 10 2.88622
7 11 0.0901943
7 206 0.288622
8 11 1.80389
8 12 0.45097
8 206 0.577244
9 12 0.270584
10 13 0.0901943
11 14 1.89408
11 15 0.180389
11 202 0.288622
11 252 0.432933
12 15 1.80389
12 16 0.360777
13 16 1.80389
13 17 0.180389
14 17 0.270584
14 22 0.144311
14 244 0.144311
14 248 0.144311
15 202 0.288622
15 205 0.144311
15 244 1.01018
15 248 0.577244
17 25 0.144311
17 244 0.577244
18 21 1.98428
18 244 0.288622
19 22 1.89408
19 23 0.631361
19 240 0.432933
19 244 0.865865
20 23 1.89408
21 24 1.80389
22 25 1.80389
22 26 0.180389
22 244 0.288622
22 247 0.288622
22 251 0.144311
23 26 1.98428
23 27 0.45097
23 243 0.144311
23 278 0.288622
24 27 2.07447
24 28 0.901943
25 28 2.25486
25 29 0.360777
25 251 0.288622
26 29 1.98428
26 30 0.180389
26 250 0.144311
26 278 0.288622
27 30 1.80389
27 31 0.360777
27 277 0.721555
28 31 1.6235
28 32 0.180389
29 32 1.80389
29 33 0.180389
29 250 0.144311
29 254 0.144311
30 33 1.80389
30 34 0.811748
30 250 1.44311
30 279 0.577244
30 281 0.432933
31 34 0.270584
31 36 0.288622
33 254 0.865865
34 250 0.577244
34 254 0.288622
34 255 0.288622
34 256 0.721555
34 257 0.577244
35 38 1.01018
36 309 0.144311
37 308 0.721555
37 309 3.75208
37 310 0.432933
38 310 1.2988
38 311 0.144311
39 276 0.288622
39 281 3.31915
39 282 0.144311
39 304 0.288622
39 310 0.144311
40 93 0.144311
40 94 0.577244
40 281 0.288622
40 282 4.04071
40 283 0.432933
41 91 0.144311
41 92 3.75208
41 93 3.03053
41 283 2.74191
41 285 0.432933
42 92 0.432933
42 94 3.46346
42 259 0.144311
42 283 0.288622
42 284 3.03053
43 87 0.144311
43 92 0.721555
43 94 0.144311
43 95 3.31915
43 285 0.432933
44 95 0.144311
44 96 3.60777
44 284 0.865865
44 289 0.865865
44 290 0.144311
45 83 0.288622
45 95 0.432933
45 96 0.288622
45 97 3.03053
45 98 0.144311
45 289 0.144311
46 49 0.577244
46 61 0.144311
46 75 0.144311
46 97 0.144311
46 98 3.17484
46 290 0.144311
47 74 2.74191
47 75 0.432933
47 80 0.144311
47 97 0.577244
47 98 3.03053
47 99 0.288622
47 115 0.577244
48 51 0.288622
48 73 0.288622
48 74 0.432933
48 98 0.144311
48 99 3.03053
48 100 0.865865
48 101 1.01018
49 61 0.721555
49 69 0.144311
49 71 2.45329
49 72 0.865865
49 100 0.144311
50 61 0.721555
51 61 2.45329
51 62 0.144311
51 63 0.144311
51 100 0.144311
52 61 0.144311
52 62 2.88622
52 63 0.432933
52 100 0.577244
53 64 0.144311
54 62 0.432933
54 64 0.144311
54 102 0.144311
54 166 2.30897
54 167 0.721555
55 62 0.144311
55 64 1.01018
55 65 0.432933
55 163 0.144311
55 164 0.144311
55 165 1.15449
55 166 0.721555
56 59 0.144311
56 65 0.577244
56 163 2.5976
56 164 0.288622
56 167 0.144311
57 65 0.144311
57 162 0.288622
57 163 0.577244
57 229 3.03053
57 230 3.17484
57 231 1.2988
58 154 0.721555
58 163 0.288622
58 164 0.144311
58 191 0.865865
58 194 0.432933
58 223 0.144311
58 229 0.432933
58 231 0.288622
59 229 0.288622
60 67 0.432933
60 69 0.144311
60 226 0.144311
60 291 0.144311
61 69 0.288622
61 100 0.144311
61 290 0.144311
61 291 0.144311
62 65 1.01018
64 166 0.144311
65 230 1.15449
66 227 2.45329
67 227 0.577244
67 228 0.432933
67 229 0.144311
69 291 0.144311
74 101 0.144311
75 79 0.0901943
75 80 0.180389
76 79 1.80389
76 80 0.0901943
77 80 1.80389
77 81 0.360777
77 114 0.865865
78 81 1.89408
78 82 0.180389
79 82 1.89408
79 83 0.0901943
80 83 1.89408
80 84 0.180389
80 97 0.144311
80 115 0.144311
81 84 2.07447
81 85 0.45097
81 118 0.721555
81 119 0.288622
81 122 0.144311
82 85 2.07447
83 86 1.71369
83 87 0.180389
83 95 0.432933
84 87 1.80389
84 88 0.180389
84 95 1.01018
84 122 0.721555
84 124 0.144311
85 88 1.80389
85 89 0.180389
85 122 0.721555
86 89 1.71369
86 90 0.270584
87 90 1.98428
87 91 1.5333
87 92 0.180389
88 91 1.71369
88 122 0.577244
88 124 0.432933
90 285 0.288622
91 312 0.144311
93 124 2.88622
93 125 0.288622
94 125 4.76226
94 148 2.02035
94 217 0.144311
94 259 0.144311
95 119 0.288622
95 125 0.432933
95 126 2.74191
95 127 3.17484
96 127 3.03053
97 115 0.144311
97 119 0.144311
97 127 0.144311
97 128 3.17484
97 129 0.432933
98 129 2.88622
99 129 0.288622
99 130 0.144311
101 104 0.721555
101 108 1.2988
101 112 0.288622
101 130 0.577244
102 130 0.144311
102 131 2.88622
102 132 0.432933
103 130 2.74191
103 132 0.288622
104 108 0.360777
104 109 0.0901943
104 130 0.577244
104 132 0.144311
104 137 0.721555
105 108 2.25486
106 109 0.0901943
106 110 0.0901943
106 140 0.144311
107 110 0.270584
108 111 1.98428
109 112 1.98428
109 113 0.721555
109 137 0.577244
109 140 0.432933
110 113 1.98428
110 114 0.270584
111 114 1.89408
111 115 0.541166
112 115 1.98428
112 116 0.0901943
112 128 0.432933
112 130 0.432933
113 116 1.80389
113 117 0.45097
113 140 0.577244
114 117 2.07447
115 118 1.71369
115 119 0.270584
116 119 1.89408
116 120 0.180389
116 128 0.144311
116 144 0.432933
116 145 0.432933
116 146 0.144311
117 120 1.80389
117 121 0.180389
117 144 0.577244
118 121 1.89408
118 122 0.180389
119 122 1.71369
119 123 1.5333
119 124 0.541166
119 125 0.0901943
119 126 0.180389
120 124 0.0901943
120 145 0.144311
120 147 1.01018
125 147 0.577244
125 148 0.144311
126 146 3.46346
126 147 3.31915
127 146 0.432933
127 148 3.75208
128 146 0.288622
128 148 0.144311
128 149 3.17484
129 149 0.288622
129 150 1.2988
130 141 0.144311
130 149 0.577244
131 149 0.721555
131 151 0.721555
131 175 0.144311
132 151 0.144311
132 175 0.721555
133 137 0.721555
133 138 0.180389
133 141 0.144311
133 149 1.2988
133 175 0.288622
133 178 0.288622
133 179 0.144311
134 137 2.16466
134 178 0.721555
135 138 1.6235
135 139 0.0901943
135 178 0.432933
136 139 1.80389
136 140 0.721555
137 140 2.07447
137 141 0.270584
138 141 1.89408
138 142 0.180389
138 182 0.144311
139 142 1.6235
139 143 0.45097
139 182 0.432933
140 143 1.80389
140 144 0.180389
141 144 1.80389
141 145 1.71369
141 146 0.0901943
141 149 0.144311
141 184 0.144311
142 145 0.270584
142 182 0.144311
142 184 0.432933
146 149 0.144311
146 184 0.288622
147 184 3.17484
147 185 0.721555
148 184 0.432933
148 185 4.61795
148 216 0.432933
148 217 0.288622
149 179 0.144311
149 185 0.288622
149 186 2.74191
149 187 0.577244
150 187 3.31915
151 172 2.30897
151 175 1.15449
151 176 0.432933
151 187 0.144311
151 188 0.432933
152 172 0.577244
152 188 0.721555
152 189 3.75208
152 219 0.144311
153 160 0.432933
153 169 1.01018
153 173 0.144311
153 188 0.144311
153 189 2.5976
153 190 0.144311
154 160 0.288622
154 164 0.288622
154 172 0.144311
154 190 2.88622
154 191 0.432933
154 194 0.144311
154 204 0.577244
155 159 0.144311
155 169 0.432933
155 196 0.432933
155 200 2.45329
155 204 0.721555
156 159 3.17484
156 160 0.288622
156 169 0.721555
156 200 1.15449
157 160 0.144311
157 169 2.16466
157 207 0.288622
159 162 3.75208
159 163 0.432933
159 195 0.432933
159 200 0.144311
160 163 3.03053
160 164 4.61795
160 167 0.577244
160 169 0.577244
160 172 0.721555
161 164 0.432933
161 165 0.144311
163 194 0.144311
164 167 0.865865
167 171 0.541166
167 172 0.631361
168 171 2.52544
168 172 0.0901943
169 172 1.80389
169 173 0.45097
169 207 1.01018
170 173 2.16466
170 174 0.631361
171 174 1.89408
171 175 0.180389
172 175 2.07447
172 176 0.0901943
173 176 1.80389
174 177 1.80389
174 178 0.45097
175 178 1.89408
175 179 0.360777
176 179 1.98428
176 180 0.180389
177 180 1.98428
177 181 0.45097
178 181 1.6235
178 182 0.180389
179 182 1.98428
179 183 1.5333
179 184 0.45097
180 183 1.6235
180 184 0.0901943
180 186 0.288622
180 213 0.865865
180 216 0.577244
185 216 1.15449
186 215 3.03053
186 216 3.31915
186 217 0.144311
187 215 0.144311
187 217 3.03053
187 219 0.288622
188 208 0.432933
188 215 0.144311
188 217 0.144311
188 218 0.577244
188 219 0.577244
189 208 0.144311
189 219 2.88622
190 204 0.144311
190 219 0.144311
190 220 2.74191
190 221 0.865865
191 194 1.01018
191 196 0.577244
191 221 3.03053
191 222 0.144311
191 223 0.144311
192 196 1.58742
192 201 0.432933
192 220 0.144311
192 221 0.432933
192 222 2.74191
192 223 0.288622
192 242 0.288622
193 196 0.288622
193 223 0.721555
193 234 0.144311
193 237 0.144311
194 223 0.288622
194 231 0.432933
194 234 0.144311
196 200 0.631361
196 201 0.721555
197 200 2.43525
197 201 0.180389
198 201 1.80389
198 202 0.180389
199 202 1.89408
199 203 0.0901943
200 203 1.71369
201 204 1.80389
201 205 0.0901943
201 241 0.144311
201 245 0.144311
202 205 1.80389
202 206 0.270584
203 206 2.07447
203 207 0.180389
204 207 1.89408
204 208 0.360777
205 208 2.07447
205 209 0.270584
205 248 0.144311
205 252 0.721555
206 209 1.5333
206 210 0.360777
206 252 0.144311
207 210 0.270584
207 211 0.270584
208 211 0.721555
208 214 0.288622
208 215 0.144311
208 253 0.144311
209 252 0.144311
209 253 0.144311
211 214 0.144311
215 218 0.288622
215 256 0.432933
216 256 3.17484
216 257 0.432933
217 257 3.03053
217 259 0.144311
218 257 0.577244
218 258 3.03053
219 259 2.74191
219 261 0.288622
220 242 0.577244
220 245 0.288622
220 246 0.577244
220 260 2.45329
220 261 0.577244
221 242 0.432933
221 261 1.15449
221 262 3.75208
222 225 0.144311
222 237 0.432933
222 242 0.577244
222 262 0.721555
223 231 0.144311
224 292 0.288622
225 229 0.144311
225 232 0.577244
225 234 0.144311
225 236 0.432933
226 229 1.01018
226 232 0.432933
227 232 0.288622
229 232 0.577244
231 234 1.15449
238 241 1.89408
239 242 1.80389
239 243 0.270584
239 271 0.144311
240 243 1.98428
240 244 0.180389
240 274 0.288622
241 244 1.71369
241 245 0.270584
242 245 1.6235
242 246 0.0901943
242 260 0.288622
242 267 0.144311
242 275 0.288622
243 246 1.89408
243 271 0.144311
243 274 0.577244
243 275 0.288622
244 247 1.89408
244 248 0.270584
245 248 1.6235
245 249 0.180389
246 249 1.80389
246 250 0.180389
246 258 0.288622
246 278 0.144311
246 279 0.144311
246 280 0.288622
247 250 1.80389
247 251 0.180389
247 278 0.144311
248 251 1.89408
248 252 0.360777
249 252 1.80389
249 253 0.180389
250 253 1.80389
250 254 0.45097
250 256 0.577244
250 257 0.144311
250 258 0.577244
250 278 0.288622
250 279 1.01018
250 281 0.144311
251 254 0.270584
253 256 1.01018
257 281 1.01018
258 280 3.03053
258 281 3.17484
259 282 5.05088
259 283 0.144311
259 284 0.865865
260 264 0.577244
260 267 0.144311
260 275 0.288622
260 280 0.144311
260 282 0.577244
260 283 0.432933
261 284 0.432933
263 266 3.31915
263 267 0.865865
264 267 0.865865
264 272 1.01018
264 283 0.577244
264 284 0.144311
264 295 0.721555
264 300 0.721555
265 293 0.288622
265 294 0.288622
265 295 0.865865
267 271 0.180389
267 272 0.0901943
268 271 2.16466
268 272 0.0901943
269 272 1.89408
269 273 0.0901943
269 299 0.144311
269 303 0.577244
269 306 0.288622
270 273 2.07447
270 274 0.270584
271 274 2.07447
271 275 0.270584
272 275 2.07447
272 276 0.811748
272 303 0.144311
273 276 1.89408
273 277 0.270584
274 277 2.07447
274 278 0.180389
275 278 1.98428
275 279 1.5333
275 280 0.270584
276 279 1.71369
276 280 0.45097
276 283 0.144311
283 304 0.288622
284 294 0.288622
285 294 0.144311
285 295 2.45329
285 297 1.87604
285 300 0.721555
285 301 0.577244
286 294 3.60777
286 295 0.432933
287 293 2.74191
287 294 1.15449
288 292 2.74191
288 294 0.144311
289 292 0.577244
295 300 0.541166
296 299 1.80389
296 300 0.180389
297 300 1.98428
297 301 0.180389
298 301 1.89408
298 302 0.180389
299 302 1.80389
299 303 0.180389
300 303 1.89408
300 304 0.360777
301 304 1.89408
301 312 0.144311
302 305 1.89408
302 306 0.360777
303 306 1.80389
303 307 0.45097
304 307 1.6235
304 308 1.80389
304 309 0.631361
304 310 0.180389
305 308 0.180389
305 313 0.432933
309 313 0.144311
310 313 0.288622
