nresidues = 72
0 43 1.25
0 44 0.625
1 41 0.125
1 42 1.625
1 43 0.4375
2 6 0.3125
2 7 0.0390625
2 10 0.0625
2 40 0.0625
2 41 1.25
2 42 0.375
2 44 0.0625
3 6 1.09375
3 7 0.078125
3 39 0.5625
3 40 1.1875
4 7 0.78125
4 8 0.078125
4 17 0.0625
4 20 0.25
4 21 0.0625
4 39 0.125
4 42 0.125
5 8 0.703125
5 9 0.078125
5 17 0.1875
6 9 0.703125
6 10 0.3125
7 10 0.78125
7 11 0.742188
7 20 0.0625
7 29 0.0625
7 42 0.5
7 46 0.3125
8 11 0.117188
8 14 0.625
8 15 0.3125
8 20 0.125
11 14 0.125
11 46 0.0625
15 19 0.0390625
15 23 0.125
16 19 0.898438
16 20 0.078125
17 20 0.78125
17 21 0.3125
18 21 0.898438
18 22 0.078125
19 22 0.820312
19 23 0.351562
20 23 0.820312
20 24 0.117188
21 24 0.78125
21 25 0.234375
22 25 0.898438
22 26 0.195312
23 26 0.78125
23 27 0.742188
23 28 0.195312
23 48 0.4375
24 27 0.0390625
24 33 0.0625
24 40 0.1875
24 42 0.0625
26 51 0.0625
27 30 0.125
27 51 0.0625
28 47 0.0625
28 48 1.625
28 49 0.5
28 50 0.0625
28 51 0.0625
29 32 0.125
29 42 0.1875
29 46 0.0625
29 47 1.25
29 48 0.0625
30 46 1.5
30 47 0.1875
30 49 0.125
31 46 0.1875
33 40 0.1875
33 41 1.3125
33 42 0.1875
34 40 1.25
34 41 0.25
35 39 1.25
35 40 0.3125
36 39 0.375
43 46 0.125
