nresidues = 245
0 59 0.131819
0 60 2.50457
0 61 1.05455
0 90 2.7682
0 91 0.395458
1 28 0.659096
1 59 2.50457
1 64 0.263639
1 88 0.131819
1 89 2.7682
1 90 0.395458
2 58 2.24093
2 59 0.790916
2 87 0.659096
2 88 2.63639
2 89 0.263639
3 55 0.263639
3 57 2.7682
3 58 0.395458
3 86 0.131819
3 87 2.90002
3 88 0.527277
4 55 2.90002
4 56 2.63639
4 57 0.659096
4 86 2.63639
4 87 0.263639
5 9 0.164774
5 10 0.164774
5 55 0.131819
5 85 2.7682
5 86 0.790916
5 88 0.131819
6 9 1.81252
6 56 0.131819
6 82 2.24093
6 84 2.63639
7 10 1.64774
7 11 0.411934
7 81 0.131819
7 82 2.63639
7 84 0.131819
7 86 0.131819
8 11 1.64774
8 12 0.329548
8 82 0.263639
8 227 0.659096
9 12 1.40058
9 13 0.247162
9 50 0.131819
9 54 0.131819
9 227 0.131819
9 231 0.131819
10 13 1.48297
10 14 0.411934
10 86 0.131819
11 14 1.64774
11 15 0.164774
11 77 0.659096
11 78 0.131819
11 80 0.395458
11 82 0.131819
12 15 1.64774
12 16 0.164774
12 203 0.263639
12 226 0.131819
12 227 0.395458
13 16 1.64774
13 17 0.247162
13 48 0.131819
13 50 0.131819
13 231 0.131819
14 17 1.64774
14 18 0.247162
14 73 0.527277
14 74 0.263639
15 18 1.64774
15 19 0.164774
15 74 0.131819
15 202 0.922735
15 203 0.527277
16 19 0.082387
16 203 0.131819
16 233 0.131819
16 235 0.790916
17 20 1.64774
17 21 1.64774
17 35 0.131819
17 48 0.131819
17 70 0.527277
18 21 0.411934
18 70 0.131819
18 71 0.131819
18 74 0.131819
19 235 0.131819
20 39 0.527277
20 40 0.131819
20 44 0.395458
20 45 0.395458
20 46 0.263639
21 37 0.263639
21 38 0.263639
21 70 0.131819
22 69 2.7682
22 70 2.7682
22 71 0.790916
23 68 2.63639
23 70 0.131819
23 110 0.131819
24 66 0.131819
24 67 2.50457
24 68 0.395458
24 70 0.131819
24 115 0.263639
25 35 0.527277
25 66 2.50457
25 112 0.527277
25 115 0.659096
25 116 0.790916
25 117 0.659096
25 118 0.659096
26 33 0.263639
26 34 2.50457
26 35 0.263639
26 64 0.131819
26 65 2.63639
26 66 0.659096
26 68 0.131819
27 32 0.131819
27 33 2.50457
27 34 0.922735
27 64 2.63639
27 65 0.790916
27 118 0.659096
28 32 2.50457
28 58 0.527277
28 60 0.131819
28 63 2.63639
28 64 0.527277
28 66 0.131819
29 32 0.922735
29 58 0.527277
29 60 0.395458
29 63 0.922735
30 52 0.131819
30 60 0.263639
30 61 0.131819
30 63 0.527277
31 51 2.63639
31 52 0.395458
31 58 0.131819
31 63 0.131819
32 50 2.63639
32 51 0.131819
32 58 0.790916
33 48 0.131819
33 49 2.63639
33 50 0.395458
33 55 0.131819
34 47 0.131819
34 48 2.7682
34 49 0.922735
35 46 0.131819
35 47 2.63639
35 48 0.395458
36 46 2.63639
36 118 0.395458
36 119 1.18637
36 121 0.527277
37 45 2.7682
37 46 0.395458
38 42 0.263639
38 44 2.7682
38 45 0.263639
38 116 0.131819
38 119 0.131819
39 42 0.790916
39 43 0.527277
39 44 0.263639
39 116 0.131819
39 196 0.527277
41 196 0.131819
42 116 0.790916
43 196 0.659096
43 236 0.131819
43 237 2.7682
43 238 0.263639
44 196 0.263639
44 200 0.131819
44 236 2.63639
45 119 0.131819
45 120 0.131819
45 234 0.131819
45 235 2.90002
45 236 0.131819
46 234 2.7682
46 235 0.527277
47 232 0.131819
47 233 2.50457
47 234 0.527277
47 236 0.131819
48 232 2.50457
49 231 2.50457
49 232 0.527277
50 54 0.131819
50 55 0.659096
50 230 0.131819
51 54 2.7682
51 55 0.263639
51 230 0.131819
52 55 0.659096
52 58 0.263639
54 230 1.18637
55 58 0.527277
56 85 0.131819
64 90 0.263639
64 92 0.131819
65 112 0.131819
66 109 0.131819
66 110 2.24093
66 112 0.131819
67 109 2.90002
67 110 0.790916
67 115 0.131819
68 73 0.082387
68 110 0.263639
69 72 2.22446
69 73 0.082387
69 110 0.263639
70 73 1.48297
70 74 0.164774
71 74 1.64774
71 75 0.164774
72 75 1.64774
72 76 0.247162
72 105 0.131819
72 107 0.131819
73 76 1.73013
73 77 0.247162
73 96 0.131819
74 77 1.97729
74 78 0.411934
75 78 0.329548
76 79 1.73013
76 80 0.082387
76 105 1.31819
77 80 0.57671
79 100 0.263639
80 84 0.395458
80 86 0.131819
80 100 1.05455
81 84 1.18637
84 100 0.131819
85 99 0.131819
85 100 0.263639
86 98 0.131819
86 99 2.90002
87 97 0.131819
87 98 2.63639
87 99 0.790916
88 97 2.63639
88 98 0.131819
89 95 0.131819
89 96 2.7682
89 97 0.527277
89 99 0.131819
90 95 0.263639
90 96 0.131819
91 97 0.527277
93 109 0.395458
94 107 0.131819
94 108 2.63639
94 109 0.790916
95 107 2.63639
95 109 0.527277
96 105 0.131819
96 106 2.50457
96 107 0.659096
96 109 0.131819
97 104 0.131819
97 105 2.63639
97 106 0.131819
98 103 0.131819
98 104 2.63639
98 105 0.659096
99 103 2.63639
99 104 0.395458
100 103 0.790916
111 114 2.63639
111 115 0.131819
112 115 0.659096
122 236 0.131819
124 219 0.131819
124 221 0.131819
125 218 0.131819
126 213 0.659096
126 214 2.7682
126 215 0.131819
126 218 0.395458
126 219 0.131819
127 184 0.527277
127 186 0.131819
127 187 0.131819
127 214 2.50457
127 215 0.131819
128 155 0.263639
128 184 0.659096
128 186 0.131819
128 188 0.131819
128 212 0.131819
128 213 2.63639
128 214 0.527277
129 182 0.263639
129 183 2.63639
129 184 0.527277
129 211 0.131819
129 212 2.63639
130 160 0.131819
130 180 0.263639
130 182 2.63639
130 183 0.263639
130 210 0.131819
130 211 2.63639
130 212 0.790916
131 180 2.63639
131 181 2.90002
131 182 0.790916
131 209 0.263639
131 210 2.63639
131 211 0.131819
132 136 0.247162
132 137 0.164774
132 173 0.131819
132 181 0.263639
132 209 2.63639
132 210 0.659096
133 136 1.64774
133 137 0.082387
133 206 0.790916
133 207 0.263639
133 208 2.7682
134 137 1.73013
134 138 0.164774
134 204 0.131819
134 205 2.63639
134 208 0.527277
134 224 0.131819
135 138 1.64774
135 139 0.329548
135 205 0.395458
135 206 0.131819
136 139 1.64774
136 140 0.164774
136 173 0.395458
137 140 1.64774
137 141 0.494322
137 153 0.263639
137 162 0.263639
137 201 0.263639
137 210 0.527277
137 212 0.131819
138 141 1.64774
138 142 0.164774
138 201 0.790916
138 204 0.395458
139 142 1.64774
139 143 0.164774
140 143 1.64774
140 144 0.164774
140 162 0.131819
140 173 0.263639
141 144 1.73013
141 145 0.164774
141 197 0.395458
141 198 0.131819
142 145 1.56535
142 146 0.164774
143 146 1.56535
143 171 0.395458
144 147 1.64774
144 148 0.082387
144 151 0.131819
144 164 0.131819
144 171 0.131819
145 148 0.247162
145 194 0.527277
145 198 0.659096
147 164 0.263639
147 165 0.263639
147 166 0.131819
147 169 0.659096
147 171 0.131819
148 165 0.263639
148 194 0.131819
149 193 2.63639
149 194 0.790916
149 240 0.131819
150 164 0.131819
150 191 0.131819
150 192 2.63639
150 194 0.263639
150 240 1.18637
151 163 2.90002
151 164 0.131819
151 190 0.131819
151 191 2.7682
151 192 0.527277
151 194 0.131819
151 197 0.131819
152 161 0.131819
152 162 2.50457
152 163 0.527277
152 189 0.263639
152 190 2.7682
152 191 0.263639
152 242 0.131819
153 161 2.63639
153 162 0.395458
153 188 0.131819
153 189 2.50457
153 190 0.527277
153 192 0.131819
153 197 0.263639
153 214 0.395458
154 159 0.131819
154 160 2.7682
154 161 1.05455
154 163 0.131819
154 188 2.63639
154 189 0.395458
155 159 2.63639
155 183 0.263639
155 186 3.03184
155 187 2.63639
155 188 0.395458
156 159 0.527277
156 161 0.131819
156 183 0.263639
156 185 2.90002
156 186 0.131819
157 185 0.131819
158 161 0.131819
158 174 0.263639
158 176 0.263639
158 183 0.131819
159 175 2.50457
159 183 0.527277
160 173 0.131819
160 174 2.7682
160 175 0.263639
160 212 0.263639
161 173 2.7682
161 174 1.05455
162 171 0.131819
162 172 2.63639
162 173 0.790916
163 171 2.50457
164 170 2.63639
164 171 0.659096
165 169 2.63639
166 169 0.527277
174 179 0.082387
175 179 0.741482
175 180 0.247162
176 179 2.22446
176 180 0.247162
177 180 0.329548
177 183 0.395458
180 183 0.395458
181 209 0.131819
188 214 0.527277
188 215 2.63639
188 216 0.395458
189 215 0.263639
189 216 2.7682
189 242 1.58183
190 215 0.527277
190 216 0.527277
190 217 0.263639
190 218 0.131819
190 242 0.395458
191 239 2.63639
191 240 0.395458
192 214 0.131819
192 218 0.263639
192 219 0.263639
192 220 0.922735
192 237 0.395458
192 238 0.131819
192 239 0.395458
192 240 0.131819
193 196 1.48297
193 197 0.247162
193 237 0.131819
193 240 0.922735
194 197 1.64774
194 198 0.164774
195 198 1.56535
195 199 0.082387
196 199 1.64774
196 200 0.659096
196 237 0.395458
197 200 1.73013
197 201 0.164774
197 222 0.131819
197 237 0.263639
198 201 1.56535
198 202 0.082387
199 202 0.82387
200 203 0.082387
200 222 0.131819
200 235 2.24093
200 237 0.131819
201 204 0.329548
203 226 0.395458
204 208 0.527277
204 224 0.263639
204 226 0.263639
205 208 0.790916
208 225 2.90002
208 226 0.659096
209 223 0.131819
209 224 2.50457
209 225 0.659096
210 222 0.263639
210 223 2.90002
210 224 0.395458
211 221 0.131819
211 222 2.50457
211 223 0.659096
212 220 0.131819
212 221 2.63639
212 222 0.263639
213 220 2.63639
213 221 1.18637
213 223 0.131819
217 239 0.395458
217 241 0.131819
217 242 0.263639
218 239 0.922735
219 236 0.131819
219 237 2.63639
219 239 0.263639
220 235 0.131819
220 236 2.7682
220 237 0.131819
221 234 1.58183
221 235 2.50457
222 233 0.131819
222 234 2.7682
222 235 0.527277
223 232 0.263639
223 233 2.63639
223 234 0.395458
224 231 0.131819
224 232 2.63639
224 233 1.05455
225 231 2.63639
226 229 2.50457
226 230 2.50457
226 231 0.395458
226 233 0.131819
227 230 0.922735
