nresidues = 167
2 43 0.142658
2 45 0.57063
2 58 0.142658
2 122 1.14126
2 165 2.85315
3 42 3.28112
3 43 0.142658
3 45 0.285315
3 163 0.142658
3 164 2.71049
3 165 0.285315
4 40 2.85315
4 41 2.85315
4 42 0.285315
4 45 0.142658
4 163 2.71049
5 30 1.14126
5 33 0.142658
5 38 0.998603
5 39 3.13847
5 40 0.142658
5 161 0.142658
5 162 2.71049
5 163 1.71189
6 38 3.13847
6 39 0.427973
6 41 0.285315
6 70 0.142658
6 146 0.57063
6 161 2.85315
6 162 0.427973
7 37 2.85315
7 38 0.142658
7 153 0.57063
7 159 0.142658
7 160 2.71049
7 161 0.57063
8 36 0.57063
8 37 0.285315
8 152 1.14126
8 153 0.998603
8 156 0.142658
8 158 0.855946
8 159 2.71049
9 13 0.534966
9 14 0.178322
9 36 0.142658
9 158 2.99581
9 159 1.14126
9 161 0.427973
10 13 2.0507
10 14 0.267484
10 158 0.285315
10 159 0.713288
11 14 1.78322
11 15 0.445804
11 159 0.57063
12 15 1.69406
12 16 0.178322
13 16 1.87238
13 17 0.178322
13 36 0.142658
14 17 1.87238
14 18 0.445804
14 159 0.142658
15 18 1.87238
15 19 0.534966
16 19 1.69406
16 20 0.267484
17 20 0.267484
17 32 0.142658
26 29 0.855946
26 82 0.285315
26 83 0.142658
26 84 0.285315
26 165 0.142658
28 31 1.6049
28 32 0.089161
29 32 1.69406
29 33 0.713288
30 33 0.089161
30 34 0.089161
30 165 0.285315
31 34 0.267484
33 36 1.14126
33 38 0.285315
33 161 0.142658
33 163 0.142658
34 38 0.142658
37 152 1.85455
39 145 0.713288
39 146 0.142658
41 44 2.13986
41 45 0.285315
41 48 0.142658
41 142 0.285315
42 45 0.142658
43 123 0.142658
44 47 1.96154
44 48 0.089161
44 142 1.42658
45 48 1.78322
45 49 0.178322
45 58 0.285315
45 122 1.42658
45 164 0.998603
46 49 1.96154
46 50 0.178322
46 56 1.28392
46 57 0.285315
46 121 1.42658
46 122 0.713288
47 50 1.87238
47 51 0.089161
47 122 0.427973
47 123 0.285315
47 127 0.57063
47 139 0.998603
48 51 1.69406
48 52 0.356644
48 139 0.285315
48 142 0.142658
48 143 0.285315
49 52 1.69406
49 53 0.624128
49 55 2.13986
49 56 0.624128
49 57 0.624128
49 60 0.142658
49 67 0.713288
49 71 0.285315
50 53 1.69406
50 54 0.534966
50 55 0.267484
50 111 0.57063
50 112 0.285315
50 115 0.57063
50 116 0.57063
50 119 0.142658
50 121 0.427973
51 107 0.142658
52 66 0.142658
52 70 0.142658
52 99 0.142658
53 64 0.285315
53 66 0.427973
53 67 0.142658
54 115 0.427973
54 119 0.285315
55 59 0.285315
55 60 0.142658
55 119 0.142658
56 59 2.85315
56 60 0.285315
56 121 0.285315
57 60 0.427973
57 71 0.142658
57 83 0.285315
58 122 0.142658
60 67 0.142658
61 64 0.142658
63 68 0.534966
64 67 1.87238
64 68 0.624128
65 68 2.22902
65 69 0.178322
65 98 0.855946
66 69 1.96154
66 70 0.089161
67 70 1.87238
67 71 0.356644
68 71 1.69406
68 72 2.13986
68 73 0.713288
69 95 0.142658
69 99 0.142658
69 146 0.142658
69 150 0.57063
70 162 0.57063
71 84 2.42518
71 85 0.142658
71 162 0.57063
71 164 0.142658
72 86 2.71049
72 87 0.427973
73 86 2.99581
73 91 0.713288
74 84 0.142658
74 85 2.85315
74 86 0.855946
74 88 0.285315
74 91 0.855946
75 84 2.85315
76 84 2.99581
76 86 0.142658
77 82 2.42518
77 83 2.85315
77 84 0.285315
78 83 0.998603
81 165 0.142658
82 164 3.13847
83 162 2.56784
83 163 2.85315
83 164 0.998603
84 162 2.85315
84 163 0.142658
85 160 0.142658
85 161 3.13847
85 162 0.285315
86 160 2.85315
86 161 0.142658
87 91 0.713288
87 92 0.142658
87 95 0.142658
87 159 2.85315
87 160 0.57063
88 91 3.7091
88 92 0.142658
88 158 2.42518
88 159 1.14126
89 92 0.142658
89 153 0.142658
89 154 0.57063
89 156 0.142658
89 157 0.998603
89 158 0.713288
89 159 0.427973
91 94 1.69406
91 95 0.178322
92 95 1.87238
92 96 0.356644
92 150 0.142658
92 153 0.285315
92 154 0.142658
92 158 0.142658
93 96 1.78322
93 97 0.178322
93 154 0.142658
94 97 1.78322
94 98 0.445804
95 98 1.78322
95 99 0.267484
95 150 0.285315
96 99 1.78322
96 100 0.802448
96 150 0.713288
96 151 0.57063
96 154 0.142658
97 100 1.6049
97 101 0.534966
98 101 1.69406
98 102 0.089161
99 102 0.267484
99 104 0.285315
99 147 0.142658
100 104 0.285315
100 147 0.142658
100 151 0.855946
101 104 0.142658
102 107 0.089161
103 106 2.0507
103 107 0.267484
104 107 1.78322
104 108 0.178322
104 136 0.142658
104 143 0.427973
104 144 0.427973
104 147 0.142658
105 108 1.78322
105 109 0.178322
106 109 1.78322
106 110 0.178322
107 110 1.78322
107 111 0.178322
107 136 0.998603
107 140 0.285315
108 111 0.534966
108 132 1.42658
108 133 0.142658
108 136 0.998603
111 132 0.855946
111 135 0.427973
111 136 0.713288
111 139 0.285315
112 115 2.22902
112 116 0.178322
112 132 0.713288
113 116 1.87238
113 117 0.624128
113 127 0.427973
113 128 0.142658
113 129 0.57063
113 132 0.855946
113 135 0.142658
114 117 1.78322
114 118 0.178322
114 129 0.855946
115 118 1.87238
115 119 0.624128
116 119 1.6049
116 120 1.6049
116 121 0.267484
116 127 0.285315
116 135 0.142658
117 120 0.178322
117 125 0.142658
117 126 1.28392
117 127 0.855946
121 124 0.142658
127 135 0.285315
128 131 0.285315
129 132 0.142658
131 134 2.0507
131 135 0.178322
132 135 1.78322
132 136 0.178322
133 136 1.78322
133 137 0.178322
134 137 1.78322
134 138 0.178322
135 138 1.78322
135 139 0.356644
136 139 1.78322
136 140 0.713288
137 140 1.78322
137 141 0.178322
138 141 1.78322
138 142 0.267484
139 142 1.78322
139 143 0.178322
140 143 1.87238
140 144 0.267484
141 144 1.78322
141 145 0.445804
142 145 1.78322
142 146 0.178322
143 146 1.78322
143 147 0.356644
144 147 1.78322
144 148 0.267484
145 148 1.78322
145 149 0.178322
146 149 1.78322
146 150 1.06993
147 150 1.78322
147 151 0.445804
148 151 1.78322
148 152 0.178322
149 152 1.87238
149 153 0.267484
150 153 1.78322
150 154 0.178322
150 160 0.142658
151 154 1.78322
151 155 0.267484
152 155 2.22902
152 156 0.267484
153 156 1.78322
153 157 1.69406
153 158 0.356644
153 159 0.356644
153 160 0.356644
154 157 0.089161
