nresidues = 172
29 35 0.0625
29 39 0.1875
29 92 0.1875
30 33 0.25
30 35 0.0625
30 39 0.25
30 92 0.1875
31 61 0.0625
31 72 0.1875
31 92 0.125
31 94 0.5625
32 72 0.25
32 76 0.0625
33 37 0.0625
33 39 0.125
33 59 0.0625
33 61 0.3125
33 72 0.25
33 75 1.4375
33 76 0.3125
34 37 0.1875
34 39 0.25
34 76 0.0625
36 76 0.1875
36 82 0.125
37 75 0.0625
37 90 0.0625
38 90 0.1875
39 59 0.0625
39 75 0.0625
39 90 1.5625
39 91 0.25
39 92 0.375
40 44 0.0390625
40 45 0.0390625
40 48 0.6875
40 88 0.1875
40 89 0.5625
40 90 0.3125
40 91 0.25
41 44 0.9375
41 45 0.0390625
41 91 0.125
42 45 0.78125
42 46 0.117188
43 46 0.742188
43 47 0.0390625
44 47 0.78125
44 48 0.078125
45 48 0.78125
45 49 0.078125
45 56 0.1875
45 89 0.25
46 49 0.78125
46 50 0.078125
46 121 0.125
47 50 0.78125
47 51 0.078125
48 51 0.820312
48 52 0.117188
48 89 0.125
49 52 0.742188
49 53 0.742188
49 54 0.15625
49 56 0.125
49 89 0.125
49 119 1.3125
50 119 0.125
53 119 0.1875
54 87 0.0625
54 119 0.3125
55 87 0.125
55 88 1.4375
55 89 0.0625
55 117 1.3125
55 157 0.0625
55 158 0.125
56 89 1.375
56 115 0.0625
56 116 1.375
56 117 0.3125
56 118 0.0625
57 75 0.0625
57 89 0.0625
57 90 1.375
57 91 0.25
57 114 0.0625
57 115 1.1875
57 116 0.25
57 146 0.0625
57 150 0.3125
58 91 1.1875
58 93 0.0625
58 113 0.0625
58 114 1.1875
58 115 0.25
58 117 0.0625
59 75 0.125
59 91 0.1875
59 92 1.3125
59 93 0.125
59 113 1.1875
60 93 1.1875
60 98 0.125
60 104 0.125
60 112 1.25
60 113 0.25
61 68 0.1875
61 92 0.4375
61 93 0.5
61 94 1.625
62 65 0.0625
62 68 0.125
62 94 0.0625
62 95 0.6875
62 98 0.25
62 111 0.125
63 94 0.0625
63 95 0.375
64 95 0.1875
65 68 0.859375
65 69 0.078125
65 111 0.1875
66 69 0.78125
66 70 0.078125
67 70 0.78125
67 71 0.078125
67 111 0.0625
67 112 0.1875
67 139 0.0625
68 71 0.742188
68 72 0.117188
68 111 0.0625
68 112 0.1875
69 72 0.0390625
69 73 0.0390625
70 73 0.117188
70 74 0.15625
71 74 0.78125
71 75 0.078125
71 112 0.0625
71 140 0.125
72 75 0.78125
72 76 0.078125
73 76 0.742188
73 77 0.117188
74 77 0.703125
74 78 0.0390625
74 141 0.125
74 143 0.0625
75 78 0.0390625
75 81 0.25
75 90 0.0625
75 146 0.0625
78 81 1.01562
78 82 0.0390625
78 143 0.0625
79 82 0.78125
79 83 0.234375
80 83 0.78125
80 84 0.15625
80 147 0.375
80 151 0.1875
81 84 0.78125
81 85 0.117188
81 146 0.125
81 147 0.0625
81 150 0.0625
82 85 0.859375
82 86 0.15625
83 86 0.195312
83 87 0.0390625
84 87 0.234375
84 88 0.078125
84 147 0.125
84 150 0.1875
84 151 0.0625
84 154 0.0625
85 88 0.15625
85 90 0.25
85 150 0.0625
87 154 0.3125
88 116 0.125
88 150 0.1875
88 153 0.1875
92 97 0.0625
93 97 0.625
93 99 0.125
94 97 0.4375
95 98 0.125
98 113 0.25
99 104 0.1875
101 104 0.5
102 105 0.25
103 106 0.125
103 123 0.25
104 113 0.25
104 115 0.25
104 123 0.125
105 108 0.125
105 113 0.125
106 125 0.125
106 138 0.375
107 110 0.4375
107 135 0.1875
107 136 0.25
107 137 0.25
107 138 0.1875
108 113 0.125
109 113 0.1875
110 113 0.5
110 136 0.4375
110 137 0.1875
110 138 0.3125
110 139 0.125
111 139 0.125
112 138 0.0625
112 139 0.1875
113 138 1.25
114 138 0.1875
114 140 0.25
115 123 0.0625
115 138 0.1875
116 123 1.1875
116 124 0.1875
116 127 0.0625
116 140 0.0625
116 149 0.3125
116 150 0.0625
116 153 0.3125
116 157 0.0625
117 121 0.125
117 122 1.4375
117 123 0.1875
117 124 0.0625
117 157 0.1875
118 121 0.1875
118 122 0.75
118 124 0.4375
118 162 0.125
119 157 0.125
124 127 0.1875
124 157 0.3125
124 162 0.5625
125 128 0.0625
125 138 0.375
126 156 0.5
127 138 0.125
127 153 0.0625
127 157 0.1875
128 137 1.5625
128 138 0.0625
128 140 0.25
129 132 0.1875
129 137 0.125
129 139 0.25
129 140 0.75
129 145 0.4375
131 145 0.0625
133 136 1.5625
134 137 0.0625
136 139 0.25
140 145 0.351562
140 146 0.078125
140 149 0.0625
141 145 0.195312
142 145 0.9375
142 146 0.078125
143 146 0.78125
143 147 0.117188
144 147 0.78125
144 148 0.078125
145 148 0.78125
146 149 0.742188
146 150 0.15625
147 150 0.78125
147 151 0.273438
148 151 0.78125
148 152 0.078125
149 152 0.78125
149 153 0.078125
150 153 0.78125
150 154 0.078125
151 154 0.742188
151 155 0.078125
152 155 0.78125
152 156 0.078125
153 156 0.703125
153 157 0.117188
154 157 0.664062
154 158 0.195312
155 161 0.0625
156 160 1.0625
156 161 1.3125
156 162 0.5625
157 162 0.0625
158 161 0.0625
