nresidues = 861
296 299 2.0762
296 300 0.109274
297 300 2.40402
297 301 0.327822
297 493 1.92321
297 517 0.524513
297 520 0.699351
297 521 2.09805
297 524 0.349675
298 301 1.96692
298 302 0.218547
298 514 0.349675
298 517 0.524513
298 518 0.524513
299 302 0.218547
300 493 0.349675
301 485 0.174838
301 489 1.04903
301 492 0.349675
301 493 1.04903
303 308 1.57354
303 360 0.524513
303 364 0.174838
304 308 0.699351
304 364 0.524513
305 308 1.04903
305 364 1.04903
305 368 0.349675
306 309 0.349675
306 316 0.349675
306 320 0.174838
306 361 0.174838
306 364 0.349675
306 365 0.699351
306 368 1.22386
308 485 0.874188
310 477 0.349675
310 481 0.174838
310 485 0.699351
310 513 0.174838
312 315 2.18547
312 316 0.218547
312 356 0.174838
312 474 1.3987
312 475 0.874188
312 477 0.174838
313 316 2.0762
313 317 0.218547
314 317 2.18547
314 318 0.218547
315 318 2.29474
315 319 0.218547
315 472 0.174838
315 473 0.524513
316 319 2.40402
316 320 0.218547
317 320 2.29474
317 321 0.546366
318 321 1.96692
318 322 0.109274
318 470 0.174838
318 471 0.174838
318 472 0.349675
319 322 2.29474
319 323 0.109274
319 350 0.349675
319 365 0.349675
319 472 0.524513
320 323 2.18547
320 324 0.218547
320 365 0.349675
320 368 0.349675
321 324 2.29474
321 325 0.109274
322 325 1.96692
322 326 0.98346
322 342 0.174838
322 345 0.349675
322 346 0.349675
322 347 0.874188
322 348 0.874188
322 449 0.174838
322 450 0.349675
322 451 0.349675
322 470 0.524513
323 326 0.109274
323 365 0.524513
323 366 0.174838
323 369 1.22386
323 371 0.524513
323 449 0.349675
324 369 0.174838
325 328 2.29474
325 329 0.437094
326 329 2.18547
326 330 0.327822
326 334 1.22386
326 345 0.174838
326 346 1.04903
326 447 1.22386
326 448 1.74838
326 449 0.699351
327 330 2.40402
327 331 0.437094
327 371 0.174838
328 331 2.62256
328 332 0.546366
329 332 2.18547
329 333 2.18547
329 334 1.31128
329 343 0.524513
330 333 0.109274
330 334 0.546366
330 447 0.174838
332 336 0.524513
334 343 0.874188
334 344 1.04903
334 345 0.349675
334 346 1.57354
335 344 0.174838
336 343 0.174838
336 344 0.174838
337 344 0.349675
338 341 0.174838
341 344 0.174838
341 345 0.349675
342 470 0.524513
345 467 0.174838
345 468 0.524513
345 469 2.27289
345 470 1.22386
346 443 0.349675
346 444 0.874188
346 446 0.524513
346 449 2.97224
347 450 4.37094
347 469 3.67159
347 470 0.349675
348 450 0.174838
348 451 3.32191
348 452 0.699351
348 470 3.67159
349 452 4.37094
349 457 0.174838
349 465 0.349675
349 469 0.174838
349 470 0.174838
349 471 3.84643
349 472 0.174838
350 358 0.349675
350 451 0.174838
350 452 0.874188
350 453 3.32191
350 454 0.174838
350 472 3.49675
350 474 0.349675
351 358 1.04903
351 454 3.67159
351 455 2.97224
351 457 1.3987
351 471 0.174838
351 472 0.174838
351 473 5.24513
351 474 0.524513
352 358 0.699351
352 454 0.174838
352 455 1.22386
352 474 0.174838
353 356 0.349675
353 358 0.349675
353 455 0.349675
353 474 0.174838
353 476 1.04903
354 455 0.524513
354 512 1.22386
354 514 0.174838
355 512 3.67159
355 513 3.32191
355 514 0.349675
356 474 0.524513
356 477 0.349675
357 360 2.29474
357 361 0.218547
358 361 2.18547
358 362 0.218547
358 453 0.349675
358 454 0.349675
358 474 0.349675
359 362 1.85765
359 363 0.437094
359 423 0.874188
360 363 2.18547
360 364 0.546366
361 364 2.29474
361 365 0.437094
362 365 1.85765
362 366 0.218547
362 451 0.174838
363 366 2.18547
363 367 0.874188
363 373 0.349675
364 367 2.40402
364 368 0.327822
365 368 1.96692
365 369 0.218547
366 369 2.0762
366 370 1.85765
366 371 0.327822
366 373 0.174838
367 373 0.174838
369 414 0.699351
370 414 3.49675
370 415 0.174838
371 414 2.27289
371 417 3.84643
371 418 0.174838
371 419 0.699351
371 449 0.699351
372 399 0.874188
372 401 0.524513
372 417 0.524513
372 418 3.67159
372 419 0.524513
373 419 3.49675
373 421 0.174838
374 394 0.174838
374 418 0.174838
374 419 0.174838
374 420 3.49675
375 421 3.67159
376 380 0.699351
376 382 1.04903
376 421 0.174838
376 422 3.84643
376 423 0.524513
377 380 1.57354
377 382 1.92321
377 423 0.174838
377 424 0.524513
378 382 0.174838
378 424 0.174838
380 432 0.174838
381 386 0.437094
381 431 0.174838
381 432 0.349675
382 387 0.655641
382 422 1.04903
382 423 0.699351
382 424 0.349675
382 425 0.174838
382 428 0.699351
382 432 1.22386
382 435 0.174838
383 386 2.40402
383 387 0.437094
383 432 0.699351
383 433 3.49675
383 434 0.174838
384 387 2.29474
384 388 0.655641
384 433 0.349675
384 434 0.174838
384 438 0.349675
385 388 2.18547
385 389 0.218547
386 389 2.29474
386 390 0.109274
387 390 2.0762
387 391 1.96692
387 392 0.218547
387 435 0.349675
387 438 0.524513
387 439 0.174838
387 442 0.174838
388 392 0.98346
388 438 1.92321
388 442 0.349675
389 393 0.327822
390 393 0.546366
391 394 2.18547
391 395 0.218547
392 395 0.437094
392 442 0.524513
393 396 0.109274
393 397 0.327822
394 397 0.218547
394 448 0.174838
395 442 0.699351
395 446 2.97224
395 447 3.49675
395 448 0.699351
397 418 0.174838
398 403 0.437094
398 416 3.67159
398 418 0.524513
399 402 2.18547
399 403 0.218547
399 417 0.349675
399 418 1.22386
400 403 0.109274
400 404 0.218547
401 404 1.96692
401 405 0.437094
401 415 2.97224
402 405 1.85765
402 406 0.109274
402 415 0.874188
402 416 0.874188
403 406 0.437094
405 412 0.174838
406 416 0.874188
414 417 0.699351
417 448 0.174838
418 448 3.32191
418 449 0.174838
419 449 3.32191
419 451 0.174838
420 448 0.174838
420 449 0.524513
420 450 4.02127
420 451 0.699351
421 451 3.67159
421 453 0.174838
422 425 0.349675
422 439 0.349675
422 451 0.524513
422 452 3.67159
423 453 3.67159
424 427 0.174838
424 453 3.32191
425 428 0.699351
425 439 0.174838
425 453 0.524513
425 462 0.524513
425 465 0.349675
426 454 1.92321
426 455 1.04903
426 462 0.349675
428 432 0.699351
428 435 0.699351
428 436 0.349675
429 432 0.874188
432 435 0.174838
434 437 2.0762
434 438 0.218547
435 438 2.29474
435 439 0.218547
436 439 2.29474
436 440 0.218547
436 461 0.524513
436 462 0.174838
436 464 0.174838
436 465 0.349675
437 440 2.18547
437 441 0.218547
438 441 2.18547
438 442 0.98346
439 442 2.0762
439 443 0.109274
439 465 0.699351
440 443 0.109274
440 444 0.218547
440 464 0.349675
440 465 0.699351
441 444 2.51329
441 445 0.218547
442 445 2.0762
442 446 0.327822
442 450 0.174838
443 450 0.349675
443 465 0.174838
443 468 0.174838
444 468 0.699351
452 465 0.524513
454 457 0.174838
456 459 1.22386
456 462 0.174838
456 680 0.174838
457 462 0.349675
457 465 0.524513
457 466 0.524513
457 471 0.174838
458 677 0.174838
458 680 0.874188
459 462 3.49675
460 463 0.349675
461 464 0.174838
462 465 3.84643
463 466 1.57354
463 684 0.174838
464 468 0.174838
465 468 3.84643
465 469 0.174838
476 510 1.3987
476 673 0.174838
476 677 0.174838
477 481 0.109274
477 513 0.349675
478 481 2.62256
478 482 0.109274
479 482 2.29474
479 483 0.218547
479 506 0.174838
480 483 2.29474
480 484 0.218547
481 484 2.18547
481 485 0.218547
482 485 2.29474
482 486 0.546366
482 506 0.524513
482 511 0.174838
482 513 0.524513
483 486 2.18547
483 487 0.327822
483 499 0.524513
483 502 0.174838
483 503 0.524513
483 506 0.174838
484 487 2.18547
484 488 0.327822
485 488 2.51329
485 489 0.327822
486 489 2.40402
486 490 0.218547
486 502 0.174838
486 506 0.174838
486 517 0.174838
486 520 0.174838
487 490 2.18547
487 491 0.327822
488 491 2.18547
488 492 0.109274
489 492 2.29474
489 493 0.327822
490 493 2.18547
490 494 1.96692
490 495 2.8411
491 494 0.109274
495 520 0.349675
495 535 0.174838
496 535 0.349675
497 502 0.327822
497 520 0.174838
497 539 0.174838
498 501 2.51329
498 502 0.218547
499 502 1.96692
499 503 0.546366
500 503 2.40402
500 504 0.327822
501 504 2.0762
501 505 0.437094
501 539 0.174838
501 542 0.174838
501 543 0.349675
502 505 2.0762
502 506 0.218547
503 506 2.18547
503 507 0.109274
504 507 2.62256
504 508 0.327822
504 543 0.174838
504 548 0.349675
504 551 0.699351
504 663 0.174838
505 508 2.40402
505 509 0.437094
505 519 0.174838
505 542 0.349675
505 548 0.174838
506 509 2.18547
506 510 2.0762
507 510 0.109274
507 664 0.524513
507 665 0.524513
508 548 0.174838
508 551 0.349675
508 665 0.874188
509 512 1.22386
509 515 0.349675
509 516 0.524513
510 665 0.349675
510 669 1.04903
510 670 0.174838
510 673 0.174838
512 515 2.73184
512 516 0.218547
513 516 2.18547
513 517 0.437094
514 517 2.18547
514 518 0.327822
515 518 2.40402
515 519 0.218547
516 519 2.29474
516 520 0.218547
517 520 2.18547
517 521 0.327822
518 521 2.51329
518 522 0.109274
519 522 0.327822
519 542 0.524513
519 547 0.174838
521 524 3.14708
521 525 0.699351
522 525 3.32191
522 526 0.874188
522 542 1.04903
522 546 0.874188
523 526 3.49675
523 538 0.174838
523 542 2.09805
524 527 0.174838
527 538 0.349675
529 534 0.174838
530 534 0.524513
530 535 0.174838
531 534 4.02127
531 535 0.349675
533 536 2.0762
533 537 0.109274
534 537 2.73184
534 538 0.874188
535 538 1.85765
536 539 0.109274
537 540 2.0762
538 541 1.96692
538 542 0.218547
539 542 2.29474
539 543 0.437094
540 543 2.29474
540 544 0.764916
541 544 1.85765
541 545 0.327822
542 545 2.18547
542 546 2.40402
542 547 0.874188
543 547 2.18547
543 548 2.73184
544 552 1.22386
545 549 0.524513
548 551 2.62256
549 552 2.18547
549 553 0.437094
550 553 1.96692
550 554 0.109274
550 583 0.174838
550 590 0.524513
551 554 2.29474
551 555 0.218547
551 663 1.22386
551 664 0.174838
552 555 2.18547
552 556 0.874188
553 556 2.18547
553 557 0.327822
553 579 0.174838
553 582 0.174838
553 587 0.174838
554 557 1.96692
554 558 0.437094
554 663 0.349675
555 558 2.18547
555 559 0.109274
556 559 0.327822
556 579 0.524513
557 563 0.874188
557 576 0.349675
557 648 0.349675
557 649 0.349675
557 652 0.174838
558 594 0.349675
558 656 3.84643
558 657 0.524513
558 659 0.174838
559 562 0.524513
559 563 0.349675
559 656 0.874188
559 657 3.67159
560 563 3.49675
560 601 0.174838
560 656 0.524513
560 657 0.174838
561 564 0.349675
561 566 2.97224
561 567 0.174838
562 567 3.32191
562 568 0.174838
562 571 1.22386
562 576 0.874188
563 576 0.874188
563 602 0.174838
563 649 0.174838
563 652 0.699351
563 653 0.874188
563 656 0.349675
564 567 2.18547
564 568 0.437094
565 568 2.40402
565 569 0.218547
566 569 2.40402
566 570 0.546366
567 570 2.29474
567 571 0.437094
568 571 0.218547
568 572 0.109274
569 572 0.109274
570 575 0.109274
571 575 1.52983
571 576 0.437094
571 579 0.524513
572 575 2.73184
572 576 0.437094
573 576 2.18547
573 577 0.546366
574 577 1.96692
574 578 0.218547
575 578 2.29474
575 579 0.327822
576 579 2.0762
576 649 0.699351
577 580 2.0762
577 581 0.218547
577 649 0.699351
578 581 2.18547
578 582 0.218547
579 582 0.764916
580 583 2.18547
580 584 0.764916
580 587 0.174838
580 588 0.349675
580 640 0.174838
580 643 0.699351
580 644 1.04903
580 647 0.174838
580 648 0.174838
581 584 0.109274
581 640 0.174838
583 586 2.51329
583 587 0.437094
584 588 0.218547
585 588 0.109274
585 589 0.218547
586 589 2.40402
586 590 0.437094
586 665 0.524513
587 590 2.18547
587 591 0.327822
587 648 0.349675
588 591 1.85765
588 592 0.218547
588 643 0.174838
588 647 0.349675
588 648 0.174838
589 592 2.0762
589 593 0.218547
589 666 1.3987
590 593 2.29474
590 594 0.327822
590 664 0.174838
590 666 0.174838
591 594 2.0762
591 595 0.437094
591 620 0.174838
591 647 0.349675
592 595 0.437094
592 620 0.174838
593 664 0.174838
593 665 0.699351
593 666 0.874188
593 667 0.524513
594 597 0.699351
594 663 0.349675
594 664 0.174838
595 598 0.174838
595 613 0.349675
595 616 0.524513
595 617 0.349675
595 655 0.524513
597 659 2.97224
597 660 3.14708
598 609 0.349675
598 655 0.874188
598 658 3.67159
599 657 3.49675
599 658 1.3987
600 603 1.04903
600 609 0.699351
600 655 0.524513
600 656 3.32191
600 657 0.174838
601 656 3.14708
601 657 0.174838
602 653 0.349675
602 654 0.349675
602 655 0.349675
602 656 0.524513
603 607 1.74838
603 608 0.349675
603 609 0.174838
604 607 0.874188
607 611 0.546366
607 612 0.109274
607 615 0.174838
608 611 2.95039
608 612 0.109274
609 612 2.18547
609 613 0.327822
610 613 2.18547
610 614 0.218547
611 614 2.18547
611 615 0.218547
612 615 2.18547
612 616 0.109274
612 654 0.349675
613 616 2.29474
613 617 0.218547
614 617 2.40402
614 618 0.218547
615 618 2.18547
615 619 0.109274
615 654 0.874188
616 619 2.29474
616 620 0.327822
616 651 0.699351
617 620 2.18547
617 621 0.218547
618 621 2.29474
618 622 0.546366
619 622 2.18547
619 623 0.109274
619 646 4.02127
619 650 0.699351
619 651 0.174838
620 623 2.0762
620 624 0.109274
620 647 0.174838
620 651 0.174838
621 624 2.18547
621 625 0.109274
622 625 2.29474
622 626 0.109274
623 626 2.18547
623 627 0.218547
623 643 0.699351
623 646 0.174838
624 627 2.29474
624 628 0.109274
625 628 2.0762
626 629 2.18547
626 630 0.546366
626 643 0.174838
626 646 0.174838
627 630 2.18547
627 631 1.31128
627 643 0.174838
628 631 2.18547
628 632 0.327822
629 632 2.62256
629 636 0.524513
630 633 0.109274
630 639 0.874188
633 636 0.874188
636 639 0.349675
637 640 1.22386
639 642 2.18547
639 643 0.109274
640 643 2.40402
640 644 0.218547
641 644 2.29474
641 645 0.218547
642 645 2.29474
642 646 0.655641
643 646 2.0762
643 647 1.31128
644 647 1.85765
644 648 2.18547
644 649 0.109274
645 648 1.85765
645 649 1.85765
645 650 0.218547
645 651 0.109274
646 651 0.218547
647 651 0.218547
648 651 2.62256
648 652 0.218547
649 652 2.18547
649 653 0.327822
650 653 2.51329
650 654 0.764916
651 654 2.0762
651 655 0.109274
652 655 2.29474
652 656 0.218547
659 663 0.349675
667 670 1.85765
667 671 0.327822
668 671 2.40402
668 672 1.20201
669 672 2.29474
669 673 0.109274
670 673 2.29474
670 674 0.109274
671 674 2.40402
671 675 0.218547
672 675 2.29474
672 676 0.218547
673 676 2.29474
673 677 1.20201
674 677 2.18547
674 678 0.437094
675 678 2.18547
675 679 0.655641
676 679 2.18547
676 680 0.109274
677 680 1.85765
677 681 0.218547
678 681 2.18547
678 682 0.218547
679 682 2.18547
679 683 0.218547
680 683 2.29474
680 684 0.218547
681 684 2.51329
681 685 0.546366
682 685 2.29474
682 686 0.218547
683 686 2.18547
683 687 0.764916
684 687 2.18547
684 688 0.437094
685 688 2.18547
685 689 0.218547
686 689 2.29474
686 690 0.327822
689 692 0.349675
