L	Ls	nvertices	F_L	F_L_constrained	rho_sum	nloops	regions
296	  0	  0	           0	           0	           0	 0	[(0, 296)]
297	  0	  0	           0	           0	           0	 0	[(0, 297)]
298	  0	  0	           0	           0	           0	 0	[(0, 298)]
299	  0	  2	           0	     3.70749	    0.316451	 1	[(0, 299)]
300	  0	  4	           0	     2.23996	    0.301773	 1	[(0, 300)]
301	  0	  6	           0	     3.96984	     5.07327	 0	[(0, 301)]
302	  0	  7	           0	     4.62662	     5.51511	 0	[(0, 302)]
303	  0	  7	           0	     4.62662	     5.51511	 0	[(0, 303)]
304	  0	  7	           0	     4.62662	     5.51511	 0	[(0, 304)]
305	  0	  7	           0	     4.62662	     5.51511	 0	[(0, 305)]
306	  0	  7	           0	     4.62662	     5.51511	 0	[(0, 306)]
307	  0	  7	           0	     4.62662	     5.51511	 0	[(0, 307)]
308	  0	 11	           0	     4.84746	     5.66651	 0	[(0, 308)]
309	  0	 13	   -0.338677	   -0.338677	    0.352926	 0	[(0, 309)]
310	  0	 13	   -0.338677	   -0.338677	    0.352926	 0	[(0, 310)]
311	  0	 13	   -0.338677	   -0.338677	    0.352926	 0	[(0, 311)]
312	  0	 13	   -0.338677	   -0.338677	    0.352926	 0	[(0, 312)]
313	  0	 13	   -0.338677	   -0.338677	    0.352926	 0	[(0, 313)]
314	  0	 13	   -0.338677	   -0.338677	    0.352926	 0	[(0, 314)]
315	312	  2	   -0.338677	      3.7047	    0.323024	 1	[(312, 315)]
316	  0	 17	   -0.338677	     1.90671	    0.655677	 1	[(0, 316)]
317	312	  6	   -0.338677	     4.01264	     5.11353	 0	[(312, 317)]
318	  0	 20	   -0.338677	     3.31467	     5.92569	 0	[(0, 318)]
319	  0	 21	   -0.338677	     2.84389	     7.41287	 0	[(0, 319)]
320	  0	 22	   -0.338677	     2.34109	     8.51305	 0	[(0, 320)]
321	  0	 23	   -0.338677	     1.82191	     9.51875	 0	[(0, 321)]
322	  0	 24	   -0.338677	     1.38595	     10.4866	 0	[(0, 322)]
323	  0	 25	   -0.338677	     1.04685	     11.4347	 0	[(0, 323)]
324	  0	 26	   -0.338677	    0.553043	     12.4518	 0	[(0, 324)]
325	  0	 27	   -0.338677	    0.382415	     13.3487	 0	[(0, 325)]
326	  0	 28	   -0.338677	    0.743881	     13.7247	 0	[(0, 326)]
327	  0	 28	   -0.338677	    0.743881	     13.7247	 0	[(0, 327)]
328	  0	 29	   -0.338677	     2.33484	     14.6358	 1	[(0, 328)]
329	  0	 30	   -0.338677	     2.07718	      15.659	 1	[(0, 329)]
330	  0	 32	   -0.338677	     1.53462	     18.1368	 0	[(0, 330)]
331	  0	 33	   -0.338677	    0.611735	     19.3858	 0	[(0, 331)]
332	  0	 34	   -0.338677	   -0.127276	     20.3981	 0	[(0, 332)]
333	  0	 35	   -0.542955	   -0.542955	     21.2736	 0	[(0, 333)]
334	  0	 36	    -1.56151	    -1.56151	     22.3284	 0	[(0, 334)]
335	  0	 36	    -1.56151	    -1.56151	     22.3284	 0	[(0, 335)]
336	  0	 37	    -1.76192	    -1.76192	     22.5178	 0	[(0, 336)]
337	  0	 37	    -1.76192	    -1.76192	     22.5178	 0	[(0, 337)]
338	  0	 37	    -1.76192	    -1.76192	     22.5178	 0	[(0, 338)]
339	  0	 37	    -1.76192	    -1.76192	     22.5178	 0	[(0, 339)]
340	  0	 37	    -1.76192	    -1.76192	     22.5178	 0	[(0, 340)]
341	  0	 39	    -2.01831	    -2.01831	     22.7607	 0	[(0, 341)]
342	312	 27	    -2.01831	    -1.65911	      22.396	 0	[(312, 342)]
343	312	 28	    -2.01831	     6.28176	     22.5147	 2	[(312, 343)]
344	  0	 44	    -2.01831	     5.20849	     22.4832	 1	[(0, 344)]
345	  0	 45	    -2.01831	     5.33934	     22.4904	 1	[(0, 345)]
346	  0	 46	    -2.01831	     4.90837	     23.1403	 1	[(0, 346)]
347	  0	 47	    -2.01831	      5.0069	     22.9837	 1	[(0, 347)]
348	  0	 48	    -2.01831	     5.03294	     22.8869	 1	[(0, 348)]
349	  0	 48	    -2.01831	     5.03294	     22.8869	 1	[(0, 349)]
350	  0	 49	    -2.01831	     4.85757	      23.048	 1	[(0, 350)]
351	  0	 49	    -2.01831	     4.85757	      23.048	 1	[(0, 351)]
352	  0	 49	    -2.01831	     4.85757	      23.048	 1	[(0, 352)]
353	  0	 49	    -2.01831	     4.85757	      23.048	 1	[(0, 353)]
354	  0	 49	    -2.01831	     4.85757	      23.048	 1	[(0, 354)]
355	  0	 49	    -2.01831	     4.85757	      23.048	 1	[(0, 355)]
356	  0	 51	    -2.01831	     4.58053	     23.3181	 1	[(0, 356)]
357	  0	 51	    -2.01831	     4.58053	     23.3181	 1	[(0, 357)]
358	334	 16	    -2.01831	     5.09936	     0.77698	 1	[(334, 358)]
359	334	 16	    -2.01831	     5.09936	     0.77698	 1	[(334, 359)]
360	357	 41	    -2.01831	     1.68348	     23.0907	 1	[(0, 341), (357, 360)]
361	357	 43	    -2.01831	    0.223874	      23.064	 1	[(0, 341), (357, 361)]
362	357	 45	    -2.01831	      2.0383	     27.8648	 0	[(0, 341), (357, 362)]
363	357	 46	    -2.01831	     1.64909	     28.3301	 0	[(0, 341), (357, 363)]
364	357	 47	    -2.01831	     1.00694	     29.8549	 0	[(0, 341), (357, 364)]
365	357	 48	    -2.01831	    0.689227	     30.8982	 0	[(0, 341), (357, 365)]
366	357	 49	    -2.01831	    0.267335	     31.8827	 0	[(0, 341), (357, 366)]
367	357	 50	    -2.01831	   -0.900945	     33.0129	 0	[(0, 341), (357, 367)]
368	357	 51	    -2.01831	    -1.27344	     33.9452	 0	[(0, 341), (357, 368)]
369	357	 52	    -2.01831	    -1.61721	     34.8789	 0	[(0, 341), (357, 369)]
370	357	 53	    -2.01831	    -1.67867	     35.6357	 0	[(0, 341), (357, 370)]
371	357	 54	    -2.01831	     -1.1367	     35.4967	 0	[(0, 341), (357, 371)]
372	357	 54	    -2.01831	     -1.1367	     35.4967	 0	[(0, 341), (357, 372)]
373	357	 55	    -2.01831	    -1.37569	     35.7136	 0	[(0, 341), (357, 373)]
374	357	 55	    -2.01831	    -1.37569	     35.7136	 0	[(0, 341), (357, 374)]
375	357	 55	    -2.01831	    -1.37569	     35.7136	 0	[(0, 341), (357, 375)]
376	357	 55	    -2.01831	    -1.37569	     35.7136	 0	[(0, 341), (357, 376)]
377	357	 55	    -2.01831	    -1.37569	     35.7136	 0	[(0, 341), (357, 377)]
378	357	 55	    -2.01831	    -1.37569	     35.7136	 0	[(0, 341), (357, 378)]
379	357	 55	    -2.01831	    -1.37569	     35.7136	 0	[(0, 341), (357, 379)]
380	357	 58	    -2.01831	    -1.64654	     36.0006	 0	[(0, 341), (357, 380)]
381	357	 58	    -2.01831	    -1.64654	     36.0006	 0	[(0, 341), (357, 381)]
382	357	 60	    -2.01831	    -1.76998	     36.1309	 0	[(0, 341), (357, 382)]
383	357	 60	    -2.01831	    -1.76998	     36.1309	 0	[(0, 341), (357, 383)]
384	357	 60	    -2.01831	    -1.76998	     36.1309	 0	[(0, 341), (357, 384)]
385	357	 60	    -2.01831	    -1.76998	     36.1309	 0	[(0, 341), (357, 385)]
386	357	 63	    -2.01831	     2.46455	     36.1178	 1	[(0, 341), (357, 386)]
387	381	 45	    -2.01831	    0.201767	     23.0396	 1	[(0, 341), (381, 387)]
388	381	 47	    -2.01831	     2.19098	      28.256	 0	[(0, 341), (381, 388)]
389	381	 48	    -2.01831	     1.80296	      28.951	 0	[(0, 341), (381, 389)]
390	381	 49	    -2.01831	     1.55766	     30.1297	 0	[(0, 341), (381, 390)]
391	381	 50	    -2.01831	     1.42816	     30.9553	 0	[(0, 341), (381, 391)]
392	381	 51	    -2.01831	     1.74714	     31.3268	 0	[(0, 341), (381, 392)]
393	381	 52	    -2.01831	     2.02283	     30.9205	 0	[(0, 341), (381, 393)]
394	381	 53	    -2.01831	     2.03308	      30.989	 0	[(0, 341), (381, 394)]
395	381	 54	    -2.01831	     2.06958	     30.7078	 0	[(0, 341), (381, 395)]
396	381	 55	    -2.01831	     2.07148	     30.6441	 0	[(0, 341), (381, 396)]
397	381	 56	    -2.01831	     2.05986	     30.6515	 0	[(0, 341), (381, 397)]
398	381	 56	    -2.01831	     2.05986	     30.6515	 0	[(0, 341), (381, 398)]
399	381	 56	    -2.01831	     2.05986	     30.6515	 0	[(0, 341), (381, 399)]
400	381	 56	    -2.01831	     2.05986	     30.6515	 0	[(0, 341), (381, 400)]
401	381	 56	    -2.01831	     2.05986	     30.6515	 0	[(0, 341), (381, 401)]
402	398	 41	    -2.01831	     1.68639	     23.0837	 1	[(0, 341), (398, 402)]
403	398	 44	    -2.01831	    0.360387	     23.0168	 1	[(0, 341), (398, 403)]
404	357	 85	    -2.01831	     2.97509	     43.0404	 0	[(0, 341), (357, 404)]
405	381	 64	    -2.01831	     1.95763	     30.7559	 0	[(0, 341), (381, 405)]
406	398	 48	    -2.20351	    -2.20351	     22.9521	 0	[(0, 341), (398, 406)]
407	398	 48	    -2.20351	    -2.20351	     22.9521	 0	[(0, 341), (398, 407)]
408	398	 48	    -2.20351	    -2.20351	     22.9521	 0	[(0, 341), (398, 408)]
409	398	 48	    -2.20351	    -2.20351	     22.9521	 0	[(0, 341), (398, 409)]
410	398	 48	    -2.20351	    -2.20351	     22.9521	 0	[(0, 341), (398, 410)]
411	398	 48	    -2.20351	    -2.20351	     22.9521	 0	[(0, 341), (398, 411)]
412	398	 49	    -2.33087	    -2.33087	     23.0722	 0	[(0, 341), (398, 412)]
413	398	 49	    -2.33087	    -2.33087	     23.0722	 0	[(0, 341), (398, 413)]
414	398	 49	    -2.33087	    -2.33087	     23.0722	 0	[(0, 341), (398, 414)]
415	357	 90	    -2.33087	     1.15564	     46.3616	 0	[(0, 341), (357, 415)]
416	398	 51	    -2.33087	     0.67653	     30.6132	 0	[(0, 341), (398, 416)]
417	398	 53	    -2.33087	     2.10059	     31.3445	 0	[(0, 341), (398, 417)]
418	398	 54	    -2.33087	     2.23971	     31.7999	 0	[(0, 341), (398, 418)]
419	398	 54	    -2.33087	     2.23971	     31.7999	 0	[(0, 341), (398, 419)]
420	398	 54	    -2.33087	     2.23971	     31.7999	 0	[(0, 341), (398, 420)]
421	398	 54	    -2.33087	     2.23971	     31.7999	 0	[(0, 341), (398, 421)]
422	398	 54	    -2.33087	     2.23971	     31.7999	 0	[(0, 341), (398, 422)]
423	398	 54	    -2.33087	     2.23971	     31.7999	 0	[(0, 341), (398, 423)]
424	398	 54	    -2.33087	     2.23971	     31.7999	 0	[(0, 341), (398, 424)]
425	398	 56	    -2.33087	     1.98069	     32.0475	 0	[(0, 341), (398, 425)]
426	398	 56	    -2.33087	     1.98069	     32.0475	 0	[(0, 341), (398, 426)]
427	398	 58	    -2.33087	     1.85797	     32.1722	 0	[(0, 341), (398, 427)]
428	398	 59	    -2.33087	     1.85866	     32.1844	 0	[(0, 341), (398, 428)]
429	398	 59	    -2.33087	     1.85866	     32.1844	 0	[(0, 341), (398, 429)]
430	398	 59	    -2.33087	     1.85866	     32.1844	 0	[(0, 341), (398, 430)]
431	398	 59	    -2.33087	     1.85866	     32.1844	 0	[(0, 341), (398, 431)]
432	398	 61	    -2.33087	     1.73783	     32.3046	 0	[(0, 341), (398, 432)]
433	398	 61	    -2.33087	     1.73783	     32.3046	 0	[(0, 341), (398, 433)]
434	398	 61	    -2.33087	     1.73783	     32.3046	 0	[(0, 341), (398, 434)]
435	398	 62	    -2.33087	     1.60508	     32.4357	 0	[(0, 341), (398, 435)]
436	398	 63	    -2.33087	     1.61013	     32.4392	 0	[(0, 341), (398, 436)]
437	398	 65	    -2.33087	     1.61228	     32.4386	 0	[(0, 341), (398, 437)]
438	434	 43	    -2.33087	    0.224722	     23.0624	 1	[(0, 341), (434, 438)]
439	434	 45	    -2.33087	     1.82872	     27.8204	 0	[(0, 341), (434, 439)]
440	434	 46	    -2.33087	     1.59142	     28.2917	 0	[(0, 341), (434, 440)]
441	434	 47	    -2.33087	     1.25546	     29.7713	 0	[(0, 341), (434, 441)]
442	434	 48	    -2.33087	    0.316421	     30.9759	 0	[(0, 341), (434, 442)]
443	434	 49	    -2.33087	     1.01552	     31.1543	 0	[(0, 341), (434, 443)]
444	434	 50	    -2.33087	    0.611805	     32.1787	 0	[(0, 341), (434, 444)]
445	434	 51	    -2.33087	    0.398234	     33.1692	 0	[(0, 341), (434, 445)]
446	434	 52	    -2.33087	    0.912858	     32.6313	 0	[(0, 341), (434, 446)]
447	434	 52	    -2.33087	    0.912858	     32.6313	 0	[(0, 341), (434, 447)]
448	434	 52	    -2.33087	    0.912858	     32.6313	 0	[(0, 341), (434, 448)]
449	434	 52	    -2.33087	    0.912858	     32.6313	 0	[(0, 341), (434, 449)]
450	  0	138	    -2.33087	     1.20416	     99.0345	 7	[(0, 450)]
451	  0	139	    -5.37169	    -5.37169	     100.522	 7	[(0, 451)]
452	  0	141	    -11.1723	    -11.1723	     103.094	 6	[(0, 452)]
453	  0	142	    -18.8877	    -18.8877	     106.634	 6	[(0, 453)]
454	  0	144	    -19.3762	    -19.3762	     108.812	 6	[(0, 454)]
455	  0	146	    -21.9943	    -21.9943	       111.3	 6	[(0, 455)]
456	  0	146	    -21.9943	    -21.9943	       111.3	 6	[(0, 456)]
457	  0	147	    -22.5682	    -22.5682	     111.739	 6	[(0, 457)]
458	  0	147	    -22.5682	    -22.5682	     111.739	 6	[(0, 458)]
459	  0	149	    -22.5682	    -21.3232	     112.249	 6	[(0, 459)]
460	  0	149	    -22.5682	    -21.3232	     112.249	 6	[(0, 460)]
461	  0	150	    -22.5682	    -21.5246	     112.438	 6	[(0, 461)]
462	  0	151	    -22.5682	    -22.2084	     115.165	 6	[(0, 462)]
463	  0	153	    -22.5682	     -21.351	     112.339	 6	[(0, 463)]
464	  0	154	    -22.5682	    -21.3741	     112.332	 6	[(0, 464)]
465	  0	155	    -24.0481	    -24.0481	     117.382	 6	[(0, 465)]
466	  0	156	    -24.0481	    -23.6173	     118.218	 6	[(0, 466)]
467	  0	157	    -24.0481	    -23.0958	     117.884	 6	[(0, 467)]
468	  0	158	    -25.1919	    -25.1919	     119.911	 6	[(0, 468)]
469	  0	159	    -25.1919	    -21.3338	      122.22	 7	[(0, 469)]
470	  0	160	    -25.4235	    -25.4235	     123.419	 7	[(0, 470)]
471	  0	161	    -27.7897	    -27.7897	      124.45	 7	[(0, 471)]
472	  0	162	    -30.6767	    -30.6767	     125.462	 7	[(0, 472)]
473	  0	163	    -34.4353	    -34.4353	     126.478	 7	[(0, 473)]
474	  0	164	    -35.3899	    -35.3899	      127.88	 7	[(0, 474)]
475	  0	165	    -35.3899	    -34.8995	     128.368	 7	[(0, 475)]
476	  0	166	    -35.3899	    -34.4565	      128.35	 7	[(0, 476)]
477	  0	168	    -35.3899	    -30.2307	     128.081	 8	[(0, 477)]
478	  0	168	    -35.3899	    -30.2307	     128.081	 8	[(0, 478)]
479	  0	168	    -35.3899	    -30.2307	     128.081	 8	[(0, 479)]
480	  0	168	    -35.3899	    -30.2307	     128.081	 8	[(0, 480)]
481	  0	170	    -35.3899	    -25.6438	     128.179	 9	[(0, 481)]
482	  0	172	    -35.3899	    -27.2842	      128.17	 9	[(0, 482)]
483	312	160	    -35.3899	    -23.7353	     132.556	 8	[(312, 483)]
484	  0	175	    -35.3899	    -24.9285	     133.832	 8	[(0, 484)]
485	312	162	    -35.3899	    -24.2197	     133.864	 8	[(312, 485)]
486	312	163	    -35.3899	    -24.9052	     135.081	 8	[(312, 486)]
487	312	164	    -35.3899	    -25.4312	       136.1	 8	[(312, 487)]
488	312	165	    -35.3899	     -26.228	     137.155	 8	[(312, 488)]
489	312	166	    -35.3899	    -26.9616	     138.159	 8	[(312, 489)]
490	312	167	    -35.3899	    -27.4186	     139.104	 8	[(312, 490)]
491	312	168	    -35.3899	    -27.9529	     140.073	 8	[(312, 491)]
492	312	169	    -35.3899	    -28.3927	     141.031	 8	[(312, 492)]
493	312	170	    -35.3899	    -28.8961	     142.039	 8	[(312, 493)]
494	312	171	    -35.3899	    -29.1171	     142.878	 8	[(312, 494)]
495	312	172	    -35.3899	     -29.922	       143.9	 8	[(312, 495)]
496	312	172	    -35.3899	     -29.922	       143.9	 8	[(312, 496)]
497	312	172	    -35.3899	     -29.922	       143.9	 8	[(312, 497)]
498	312	172	    -35.3899	     -29.922	       143.9	 8	[(312, 498)]
499	312	173	    -35.3899	    -23.5294	     144.087	 9	[(312, 499)]
500	312	173	    -35.3899	    -23.5294	     144.087	 9	[(312, 500)]
501	312	175	    -35.3899	    -30.2413	     144.248	 8	[(312, 501)]
502	312	177	    -35.3899	    -25.3619	     144.251	10	[(312, 502)]
503	312	179	    -35.3899	    -24.4518	     149.323	 9	[(312, 503)]
504	312	180	    -35.3899	    -24.8047	     150.422	 9	[(312, 504)]
505	312	181	    -35.3899	    -25.3359	     151.486	 9	[(312, 505)]
506	312	182	    -35.3899	    -26.6905	     152.661	 9	[(312, 506)]
507	312	183	    -35.3899	    -27.4347	     153.667	 9	[(312, 507)]
508	312	184	    -35.3899	    -28.1731	      154.66	 9	[(312, 508)]
509	312	185	    -35.3899	    -28.8397	     155.613	 9	[(312, 509)]
510	312	186	    -35.3899	    -29.7598	     157.492	 9	[(312, 510)]
511	312	187	    -35.3899	    -28.9861	     157.398	 9	[(312, 511)]
512	312	189	    -35.3899	    -27.9634	     162.843	10	[(312, 512)]
513	312	190	    -35.3899	    -29.9579	      164.37	10	[(312, 513)]
514	312	191	    -35.3899	    -29.3232	     164.774	10	[(312, 514)]
515	312	192	    -35.3899	    -30.1767	     165.787	10	[(312, 515)]
516	312	193	    -35.3899	    -30.9922	     166.894	10	[(312, 516)]
517	312	194	    -35.3899	    -31.5096	     168.176	10	[(312, 517)]
518	312	195	    -35.3899	    -32.2443	     169.187	10	[(312, 518)]
519	312	196	    -35.3899	    -32.9494	     170.173	10	[(312, 519)]
520	312	197	    -35.3899	    -33.9219	      171.31	10	[(312, 520)]
521	312	198	    -35.3899	    -34.7648	     172.323	10	[(312, 521)]
522	312	199	    -35.3899	    -34.1235	       172.6	10	[(312, 522)]
523	312	199	    -35.3899	    -34.1235	       172.6	10	[(312, 523)]
524	312	200	      -35.39	      -35.39	     173.598	10	[(312, 524)]
525	312	201	    -36.4739	    -36.4739	     175.213	10	[(312, 525)]
526	312	203	    -36.6798	    -36.6798	     177.397	10	[(312, 526)]
527	312	204	    -36.6798	    -35.9187	     177.713	10	[(312, 527)]
528	312	204	    -36.6798	    -35.9187	     177.713	10	[(312, 528)]
529	312	204	    -36.6798	    -35.9187	     177.713	10	[(312, 529)]
530	312	204	    -36.6798	    -35.9187	     177.713	10	[(312, 530)]
531	312	204	    -36.6798	    -35.9187	     177.713	10	[(312, 531)]
532	312	204	    -36.6798	    -35.9187	     177.713	10	[(312, 532)]
533	312	204	    -36.6798	    -35.9187	     177.713	10	[(312, 533)]
534	312	208	    -36.6798	     -36.192	     178.031	10	[(312, 534)]
535	312	210	    -36.6798	    -27.5594	     177.796	11	[(312, 535)]
536	312	212	    -36.6798	    -34.4439	     177.744	10	[(312, 536)]
537	312	213	    -36.6798	     -25.764	     181.709	11	[(312, 537)]
538	312	214	    -36.6798	    -25.9078	     184.031	11	[(312, 538)]
539	312	215	    -36.6798	    -25.2809	     183.998	11	[(312, 539)]
540	312	216	    -36.6798	    -25.3187	     184.873	11	[(312, 540)]
541	312	217	    -36.6798	    -25.2929	     185.489	11	[(312, 541)]
542	312	218	    -36.6798	    -29.0939	     188.375	11	[(312, 542)]
543	312	219	    -36.6798	     -30.278	     189.483	11	[(312, 543)]
544	312	220	    -36.6798	    -30.9288	     190.458	11	[(312, 544)]
545	312	221	    -36.6798	    -31.5261	     191.362	11	[(312, 545)]
546	312	222	    -36.6798	      -32.77	     192.391	11	[(312, 546)]
547	312	223	    -36.6798	    -33.9876	     193.415	11	[(312, 547)]
548	312	224	    -36.6798	    -35.4171	      194.42	11	[(312, 548)]
549	312	225	    -36.6798	    -34.7858	     194.792	11	[(312, 549)]
550	312	225	    -36.6798	    -34.7858	     194.792	11	[(312, 550)]
551	312	226	    -36.6798	    -34.2165	     195.764	12	[(312, 551)]
552	312	227	    -36.6798	    -35.1694	     197.134	12	[(312, 552)]
553	312	229	    -36.6798	    -35.6993	     199.067	11	[(312, 553)]
554	312	230	    -36.6798	    -36.1476	      200.04	11	[(312, 554)]
555	312	231	    -36.6798	    -36.5919	     201.004	11	[(312, 555)]
556	312	232	    -37.5383	    -37.5383	     202.153	11	[(312, 556)]
557	312	233	    -37.9069	    -37.9069	     203.087	11	[(312, 557)]
558	312	234	    -38.5052	    -38.5052	     204.103	11	[(312, 558)]
559	312	235	    -38.5052	    -37.8908	     204.292	11	[(312, 559)]
560	312	235	    -38.5052	    -37.8908	     204.292	11	[(312, 560)]
561	312	235	    -38.5052	    -37.8908	     204.292	11	[(312, 561)]
562	312	236	    -38.5052	    -38.0378	     204.459	11	[(312, 562)]
563	312	238	    -38.5052	    -37.7346	     206.219	11	[(312, 563)]
564	312	240	    -38.5052	    -37.5618	     203.934	11	[(312, 564)]
565	312	240	    -38.5052	    -37.5618	     203.934	11	[(312, 565)]
566	312	241	    -38.5052	    -33.1642	     208.887	12	[(312, 566)]
567	312	242	    -38.5052	    -29.9607	     211.667	13	[(312, 567)]
568	312	244	    -38.5052	    -31.0268	     213.743	12	[(312, 568)]
569	312	245	    -38.5052	     -31.693	     214.721	12	[(312, 569)]
570	312	246	    -38.5052	    -32.5625	     215.688	12	[(312, 570)]
571	312	247	    -38.5052	    -32.6643	     216.463	12	[(312, 571)]
572	312	248	    -38.5052	    -32.0495	     216.456	12	[(312, 572)]
573	312	248	    -38.5052	    -32.0495	     216.456	12	[(312, 573)]
574	312	248	    -38.5052	    -32.0495	     216.456	12	[(312, 574)]
575	312	249	    -38.5052	    -29.1125	      218.49	13	[(312, 575)]
576	312	251	    -38.5052	    -32.2985	     220.482	13	[(312, 576)]
577	312	253	    -38.5052	    -32.9462	     222.405	12	[(312, 577)]
578	312	254	    -38.5052	    -33.5065	     223.367	12	[(312, 578)]
579	312	255	    -38.5052	    -35.0406	     224.476	12	[(312, 579)]
580	312	256	    -38.5052	    -35.2624	     225.355	12	[(312, 580)]
581	312	257	    -38.5052	    -35.6853	     226.308	12	[(312, 581)]
582	312	258	    -38.5052	    -35.3495	     226.765	12	[(312, 582)]
583	312	259	    -38.5052	    -35.5478	     227.794	12	[(312, 583)]
584	312	260	    -38.5052	    -35.1786	     227.556	12	[(312, 584)]
585	312	260	    -38.5052	    -35.1786	     227.556	12	[(312, 585)]
586	312	261	    -38.5052	    -33.4873	     229.162	13	[(312, 586)]
587	312	262	    -38.5052	    -33.2244	     229.147	13	[(312, 587)]
588	312	264	    -38.5052	    -35.0644	     226.848	12	[(312, 588)]
589	312	265	    -38.5052	    -35.0682	     226.846	12	[(312, 589)]
590	312	266	    -38.5052	    -33.3237	     233.171	12	[(312, 590)]
591	312	267	    -38.5052	    -33.2228	     234.777	12	[(312, 591)]
592	312	268	    -38.5052	    -33.5139	     235.863	12	[(312, 592)]
593	312	269	    -38.5052	    -34.0129	     236.903	12	[(312, 593)]
594	312	270	    -38.5052	    -34.6718	     238.041	12	[(312, 594)]
595	312	271	    -38.5052	     -34.194	     238.441	12	[(312, 595)]
596	312	271	    -38.5052	     -34.194	     238.441	12	[(312, 596)]
597	312	272	    -38.5052	    -34.4108	      238.68	12	[(312, 597)]
598	312	273	    -38.5052	    -34.3713	     238.653	12	[(312, 598)]
599	312	273	    -38.5052	    -34.3713	     238.653	12	[(312, 599)]
600	312	273	    -38.5052	    -34.3713	     238.653	12	[(312, 600)]
601	312	274	    -38.5052	    -34.5201	     238.792	12	[(312, 601)]
602	312	275	    -38.5052	    -34.5189	     238.804	12	[(312, 602)]
603	312	277	    -38.5052	    -34.5014	     238.788	12	[(312, 603)]
604	312	277	    -38.5052	    -34.5014	     238.788	12	[(312, 604)]
605	312	277	    -38.5052	    -34.5014	     238.788	12	[(312, 605)]
606	312	277	    -38.5052	    -34.5014	     238.788	12	[(312, 606)]
607	312	279	    -38.5052	    -34.6479	     238.936	12	[(312, 607)]
608	312	280	    -38.5052	    -34.6406	     238.935	12	[(312, 608)]
609	312	281	    -38.5052	    -27.5615	     238.926	13	[(312, 609)]
610	312	281	    -38.5052	    -27.5615	     238.926	13	[(312, 610)]
611	312	282	    -38.5052	    -25.3283	     239.085	14	[(312, 611)]
612	312	283	    -38.5052	    -25.0906	      239.09	14	[(312, 612)]
613	312	285	    -38.5052	    -23.7299	     244.722	13	[(312, 613)]
614	312	286	    -38.5052	    -24.0533	     245.535	13	[(312, 614)]
615	312	287	    -38.5052	    -24.4985	      246.83	13	[(312, 615)]
616	312	288	    -38.5052	    -25.2094	     248.105	13	[(312, 616)]
617	312	289	    -38.5052	     -26.052	     249.288	13	[(312, 617)]
618	312	290	    -38.5052	    -26.5153	      250.25	13	[(312, 618)]
619	312	291	    -38.5052	     -26.966	     251.203	13	[(312, 619)]
620	312	292	    -38.5052	    -27.7745	     252.266	13	[(312, 620)]
621	312	293	    -38.5052	    -28.3057	     253.256	13	[(312, 621)]
622	312	294	    -38.5052	    -29.0089	     254.286	13	[(312, 622)]
623	312	295	    -38.5052	    -29.3029	     255.174	13	[(312, 623)]
624	312	296	    -38.5052	    -29.6324	     256.118	13	[(312, 624)]
625	312	297	    -38.5052	    -30.0432	     257.102	13	[(312, 625)]
626	312	298	    -38.5052	    -30.3487	     258.091	13	[(312, 626)]
627	312	299	    -38.5052	    -30.8245	     259.135	13	[(312, 627)]
628	312	300	    -38.5052	    -31.0725	      260.07	13	[(312, 628)]
629	312	301	    -38.5052	    -31.2953	     261.017	13	[(312, 629)]
630	312	302	    -38.5052	      -31.94	     262.118	13	[(312, 630)]
631	312	303	    -38.5052	    -33.2895	     263.302	13	[(312, 631)]
632	312	304	    -38.5052	    -34.2155	     264.339	13	[(312, 632)]
633	312	305	    -38.5052	      -33.47	     264.547	13	[(312, 633)]
634	312	305	    -38.5052	      -33.47	     264.547	13	[(312, 634)]
635	312	305	    -38.5052	      -33.47	     264.547	13	[(312, 635)]
636	312	306	    -38.5052	    -33.7275	     264.839	13	[(312, 636)]
637	312	306	    -38.5052	    -33.7275	     264.839	13	[(312, 637)]
638	312	306	    -38.5052	    -33.7275	     264.839	13	[(312, 638)]
639	312	307	    -38.5052	    -28.0566	     265.129	14	[(312, 639)]
640	312	309	    -38.5052	     -27.796	     265.064	14	[(312, 640)]
641	312	309	    -38.5052	     -27.796	     265.064	14	[(312, 641)]
642	312	310	    -38.5052	    -25.6545	     265.315	15	[(312, 642)]
643	312	311	    -38.5052	    -26.0795	     267.055	15	[(312, 643)]
644	312	313	    -38.5052	    -27.6414	     270.566	14	[(312, 644)]
645	312	314	    -38.5052	    -28.1772	     271.638	14	[(312, 645)]
646	312	315	    -38.5052	    -33.1493	     272.786	14	[(312, 646)]
647	312	316	    -38.5052	    -35.3363	     273.828	14	[(312, 647)]
648	312	317	    -38.5052	    -38.3507	     274.917	14	[(312, 648)]
649	312	318	    -40.2569	    -40.2569	     275.904	14	[(312, 649)]
650	312	319	    -40.2569	    -39.8091	     276.416	14	[(312, 650)]
651	312	320	    -41.7473	    -41.7473	     277.574	14	[(312, 651)]
652	312	321	    -42.9712	    -42.9712	     278.611	14	[(312, 652)]
653	312	322	    -42.9712	    -40.9152	      279.84	16	[(312, 653)]
654	312	323	    -42.9752	    -42.9752	     280.895	16	[(312, 654)]
655	312	324	    -44.1268	    -44.1268	     282.184	16	[(312, 655)]
656	312	325	    -52.2409	    -52.2409	     287.499	16	[(312, 656)]
657	312	327	    -57.3623	    -57.3623	      290.01	15	[(312, 657)]
658	312	328	    -60.0405	    -60.0405	     291.758	15	[(312, 658)]
659	312	329	    -60.8355	    -60.8355	     293.161	15	[(312, 659)]
660	312	330	    -61.9779	    -61.9779	     294.205	15	[(312, 660)]
661	312	330	    -61.9779	    -61.9779	     294.205	15	[(312, 661)]
662	312	330	    -61.9779	    -61.9779	     294.205	15	[(312, 662)]
663	312	331	    -62.9005	    -62.9005	     294.832	15	[(312, 663)]
664	312	332	    -62.9005	    -62.8477	     295.091	15	[(312, 664)]
665	312	333	    -63.4553	    -63.4553	     296.087	15	[(312, 665)]
666	312	334	    -63.8423	    -63.8423	     297.137	15	[(312, 666)]
667	312	335	    -63.8423	    -56.6621	     296.836	16	[(312, 667)]
668	312	335	    -63.8423	    -56.6621	     296.836	16	[(312, 668)]
669	312	336	    -63.8423	    -54.2055	     297.136	17	[(312, 669)]
670	312	337	    -63.8423	    -54.2081	     297.434	17	[(312, 670)]
671	312	339	    -63.8423	    -54.2085	     301.707	16	[(312, 671)]
672	312	340	    -63.8423	     -55.111	      303.16	16	[(312, 672)]
673	312	341	    -63.8423	    -55.8217	     304.334	16	[(312, 673)]
674	312	342	    -63.8423	    -56.3828	       305.3	16	[(312, 674)]
675	312	343	    -63.8423	     -56.945	     306.245	16	[(312, 675)]
676	312	344	    -63.8423	     -57.477	     307.226	16	[(312, 676)]
677	312	346	    -63.8423	    -57.4417	     308.603	16	[(312, 677)]
678	312	347	    -63.8423	    -58.1078	     309.575	16	[(312, 678)]
679	312	348	    -63.8423	    -58.9352	     310.588	16	[(312, 679)]
680	312	349	    -63.8423	    -59.5061	     312.283	16	[(312, 680)]
681	312	350	    -63.8423	    -59.9635	      313.27	16	[(312, 681)]
682	312	351	    -63.8423	    -60.4085	     314.239	16	[(312, 682)]
683	312	352	    -63.8423	    -60.9224	      315.27	16	[(312, 683)]
684	312	353	    -63.8423	    -61.6988	     316.542	16	[(312, 684)]
685	312	354	    -63.8423	    -62.5076	     317.599	16	[(312, 685)]
686	312	355	    -63.8423	    -62.9701	     318.547	16	[(312, 686)]
687	312	356	    -63.8742	    -63.8742	     319.599	16	[(312, 687)]
688	312	357	    -64.5248	    -64.5248	     320.574	16	[(312, 688)]
689	312	358	    -65.0589	    -65.0589	     321.551	16	[(312, 689)]
690	312	359	    -65.0589	    -64.4142	     321.714	16	[(312, 690)]
691	312	359	    -65.0589	    -64.4142	     321.714	16	[(312, 691)]
692	312	360	    -65.0589	    -64.5763	     321.884	16	[(312, 692)]
693	312	360	    -65.0589	    -64.5763	     321.884	16	[(312, 693)]
694	312	360	    -65.0589	    -64.5763	     321.884	16	[(312, 694)]
695	312	360	    -65.0589	    -64.5763	     321.884	16	[(312, 695)]
696	312	360	    -65.0589	    -64.5763	     321.884	16	[(312, 696)]
697	312	360	    -65.0589	    -64.5763	     321.884	16	[(312, 697)]
698	312	360	    -65.0589	    -64.5763	     321.884	16	[(312, 698)]
699	312	360	    -65.0589	    -64.5763	     321.884	16	[(312, 699)]
700	312	360	    -65.0589	    -64.5763	     321.884	16	[(312, 700)]
701	312	360	    -65.0589	    -64.5763	     321.884	16	[(312, 701)]
702	312	360	    -65.0589	    -64.5763	     321.884	16	[(312, 702)]
703	312	360	    -65.0589	    -64.5763	     321.884	16	[(312, 703)]
704	312	360	    -65.0589	    -64.5763	     321.884	16	[(312, 704)]
705	312	360	    -65.0589	    -64.5763	     321.884	16	[(312, 705)]
706	312	360	    -65.0589	    -64.5763	     321.884	16	[(312, 706)]
707	312	360	    -65.0589	    -64.5763	     321.884	16	[(312, 707)]
708	312	360	    -65.0589	    -64.5763	     321.884	16	[(312, 708)]
709	312	360	    -65.0589	    -64.5763	     321.884	16	[(312, 709)]
710	312	360	    -65.0589	    -64.5763	     321.884	16	[(312, 710)]
711	312	360	    -65.0589	    -64.5763	     321.884	16	[(312, 711)]
712	312	360	    -65.0589	    -64.5763	     321.884	16	[(312, 712)]
713	312	360	    -65.0589	    -64.5763	     321.884	16	[(312, 713)]
714	312	360	    -65.0589	    -64.5763	     321.884	16	[(312, 714)]
715	312	360	    -65.0589	    -64.5763	     321.884	16	[(312, 715)]
716	312	360	    -65.0589	    -64.5763	     321.884	16	[(312, 716)]
717	312	360	    -65.0589	    -64.5763	     321.884	16	[(312, 717)]
718	312	360	    -65.0589	    -64.5763	     321.884	16	[(312, 718)]
719	312	360	    -65.0589	    -64.5763	     321.884	16	[(312, 719)]
720	312	360	    -65.0589	    -64.5763	     321.884	16	[(312, 720)]
721	312	360	    -65.0589	    -64.5763	     321.884	16	[(312, 721)]
722	312	360	    -65.0589	    -64.5763	     321.884	16	[(312, 722)]
723	312	360	    -65.0589	    -64.5763	     321.884	16	[(312, 723)]
724	312	360	    -65.0589	    -64.5763	     321.884	16	[(312, 724)]
725	312	360	    -65.0589	    -64.5763	     321.884	16	[(312, 725)]
726	312	360	    -65.0589	    -64.5763	     321.884	16	[(312, 726)]
727	312	360	    -65.0589	    -64.5763	     321.884	16	[(312, 727)]
728	312	360	    -65.0589	    -64.5763	     321.884	16	[(312, 728)]
729	312	360	    -65.0589	    -64.5763	     321.884	16	[(312, 729)]
730	312	360	    -65.0589	    -64.5763	     321.884	16	[(312, 730)]
731	312	360	    -65.0589	    -64.5763	     321.884	16	[(312, 731)]
732	312	360	    -65.0589	    -64.5763	     321.884	16	[(312, 732)]
733	312	360	    -65.0589	    -64.5763	     321.884	16	[(312, 733)]
734	312	360	    -65.0589	    -64.5763	     321.884	16	[(312, 734)]
735	312	360	    -65.0589	    -64.5763	     321.884	16	[(312, 735)]
736	312	360	    -65.0589	    -64.5763	     321.884	16	[(312, 736)]
737	312	360	    -65.0589	    -64.5763	     321.884	16	[(312, 737)]
738	312	360	    -65.0589	    -64.5763	     321.884	16	[(312, 738)]
739	312	360	    -65.0589	    -64.5763	     321.884	16	[(312, 739)]
740	312	360	    -65.0589	    -64.5763	     321.884	16	[(312, 740)]
741	312	360	    -65.0589	    -64.5763	     321.884	16	[(312, 741)]
742	312	360	    -65.0589	    -64.5763	     321.884	16	[(312, 742)]
743	312	360	    -65.0589	    -64.5763	     321.884	16	[(312, 743)]
744	312	360	    -65.0589	    -64.5763	     321.884	16	[(312, 744)]
745	312	360	    -65.0589	    -64.5763	     321.884	16	[(312, 745)]
746	312	360	    -65.0589	    -64.5763	     321.884	16	[(312, 746)]
747	312	360	    -65.0589	    -64.5763	     321.884	16	[(312, 747)]
748	312	360	    -65.0589	    -64.5763	     321.884	16	[(312, 748)]
749	312	360	    -65.0589	    -64.5763	     321.884	16	[(312, 749)]
750	312	360	    -65.0589	    -64.5763	     321.884	16	[(312, 750)]
751	312	360	    -65.0589	    -64.5763	     321.884	16	[(312, 751)]
752	312	360	    -65.0589	    -64.5763	     321.884	16	[(312, 752)]
753	312	360	    -65.0589	    -64.5763	     321.884	16	[(312, 753)]
754	312	360	    -65.0589	    -64.5763	     321.884	16	[(312, 754)]
755	312	360	    -65.0589	    -64.5763	     321.884	16	[(312, 755)]
756	312	360	    -65.0589	    -64.5763	     321.884	16	[(312, 756)]
757	312	360	    -65.0589	    -64.5763	     321.884	16	[(312, 757)]
758	312	360	    -65.0589	    -64.5763	     321.884	16	[(312, 758)]
759	312	360	    -65.0589	    -64.5763	     321.884	16	[(312, 759)]
760	312	360	    -65.0589	    -64.5763	     321.884	16	[(312, 760)]
761	312	360	    -65.0589	    -64.5763	     321.884	16	[(312, 761)]
762	312	360	    -65.0589	    -64.5763	     321.884	16	[(312, 762)]
763	312	360	    -65.0589	    -64.5763	     321.884	16	[(312, 763)]
764	312	360	    -65.0589	    -64.5763	     321.884	16	[(312, 764)]
765	312	360	    -65.0589	    -64.5763	     321.884	16	[(312, 765)]
766	312	360	    -65.0589	    -64.5763	     321.884	16	[(312, 766)]
767	312	360	    -65.0589	    -64.5763	     321.884	16	[(312, 767)]
768	312	360	    -65.0589	    -64.5763	     321.884	16	[(312, 768)]
769	312	360	    -65.0589	    -64.5763	     321.884	16	[(312, 769)]
770	312	360	    -65.0589	    -64.5763	     321.884	16	[(312, 770)]
771	312	360	    -65.0589	    -64.5763	     321.884	16	[(312, 771)]
772	312	360	    -65.0589	    -64.5763	     321.884	16	[(312, 772)]
773	312	360	    -65.0589	    -64.5763	     321.884	16	[(312, 773)]
774	312	360	    -65.0589	    -64.5763	     321.884	16	[(312, 774)]
775	312	360	    -65.0589	    -64.5763	     321.884	16	[(312, 775)]
776	312	360	    -65.0589	    -64.5763	     321.884	16	[(312, 776)]
777	312	360	    -65.0589	    -64.5763	     321.884	16	[(312, 777)]
778	312	360	    -65.0589	    -64.5763	     321.884	16	[(312, 778)]
779	312	360	    -65.0589	    -64.5763	     321.884	16	[(312, 779)]
780	312	360	    -65.0589	    -64.5763	     321.884	16	[(312, 780)]
781	312	360	    -65.0589	    -64.5763	     321.884	16	[(312, 781)]
782	312	360	    -65.0589	    -64.5763	     321.884	16	[(312, 782)]
783	312	360	    -65.0589	    -64.5763	     321.884	16	[(312, 783)]
784	312	360	    -65.0589	    -64.5763	     321.884	16	[(312, 784)]
785	312	360	    -65.0589	    -64.5763	     321.884	16	[(312, 785)]
786	312	360	    -65.0589	    -64.5763	     321.884	16	[(312, 786)]
787	312	360	    -65.0589	    -64.5763	     321.884	16	[(312, 787)]
788	312	360	    -65.0589	    -64.5763	     321.884	16	[(312, 788)]
789	312	360	    -65.0589	    -64.5763	     321.884	16	[(312, 789)]
790	312	360	    -65.0589	    -64.5763	     321.884	16	[(312, 790)]
791	312	360	    -65.0589	    -64.5763	     321.884	16	[(312, 791)]
792	312	360	    -65.0589	    -64.5763	     321.884	16	[(312, 792)]
793	312	360	    -65.0589	    -64.5763	     321.884	16	[(312, 793)]
794	312	360	    -65.0589	    -64.5763	     321.884	16	[(312, 794)]
795	312	360	    -65.0589	    -64.5763	     321.884	16	[(312, 795)]
796	312	360	    -65.0589	    -64.5763	     321.884	16	[(312, 796)]
797	312	360	    -65.0589	    -64.5763	     321.884	16	[(312, 797)]
798	312	360	    -65.0589	    -64.5763	     321.884	16	[(312, 798)]
799	312	360	    -65.0589	    -64.5763	     321.884	16	[(312, 799)]
800	312	360	    -65.0589	    -64.5763	     321.884	16	[(312, 800)]
801	312	360	    -65.0589	    -64.5763	     321.884	16	[(312, 801)]
802	312	360	    -65.0589	    -64.5763	     321.884	16	[(312, 802)]
803	312	360	    -65.0589	    -64.5763	     321.884	16	[(312, 803)]
804	312	360	    -65.0589	    -64.5763	     321.884	16	[(312, 804)]
805	312	360	    -65.0589	    -64.5763	     321.884	16	[(312, 805)]
806	312	360	    -65.0589	    -64.5763	     321.884	16	[(312, 806)]
807	312	360	    -65.0589	    -64.5763	     321.884	16	[(312, 807)]
808	312	360	    -65.0589	    -64.5763	     321.884	16	[(312, 808)]
809	312	360	    -65.0589	    -64.5763	     321.884	16	[(312, 809)]
810	312	360	    -65.0589	    -64.5763	     321.884	16	[(312, 810)]
811	312	360	    -65.0589	    -64.5763	     321.884	16	[(312, 811)]
812	312	360	    -65.0589	    -64.5763	     321.884	16	[(312, 812)]
813	312	360	    -65.0589	    -64.5763	     321.884	16	[(312, 813)]
814	312	360	    -65.0589	    -64.5763	     321.884	16	[(312, 814)]
815	312	360	    -65.0589	    -64.5763	     321.884	16	[(312, 815)]
816	312	360	    -65.0589	    -64.5763	     321.884	16	[(312, 816)]
817	312	360	    -65.0589	    -64.5763	     321.884	16	[(312, 817)]
818	312	360	    -65.0589	    -64.5763	     321.884	16	[(312, 818)]
819	312	360	    -65.0589	    -64.5763	     321.884	16	[(312, 819)]
820	312	360	    -65.0589	    -64.5763	     321.884	16	[(312, 820)]
821	312	360	    -65.0589	    -64.5763	     321.884	16	[(312, 821)]
822	312	360	    -65.0589	    -64.5763	     321.884	16	[(312, 822)]
823	312	360	    -65.0589	    -64.5763	     321.884	16	[(312, 823)]
824	312	360	    -65.0589	    -64.5763	     321.884	16	[(312, 824)]
825	312	360	    -65.0589	    -64.5763	     321.884	16	[(312, 825)]
826	312	360	    -65.0589	    -64.5763	     321.884	16	[(312, 826)]
827	312	360	    -65.0589	    -64.5763	     321.884	16	[(312, 827)]
828	312	360	    -65.0589	    -64.5763	     321.884	16	[(312, 828)]
829	312	360	    -65.0589	    -64.5763	     321.884	16	[(312, 829)]
830	312	360	    -65.0589	    -64.5763	     321.884	16	[(312, 830)]
831	312	360	    -65.0589	    -64.5763	     321.884	16	[(312, 831)]
832	312	360	    -65.0589	    -64.5763	     321.884	16	[(312, 832)]
833	312	360	    -65.0589	    -64.5763	     321.884	16	[(312, 833)]
834	312	360	    -65.0589	    -64.5763	     321.884	16	[(312, 834)]
835	312	360	    -65.0589	    -64.5763	     321.884	16	[(312, 835)]
836	312	360	    -65.0589	    -64.5763	     321.884	16	[(312, 836)]
837	312	360	    -65.0589	    -64.5763	     321.884	16	[(312, 837)]
838	312	360	    -65.0589	    -64.5763	     321.884	16	[(312, 838)]
839	312	360	    -65.0589	    -64.5763	     321.884	16	[(312, 839)]
840	312	360	    -65.0589	    -64.5763	     321.884	16	[(312, 840)]
841	312	360	    -65.0589	    -64.5763	     321.884	16	[(312, 841)]
842	312	360	    -65.0589	    -64.5763	     321.884	16	[(312, 842)]
843	312	360	    -65.0589	    -64.5763	     321.884	16	[(312, 843)]
844	312	360	    -65.0589	    -64.5763	     321.884	16	[(312, 844)]
845	312	360	    -65.0589	    -64.5763	     321.884	16	[(312, 845)]
846	312	360	    -65.0589	    -64.5763	     321.884	16	[(312, 846)]
847	312	360	    -65.0589	    -64.5763	     321.884	16	[(312, 847)]
848	312	360	    -65.0589	    -64.5763	     321.884	16	[(312, 848)]
849	312	360	    -65.0589	    -64.5763	     321.884	16	[(312, 849)]
850	312	360	    -65.0589	    -64.5763	     321.884	16	[(312, 850)]
851	312	360	    -65.0589	    -64.5763	     321.884	16	[(312, 851)]
852	312	360	    -65.0589	    -64.5763	     321.884	16	[(312, 852)]
853	312	360	    -65.0589	    -64.5763	     321.884	16	[(312, 853)]
854	312	360	    -65.0589	    -64.5763	     321.884	16	[(312, 854)]
855	312	360	    -65.0589	    -64.5763	     321.884	16	[(312, 855)]
856	312	360	    -65.0589	    -64.5763	     321.884	16	[(312, 856)]
857	312	360	    -65.0589	    -64.5763	     321.884	16	[(312, 857)]
858	312	360	    -65.0589	    -64.5763	     321.884	16	[(312, 858)]
859	312	360	    -65.0589	    -64.5763	     321.884	16	[(312, 859)]
860	312	360	    -65.0589	    -64.5763	     321.884	16	[(312, 860)]
861	312	360	    -65.0589	    -64.5763	     321.884	16	[(312, 861)]
