nresidues = 168
7 25 0.170999
7 26 0.170999
8 23 0.341998
8 24 3.41998
8 25 0.170999
9 22 0.170999
9 23 3.24898
9 24 0.512997
9 26 0.170999
10 21 0.854995
10 22 3.41998
10 23 1.70999
10 75 0.170999
11 20 0.170999
11 21 3.41998
11 22 1.88099
11 24 0.170999
11 71 0.170999
11 72 0.854995
11 74 0.170999
11 75 1.02599
12 20 3.24898
12 75 4.44597
12 76 0.170999
13 18 0.170999
13 19 3.41998
13 20 0.854995
13 74 0.170999
13 77 3.41998
14 17 0.683996
14 18 3.76198
14 77 0.341998
14 78 3.41998
14 79 0.683996
15 18 0.854995
15 20 0.683996
15 40 0.170999
15 79 3.41998
16 79 0.341998
16 80 0.683996
16 81 0.854995
16 83 0.512997
16 84 0.341998
20 38 0.341998
22 37 0.170999
23 37 0.170999
24 33 0.170999
24 37 0.170999
24 71 0.170999
24 72 0.170999
25 28 0.512997
26 70 0.170999
28 32 0.320624
28 33 0.213749
28 36 0.170999
28 37 0.170999
28 70 3.24898
28 71 0.341998
29 32 3.52685
29 33 0.213749
29 45 0.170999
29 48 0.854995
29 66 3.07798
29 67 0.854995
29 69 3.59098
29 70 0.683996
29 71 0.512997
30 33 2.13749
30 34 0.641246
30 57 0.170999
30 59 0.170999
30 66 3.93298
30 69 0.341998
30 70 0.170999
30 71 0.170999
30 79 0.170999
31 34 2.13749
31 35 0.427497
31 66 1.19699
32 35 2.24436
32 36 2.13749
32 45 0.170999
33 36 2.03061
33 37 2.24436
33 38 0.320624
33 71 0.170999
34 37 1.81686
34 38 2.24436
34 39 2.13749
34 40 2.35124
34 57 0.170999
34 81 0.170999
35 38 1.81686
35 39 2.03061
35 40 0.320624
35 41 0.53437
35 43 0.854995
35 45 0.170999
40 83 1.19699
41 44 0.683996
41 83 0.512997
42 82 0.512997
42 83 0.512997
42 111 0.170999
43 54 2.90698
43 55 0.341998
43 57 0.170999
43 66 0.170999
43 81 0.170999
44 54 4.10398
44 55 0.341998
44 108 1.19699
45 48 0.341998
45 52 0.170999
45 54 0.512997
45 108 0.341998
46 52 0.512997
46 54 0.170999
47 50 0.170999
47 51 0.170999
47 52 0.170999
48 67 0.683996
49 67 0.170999
49 68 0.512997
50 65 0.854995
50 68 0.341998
51 65 0.170999
51 138 0.170999
52 65 0.341998
52 138 0.341998
52 139 3.41998
52 140 0.854995
53 56 0.854995
53 65 0.683996
53 112 0.170999
53 138 0.170999
53 139 0.341998
54 111 2.90698
55 64 0.170999
55 65 3.41998
55 66 1.19699
55 67 0.341998
56 63 0.170999
56 64 3.41998
56 65 0.512997
56 112 0.170999
56 115 0.512997
56 116 0.170999
56 139 0.170999
57 62 0.170999
57 63 3.24898
57 64 0.512997
57 66 0.170999
57 79 0.170999
57 80 3.07798
58 61 0.170999
58 62 3.93298
58 63 0.512997
58 78 0.170999
58 79 3.24898
58 80 0.854995
58 115 0.170999
58 118 0.170999
59 62 0.854995
59 64 0.341998
59 77 0.341998
59 78 3.41998
60 77 1.02599
60 78 0.683996
63 119 0.683996
65 68 3.41998
65 69 0.512997
65 138 0.683996
66 69 0.341998
69 73 0.683996
70 73 4.44597
71 74 0.341998
72 75 0.170999
73 77 0.170999
74 77 0.512997
74 79 0.170999
80 118 0.683996
81 84 0.170999
82 85 0.341998
82 111 0.341998
82 114 0.170999
85 92 0.170999
85 95 1.02599
85 114 0.170999
85 118 0.341998
85 167 0.170999
86 90 3.24898
86 95 0.341998
87 90 0.341998
91 95 1.06874
92 95 2.99248
92 96 0.213749
92 167 0.341998
93 96 2.13749
93 97 0.213749
93 158 0.170999
93 161 0.170999
94 97 2.13749
94 98 0.427497
94 114 0.341998
94 118 0.170999
95 98 2.13749
95 99 0.106874
96 99 2.13749
96 100 1.06874
97 100 2.56498
97 101 0.641246
97 152 1.36799
97 155 0.341998
97 158 0.341998
98 101 1.92374
98 102 2.13749
98 103 0.748122
98 114 0.341998
98 152 0.341998
99 102 0.106874
100 155 1.02599
101 148 0.683996
101 151 0.854995
101 152 0.170999
101 155 0.854995
102 105 0.341998
102 148 0.854995
103 144 0.170999
103 148 0.512997
103 149 0.683996
104 110 0.341998
104 144 0.170999
105 143 1.88099
105 144 0.170999
106 143 0.341998
107 110 0.854995
109 112 2.03061
109 113 0.53437
109 140 0.170999
109 141 0.341998
110 113 2.13749
110 114 0.427497
111 114 2.13749
111 115 0.106874
112 115 2.13749
112 116 0.213749
112 139 0.854995
113 116 2.13749
113 117 0.213749
113 136 0.512997
113 139 0.683996
113 140 0.341998
113 141 0.170999
113 149 0.170999
114 117 2.24436
114 118 0.427497
115 118 2.03061
115 119 0.106874
116 119 2.13749
116 120 0.427497
116 135 0.170999
116 136 0.512997
116 139 0.854995
117 120 2.13749
117 121 0.427497
117 153 0.341998
118 121 2.13749
118 122 0.213749
118 167 1.19699
119 122 2.03061
120 123 2.13749
120 124 0.427497
120 127 0.170999
120 135 0.683996
120 136 0.341998
121 124 2.45811
121 125 0.213749
121 127 0.170999
121 153 0.170999
121 158 0.170999
121 167 0.170999
124 127 0.854995
124 131 0.170999
125 159 0.683996
125 162 0.341998
125 163 0.341998
127 131 0.641246
127 132 0.213749
127 154 0.170999
128 131 3.09935
128 132 0.320624
129 132 2.13749
129 133 0.320624
129 147 0.341998
129 150 1.36799
129 151 0.854995
129 154 0.170999
130 133 2.13749
130 134 0.854995
131 134 2.24436
131 135 0.320624
132 135 2.13749
132 136 0.53437
132 150 0.170999
132 153 0.170999
132 154 0.170999
133 136 1.92374
133 137 0.213749
133 147 0.170999
133 150 0.512997
134 137 0.427497
136 139 0.512997
136 153 0.170999
139 146 0.341998
140 146 1.02599
141 144 0.512997
141 146 0.512997
144 149 0.170999
146 149 2.13749
146 150 0.106874
147 150 2.24436
147 151 0.748122
148 151 2.67186
148 152 0.213749
149 152 2.13749
149 153 0.53437
150 153 2.13749
150 154 0.53437
151 154 2.35124
151 155 0.213749
152 155 0.213749
152 158 0.170999
153 158 0.170999
155 158 2.35124
156 159 2.13749
156 160 0.213749
157 160 2.13749
157 161 0.213749
158 161 2.24436
158 162 0.213749
158 167 0.170999
159 162 2.13749
159 163 0.53437
160 163 2.13749
160 164 1.49624
161 164 2.24436
161 165 2.13749
161 166 0.748122
161 167 0.320624
162 165 0.106874
162 167 0.213749
