L	Ls	nvertices	F_L	F_L_constrained	rho_sum	nloops	regions
 27	  0	  0	           0	           0	           0	 0	[(0, 27)]
 28	  0	  0	           0	           0	           0	 0	[(0, 28)]
 29	  0	  0	           0	           0	           0	 0	[(0, 29)]
 30	  0	  0	           0	           0	           0	 0	[(0, 30)]
 31	  0	  0	           0	           0	           0	 0	[(0, 31)]
 32	  0	  0	           0	           0	           0	 0	[(0, 32)]
 33	  0	  0	           0	           0	           0	 0	[(0, 33)]
 34	  0	  0	           0	           0	           0	 0	[(0, 34)]
 35	  0	  0	           0	           0	           0	 0	[(0, 35)]
 36	  0	  2	   -0.255822	   -0.255822	     0.24189	 0	[(0, 36)]
 37	  0	  2	   -0.255822	   -0.255822	     0.24189	 0	[(0, 37)]
 38	  0	  4	   -0.381918	   -0.381918	    0.372661	 0	[(0, 38)]
 39	  0	  4	   -0.381918	   -0.381918	    0.372661	 0	[(0, 39)]
 40	  0	  4	   -0.381918	   -0.381918	    0.372661	 0	[(0, 40)]
 41	  0	  6	   -0.381918	     3.65961	    0.446361	 1	[(0, 41)]
 42	  0	  8	   -0.381918	      2.1131	    0.425283	 1	[(0, 42)]
 43	  0	 10	   -0.381918	    -0.27035	    0.281074	 0	[(0, 43)]
 44	  0	 12	    -0.41354	    -0.41354	    0.420501	 0	[(0, 44)]
 45	  0	 13	    -0.41354	     4.76673	     6.85285	 0	[(0, 45)]
 46	  0	 14	    -0.41354	     4.70195	     7.36174	 0	[(0, 46)]
 47	  0	 15	    -0.41354	     4.94375	     7.90142	 0	[(0, 47)]
 48	  0	 16	    -0.41354	     5.03897	     9.01901	 0	[(0, 48)]
 49	  0	 17	    -0.41354	      4.9815	     10.3867	 0	[(0, 49)]
 50	  0	 18	    -0.41354	     5.03335	     11.4812	 0	[(0, 50)]
 51	  0	 19	    -0.41354	     5.09704	     12.4204	 0	[(0, 51)]
 52	  0	 20	    -0.41354	     5.24716	     13.1515	 0	[(0, 52)]
 53	  0	 21	    -0.41354	     5.35085	     14.0303	 0	[(0, 53)]
 54	  0	 22	    -0.41354	     5.47109	     14.9939	 0	[(0, 54)]
 55	  0	 23	    -0.41354	     5.51557	     16.2349	 0	[(0, 55)]
 56	  0	 24	    -0.41354	     5.61633	     16.9428	 0	[(0, 56)]
 57	 38	 20	    -0.41354	     6.51967	     15.1443	 0	[(38, 57)]
 58	 38	 20	    -0.41354	     6.51967	     15.1443	 0	[(38, 58)]
 59	 38	 21	    -0.41354	     6.25292	     15.3107	 0	[(38, 59)]
 60	 38	 22	    -0.41354	     6.30866	     15.2989	 0	[(38, 60)]
 61	 38	 23	    -0.41354	     6.24284	     15.4999	 0	[(38, 61)]
 62	 38	 23	    -0.41354	     6.24284	     15.4999	 0	[(38, 62)]
 63	 38	 23	    -0.41354	     6.24284	     15.4999	 0	[(38, 63)]
 64	 38	 23	    -0.41354	     6.24284	     15.4999	 0	[(38, 64)]
 65	 38	 23	    -0.41354	     6.24284	     15.4999	 0	[(38, 65)]
 66	 38	 23	    -0.41354	     6.24284	     15.4999	 0	[(38, 66)]
 67	 38	 23	    -0.41354	     6.24284	     15.4999	 0	[(38, 67)]
 68	 38	 23	    -0.41354	     6.24284	     15.4999	 0	[(38, 68)]
 69	 38	 23	    -0.41354	     6.24284	     15.4999	 0	[(38, 69)]
 70	 38	 23	    -0.41354	     6.24284	     15.4999	 0	[(38, 70)]
 71	 68	  2	    -0.41354	     3.71807	     0.29285	 1	[(68, 71)]
 72	 68	  4	    -0.41354	     2.24946	    0.287106	 1	[(68, 72)]
 73	 68	  6	    -0.41354	     5.05281	     5.37117	 0	[(68, 73)]
 74	 68	  7	    -0.41354	     5.27755	     5.93367	 0	[(68, 74)]
 75	 68	  8	    -0.41354	     5.30207	     6.46289	 0	[(68, 75)]
 76	 68	  9	    -0.41354	     5.36948	     7.00104	 0	[(68, 76)]
 77	 68	 10	    -0.41354	     5.32743	     7.58666	 0	[(68, 77)]
 78	 68	 11	    -0.41354	     4.83894	     8.99218	 0	[(68, 78)]
 79	 68	 12	    -0.41354	     4.60916	     10.0889	 0	[(68, 79)]
 80	 68	 13	    -0.41354	     4.54529	     10.9813	 0	[(68, 80)]
 81	 68	 14	    -0.41354	     4.31297	     11.9396	 0	[(68, 81)]
 82	 68	 15	    -0.41354	      4.1013	     12.9472	 0	[(68, 82)]
 83	 68	 16	    -0.41354	     4.26118	     13.5667	 0	[(68, 83)]
 84	 68	 17	    -0.41354	     4.54696	     13.5092	 0	[(68, 84)]
 85	 68	 17	    -0.41354	     4.54696	     13.5092	 0	[(68, 85)]
 86	 68	 17	    -0.41354	     4.54696	     13.5092	 0	[(68, 86)]
 87	 68	 18	    -0.41354	     4.36577	     13.6899	 0	[(68, 87)]
 88	 68	 18	    -0.41354	     4.36577	     13.6899	 0	[(68, 88)]
 89	 68	 19	    -0.41354	      4.2224	     13.8281	 0	[(68, 89)]
 90	  0	 63	    -0.41354	      4.1355	     53.9901	 1	[(0, 90)]
 91	 68	 21	    -0.41354	     4.19746	     13.8846	 0	[(68, 91)]
 92	 68	 22	    -0.41354	     4.14118	      14.008	 0	[(68, 92)]
 93	 68	 23	    -0.41354	     4.16593	     13.9552	 0	[(68, 93)]
 94	 68	 23	    -0.41354	     4.16593	     13.9552	 0	[(68, 94)]
 95	 68	 23	    -0.41354	     4.16593	     13.9552	 0	[(68, 95)]
 96	 68	 24	    -0.41354	      3.9948	     14.1668	 0	[(68, 96)]
 97	  0	 68	    -0.41354	     10.9421	       54.62	 2	[(0, 97)]
 98	  0	 71	    -0.41354	     11.2562	     54.1056	 2	[(0, 98)]
 99	 68	 29	    -0.41354	     11.4013	      14.014	 1	[(68, 99)]
100	 97	  2	    -0.41354	     3.71622	    0.296841	 1	[(97, 100)]
101	 97	  4	    -0.41354	      2.2539	    0.292586	 1	[(97, 101)]
102	 97	  6	    -0.41354	      4.6442	     5.27178	 0	[(97, 102)]
103	 97	  7	    -0.41354	     4.72226	     5.81305	 0	[(97, 103)]
104	 97	  8	    -0.41354	     4.79495	     6.33793	 0	[(97, 104)]
105	 97	  9	    -0.41354	     4.83262	     6.87818	 0	[(97, 105)]
106	 97	 10	    -0.41354	     4.65813	     8.36077	 0	[(97, 106)]
107	 97	 11	    -0.41354	     4.29392	     9.61025	 0	[(97, 107)]
108	 97	 12	    -0.41354	      4.4505	     10.2826	 0	[(97, 108)]
109	 97	 13	    -0.41354	     4.91853	     9.98417	 0	[(97, 109)]
110	 97	 13	    -0.41354	     4.91853	     9.98417	 0	[(97, 110)]
111	 97	 14	    -0.41354	     4.66258	     10.2485	 0	[(97, 111)]
112	 97	 14	    -0.41354	     4.66258	     10.2485	 0	[(97, 112)]
113	 97	 14	    -0.41354	     4.66258	     10.2485	 0	[(97, 113)]
114	  0	 87	    -0.41354	     2.25677	     66.7889	 2	[(0, 114)]
115	  0	 88	    -0.41354	     2.22701	     67.7776	 2	[(0, 115)]
116	  0	 89	    -0.41354	    0.619369	      69.399	 2	[(0, 116)]
117	  0	 90	    -0.41354	      1.0976	     69.8731	 2	[(0, 117)]
118	  0	 91	    -0.41354	     1.54164	      69.855	 2	[(0, 118)]
119	 97	 18	    -0.41354	     4.41218	     10.5008	 0	[(97, 119)]
120	 97	 18	    -0.41354	     4.41218	     10.5008	 0	[(97, 120)]
121	 97	 19	    -0.41354	     4.27033	     10.6399	 0	[(97, 121)]
122	117	  3	    -0.41354	      3.9134	    0.281223	 1	[(117, 122)]
123	117	  6	    -0.41354	     2.24784	    0.264926	 1	[(117, 123)]
124	117	  6	    -0.41354	     2.24784	    0.264926	 1	[(117, 124)]
125	117	  6	    -0.41354	     2.24784	    0.264926	 1	[(117, 125)]
126	  0	 99	    -1.88618	    -1.88618	     83.7375	 3	[(0, 126)]
127	  0	100	    -3.07548	    -3.07548	     84.8486	 3	[(0, 127)]
128	  0	100	    -3.07548	    -3.07548	     84.8486	 3	[(0, 128)]
129	  0	101	    -3.07548	    -1.41763	     76.9149	 4	[(0, 129)]
130	  0	101	    -3.07548	    -1.41763	     76.9149	 4	[(0, 130)]
131	  0	101	    -3.07548	    -1.41763	     76.9149	 4	[(0, 131)]
132	  0	101	    -3.07548	    -1.41763	     76.9149	 4	[(0, 132)]
133	  0	101	    -3.07548	    -1.41763	     76.9149	 4	[(0, 133)]
134	  0	104	    -3.07548	     3.20358	     85.1047	 5	[(0, 134)]
135	  0	106	    -3.07548	      1.2869	     76.8968	 5	[(0, 135)]
136	  0	108	    -3.07548	    -1.17044	     76.7973	 4	[(0, 136)]
137	  0	109	    -3.07548	      4.3854	     91.5325	 4	[(0, 137)]
138	  0	110	    -3.07548	     5.11608	     96.2242	 4	[(0, 138)]
139	  0	111	    -3.07548	     5.19734	     96.7448	 4	[(0, 139)]
140	  0	112	    -3.07548	     4.57402	     84.8185	 4	[(0, 140)]
141	  0	113	    -3.07548	     4.20262	     94.7378	 4	[(0, 141)]
142	  0	114	    -3.07548	     4.13459	     95.7548	 4	[(0, 142)]
143	  0	115	    -3.07548	     4.18166	     87.0015	 4	[(0, 143)]
144	  0	116	    -3.07548	     4.20452	     87.7505	 4	[(0, 144)]
145	  0	117	    -3.07548	     4.17713	     97.7101	 4	[(0, 145)]
146	  0	118	    -3.07548	     4.34808	     98.4478	 4	[(0, 146)]
147	  0	119	    -3.07548	     4.53306	     99.1925	 4	[(0, 147)]
148	  0	120	    -3.07548	     4.67551	     87.0429	 4	[(0, 148)]
149	  0	120	    -3.07548	     4.67551	     87.0429	 4	[(0, 149)]
150	  0	120	    -3.07548	     4.67551	     87.0429	 4	[(0, 150)]
151	  0	120	    -3.07548	     4.67551	     87.0429	 4	[(0, 151)]
152	  0	121	    -3.07548	     4.55202	     87.1825	 4	[(0, 152)]
153	  0	121	    -3.07548	     4.55202	     87.1825	 4	[(0, 153)]
154	  0	121	    -3.07548	     4.55202	     87.1825	 4	[(0, 154)]
155	  0	121	    -3.07548	     4.55202	     87.1825	 4	[(0, 155)]
156	  0	121	    -3.07548	     4.55202	     87.1825	 4	[(0, 156)]
157	  0	121	    -3.07548	     4.55202	     87.1825	 4	[(0, 157)]
158	  0	121	    -3.07548	     4.55202	     87.1825	 4	[(0, 158)]
159	  0	121	    -3.07548	     4.55202	     87.1825	 4	[(0, 159)]
160	  0	121	    -3.07548	     4.55202	     87.1825	 4	[(0, 160)]
161	  0	121	    -3.07548	     4.55202	     87.1825	 4	[(0, 161)]
162	129	 21	    -3.07548	     5.44075	     8.79443	 0	[(129, 162)]
163	129	 24	    -3.07548	     9.38388	     9.05548	 1	[(129, 163)]
164	129	 24	    -3.07548	     9.38388	     9.05548	 1	[(129, 164)]
165	129	 24	    -3.07548	     9.38388	     9.05548	 1	[(129, 165)]
166	158	113	    -3.07548	       6.765	     77.2251	 6	[(0, 136), (158, 166)]
167	129	 30	    -3.07548	     7.60484	     9.20441	 1	[(129, 167)]
168	158	119	    -3.07548	     4.61991	     82.8598	 4	[(0, 136), (158, 168)]
169	158	120	    -3.07548	     3.41292	     82.7182	 4	[(0, 136), (158, 169)]
170	158	121	    -3.07548	     3.48876	     83.1489	 4	[(0, 136), (158, 170)]
171	158	122	    -3.07548	     3.63114	      83.557	 4	[(0, 136), (158, 171)]
172	158	123	    -3.07548	     3.70989	      83.992	 4	[(0, 136), (158, 172)]
173	158	124	    -3.07548	     3.86545	     84.6071	 4	[(0, 136), (158, 173)]
174	158	125	    -3.07548	     3.88629	     86.4853	 4	[(0, 136), (158, 174)]
175	158	126	    -3.07548	     3.98332	     87.5273	 4	[(0, 136), (158, 175)]
176	158	127	    -3.07548	     4.07122	     88.4874	 4	[(0, 136), (158, 176)]
177	158	128	    -3.07548	     4.04948	     89.5395	 4	[(0, 136), (158, 177)]
178	158	129	    -3.07548	     3.92689	     90.7253	 4	[(0, 136), (158, 178)]
179	158	130	    -3.07548	     3.75886	     91.8259	 4	[(0, 136), (158, 179)]
180	158	131	    -3.07548	     3.30293	     92.9783	 4	[(0, 136), (158, 180)]
181	158	132	    -3.07548	     3.29626	     93.7492	 4	[(0, 136), (158, 181)]
182	158	132	    -3.07548	     3.29626	     93.7492	 4	[(0, 136), (158, 182)]
183	158	132	    -3.07548	     3.29626	     93.7492	 4	[(0, 136), (158, 183)]
184	  0	153	    -3.07548	     7.44997	     125.216	 7	[(0, 184)]
185	  0	155	    -3.07548	     6.32432	     127.314	 6	[(0, 185)]
186	  0	156	    -3.07548	     5.75497	     128.814	 6	[(0, 186)]
187	  0	157	    -3.07548	     6.37322	     129.137	 6	[(0, 187)]
188	  0	159	    -3.07548	     6.08641	     128.316	 5	[(0, 188)]
189	  0	160	    -3.07548	     5.40306	     132.732	 5	[(0, 189)]
190	  0	162	    -3.07548	     5.13035	     135.089	 4	[(0, 190)]
191	  0	163	    -3.07548	     1.17549	     139.411	 4	[(0, 191)]
192	  0	164	    -3.07548	    0.358455	     140.281	 4	[(0, 192)]
193	  0	165	    -3.07548	     0.95993	     140.873	 4	[(0, 193)]
194	  0	166	    -3.07548	      1.2986	     141.069	 4	[(0, 194)]
195	  0	167	    -3.07548	     1.40936	     140.711	 4	[(0, 195)]
196	  0	167	    -3.07548	     1.40936	     140.711	 4	[(0, 196)]
197	  0	167	    -3.07548	     1.40936	     140.711	 4	[(0, 197)]
198	195	110	    -3.07548	     2.53347	     77.1222	 5	[(0, 136), (195, 198)]
199	195	112	    -3.07548	     1.07866	     77.0946	 5	[(0, 136), (195, 199)]
200	  0	172	    -3.07548	     3.22678	     148.676	 4	[(0, 200)]
201	  0	173	    -3.07548	     3.24787	     146.833	 4	[(0, 201)]
202	  0	174	    -3.07548	     2.39491	     149.546	 4	[(0, 202)]
203	  0	175	    -3.07548	     2.32606	     150.416	 4	[(0, 203)]
204	  0	176	    -3.07548	     2.27839	     151.324	 4	[(0, 204)]
205	  0	177	    -3.07548	     2.36632	     152.003	 4	[(0, 205)]
206	  0	178	    -3.07548	     1.98631	     153.348	 4	[(0, 206)]
207	  0	179	    -3.07548	     1.95701	     154.226	 4	[(0, 207)]
208	  0	180	    -3.07548	     1.91293	     155.209	 4	[(0, 208)]
209	  0	181	    -3.07548	     1.97858	     155.994	 4	[(0, 209)]
210	  0	182	    -3.07548	     1.04569	      157.62	 4	[(0, 210)]
211	  0	183	    -3.07548	     1.74938	     157.783	 4	[(0, 211)]
212	  0	184	    -3.07548	     2.00864	     157.516	 4	[(0, 212)]
213	  0	185	    -3.07548	    0.749678	     158.719	 4	[(0, 213)]
214	  0	186	    -3.07548	   -0.824181	     160.043	 4	[(0, 214)]
215	  0	187	    -3.07548	    -1.76336	     161.122	 4	[(0, 215)]
216	  0	188	    -3.07548	     -2.5389	     162.308	 4	[(0, 216)]
217	  0	189	    -4.40134	    -4.40134	     163.326	 4	[(0, 217)]
218	  0	190	    -5.20974	    -5.20974	     164.157	 4	[(0, 218)]
219	  0	191	    -5.20974	    -5.09353	      165.07	 4	[(0, 219)]
220	  0	192	    -5.40332	    -5.40332	     166.326	 4	[(0, 220)]
221	  0	192	    -5.40332	    -5.40332	     166.326	 4	[(0, 221)]
222	  0	193	    -5.40332	    -3.58001	     166.872	 5	[(0, 222)]
223	  0	194	    -5.40332	    -4.03018	     168.032	 5	[(0, 223)]
224	  0	195	    -5.40332	    -3.50158	     168.023	 5	[(0, 224)]
225	  0	197	    -5.40332	    -4.75608	      165.93	 4	[(0, 225)]
226	  0	198	    -5.40332	    -4.11021	     172.959	 4	[(0, 226)]
227	  0	199	    -5.40332	    -3.75038	     172.532	 4	[(0, 227)]
228	  0	200	    -5.40332	    -3.58708	     173.864	 4	[(0, 228)]
229	  0	201	    -5.40332	    -3.87384	     174.978	 4	[(0, 229)]
230	  0	202	    -5.40332	    -4.87711	     176.516	 4	[(0, 230)]
231	  0	203	    -5.40332	    -4.96693	     177.356	 4	[(0, 231)]
232	  0	204	    -5.40332	    -5.21684	     178.312	 4	[(0, 232)]
233	  0	205	    -6.05257	    -6.05257	     179.403	 4	[(0, 233)]
234	  0	206	    -6.66126	    -6.66126	     180.595	 4	[(0, 234)]
235	  0	207	    -6.66507	    -6.66507	     181.292	 4	[(0, 235)]
236	  0	208	    -6.66507	    -6.27506	     181.531	 4	[(0, 236)]
237	  0	208	    -6.66507	    -6.27506	     181.531	 4	[(0, 237)]
238	  0	208	    -6.66507	    -6.27506	     181.531	 4	[(0, 238)]
239	  0	209	    -6.66507	    -3.82584	     182.689	 5	[(0, 239)]
240	  0	210	    -6.66507	    -5.45525	     184.168	 5	[(0, 240)]
241	  0	211	    -6.73813	    -6.73813	     185.581	 5	[(0, 241)]
242	  0	212	    -9.20469	    -9.20469	     186.763	 5	[(0, 242)]
243	  0	213	    -10.8468	    -10.8468	     187.827	 5	[(0, 243)]
244	  0	214	    -15.4061	    -15.4061	     189.106	 5	[(0, 244)]
245	  0	215	    -15.4061	    -14.9237	     189.669	 5	[(0, 245)]
246	  0	216	    -15.4061	    -14.4056	     189.886	 5	[(0, 246)]
247	  0	216	    -15.4061	    -14.4056	     189.886	 5	[(0, 247)]
248	  0	216	    -15.4061	    -14.4056	     189.886	 5	[(0, 248)]
249	  0	217	    -15.4061	     -10.242	     190.695	 6	[(0, 249)]
250	  0	219	    -15.4061	    -11.3365	     190.141	 6	[(0, 250)]
251	  0	221	    -15.4061	    -11.0836	      201.56	 5	[(0, 251)]
252	  0	222	    -15.4061	    -10.5622	     202.631	 5	[(0, 252)]
253	  0	223	    -15.4061	    -12.1559	     200.168	 5	[(0, 253)]
254	  0	224	    -15.4061	    -11.7314	     201.248	 5	[(0, 254)]
255	  0	225	    -15.4061	    -11.2347	     198.961	 5	[(0, 255)]
256	  0	226	    -15.4061	    -12.5437	     199.259	 5	[(0, 256)]
257	  0	227	    -15.4061	    -12.5209	     199.834	 5	[(0, 257)]
258	  0	228	    -15.4061	    -13.3145	     200.948	 5	[(0, 258)]
259	  0	229	    -15.4061	    -12.8943	     201.435	 5	[(0, 259)]
260	  0	230	    -15.4061	    -12.4965	      200.84	 5	[(0, 260)]
261	  0	231	    -15.4061	    -9.75112	     201.329	 6	[(0, 261)]
262	  0	232	    -15.4061	    -10.8981	     202.475	 6	[(0, 262)]
263	  0	233	    -15.4061	     -12.568	     204.208	 6	[(0, 263)]
264	  0	234	    -15.4061	    -12.0851	     204.845	 6	[(0, 264)]
265	  0	235	    -15.4061	    -12.8928	     206.696	 6	[(0, 265)]
266	  0	235	    -15.4061	    -12.8928	     206.696	 6	[(0, 266)]
267	  0	236	    -15.4061	    -11.3308	      207.17	 7	[(0, 267)]
268	  0	237	    -15.4061	    -11.1469	      207.19	 7	[(0, 268)]
269	  0	239	    -15.4061	    -12.0069	     206.027	 6	[(0, 269)]
270	  0	241	    -15.4061	    -10.2947	     210.975	 6	[(0, 270)]
271	  0	242	    -15.4061	    -13.1781	      213.56	 6	[(0, 271)]
272	  0	243	    -15.4061	    -13.9256	     214.595	 6	[(0, 272)]
273	  0	244	    -15.4061	    -14.3261	     215.462	 6	[(0, 273)]
274	  0	245	    -15.7417	    -15.7417	     216.541	 6	[(0, 274)]
275	  0	246	    -16.5817	    -16.5817	      217.54	 6	[(0, 275)]
276	  0	247	    -17.8121	    -17.8121	     218.789	 6	[(0, 276)]
277	  0	248	    -18.4083	    -18.4083	     219.709	 6	[(0, 277)]
278	  0	249	    -18.7445	    -18.7445	      220.59	 6	[(0, 278)]
279	  0	250	    -19.1886	    -19.1886	     221.546	 6	[(0, 279)]
280	  0	251	    -19.2214	    -19.2214	     222.359	 6	[(0, 280)]
281	  0	252	    -19.7635	    -19.7635	     223.375	 6	[(0, 281)]
282	  0	253	    -20.4183	    -20.4183	     224.479	 6	[(0, 282)]
283	  0	254	    -20.4915	    -20.4915	     225.365	 6	[(0, 283)]
284	  0	255	    -20.4915	    -20.4772	     226.097	 6	[(0, 284)]
285	  0	256	    -20.4915	    -20.0156	      225.42	 6	[(0, 285)]
286	  0	256	    -20.4915	    -20.0156	      225.42	 6	[(0, 286)]
287	  0	257	    -20.4915	    -20.3057	     225.665	 6	[(0, 287)]
288	  0	257	    -20.4915	    -20.3057	     225.665	 6	[(0, 288)]
289	  0	257	    -20.4915	    -20.3057	     225.665	 6	[(0, 289)]
290	  0	257	    -20.4915	    -20.3057	     225.665	 6	[(0, 290)]
291	  0	260	    -20.4915	    -20.0313	     225.099	 6	[(0, 291)]
292	  0	260	    -20.4915	    -20.0313	     225.099	 6	[(0, 292)]
293	  0	261	    -20.4915	    -20.2386	     225.327	 6	[(0, 293)]
294	  0	261	    -20.4915	    -20.2386	     225.327	 6	[(0, 294)]
295	  0	262	    -20.4915	    -20.4743	     225.517	 6	[(0, 295)]
296	  0	263	    -20.5585	    -20.5585	     226.228	 6	[(0, 296)]
297	  0	263	    -20.5585	    -20.5585	     226.228	 6	[(0, 297)]
298	  0	264	    -20.5585	    -4.84893	     226.995	11	[(0, 298)]
299	  0	266	    -20.5585	    -5.10083	     230.102	10	[(0, 299)]
300	  0	268	    -20.5585	    -5.97883	     232.039	 9	[(0, 300)]
301	  0	269	    -20.5585	    -6.02976	     233.267	 9	[(0, 301)]
302	  0	270	    -20.5585	     -6.9387	     235.196	 9	[(0, 302)]
303	  0	273	    -20.5585	    -9.35444	     234.498	 8	[(0, 303)]
304	  0	274	    -20.5585	    -8.38528	      241.32	 8	[(0, 304)]
305	  0	275	    -20.5585	    -8.26683	     243.538	 8	[(0, 305)]
306	  0	276	    -20.5585	     -8.2942	     244.945	 8	[(0, 306)]
307	  0	276	    -20.5585	     -8.2942	     244.945	 8	[(0, 307)]
308	  0	277	    -20.5585	    -8.50248	     244.956	 8	[(0, 308)]
309	  0	278	    -20.5585	    -8.93692	     244.827	 8	[(0, 309)]
310	  0	280	    -20.5585	    -7.16177	      247.86	 8	[(0, 310)]
311	  0	281	    -20.5585	    -9.47865	     245.498	 8	[(0, 311)]
312	  0	281	    -20.5585	    -9.47865	     245.498	 8	[(0, 312)]
313	  0	282	    -20.5585	    -9.98394	     246.738	 8	[(0, 313)]
314	  0	283	    -20.5585	     -10.062	     248.299	 8	[(0, 314)]
315	  0	283	    -20.5585	     -10.062	     248.299	 8	[(0, 315)]
316	  0	284	    -20.5585	     -10.174	     248.217	 8	[(0, 316)]
317	  0	285	    -20.5585	    -5.52787	      248.59	 8	[(0, 317)]
318	  0	287	    -20.5585	    -7.42813	     248.962	 8	[(0, 318)]
319	  0	288	    -20.5585	     -9.8479	     246.826	 8	[(0, 319)]
320	  0	289	    -20.5585	    -15.7687	     249.184	 8	[(0, 320)]
321	  0	290	    -20.5585	     -17.772	     250.288	 8	[(0, 321)]
322	  0	291	    -20.5585	    -18.7643	     251.467	 8	[(0, 322)]
323	  0	292	    -20.5585	    -18.3983	     252.012	 8	[(0, 323)]
324	  0	292	    -20.5585	    -18.3983	     252.012	 8	[(0, 324)]
325	  0	293	    -20.5585	    -19.4417	     252.147	 8	[(0, 325)]
326	  0	294	    -20.9982	    -20.9982	     253.691	 8	[(0, 326)]
327	  0	295	    -22.2942	    -22.2942	     254.753	 8	[(0, 327)]
328	  0	296	    -23.6584	    -23.6584	     256.298	 8	[(0, 328)]
329	  0	297	    -26.1793	    -26.1793	     258.947	 8	[(0, 329)]
330	  0	298	    -26.1793	    -25.5038	     259.429	 8	[(0, 330)]
331	  0	299	    -26.1793	    -25.0105	     259.375	 8	[(0, 331)]
332	  0	299	    -26.1793	    -25.0105	     259.375	 8	[(0, 332)]
333	  0	300	    -26.1793	    -26.0211	     261.122	 8	[(0, 333)]
334	  0	301	    -26.1793	     -26.068	     261.793	 8	[(0, 334)]
335	  0	302	    -26.1793	    -25.6019	     261.396	 8	[(0, 335)]
336	  0	303	    -26.1793	    -25.5151	     261.037	 8	[(0, 336)]
337	  0	304	    -26.1793	    -19.7116	     261.185	 9	[(0, 337)]
338	  0	305	    -26.1793	    -19.5296	     261.161	 9	[(0, 338)]
339	  0	306	    -26.1793	    -24.6257	     263.236	 9	[(0, 339)]
340	  0	306	    -26.1793	    -24.6257	     263.236	 9	[(0, 340)]
