nresidues = 468
18 23 0.0946059
19 22 2.17594
19 23 0.283819
20 23 1.89212
20 24 0.189212
21 24 1.98672
21 25 0.378423
22 25 1.89212
22 26 0.567635
23 26 1.89212
23 27 0.189212
24 27 0.189212
26 324 0.454108
26 327 0.151369
27 87 3.17876
28 31 4.38971
28 32 1.81643
28 87 3.17876
28 88 0.454108
29 32 0.454108
29 33 0.908216
29 82 0.151369
29 86 0.302739
29 87 0.605477
29 88 0.454108
31 34 0.151369
31 330 0.151369
31 331 1.66506
31 334 0.454108
32 35 0.454108
32 88 0.756847
32 89 1.21095
32 330 0.151369
32 334 0.151369
33 36 0.454108
33 75 0.454108
33 89 0.151369
34 125 0.302739
34 334 1.21095
34 338 1.21095
35 38 1.98672
35 39 0.189212
35 89 0.151369
35 125 0.454108
35 330 0.151369
35 334 0.302739
36 39 1.89212
36 40 0.283819
36 75 1.21095
36 89 0.454108
36 93 0.151369
37 40 1.89212
37 41 0.662242
37 72 0.605477
38 41 1.89212
38 42 0.0946059
38 121 0.908216
38 124 0.605477
38 128 0.151369
39 42 1.79751
39 43 0.283819
39 90 0.454108
39 93 0.756847
39 117 0.151369
39 121 1.36232
40 43 1.89212
40 44 0.283819
40 68 0.454108
40 71 0.605477
40 72 0.151369
40 93 0.151369
41 44 2.17594
41 45 0.189212
41 221 0.302739
42 45 1.89212
42 46 0.189212
43 46 1.98672
43 47 0.189212
43 68 0.302739
43 112 0.302739
44 47 1.89212
44 48 0.283819
44 65 0.454108
44 68 0.454108
45 48 1.79751
45 49 0.0946059
45 217 0.454108
45 220 0.151369
45 221 0.302739
46 49 1.89212
46 50 0.756847
46 108 0.302739
46 110 0.605477
46 111 0.605477
46 112 1.05959
46 208 0.454108
46 217 0.151369
47 50 1.89212
47 51 0.189212
47 56 0.454108
47 61 0.605477
47 65 0.151369
47 108 0.302739
48 51 1.89212
48 52 0.0946059
48 61 0.151369
48 220 0.908216
49 52 1.89212
49 53 0.189212
49 212 0.756847
49 216 0.151369
49 217 0.151369
50 53 1.89212
50 54 1.89212
50 55 2.08133
50 56 0.189212
50 107 0.151369
50 108 0.302739
50 110 0.151369
51 54 0.0946059
51 56 0.473028
51 57 0.189212
51 58 0.189212
51 61 0.302739
52 213 0.605477
52 216 0.302739
55 60 0.0946059
55 107 0.151369
55 110 0.454108
56 60 0.567635
56 64 0.302739
56 107 0.151369
57 60 2.74356
57 61 0.0946059
58 61 1.70291
58 62 0.0946059
59 62 1.98672
59 63 0.189212
60 63 1.70291
60 64 0.378423
60 104 0.605477
60 107 0.756847
61 64 1.98672
61 65 0.756847
62 65 1.70291
62 66 0.189212
63 66 1.6083
63 67 0.0946059
63 101 0.302739
64 67 1.79751
64 68 0.473028
64 97 0.151369
64 101 0.302739
64 108 0.151369
65 68 1.89212
65 69 0.283819
66 69 2.55436
66 70 0.0946059
67 70 1.89212
67 71 0.283819
67 97 0.302739
67 100 0.151369
68 71 1.89212
68 72 0.189212
68 97 0.302739
69 72 2.08133
69 73 0.0946059
70 73 1.89212
70 74 0.283819
71 74 1.89212
71 75 0.567635
71 80 0.302739
71 93 0.302739
71 96 0.756847
71 97 0.302739
71 100 0.151369
72 75 1.79751
72 76 0.473028
73 76 2.17594
73 77 0.189212
74 77 1.89212
74 78 1.79751
74 79 2.36515
74 80 0.0946059
74 96 1.21095
75 78 0.0946059
75 80 1.98672
75 89 0.454108
75 93 0.605477
80 92 0.151369
80 95 0.302739
80 96 0.454108
81 95 0.151369
82 86 0.756847
82 95 0.151369
83 86 0.756847
83 95 0.756847
83 99 0.454108
85 95 0.151369
86 91 0.0946059
86 92 0.567635
86 95 1.51369
87 91 0.473028
88 91 2.36515
88 92 0.189212
89 92 1.89212
89 93 0.378423
90 93 1.89212
90 94 0.567635
90 114 0.605477
90 117 0.151369
90 118 0.302739
90 121 0.454108
90 330 0.302739
91 94 2.08133
91 95 0.189212
91 114 0.302739
92 95 1.98672
92 96 0.189212
93 96 1.79751
93 97 0.189212
94 97 1.89212
94 98 0.189212
94 109 0.908216
94 112 0.151369
94 114 1.36232
95 98 1.89212
95 99 0.756847
96 99 2.17594
96 100 0.851451
97 100 1.89212
97 101 1.98672
97 105 0.605477
97 108 0.151369
98 101 1.79751
98 102 0.662242
98 103 0.0946059
98 105 0.151369
101 104 0.908216
101 105 0.454108
102 105 0.302739
103 106 0.151369
104 107 0.454108
105 108 0.302739
106 109 0.302739
107 110 0.756847
108 112 0.454108
109 112 0.605477
110 210 0.454108
111 208 0.151369
111 209 0.302739
112 116 0.378423
112 117 0.851451
113 116 2.27054
113 117 0.189212
113 203 0.454108
113 204 0.605477
114 117 2.08133
114 118 0.378423
115 118 1.6083
115 119 0.189212
115 203 2.57328
115 204 0.756847
115 234 0.756847
115 322 1.51369
116 119 1.89212
116 120 0.378423
116 200 0.605477
116 201 0.454108
116 202 0.454108
116 203 0.756847
116 234 0.302739
117 120 1.89212
117 121 0.378423
118 121 1.89212
118 122 0.189212
118 330 0.151369
119 122 1.89212
119 123 0.283819
119 199 0.454108
119 237 0.454108
120 123 1.89212
120 124 0.378423
120 199 0.756847
120 200 0.454108
121 124 1.89212
121 125 0.189212
122 125 1.89212
122 126 0.473028
122 239 0.302739
122 329 0.302739
123 126 1.89212
123 127 0.189212
123 195 0.454108
123 197 0.151369
123 236 0.151369
123 239 1.05959
124 127 1.89212
124 128 0.378423
124 221 0.151369
124 223 0.605477
125 128 1.89212
125 129 0.851451
125 334 0.756847
126 129 1.98672
126 130 0.567635
126 195 0.151369
126 239 0.454108
126 243 0.454108
126 333 0.302739
127 130 1.89212
127 131 0.189212
127 192 0.151369
127 196 1.05959
127 222 0.302739
128 131 1.79751
128 132 0.189212
129 132 1.89212
129 133 0.378423
129 337 0.454108
130 133 1.98672
130 134 0.189212
130 192 0.151369
130 195 0.151369
130 243 0.302739
131 134 1.89212
131 135 0.189212
131 192 0.605477
132 135 1.89212
132 136 0.567635
133 136 1.89212
133 137 0.189212
133 188 0.302739
133 344 0.151369
134 137 1.89212
134 138 0.473028
134 188 0.302739
134 467 0.302739
135 138 1.6083
135 139 0.189212
136 139 1.89212
136 140 0.189212
136 344 0.454108
136 345 1.36232
137 140 1.89212
137 141 0.473028
137 184 0.151369
137 185 0.302739
137 344 0.151369
138 141 1.98672
138 142 0.189212
138 185 0.151369
138 463 0.151369
138 464 0.151369
139 142 2.45974
139 143 0.473028
139 348 0.454108
140 143 1.89212
140 144 0.378423
140 181 0.151369
140 254 0.151369
140 348 0.454108
141 144 1.89212
141 145 0.283819
141 181 0.756847
141 182 0.454108
141 460 0.454108
142 145 1.89212
142 146 0.851451
142 460 0.302739
143 146 1.79751
143 147 0.189212
143 348 0.302739
143 351 0.302739
143 352 0.302739
144 147 1.98672
144 148 0.189212
144 174 0.151369
144 181 0.151369
144 351 0.151369
145 148 1.89212
145 149 0.189212
145 178 0.151369
145 453 0.151369
145 460 0.151369
146 149 1.89212
146 150 0.378423
147 150 1.89212
147 151 1.32448
147 174 0.302739
147 351 0.605477
147 352 0.302739
147 353 0.151369
147 354 1.36232
147 356 0.151369
148 151 1.70291
148 152 0.189212
148 171 0.908216
148 174 0.151369
148 175 0.302739
148 453 0.151369
149 152 0.189212
149 453 0.151369
151 154 0.454108
151 170 0.756847
151 171 0.454108
151 356 0.605477
152 169 0.605477
152 171 0.151369
152 446 0.302739
152 449 0.302739
152 450 0.151369
153 169 0.151369
153 446 0.454108
154 169 3.17876
154 170 0.605477
154 356 0.151369
154 358 0.302739
154 361 0.151369
155 168 3.17876
155 361 3.02739
155 362 0.151369
155 365 0.151369
155 431 0.151369
155 432 0.151369
155 435 0.151369
156 167 2.87602
156 168 1.05959
156 169 0.151369
156 170 0.302739
156 361 0.302739
156 365 0.605477
157 164 0.454108
157 166 3.02739
157 168 0.151369
157 271 0.151369
157 361 0.151369
157 364 0.605477
157 369 0.302739
158 164 2.72465
158 165 2.87602
158 166 0.302739
158 168 0.302739
159 162 0.605477
159 163 3.63286
159 164 0.605477
159 264 0.151369
159 269 0.605477
159 271 0.302739
160 163 0.908216
160 165 0.151369
164 364 0.605477
164 366 0.151369
165 369 0.756847
166 369 0.605477
166 438 0.302739
167 369 0.151369
167 370 0.151369
167 431 0.151369
167 434 0.454108
167 435 0.605477
168 435 0.151369
168 444 0.454108
169 172 1.89212
169 435 0.454108
169 436 0.756847
169 444 0.908216
169 445 0.302739
169 446 0.605477
170 173 2.17594
170 174 0.567635
170 356 0.302739
170 361 0.454108
171 174 1.98672
171 175 0.378423
171 449 0.151369
172 175 1.89212
172 176 0.283819
172 442 0.454108
172 443 1.21095
172 444 1.05959
172 449 0.151369
172 452 0.756847
173 176 2.08133
173 177 0.473028
173 260 0.908216
173 264 0.454108
174 177 1.89212
174 178 0.0946059
175 178 1.89212
175 179 0.283819
175 449 0.151369
175 452 0.302739
175 456 0.151369
176 179 1.70291
176 180 0.0946059
177 180 1.89212
177 181 0.378423
177 256 0.454108
177 257 1.05959
177 260 0.302739
178 181 1.89212
178 182 0.378423
179 182 2.17594
179 183 0.0946059
180 183 2.17594
180 184 0.283819
180 253 1.36232
181 184 2.08133
181 185 0.189212
181 250 0.151369
182 185 1.89212
182 186 0.189212
182 456 0.151369
182 459 0.302739
182 463 0.605477
183 186 1.89212
183 187 0.946059
184 187 2.36515
184 188 0.189212
184 246 0.454108
184 249 0.151369
184 250 1.05959
184 253 1.21095
185 188 1.98672
185 463 1.21095
186 189 1.79751
186 190 0.378423
186 463 0.302739
187 190 2.08133
187 191 0.283819
187 246 0.151369
187 249 0.605477
187 253 0.151369
188 191 1.89212
188 192 0.189212
188 246 0.605477
189 192 1.89212
189 193 0.189212
190 193 1.79751
190 194 0.283819
191 194 1.79751
191 195 0.473028
191 242 0.302739
192 195 1.98672
192 196 0.189212
193 196 0.283819
193 197 0.0946059
194 197 0.283819
194 242 1.51369
195 223 0.151369
195 239 0.151369
196 222 0.151369
196 223 4.23834
196 224 3.17876
197 223 1.21095
197 225 3.4815
197 226 0.605477
197 227 0.151369
198 214 0.454108
198 217 0.302739
198 221 0.151369
198 223 1.21095
198 225 0.302739
198 226 3.33013
198 227 0.454108
199 202 0.454108
199 214 0.454108
199 227 0.151369
200 214 0.605477
200 217 0.454108
201 207 2.87602
201 208 0.454108
201 214 0.605477
202 206 2.72465
202 207 4.23834
202 227 0.151369
202 230 0.605477
202 233 0.151369
202 234 0.302739
203 207 0.302739
203 234 0.302739
204 234 0.151369
205 230 3.33013
205 231 0.454108
205 321 0.302739
206 230 0.908216
207 230 0.302739
208 211 0.151369
208 212 1.05959
213 216 2.17594
213 217 0.0946059
214 217 1.98672
214 218 0.189212
214 226 0.302739
214 227 1.05959
215 218 2.83819
215 219 0.189212
216 219 1.98672
216 220 0.283819
217 220 1.89212
217 221 0.378423
218 221 1.79751
218 222 1.79751
218 223 0.662242
218 224 0.189212
218 225 0.0946059
218 226 0.0946059
219 222 0.189212
227 233 0.302739
229 232 2.08133
229 233 0.189212
230 233 1.6083
230 234 0.283819
231 234 1.70291
231 235 0.378423
231 321 0.605477
232 235 1.89212
232 236 0.756847
234 237 0.605477
235 321 0.605477
235 326 0.302739
236 239 0.283819
237 240 1.89212
237 241 0.283819
237 329 0.756847
238 241 1.89212
238 242 0.283819
239 242 1.70291
239 243 0.189212
240 243 1.89212
240 244 0.473028
240 333 0.151369
241 244 1.98672
241 245 0.378423
241 308 0.151369
241 312 0.302739
241 315 0.151369
242 245 1.98672
242 246 0.189212
243 246 2.08133
243 247 0.189212
243 336 0.302739
243 337 0.151369
244 247 1.89212
244 248 0.378423
244 307 0.454108
244 308 0.756847
244 311 0.302739
244 336 0.151369
245 248 1.89212
245 249 0.189212
245 308 0.151369
246 249 1.89212
246 250 0.283819
246 340 0.151369
247 250 1.89212
247 251 0.283819
247 304 0.454108
247 336 0.151369
247 340 0.151369
248 251 1.89212
248 252 0.283819
248 304 0.756847
248 305 0.151369
248 308 0.302739
249 252 1.89212
249 253 0.473028
250 253 1.89212
250 254 0.189212
250 340 0.151369
251 254 2.08133
251 255 0.283819
251 297 0.151369
251 300 0.454108
251 301 0.454108
251 304 0.302739
251 340 0.151369
251 343 0.151369
252 255 2.17594
252 256 0.189212
253 256 1.89212
253 257 0.189212
254 257 1.98672
254 258 0.189212
254 297 0.302739
254 343 0.151369
255 258 1.89212
255 259 0.189212
256 259 1.89212
256 260 0.378423
257 260 1.89212
257 261 0.378423
258 261 1.89212
258 262 0.378423
258 294 0.302739
259 262 1.89212
259 263 0.473028
259 298 0.151369
260 263 1.89212
260 264 0.567635
261 264 1.79751
261 265 0.283819
261 294 0.454108
261 351 0.151369
262 265 2.17594
262 266 0.0946059
262 291 0.151369
262 294 0.454108
262 295 0.151369
262 298 0.454108
263 266 0.662242
263 269 1.05959
264 269 3.02739
264 270 2.72465
264 271 3.33013
264 272 0.302739
265 272 0.302739
266 269 3.4815
266 270 0.151369
267 270 0.151369
270 357 0.151369
270 360 0.605477
271 356 3.17876
271 357 0.302739
271 360 0.302739
271 361 1.05959
271 364 0.302739
272 355 3.17876
273 289 0.151369
273 354 3.17876
273 355 0.756847
274 278 0.151369
274 289 0.605477
274 291 0.302739
274 293 0.151369
274 350 0.151369
275 278 3.02739
275 279 0.454108
275 289 0.302739
275 353 0.756847
276 279 0.605477
276 289 0.454108
278 292 2.57328
278 293 0.908216
278 346 0.151369
278 349 0.908216
278 350 0.454108
278 353 0.302739
279 289 0.151369
279 290 3.17876
280 288 0.151369
280 289 3.02739
280 290 1.36232
280 292 1.36232
281 288 0.151369
282 285 3.02739
282 286 0.151369
283 286 0.151369
285 288 0.605477
291 294 1.89212
291 295 0.189212
292 295 1.89212
292 296 0.378423
293 296 1.89212
293 297 0.378423
293 346 0.151369
293 350 0.302739
294 297 1.89212
294 298 0.189212
294 350 0.151369
295 298 1.98672
295 299 0.283819
296 299 2.17594
296 300 0.189212
297 300 1.79751
297 346 0.151369
297 347 0.302739
298 301 0.189212
299 302 1.70291
300 303 2.17594
300 304 0.283819
300 339 0.454108
300 343 0.151369
301 304 1.89212
301 305 0.189212
302 305 1.89212
302 306 0.0946059
303 306 1.70291
303 307 0.0946059
303 335 1.05959
303 339 0.302739
304 307 1.89212
304 339 0.151369
305 308 1.89212
305 309 0.189212
306 309 1.89212
306 310 0.283819
307 310 2.17594
307 311 0.189212
307 331 0.302739
307 332 0.151369
307 335 1.51369
307 336 0.302739
308 311 1.6083
308 312 0.567635
309 312 1.89212
309 313 0.189212
310 313 1.98672
310 314 0.283819
311 314 1.89212
311 315 0.378423
311 328 0.151369
311 332 0.302739
312 315 1.89212
312 316 0.189212
313 316 0.0946059
314 318 0.454108
314 325 0.302739
315 318 0.605477
315 326 0.151369
318 323 0.302739
318 325 0.454108
319 323 0.454108
322 326 0.302739
322 327 0.151369
323 326 0.454108
324 327 1.66506
325 328 0.302739
326 329 0.756847
328 331 1.6083
328 332 0.0946059
329 332 1.89212
329 333 0.283819
330 333 1.89212
330 334 0.662242
331 334 1.6083
331 335 0.189212
332 335 1.70291
332 336 0.283819
333 336 1.89212
333 337 0.283819
334 337 1.89212
334 338 0.473028
335 338 1.89212
335 339 0.473028
336 339 1.89212
336 340 0.283819
337 340 1.70291
337 341 0.378423
338 341 1.79751
338 342 0.0946059
339 342 1.89212
339 343 0.283819
340 343 1.79751
340 344 0.378423
341 344 1.6083
341 345 0.567635
342 345 1.89212
342 346 0.283819
343 346 1.89212
343 347 0.189212
344 347 1.89212
344 348 0.283819
345 348 1.89212
345 349 0.0946059
346 349 1.79751
346 350 0.283819
347 350 1.89212
347 351 0.283819
348 351 1.89212
348 352 0.189212
349 352 1.89212
349 353 0.473028
350 353 1.79751
350 354 0.378423
351 354 0.0946059
356 361 0.189212
357 360 2.36515
357 361 0.283819
358 361 1.89212
358 362 0.189212
359 362 1.89212
359 363 0.189212
360 363 1.89212
360 364 0.189212
361 364 1.79751
361 365 0.0946059
362 365 0.378423
365 369 0.302739
365 431 2.11917
366 369 0.756847
366 431 0.756847
367 370 0.454108
367 406 0.302739
367 407 0.605477
368 371 0.151369
368 405 0.151369
370 373 1.98672
370 374 0.189212
370 406 0.151369
370 428 0.151369
370 429 0.302739
370 431 0.605477
370 434 0.302739
371 374 1.89212
371 375 0.0946059
371 392 0.756847
371 396 0.151369
371 406 0.151369
372 375 1.89212
372 376 0.378423
373 376 1.89212
373 377 0.189212
373 428 0.454108
373 434 0.756847
373 437 0.908216
374 377 1.89212
374 392 0.302739
374 395 0.151369
374 421 0.302739
374 425 0.151369
375 378 1.89212
375 379 0.283819
375 388 0.605477
375 392 0.151369
376 379 1.89212
376 380 0.567635
376 437 0.302739
377 380 1.70291
377 381 0.662242
377 420 0.302739
377 421 0.756847
377 422 0.605477
377 424 1.36232
377 425 0.454108
377 428 0.454108
378 381 1.89212
378 382 1.6083
378 383 0.567635
378 388 0.454108
378 391 0.151369
378 420 0.151369
378 421 0.756847
379 382 0.0946059
379 383 0.189212
379 388 0.151369
380 437 0.908216
381 420 0.908216
381 422 0.302739
383 387 0.378423
383 420 0.151369
384 387 2.45974
384 388 0.189212
385 388 1.89212
385 389 0.189212
386 389 1.89212
386 390 0.283819
387 390 1.98672
387 391 0.189212
388 391 1.89212
388 392 0.189212
389 392 1.98672
389 393 0.0946059
390 393 1.79751
390 394 0.567635
391 394 1.89212
391 395 0.189212
391 417 0.302739
392 395 1.89212
392 396 0.283819
393 396 1.89212
393 397 0.189212
394 397 1.89212
394 398 0.189212
394 417 0.605477
395 398 1.89212
395 399 0.189212
395 406 0.151369
395 409 0.454108
395 417 0.302739
396 399 1.89212
396 400 0.189212
396 406 0.302739
397 400 2.17594
397 401 0.662242
398 401 2.17594
398 402 0.567635
398 409 0.454108
398 413 0.302739
398 417 0.151369
399 402 1.89212
399 403 1.89212
399 404 0.756847
399 405 0.189212
399 406 0.0946059
399 409 0.302739
400 403 0.0946059
402 413 0.605477
404 408 0.454108
404 409 0.151369
405 408 3.17876
406 409 0.605477
406 429 0.605477
407 429 1.51369
409 413 0.473028
410 413 2.64896
410 414 0.283819
411 414 1.98672
411 415 0.283819
411 421 0.151369
411 422 0.454108
411 423 0.151369
412 415 1.89212
412 416 0.283819
413 416 2.17594
413 417 0.0946059
414 417 1.89212
414 418 0.0946059
414 421 0.756847
414 425 0.151369
415 418 2.17594
415 419 0.189212
415 421 0.605477
418 421 0.756847
421 425 0.151369
422 425 0.454108
423 426 0.302739
424 427 0.756847
425 428 0.454108
425 429 0.302739
426 429 0.302739
427 430 0.151369
427 433 0.908216
430 433 2.93279
430 434 0.189212
431 434 1.98672
431 435 0.189212
432 435 1.89212
432 436 0.283819
433 436 1.89212
433 437 0.0946059
434 437 0.756847
434 438 0.189212
435 438 0.283819
435 444 3.02739
435 445 0.302739
436 439 0.0946059
436 445 1.05959
436 446 0.302739
438 443 3.02739
438 444 3.17876
438 445 0.756847
438 448 0.0946059
439 445 0.302739
439 447 0.0946059
440 443 0.151369
440 448 0.0946059
441 448 0.0946059
442 448 0.378423
442 452 0.302739
443 448 0.473028
443 452 0.151369
444 449 0.189212
445 448 1.89212
445 449 0.283819
446 449 1.98672
446 450 0.378423
447 450 1.89212
447 451 0.283819
448 451 1.89212
448 452 0.756847
449 452 1.98672
449 453 0.283819
450 453 1.89212
450 454 0.473028
451 454 1.98672
451 455 0.851451
452 455 1.98672
452 456 0.378423
453 456 1.89212
453 457 0.189212
454 457 1.89212
454 458 0.189212
455 458 1.89212
455 459 0.189212
456 459 1.98672
456 460 0.473028
457 460 1.98672
457 461 0.189212
458 461 2.45974
458 462 0.378423
459 462 1.89212
459 463 0.378423
460 463 1.89212
460 464 0.189212
461 464 1.89212
461 465 0.189212
462 465 1.89212
462 466 0.189212
463 466 1.89212
463 467 0.189212
464 467 0.283819
