nresidues = 389
1 38 0.73693
2 38 0.147386
2 80 0.442158
2 85 0.294772
2 87 0.294772
3 37 3.0951
3 38 0.73693
3 76 0.589544
4 35 0.294772
4 36 3.0951
4 71 0.147386
4 72 0.147386
4 87 0.294772
5 36 2.94772
5 72 0.442158
6 34 0.147386
6 35 2.94772
6 36 0.589544
6 72 0.294772
7 33 0.147386
7 34 2.80033
8 33 3.24249
8 34 0.294772
8 386 0.294772
8 387 0.442158
9 31 0.147386
9 32 3.0951
9 60 0.884315
9 64 1.47386
10 30 0.147386
10 31 2.80033
10 32 0.442158
10 386 0.294772
11 29 0.147386
11 30 2.94772
11 31 0.589544
11 60 0.147386
12 29 3.0951
12 30 0.294772
12 382 0.294772
13 28 2.80033
14 28 0.147386
14 30 0.147386
14 346 0.442158
15 345 0.147386
15 346 0.442158
15 347 0.294772
27 57 0.442158
28 55 0.73693
28 56 0.442158
28 57 0.73693
29 52 0.147386
29 56 0.147386
29 57 3.24249
29 58 0.147386
30 52 0.73693
30 58 0.147386
30 349 0.589544
31 50 0.147386
31 51 2.94772
31 52 0.442158
31 58 1.0317
31 59 0.442158
31 60 0.294772
32 50 3.0951
32 382 0.147386
32 386 0.589544
33 48 0.147386
33 49 3.24249
33 50 0.73693
33 114 0.294772
33 118 0.147386
33 386 0.294772
34 47 0.147386
34 48 2.94772
34 49 0.294772
34 386 0.147386
34 387 0.147386
35 47 3.24249
35 48 0.589544
35 118 0.147386
36 45 0.73693
36 46 2.50556
37 45 0.442158
37 46 1.32647
39 45 2.94772
39 46 0.884315
39 126 0.294772
40 44 3.0951
41 44 0.884315
41 126 0.73693
45 388 1.0317
46 122 0.147386
46 125 0.147386
46 126 0.147386
47 121 0.147386
47 125 0.442158
47 388 0.147386
48 118 1.0317
48 121 1.0317
49 117 3.0951
49 118 0.884315
49 121 0.442158
49 125 0.147386
49 373 0.589544
49 383 1.76863
49 387 0.589544
50 114 0.294772
50 117 0.73693
51 114 0.589544
51 117 0.294772
51 324 0.589544
51 349 0.73693
51 373 0.294772
51 383 0.147386
52 56 0.147386
52 57 0.294772
52 58 0.442158
52 110 0.147386
52 114 0.294772
52 294 0.294772
53 56 0.147386
53 291 0.73693
53 293 0.147386
53 294 0.73693
53 322 0.294772
53 324 0.589544
54 321 0.589544
54 342 0.589544
54 346 1.62124
56 265 0.294772
56 267 1.17909
57 110 0.147386
59 62 2.21079
59 63 0.27635
59 107 1.47386
59 110 0.147386
59 111 0.442158
60 63 1.84232
60 64 0.27635
61 64 1.93444
61 65 0.184232
62 65 1.84232
62 66 1.93444
62 67 0.27635
62 107 0.589544
62 108 0.147386
62 111 0.147386
63 66 1.56597
63 67 1.84232
63 68 0.184232
63 111 0.147386
63 114 0.147386
63 115 0.147386
66 69 0.0921162
66 70 0.829045
66 100 1.17909
67 70 1.93444
67 71 0.0921162
67 96 0.294772
67 100 0.294772
67 108 0.147386
67 111 0.294772
67 112 0.442158
67 115 0.147386
68 71 1.75021
68 72 0.27635
69 72 1.84232
69 73 0.644815
70 73 1.65809
70 74 0.184232
70 95 0.294772
70 96 0.884315
70 98 0.884315
70 99 0.147386
70 100 0.73693
71 74 0.184232
71 96 0.147386
71 115 0.147386
75 78 3.68465
75 79 0.147386
76 79 0.147386
76 80 0.294772
78 91 0.294772
79 87 2.94772
79 88 0.442158
79 91 0.442158
79 95 0.147386
80 84 0.442158
80 86 3.24249
80 87 0.147386
80 88 0.442158
80 91 0.589544
81 84 0.589544
81 85 1.0317
81 86 0.442158
85 126 0.147386
86 123 1.0317
86 126 1.17909
87 123 0.442158
88 91 2.67136
88 92 0.184232
89 92 1.84232
89 93 0.184232
89 120 1.62124
89 123 0.147386
89 299 0.589544
90 93 1.84232
90 94 0.184232
90 299 0.442158
91 94 1.84232
91 95 0.184232
92 95 1.84232
92 96 0.184232
92 119 0.147386
93 96 1.84232
93 97 0.552697
93 112 0.294772
93 116 0.147386
93 296 0.884315
93 299 0.442158
93 300 0.294772
93 303 0.884315
94 97 1.84232
94 98 0.0921162
95 98 0.27635
96 112 0.294772
96 115 0.589544
97 100 0.73693
97 112 0.147386
97 296 0.147386
100 108 1.0317
101 108 0.442158
102 105 0.294772
103 108 0.27635
104 108 0.0921162
105 108 0.0921162
105 267 0.294772
105 268 1.0317
105 270 0.147386
105 271 0.294772
105 296 1.0317
106 109 1.93444
107 110 1.93444
107 111 0.0921162
108 111 1.84232
108 112 0.27635
108 296 1.17909
109 112 1.75021
109 113 0.0921162
109 267 0.589544
109 294 3.53726
109 295 2.94772
109 296 1.17909
110 113 1.75021
110 114 0.368465
110 294 0.294772
111 114 2.02656
111 115 0.27635
112 115 1.84232
112 116 0.184232
112 296 0.884315
113 116 1.84232
113 117 0.184232
113 293 2.94772
113 296 0.442158
113 297 0.147386
114 117 1.75021
115 118 1.84232
115 119 0.27635
116 119 1.84232
116 120 0.921162
116 296 0.147386
116 297 1.32647
116 298 0.442158
116 299 0.294772
117 120 1.84232
117 121 0.184232
117 293 0.147386
117 324 0.147386
117 326 0.73693
117 371 0.294772
118 121 1.84232
118 122 0.184232
119 122 1.84232
119 123 0.27635
120 123 1.84232
120 124 0.184232
120 131 0.294772
120 135 0.147386
120 138 0.442158
120 298 1.47386
120 299 0.294772
121 124 1.84232
121 125 1.01328
121 370 0.73693
121 371 0.73693
121 373 0.147386
122 125 1.84232
122 126 0.368465
123 126 1.84232
123 127 0.184232
124 127 1.93444
124 128 1.75021
124 129 0.46058
124 130 0.0921162
124 131 0.0921162
124 369 0.147386
124 370 0.147386
125 128 0.0921162
125 369 0.147386
125 370 0.147386
125 374 0.884315
129 137 0.884315
129 368 2.50556
129 369 3.0951
129 370 0.147386
130 133 2.21079
130 134 0.184232
130 329 0.147386
130 367 0.73693
130 368 0.589544
130 369 0.147386
130 370 2.94772
131 134 1.84232
131 135 0.27635
131 326 0.147386
131 329 0.589544
131 370 0.442158
131 371 0.147386
132 135 1.75021
132 136 0.184232
132 143 0.294772
132 329 1.0317
132 332 0.294772
132 333 0.147386
132 365 0.147386
132 366 0.147386
132 367 0.147386
133 136 1.84232
133 137 0.184232
133 143 0.147386
133 367 1.17909
134 137 1.93444
134 138 0.46058
135 138 1.84232
135 139 0.46058
135 298 0.294772
135 302 0.147386
135 333 2.80033
136 139 1.84232
136 140 1.75021
136 141 2.21079
136 142 0.184232
136 143 0.184232
136 333 0.294772
137 140 0.0921162
139 302 0.294772
139 334 0.442158
143 332 2.80033
144 332 0.442158
145 363 0.147386
145 364 2.94772
145 365 0.589544
146 362 2.80033
146 363 2.80033
147 331 0.147386
147 332 0.147386
147 362 3.53726
147 363 0.589544
148 178 0.147386
148 179 0.442158
148 337 0.294772
148 338 2.94772
148 339 0.442158
148 361 2.94772
148 362 0.73693
149 177 0.442158
149 339 2.80033
149 358 0.294772
149 361 0.589544
149 363 0.147386
150 177 0.884315
150 179 3.24249
150 181 0.73693
150 236 0.884315
150 289 0.147386
150 319 0.147386
150 339 0.294772
150 340 4.12681
150 341 0.442158
151 172 0.442158
151 177 0.442158
151 180 2.94772
151 181 0.442158
151 341 2.80033
152 181 2.94772
152 341 0.442158
152 342 0.442158
153 168 0.73693
153 181 3.24249
153 182 2.94772
153 183 0.147386
154 168 0.73693
154 169 0.147386
154 182 3.38988
154 183 0.589544
154 195 0.294772
155 168 0.589544
155 183 0.294772
155 195 0.294772
155 345 0.147386
156 183 0.294772
156 184 0.442158
156 185 0.589544
156 186 1.17909
156 187 0.147386
156 192 0.73693
156 195 1.47386
157 160 0.884315
157 164 1.17909
157 168 0.884315
161 164 0.0921162
162 165 1.84232
162 166 0.73693
162 195 0.147386
163 166 2.02656
163 167 0.0921162
164 167 1.75021
164 168 0.184232
165 168 1.84232
165 169 0.27635
165 195 0.442158
165 199 0.294772
166 169 1.84232
166 170 0.184232
166 198 0.147386
166 202 0.442158
167 170 1.84232
167 171 0.0921162
168 171 1.75021
168 172 1.28963
169 172 2.02656
169 173 0.184232
169 180 0.294772
169 181 0.294772
169 182 0.147386
169 199 0.147386
170 173 2.21079
170 174 0.921162
170 202 1.17909
171 174 1.84232
171 175 0.46058
172 175 2.02656
172 176 1.56597
172 177 0.368465
172 180 0.147386
172 343 0.73693
173 176 0.0921162
173 177 0.27635
173 180 0.147386
173 203 0.73693
173 206 0.147386
173 207 0.147386
175 343 0.442158
175 344 0.73693
175 358 0.442158
176 358 0.589544
176 359 2.50556
176 360 2.65295
176 361 0.147386
177 341 0.294772
177 343 0.294772
177 352 0.294772
177 358 0.442158
178 206 0.294772
178 207 3.53726
178 360 0.589544
178 361 0.442158
179 208 2.94772
179 235 0.147386
180 208 0.294772
180 209 3.0951
180 210 0.442158
181 210 3.53726
181 212 0.442158
181 236 0.147386
181 238 0.73693
182 195 0.884315
182 196 0.294772
182 199 0.147386
182 209 0.442158
182 210 0.294772
182 211 2.94772
182 212 0.442158
183 195 0.589544
183 212 2.94772
183 214 0.442158
184 192 0.73693
184 211 0.442158
184 212 0.73693
184 213 0.294772
184 216 0.147386
184 225 0.147386
185 192 0.147386
185 216 1.0317
185 217 0.294772
185 225 0.147386
186 216 0.294772
187 191 0.27635
187 192 0.184232
187 225 0.147386
188 191 1.93444
188 192 0.0921162
188 225 0.442158
189 192 1.84232
189 193 0.184232
189 224 0.294772
189 225 1.32647
189 228 0.442158
190 193 2.3029
190 194 0.184232
191 194 1.84232
191 195 0.27635
192 195 2.21079
192 196 0.368465
192 225 0.589544
192 228 0.147386
193 196 1.84232
193 197 0.27635
193 228 0.589544
193 232 0.73693
194 197 2.02656
194 198 0.184232
195 198 1.84232
195 199 0.27635
196 199 1.93444
196 200 0.46058
196 228 0.147386
196 229 0.147386
197 200 1.84232
197 201 0.184232
197 232 0.884315
198 201 1.84232
198 202 0.184232
199 202 1.84232
199 203 0.46058
199 209 0.294772
200 203 1.65809
200 204 0.0921162
200 209 0.294772
200 232 0.294772
203 206 2.94772
203 207 0.442158
204 207 0.147386
208 235 0.589544
209 234 3.24249
209 235 0.442158
210 235 0.294772
210 236 3.53726
211 229 0.147386
211 236 0.589544
211 237 3.24249
211 238 0.294772
212 238 4.86373
213 216 0.589544
213 217 0.442158
213 238 0.294772
213 239 2.94772
213 240 0.147386
214 239 3.68465
215 239 0.294772
215 240 2.80033
215 241 3.53726
216 240 2.50556
217 221 0.552697
217 222 0.184232
217 225 1.62124
217 237 0.294772
217 240 0.884315
217 241 0.147386
217 248 0.147386
218 221 2.21079
218 222 0.0921162
218 248 0.294772
219 222 1.75021
219 223 0.644815
219 251 0.147386
219 252 0.147386
220 223 1.84232
220 224 0.184232
221 224 1.84232
221 225 0.552697
222 225 1.93444
222 226 0.184232
222 237 0.442158
222 240 0.147386
223 226 1.93444
223 227 0.27635
223 255 0.589544
224 227 1.84232
224 228 0.0921162
225 228 1.93444
225 229 0.46058
225 237 0.294772
226 229 1.84232
226 230 0.368465
226 256 0.294772
227 230 0.46058
227 231 0.0921162
228 231 0.184232
228 232 0.27635
229 232 0.46058
229 234 0.442158
229 237 0.73693
229 256 0.442158
230 255 0.294772
230 256 0.147386
234 256 0.294772
235 259 0.294772
236 259 2.94772
236 287 0.589544
236 289 0.147386
236 319 0.147386
237 240 0.73693
237 256 0.884315
237 259 0.147386
237 260 3.53726
237 261 0.147386
238 261 3.24249
238 264 0.147386
238 289 1.47386
239 243 0.147386
239 261 0.147386
239 262 0.147386
239 265 0.73693
240 252 0.442158
240 260 0.147386
242 245 0.294772
243 246 0.147386
243 265 0.294772
243 266 0.294772
244 266 0.147386
244 271 0.147386
245 248 2.21079
246 249 1.84232
246 250 0.184232
246 271 0.442158
246 274 1.0317
246 275 0.73693
246 278 0.884315
246 279 0.147386
247 250 1.84232
247 251 0.184232
248 251 1.84232
248 252 0.368465
249 252 0.184232
249 260 0.73693
249 279 3.24249
249 281 0.147386
250 253 0.0921162
250 278 0.147386
250 279 0.73693
251 254 0.0921162
251 255 0.184232
252 255 1.75021
252 256 0.184232
252 260 0.294772
253 256 0.184232
256 259 0.147386
256 260 0.147386
256 282 0.442158
257 282 0.442158
257 285 0.73693
258 282 0.442158
259 282 0.147386
259 285 0.442158
259 286 0.589544
260 281 0.147386
260 282 0.294772
260 286 3.68465
260 287 0.147386
261 287 3.0951
261 289 0.589544
262 275 0.147386
262 281 0.294772
262 287 0.147386
262 288 2.94772
262 289 0.73693
263 266 0.442158
263 289 3.53726
263 290 0.294772
264 267 0.294772
264 289 0.294772
264 321 0.884315
266 271 0.0921162
266 275 0.294772
266 295 0.147386
267 271 0.0921162
267 294 0.442158
267 295 1.47386
267 296 0.294772
268 271 2.3029
268 272 0.184232
268 300 0.589544
268 304 0.147386
269 272 1.93444
269 273 0.184232
269 300 1.0317
269 303 0.147386
269 304 0.442158
269 307 0.147386
270 273 2.02656
270 274 0.27635
270 300 0.147386
271 274 1.84232
271 275 0.184232
272 275 1.84232
272 276 0.184232
272 290 0.73693
272 304 0.147386
272 307 0.147386
273 276 1.84232
273 277 0.921162
273 307 0.294772
274 277 1.84232
274 278 0.46058
275 278 1.75021
275 279 0.0921162
275 281 0.147386
275 290 0.294772
276 308 0.294772
276 311 0.147386
276 313 0.442158
277 311 0.589544
281 286 1.0317
281 313 0.294772
282 285 3.68465
282 286 2.35817
282 313 0.589544
283 313 1.76863
283 317 0.442158
285 317 0.589544
286 317 1.0317
287 316 0.147386
287 317 4.86373
287 319 0.73693
288 308 0.294772
288 313 0.442158
288 317 0.294772
288 318 2.94772
288 319 0.294772
289 319 0.442158
289 320 2.65295
289 321 0.294772
290 301 0.147386
290 304 0.294772
290 320 2.80033
291 294 4.42158
291 295 0.589544
291 321 2.0634
291 322 0.147386
292 295 0.294772
292 296 2.50556
292 297 0.884315
292 298 0.294772
292 301 0.442158
292 330 0.147386
293 324 0.147386
295 300 0.184232
296 300 0.368465
297 300 1.93444
297 301 0.184232
298 301 1.93444
298 302 0.368465
298 326 0.294772
298 330 0.147386
298 334 0.147386
299 302 1.65809
299 303 0.644815
300 303 2.67136
300 304 0.27635
301 304 1.84232
301 305 0.27635
301 318 0.294772
301 320 0.147386
301 336 0.294772
302 305 1.84232
302 306 0.27635
303 306 1.84232
303 307 0.27635
304 307 1.93444
304 308 0.184232
305 308 1.84232
305 309 0.0921162
305 318 0.147386
305 334 0.147386
306 309 1.93444
306 310 0.27635
307 310 1.84232
307 311 0.27635
308 311 1.84232
308 312 1.84232
308 313 2.11867
308 314 0.0921162
308 318 0.147386
309 312 0.0921162
313 317 0.294772
314 317 0.442158
315 318 0.442158
315 334 0.147386
315 335 2.80033
315 336 2.80033
316 335 0.294772
316 336 2.94772
316 337 0.294772
318 336 3.0951
318 337 2.80033
319 337 0.294772
319 338 0.589544
319 339 0.442158
320 330 0.147386
320 336 0.147386
320 338 0.147386
320 340 0.294772
321 327 0.147386
321 340 1.62124
321 342 0.294772
322 327 0.442158
322 340 0.147386
322 342 0.147386
323 340 0.147386
323 350 2.80033
324 327 2.3029
324 328 0.27635
324 339 0.147386
324 349 0.147386
325 328 1.84232
325 329 0.46058
325 351 0.147386
325 353 0.294772
325 371 0.589544
325 372 0.589544
325 373 0.294772
325 376 0.294772
325 379 0.147386
326 329 1.84232
326 330 0.27635
326 371 0.147386
327 330 1.93444
327 331 0.184232
327 339 1.76863
328 331 1.75021
328 332 0.0921162
328 339 0.884315
328 351 0.147386
328 352 0.147386
328 365 0.589544
329 332 1.84232
329 333 0.0921162
329 365 0.294772
329 370 0.147386
329 371 0.884315
330 333 1.84232
330 334 0.368465
330 336 0.552697
331 334 1.56597
331 335 1.75021
331 336 0.27635
331 338 0.147386
331 339 0.147386
341 352 0.147386
342 345 0.442158
342 346 1.0317
346 349 3.24249
346 350 0.147386
347 350 0.73693
347 376 0.147386
348 376 0.73693
348 378 0.73693
348 379 0.884315
349 379 0.147386
349 382 0.147386
350 376 0.442158
351 376 0.147386
352 356 0.442158
352 358 0.294772
352 376 0.442158
353 356 1.17909
353 366 0.147386
353 375 2.94772
354 375 0.73693
354 376 1.32647
354 377 0.589544
357 362 0.0921162
357 363 0.0921162
358 361 0.27635
358 362 1.75021
358 363 0.184232
359 362 0.552697
368 372 0.442158
368 375 0.147386
369 372 0.147386
372 375 2.65295
373 376 0.589544
373 379 0.294772
373 380 0.147386
373 383 1.32647
374 380 0.589544
376 379 2.02656
376 380 0.184232
377 380 1.84232
377 381 0.27635
378 381 2.11867
378 382 0.0921162
379 382 1.84232
379 383 0.644815
380 383 1.93444
380 384 1.38174
381 384 1.93444
381 385 0.184232
382 385 1.75021
383 386 1.84232
383 387 0.27635
384 387 0.46058
384 388 0.27635
