nresidues = 389
1 38 0.3125
2 38 0.0625
2 80 0.1875
2 85 0.125
2 87 0.125
3 37 1.3125
3 38 0.3125
3 76 0.25
4 35 0.125
4 36 1.3125
4 71 0.0625
4 72 0.0625
4 87 0.125
5 36 1.25
5 72 0.1875
6 34 0.0625
6 35 1.25
6 36 0.25
6 72 0.125
7 33 0.0625
7 34 1.1875
8 33 1.375
8 34 0.125
8 386 0.125
8 387 0.1875
9 31 0.0625
9 32 1.3125
9 60 0.375
9 64 0.625
10 30 0.0625
10 31 1.1875
10 32 0.1875
10 386 0.125
11 29 0.0625
11 30 1.25
11 31 0.25
11 60 0.0625
12 29 1.3125
12 30 0.125
12 382 0.125
13 28 1.1875
14 28 0.0625
14 30 0.0625
14 346 0.1875
15 345 0.0625
15 346 0.1875
15 347 0.125
27 57 0.1875
28 55 0.3125
28 56 0.1875
28 57 0.3125
29 52 0.0625
29 56 0.0625
29 57 1.375
29 58 0.0625
30 52 0.3125
30 58 0.0625
30 349 0.25
31 50 0.0625
31 51 1.25
31 52 0.1875
31 58 0.4375
31 59 0.1875
31 60 0.125
32 50 1.3125
32 382 0.0625
32 386 0.25
33 48 0.0625
33 49 1.375
33 50 0.3125
33 114 0.125
33 118 0.0625
33 386 0.125
34 47 0.0625
34 48 1.25
34 49 0.125
34 386 0.0625
34 387 0.0625
35 47 1.375
35 48 0.25
35 118 0.0625
36 45 0.3125
36 46 1.0625
37 45 0.1875
37 46 0.5625
39 45 1.25
39 46 0.375
39 126 0.125
40 44 1.3125
41 44 0.375
41 126 0.3125
45 388 0.4375
46 122 0.0625
46 125 0.0625
46 126 0.0625
47 121 0.0625
47 125 0.1875
47 388 0.0625
48 118 0.4375
48 121 0.4375
49 117 1.3125
49 118 0.375
49 121 0.1875
49 125 0.0625
49 373 0.25
49 383 0.75
49 387 0.25
50 114 0.125
50 117 0.3125
51 114 0.25
51 117 0.125
51 324 0.25
51 349 0.3125
51 373 0.125
51 383 0.0625
52 56 0.0625
52 57 0.125
52 58 0.1875
52 110 0.0625
52 114 0.125
52 294 0.125
53 56 0.0625
53 291 0.3125
53 293 0.0625
53 294 0.3125
53 322 0.125
53 324 0.25
54 321 0.25
54 342 0.25
54 346 0.6875
56 265 0.125
56 267 0.5
57 110 0.0625
59 62 0.9375
59 63 0.117188
59 107 0.625
59 110 0.0625
59 111 0.1875
60 63 0.78125
60 64 0.117188
61 64 0.820312
61 65 0.078125
62 65 0.78125
62 66 0.820312
62 67 0.117188
62 107 0.25
62 108 0.0625
62 111 0.0625
63 66 0.664062
63 67 0.78125
63 68 0.078125
63 111 0.0625
63 114 0.0625
63 115 0.0625
66 69 0.0390625
66 70 0.351562
66 100 0.5
67 70 0.820312
67 71 0.0390625
67 96 0.125
67 100 0.125
67 108 0.0625
67 111 0.125
67 112 0.1875
67 115 0.0625
68 71 0.742188
68 72 0.117188
69 72 0.78125
69 73 0.273438
70 73 0.703125
70 74 0.078125
70 95 0.125
70 96 0.375
70 98 0.375
70 99 0.0625
70 100 0.3125
71 74 0.078125
71 96 0.0625
71 115 0.0625
75 78 1.5625
75 79 0.0625
76 79 0.0625
76 80 0.125
78 91 0.125
79 87 1.25
79 88 0.1875
79 91 0.1875
79 95 0.0625
80 84 0.1875
80 86 1.375
80 87 0.0625
80 88 0.1875
80 91 0.25
81 84 0.25
81 85 0.4375
81 86 0.1875
85 126 0.0625
86 123 0.4375
86 126 0.5
87 123 0.1875
88 91 1.13281
88 92 0.078125
89 92 0.78125
89 93 0.078125
89 120 0.6875
89 123 0.0625
89 299 0.25
90 93 0.78125
90 94 0.078125
90 299 0.1875
91 94 0.78125
91 95 0.078125
92 95 0.78125
92 96 0.078125
92 119 0.0625
93 96 0.78125
93 97 0.234375
93 112 0.125
93 116 0.0625
93 296 0.375
93 299 0.1875
93 300 0.125
93 303 0.375
94 97 0.78125
94 98 0.0390625
95 98 0.117188
96 112 0.125
96 115 0.25
97 100 0.3125
97 112 0.0625
97 296 0.0625
100 108 0.4375
101 108 0.1875
102 105 0.125
103 108 0.117188
104 108 0.0390625
105 108 0.0390625
105 267 0.125
105 268 0.4375
105 270 0.0625
105 271 0.125
105 296 0.4375
106 109 0.820312
107 110 0.820312
107 111 0.0390625
108 111 0.78125
108 112 0.117188
108 296 0.5
109 112 0.742188
109 113 0.0390625
109 267 0.25
109 294 1.5
109 295 1.25
109 296 0.5
110 113 0.742188
110 114 0.15625
110 294 0.125
111 114 0.859375
111 115 0.117188
112 115 0.78125
112 116 0.078125
112 296 0.375
113 116 0.78125
113 117 0.078125
113 293 1.25
113 296 0.1875
113 297 0.0625
114 117 0.742188
115 118 0.78125
115 119 0.117188
116 119 0.78125
116 120 0.390625
116 296 0.0625
116 297 0.5625
116 298 0.1875
116 299 0.125
117 120 0.78125
117 121 0.078125
117 293 0.0625
117 324 0.0625
117 326 0.3125
117 371 0.125
118 121 0.78125
118 122 0.078125
119 122 0.78125
119 123 0.117188
120 123 0.78125
120 124 0.078125
120 131 0.125
120 135 0.0625
120 138 0.1875
120 298 0.625
120 299 0.125
121 124 0.78125
121 125 0.429688
121 370 0.3125
121 371 0.3125
121 373 0.0625
122 125 0.78125
122 126 0.15625
123 126 0.78125
123 127 0.078125
124 127 0.820312
124 128 0.742188
124 129 0.195312
124 130 0.0390625
124 131 0.0390625
124 369 0.0625
124 370 0.0625
125 128 0.0390625
125 369 0.0625
125 370 0.0625
125 374 0.375
129 137 0.375
129 368 1.0625
129 369 1.3125
129 370 0.0625
130 133 0.9375
130 134 0.078125
130 329 0.0625
130 367 0.3125
130 368 0.25
130 369 0.0625
130 370 1.25
131 134 0.78125
131 135 0.117188
131 326 0.0625
131 329 0.25
131 370 0.1875
131 371 0.0625
132 135 0.742188
132 136 0.078125
132 143 0.125
132 329 0.4375
132 332 0.125
132 333 0.0625
132 365 0.0625
132 366 0.0625
132 367 0.0625
133 136 0.78125
133 137 0.078125
133 143 0.0625
133 367 0.5
134 137 0.820312
134 138 0.195312
135 138 0.78125
135 139 0.195312
135 298 0.125
135 302 0.0625
135 333 1.1875
136 139 0.78125
136 140 0.742188
136 141 0.9375
136 142 0.078125
136 143 0.078125
136 333 0.125
137 140 0.0390625
139 302 0.125
139 334 0.1875
143 332 1.1875
144 332 0.1875
145 363 0.0625
145 364 1.25
145 365 0.25
146 362 1.1875
146 363 1.1875
147 331 0.0625
147 332 0.0625
147 362 1.5
147 363 0.25
148 178 0.0625
148 179 0.1875
148 337 0.125
148 338 1.25
148 339 0.1875
148 361 1.25
148 362 0.3125
149 177 0.1875
149 339 1.1875
149 358 0.125
149 361 0.25
149 363 0.0625
150 177 0.375
150 179 1.375
150 181 0.3125
150 236 0.375
150 289 0.0625
150 319 0.0625
150 339 0.125
150 340 1.75
150 341 0.1875
151 172 0.1875
151 177 0.1875
151 180 1.25
151 181 0.1875
151 341 1.1875
152 181 1.25
152 341 0.1875
152 342 0.1875
153 168 0.3125
153 181 1.375
153 182 1.25
153 183 0.0625
154 168 0.3125
154 169 0.0625
154 182 1.4375
154 183 0.25
154 195 0.125
155 168 0.25
155 183 0.125
155 195 0.125
155 345 0.0625
156 183 0.125
156 184 0.1875
156 185 0.25
156 186 0.5
156 187 0.0625
156 192 0.3125
156 195 0.625
157 160 0.375
157 164 0.5
157 168 0.375
161 164 0.0390625
162 165 0.78125
162 166 0.3125
162 195 0.0625
163 166 0.859375
163 167 0.0390625
164 167 0.742188
164 168 0.078125
165 168 0.78125
165 169 0.117188
165 195 0.1875
165 199 0.125
166 169 0.78125
166 170 0.078125
166 198 0.0625
166 202 0.1875
167 170 0.78125
167 171 0.0390625
168 171 0.742188
168 172 0.546875
169 172 0.859375
169 173 0.078125
169 180 0.125
169 181 0.125
169 182 0.0625
169 199 0.0625
170 173 0.9375
170 174 0.390625
170 202 0.5
171 174 0.78125
171 175 0.195312
172 175 0.859375
172 176 0.664062
172 177 0.15625
172 180 0.0625
172 343 0.3125
173 176 0.0390625
173 177 0.117188
173 180 0.0625
173 203 0.3125
173 206 0.0625
173 207 0.0625
175 343 0.1875
175 344 0.3125
175 358 0.1875
176 358 0.25
176 359 1.0625
176 360 1.125
176 361 0.0625
177 341 0.125
177 343 0.125
177 352 0.125
177 358 0.1875
178 206 0.125
178 207 1.5
178 360 0.25
178 361 0.1875
179 208 1.25
179 235 0.0625
180 208 0.125
180 209 1.3125
180 210 0.1875
181 210 1.5
181 212 0.1875
181 236 0.0625
181 238 0.3125
182 195 0.375
182 196 0.125
182 199 0.0625
182 209 0.1875
182 210 0.125
182 211 1.25
182 212 0.1875
183 195 0.25
183 212 1.25
183 214 0.1875
184 192 0.3125
184 211 0.1875
184 212 0.3125
184 213 0.125
184 216 0.0625
184 225 0.0625
185 192 0.0625
185 216 0.4375
185 217 0.125
185 225 0.0625
186 216 0.125
187 191 0.117188
187 192 0.078125
187 225 0.0625
188 191 0.820312
188 192 0.0390625
188 225 0.1875
189 192 0.78125
189 193 0.078125
189 224 0.125
189 225 0.5625
189 228 0.1875
190 193 0.976562
190 194 0.078125
191 194 0.78125
191 195 0.117188
192 195 0.9375
192 196 0.15625
192 225 0.25
192 228 0.0625
193 196 0.78125
193 197 0.117188
193 228 0.25
193 232 0.3125
194 197 0.859375
194 198 0.078125
195 198 0.78125
195 199 0.117188
196 199 0.820312
196 200 0.195312
196 228 0.0625
196 229 0.0625
197 200 0.78125
197 201 0.078125
197 232 0.375
198 201 0.78125
198 202 0.078125
199 202 0.78125
199 203 0.195312
199 209 0.125
200 203 0.703125
200 204 0.0390625
200 209 0.125
200 232 0.125
203 206 1.25
203 207 0.1875
204 207 0.0625
208 235 0.25
209 234 1.375
209 235 0.1875
210 235 0.125
210 236 1.5
211 229 0.0625
211 236 0.25
211 237 1.375
211 238 0.125
212 238 2.0625
213 216 0.25
213 217 0.1875
213 238 0.125
213 239 1.25
213 240 0.0625
214 239 1.5625
215 239 0.125
215 240 1.1875
215 241 1.5
216 240 1.0625
217 221 0.234375
217 222 0.078125
217 225 0.6875
217 237 0.125
217 240 0.375
217 241 0.0625
217 248 0.0625
218 221 0.9375
218 222 0.0390625
218 248 0.125
219 222 0.742188
219 223 0.273438
219 251 0.0625
219 252 0.0625
220 223 0.78125
220 224 0.078125
221 224 0.78125
221 225 0.234375
222 225 0.820312
222 226 0.078125
222 237 0.1875
222 240 0.0625
223 226 0.820312
223 227 0.117188
223 255 0.25
224 227 0.78125
224 228 0.0390625
225 228 0.820312
225 229 0.195312
225 237 0.125
226 229 0.78125
226 230 0.15625
226 256 0.125
227 230 0.195312
227 231 0.0390625
228 231 0.078125
228 232 0.117188
229 232 0.195312
229 234 0.1875
229 237 0.3125
229 256 0.1875
230 255 0.125
230 256 0.0625
234 256 0.125
235 259 0.125
236 259 1.25
236 287 0.25
236 289 0.0625
236 319 0.0625
237 240 0.3125
237 256 0.375
237 259 0.0625
237 260 1.5
237 261 0.0625
238 261 1.375
238 264 0.0625
238 289 0.625
239 243 0.0625
239 261 0.0625
239 262 0.0625
239 265 0.3125
240 252 0.1875
240 260 0.0625
242 245 0.125
243 246 0.0625
243 265 0.125
243 266 0.125
244 266 0.0625
244 271 0.0625
245 248 0.9375
246 249 0.78125
246 250 0.078125
246 271 0.1875
246 274 0.4375
246 275 0.3125
246 278 0.375
246 279 0.0625
247 250 0.78125
247 251 0.078125
248 251 0.78125
248 252 0.15625
249 252 0.078125
249 260 0.3125
249 279 1.375
249 281 0.0625
250 253 0.0390625
250 278 0.0625
250 279 0.3125
251 254 0.0390625
251 255 0.078125
252 255 0.742188
252 256 0.078125
252 260 0.125
253 256 0.078125
256 259 0.0625
256 260 0.0625
256 282 0.1875
257 282 0.1875
257 285 0.3125
258 282 0.1875
259 282 0.0625
259 285 0.1875
259 286 0.25
260 281 0.0625
260 282 0.125
260 286 1.5625
260 287 0.0625
261 287 1.3125
261 289 0.25
262 275 0.0625
262 281 0.125
262 287 0.0625
262 288 1.25
262 289 0.3125
263 266 0.1875
263 289 1.5
263 290 0.125
264 267 0.125
264 289 0.125
264 321 0.375
266 271 0.0390625
266 275 0.125
266 295 0.0625
267 271 0.0390625
267 294 0.1875
267 295 0.625
267 296 0.125
268 271 0.976562
268 272 0.078125
268 300 0.25
268 304 0.0625
269 272 0.820312
269 273 0.078125
269 300 0.4375
269 303 0.0625
269 304 0.1875
269 307 0.0625
270 273 0.859375
270 274 0.117188
270 300 0.0625
271 274 0.78125
271 275 0.078125
272 275 0.78125
272 276 0.078125
272 290 0.3125
272 304 0.0625
272 307 0.0625
273 276 0.78125
273 277 0.390625
273 307 0.125
274 277 0.78125
274 278 0.195312
275 278 0.742188
275 279 0.0390625
275 281 0.0625
275 290 0.125
276 308 0.125
276 311 0.0625
276 313 0.1875
277 311 0.25
281 286 0.4375
281 313 0.125
282 285 1.5625
282 286 1
282 313 0.25
283 313 0.75
283 317 0.1875
285 317 0.25
286 317 0.4375
287 316 0.0625
287 317 2.0625
287 319 0.3125
288 308 0.125
288 313 0.1875
288 317 0.125
288 318 1.25
288 319 0.125
289 319 0.1875
289 320 1.125
289 321 0.125
290 301 0.0625
290 304 0.125
290 320 1.1875
291 294 1.875
291 295 0.25
291 321 0.875
291 322 0.0625
292 295 0.125
292 296 1.0625
292 297 0.375
292 298 0.125
292 301 0.1875
292 330 0.0625
293 324 0.0625
295 300 0.078125
296 300 0.15625
297 300 0.820312
297 301 0.078125
298 301 0.820312
298 302 0.15625
298 326 0.125
298 330 0.0625
298 334 0.0625
299 302 0.703125
299 303 0.273438
300 303 1.13281
300 304 0.117188
301 304 0.78125
301 305 0.117188
301 318 0.125
301 320 0.0625
301 336 0.125
302 305 0.78125
302 306 0.117188
303 306 0.78125
303 307 0.117188
304 307 0.820312
304 308 0.078125
305 308 0.78125
305 309 0.0390625
305 318 0.0625
305 334 0.0625
306 309 0.820312
306 310 0.117188
307 310 0.78125
307 311 0.117188
308 311 0.78125
308 312 0.78125
308 313 0.898438
308 314 0.0390625
308 318 0.0625
309 312 0.0390625
313 317 0.125
314 317 0.1875
315 318 0.1875
315 334 0.0625
315 335 1.1875
315 336 1.1875
316 335 0.125
316 336 1.25
316 337 0.125
318 336 1.3125
318 337 1.1875
319 337 0.125
319 338 0.25
319 339 0.1875
320 330 0.0625
320 336 0.0625
320 338 0.0625
320 340 0.125
321 327 0.0625
321 340 0.6875
321 342 0.125
322 327 0.1875
322 340 0.0625
322 342 0.0625
323 340 0.0625
323 350 1.1875
324 327 0.976562
324 328 0.117188
324 339 0.0625
324 349 0.0625
325 328 0.78125
325 329 0.195312
325 351 0.0625
325 353 0.125
325 371 0.25
325 372 0.25
325 373 0.125
325 376 0.125
325 379 0.0625
326 329 0.78125
326 330 0.117188
326 371 0.0625
327 330 0.820312
327 331 0.078125
327 339 0.75
328 331 0.742188
328 332 0.0390625
328 339 0.375
328 351 0.0625
328 352 0.0625
328 365 0.25
329 332 0.78125
329 333 0.0390625
329 365 0.125
329 370 0.0625
329 371 0.375
330 333 0.78125
330 334 0.15625
330 336 0.234375
331 334 0.664062
331 335 0.742188
331 336 0.117188
331 338 0.0625
331 339 0.0625
341 352 0.0625
342 345 0.1875
342 346 0.4375
346 349 1.375
346 350 0.0625
347 350 0.3125
347 376 0.0625
348 376 0.3125
348 378 0.3125
348 379 0.375
349 379 0.0625
349 382 0.0625
350 376 0.1875
351 376 0.0625
352 356 0.1875
352 358 0.125
352 376 0.1875
353 356 0.5
353 366 0.0625
353 375 1.25
354 375 0.3125
354 376 0.5625
354 377 0.25
357 362 0.0390625
357 363 0.0390625
358 361 0.117188
358 362 0.742188
358 363 0.078125
359 362 0.234375
368 372 0.1875
368 375 0.0625
369 372 0.0625
372 375 1.125
373 376 0.25
373 379 0.125
373 380 0.0625
373 383 0.5625
374 380 0.25
376 379 0.859375
376 380 0.078125
377 380 0.78125
377 381 0.117188
378 381 0.898438
378 382 0.0390625
379 382 0.78125
379 383 0.273438
380 383 0.820312
380 384 0.585938
381 384 0.820312
381 385 0.078125
382 385 0.742188
383 386 0.78125
383 387 0.117188
384 387 0.195312
384 388 0.117188
