nresidues = 27
0 3 0.78125
0 4 0.078125
1 4 0.78125
1 5 0.078125
1 25 0.1875
2 5 0.78125
2 6 0.0390625
3 6 0.742188
3 7 0.078125
4 7 0.78125
4 8 0.078125
4 21 0.25
4 25 0.5
5 8 0.820312
5 9 0.429688
6 9 0.78125
6 10 0.117188
7 10 0.78125
7 21 0.3125
8 21 0.0625
8 22 0.0625
11 14 0.859375
11 15 0.15625
12 15 0.703125
12 16 0.078125
13 16 0.78125
13 17 0.117188
14 17 0.78125
14 18 0.195312
15 18 0.703125
15 19 0.078125
16 19 0.78125
16 20 0.3125
17 20 0.820312
17 21 0.078125
18 21 0.78125
18 22 0.117188
19 22 0.78125
19 23 0.195312
20 23 0.78125
20 24 0.234375
21 24 0.78125
21 25 0.078125
22 25 0.78125
22 26 0.15625
23 26 0.78125
