L	Ls	nvertices	F_L	F_L_constrained	rho_sum	nloops	regions
  0	  0	  0	           0	           0	           0	 0	[(0, 0)]
  1	  0	  0	           0	           0	           0	 0	[(0, 1)]
  2	  0	  0	           0	           0	           0	 0	[(0, 2)]
  3	  0	  0	           0	           0	           0	 0	[(0, 3)]
  4	  0	  0	           0	           0	           0	 0	[(0, 4)]
  5	  0	  3	   -0.292156	   -0.292156	    0.345759	 0	[(0, 5)]
  6	  0	  5	   -0.292156	   -0.245954	    0.264965	 0	[(0, 6)]
  7	  0	  7	   -0.292156	   -0.159377	    0.164271	 0	[(0, 7)]
  8	  0	  7	   -0.292156	   -0.159377	    0.164271	 0	[(0, 8)]
  9	  0	  7	   -0.292156	   -0.159377	    0.164271	 0	[(0, 9)]
 10	  0	  8	   -0.292156	   -0.291619	    0.293867	 0	[(0, 10)]
 11	  0	  8	   -0.292156	   -0.291619	    0.293867	 0	[(0, 11)]
 12	  0	  8	   -0.292156	   -0.291619	    0.293867	 0	[(0, 12)]
 13	  0	  8	   -0.292156	   -0.291619	    0.293867	 0	[(0, 13)]
 14	  0	  8	   -0.292156	   -0.291619	    0.293867	 0	[(0, 14)]
 15	  0	  8	   -0.292156	   -0.291619	    0.293867	 0	[(0, 15)]
 16	  0	  8	   -0.292156	   -0.291619	    0.293867	 0	[(0, 16)]
 17	  7	  6	   -0.292156	     7.90462	    0.538732	 2	[(7, 17)]
 18	  0	 13	   -0.292156	     8.39247	    0.580443	 2	[(0, 18)]
 19	  7	  9	   -0.292156	     10.5473	     6.48646	 2	[(7, 19)]
 20	  7	 11	   -0.292156	     8.86689	     8.57451	 2	[(7, 20)]
 21	  0	 19	   -0.292156	      7.6957	     7.86605	 1	[(0, 21)]
 22	  7	 14	   -0.292156	     8.49515	     10.7721	 1	[(7, 22)]
 23	  7	 14	   -0.292156	     8.49515	     10.7721	 1	[(7, 23)]
 24	  7	 15	   -0.292156	     8.34974	       10.91	 1	[(7, 24)]
 25	  7	 15	   -0.292156	     8.34974	       10.91	 1	[(7, 25)]
 26	  7	 15	   -0.292156	     8.34974	       10.91	 1	[(7, 26)]
 27	  7	 15	   -0.292156	     8.34974	       10.91	 1	[(7, 27)]
 28	  7	 15	   -0.292156	     8.34974	       10.91	 1	[(7, 28)]
 29	  7	 15	   -0.292156	     8.34974	       10.91	 1	[(7, 29)]
 30	  7	 15	   -0.292156	     8.34974	       10.91	 1	[(7, 30)]
 31	 18	  2	   -0.292156	     3.73956	    0.250247	 1	[(18, 31)]
 32	 18	  4	   -0.292156	     2.27937	    0.263983	 1	[(18, 32)]
 33	 18	  5	   -0.292156	     2.37853	    0.248516	 1	[(18, 33)]
 34	 18	  8	   -0.292156	     2.19496	    0.255275	 1	[(18, 34)]
 35	 18	 10	   -0.292156	      2.1044	    0.281592	 1	[(18, 35)]
 36	 18	 12	   -0.292156	     8.06127	     6.25799	 1	[(18, 36)]
 37	 18	 14	   -0.292156	     7.67171	     7.34123	 1	[(18, 37)]
 38	 18	 15	   -0.292156	     8.45907	     9.08327	 1	[(18, 38)]
 39	 18	 18	   -0.292156	     7.31822	     12.1817	 1	[(18, 39)]
 40	 18	 21	   -0.292156	     8.41935	     14.3448	 1	[(18, 40)]
 41	 18	 22	   -0.292156	     5.93486	     16.2146	 1	[(18, 41)]
 42	  7	 33	   -0.292156	     3.87657	     26.0311	 2	[(7, 42)]
 43	  7	 34	   -0.292156	     4.26604	     26.5841	 2	[(7, 43)]
 44	  7	 35	   -0.292156	     4.81332	      26.631	 2	[(7, 44)]
 45	  7	 36	   -0.292156	     4.88357	     26.6165	 2	[(7, 45)]
 46	  7	 36	   -0.292156	     4.88357	     26.6165	 2	[(7, 46)]
 47	 34	  5	   -0.292156	     4.76826	    0.458045	 1	[(34, 47)]
 48	 34	  6	   -0.292156	       5.112	    0.414472	 1	[(34, 48)]
 49	  7	 39	   -0.292156	      4.6675	     29.4664	 3	[(7, 49)]
 50	  7	 40	   -0.292156	     3.54024	      30.433	 3	[(7, 50)]
 51	  7	 42	   -0.292156	     0.70546	      27.906	 3	[(7, 51)]
 52	  7	 43	   -0.292156	    -0.12717	     29.6979	 3	[(7, 52)]
 53	  7	 44	   -0.523034	   -0.523034	     32.7443	 3	[(7, 53)]
 54	  7	 45	   -0.632582	   -0.632582	     35.4374	 3	[(7, 54)]
 55	  7	 46	   -0.632582	     -0.1546	     35.9299	 3	[(7, 55)]
 56	  7	 46	   -0.632582	     -0.1546	     35.9299	 3	[(7, 56)]
 57	  0	 53	    -2.06792	    -2.06792	     42.7374	 3	[(0, 57)]
 58	  0	 54	    -2.38631	    -2.38631	     44.1392	 3	[(0, 58)]
 59	  0	 56	    -3.12069	    -3.12069	     46.3115	 3	[(0, 59)]
 60	 18	 38	    -3.12069	    0.106036	     28.4748	 2	[(18, 60)]
 61	  0	 58	    -3.12069	    -1.88789	     48.4945	 4	[(0, 61)]
 62	  0	 59	    -3.12069	    -1.96335	     49.2261	 4	[(0, 62)]
 63	  0	 59	    -3.12069	    -1.96335	     49.2261	 4	[(0, 63)]
 64	  0	 60	    -3.12069	     -2.1302	     49.3798	 4	[(0, 64)]
 65	  0	 60	    -3.12069	     -2.1302	     49.3798	 4	[(0, 65)]
 66	  0	 60	    -3.12069	     -2.1302	     49.3798	 4	[(0, 66)]
 67	  0	 60	    -3.12069	     -2.1302	     49.3798	 4	[(0, 67)]
 68	  0	 60	    -3.12069	     -2.1302	     49.3798	 4	[(0, 68)]
 69	  0	 60	    -3.12069	     -2.1302	     49.3798	 4	[(0, 69)]
 70	  0	 60	    -3.12069	     -2.1302	     49.3798	 4	[(0, 70)]
 71	  0	 60	    -3.12069	     -2.1302	     49.3798	 4	[(0, 71)]
 72	  0	 60	    -3.12069	     -2.1302	     49.3798	 4	[(0, 72)]
 73	  0	 60	    -3.12069	     -2.1302	     49.3798	 4	[(0, 73)]
 74	  0	 62	    -3.12069	    -2.39297	     49.6344	 4	[(0, 74)]
 75	  0	 62	    -3.12069	    -2.39297	     49.6344	 4	[(0, 75)]
 76	  0	 62	    -3.12069	    -2.39297	     49.6344	 4	[(0, 76)]
 77	  0	 62	    -3.12069	    -2.39297	     49.6344	 4	[(0, 77)]
 78	  0	 65	    -3.12069	     5.88838	     49.8566	 6	[(0, 78)]
 79	  0	 66	    -3.12069	     4.40933	     49.8051	 6	[(0, 79)]
 80	  0	 68	    -3.12069	     1.88723	     56.4654	 5	[(0, 80)]
 81	  0	 71	    -3.12069	     2.30103	     58.7634	 5	[(0, 81)]
 82	  0	 72	    -3.12069	     1.66586	     60.3319	 5	[(0, 82)]
 83	  0	 75	    -3.12069	     2.72803	     62.6686	 5	[(0, 83)]
 84	  0	 76	    -3.12069	      3.4369	     62.9276	 5	[(0, 84)]
 85	  0	 76	    -3.12069	      3.4369	     62.9276	 5	[(0, 85)]
 86	 77	  2	    -3.12069	     3.66239	    0.448326	 1	[(77, 86)]
 87	 77	  5	    -3.12069	     2.38677	    0.269632	 1	[(77, 87)]
 88	  0	 79	    -3.12069	     2.83273	     65.9017	 6	[(0, 88)]
 89	  0	 80	    -3.12069	     1.24138	     67.0204	 6	[(0, 89)]
 90	  0	 81	    -3.12069	    -0.44022	     68.0328	 6	[(0, 90)]
 91	  0	 82	    -3.12069	     -1.9554	     69.1087	 6	[(0, 91)]
 92	  0	 84	    -4.04513	    -4.04513	     70.1983	 6	[(0, 92)]
 93	  0	 85	    -5.03696	    -5.03696	     71.8337	 6	[(0, 93)]
 94	  0	 86	    -5.03696	    -4.76215	     72.4903	 6	[(0, 94)]
 95	  0	 86	    -5.03696	    -4.76215	     72.4903	 6	[(0, 95)]
 96	 67	 27	    -5.03696	    -3.78699	     24.0658	 2	[(67, 96)]
 97	 67	 28	    -5.03696	    -3.54815	     24.2387	 2	[(67, 97)]
 98	 67	 28	    -5.03696	    -3.54815	     24.2387	 2	[(67, 98)]
 99	 67	 28	    -5.03696	    -3.54815	     24.2387	 2	[(67, 99)]
100	 67	 29	    -5.03696	    -3.80992	     24.5515	 2	[(67, 100)]
101	 67	 29	    -5.03696	    -3.80992	     24.5515	 2	[(67, 101)]
102	 67	 31	    -5.03696	     -3.9085	     24.6951	 2	[(67, 102)]
103	 62	 33	    -5.03696	     2.71065	     24.3342	 3	[(62, 103)]
104	 62	 34	    -5.03696	     2.88696	     24.2506	 3	[(62, 104)]
105	 62	 35	    -5.03696	     2.07435	     25.0513	 3	[(62, 105)]
106	 62	 36	    -5.03696	     2.37158	     25.0737	 3	[(62, 106)]
107	 62	 37	    -5.03696	     1.02111	     27.2174	 3	[(62, 107)]
108	 62	 38	    -5.03696	   -0.118056	     28.5645	 3	[(62, 108)]
109	 62	 39	    -5.03696	    -2.13508	     30.1154	 3	[(62, 109)]
110	 67	 40	    -5.03696	    -2.82028	     31.3331	 3	[(67, 110)]
111	 67	 41	    -5.03696	      -2.125	     31.5976	 3	[(67, 111)]
112	 67	 41	    -5.03696	      -2.125	     31.5976	 3	[(67, 112)]
113	  0	106	    -5.03696	    -2.65937	     87.1751	 7	[(0, 113)]
114	  0	107	    -5.03696	    -2.07992	     87.6415	 7	[(0, 114)]
115	  0	107	    -5.03696	    -2.07992	     87.6415	 7	[(0, 115)]
116	  0	108	    -5.03696	    0.028345	     87.8171	 8	[(0, 116)]
117	  0	109	    -5.03696	    -1.25001	     89.0748	 8	[(0, 117)]
118	  0	110	    -5.03696	    -1.68879	     90.3315	 9	[(0, 118)]
119	  0	111	    -5.03696	    -3.83736	     91.9656	 9	[(0, 119)]
120	  0	112	    -8.62442	    -8.62442	     96.6014	 9	[(0, 120)]
121	  0	113	    -12.9787	    -12.9787	     99.0753	 9	[(0, 121)]
122	  0	114	    -14.9498	    -14.9498	     100.105	 9	[(0, 122)]
123	  0	115	    -14.9498	    -14.8394	     100.937	 9	[(0, 123)]
124	  0	116	    -14.9498	      -14.21	     100.948	 9	[(0, 124)]
125	  0	116	    -14.9498	      -14.21	     100.948	 9	[(0, 125)]
126	  0	116	    -14.9498	      -14.21	     100.948	 9	[(0, 126)]
127	  0	117	    -14.9498	    -14.3635	     101.102	 9	[(0, 127)]
128	  0	117	    -14.9498	    -14.3635	     101.102	 9	[(0, 128)]
129	  0	118	    -14.9498	    -14.5945	     101.338	 9	[(0, 129)]
130	  0	118	    -14.9498	    -14.5945	     101.338	 9	[(0, 130)]
131	  0	118	    -14.9498	    -14.5945	     101.338	 9	[(0, 131)]
132	  0	118	    -14.9498	    -14.5945	     101.338	 9	[(0, 132)]
133	  0	118	    -14.9498	    -14.5945	     101.338	 9	[(0, 133)]
134	  0	120	    -14.9498	    -14.8527	     101.584	 9	[(0, 134)]
135	  0	120	    -14.9498	    -14.8527	     101.584	 9	[(0, 135)]
136	  0	120	    -14.9498	    -14.8527	     101.584	 9	[(0, 136)]
137	  0	120	    -14.9498	    -14.8527	     101.584	 9	[(0, 137)]
138	  0	120	    -14.9498	    -14.8527	     101.584	 9	[(0, 138)]
139	  0	123	    -14.9666	    -14.9666	     101.704	 9	[(0, 139)]
140	  0	123	    -14.9666	    -14.9666	     101.704	 9	[(0, 140)]
141	  0	123	    -14.9666	    -14.9666	     101.704	 9	[(0, 141)]
142	  0	123	    -14.9666	    -14.9666	     101.704	 9	[(0, 142)]
143	  0	123	    -14.9666	    -14.9666	     101.704	 9	[(0, 143)]
144	  0	123	    -14.9666	    -14.9666	     101.704	 9	[(0, 144)]
145	  0	125	    -15.2226	    -15.2226	     101.946	 9	[(0, 145)]
146	  0	125	    -15.2226	    -15.2226	     101.946	 9	[(0, 146)]
147	  0	128	    -15.2226	    -15.2123	     101.943	 9	[(0, 147)]
148	  0	130	    -15.2226	     2.18261	     101.964	12	[(0, 148)]
149	  0	131	    -15.2226	     2.31502	     101.952	12	[(0, 149)]
150	  0	133	    -15.2226	    0.118845	     101.981	12	[(0, 150)]
151	  0	135	    -15.2226	    0.621464	     106.165	11	[(0, 151)]
152	  0	137	    -15.2226	     1.72043	     107.107	11	[(0, 152)]
153	  0	138	    -15.2226	     1.34623	     108.246	11	[(0, 153)]
154	  0	140	    -15.2226	     3.48315	     109.052	11	[(0, 154)]
155	  0	141	    -15.2226	     3.53399	     108.619	11	[(0, 155)]
156	  0	142	    -15.2226	     2.49825	     110.383	11	[(0, 156)]
157	  0	143	    -15.2226	     1.80332	      113.51	11	[(0, 157)]
158	  0	144	    -15.2226	     1.59609	      115.68	11	[(0, 158)]
159	  0	145	    -15.2226	   -0.391016	     118.583	11	[(0, 159)]
160	  0	146	    -15.2226	     -2.3052	     119.997	11	[(0, 160)]
161	  0	148	    -15.2226	   -0.681867	     121.613	11	[(0, 161)]
162	  0	149	    -15.2226	   -0.592279	     122.479	11	[(0, 162)]
163	  0	149	    -15.2226	   -0.592279	     122.479	11	[(0, 163)]
164	  0	150	    -15.2226	    -0.93244	     122.827	11	[(0, 164)]
165	  0	151	    -15.2226	   -0.863686	     122.816	11	[(0, 165)]
166	  0	152	    -15.2226	     5.56264	     123.604	13	[(0, 166)]
167	  0	153	    -15.2226	     5.81687	     123.481	13	[(0, 167)]
168	  0	155	    -15.2226	     6.08659	     123.015	13	[(0, 168)]
169	  0	157	    -15.2226	     4.76794	      124.96	12	[(0, 169)]
170	  0	158	    -15.2226	     3.70103	     127.237	12	[(0, 170)]
171	  0	160	    -15.2226	     2.25057	     129.029	12	[(0, 171)]
172	  0	162	    -15.2226	   -0.126169	     130.585	11	[(0, 172)]
173	  0	163	    -15.2226	    -0.31756	     133.484	11	[(0, 173)]
174	  0	164	    -15.2226	    -2.72024	     135.142	11	[(0, 174)]
175	  0	165	    -15.2226	    -2.11367	     135.569	11	[(0, 175)]
176	  0	166	    -15.2226	     -3.3434	     136.684	11	[(0, 176)]
177	  0	167	    -15.2226	    -4.75295	     137.783	11	[(0, 177)]
178	  0	168	    -15.2226	     -6.0038	     138.784	11	[(0, 178)]
179	  0	169	    -15.2226	    -8.65731	     141.095	11	[(0, 179)]
180	  0	170	    -15.2226	    -9.95421	      142.04	11	[(0, 180)]
181	  0	171	    -15.2226	    -11.6334	      143.04	11	[(0, 181)]
182	  0	172	    -15.2226	    -13.7345	     144.716	11	[(0, 182)]
183	  0	173	    -15.2226	    -13.8023	     145.461	11	[(0, 183)]
184	  0	173	    -15.2226	    -13.8023	     145.461	11	[(0, 184)]
