nresidues = 271
0 4 0.351562
0 5 0.0390625
0 8 0.0625
0 90 0.0625
0 92 0.125
1 4 1.13281
1 5 0.078125
1 92 0.1875
2 5 0.78125
2 6 0.195312
2 44 0.0625
2 92 0.125
2 94 0.125
2 120 0.0625
2 145 0.4375
2 168 0.1875
3 6 0.78125
3 7 0.078125
4 7 0.78125
4 8 0.078125
5 8 0.742188
5 9 0.0390625
5 43 0.0625
5 44 0.125
6 9 0.78125
6 10 0.078125
6 44 0.0625
6 169 0.3125
6 203 0.375
6 223 0.375
6 224 0.0625
7 10 0.78125
7 11 0.117188
8 11 0.898438
8 12 0.390625
9 12 0.78125
9 13 0.664062
9 14 1.09375
9 15 0.0390625
9 16 0.078125
10 13 0.0390625
10 14 0.0390625
10 223 0.25
10 254 0.3125
12 253 0.0625
13 253 1.3125
13 254 0.25
14 43 0.5
14 252 1.25
14 253 0.25
14 254 0.1875
15 220 0.0625
15 222 0.125
15 223 1.25
15 224 0.0625
15 252 0.125
15 254 0.0625
16 43 0.4375
16 223 0.125
16 224 1.3125
16 225 0.125
17 41 0.3125
17 42 1.1875
17 43 1.3125
17 44 0.0625
17 225 1.25
17 245 0.0625
17 248 0.0625
17 252 0.125
18 44 1.1875
18 225 0.1875
18 226 1.375
19 38 0.0625
19 42 0.1875
19 44 0.0625
19 45 1.375
19 46 0.1875
19 227 1.25
20 46 2.5625
20 47 0.0625
20 48 0.0625
20 61 0.125
20 96 0.125
20 226 0.0625
20 227 0.1875
20 228 0.1875
20 231 0.0625
21 31 0.0625
21 34 0.1875
21 35 0.125
21 46 0.125
21 47 1.25
21 48 0.0625
22 25 0.1875
22 31 0.1875
22 48 1.25
22 50 0.0625
22 64 0.0625
23 31 0.3125
23 47 0.0625
23 48 0.125
23 50 0.125
23 68 0.0625
23 73 0.125
23 81 0.0625
24 27 1.625
24 68 0.1875
24 73 0.0625
25 30 1.0625
25 31 0.125
25 64 0.625
25 67 0.1875
25 232 0.0625
25 235 0.0625
25 236 0.0625
26 67 0.125
26 71 0.25
27 30 0.820312
27 31 0.078125
28 31 0.78125
28 32 0.15625
28 80 0.0625
28 81 0.125
28 84 0.3125
29 32 0.78125
29 33 0.078125
30 33 0.78125
30 34 0.078125
31 34 0.78125
31 35 0.195312
31 47 0.0625
31 81 0.1875
32 35 0.78125
32 36 0.0390625
32 81 0.125
32 84 0.125
33 36 0.859375
33 37 0.15625
34 37 0.78125
34 38 0.15625
34 241 0.0625
35 38 0.820312
35 39 0.195312
36 40 0.0390625
37 40 0.078125
37 240 0.0625
37 241 0.125
38 41 0.78125
38 42 0.078125
38 241 0.0625
38 245 0.1875
39 42 0.117188
39 89 0.125
39 91 0.125
40 249 0.25
41 242 0.125
41 245 0.625
41 246 0.5
41 249 0.5625
42 91 0.25
43 92 0.0625
44 92 1.3125
45 85 0.0625
45 92 0.125
45 93 1.3125
45 94 0.125
46 94 1.3125
46 96 0.125
46 123 0.25
46 226 0.0625
47 85 0.0625
47 94 0.125
47 95 1.375
47 96 0.125
48 96 1.1875
49 78 0.0625
49 96 0.125
49 97 0.0625
49 110 0.125
50 65 0.3125
50 68 0.0625
50 69 0.125
50 73 0.1875
51 65 0.125
51 69 0.125
51 98 0.1875
51 100 0.5625
52 69 0.0625
57 175 0.0625
58 61 0.664062
58 62 0.3125
58 175 0.0625
59 62 0.820312
59 63 0.078125
60 63 0.78125
60 229 0.3125
60 232 0.1875
61 64 0.78125
61 65 0.078125
61 228 0.0625
61 229 0.125
62 65 0.78125
62 66 0.078125
63 66 0.78125
63 67 0.0390625
63 236 0.6875
64 67 0.78125
64 68 0.078125
64 232 0.0625
65 68 0.78125
65 69 0.195312
66 69 0.78125
66 70 0.15625
67 70 0.78125
67 71 0.15625
68 71 0.78125
68 72 0.664062
68 73 0.117188
69 72 0.0390625
69 73 0.0390625
73 77 0.117188
73 81 0.0625
74 77 0.820312
74 78 0.078125
75 78 0.78125
75 79 0.15625
75 105 0.5
75 114 0.0625
76 79 0.742188
76 80 0.0390625
76 105 0.0625
77 80 0.703125
77 81 0.117188
78 81 0.78125
78 82 0.117188
79 82 0.78125
79 83 0.3125
79 113 0.25
79 114 0.5625
79 117 0.0625
80 83 0.9375
80 84 0.3125
81 84 0.78125
81 85 0.117188
82 85 0.78125
82 86 0.078125
82 114 0.0625
82 117 1.1875
82 118 0.0625
83 86 0.78125
83 87 0.078125
83 117 0.1875
84 87 0.78125
84 88 0.117188
85 88 0.78125
85 89 0.0390625
85 93 0.117188
86 89 0.3125
86 90 0.15625
86 91 0.15625
86 92 0.0390625
86 93 0.351562
86 118 0.25
86 120 0.0625
92 120 0.25
93 119 1.25
93 120 1.375
93 121 0.0625
94 121 1.5
94 123 0.0625
94 145 0.125
94 147 0.125
94 169 0.25
95 110 0.0625
95 114 0.4375
95 122 1.375
95 123 0.125
96 123 1.1875
96 125 0.125
97 101 0.0390625
97 102 0.0390625
97 110 0.1875
97 123 0.0625
97 124 0.1875
97 125 0.0625
98 101 0.117188
98 102 0.0390625
98 126 0.4375
99 102 0.820312
99 103 0.117188
99 126 0.125
99 135 0.0625
100 103 0.78125
100 104 0.078125
101 104 0.78125
101 105 0.117188
101 110 0.0625
102 105 0.703125
102 106 0.78125
102 107 0.117188
102 110 0.3125
102 111 0.0625
103 106 0.0390625
105 109 0.390625
105 113 0.0625
106 109 0.78125
106 110 0.078125
107 110 0.78125
107 111 0.195312
107 138 0.1875
108 111 0.664062
108 112 0.0390625
108 138 0.0625
108 142 0.0625
109 112 0.742188
109 113 0.195312
110 113 0.78125
110 114 0.3125
111 114 0.742188
111 115 0.078125
111 135 0.125
111 139 0.1875
111 142 0.1875
111 144 0.1875
112 115 0.78125
112 116 0.117188
113 116 0.78125
113 117 0.078125
114 117 0.78125
114 118 0.664062
114 119 0.117188
115 118 0.703125
115 119 0.0390625
115 142 0.25
115 143 0.4375
115 144 0.1875
119 144 0.0625
120 144 1.3125
120 145 0.125
121 144 0.125
121 145 1.25
122 145 0.1875
122 146 1.1875
122 147 0.25
123 147 1.25
123 149 0.0625
124 127 0.0625
124 148 0.0625
125 149 0.1875
127 135 0.0625
127 148 0.125
128 131 1.6875
129 132 1.25
129 133 0.1875
129 136 0.125
129 148 0.6875
129 165 0.4375
130 133 0.1875
130 158 0.5625
130 161 0.125
130 165 0.0625
132 135 0.976562
132 136 0.0390625
133 136 0.820312
133 137 0.390625
134 137 0.859375
134 138 0.078125
135 138 0.78125
136 139 0.78125
136 140 0.234375
136 146 0.0625
136 148 0.1875
137 140 0.820312
137 141 0.195312
138 141 0.78125
138 142 0.15625
139 142 0.78125
139 143 0.664062
139 144 0.820312
139 146 0.0625
140 143 0.703125
140 144 0.078125
140 146 0.25
140 165 0.0625
140 167 0.125
145 167 1.625
145 168 0.25
146 165 0.0625
146 166 1.3125
146 167 1.375
147 167 0.0625
147 169 0.5625
147 170 0.0625
147 171 0.0625
148 162 0.0625
148 165 0.1875
148 166 0.0625
148 170 1.1875
148 171 0.1875
149 171 1.4375
149 173 0.0625
150 154 0.375
150 158 0.0625
150 159 0.0625
150 162 0.125
150 170 0.0625
150 171 0.125
150 172 1.1875
150 173 0.125
150 196 0.125
151 154 0.3125
151 173 0.0625
151 192 0.0625
152 173 0.0625
154 195 0.1875
155 158 0.859375
155 159 0.15625
155 195 0.125
156 159 0.78125
156 160 0.078125
156 195 0.3125
156 199 0.8125
157 160 0.78125
157 161 0.117188
158 161 0.859375
158 162 0.117188
159 162 0.78125
159 163 0.15625
159 195 0.125
159 196 0.0625
159 199 0.1875
160 163 0.78125
160 164 0.15625
161 164 0.15625
161 165 0.0390625
162 165 0.78125
162 166 0.0390625
163 199 0.0625
163 200 0.1875
163 202 0.0625
166 169 0.0625
166 170 0.0625
166 202 0.125
168 203 0.125
169 203 1.25
169 205 0.125
170 202 0.0625
170 203 0.0625
170 204 1.1875
170 205 0.1875
171 205 1.3125
171 206 0.1875
171 207 0.125
171 226 0.3125
172 192 0.0625
172 196 0.0625
172 205 0.1875
172 206 1.25
172 208 0.0625
173 207 1.1875
174 207 0.1875
174 208 0.375
188 208 0.125
189 192 0.78125
189 193 0.15625
189 208 0.125
189 218 0.125
190 193 0.78125
190 194 0.078125
190 221 0.0625
191 194 0.9375
191 195 0.195312
192 195 0.78125
192 196 0.234375
193 196 0.78125
193 197 0.15625
193 206 0.0625
194 197 0.742188
194 198 0.078125
195 198 0.703125
195 199 0.195312
196 199 0.78125
196 200 0.078125
196 204 0.0625
197 200 0.15625
197 223 0.375
203 223 0.3125
204 222 1.1875
204 223 1.4375
204 224 0.0625
205 224 1.3125
206 222 0.125
206 224 0.0625
206 225 1.1875
206 226 0.125
210 215 0.234375
210 216 0.078125
210 225 0.0625
210 230 0.0625
211 215 0.15625
211 230 0.0625
211 233 0.0625
211 244 0.0625
211 248 0.0625
212 215 0.820312
212 216 0.078125
212 247 1.0625
212 248 0.0625
213 216 0.78125
213 217 0.078125
213 247 0.3125
213 250 0.1875
213 251 0.125
214 217 0.742188
214 218 0.15625
215 218 0.78125
215 219 0.0390625
216 219 0.78125
216 220 0.078125
216 248 0.0625
216 251 1.4375
216 252 0.125
217 220 0.0390625
217 251 0.1875
219 222 0.125
219 225 0.125
220 251 0.0625
220 252 0.0625
220 254 0.3125
221 254 0.0625
222 254 0.125
225 252 0.125
227 231 0.117188
227 248 0.125
228 231 0.78125
228 232 0.0390625
229 232 0.78125
229 233 0.351562
230 233 0.9375
230 234 0.078125
230 244 0.0625
231 234 0.78125
231 235 0.15625
232 235 0.820312
232 236 0.234375
233 236 0.78125
233 237 0.15625
234 237 0.742188
234 238 0.742188
234 239 0.117188
234 241 0.0625
234 244 0.0625
235 238 0.0390625
240 243 0.117188
241 244 0.78125
241 245 0.117188
242 245 0.820312
242 246 0.078125
243 246 0.78125
243 247 0.078125
244 247 0.78125
244 248 0.117188
245 248 0.820312
245 249 0.078125
246 249 0.78125
246 250 0.390625
247 250 0.78125
248 251 0.742188
248 252 0.195312
249 252 0.78125
250 253 0.0390625
