nresidues = 282
2 5 0.25
2 66 0.0625
2 179 0.0625
3 19 0.0625
3 40 0.4375
4 17 0.0625
4 19 0.1875
4 38 0.3125
4 40 0.125
4 41 0.0625
4 66 0.125
4 173 0.1875
5 17 0.4375
5 19 0.0625
5 66 0.1875
6 17 0.125
6 18 1.25
6 19 0.0625
7 16 0.0625
7 17 1.25
7 18 0.75
7 20 0.1875
8 15 0.1875
8 16 1.25
8 18 0.1875
9 14 0.0625
9 15 1.25
9 16 0.3125
9 18 0.1875
9 90 0.125
9 91 0.0625
10 13 0.1875
10 14 1.4375
10 90 0.0625
11 14 0.375
11 16 0.0625
11 83 0.0625
11 86 0.25
11 87 0.125
12 82 0.0625
14 67 0.0625
14 68 0.0625
15 67 1.3125
15 68 0.5
16 60 0.0625
16 67 0.4375
16 83 0.375
17 59 1.1875
17 60 0.4375
17 66 0.375
17 67 0.1875
18 58 1.3125
18 59 0.1875
18 91 0.0625
19 40 0.125
19 56 0.0625
19 57 1.3125
19 58 0.3125
20 55 0.625
20 56 1.25
20 57 0.0625
21 47 0.125
21 51 0.25
21 54 0.0625
21 55 1.25
21 56 0.25
22 51 0.0625
22 54 1.25
22 55 0.375
23 53 1.125
23 54 1.375
23 55 0.125
24 55 0.0625
25 54 1.6875
25 55 0.125
25 95 0.0625
25 96 0.125
25 97 0.3125
26 55 1.1875
26 93 0.125
26 95 0.125
26 96 1.4375
27 54 0.1875
27 55 0.1875
27 56 1.1875
27 57 0.1875
27 97 1.1875
27 269 0.0625
28 57 1.4375
28 96 0.0625
28 97 0.25
28 98 1.25
28 99 0.125
29 43 0.75
29 47 0.0625
29 56 0.125
29 57 0.125
29 58 0.0625
29 59 0.0625
29 99 1.3125
30 43 0.25
30 99 0.1875
30 100 1.1875
30 101 0.1875
30 104 0.1875
31 37 0.0625
31 38 0.0625
31 42 0.4375
31 43 0.125
31 59 0.125
31 60 0.375
31 61 0.3125
31 64 0.1875
31 101 1.25
31 103 1.125
31 104 0.0625
32 37 0.125
32 42 0.0625
32 101 0.0625
32 103 0.25
33 64 0.0625
33 103 0.1875
33 142 0.375
33 186 0.125
33 190 0.0625
34 37 0.1875
34 141 0.0625
34 186 0.25
35 141 0.0625
35 144 0.375
35 151 0.0625
35 154 0.125
35 186 0.375
36 173 0.125
36 177 0.0625
37 41 0.0390625
37 42 0.078125
37 64 1.125
37 65 0.0625
38 41 0.859375
38 42 0.0390625
38 60 0.3125
39 42 0.78125
39 43 0.195312
39 58 0.1875
39 59 0.125
39 60 0.125
40 43 0.78125
40 44 0.234375
41 173 0.0625
41 252 0.0625
42 101 0.1875
42 252 0.3125
42 254 0.3125
43 46 0.859375
43 47 0.234375
43 99 0.0625
43 101 0.125
43 125 0.125
44 48 0.117188
45 48 0.078125
45 255 0.0625
45 258 0.125
45 262 0.0625
46 49 0.78125
46 50 0.15625
46 254 0.125
46 262 0.125
47 50 0.78125
47 51 0.15625
48 51 0.78125
48 52 0.195312
49 52 0.078125
49 262 0.1875
50 53 0.742188
50 54 0.15625
50 56 0.1875
50 266 0.0625
51 54 0.117188
51 56 0.0625
54 266 0.0625
54 269 0.4375
54 270 0.3125
55 91 0.0625
55 93 0.0625
57 91 0.125
57 93 0.125
59 87 0.125
60 64 0.0625
60 65 0.3125
60 66 0.125
60 67 0.375
60 83 0.0625
61 64 0.375
61 80 0.125
61 83 0.4375
61 84 0.125
61 107 0.0625
62 67 0.0625
62 68 0.0625
62 70 0.0625
62 73 0.25
62 75 0.375
62 80 0.375
62 83 0.1875
63 69 0.25
63 75 0.1875
63 185 0.0625
63 189 0.125
64 67 0.0625
64 69 0.25
64 80 0.0625
64 103 0.125
65 69 0.25
65 182 0.375
66 179 0.3125
66 182 0.0625
69 181 0.125
69 182 0.375
69 185 0.25
70 73 0.3125
73 79 0.195312
74 79 0.078125
75 79 0.0390625
75 80 0.117188
75 189 0.5625
76 79 0.859375
76 80 0.351562
77 80 0.78125
77 81 0.117188
77 110 0.125
77 200 0.25
77 201 0.0625
77 202 0.125
78 81 0.78125
78 82 0.234375
78 114 0.5
79 82 0.820312
79 83 0.078125
80 83 0.78125
80 84 0.15625
80 103 0.5
80 107 0.125
80 189 0.125
81 84 0.78125
81 85 0.117188
81 110 0.125
81 111 0.1875
81 114 0.125
81 115 0.125
82 85 0.820312
82 86 0.0390625
82 114 0.25
82 115 0.0625
83 86 0.742188
83 87 0.234375
84 87 0.78125
84 88 0.117188
84 107 0.0625
84 111 0.0625
85 88 0.820312
85 89 0.234375
85 111 0.0625
85 115 0.375
85 118 0.0625
86 89 0.820312
86 90 0.078125
87 90 0.78125
87 91 0.15625
88 91 0.742188
88 92 0.78125
88 93 0.3125
88 118 0.1875
89 92 0.0390625
89 118 0.1875
93 96 0.0625
93 118 0.25
94 118 0.4375
95 117 0.125
95 118 1.375
95 119 0.1875
95 120 0.125
96 118 0.0625
96 119 1.25
96 120 0.125
97 120 0.5625
97 121 1.625
97 269 0.4375
97 272 0.0625
98 108 0.0625
98 119 0.0625
98 121 0.0625
98 122 1.25
98 123 0.125
99 123 1.25
99 125 0.0625
99 269 0.125
100 104 0.976562
100 105 0.117188
100 123 0.125
100 124 1.1875
100 125 0.25
101 104 0.78125
101 125 1.3125
101 126 1.0625
101 127 0.0625
101 252 0.0625
101 254 0.0625
102 105 0.742188
102 125 0.0625
102 126 0.1875
102 127 1.3125
102 128 0.125
102 251 0.125
103 106 0.742188
103 107 0.117188
103 201 0.1875
104 107 0.820312
104 108 0.078125
105 108 0.78125
105 109 0.15625
105 124 0.0625
105 127 0.125
105 128 1.3125
106 109 0.78125
106 110 0.078125
106 128 0.1875
107 110 0.820312
107 111 0.15625
108 111 0.78125
108 112 0.078125
108 122 0.125
108 124 0.0625
109 112 0.78125
109 113 0.15625
109 124 0.125
109 128 0.0625
109 129 0.0625
109 203 0.125
110 113 0.78125
110 114 0.117188
111 114 0.78125
111 115 0.15625
111 119 0.0625
112 115 0.703125
112 116 0.078125
112 119 0.0625
112 122 0.125
112 211 0.0625
113 203 0.125
113 207 0.1875
113 210 0.0625
113 211 0.1875
115 118 1.375
115 119 0.0625
116 119 0.0625
119 122 0.0625
119 213 0.1875
120 213 0.25
121 214 1.75
121 268 0.4375
121 271 0.5625
121 272 0.0625
122 214 0.0625
122 215 1.3125
122 216 0.125
122 268 0.125
123 216 1.375
123 218 0.0625
123 268 0.125
123 269 0.125
124 127 0.0625
124 215 0.125
124 216 0.125
124 217 1.3125
124 218 0.1875
124 238 0.0625
125 218 1.1875
125 219 0.0625
125 253 0.0625
125 254 0.125
125 261 0.3125
126 218 0.0625
126 219 0.125
126 226 0.1875
126 251 0.0625
127 226 0.0625
127 230 0.0625
129 201 0.0625
129 202 1.5625
129 203 0.25
129 208 0.0625
130 198 0.0625
130 202 0.25
130 230 0.25
130 233 0.0625
131 198 0.0625
131 199 0.375
131 202 0.0625
132 195 0.1875
132 198 0.4375
132 227 0.25
132 230 0.0625
133 195 0.25
133 198 0.0625
134 195 0.1875
134 198 0.125
135 138 0.859375
135 139 0.078125
135 224 0.125
135 225 0.3125
136 139 0.78125
136 140 0.117188
136 224 1.0625
137 140 0.78125
137 141 0.117188
137 157 0.0625
137 224 0.0625
138 141 0.78125
138 142 0.3125
138 198 0.125
138 225 0.125
139 142 0.742188
139 143 0.0390625
139 192 0.3125
139 194 0.375
140 143 0.742188
140 144 0.078125
140 154 0.1875
140 157 0.0625
141 144 0.078125
141 154 0.125
141 158 0.0625
141 186 0.125
142 186 0.125
142 190 1.0625
142 194 0.9375
142 197 0.125
143 194 0.1875
144 147 0.0625
144 150 0.1875
144 151 0.25
144 154 0.1875
144 174 0.0625
144 177 0.3125
144 183 0.3125
145 150 0.3125
145 183 0.0625
146 174 0.25
146 178 0.125
146 183 0.375
147 150 1.01562
147 151 0.078125
147 174 0.375
148 151 0.820312
148 152 0.078125
148 174 0.125
149 152 0.820312
149 153 0.078125
150 153 0.78125
150 154 0.078125
151 154 0.78125
151 155 0.15625
151 170 0.0625
151 173 0.375
152 155 0.78125
152 156 0.273438
152 165 0.3125
152 166 0.25
152 167 0.375
153 156 0.78125
153 157 0.195312
154 157 0.78125
154 158 0.15625
155 158 0.78125
155 159 0.0390625
155 165 0.25
155 169 0.125
155 170 0.0625
156 159 0.078125
156 162 0.4375
156 165 0.1875
156 224 0.0625
157 224 0.4375
157 225 0.0625
158 250 1.25
158 251 1.375
158 252 0.25
158 256 0.0625
159 256 0.4375
160 222 0.125
160 248 1.625
160 249 0.1875
160 256 0.125
161 164 0.5625
162 165 0.25
164 169 0.0625
166 169 0.859375
166 170 0.078125
167 170 0.78125
167 171 0.078125
168 171 0.78125
168 172 0.15625
169 172 0.78125
169 173 0.117188
170 173 0.703125
170 174 0.078125
171 174 0.78125
171 175 0.195312
172 175 0.78125
172 176 0.078125
173 176 0.859375
173 177 0.117188
174 177 0.898438
174 178 0.234375
175 178 0.859375
175 179 0.0390625
176 179 0.390625
176 182 0.1875
177 182 1.125
177 183 0.0625
179 182 0.6875
180 184 0.0390625
181 184 0.898438
181 185 0.0390625
182 185 0.78125
182 186 0.078125
183 186 0.859375
183 187 0.195312
184 187 0.78125
184 188 0.078125
185 188 0.820312
185 189 0.078125
186 189 0.742188
188 191 0.125
190 194 0.375
190 197 0.429688
191 196 0.117188
191 197 0.195312
192 196 0.15625
193 196 0.507812
194 197 0.820312
194 198 0.0390625
195 198 0.898438
195 199 0.351562
196 199 0.820312
196 200 0.078125
197 200 0.78125
197 201 0.15625
198 201 0.78125
198 202 0.078125
199 202 0.117188
203 208 0.078125
204 207 0.976562
204 208 0.15625
205 208 0.78125
205 209 0.15625
205 233 0.1875
205 237 0.125
206 209 0.742188
206 210 0.0390625
207 210 0.859375
208 211 0.15625
208 237 0.125
208 238 0.0625
209 237 0.25
212 240 0.0625
213 240 0.125
214 240 1.9375
214 268 0.1875
215 238 0.125
215 240 0.125
215 241 1.25
215 242 0.0625
215 268 0.25
216 242 1.3125
216 268 0.25
217 231 0.125
217 234 0.25
217 235 0.0625
217 242 0.25
217 243 1.4375
217 244 0.125
218 244 1.25
218 246 0.125
218 253 0.0625
218 261 0.125
219 223 0.3125
219 226 0.3125
219 227 0.3125
219 228 0.3125
219 231 0.375
219 244 0.0625
219 245 1.3125
219 246 0.0625
219 250 1.0625
220 223 0.125
220 245 0.0625
220 246 1.25
220 249 1.3125
220 250 0.0625
221 246 0.125
221 247 0.375
221 249 1.0625
222 247 0.25
222 248 0.3125
222 249 1.375
222 250 0.0625
223 226 0.5
223 250 0.125
223 251 0.8125
225 251 0.5625
226 230 0.0390625
226 251 0.0625
227 230 0.742188
228 231 0.78125
228 232 0.078125
228 245 0.0625
229 232 0.78125
229 233 0.078125
230 233 0.78125
230 234 0.117188
231 234 0.78125
231 235 0.0390625
232 235 0.742188
232 236 0.117188
232 243 0.0625
233 236 0.9375
233 237 0.234375
234 237 0.78125
234 238 0.15625
235 238 0.0390625
238 241 0.1875
242 268 0.125
244 264 0.3125
246 249 0.125
246 253 0.125
246 257 0.125
246 260 0.125
246 264 0.0625
248 257 0.0390625
249 253 0.1875
249 256 0.195312
249 257 0.0390625
250 253 0.0625
250 256 0.234375
251 256 0.117188
252 255 1.17188
252 256 0.507812
253 256 0.742188
253 257 0.820312
253 261 0.0625
254 257 0.664062
254 258 0.195312
254 261 0.25
255 258 0.117188
257 260 0.976562
257 261 0.078125
258 261 0.78125
258 262 0.234375
259 262 0.664062
259 263 0.3125
260 263 0.859375
260 264 0.15625
261 264 0.78125
261 265 0.195312
262 265 0.742188
262 266 0.117188
263 266 0.664062
263 267 0.195312
264 267 0.703125
264 268 0.078125
265 268 0.78125
265 269 0.234375
266 269 0.820312
266 270 0.351562
267 270 0.78125
267 271 0.0390625
268 271 0.078125
269 272 0.078125
