nresidues = 239
0 6 0.3125
0 60 0.0625
1 60 0.25
1 76 0.25
1 77 0.0625
2 5 1.1875
2 6 0.1875
3 6 0.5
3 182 0.125
4 182 0.125
6 9 0.125
6 32 0.5
6 33 0.1875
6 62 0.0625
6 77 0.125
6 79 0.0625
6 184 0.0625
6 203 0.0625
6 204 0.1875
7 32 0.25
7 203 0.125
7 204 1.3125
7 205 0.0625
7 225 0.25
7 226 0.0625
8 31 1.5
8 32 1.3125
8 205 1.25
8 207 0.0625
8 221 0.625
8 222 0.25
9 31 0.1875
9 32 0.0625
9 33 1.375
9 35 0.0625
9 204 0.0625
9 205 0.0625
9 206 1.25
9 207 0.125
10 26 0.25
10 29 0.0625
10 31 0.25
10 33 0.0625
10 34 1.1875
10 35 0.1875
10 207 1.625
10 211 0.125
10 218 0.125
10 221 0.125
10 222 0.125
11 35 1.3125
11 64 0.375
11 117 0.0625
11 158 0.3125
11 206 0.0625
11 207 0.0625
11 208 0.125
12 23 0.0625
12 26 0.0625
12 34 0.0625
12 35 0.125
12 36 1.1875
12 37 1.3125
12 50 0.0625
12 212 0.375
13 16 0.75
13 37 0.0625
13 50 0.0625
13 212 0.1875
14 36 0.1875
14 37 0.0625
14 46 0.5625
14 50 0.125
15 46 0.1875
16 209 0.3125
16 212 0.25
17 212 0.125
18 22 0.078125
18 23 0.0390625
18 211 0.0625
18 212 0.0625
19 22 0.820312
19 23 0.078125
20 23 0.820312
20 24 0.078125
20 53 0.0625
21 24 0.78125
21 25 0.15625
22 25 0.78125
22 26 0.117188
22 215 1
23 26 0.78125
23 27 0.117188
23 53 0.0625
24 27 0.78125
24 28 0.195312
24 57 0.3125
25 28 0.78125
25 29 0.078125
25 215 0.125
25 219 0.0625
26 29 0.15625
26 31 0.0625
26 211 0.0625
26 215 0.25
27 54 0.0625
27 57 0.25
27 59 0.1875
28 57 0.125
29 219 0.0625
29 222 0.25
30 222 0.3125
30 226 0.25
31 59 0.125
32 60 0.1875
32 226 0.4375
33 59 0.0625
33 60 1.25
34 59 0.0625
34 60 0.125
34 61 1.25
34 62 0.1875
35 62 1.25
35 64 0.0625
36 50 0.1875
36 62 0.1875
36 63 1.25
36 64 0.1875
36 75 0.0625
38 46 0.1875
38 66 0.125
39 46 1.6875
39 47 0.1875
39 70 0.125
40 47 1.25
40 48 0.1875
40 69 0.125
40 70 0.125
40 72 0.125
45 48 0.78125
45 49 0.3125
46 49 0.664062
46 50 0.0390625
47 50 0.742188
47 51 0.078125
47 63 0.0625
47 72 0.0625
47 75 0.125
48 51 0.78125
48 52 0.117188
49 52 0.859375
49 53 0.15625
50 53 0.78125
50 54 0.117188
51 54 0.859375
51 55 0.15625
51 73 0.0625
51 74 0.0625
51 75 0.375
52 55 0.664062
52 56 0.0390625
53 56 0.078125
53 57 0.078125
54 57 0.195312
54 59 0.0625
54 61 0.1875
55 74 0.1875
59 76 0.0625
60 76 0.25
61 75 1.5625
61 76 1.5
61 77 0.0625
62 75 0.5
62 77 1.3125
62 79 0.375
63 70 0.0625
63 75 0.5625
63 78 1.4375
63 79 0.1875
64 79 1.1875
64 115 0.375
64 117 0.375
64 158 0.0625
65 71 0.125
65 79 0.1875
65 81 0.125
65 95 0.125
66 91 0.125
66 95 0.25
67 70 1.25
67 95 0.0625
68 71 0.1875
68 95 0.3125
68 98 0.1875
68 99 0.0625
68 103 0.125
71 106 0.0625
72 75 0.1875
72 78 0.3125
73 78 0.1875
74 78 0.125
75 78 0.5
75 110 0.0625
76 111 0.0625
77 111 1.3125
78 110 0.4375
78 111 0.25
78 112 1.4375
78 113 0.25
79 113 1.375
79 115 0.25
79 156 0.1875
80 95 0.0625
80 96 0.5625
80 112 0.125
80 113 0.125
80 114 1.25
80 115 0.1875
81 91 0.0625
81 96 0.25
81 115 1.3125
81 117 0.0625
82 91 1.25
82 92 0.1875
82 96 0.1875
82 115 0.125
82 116 1.25
82 117 0.3125
83 86 0.25
83 91 0.1875
83 92 0.0625
83 117 1.25
83 119 0.0625
83 130 0.0625
84 117 0.1875
84 144 0.4375
84 148 0.0625
84 157 0.0625
85 117 0.0625
85 118 0.3125
85 119 0.1875
85 132 1.4375
85 133 0.4375
85 134 0.0625
85 136 0.0625
85 144 0.4375
86 91 0.125
86 92 0.0625
86 130 0.25
86 131 1.25
86 132 0.0625
87 131 0.3125
87 132 0.0625
88 91 0.78125
88 92 0.0390625
88 131 0.1875
89 92 0.78125
89 93 0.664062
89 94 0.0390625
90 93 0.742188
90 94 0.820312
90 98 0.125
91 95 0.0390625
91 129 0.0625
91 130 0.25
92 96 0.078125
93 96 0.820312
93 97 0.078125
94 97 0.78125
94 98 0.195312
95 98 0.742188
95 99 0.078125
96 99 0.78125
96 100 0.117188
97 100 0.78125
97 101 0.078125
98 101 0.78125
98 102 0.3125
99 102 0.742188
99 103 0.820312
99 107 0.1875
100 103 0.664062
100 104 0.0390625
100 107 0.125
103 106 0.820312
103 107 0.15625
104 107 0.78125
104 108 0.117188
105 108 0.78125
105 109 0.078125
106 109 0.859375
106 110 0.195312
107 110 0.0390625
107 112 0.125
113 155 0.0625
113 156 0.0625
114 154 1.0625
114 155 1.1875
115 154 0.0625
115 156 1.25
115 158 0.125
116 154 0.0625
116 156 0.1875
116 157 1.25
116 158 0.125
117 158 2.1875
117 160 0.3125
118 136 0.0625
118 157 0.125
118 158 0.125
118 159 1.1875
118 160 0.1875
119 124 0.0625
119 127 0.0625
119 130 0.0625
119 134 0.1875
119 160 1.1875
120 134 0.1875
120 160 1.1875
120 161 0.3125
121 124 0.125
121 127 0.0625
121 134 1.25
121 161 0.375
121 164 0.0625
122 127 0.0625
122 134 0.1875
122 135 0.0625
124 127 0.78125
124 162 0.1875
125 128 0.820312
125 129 0.195312
126 129 0.820312
126 130 0.195312
127 130 0.78125
127 131 0.78125
127 132 0.078125
127 134 0.0625
128 131 0.0390625
133 136 0.1875
136 140 0.390625
136 141 0.078125
136 144 0.1875
137 140 0.976562
137 141 0.117188
138 141 0.78125
138 142 0.117188
138 169 0.25
138 170 0.1875
138 173 0.25
139 142 0.78125
139 143 0.078125
140 143 0.78125
140 144 0.15625
141 144 0.78125
141 145 0.078125
141 159 0.0625
141 161 0.0625
141 174 0.0625
142 145 0.820312
142 146 0.117188
142 173 0.25
142 177 0.125
143 146 0.78125
143 147 0.117188
144 147 0.78125
144 148 0.0390625
144 157 0.25
145 148 0.78125
145 149 0.078125
145 157 0.25
145 174 0.0625
145 177 0.0625
145 178 0.1875
146 149 0.820312
146 151 0.125
146 177 0.125
147 151 1.25
147 152 0.25
148 152 1.25
148 153 1.1875
148 154 0.375
148 156 0.0625
148 157 0.1875
148 181 0.375
149 153 0.375
149 177 0.125
149 178 0.5
149 179 0.8125
149 180 0.5
149 181 0.25
153 180 0.625
154 180 1.0625
154 181 0.25
155 180 0.0625
155 181 1.25
155 182 0.1875
156 182 1.3125
156 184 0.1875
157 174 0.125
157 178 0.0625
157 182 0.1875
157 183 1.375
157 184 0.1875
158 184 1.4375
158 206 0.3125
159 184 0.1875
159 185 1.25
159 186 0.0625
160 186 1.375
161 164 0.1875
161 165 0.0625
161 166 0.375
161 170 0.0625
161 185 0.125
161 186 1.1875
161 187 0.125
162 186 1.0625
162 187 1.25
163 187 0.125
163 188 0.0625
164 185 0.0625
164 187 1.5
164 188 0.125
165 185 0.25
165 187 0.125
165 188 0.1875
165 189 0.0625
165 198 0.25
166 185 0.0625
166 198 0.25
167 170 0.78125
167 171 0.0390625
168 171 0.78125
168 172 0.078125
168 197 0.125
168 198 0.125
168 201 0.125
169 172 0.820312
169 173 0.117188
170 173 0.742188
170 174 0.15625
171 174 0.78125
171 175 0.078125
171 183 0.125
171 185 0.125
171 198 0.125
171 201 0.1875
172 175 0.78125
172 176 0.0390625
172 201 0.6875
173 176 0.742188
174 177 0.78125
174 178 0.15625
174 183 0.125
175 178 0.117188
175 183 0.125
175 201 0.25
175 203 0.3125
178 181 0.125
178 183 0.0625
182 203 0.375
182 204 0.0625
183 201 0.0625
183 202 1.1875
183 203 1.375
183 204 0.125
184 204 1.5625
184 206 0.0625
185 189 0.125
185 198 0.5
185 202 0.0625
185 204 0.125
185 205 1.25
185 206 0.25
186 206 0.0625
189 194 0.15625
189 195 0.078125
189 198 0.125
189 207 0.125
189 210 0.0625
190 194 0.0390625
190 210 0.125
190 217 1.375
190 218 0.0625
190 221 0.0625
191 194 0.976562
191 195 0.078125
191 217 0.4375
191 221 0.125
192 195 0.78125
192 196 0.078125
192 220 0.0625
192 224 0.25
193 196 0.78125
193 197 0.078125
194 197 0.78125
194 198 0.117188
195 198 0.742188
195 199 0.078125
195 205 0.125
195 221 0.125
195 225 0.1875
196 199 0.78125
196 224 0.125
197 200 0.078125
198 201 0.742188
198 202 0.078125
198 205 0.125
199 202 0.078125
199 205 0.0625
199 225 0.0625
205 225 0.125
207 221 0.125
208 211 0.1875
209 212 1.4375
209 213 0.4375
210 213 1.3125
210 214 1.25
210 218 0.25
211 214 1.0625
211 215 0.1875
211 218 0.0625
214 217 0.9375
214 218 0.078125
215 218 0.820312
215 219 0.078125
216 219 0.742188
216 220 0.0390625
217 220 0.78125
218 221 0.195312
219 222 0.0390625
220 223 0.664062
220 224 0.078125
221 224 0.742188
221 225 0.078125
222 225 0.820312
222 226 0.15625
223 226 0.742188
223 227 0.15625
