L	Ls	nvertices	F_L	F_L_constrained	rho_sum	nloops	regions
  0	  0	  0	           0	           0	           0	 0	[(0, 0)]
  1	  0	  0	           0	           0	           0	 0	[(0, 1)]
  2	  0	  0	           0	           0	           0	 0	[(0, 2)]
  3	  0	  0	           0	           0	           0	 0	[(0, 3)]
  4	  0	  0	           0	           0	           0	 0	[(0, 4)]
  5	  0	  0	           0	           0	           0	 0	[(0, 5)]
  6	  0	  0	           0	           0	           0	 0	[(0, 6)]
  7	  0	  0	           0	           0	           0	 0	[(0, 7)]
  8	  0	  0	           0	           0	           0	 0	[(0, 8)]
  9	  0	  0	           0	           0	           0	 0	[(0, 9)]
 10	  0	  0	           0	           0	           0	 0	[(0, 10)]
 11	  0	  0	           0	           0	           0	 0	[(0, 11)]
 12	  0	  0	           0	           0	           0	 0	[(0, 12)]
 13	  0	  0	           0	           0	           0	 0	[(0, 13)]
 14	  0	  0	           0	           0	           0	 0	[(0, 14)]
 15	  0	  3	   -0.252964	   -0.252964	    0.249494	 0	[(0, 15)]
 16	  0	  3	   -0.252964	   -0.252964	    0.249494	 0	[(0, 16)]
 17	  0	  3	   -0.252964	   -0.252964	    0.249494	 0	[(0, 17)]
 18	  0	  3	   -0.252964	   -0.252964	    0.249494	 0	[(0, 18)]
 19	  0	  3	   -0.252964	   -0.252964	    0.249494	 0	[(0, 19)]
 20	  0	  6	   -0.252964	     5.97102	    0.503508	 1	[(0, 20)]
 21	  0	 10	   -0.252964	     6.39773	     3.88407	 1	[(0, 21)]
 22	  0	 14	   -0.252964	     8.73626	     5.16627	 1	[(0, 22)]
 23	  0	 16	   -0.252964	     8.28126	      8.0583	 1	[(0, 23)]
 24	  0	 18	   -0.252964	     8.96482	      9.7787	 1	[(0, 24)]
 25	  0	 19	   -0.252964	      8.2699	     11.7624	 1	[(0, 25)]
 26	  0	 22	   -0.252964	     8.98206	     14.0042	 1	[(0, 26)]
 27	  0	 24	   -0.252964	     7.67312	     16.0394	 1	[(0, 27)]
 28	  0	 25	   -0.252964	     7.46767	     17.5992	 1	[(0, 28)]
 29	  0	 26	   -0.252964	     7.92849	     18.1536	 1	[(0, 29)]
 30	  0	 26	   -0.252964	     7.92849	     18.1536	 1	[(0, 30)]
 31	  0	 26	   -0.252964	     7.92849	     18.1536	 1	[(0, 31)]
 32	  0	 26	   -0.252964	     7.92849	     18.1536	 1	[(0, 32)]
 33	  0	 26	   -0.252964	     7.92849	     18.1536	 1	[(0, 33)]
 34	  0	 26	   -0.252964	     7.92849	     18.1536	 1	[(0, 34)]
 35	  0	 26	   -0.252964	     7.92849	     18.1536	 1	[(0, 35)]
 36	  0	 26	   -0.252964	     7.92849	     18.1536	 1	[(0, 36)]
 37	  0	 29	   -0.252964	     7.65899	     18.4376	 1	[(0, 37)]
 38	  0	 30	   -0.252964	     7.66999	     18.4295	 1	[(0, 38)]
 39	  0	 31	   -0.252964	     7.66551	      18.436	 1	[(0, 39)]
 40	  0	 31	   -0.252964	     7.66551	      18.436	 1	[(0, 40)]
 41	  0	 31	   -0.252964	     7.66551	      18.436	 1	[(0, 41)]
 42	  0	 31	   -0.252964	     7.66551	      18.436	 1	[(0, 42)]
 43	  0	 31	   -0.252964	     7.66551	      18.436	 1	[(0, 43)]
 44	  0	 31	   -0.252964	     7.66551	      18.436	 1	[(0, 44)]
 45	  0	 33	   -0.252964	     7.40744	     18.6819	 1	[(0, 45)]
 46	  0	 33	   -0.252964	     7.40744	     18.6819	 1	[(0, 46)]
 47	  0	 33	   -0.252964	     7.40744	     18.6819	 1	[(0, 47)]
 48	  0	 33	   -0.252964	     7.40744	     18.6819	 1	[(0, 48)]
 49	  0	 33	   -0.252964	     7.40744	     18.6819	 1	[(0, 49)]
 50	  0	 33	   -0.252964	     7.40744	     18.6819	 1	[(0, 50)]
 51	 46	  4	   -0.252964	     4.08388	    0.241204	 1	[(46, 51)]
 52	 46	  6	   -0.252964	   -0.245854	    0.252321	 0	[(46, 52)]
 53	 46	  8	   -0.252964	   -0.170673	    0.174332	 0	[(46, 53)]
 54	 46	  9	   -0.252964	   -0.184268	    0.189384	 0	[(46, 54)]
 55	 46	 10	   -0.252964	   -0.196472	    0.201498	 0	[(46, 55)]
 56	 46	 11	   -0.252964	   -0.209365	    0.215039	 0	[(46, 56)]
 57	 46	 11	   -0.252964	   -0.209365	    0.215039	 0	[(46, 57)]
 58	 46	 11	   -0.252964	   -0.209365	    0.215039	 0	[(46, 58)]
 59	 46	 12	   -0.337732	   -0.337732	     0.33714	 0	[(46, 59)]
 60	 46	 12	   -0.337732	   -0.337732	     0.33714	 0	[(46, 60)]
 61	 46	 12	   -0.337732	   -0.337732	     0.33714	 0	[(46, 61)]
 62	 46	 12	   -0.337732	   -0.337732	     0.33714	 0	[(46, 62)]
 63	 46	 12	   -0.337732	   -0.337732	     0.33714	 0	[(46, 63)]
 64	 46	 14	   -0.608441	   -0.608441	    0.606896	 0	[(46, 64)]
 65	 46	 15	   -0.608441	   -0.600363	    0.606447	 0	[(46, 65)]
 66	 46	 17	   -0.608441	   -0.601423	     0.61009	 0	[(46, 66)]
 67	 46	 18	   -0.608441	   -0.607509	     0.61258	 0	[(46, 67)]
 68	 46	 18	   -0.608441	   -0.607509	     0.61258	 0	[(46, 68)]
 69	 46	 18	   -0.608441	   -0.607509	     0.61258	 0	[(46, 69)]
 70	 46	 18	   -0.608441	   -0.607509	     0.61258	 0	[(46, 70)]
 71	 46	 20	   -0.747441	   -0.747441	    0.744951	 0	[(46, 71)]
 72	 46	 20	   -0.747441	   -0.747441	    0.744951	 0	[(46, 72)]
 73	 46	 21	   -0.877418	   -0.877418	    0.870504	 0	[(46, 73)]
 74	 46	 22	   -0.877418	   -0.874212	    0.877572	 0	[(46, 74)]
 75	 46	 23	   -0.877418	     6.62721	    0.864708	 1	[(46, 75)]
 76	 46	 24	   -0.877418	     6.73169	    0.873606	 1	[(46, 76)]
 77	 46	 24	   -0.877418	     6.73169	    0.873606	 1	[(46, 77)]
 78	 46	 24	   -0.877418	     6.73169	    0.873606	 1	[(46, 78)]
 79	 46	 24	   -0.877418	     6.73169	    0.873606	 1	[(46, 79)]
 80	 46	 24	   -0.877418	     6.73169	    0.873606	 1	[(46, 80)]
 81	 46	 24	   -0.877418	     6.73169	    0.873606	 1	[(46, 81)]
 82	 46	 24	   -0.877418	     6.73169	    0.873606	 1	[(46, 82)]
 83	 46	 24	   -0.877418	     6.73169	    0.873606	 1	[(46, 83)]
 84	 46	 26	   -0.877418	     10.4758	     1.11569	 2	[(46, 84)]
 85	 33	 46	   -0.877418	     8.94926	     19.4665	 1	[(33, 85)]
 86	 33	 47	   -0.877418	     9.44617	     19.9969	 1	[(33, 86)]
 87	 33	 47	   -0.877418	     9.44617	     19.9969	 1	[(33, 87)]
 88	 33	 47	   -0.877418	     9.44617	     19.9969	 1	[(33, 88)]
 89	 33	 48	   -0.877418	     9.15467	     20.2897	 1	[(33, 89)]
 90	 72	  5	   -0.877418	     5.56224	    0.508181	 1	[(72, 90)]
 91	 72	  7	   -0.877418	     5.62423	    0.520322	 1	[(72, 91)]
 92	 72	  9	   -0.877418	     5.82594	    0.496389	 1	[(72, 92)]
 93	 72	 11	   -0.877418	     9.11724	     5.57788	 1	[(72, 93)]
 94	 72	 13	   -0.877418	     9.58505	     6.92026	 1	[(72, 94)]
 95	 33	 55	   -0.877418	     9.89523	     24.9379	 2	[(33, 95)]
 96	 33	 56	   -0.877418	     9.19102	     27.4631	 2	[(33, 96)]
 97	 33	 57	   -0.877418	     8.94404	     30.0185	 2	[(33, 97)]
 98	 33	 58	   -0.877418	     8.25174	     32.9435	 2	[(33, 98)]
 99	 33	 59	   -0.877418	     6.89067	     34.1164	 2	[(33, 99)]
100	 33	 60	   -0.877418	     1.21731	     35.4424	 2	[(33, 100)]
101	 33	 62	   -0.877418	     2.25028	     36.6354	 2	[(33, 101)]
102	 33	 63	   -0.877418	     1.00334	     38.4542	 2	[(33, 102)]
103	 33	 64	   -0.877418	     1.58948	     38.8637	 2	[(33, 103)]
104	 33	 65	   -0.877418	    0.549032	     39.9495	 2	[(33, 104)]
105	 33	 66	   -0.889311	   -0.889311	     41.1047	 2	[(33, 105)]
106	  0	 99	     -2.8266	     -2.8266	     63.8739	 4	[(0, 106)]
107	 33	 68	    -4.11796	    -4.11796	     43.2503	 2	[(33, 107)]
108	 33	 69	    -5.85554	    -5.85554	      44.258	 2	[(33, 108)]
109	 33	 70	    -7.17216	    -7.17216	      45.279	 2	[(33, 109)]
110	 33	 71	    -7.17216	    -6.56604	     45.7351	 2	[(33, 110)]
111	 33	 71	    -7.17216	    -6.56604	     45.7351	 2	[(33, 111)]
112	 33	 72	    -7.70638	    -7.70638	     46.5641	 2	[(33, 112)]
113	 33	 73	    -9.36963	    -9.36963	     47.8769	 2	[(33, 113)]
114	 33	 74	    -10.9187	    -10.9187	     48.9396	 2	[(33, 114)]
115	 33	 75	     -13.242	     -13.242	     50.2062	 2	[(33, 115)]
116	 33	 76	     -13.242	    -12.8406	     50.7436	 2	[(33, 116)]
117	 33	 76	     -13.242	    -12.8406	     50.7436	 2	[(33, 117)]
118	 33	 77	     -13.242	    -13.0064	     50.8965	 2	[(33, 118)]
119	 33	 77	     -13.242	    -13.0064	     50.8965	 2	[(33, 119)]
120	 33	 79	     -13.242	    -12.2584	     50.7007	 2	[(33, 120)]
121	 33	 80	     -13.242	      -12.27	     50.7474	 2	[(33, 121)]
122	 33	 82	     -13.242	    -12.1489	     50.5777	 2	[(33, 122)]
123	 33	 83	     -13.242	    -12.1595	     50.5856	 2	[(33, 123)]
124	 33	 84	     -13.242	    -12.1719	      50.598	 2	[(33, 124)]
125	 33	 85	     -13.242	    -12.2511	     50.6787	 2	[(33, 125)]
126	 33	 86	     -13.242	    -12.2361	     50.6668	 2	[(33, 126)]
127	 33	 87	     -13.242	    -8.79053	     55.2745	 2	[(33, 127)]
128	 33	 88	     -13.242	    -7.11796	     58.7621	 2	[(33, 128)]
129	 33	 89	     -13.242	    -8.10042	     60.5751	 2	[(33, 129)]
130	 33	 90	     -13.242	    -8.87193	     61.6614	 2	[(33, 130)]
131	 33	 91	     -13.242	     -9.5436	     62.5878	 2	[(33, 131)]
132	 33	 92	    -13.9118	    -13.9118	     64.0848	 2	[(33, 132)]
133	 33	 93	    -13.9118	    -5.25148	     64.5113	 3	[(33, 133)]
134	 33	 94	    -13.9118	    -5.97124	     65.4749	 3	[(33, 134)]
135	 33	 95	    -13.9118	    -7.77344	     66.6804	 3	[(33, 135)]
136	 33	 96	    -13.9118	    -7.82319	      67.721	 3	[(33, 136)]
137	 33	 97	    -13.9118	     -7.9936	     68.5934	 3	[(33, 137)]
138	 33	 98	    -13.9118	    -8.23291	     69.4627	 3	[(33, 138)]
139	 33	 99	    -13.9118	    -8.27269	     70.3787	 3	[(33, 139)]
140	 33	100	    -13.9118	    -8.35303	     71.3443	 3	[(33, 140)]
141	 33	101	    -13.9118	    -8.38471	     72.2597	 3	[(33, 141)]
142	 33	102	    -13.9118	    -8.19419	     72.9486	 3	[(33, 142)]
143	 33	103	    -13.9118	     -8.1587	      73.886	 3	[(33, 143)]
144	 33	104	    -13.9118	    -8.22229	     75.0726	 3	[(33, 144)]
145	 33	105	    -13.9118	    -8.23732	     76.2015	 3	[(33, 145)]
146	 33	106	    -13.9118	    -9.52943	      77.669	 3	[(33, 146)]
147	 33	107	    -13.9118	    -8.78851	     77.8285	 3	[(33, 147)]
148	 33	107	    -13.9118	    -8.78851	     77.8285	 3	[(33, 148)]
149	 33	108	    -13.9118	    -8.93316	     77.9643	 3	[(33, 149)]
150	 33	108	    -13.9118	    -8.93316	     77.9643	 3	[(33, 150)]
151	 33	108	    -13.9118	    -8.93316	     77.9643	 3	[(33, 151)]
152	 33	108	    -13.9118	    -8.93316	     77.9643	 3	[(33, 152)]
153	 33	110	    -13.9118	    -9.05708	     78.1009	 3	[(33, 153)]
154	 33	110	    -13.9118	    -9.05708	     78.1009	 3	[(33, 154)]
155	 33	112	    -13.9118	    -8.63852	     77.7876	 3	[(33, 155)]
156	 33	112	    -13.9118	    -8.63852	     77.7876	 3	[(33, 156)]
157	 33	112	    -13.9118	    -8.63852	     77.7876	 3	[(33, 157)]
158	 33	112	    -13.9118	    -8.63852	     77.7876	 3	[(33, 158)]
159	 33	112	    -13.9118	    -8.63852	     77.7876	 3	[(33, 159)]
160	 33	112	    -13.9118	    -8.63852	     77.7876	 3	[(33, 160)]
161	 33	112	    -13.9118	    -8.63852	     77.7876	 3	[(33, 161)]
162	 33	114	    -13.9118	    -8.89445	     78.0297	 3	[(33, 162)]
163	 33	114	    -13.9118	    -8.89445	     78.0297	 3	[(33, 163)]
164	 33	116	    -13.9118	     -9.0184	     78.1563	 3	[(33, 164)]
165	 33	116	    -13.9118	     -9.0184	     78.1563	 3	[(33, 165)]
166	 33	117	    -13.9118	    -9.26227	     78.3742	 3	[(33, 166)]
167	 33	118	    -13.9118	    -9.26929	      78.526	 3	[(33, 167)]
168	 33	120	    -13.9118	    -7.03961	     82.1034	 3	[(33, 168)]
169	 33	121	    -13.9118	    0.685007	     83.4864	 4	[(33, 169)]
170	 33	122	    -13.9118	     1.27488	     83.2742	 4	[(33, 170)]
171	 33	122	    -13.9118	     1.27488	     83.2742	 4	[(33, 171)]
172	 33	123	    -13.9118	     3.32585	     84.1887	 5	[(33, 172)]
173	169	124	    -13.9118	    -4.78527	     82.3965	 4	[(33, 168), (169, 173)]
174	 33	127	    -13.9118	     1.41584	     83.5786	 4	[(33, 174)]
175	 33	128	    -13.9118	     3.35438	     88.6554	 4	[(33, 175)]
176	 33	129	    -13.9118	     3.26512	     89.8455	 4	[(33, 176)]
177	 33	130	    -13.9118	     2.44433	      91.471	 4	[(33, 177)]
178	 33	132	    -13.9118	     2.40374	     92.2968	 4	[(33, 178)]
179	169	131	    -13.9118	    -2.04724	     89.5598	 3	[(33, 168), (169, 179)]
180	169	132	    -13.9118	    -1.94146	     89.4072	 3	[(33, 168), (169, 180)]
181	169	133	    -13.9118	    -1.93299	     89.3833	 3	[(33, 168), (169, 181)]
182	169	134	    -13.9118	    -1.97084	     89.3948	 3	[(33, 168), (169, 182)]
183	169	134	    -13.9118	    -1.97084	     89.3948	 3	[(33, 168), (169, 183)]
184	169	134	    -13.9118	    -1.97084	     89.3948	 3	[(33, 168), (169, 184)]
185	169	134	    -13.9118	    -1.97084	     89.3948	 3	[(33, 168), (169, 185)]
186	169	134	    -13.9118	    -1.97084	     89.3948	 3	[(33, 168), (169, 186)]
187	169	134	    -13.9118	    -1.97084	     89.3948	 3	[(33, 168), (169, 187)]
188	169	134	    -13.9118	    -1.97084	     89.3948	 3	[(33, 168), (169, 188)]
189	169	134	    -13.9118	    -1.97084	     89.3948	 3	[(33, 168), (169, 189)]
190	169	134	    -13.9118	    -1.97084	     89.3948	 3	[(33, 168), (169, 190)]
191	188	122	    -13.9118	    -3.33655	     82.4304	 4	[(33, 168), (188, 191)]
192	188	124	    -13.9118	      -4.793	     82.4014	 4	[(33, 168), (188, 192)]
193	188	126	    -13.9118	    -2.64137	     87.3036	 3	[(33, 168), (188, 193)]
194	188	127	    -13.9118	    -2.65505	     87.8293	 3	[(33, 168), (188, 194)]
195	188	128	    -13.9118	    -2.60472	     88.3663	 3	[(33, 168), (188, 195)]
196	188	129	    -13.9118	    -2.78017	     89.6409	 3	[(33, 168), (188, 196)]
197	188	130	    -13.9118	    -2.98491	      90.824	 3	[(33, 168), (188, 197)]
198	188	131	    -13.9118	     -4.7722	     92.1901	 3	[(33, 168), (188, 198)]
199	188	132	    -13.9118	    -5.09812	     93.0372	 3	[(33, 168), (188, 199)]
200	188	133	    -13.9118	    -4.96867	     93.6713	 3	[(33, 168), (188, 200)]
201	188	134	    -13.9118	    -4.58698	     93.7543	 3	[(33, 168), (188, 201)]
202	188	135	    -13.9118	    -4.36429	     93.3551	 3	[(33, 168), (188, 202)]
203	 33	161	    -13.9118	      2.4207	     123.029	 6	[(33, 203)]
204	 33	162	    -13.9118	    0.832056	     124.056	 6	[(33, 204)]
205	 33	163	    -13.9118	    -1.32773	      125.22	 6	[(33, 205)]
206	 33	165	    -13.9118	    -4.23359	     127.559	 5	[(33, 206)]
207	 33	166	    -13.9118	    -4.32143	     128.358	 5	[(33, 207)]
208	 33	167	    -13.9118	    -3.66904	     128.494	 5	[(33, 208)]
209	 33	168	    -13.9118	    -3.50422	     128.436	 5	[(33, 209)]
210	 33	168	    -13.9118	    -3.50422	     128.436	 5	[(33, 210)]
211	 33	168	    -13.9118	    -3.50422	     128.436	 5	[(33, 211)]
212	 33	169	    -13.9118	      1.5307	     128.633	 6	[(33, 212)]
213	 33	169	    -13.9118	      1.5307	     128.633	 6	[(33, 213)]
214	 33	171	    -13.9118	    -3.81343	     128.799	 5	[(33, 214)]
215	211	  4	    -13.9118	     2.24627	    0.310883	 1	[(211, 215)]
216	 33	174	    -13.9118	     2.92632	     133.326	 6	[(33, 216)]
217	 33	175	    -13.9118	     2.44619	     134.971	 6	[(33, 217)]
218	 33	176	    -13.9118	     2.24061	     135.848	 6	[(33, 218)]
219	 33	177	    -13.9118	     1.20774	     137.095	 6	[(33, 219)]
220	 33	178	    -13.9118	    0.610127	     138.105	 6	[(33, 220)]
221	 33	179	    -13.9118	     1.30859	     138.251	 6	[(33, 221)]
222	 33	179	    -13.9118	     1.30859	     138.251	 6	[(33, 222)]
223	211	 12	    -13.9118	     3.51927	     8.74214	 0	[(211, 223)]
224	 33	181	    -13.9118	       3.344	     139.229	 7	[(33, 224)]
225	 33	182	    -13.9118	     1.58147	      140.53	 7	[(33, 225)]
226	 33	183	    -13.9118	    0.241624	      141.62	 7	[(33, 226)]
227	 33	184	    -13.9118	    -1.58859	     142.701	 7	[(33, 227)]
228	 33	185	    -13.9118	     -4.8437	     143.805	 7	[(33, 228)]
229	 33	186	    -13.9118	    -4.22853	      144.24	 7	[(33, 229)]
230	 33	187	    -13.9118	    -3.81825	     144.367	 7	[(33, 230)]
231	 33	188	    -13.9118	    -3.66939	     144.214	 7	[(33, 231)]
232	 33	189	    -13.9118	    -3.63504	     144.159	 7	[(33, 232)]
233	 33	189	    -13.9118	    -3.63504	     144.159	 7	[(33, 233)]
234	 33	189	    -13.9118	    -3.63504	     144.159	 7	[(33, 234)]
235	 33	190	    -13.9118	    0.597691	      144.34	 8	[(33, 235)]
236	 33	192	    -13.9118	    -1.29639	     144.516	 8	[(33, 236)]
237	 33	194	    -13.9118	    -3.73527	     144.269	 7	[(33, 237)]
238	  0	229	    -13.9118	    -1.52282	     164.892	 9	[(0, 238)]
239	 33	196	    -13.9118	    -1.03399	     150.386	 7	[(33, 239)]
240	 33	197	    -13.9118	    -1.07334	     150.465	 7	[(33, 240)]
241	 33	198	    -13.9118	    -1.06636	     151.997	 7	[(33, 241)]
242	 33	199	    -13.9118	    -6.40991	     154.172	 7	[(33, 242)]
243	 33	200	    -13.9118	    -8.73037	     155.306	 7	[(33, 243)]
244	 33	202	    -13.9118	    -10.3016	     156.656	 6	[(33, 244)]
245	 33	202	    -13.9118	    -10.3016	     156.656	 6	[(33, 245)]
246	 33	202	    -13.9118	    -10.3016	     156.656	 6	[(33, 246)]
247	 33	203	    -13.9118	    -9.27123	     157.723	 7	[(33, 247)]
248	 33	204	    -13.9118	    -10.8536	      158.82	 7	[(33, 248)]
249	 33	205	    -13.9118	    -12.5748	     159.859	 7	[(33, 249)]
250	 33	206	    -15.5564	    -15.5564	     161.324	 7	[(33, 250)]
251	 33	207	    -16.1216	    -16.1216	     163.601	 7	[(33, 251)]
252	 33	208	    -16.1216	      -15.45	     164.146	 7	[(33, 252)]
253	 33	208	    -16.1216	      -15.45	     164.146	 7	[(33, 253)]
254	 33	208	    -16.1216	      -15.45	     164.146	 7	[(33, 254)]
255	 33	208	    -16.1216	      -15.45	     164.146	 7	[(33, 255)]
256	 33	208	    -16.1216	      -15.45	     164.146	 7	[(33, 256)]
257	 33	208	    -16.1216	      -15.45	     164.146	 7	[(33, 257)]
258	 33	208	    -16.1216	      -15.45	     164.146	 7	[(33, 258)]
259	 33	208	    -16.1216	      -15.45	     164.146	 7	[(33, 259)]
260	 33	208	    -16.1216	      -15.45	     164.146	 7	[(33, 260)]
261	 33	208	    -16.1216	      -15.45	     164.146	 7	[(33, 261)]
262	 33	208	    -16.1216	      -15.45	     164.146	 7	[(33, 262)]
263	 33	208	    -16.1216	      -15.45	     164.146	 7	[(33, 263)]
264	 33	208	    -16.1216	      -15.45	     164.146	 7	[(33, 264)]
265	 33	208	    -16.1216	      -15.45	     164.146	 7	[(33, 265)]
266	 33	208	    -16.1216	      -15.45	     164.146	 7	[(33, 266)]
267	 33	208	    -16.1216	      -15.45	     164.146	 7	[(33, 267)]
268	 33	208	    -16.1216	      -15.45	     164.146	 7	[(33, 268)]
269	 33	209	    -16.1216	    -8.18386	     164.322	 8	[(33, 269)]
270	 33	209	    -16.1216	    -8.18386	     164.322	 8	[(33, 270)]
271	 33	209	    -16.1216	    -8.18386	     164.322	 8	[(33, 271)]
272	 33	211	    -16.1216	    -4.41504	     164.644	 9	[(33, 272)]
273	 33	213	    -16.1216	     -5.7904	     164.522	 9	[(33, 273)]
274	 33	215	    -16.1216	     -8.2743	     164.342	 8	[(33, 274)]
275	 33	216	    -16.1216	    -8.29478	     164.365	 8	[(33, 275)]
276	 33	217	    -16.1216	    -4.07311	     170.556	 8	[(33, 276)]
277	 33	218	    -16.1216	    -4.32438	     171.695	 8	[(33, 277)]
278	 33	219	    -16.1216	    -4.45864	     172.763	 8	[(33, 278)]
279	 33	222	    -16.1216	    -9.67718	     175.767	 7	[(33, 279)]
280	 33	223	    -16.1216	    -12.5646	     177.113	 7	[(33, 280)]
281	 33	224	    -16.1216	    -15.3954	     178.127	 7	[(33, 281)]
282	 33	225	    -18.1218	    -18.1218	     179.159	 7	[(33, 282)]
283	 33	228	    -20.1329	    -20.1329	     180.898	 7	[(33, 283)]
284	 33	229	    -22.0968	    -22.0968	     182.099	 7	[(33, 284)]
285	 33	230	    -23.1407	    -23.1407	     183.205	 7	[(33, 285)]
286	 33	231	    -23.6997	    -23.6997	     184.096	 7	[(33, 286)]
287	 33	231	    -23.6997	    -23.6997	     184.096	 7	[(33, 287)]
288	 33	232	    -23.8651	    -23.8651	     184.249	 7	[(33, 288)]
289	 33	232	    -23.8651	    -23.8651	     184.249	 7	[(33, 289)]
290	 33	234	    -23.8651	    -22.8227	     184.178	 7	[(33, 290)]
291	 33	235	    -23.8651	    -22.9266	     184.352	 7	[(33, 291)]
292	 33	237	    -23.8651	     -22.706	     184.013	 7	[(33, 292)]
293	 33	237	    -23.8651	     -22.706	     184.013	 7	[(33, 293)]
294	 33	238	    -23.8651	    -16.7899	     184.445	 8	[(33, 294)]
295	 33	239	    -23.8651	    -16.7769	     184.549	 8	[(33, 295)]
296	 33	239	    -23.8651	    -16.7769	     184.549	 8	[(33, 296)]
297	 33	241	    -23.8651	    -14.5078	     184.324	 9	[(33, 297)]
298	 33	242	    -23.8651	    -13.4826	      188.66	 9	[(33, 298)]
299	 33	244	    -23.8651	    -14.1837	     190.996	 8	[(33, 299)]
300	 33	245	    -23.8651	    -14.2577	     192.297	 8	[(33, 300)]
301	 33	246	    -23.8651	    -14.3431	     193.203	 8	[(33, 301)]
302	 33	247	    -23.8651	    -16.1945	     194.571	 8	[(33, 302)]
303	 33	248	    -23.8651	    -16.8491	     196.301	 8	[(33, 303)]
304	 33	249	    -23.8651	    -17.0355	     197.211	 8	[(33, 304)]
305	 33	250	    -23.8651	    -19.4711	     198.469	 8	[(33, 305)]
306	 33	251	    -23.8651	    -20.6625	     199.552	 8	[(33, 306)]
307	 33	252	    -23.8651	    -22.1818	     200.962	 8	[(33, 307)]
308	 33	253	    -23.8651	    -22.8919	     201.871	 8	[(33, 308)]
309	 33	254	    -23.8651	    -23.0144	     202.632	 8	[(33, 309)]
310	 33	255	    -23.8651	     -23.497	     203.556	 8	[(33, 310)]
311	 33	256	    -23.8651	    -23.3449	     204.155	 8	[(33, 311)]
312	 33	257	    -23.8651	     -23.142	     204.505	 8	[(33, 312)]
313	 33	258	    -23.8651	     -22.938	     203.972	 8	[(33, 313)]
314	 33	259	    -23.8651	    -22.8893	     203.748	 8	[(33, 314)]
315	 33	260	    -23.8651	    -23.0423	     203.888	 8	[(33, 315)]
316	 33	260	    -23.8651	    -23.0423	     203.888	 8	[(33, 316)]
