nresidues = 216
0 24 1.9375
0 25 0.1875
0 42 0.25
0 43 0.0625
0 194 0.125
0 195 0.0625
1 25 1.3125
1 27 0.125
1 39 0.25
1 40 0.125
1 41 1.3125
1 42 1.375
2 16 0.125
2 19 0.8125
2 24 0.375
2 25 0.5625
2 26 1.4375
2 27 1.1875
2 41 0.1875
2 43 1.25
2 45 0.0625
3 26 0.0625
3 28 1.25
3 44 1.25
3 45 0.25
4 7 0.1875
4 12 0.0625
4 15 0.125
4 16 0.0625
4 26 0.125
4 28 0.0625
4 29 1.1875
4 30 0.1875
4 45 1.3125
5 30 1.375
5 44 0.0625
5 45 0.125
5 46 1.625
5 47 0.125
5 48 0.125
5 56 0.1875
6 9 0.0625
6 11 0.664062
6 12 0.0390625
6 30 1.1875
6 47 0.0625
6 48 0.0625
7 12 0.820312
7 13 0.0390625
7 16 0.1875
7 29 0.3125
7 30 0.25
7 31 0.4375
8 13 0.078125
8 31 0.25
9 12 0.742188
9 13 0.15625
10 13 0.664062
10 14 0.0390625
10 183 0.3125
11 14 0.78125
11 15 0.15625
11 47 0.3125
11 183 0.125
11 186 0.125
12 15 0.78125
12 16 0.15625
13 16 0.742188
13 17 0.078125
14 17 0.78125
14 18 0.117188
14 183 0.125
14 184 0.625
14 187 0.1875
15 18 0.742188
15 19 0.234375
15 45 0.0625
15 47 0.125
16 19 0.703125
16 20 0.15625
16 26 0.125
17 20 0.78125
17 21 0.195312
18 21 0.742188
18 22 0.0390625
18 184 0.0625
18 191 0.0625
19 22 0.78125
19 23 0.664062
19 24 0.195312
19 45 0.1875
19 190 0.1875
19 191 0.1875
19 194 0.125
20 23 0.0390625
20 24 0.0390625
22 191 0.0625
24 191 0.125
24 195 0.1875
26 29 0.0625
26 38 0.0625
27 37 1.1875
27 38 1.625
27 39 0.5
27 40 0.1875
27 41 0.125
28 36 1.3125
28 37 0.125
29 34 0.0625
29 35 1.25
29 36 0.3125
30 34 1.1875
30 35 0.0625
30 59 0.0625
31 34 0.1875
37 59 0.0625
37 62 0.25
37 63 0.375
40 63 0.4375
41 63 0.3125
41 65 0.0625
42 65 1.3125
43 66 1.375
43 194 0.0625
44 60 0.125
44 65 0.0625
44 66 0.1875
44 67 1.3125
44 68 0.125
45 68 1.1875
46 56 0.25
46 67 0.0625
46 68 0.125
46 69 1.5
46 70 1.1875
46 71 0.25
47 70 0.125
47 71 0.1875
47 97 0.0625
47 190 0.125
48 52 0.0390625
48 71 0.3125
49 52 0.742188
49 71 0.25
50 53 0.078125
50 54 0.0390625
50 71 0.0625
50 72 0.125
50 73 0.125
50 78 0.375
51 54 0.078125
52 55 0.78125
52 56 0.117188
53 56 0.9375
53 57 0.117188
53 69 0.0625
53 78 0.25
54 57 0.78125
54 58 0.195312
54 81 0.0625
55 58 0.820312
55 59 0.15625
56 59 0.78125
56 60 0.117188
56 67 0.125
57 60 0.78125
57 61 0.15625
57 85 0.0625
58 61 0.78125
58 62 0.078125
59 62 0.78125
59 63 0.15625
60 63 0.703125
60 64 0.78125
60 65 0.15625
60 66 0.0390625
60 67 0.0390625
60 85 0.0625
61 85 0.0625
61 88 0.25
64 89 0.1875
65 89 0.1875
66 90 1.1875
66 197 0.0625
67 82 0.0625
67 85 0.0625
67 91 1.25
67 92 0.125
67 197 0.125
68 92 1.1875
68 97 0.125
68 193 0.1875
68 194 0.0625
68 197 0.0625
69 74 0.0625
69 82 0.125
69 92 0.125
69 93 1.1875
69 94 0.0625
69 97 0.1875
70 94 0.125
70 97 0.0625
71 74 0.25
71 95 0.125
72 95 0.25
73 95 0.125
74 78 0.234375
74 95 0.5
75 78 0.859375
75 79 0.078125
76 79 0.78125
76 80 0.195312
77 80 0.78125
77 81 0.078125
78 81 0.78125
78 82 0.078125
79 82 0.820312
79 83 0.078125
80 83 0.78125
80 84 0.078125
81 84 0.78125
81 85 0.078125
82 85 0.78125
82 86 0.117188
82 91 0.0625
82 93 0.125
83 86 0.898438
83 87 0.0390625
83 204 0.1875
84 87 0.273438
84 88 0.0390625
85 88 0.78125
85 89 0.15625
86 89 0.117188
86 91 0.0625
86 202 1.1875
86 203 0.25
86 204 0.1875
87 202 0.0625
88 202 0.1875
89 202 1.5625
89 203 0.0625
90 197 0.1875
90 200 0.0625
90 201 0.0625
90 202 0.125
90 203 1.25
90 205 0.0625
91 203 0.1875
91 204 1.375
91 205 0.125
92 97 0.0625
92 197 0.125
92 205 0.25
92 210 0.0625
93 97 0.125
94 97 0.25
96 186 0.125
96 207 0.0625
97 185 0.0625
97 186 0.25
97 189 0.1875
97 207 0.5
98 101 0.78125
98 102 0.0390625
98 178 0.125
98 185 0.1875
98 207 0.0625
99 102 0.78125
99 103 0.15625
99 188 0.0625
99 189 0.0625
99 192 0.125
99 207 0.1875
99 211 0.0625
100 103 0.78125
100 104 0.15625
100 178 0.3125
101 104 0.78125
101 105 0.078125
101 137 0.0625
101 178 0.3125
102 105 0.703125
102 207 0.0625
102 208 0.125
102 211 0.1875
103 106 0.703125
103 107 0.078125
103 211 0.0625
103 212 0.0625
104 107 0.9375
104 108 0.15625
104 176 0.0625
104 178 0.0625
105 108 0.703125
105 109 0.078125
105 144 0.125
106 109 0.859375
106 110 0.117188
106 208 0.4375
106 212 0.6875
107 110 0.78125
107 111 0.117188
107 176 0.0625
108 111 0.664062
108 112 0.117188
108 144 1.0625
108 165 0.0625
109 112 0.078125
109 113 0.117188
109 144 0.125
110 113 0.742188
110 114 0.0390625
111 114 0.78125
111 115 0.195312
111 167 0.0625
112 115 0.78125
112 116 0.078125
112 145 0.125
112 147 0.0625
113 116 0.15625
115 118 0.6875
115 174 0.0625
116 147 0.0625
118 167 0.25
118 168 1.5625
118 169 0.4375
118 172 0.25
118 174 0.125
119 166 0.0625
119 167 1.25
119 168 0.3125
120 147 0.0625
120 149 0.125
120 150 0.0625
120 165 0.0625
120 166 1.3125
120 167 0.3125
121 150 1.5
121 152 0.25
121 164 0.0625
121 165 1.25
121 166 0.1875
122 138 0.0625
122 141 0.0625
122 145 0.0625
122 149 0.125
122 150 0.1875
122 151 1.1875
122 152 0.3125
122 164 1.375
123 152 1.1875
123 154 0.0625
123 163 1.25
123 164 0.3125
124 134 0.25
124 135 0.3125
124 138 0.0625
124 151 0.0625
124 152 0.25
124 153 1.6875
124 154 0.25
124 155 0.5
124 162 1.25
124 163 0.125
125 154 1.25
125 155 0.0625
125 156 0.0625
125 159 0.25
125 161 1.1875
125 162 0.1875
126 130 0.375
126 135 0.125
126 154 0.0625
126 155 1.3125
126 156 0.25
126 158 0.0625
126 159 1.3125
126 160 0.0625
126 161 0.125
126 163 0.25
127 130 0.25
127 155 0.125
127 156 1.1875
127 157 1.25
127 158 0.25
127 159 0.25
128 157 0.125
130 135 0.0625
130 155 0.3125
132 155 0.25
133 153 0.125
133 155 0.125
134 139 0.0390625
134 151 0.0625
134 153 0.125
135 138 0.859375
135 139 0.117188
135 163 0.1875
136 139 0.820312
136 140 0.15625
137 140 0.820312
137 141 0.15625
137 163 0.625
138 141 0.820312
138 142 0.078125
138 151 0.125
139 142 0.78125
139 143 0.078125
140 143 0.820312
140 144 0.078125
141 144 0.78125
141 145 0.15625
141 163 0.0625
142 145 0.78125
142 146 0.664062
142 147 0.078125
142 148 0.3125
142 149 0.0390625
143 146 0.0390625
145 167 0.0625
156 159 0.125
159 162 0.0625
160 180 0.125
160 181 0.0625
161 179 1.1875
161 180 0.125
162 178 1.25
162 179 0.1875
163 176 0.0625
163 177 1.1875
163 178 0.125
164 175 0.0625
164 176 1.3125
164 177 0.0625
165 174 0.0625
165 175 1.1875
165 176 0.1875
166 173 0.0625
166 174 1.25
167 173 1.375
167 174 0.375
168 172 1.1875
169 172 0.5
182 185 0.078125
183 186 0.78125
184 187 0.78125
184 188 0.117188
185 188 0.742188
185 189 0.0390625
186 189 0.742188
186 190 0.078125
187 190 0.820312
187 191 0.078125
188 191 0.78125
188 192 0.078125
189 192 0.78125
189 193 0.078125
189 207 0.125
190 193 0.78125
190 194 0.078125
191 194 0.78125
191 195 0.273438
192 195 0.78125
192 196 0.078125
192 210 0.125
193 196 0.78125
193 197 0.117188
193 210 0.0625
194 197 0.78125
194 198 0.0390625
195 198 0.078125
196 200 0.6875
196 205 0.1875
196 209 0.0625
196 210 0.25
197 200 0.3125
197 205 0.0625
200 205 0.1875
201 205 0.375
205 209 0.195312
206 209 0.976562
206 210 0.0390625
207 210 0.820312
207 211 0.273438
208 211 0.820312
208 212 0.195312
209 212 0.703125
209 213 0.820312
