nresidues = 609
3 131 0.0625
3 134 0.0625
3 135 0.125
4 135 0.25
5 135 0.25
5 138 0.1875
6 39 0.0625
6 135 0.375
6 295 0.0625
6 454 0.0625
6 456 0.25
7 456 0.125
7 457 0.1875
7 458 0.1875
7 459 0.0625
8 31 0.0625
8 34 0.0625
8 35 0.125
8 142 0.0625
8 295 0.0625
9 34 0.3125
9 295 0.125
11 31 0.0625
11 34 0.125
12 439 0.1875
12 470 0.5
13 17 0.5
13 308 0.5625
14 17 0.75
14 309 0.0625
16 19 0.3125
16 312 0.0625
16 320 0.375
17 20 0.1875
17 23 0.1875
17 308 0.25
17 309 0.25
17 312 0.5625
18 23 0.1875
18 24 0.125
18 27 0.5
18 148 0.1875
18 308 0.125
19 148 0.125
19 320 1.125
19 321 0.125
20 23 0.820312
20 24 0.078125
20 148 0.0625
20 320 0.25
20 327 0.1875
20 330 0.3125
21 24 0.742188
21 25 0.15625
21 64 0.125
21 97 0.3125
21 98 0.8125
21 101 0.25
21 148 0.125
21 327 0.25
22 25 0.742188
22 26 0.078125
22 60 0.0625
22 327 0.125
22 330 0.1875
22 331 0.0625
23 26 0.78125
23 27 0.078125
23 308 0.375
23 312 0.0625
23 330 0.125
23 334 0.0625
24 27 0.898438
24 28 0.234375
24 143 0.1875
24 146 0.4375
24 147 0.25
24 148 0.25
25 28 0.859375
25 29 0.0390625
25 56 0.0625
25 60 0.0625
25 101 0.0625
25 102 0.125
25 105 0.25
25 106 0.3125
25 143 0.125
25 147 0.0625
26 29 0.742188
26 30 0.15625
26 57 0.4375
26 304 0.1875
26 308 0.4375
26 334 0.3125
27 30 0.820312
27 31 0.234375
27 308 0.25
28 31 0.78125
28 32 0.15625
28 109 0.0625
28 143 0.125
29 32 0.78125
29 33 0.078125
29 56 0.0625
30 33 0.859375
30 34 0.0390625
30 53 0.125
30 301 0.125
30 304 0.125
31 34 1.05469
31 35 0.117188
31 139 0.0625
32 35 0.78125
32 36 0.117188
32 109 0.1875
32 113 0.25
32 136 0.1875
32 139 0.125
33 36 0.703125
33 37 0.273438
33 49 0.125
33 297 0.1875
33 298 0.1875
33 301 0.1875
34 37 0.78125
34 38 0.15625
34 295 0.375
34 296 0.125
34 301 0.625
34 441 0.0625
35 38 0.859375
35 39 0.15625
35 136 0.1875
35 139 0.0625
36 39 0.820312
36 40 0.820312
36 41 0.195312
36 42 0.195312
36 44 0.0390625
36 113 0.0625
36 136 0.1875
37 43 0.0390625
37 44 0.429688
37 292 0.125
37 294 0.0625
37 297 0.125
37 298 0.25
38 294 0.375
38 295 0.0625
38 454 0.0625
39 132 0.375
39 135 0.125
40 128 0.125
41 44 0.125
41 128 0.3125
42 112 0.0625
42 113 0.25
42 128 0.1875
42 136 0.0625
43 48 1.125
43 49 0.125
43 52 0.0625
43 112 0.1875
43 113 0.25
44 221 0.0625
45 48 0.664062
45 49 0.15625
45 221 0.25
45 298 0.1875
46 49 0.898438
46 50 0.078125
46 221 0.125
46 300 0.0625
46 349 0.125
46 406 0.25
47 50 0.78125
47 51 0.078125
47 221 0.1875
47 225 0.1875
47 345 0.0625
47 349 0.5
48 51 0.820312
48 52 0.078125
48 178 0.0625
48 225 0.1875
49 52 0.742188
49 53 0.0390625
49 298 0.1875
49 300 0.125
50 53 0.78125
50 54 0.0390625
50 300 0.125
50 341 0.0625
50 342 0.1875
51 54 0.742188
51 55 0.15625
51 172 0.25
51 174 0.0625
51 225 0.375
51 229 0.375
51 230 0.1875
51 232 0.375
51 342 0.125
51 346 0.0625
52 55 0.78125
52 56 0.078125
52 112 0.0625
52 113 0.0625
53 56 0.78125
53 57 0.15625
53 304 0.0625
53 338 0.3125
53 342 0.0625
54 57 0.742188
54 58 0.078125
54 232 0.125
54 338 0.1875
54 342 0.0625
55 58 0.78125
55 59 0.078125
55 108 0.25
55 112 0.0625
55 169 0.125
55 172 0.125
55 173 0.125
55 232 0.125
56 59 0.78125
56 60 0.195312
56 105 0.125
56 108 0.0625
56 109 0.0625
57 60 0.820312
57 61 0.078125
57 334 0.375
57 335 0.125
57 338 0.125
58 61 0.820312
58 62 0.078125
58 76 0.25
58 168 0.4375
58 172 0.0625
58 232 0.0625
58 339 0.125
59 62 0.703125
59 63 0.078125
59 104 0.125
59 164 0.0625
59 168 0.0625
60 63 0.78125
60 64 0.078125
60 101 0.0625
61 64 0.78125
61 65 0.429688
61 73 0.0625
61 74 0.0625
61 331 0.0625
61 332 0.3125
61 335 0.1875
62 65 0.703125
62 66 0.15625
62 75 0.5625
62 76 0.5
62 77 0.25
62 88 0.25
62 168 0.375
63 66 0.742188
63 67 0.078125
63 100 0.0625
63 104 0.0625
63 160 0.0625
64 67 0.820312
64 68 0.117188
64 97 0.125
64 101 0.0625
64 324 0.5
64 327 0.375
64 328 0.3125
65 68 0.898438
65 69 0.078125
65 70 0.195312
65 73 0.375
65 328 0.1875
65 331 0.125
66 69 0.0390625
66 75 0.0625
66 88 0.0625
66 91 0.0625
66 160 0.1875
67 94 0.0625
67 95 0.25
67 96 0.25
67 97 0.125
67 100 0.0625
70 73 0.625
73 332 1.125
75 88 0.1875
76 168 0.1875
76 232 0.125
76 567 0.125
76 568 0.3125
76 569 0.625
77 81 0.0625
77 86 1.3125
77 88 0.25
77 167 0.0625
77 168 0.3125
78 81 0.375
78 86 0.0625
78 87 1.25
78 88 0.25
79 87 0.25
79 88 0.3125
79 90 0.0625
81 86 0.15625
81 87 0.273438
82 87 0.15625
83 86 0.9375
83 87 0.117188
84 87 0.273438
85 167 0.0625
85 171 0.1875
86 171 0.25
86 572 0.25
87 167 0.125
88 164 0.0625
89 160 0.1875
89 163 0.6875
89 167 0.125
90 160 0.375
91 94 0.1875
91 160 0.1875
94 156 0.0625
94 157 0.3125
95 157 0.125
96 99 0.9375
96 100 0.078125
96 157 0.375
97 100 0.78125
97 101 0.117188
98 101 0.78125
98 102 0.078125
98 148 0.3125
98 149 0.0625
98 321 0.0625
99 102 0.78125
99 103 0.0390625
99 150 0.25
99 151 0.25
99 152 0.25
99 155 0.125
99 157 1.5
99 158 0.25
100 103 0.742188
100 104 0.078125
100 157 0.1875
100 161 0.0625
101 104 0.820312
101 105 0.078125
102 105 0.78125
102 106 0.15625
102 158 0.1875
103 106 0.664062
103 107 0.078125
103 158 0.3125
103 161 1.4375
103 162 0.125
104 107 0.703125
104 108 0.078125
104 161 0.1875
104 165 0.125
105 108 0.78125
105 109 0.15625
106 109 0.703125
106 110 0.15625
106 143 0.0625
106 144 0.125
106 151 0.0625
106 158 0.125
107 110 0.78125
107 111 0.15625
107 162 0.3125
107 165 0.125
107 166 0.25
108 111 0.78125
108 112 0.195312
108 165 0.0625
108 168 0.1875
108 169 0.125
109 112 0.820312
109 113 0.15625
109 140 0.125
110 113 0.742188
110 114 0.234375
110 140 0.0625
111 169 0.6875
112 169 0.125
112 173 0.0625
113 133 0.125
114 133 0.25
114 140 0.0625
115 130 0.1875
115 133 0.8125
116 119 1.0625
116 120 1.375
116 121 0.125
116 133 0.125
119 122 0.117188
120 123 0.664062
120 124 0.78125
120 125 0.0390625
121 124 0.664062
121 125 0.78125
121 126 0.078125
122 126 0.0390625
123 126 0.078125
125 128 0.0625
127 207 0.0625
128 132 0.0390625
128 133 0.273438
128 207 0.0625
129 132 0.820312
129 133 0.117188
129 207 0.1875
129 208 0.3125
130 133 0.820312
130 134 0.078125
130 208 0.4375
131 134 0.898438
131 135 0.234375
132 135 0.78125
132 136 0.117188
133 136 0.78125
133 137 0.0390625
134 137 0.742188
134 138 0.117188
135 138 0.78125
135 139 0.0390625
136 139 0.78125
136 140 0.117188
137 140 0.78125
137 141 0.234375
138 141 0.78125
138 142 0.15625
139 142 0.78125
139 143 0.117188
140 143 0.859375
140 144 0.0390625
141 144 0.78125
141 145 0.0390625
142 145 0.78125
142 146 0.390625
143 146 0.820312
143 147 0.078125
144 147 0.0390625
144 151 0.125
144 153 0.0625
147 150 0.0625
147 151 0.0625
151 158 0.125
152 155 0.375
152 158 0.125
153 158 0.5
153 159 0.0625
155 158 0.859375
155 159 0.15625
156 159 0.820312
156 160 0.078125
157 160 0.78125
157 161 0.0390625
158 161 0.742188
158 162 0.390625
159 162 0.820312
159 163 0.078125
160 163 0.820312
160 164 0.195312
161 164 0.78125
161 165 0.078125
162 165 0.78125
162 166 0.195312
163 166 0.78125
163 167 0.0390625
164 167 0.78125
164 168 0.117188
165 168 0.820312
165 169 0.078125
166 169 0.78125
166 170 0.078125
167 170 0.78125
167 171 0.078125
168 171 0.820312
168 172 0.117188
169 172 0.742188
169 173 0.46875
171 230 0.1875
172 232 0.4375
174 177 0.25
174 225 0.125
174 229 0.3125
176 179 0.1875
176 181 0.0625
177 224 1.0625
177 225 0.1875
178 221 1.0625
178 222 0.25
179 223 0.125
179 224 0.125
180 183 0.125
180 217 0.125
180 218 0.1875
180 219 0.3125
180 220 0.4375
180 223 0.25
180 224 0.125
181 224 0.125
182 224 0.0625
183 192 0.125
183 220 0.5625
183 223 0.25
183 224 0.0625
183 353 0.375
183 356 0.25
185 192 0.0625
185 193 0.1875
185 220 0.4375
186 191 0.5
187 191 0.1875
187 193 0.0625
188 191 0.375
188 358 0.0625
189 256 0.0625
189 358 0.5625
189 367 0.375
189 369 0.0625
190 245 0.3125
190 246 0.0625
190 256 0.25
190 356 0.0625
190 357 1.4375
190 358 0.9375
191 356 1.25
191 357 0.0625
191 358 0.3125
192 220 0.0625
192 353 0.1875
192 356 0.1875
192 357 0.0625
192 358 0.0625
192 395 0.1875
192 396 0.5
192 397 0.1875
194 199 0.1875
194 218 0.125
194 220 0.5
195 198 1.5625
195 199 0.1875
195 361 0.0625
195 392 0.3125
195 393 0.4375
196 199 0.0625
196 361 0.125
196 362 0.0625
197 361 0.0625
198 390 0.25
198 391 0.0625
198 392 0.1875
199 218 0.125
200 216 0.1875
200 217 1.3125
200 218 0.125
201 215 0.0625
201 216 1.25
201 217 0.5
202 214 0.0625
202 215 1.4375
202 216 0.0625
203 214 1.5
203 215 0.5
203 217 0.375
204 209 0.0625
204 213 1.25
204 214 0.125
205 213 0.3125
205 214 0.125
206 209 1.375
207 210 0.0625
209 212 0.25
210 214 0.125
211 214 0.125
219 395 0.3125
220 223 0.0625
220 353 0.125
220 395 1.1875
221 349 0.3125
221 353 0.25
221 395 0.125
221 396 0.0625
222 225 0.125
222 349 0.125
222 353 0.3125
223 353 0.6875
224 227 1.375
224 228 0.3125
225 228 1.25
225 229 0.5
225 346 0.25
226 231 0.25
226 346 0.125
226 349 0.0625
226 350 0.375
227 576 0.125
228 576 0.1875
229 346 0.1875
229 576 0.125
230 346 0.0625
230 575 0.8125
231 234 0.125
231 237 0.5625
231 343 0.3125
231 346 0.1875
231 347 0.25
231 570 0.375
231 575 0.4375
231 576 0.3125
232 339 0.0625
232 342 0.375
232 343 0.5
232 569 1.25
232 570 0.375
233 339 0.0625
233 343 0.1875
233 562 0.1875
233 567 0.0625
233 568 0.25
233 570 0.1875
234 238 0.0625
234 343 0.375
234 347 0.25
234 558 0.0625
234 561 0.5
234 570 0.375
235 561 0.5
235 565 0.1875
235 568 0.4375
235 569 0.1875
235 570 0.0625
235 571 0.1875
235 574 0.1875
236 347 0.0625
236 561 0.25
237 347 0.4375
237 350 0.125
238 347 0.1875
238 350 0.1875
238 554 0.0625
238 561 0.4375
239 350 0.125
239 351 0.25
239 540 0.5
239 543 0.6875
239 547 0.25
239 548 0.125
240 351 0.1875
240 355 0.0625
240 399 0.1875
240 400 0.1875
240 540 0.375
240 547 0.125
240 548 1.5
240 550 0.125
240 554 0.0625
241 249 0.0390625
241 355 0.0625
241 399 0.25
241 537 0.0625
241 538 0.25
241 539 1.25
241 540 0.0625
241 547 0.125
241 548 0.125
241 549 0.0625
242 246 0.0390625
242 247 0.273438
242 248 0.195312
242 249 0.234375
242 355 0.125
242 399 0.0625
242 539 0.25
242 540 0.4375
242 541 0.125
243 246 0.234375
243 249 0.0390625
243 355 0.125
243 357 0.125
243 399 0.4375
244 249 0.78125
244 250 0.0390625
244 252 0.1875
244 255 0.125
244 256 0.0625
244 357 0.125
244 498 0.375
245 249 0.078125
245 250 0.234375
246 249 0.820312
246 250 0.0390625
246 355 0.0625
246 357 0.1875
247 250 0.078125
247 354 0.375
247 355 0.1875
247 541 0.5625
248 251 0.0390625
248 539 0.375
248 540 0.25
248 541 0.0625
249 252 0.46875
249 539 0.125
252 255 0.78125
252 256 0.078125
253 256 0.820312
253 257 0.195312
254 257 0.78125
254 258 0.078125
254 514 0.25
255 258 0.78125
255 259 0.078125
255 497 0.6875
255 498 0.0625
255 503 0.125
255 514 0.125
256 259 0.820312
256 260 0.15625
256 357 0.0625
256 358 0.1875
256 496 0.125
257 260 0.78125
257 261 0.234375
257 369 0.375
257 372 0.125
258 261 1.05469
258 262 0.117188
258 497 0.8125
258 514 0.1875
258 515 0.375
258 516 0.0625
259 262 0.820312
259 263 0.078125
259 496 0.0625
259 497 0.125
259 498 0.0625
260 263 0.78125
260 264 0.15625
260 372 0.0625
260 496 0.125
261 264 0.78125
261 265 0.078125
262 265 0.78125
262 266 0.117188
262 497 0.0625
262 524 0.1875
263 266 0.742188
263 267 0.078125
263 377 0.1875
264 267 0.664062
264 268 0.0390625
264 274 0.1875
264 364 0.1875
264 372 0.0625
264 377 0.375
265 274 0.125
265 275 1.25
265 276 1.3125
266 277 0.4375
266 281 0.1875
266 490 1.25
266 491 0.25
266 523 0.1875
266 524 0.1875
267 277 0.25
267 377 0.1875
267 379 1.25
267 490 0.0625
267 491 0.125
267 492 1.25
267 493 0.1875
268 272 0.0625
268 275 0.3125
268 277 0.25
268 377 0.1875
268 378 1.25
268 379 1.4375
268 380 0.0625
269 272 0.25
269 275 0.25
269 277 0.0625
269 378 0.125
269 379 0.25
270 277 0.0625
272 275 0.3125
272 377 0.125
272 378 0.0625
273 276 0.125
276 521 0.25
276 522 0.125
276 523 0.125
277 281 0.351562
277 282 0.273438
277 380 0.25
277 491 0.3125
278 281 1.05469
278 282 0.117188
279 282 0.820312
279 283 0.0390625
280 283 0.820312
280 284 0.351562
280 473 0.375
281 284 0.898438
281 285 0.0390625
281 491 0.8125
282 285 0.742188
282 286 0.117188
282 380 0.0625
283 286 0.742188
283 287 0.078125
283 443 0.0625
283 471 0.0625
284 287 0.703125
284 288 0.0390625
284 484 0.375
284 488 0.125
284 491 0.25
285 288 0.664062
285 488 0.25
285 492 0.375
286 289 0.078125
286 383 0.125
286 442 0.125
286 443 0.0625
286 492 0.0625
287 302 0.4375
287 438 0.4375
287 439 0.0625
287 440 0.4375
287 443 0.0625
287 473 0.25
287 475 0.1875
288 302 0.1875
288 303 0.125
288 306 0.125
288 403 0.1875
288 475 0.0625
288 481 0.25
288 484 0.625
288 485 0.8125
288 488 0.1875
289 299 0.0625
289 383 0.125
289 403 0.3125
289 442 0.4375
289 489 0.0625
290 296 0.375
290 297 1.4375
290 298 1.4375
290 299 0.1875
290 301 0.1875
290 302 0.9375
290 305 0.25
290 440 0.375
290 441 0.3125
290 442 0.25
291 297 1.1875
291 382 0.1875
291 383 0.0625
291 392 0.125
291 403 0.0625
291 489 0.5
292 297 1.25
293 296 1.25
293 297 0.0625
293 383 0.0625
293 384 0.125
293 385 1.4375
294 386 0.5
294 454 0.1875
295 386 0.1875
295 441 0.0625
295 454 0.0625
295 460 0.0625
296 301 0.375
296 385 0.125
296 442 0.0625
296 447 0.125
298 301 0.742188
299 302 0.78125
299 303 0.46875
299 403 0.25
300 303 0.820312
300 304 0.195312
301 304 0.78125
301 305 0.234375
301 441 0.5625
302 305 0.859375
302 306 0.351562
302 438 0.0625
302 439 0.0625
302 440 0.1875
303 306 0.78125
303 307 0.117188
303 403 0.375
303 406 0.1875
303 485 0.5625
304 307 0.820312
304 308 0.195312
304 334 0.125
304 338 0.5625
305 308 0.742188
305 441 0.125
306 309 0.78125
306 310 0.117188
306 435 0.0625
306 438 0.1875
307 310 0.820312
307 311 0.078125
307 333 0.0625
307 334 0.1875
307 410 0.0625
308 311 0.78125
308 312 0.117188
308 334 0.125
309 312 0.78125
309 313 0.195312
309 436 0.25
309 437 0.1875
309 438 0.125
310 313 0.78125
310 314 0.195312
310 418 0.125
310 433 0.0625
310 435 0.0625
311 314 0.742188
311 315 0.078125
311 330 0.3125
311 333 0.0625
311 418 0.0625
312 315 0.273438
314 418 0.0625
314 421 0.125
314 422 0.3125
314 433 0.125
314 434 0.3125
315 318 0.0625
315 320 0.0625
315 326 0.125
316 325 0.125
316 326 0.0625
316 421 0.3125
317 323 0.25
317 325 0.3125
317 326 0.3125
319 322 0.5
319 323 0.125
319 326 0.1875
320 330 0.125
323 326 1.09375
323 327 0.234375
324 327 1.01562
324 328 0.078125
325 328 0.78125
325 329 0.078125
326 329 0.78125
326 330 0.234375
327 330 0.78125
327 331 0.078125
328 331 0.78125
328 332 0.078125
329 332 0.78125
329 333 0.078125
329 417 0.5
329 421 0.5
330 333 0.78125
330 334 0.15625
331 334 0.664062
331 335 0.078125
332 335 0.78125
332 336 0.234375
332 417 0.1875
332 566 0.125
332 567 0.1875
333 336 0.78125
333 337 0.15625
333 417 0.25
333 418 0.125
334 337 0.742188
334 338 0.15625
335 338 0.703125
335 339 0.117188
336 339 0.742188
336 340 0.078125
336 413 0.375
336 417 0.125
336 567 0.0625
337 340 0.820312
337 341 0.078125
337 410 0.0625
338 341 0.820312
338 342 0.15625
339 342 0.78125
339 343 0.15625
339 567 0.1875
340 343 0.742188
340 344 0.078125
340 409 0.0625
340 413 0.0625
340 562 0.0625
341 344 0.78125
341 345 0.0390625
341 406 0.1875
341 410 0.125
342 345 0.742188
342 346 0.078125
343 346 0.820312
343 347 0.15625
343 558 0.125
343 562 0.0625
344 347 0.703125
344 348 0.15625
344 405 0.1875
344 406 0.0625
344 409 0.0625
344 558 0.0625
345 348 0.78125
345 349 0.15625
345 406 0.125
346 349 0.78125
346 350 0.078125
347 350 0.78125
347 351 0.117188
347 558 0.125
348 351 0.820312
348 352 0.195312
348 400 0.0625
348 405 0.1875
349 352 0.9375
349 353 0.273438
349 396 0.5625
349 402 0.0625
350 353 0.703125
350 354 0.078125
351 354 0.78125
351 355 0.3125
351 399 1.1875
351 400 0.125
351 540 0.1875
352 355 0.742188
352 356 0.0390625
352 359 0.0625
352 396 0.3125
352 397 0.5
352 398 0.0625
352 399 0.125
352 400 0.3125
352 401 0.1875
352 402 0.0625
352 495 0.0625
353 356 0.117188
353 396 0.125
353 397 0.5625
355 399 0.1875
355 540 0.0625
356 397 0.1875
357 397 1.25
357 398 0.125
357 399 0.0625
357 496 0.25
357 498 0.1875
358 362 0.0390625
358 363 0.15625
358 366 0.125
358 398 0.125
358 496 0.375
359 362 0.78125
359 363 0.0390625
359 393 0.25
359 394 0.125
359 396 0.375
359 397 0.3125
359 398 0.1875
359 494 0.375
359 495 0.5625
359 496 0.375
360 363 0.78125
360 364 0.117188
360 377 0.1875
360 393 0.4375
360 493 0.125
360 494 0.3125
360 495 0.3125
360 496 0.625
361 364 0.703125
361 365 0.234375
361 377 0.1875
361 393 0.1875
362 365 0.78125
362 366 0.15625
363 366 0.703125
363 367 0.078125
363 496 0.125
364 367 0.0390625
364 373 1.3125
364 374 1.375
364 377 0.4375
365 374 1.3125
365 375 0.625
365 376 0.375
365 377 0.3125
365 378 0.0625
367 372 0.1875
367 373 0.0625
369 372 2.25
369 373 0.0625
374 377 0.5625
379 393 0.0625
379 492 1.125
379 493 0.0625
380 391 0.125
380 491 0.125
380 492 1.4375
381 392 1.25
381 492 0.3125
381 494 0.0625
382 391 1.25
382 392 0.5
383 392 0.0625
383 442 0.0625
383 468 0.0625
384 387 0.3125
384 389 0.25
384 390 0.0625
384 449 0.0625
385 442 0.3125
385 448 1.25
385 468 0.5
386 447 0.625
386 448 0.125
386 450 0.25
386 454 0.125
386 460 0.25
387 449 1.25
387 450 0.3125
388 450 0.125
388 451 0.0625
388 452 0.625
388 453 0.5
393 493 0.1875
393 494 0.25
394 489 0.0625
398 401 0.0625
398 495 0.4375
398 496 0.0625
398 499 0.625
399 498 0.125
399 499 0.25
399 549 0.3125
400 405 0.0390625
400 499 1.375
400 550 0.125
400 551 0.0625
401 404 0.859375
401 405 0.15625
401 489 0.0625
401 495 0.625
401 499 0.125
402 405 0.78125
402 406 0.234375
403 406 0.78125
403 407 0.0390625
403 485 0.25
403 489 1
404 407 0.78125
404 408 0.0390625
404 500 0.125
404 551 1.6875
404 552 0.1875
405 408 0.742188
405 409 0.078125
405 551 0.4375
405 554 0.1875
405 555 0.125
406 409 0.78125
406 410 0.117188
406 485 0.0625
407 410 0.703125
407 411 0.234375
407 482 0.0625
407 485 0.0625
408 411 0.664062
408 412 0.078125
408 482 0.125
408 552 0.0625
408 555 1.625
408 556 0.0625
409 412 0.703125
409 413 0.078125
409 555 0.25
409 559 0.1875
410 413 0.78125
410 414 0.117188
411 414 0.78125
411 415 0.15625
411 478 0.125
411 481 0.1875
411 482 0.25
412 415 0.976562
412 416 0.195312
412 427 0.0625
412 556 0.25
412 559 0.1875
412 560 0.3125
413 416 0.78125
413 417 0.078125
413 559 0.0625
413 562 0.125
413 563 0.125
414 417 0.78125
414 418 0.195312
414 433 0.0625
415 418 0.742188
415 419 0.078125
415 425 0.125
415 427 0.25
415 428 0.1875
415 429 0.3125
415 430 0.1875
415 431 0.5
415 433 0.0625
415 478 0.125
415 479 0.5
416 560 0.5
416 563 0.875
416 564 0.25
417 421 0.0625
418 421 1.375
418 422 0.1875
418 425 0.25
418 433 0.0625
419 423 1.25
419 424 0.25
419 425 1.4375
419 427 0.0625
420 423 1.1875
422 425 0.0625
422 432 0.5625
422 433 0.125
423 432 0.1875
425 429 0.0625
425 430 0.125
425 431 0.6875
425 432 0.1875
425 433 0.1875
426 429 0.75
428 479 0.125
428 533 0.0625
429 533 0.0625
430 479 0.25
430 529 0.0625
430 530 0.1875
430 533 0.25
431 477 0.6875
431 478 0.5
431 479 0.125
432 476 1.25
432 477 0.0625
433 476 1.3125
433 477 1.25
434 474 0.0625
434 475 1.25
434 476 0.3125
435 438 0.125
435 474 1.5625
435 475 0.1875
436 473 1.1875
436 474 0.1875
437 472 0.125
437 473 1.1875
438 471 0.0625
438 472 1.25
438 473 0.375
439 443 0.0625
439 444 0.0625
439 470 0.25
439 471 0.0625
439 472 0.125
440 443 1.25
440 444 0.125
441 444 0.3125
441 447 0.375
442 468 0.625
443 468 1.125
443 469 1.375
443 470 1.25
443 471 0.125
444 447 0.3125
444 468 1.1875
444 469 0.125
444 470 0.75
445 467 0.25
445 468 0.125
445 469 0.0625
445 470 0.0625
446 460 0.0625
447 467 1.25
447 468 0.1875
448 460 0.25
448 461 0.375
448 463 0.3125
448 466 1.3125
448 467 0.125
449 465 1.25
449 468 0.5625
450 453 0.0625
450 454 0.125
450 463 0.1875
450 464 1.3125
450 465 0.0625
451 464 0.125
451 465 0.0625
451 466 0.0625
452 463 0.0625
452 464 0.5625
454 463 0.5
455 458 0.3125
455 463 0.5
458 463 0.125
459 462 1.375
459 463 0.25
460 463 0.3125
473 484 0.5
475 480 0.3125
475 481 0.15625
475 484 0.25
476 480 0.15625
477 480 0.820312
477 481 0.117188
478 481 0.859375
478 482 0.078125
479 482 0.78125
479 483 0.078125
479 529 0.25
479 532 0.25
479 534 0.25
480 483 0.78125
480 484 0.078125
480 529 0.0625
481 484 0.703125
481 485 0.078125
482 485 0.742188
482 486 0.0390625
482 552 0.125
482 556 0.125
483 486 0.78125
483 487 0.3125
483 506 0.0625
483 526 0.125
483 529 0.125
483 532 0.1875
483 534 0.1875
484 487 0.820312
484 488 0.117188
485 488 0.117188
486 489 0.078125
486 500 0.0625
486 552 0.0625
487 490 0.820312
487 491 0.195312
487 526 0.0625
488 491 0.78125
488 492 0.117188
489 492 0.78125
489 493 0.742188
489 494 0.9375
489 495 0.195312
490 493 0.0390625
490 495 0.0390625
490 497 0.0625
491 526 0.25
495 499 0.75
496 499 1.75
497 500 1.25
497 501 1.25
497 503 0.125
497 507 0.125
497 514 0.0625
497 516 0.25
498 501 0.1875
498 549 1.125
498 550 0.0625
499 550 1.3125
499 551 0.0625
500 550 1.3125
500 551 1.1875
500 552 0.1875
500 553 0.0625
501 534 0.125
501 549 1.1875
502 505 1.375
502 506 0.0625
502 536 0.1875
503 506 1.25
503 507 0.25
503 516 0.4375
504 507 0.0625
504 513 0.0625
504 514 0.0625
504 516 0.4375
504 527 0.125
504 536 0.1875
505 527 0.4375
505 532 0.1875
505 533 0.25
505 534 0.375
505 535 0.375
505 536 0.4375
506 526 1.375
506 527 0.375
506 534 0.0625
507 516 0.5
507 524 0.0625
507 525 1.125
507 526 0.125
507 527 0.3125
508 516 1.5625
508 517 0.25
508 525 0.1875
508 526 0.1875
508 527 0.125
509 515 1.0625
509 516 0.0625
510 515 0.25
510 516 0.25
510 517 0.125
512 515 0.4375
517 524 1.1875
517 525 0.125
518 522 0.25
518 523 1.5
518 525 0.1875
519 522 0.3125
519 523 0.5625
527 532 0.125
528 531 1.375
528 532 0.125
529 532 0.125
530 533 0.25
534 552 0.3125
534 556 0.0625
536 549 0.125
537 546 0.125
537 547 1.4375
537 549 0.25
538 546 1.375
538 547 0.375
539 545 0.0625
539 546 0.0625
540 543 0.375
540 547 0.6875
543 547 0.3125
544 547 0.125
548 553 0.0390625
548 557 0.0625
549 553 0.078125
550 553 0.742188
550 554 0.0390625
551 554 0.78125
551 555 0.0390625
552 555 0.742188
552 556 0.195312
553 556 0.78125
553 557 0.15625
554 557 0.78125
554 558 0.15625
555 558 0.78125
555 559 0.078125
556 559 0.78125
556 560 0.195312
557 560 0.78125
557 561 0.078125
558 561 0.78125
558 562 0.195312
559 562 0.78125
559 563 0.078125
560 563 0.820312
560 564 0.273438
561 564 0.78125
561 565 0.195312
562 565 0.78125
562 566 0.742188
562 567 0.078125
563 566 0.0390625
565 568 0.1875
570 574 0.125
570 575 0.25
571 574 1.5
571 575 0.0625
572 575 0.25
