nresidues = 787
42 755 2.90549
42 756 0.138357
43 755 0.553428
43 756 2.90549
44 327 0.138357
44 755 1.38357
44 756 0.553428
44 757 0.276714
45 327 0.138357
45 328 0.415071
46 328 2.35207
47 328 0.691785
49 330 1.52193
50 333 2.90549
51 334 3.32057
52 333 0.276714
52 334 3.18221
52 335 0.553428
52 340 0.276714
52 342 0.276714
53 335 0.691785
54 335 0.276714
54 338 0.138357
54 340 0.691785
54 349 0.276714
55 340 0.968498
55 349 0.276714
56 110 1.52193
56 111 0.138357
56 349 0.830141
57 110 0.553428
57 338 0.691785
58 61 0.691785
58 338 0.830141
58 349 0.415071
58 350 0.276714
59 102 0.276714
59 107 0.276714
59 110 0.138357
59 117 0.138357
60 101 0.138357
60 111 0.415071
60 349 0.276714
60 351 0.415071
60 361 3.59728
60 372 0.415071
61 99 0.553428
61 120 0.553428
62 99 0.415071
62 120 0.415071
62 352 0.138357
62 424 0.553428
63 67 0.605313
63 68 0.0864731
63 97 0.276714
63 98 0.830141
63 99 0.415071
63 120 0.276714
63 122 0.138357
63 424 0.138357
63 431 0.138357
64 67 1.90241
64 68 0.25942
64 431 0.276714
65 68 1.72946
65 69 0.172946
65 431 0.553428
65 775 0.415071
65 777 0.968498
66 69 1.72946
66 70 0.25942
67 70 1.72946
67 71 0.25942
67 120 1.38357
68 71 1.72946
68 72 0.172946
68 426 0.415071
69 72 1.72946
69 73 0.864731
69 777 0.968498
70 73 1.72946
70 74 0.172946
70 145 0.830141
70 146 0.553428
71 74 1.72946
71 75 0.345892
71 97 0.415071
71 124 0.138357
71 144 0.138357
72 75 1.72946
72 76 0.432364
72 97 0.138357
72 777 0.553428
73 76 1.72946
73 77 0.25942
74 77 2.07535
74 78 0.432364
74 141 0.138357
74 150 0.138357
74 152 0.138357
75 78 1.72946
75 79 0.432364
75 81 0.276714
75 94 0.138357
76 79 0.172946
76 81 1.10686
78 152 0.415071
79 128 0.276714
79 139 0.138357
79 152 0.138357
80 92 0.415071
81 92 2.62878
82 86 0.553428
82 87 0.138357
82 91 0.276714
82 92 0.553428
82 93 0.276714
83 86 3.18221
83 87 0.276714
83 429 0.553428
84 87 0.276714
84 94 0.138357
84 176 0.138357
84 428 0.553428
84 429 0.553428
87 91 0.830141
87 93 0.138357
87 176 0.138357
88 91 0.691785
88 93 0.138357
88 176 0.276714
89 127 0.691785
89 129 0.138357
89 168 1.24521
89 176 0.415071
89 177 0.276714
89 180 0.276714
89 257 0.691785
89 259 0.138357
89 262 0.138357
90 129 3.32057
90 130 0.138357
90 257 1.79864
91 127 0.276714
91 128 2.62878
91 129 0.276714
92 127 2.76714
92 128 0.830141
92 129 0.415071
92 130 1.10686
93 126 2.76714
93 127 1.66028
93 174 0.691785
93 176 0.553428
94 97 0.138357
94 125 2.62878
94 428 0.138357
95 125 2.90549
95 126 0.138357
95 127 0.138357
95 136 0.415071
95 172 0.138357
95 427 2.76714
96 124 2.90549
96 125 0.415071
96 172 1.10686
96 354 1.10686
96 426 0.276714
96 427 0.691785
96 656 0.138357
96 657 0.138357
97 123 2.62878
97 426 0.691785
98 122 2.90549
98 123 1.52193
98 353 0.138357
99 120 0.553428
99 121 2.76714
99 122 0.138357
100 121 0.415071
100 122 0.138357
100 140 0.138357
101 351 0.138357
101 361 0.830141
102 106 0.518838
102 118 0.415071
103 106 1.72946
103 107 0.172946
103 648 2.49042
104 107 1.81593
104 108 0.345892
104 372 0.830141
104 536 0.691785
104 538 0.553428
104 646 0.830141
104 648 0.276714
104 682 0.691785
105 108 1.72946
105 109 0.345892
106 109 1.72946
106 110 0.172946
106 118 0.553428
106 119 0.138357
107 110 1.72946
107 111 0.345892
107 372 0.138357
108 111 1.81593
108 112 1.72946
108 369 0.553428
108 372 0.138357
108 542 0.138357
109 112 1.55652
109 113 1.81593
109 114 1.64299
109 115 0.25942
110 114 0.0864731
110 115 0.25942
110 116 0.345892
110 117 0.345892
111 362 0.138357
111 369 0.276714
112 369 1.10686
120 143 2.90549
120 144 0.553428
121 140 0.553428
121 141 2.62878
121 142 0.415071
121 143 0.138357
122 139 0.138357
122 140 2.62878
122 141 0.553428
123 138 0.691785
123 139 2.62878
123 155 0.276714
123 158 0.415071
124 137 0.138357
124 138 2.90549
124 139 1.24521
124 141 0.138357
125 137 2.62878
126 136 2.76714
126 137 0.415071
127 134 0.276714
127 135 3.18221
127 136 0.968498
127 168 0.276714
127 257 0.276714
128 134 2.62878
128 135 0.968498
129 257 0.691785
131 257 0.415071
132 257 0.415071
133 257 1.10686
134 167 2.35207
134 168 0.415071
134 257 0.138357
135 165 0.968498
135 166 2.76714
136 164 0.138357
136 165 2.76714
136 166 0.553428
136 171 0.276714
136 172 0.138357
136 174 0.276714
137 154 0.276714
137 164 3.73564
137 165 1.24521
138 154 2.76714
138 155 0.830141
138 158 0.553428
138 159 0.553428
138 164 0.276714
138 657 0.276714
139 153 3.04385
139 154 0.138357
139 155 0.415071
140 151 0.138357
140 152 2.62878
140 153 0.415071
141 150 0.138357
141 151 2.62878
142 150 3.32057
142 151 0.415071
143 149 0.138357
143 150 0.553428
145 150 0.138357
146 150 0.553428
147 150 0.830141
154 164 0.276714
155 158 0.830141
155 164 0.415071
156 159 0.553428
156 162 0.138357
156 163 0.415071
157 648 0.276714
157 649 0.553428
158 649 0.415071
158 651 0.138357
158 667 0.138357
159 162 0.138357
159 163 0.415071
159 666 3.59728
160 666 2.76714
160 667 0.415071
160 668 0.553428
160 671 0.276714
160 672 0.138357
161 664 0.830141
161 665 0.691785
161 666 0.830141
163 664 0.415071
166 170 0.553428
166 171 0.276714
166 657 0.415071
167 170 2.90549
167 171 0.138357
168 171 0.138357
168 177 1.38357
168 256 0.276714
168 257 0.830141
169 219 0.415071
169 226 0.830141
169 255 0.553428
169 256 0.138357
170 219 0.415071
170 660 0.691785
170 661 0.415071
171 660 0.415071
172 399 0.415071
172 656 0.138357
172 657 0.138357
172 660 0.138357
173 178 0.172946
173 181 0.276714
173 217 0.138357
174 177 1.81593
174 178 0.25942
174 428 0.691785
175 178 1.72946
175 179 0.172946
175 428 1.66028
175 432 0.138357
176 179 1.72946
176 180 0.172946
177 180 1.72946
177 181 0.432364
177 217 0.138357
177 254 0.138357
178 181 1.72946
178 182 0.172946
179 182 1.72946
179 183 0.172946
180 183 1.72946
180 184 0.172946
181 184 1.72946
181 185 0.25942
181 213 0.415071
181 217 0.691785
181 228 0.276714
181 254 0.276714
182 185 1.72946
182 186 0.172946
183 186 1.72946
183 187 0.172946
184 187 1.72946
184 188 0.518838
184 252 0.553428
184 262 0.968498
184 263 0.276714
185 188 1.81593
185 189 0.345892
185 213 0.138357
185 250 0.415071
185 252 0.138357
186 189 1.47004
186 190 0.25942
186 206 0.830141
187 191 0.0864731
188 191 0.172946
188 194 0.172946
188 264 0.415071
189 194 1.81593
189 198 0.138357
189 206 0.138357
189 211 0.276714
189 267 0.276714
190 195 0.691785
190 206 0.968498
191 194 1.90241
191 195 0.345892
192 195 1.55652
192 196 0.0864731
193 196 1.72946
193 197 0.25942
193 277 0.138357
193 278 0.138357
193 281 0.138357
194 197 1.90241
194 198 0.345892
194 248 0.138357
194 267 0.691785
194 277 0.415071
195 198 1.72946
195 199 0.172946
195 206 0.276714
195 207 1.10686
196 199 1.55652
196 200 0.0864731
196 281 0.138357
197 200 1.64299
197 201 0.432364
197 280 0.276714
197 281 0.138357
197 284 0.276714
198 201 1.55652
198 202 0.432364
198 204 1.47004
198 206 0.0864731
198 248 0.553428
199 202 1.55652
199 203 0.172946
199 204 0.432364
199 205 0.0864731
200 294 0.276714
201 248 0.276714
201 269 0.276714
201 284 0.553428
201 289 0.276714
201 291 0.138357
201 294 0.553428
202 209 0.276714
202 234 0.138357
202 246 0.553428
202 294 0.691785
203 294 0.138357
204 208 0.276714
204 209 0.276714
204 234 0.138357
204 297 0.276714
205 208 3.32057
205 209 0.276714
206 209 0.553428
207 235 0.276714
208 234 2.90549
208 235 1.66028
209 233 2.76714
209 234 0.138357
209 235 1.38357
210 232 2.76714
210 233 0.415071
210 235 0.138357
211 231 2.76714
211 232 0.691785
212 230 2.62878
212 231 0.691785
212 233 0.553428
212 250 0.138357
212 389 0.691785
213 228 0.415071
213 229 2.90549
213 252 0.276714
213 389 0.415071
214 228 0.553428
214 229 0.276714
214 389 0.553428
215 392 2.62878
215 393 2.76714
215 394 0.415071
215 395 0.276714
215 400 0.138357
216 228 0.138357
216 392 0.138357
216 393 0.138357
216 394 0.415071
216 629 0.553428
216 659 0.276714
216 660 0.553428
217 227 2.62878
217 228 0.276714
217 254 0.830141
217 660 0.276714
217 662 0.138357
218 225 0.138357
218 226 2.76714
218 227 0.968498
218 229 0.276714
218 392 0.138357
218 628 0.138357
218 662 0.138357
219 224 0.553428
219 225 3.04385
219 226 0.691785
219 662 0.138357
220 223 3.32057
220 224 2.62878
220 225 0.415071
221 663 0.415071
224 255 0.138357
225 255 0.553428
226 253 2.90549
226 254 2.76714
226 255 0.276714
227 251 0.138357
227 252 2.90549
227 265 0.138357
228 251 2.76714
228 252 1.10686
229 250 3.04385
229 251 1.52193
229 388 0.691785
229 392 1.10686
230 249 2.90549
230 250 1.79864
230 389 0.553428
231 248 3.04385
231 249 0.553428
231 250 0.553428
231 389 0.691785
232 245 2.62878
232 246 1.10686
233 241 0.553428
233 244 3.04385
233 245 0.415071
234 241 0.415071
234 244 0.553428
234 246 0.138357
234 295 0.138357
234 297 0.138357
235 241 0.553428
236 239 0.415071
236 240 0.691785
236 241 0.968498
236 244 0.138357
238 241 0.138357
238 303 0.691785
238 304 0.276714
238 500 0.415071
239 500 0.276714
240 243 2.76714
240 244 0.138357
240 303 0.276714
240 500 0.415071
241 244 3.18221
242 245 0.138357
242 476 0.553428
242 501 0.830141
242 502 2.76714
242 503 0.276714
243 302 0.415071
243 303 0.138357
243 500 0.415071
243 501 0.138357
243 522 0.415071
243 700 0.138357
243 701 0.138357
244 295 0.691785
244 300 0.138357
245 295 0.276714
245 504 0.691785
245 505 0.276714
245 522 0.276714
246 505 0.830141
247 269 0.138357
247 505 0.276714
248 267 0.276714
248 268 2.49042
248 280 0.138357
249 267 2.76714
249 268 1.10686
249 387 1.24521
249 388 0.553428
249 389 0.276714
250 264 0.138357
250 266 2.90549
250 267 0.276714
251 264 3.04385
251 265 2.76714
251 266 0.415071
252 263 2.76714
252 264 0.276714
252 265 0.415071
253 262 2.90549
253 263 0.415071
254 262 2.49042
255 262 0.415071
256 262 0.415071
258 261 2.90549
258 262 0.276714
259 262 1.38357
264 267 0.415071
265 275 0.415071
266 273 0.553428
266 274 2.90549
267 272 0.138357
267 273 2.62878
267 274 0.691785
267 276 0.415071
267 277 0.138357
267 280 0.138357
268 272 2.90549
269 272 0.415071
269 290 0.138357
269 291 0.691785
269 292 0.415071
270 290 0.276714
270 292 0.553428
270 507 0.138357
271 507 0.138357
271 510 0.553428
274 279 0.432364
274 280 0.432364
274 283 0.138357
274 289 0.138357
275 279 0.172946
276 279 1.81593
276 280 0.0864731
277 280 1.72946
277 281 0.172946
278 281 1.72946
278 282 0.432364
279 282 1.72946
279 283 0.172946
280 283 1.72946
280 284 0.345892
281 284 1.72946
281 285 0.691785
282 285 1.72946
283 286 0.172946
283 289 0.691785
284 289 0.553428
286 289 0.276714
291 294 0.138357
292 505 0.553428
292 507 0.138357
293 505 0.830141
293 521 0.276714
295 521 0.138357
296 299 1.10686
296 300 0.138357
297 300 0.276714
299 302 0.276714
300 303 0.691785
301 304 0.415071
302 519 3.45892
302 522 0.276714
302 701 0.276714
303 500 0.553428
303 701 0.276714
304 701 0.415071
305 500 0.691785
305 701 0.138357
305 702 0.830141
307 311 0.691785
307 312 0.415071
307 313 0.276714
308 311 0.276714
313 317 0.138357
314 317 0.276714
315 318 0.138357
316 319 0.691785
323 416 0.830141
323 759 0.553428
323 760 0.553428
324 417 0.138357
324 442 0.138357
324 443 0.138357
326 329 1.10686
326 330 0.415071
326 417 0.415071
330 334 0.138357
330 419 0.138357
331 343 0.138357
331 344 0.691785
331 442 1.52193
331 464 0.276714
331 730 0.553428
332 342 2.76714
332 343 0.276714
332 418 0.138357
332 440 1.24521
332 466 0.415071
333 341 2.76714
333 342 0.691785
334 340 2.90549
334 341 0.276714
334 421 0.415071
335 338 3.45892
335 339 2.49042
335 340 0.276714
338 349 0.138357
339 349 2.76714
339 350 0.415071
339 422 0.138357
339 438 0.830141
340 347 0.276714
340 348 3.18221
340 349 0.968498
341 346 0.138357
341 347 2.62878
341 348 0.830141
341 350 0.415071
341 421 0.830141
341 438 0.276714
341 440 0.138357
342 346 2.76714
343 346 1.10686
343 442 0.691785
343 464 0.415071
343 465 0.968498
343 466 0.553428
343 485 0.415071
343 487 0.276714
344 365 0.138357
344 487 0.276714
345 364 0.138357
345 365 3.04385
345 366 0.830141
346 363 0.276714
346 364 3.04385
346 365 0.968498
346 370 0.138357
346 485 1.10686
346 486 0.553428
346 489 0.830141
346 490 0.415071
347 362 0.138357
347 363 2.76714
347 364 0.691785
348 360 0.415071
348 361 2.76714
348 362 0.138357
348 363 0.138357
348 466 0.276714
348 468 0.138357
348 485 0.276714
349 359 0.138357
349 360 2.62878
349 361 0.691785
349 362 0.276714
350 359 2.76714
350 438 0.415071
351 357 0.138357
351 358 2.90549
351 359 0.415071
352 357 3.73564
352 358 0.415071
352 403 1.10686
352 423 1.79864
352 424 0.138357
352 437 0.968498
352 470 0.553428
353 356 3.04385
353 357 0.553428
353 402 2.35207
353 403 0.138357
353 425 0.138357
354 398 0.276714
354 399 0.553428
354 400 0.968498
354 401 3.04385
354 402 2.62878
354 403 2.62878
354 404 0.138357
354 425 0.276714
354 427 1.10686
354 656 0.138357
355 398 0.553428
355 401 2.76714
355 402 0.415071
355 652 0.691785
355 656 0.415071
356 376 0.553428
356 377 0.138357
356 398 0.138357
356 402 0.830141
356 403 0.138357
356 470 0.138357
357 403 0.138357
357 470 0.415071
358 438 0.415071
358 468 0.138357
358 470 0.276714
359 374 2.76714
359 375 0.276714
360 363 0.138357
360 373 2.62878
360 374 0.691785
360 468 0.138357
360 483 1.24521
361 371 2.35207
361 372 3.04385
361 373 1.10686
362 369 0.968498
362 371 2.62878
362 372 0.138357
363 369 2.76714
363 370 2.62878
363 371 0.553428
364 368 3.18221
364 369 0.138357
365 368 0.415071
365 487 0.276714
365 488 0.968498
365 489 0.691785
365 720 0.415071
366 724 0.415071
366 727 0.415071
368 609 1.10686
368 719 0.415071
369 372 0.138357
369 538 0.138357
370 537 2.90549
370 538 0.691785
370 611 0.691785
370 719 0.276714
371 374 0.138357
371 536 2.76714
371 537 0.138357
372 536 3.04385
372 538 0.138357
373 534 1.24521
373 535 2.62878
373 536 0.276714
374 483 0.276714
374 491 0.138357
374 534 2.76714
374 535 0.138357
375 533 2.76714
375 534 0.691785
376 379 0.138357
376 481 0.276714
376 532 2.90549
376 533 0.415071
377 398 0.276714
377 532 3.04385
377 533 0.138357
377 534 0.553428
377 652 0.553428
377 653 0.415071
378 396 1.10686
378 397 0.138357
378 398 1.10686
378 531 2.76714
378 532 0.138357
378 634 0.830141
378 636 0.276714
378 654 0.830141
379 395 0.138357
379 396 2.62878
379 397 0.415071
379 402 0.138357
379 481 0.276714
379 530 2.62878
379 531 0.553428
380 394 0.415071
380 395 2.90549
380 528 0.138357
380 529 2.76714
380 530 0.691785
380 622 0.138357
380 634 0.553428
380 636 0.138357
380 637 0.138357
381 393 2.49042
381 394 2.62878
381 395 0.138357
381 528 2.62878
382 393 2.62878
382 394 1.10686
382 527 2.90549
382 528 0.138357
382 622 1.52193
382 624 0.415071
382 627 0.276714
383 390 0.691785
383 391 0.138357
383 393 0.830141
383 502 0.553428
383 526 2.62878
383 527 1.66028
384 391 0.415071
384 514 0.830141
384 526 0.276714
385 390 0.553428
385 391 0.415071
385 514 1.937
386 510 1.79864
386 511 1.10686
386 514 0.553428
387 390 2.62878
387 391 0.276714
388 392 0.830141
389 392 2.76714
389 393 0.415071
389 502 0.276714
390 393 0.691785
390 502 0.691785
390 503 0.691785
390 504 0.138357
390 525 0.415071
392 629 0.553428
393 502 0.415071
394 622 0.276714
394 627 0.553428
394 629 0.830141
394 630 0.276714
394 634 0.138357
394 659 0.138357
395 400 0.415071
395 502 0.691785
396 399 3.32057
396 400 0.276714
396 634 0.276714
396 659 0.276714
397 400 2.76714
397 401 2.76714
397 402 0.138357
397 474 0.276714
397 479 0.415071
398 401 0.138357
398 652 0.138357
398 654 0.553428
398 655 0.830141
398 656 0.276714
399 656 0.415071
399 659 0.276714
400 404 0.415071
400 405 0.691785
401 404 0.691785
401 405 0.415071
401 474 0.138357
402 405 0.138357
402 470 0.415071
402 472 0.830141
402 474 0.138357
403 425 0.138357
403 434 0.276714
404 427 0.691785
404 434 1.66028
404 771 0.968498
405 434 0.415071
405 472 0.138357
405 473 0.415071
405 474 0.138357
405 771 1.937
406 473 0.276714
406 769 0.415071
406 770 0.968498
406 771 0.553428
407 435 0.553428
407 436 2.76714
407 767 0.553428
408 413 0.830141
408 414 0.138357
408 420 0.276714
408 436 0.830141
408 437 0.138357
408 438 0.415071
408 439 0.138357
408 470 0.138357
408 471 0.415071
408 767 0.553428
409 412 2.62878
409 413 0.691785
409 767 0.415071
410 414 2.35207
410 420 0.138357
410 436 0.138357
410 762 0.138357
410 763 0.830141
410 764 0.276714
410 767 0.138357
411 414 2.76714
411 416 0.138357
411 762 0.138357
412 764 0.138357
413 469 0.553428
413 471 0.553428
414 418 0.138357
414 420 0.138357
414 439 0.553428
414 469 0.138357
415 418 0.276714
415 441 1.10686
416 762 0.138357
418 439 0.138357
418 440 2.76714
418 441 0.276714
419 439 2.76714
419 440 0.415071
420 436 0.553428
420 438 2.76714
420 439 0.276714
420 763 0.415071
421 435 2.35207
421 436 2.49042
421 437 2.62878
421 438 1.52193
421 440 0.276714
422 433 0.276714
422 434 3.04385
422 435 0.415071
423 432 0.138357
423 433 2.76714
423 434 0.553428
423 437 0.553428
423 438 0.276714
424 431 0.968498
424 432 2.76714
425 431 2.76714
425 432 0.553428
425 434 0.691785
426 429 0.830141
426 430 3.45892
427 430 0.415071
427 432 0.138357
429 776 2.90549
429 777 2.62878
430 774 1.10686
430 775 2.76714
430 776 0.276714
431 773 0.138357
431 774 2.62878
431 775 0.691785
431 777 0.138357
432 771 0.276714
432 773 2.62878
432 774 0.830141
433 772 2.62878
433 773 0.415071
434 437 0.138357
434 771 0.691785
434 772 0.138357
436 766 0.691785
437 470 0.138357
438 469 2.76714
438 470 0.138357
439 467 0.138357
439 468 2.76714
439 469 0.276714
440 466 0.138357
440 467 2.76714
441 465 0.138357
441 466 2.76714
441 467 2.21371
441 469 0.276714
442 464 0.138357
442 465 2.90549
442 467 0.138357
443 464 2.76714
443 465 0.553428
443 467 0.138357
444 462 0.691785
444 463 2.90549
445 463 0.968498
445 465 0.691785
445 484 0.691785
447 463 1.10686
447 486 0.138357
448 460 0.276714
448 461 3.04385
448 462 2.49042
448 463 0.276714
449 461 2.62878
449 462 0.138357
449 463 0.553428
449 725 0.276714
450 460 2.76714
450 461 0.276714
450 723 0.138357
450 726 0.553428
451 459 2.76714
451 460 0.276714
452 457 0.276714
452 458 2.62878
452 459 0.276714
453 457 2.76714
453 458 0.553428
454 457 1.66028
456 735 2.62878
456 736 0.553428
456 738 0.553428
457 733 0.415071
457 734 3.04385
458 732 0.138357
458 733 2.62878
458 734 0.415071
459 732 2.62878
460 731 2.76714
460 732 0.553428
461 726 0.691785
461 728 0.138357
461 730 2.76714
461 731 0.553428
462 730 1.10686
462 752 0.276714
463 486 0.276714
464 487 0.276714
465 484 0.415071
465 485 2.90549
465 486 0.276714
466 483 0.138357
466 484 2.76714
466 485 0.553428
467 482 0.415071
467 483 2.62878
467 484 0.830141
468 481 0.138357
468 482 2.76714
468 483 0.691785
469 480 0.968498
469 481 2.90549
469 482 0.138357
470 479 0.138357
470 480 2.62878
470 481 1.38357
471 479 2.90549
471 480 0.276714
472 478 2.76714
472 479 0.691785
473 478 0.830141
476 498 2.49042
476 499 2.76714
476 500 1.10686
476 501 0.276714
478 496 0.138357
478 497 2.62878
478 498 0.968498
478 499 0.138357
478 705 0.138357
479 496 2.62878
479 529 0.415071
480 495 2.76714
480 496 0.415071
480 705 0.415071
481 494 2.62878
481 495 0.276714
481 531 0.138357
481 533 0.138357
482 492 0.138357
482 493 2.62878
482 494 0.691785
483 491 0.138357
483 492 2.62878
483 493 0.138357
483 533 0.138357
484 491 3.04385
484 492 0.968498
485 490 2.62878
485 491 0.830141
486 489 0.138357
486 490 0.691785
486 713 0.276714
487 724 0.138357
487 725 0.276714
487 728 0.415071
488 716 0.276714
488 723 0.138357
489 611 0.691785
489 716 0.691785
490 714 2.90549
490 715 0.553428
490 716 0.138357
491 713 2.90549
491 714 0.276714
492 712 2.76714
492 713 0.415071
493 533 0.415071
493 711 2.76714
493 712 1.38357
494 709 0.138357
494 710 2.76714
494 711 0.138357
495 531 0.276714
495 708 0.138357
495 709 2.76714
495 710 0.415071
496 705 1.79864
496 706 0.415071
496 708 2.76714
496 709 1.79864
497 703 0.138357
497 704 2.62878
497 705 1.24521
497 708 0.138357
498 702 0.138357
498 703 2.62878
498 705 0.830141
499 702 4.01235
499 703 0.415071
500 701 0.276714
500 702 0.968498
501 518 0.138357
501 695 0.276714
501 703 0.138357
502 525 0.138357
503 522 0.276714
503 523 2.76714
503 525 0.276714
504 522 2.90549
504 523 0.553428
504 525 0.138357
505 511 0.138357
505 521 3.18221
505 522 0.138357
506 511 0.968498
506 512 0.415071
506 515 0.138357
506 516 0.415071
506 517 1.24521
506 521 0.553428
506 522 0.415071
506 523 0.276714
507 510 2.90549
507 511 0.830141
510 513 0.276714
510 514 0.276714
511 514 2.76714
511 515 0.138357
512 515 0.415071
514 525 2.62878
514 526 0.276714
515 523 0.276714
515 524 0.138357
516 522 0.138357
516 523 3.04385
516 524 0.138357
516 695 0.138357
517 520 0.415071
517 522 2.76714
518 522 2.76714
518 523 0.276714
518 524 0.138357
518 695 0.138357
518 696 0.276714
518 700 0.415071
519 522 0.276714
524 695 0.276714
525 695 0.138357
526 623 0.138357
526 693 2.76714
527 691 0.138357
527 692 2.62878
527 693 1.79864
527 695 0.138357
528 622 0.415071
528 623 0.691785
528 691 2.76714
528 692 0.968498
529 690 2.62878
529 691 0.276714
529 693 0.138357
530 636 0.415071
530 689 2.90549
531 636 0.415071
531 687 0.138357
531 688 3.32057
531 689 0.553428
532 636 0.691785
532 653 0.415071
532 686 0.415071
532 687 2.76714
532 688 0.691785
533 685 0.138357
533 686 2.76714
533 687 0.691785
533 689 0.138357
533 712 0.138357
534 650 0.138357
534 651 0.691785
534 684 0.138357
534 685 2.76714
534 686 1.10686
535 684 2.62878
535 685 1.10686
535 687 0.138357
535 712 0.138357
535 714 0.138357
536 646 0.276714
536 682 0.138357
536 683 0.138357
536 684 0.138357
537 544 0.138357
537 596 0.138357
537 683 0.138357
538 541 3.04385
538 542 0.276714
538 544 0.691785
538 682 0.138357
539 544 0.415071
539 596 0.553428
539 597 2.35207
539 598 0.415071
539 609 0.415071
539 610 0.138357
539 719 0.276714
540 598 0.415071
540 601 0.691785
541 544 0.553428
542 681 2.62878
542 682 0.830141
543 598 2.62878
543 599 0.553428
543 600 0.415071
543 680 1.10686
543 681 2.76714
544 596 0.415071
544 597 3.18221
544 598 0.276714
544 678 0.138357
544 679 2.35207
544 680 2.62878
544 681 0.553428
544 683 0.415071
545 595 0.138357
545 596 2.76714
545 597 0.691785
545 599 0.830141
545 678 0.138357
545 679 0.830141
545 683 0.415071
546 575 2.90549
546 576 0.830141
546 595 2.76714
546 596 0.138357
546 643 0.138357
547 574 2.76714
547 576 0.276714
547 593 0.138357
547 594 2.90549
547 595 0.968498
547 597 0.553428
548 572 0.138357
548 573 2.76714
548 574 0.830141
548 576 0.553428
548 593 2.76714
549 571 0.138357
549 572 2.76714
549 573 0.553428
549 592 2.62878
549 593 0.138357
549 595 0.276714
550 570 0.138357
550 571 2.76714
550 572 0.415071
550 574 0.276714
550 591 2.76714
551 570 2.62878
551 591 1.38357
551 593 0.276714
552 569 2.76714
552 570 0.553428
552 591 0.138357
553 567 0.830141
553 568 2.90549
554 566 0.138357
554 567 2.90549
554 568 0.830141
554 570 0.415071
555 565 0.138357
555 566 2.90549
555 567 0.553428
556 564 0.138357
556 565 2.76714
556 566 0.691785
556 568 0.138357
556 570 0.138357
557 562 0.138357
557 563 0.138357
557 564 0.276714
557 565 0.276714
558 561 2.76714
558 566 0.553428
558 568 0.415071
559 562 0.276714
560 566 0.138357
561 564 0.553428
573 597 1.24521
576 584 0.415071
576 594 0.138357
576 678 0.138357
577 677 2.90549
577 678 2.49042
578 675 0.968498
578 676 3.18221
578 678 0.553428
579 643 0.138357
579 644 0.691785
579 645 0.276714
579 672 0.415071
579 673 0.138357
579 674 0.830141
579 675 0.830141
579 676 1.38357
579 678 0.138357
580 583 0.138357
581 638 1.10686
581 642 0.138357
581 670 0.553428
581 673 0.276714
582 639 0.415071
582 642 0.276714
583 641 2.76714
583 642 0.276714
584 639 2.35207
584 640 2.76714
584 641 0.830141
584 643 0.276714
585 621 0.415071
585 639 0.553428
585 640 1.52193
586 613 0.415071
586 615 1.52193
586 619 0.138357
586 640 1.24521
586 641 0.138357
587 590 0.553428
587 591 0.276714
587 592 0.138357
588 591 0.415071
593 612 0.415071
594 612 3.18221
594 613 0.138357
594 641 0.138357
595 611 2.90549
595 612 0.276714
595 717 0.830141
596 610 2.76714
596 611 0.276714
597 608 0.553428
597 609 2.90549
598 601 0.830141
598 609 0.276714
601 608 2.62878
601 609 0.968498
602 606 0.415071
602 607 3.04385
602 609 0.138357
603 606 0.276714
603 607 0.691785
603 718 0.830141
603 720 0.553428
603 721 0.830141
604 721 0.968498
607 718 0.830141
608 717 0.138357
608 718 0.276714
609 717 2.35207
609 718 0.138357
609 719 2.21371
610 716 2.76714
610 717 0.968498
610 718 2.35207
610 719 0.276714
611 714 0.691785
611 715 4.01235
611 716 0.553428
611 719 0.553428
612 713 0.138357
612 714 2.62878
612 715 0.968498
613 685 0.138357
613 713 2.76714
613 714 0.138357
614 712 2.76714
614 713 0.553428
614 715 0.138357
615 711 2.49042
616 711 3.04385
617 710 3.04385
617 711 0.138357
618 689 2.76714
618 690 0.691785
618 710 0.138357
619 640 0.553428
620 640 0.276714
620 689 2.35207
620 690 0.691785
620 692 0.691785
621 625 0.138357
621 637 2.76714
621 638 1.38357
621 639 1.10686
621 640 0.138357
621 692 0.276714
622 625 0.138357
622 627 0.138357
622 637 0.830141
623 692 0.691785
627 630 2.76714
627 631 0.553428
628 631 0.276714
628 662 0.138357
629 662 0.138357
630 633 0.276714
630 662 2.35207
631 635 0.138357
631 662 3.04385
631 663 0.691785
632 635 1.38357
632 662 0.415071
632 663 0.276714
632 665 0.415071
632 668 0.553428
633 658 0.553428
633 659 0.138357
633 661 0.276714
633 662 0.276714
634 637 0.276714
634 654 0.138357
635 638 0.415071
635 668 0.553428
635 669 0.415071
635 670 0.968498
636 642 0.415071
636 653 0.138357
636 669 0.968498
636 688 1.10686
638 642 0.830141
638 670 0.553428
638 673 0.138357
639 642 0.415071
639 688 0.415071
640 687 2.49042
640 688 0.830141
641 686 2.76714
641 687 0.138357
642 669 0.968498
642 673 0.276714
642 684 0.138357
642 685 2.62878
642 686 0.553428
643 678 0.276714
643 684 2.62878
643 685 0.138357
644 673 0.138357
644 678 0.415071
644 682 0.138357
644 683 2.76714
644 684 0.691785
644 686 0.830141
645 650 0.138357
645 676 0.415071
645 682 2.76714
646 682 0.968498
646 684 0.415071
647 650 3.18221
647 676 0.830141
648 651 0.138357
650 672 2.49042
650 686 0.276714
652 655 0.276714
652 667 0.276714
652 672 0.138357
652 686 0.138357
653 667 0.276714
653 669 0.138357
653 686 0.276714
654 658 0.691785
655 658 1.10686
655 666 0.138357
655 667 0.138357
657 666 0.415071
658 661 0.553428
658 665 0.553428
658 666 0.415071
658 667 0.553428
659 662 0.138357
661 664 2.62878
661 665 0.691785
668 671 0.276714
669 672 1.10686
669 686 0.276714
670 673 0.691785
671 674 0.138357
672 686 0.276714
677 681 0.276714
678 683 0.138357
687 712 0.276714
689 710 0.691785
689 711 0.553428
689 712 0.276714
690 710 0.138357
691 708 0.138357
691 709 0.276714
693 699 0.553428
693 703 0.415071
695 699 1.10686
696 699 3.18221
697 700 0.415071
698 702 0.138357
698 704 0.138357
699 702 3.45892
699 703 0.830141
704 707 2.62878
704 708 0.138357
705 708 0.276714
716 719 0.138357
720 724 1.10686
723 726 0.691785
724 727 0.138357
725 728 0.415071
726 731 0.553428
728 731 0.691785
729 747 0.138357
729 748 0.415071
729 750 0.553428
730 750 0.691785
731 747 0.138357
731 748 0.415071
732 745 0.138357
732 746 2.90549
732 747 0.276714
733 744 0.138357
733 745 2.62878
733 746 0.415071
733 748 0.138357
734 743 0.830141
734 744 2.76714
734 745 0.830141
735 743 2.76714
735 744 0.553428
736 741 0.553428
736 742 2.62878
736 743 0.138357
737 740 3.04385
737 741 2.62878
737 742 0.276714
747 750 0.830141
747 752 0.415071
761 764 0.276714
763 766 0.830141
764 767 0.415071
