nresidues = 176
27 31 0.144536
28 31 1.01175
29 32 2.89072
29 33 0.289072
29 171 0.289072
30 33 0.289072
30 47 0.144536
30 52 0.578144
30 53 0.289072
30 59 0.144536
32 35 0.578144
32 36 0.144536
33 36 0.578144
33 43 0.144536
33 47 0.144536
33 167 0.289072
33 168 0.144536
33 171 0.289072
34 37 0.72268
34 40 0.433608
34 43 1.30082
34 44 0.578144
34 47 0.144536
36 167 0.289072
37 40 0.578144
37 43 0.144536
39 42 2.16804
39 43 0.090335
39 160 0.289072
40 43 1.89703
40 44 0.36134
41 44 1.8067
41 45 0.18067
42 45 1.89703
42 46 0.18067
42 157 0.289072
42 160 0.578144
42 161 0.578144
43 46 1.8067
43 47 0.36134
43 164 0.578144
44 47 1.53569
44 48 0.451674
45 48 1.71637
45 49 0.451674
46 49 1.62603
46 50 0.813014
46 63 0.144536
46 66 0.578144
46 161 0.578144
46 164 0.144536
47 50 1.62603
47 51 1.71637
47 52 0.36134
47 59 0.144536
48 51 0.090335
50 66 0.289072
52 59 0.144536
53 58 0.289072
53 59 0.289072
55 58 2.07771
55 59 0.18067
56 59 1.89703
56 60 0.18067
56 168 0.144536
56 171 0.433608
56 172 0.433608
57 60 1.8067
57 61 0.090335
57 115 0.867216
57 172 0.144536
58 61 1.8067
58 62 0.18067
59 62 2.07771
59 63 0.36134
59 168 0.433608
60 63 1.8067
60 64 0.271006
60 115 0.578144
60 123 0.144536
60 168 0.289072
61 64 1.8067
61 65 0.90335
61 112 0.578144
61 115 0.289072
62 65 1.89703
62 66 0.18067
63 66 1.8067
63 67 0.36134
63 161 0.144536
63 168 0.144536
64 67 1.8067
64 68 0.18067
64 111 0.144536
64 112 0.72268
64 115 0.144536
64 123 0.433608
64 127 0.144536
65 68 1.8067
65 69 0.18067
65 112 0.433608
66 69 1.8067
66 70 0.36134
67 70 1.8067
67 71 0.18067
67 108 0.289072
67 161 0.433608
67 162 0.144536
68 71 1.89703
68 72 0.36134
68 105 1.30082
68 108 0.578144
68 109 0.144536
68 112 0.144536
69 72 1.8067
69 73 0.813014
70 73 2.16804
70 74 0.36134
70 158 0.72268
71 74 1.8067
71 75 0.18067
71 105 0.289072
71 158 0.144536
72 75 1.71637
72 76 0.18067
73 76 1.8067
73 77 0.18067
74 77 1.8067
74 78 0.36134
74 101 0.144536
74 154 0.433608
74 158 0.144536
75 78 1.8067
75 79 0.18067
75 98 0.289072
75 105 0.144536
76 79 1.8067
76 80 0.18067
77 80 1.8067
77 81 0.451674
77 150 0.578144
78 81 1.8067
78 82 0.36134
78 94 0.289072
78 97 0.289072
78 98 0.144536
78 101 0.144536
78 151 0.289072
79 82 1.8067
79 83 0.90335
80 83 1.8067
80 84 0.090335
81 84 1.71637
81 86 0.18067
81 94 0.289072
81 148 0.578144
81 151 0.144536
82 85 0.090335
82 94 0.72268
82 98 0.144536
86 90 0.36134
86 91 0.18067
87 90 2.43905
87 91 0.18067
88 91 1.8067
88 92 0.18067
89 92 2.16804
89 93 0.18067
89 144 0.289072
90 93 1.8067
90 94 0.632346
90 144 0.144536
91 94 1.62603
91 95 0.632346
92 95 1.8067
92 96 0.18067
93 96 1.8067
93 97 0.271006
93 140 0.144536
94 97 1.98737
94 98 0.271006
94 141 0.144536
94 147 0.578144
94 148 0.289072
95 98 1.8067
95 99 0.36134
96 99 1.8067
96 100 0.271006
96 140 1.01175
97 100 1.8067
97 101 0.36134
97 137 0.867216
97 141 0.144536
98 101 1.8067
98 102 0.54201
99 102 1.71637
99 103 0.271006
100 103 1.89703
100 104 0.18067
100 133 0.289072
100 136 0.72268
101 104 1.89703
101 105 0.36134
101 134 0.289072
101 137 0.289072
101 154 0.144536
101 155 0.72268
101 158 0.289072
102 105 1.8067
103 106 1.71637
103 107 0.451674
104 107 1.89703
104 108 0.36134
104 130 0.144536
105 108 1.8067
105 109 0.451674
106 109 1.89703
106 110 0.18067
107 110 1.8067
107 111 0.18067
107 126 0.578144
107 129 0.433608
108 111 1.98737
108 112 0.54201
108 130 0.289072
109 112 1.8067
109 113 0.090335
110 113 1.8067
110 114 0.271006
110 126 0.578144
111 114 1.8067
111 115 0.18067
111 123 0.144536
111 126 0.144536
111 127 0.144536
112 115 1.8067
112 116 0.18067
113 116 1.71637
114 117 2.07771
114 118 1.62603
114 119 0.813014
114 122 0.289072
115 118 0.090335
115 123 0.144536
115 172 0.144536
119 122 1.98737
119 123 0.18067
120 123 1.89703
120 124 0.18067
120 169 0.72268
120 172 0.144536
121 124 1.8067
121 125 0.18067
122 125 1.62603
122 126 0.18067
123 126 1.8067
123 127 0.271006
123 165 0.289072
123 169 0.433608
124 127 1.8067
124 128 0.18067
124 166 1.01175
124 169 0.72268
125 128 1.8067
125 129 0.090335
126 129 1.8067
126 130 0.18067
127 130 1.8067
127 131 0.18067
127 162 0.72268
127 166 0.578144
128 131 1.8067
128 132 0.271006
129 132 1.8067
130 133 1.71637
130 162 0.144536
131 134 1.8067
131 135 0.18067
131 159 0.144536
131 162 0.433608
131 166 0.144536
132 135 1.89703
132 136 0.36134
133 136 1.8067
133 137 0.18067
134 137 1.8067
134 138 0.271006
134 155 0.289072
134 158 0.144536
135 138 1.8067
135 139 0.451674
135 159 1.15629
136 139 1.89703
136 140 0.632346
137 140 1.8067
137 141 0.271006
137 151 0.144536
137 155 0.289072
138 141 1.8067
138 142 0.18067
138 152 0.144536
138 155 0.289072
139 142 0.36134
141 144 0.867216
141 147 0.144536
147 152 0.18067
148 151 1.98737
148 152 0.090335
149 152 1.89703
149 153 0.451674
150 153 1.71637
150 154 0.451674
151 154 1.62603
151 155 0.271006
152 155 1.8067
152 156 0.451674
153 156 1.8067
153 157 0.271006
154 157 1.89703
154 158 0.36134
155 158 1.8067
155 159 0.18067
156 159 1.8067
156 160 0.54201
157 160 1.8067
157 161 0.451674
158 161 1.89703
158 162 0.271006
159 162 1.8067
159 163 0.090335
160 163 1.71637
160 164 0.36134
161 164 1.8067
161 165 0.18067
162 165 1.8067
162 166 0.36134
163 166 1.8067
163 167 0.18067
164 167 1.8067
164 168 0.451674
165 168 1.89703
165 169 0.36134
166 169 1.8067
166 170 0.18067
167 170 1.8067
167 171 0.271006
168 171 1.8067
168 172 0.090335
169 172 0.271006
