L	Ls	nvertices	F_L	F_L_constrained	rho_sum	nloops	regions
  1	  0	  0	           0	           0	           0	 0	[(0, 1)]
  2	  0	  0	           0	           0	           0	 0	[(0, 2)]
  3	  0	  0	           0	           0	           0	 0	[(0, 3)]
  4	  0	  0	           0	           0	           0	 0	[(0, 4)]
  5	  0	  0	           0	           0	           0	 0	[(0, 5)]
  6	  0	  0	           0	           0	           0	 0	[(0, 6)]
  7	  0	  0	           0	           0	           0	 0	[(0, 7)]
  8	  0	  0	           0	           0	           0	 0	[(0, 8)]
  9	  0	  0	           0	           0	           0	 0	[(0, 9)]
 10	  0	  0	           0	           0	           0	 0	[(0, 10)]
 11	  0	  0	           0	           0	           0	 0	[(0, 11)]
 12	  0	  0	           0	           0	           0	 0	[(0, 12)]
 13	  0	  2	   -0.260473	   -0.260473	    0.250315	 0	[(0, 13)]
 14	  0	  5	   -0.260473	   -0.243743	    0.258885	 0	[(0, 14)]
 15	  0	  6	   -0.260473	    -0.22798	    0.239643	 0	[(0, 15)]
 16	  0	  7	   -0.260473	   -0.235617	    0.245315	 0	[(0, 16)]
 17	  0	  9	   -0.262507	   -0.262507	     0.27882	 0	[(0, 17)]
 18	 13	  6	   -0.262507	   -0.147251	    0.152319	 0	[(13, 18)]
 19	 13	  7	   -0.262507	   -0.160139	    0.165869	 0	[(13, 19)]
 20	  0	 13	   -0.262507	     4.22982	     6.78336	 0	[(0, 20)]
 21	  0	 14	   -0.262507	     3.88975	     8.48642	 0	[(0, 21)]
 22	  0	 15	   -0.262507	     3.76492	     9.69773	 0	[(0, 22)]
 23	  0	 16	   -0.262507	     3.55867	     10.6903	 0	[(0, 23)]
 24	  0	 17	   -0.262507	     3.16468	     11.7778	 0	[(0, 24)]
 25	  0	 19	   -0.262507	     1.77353	     13.3147	 0	[(0, 25)]
 26	  0	 20	   -0.262507	      1.7512	     14.0732	 0	[(0, 26)]
 27	 13	 15	   -0.262507	     3.71714	     11.7523	 0	[(13, 27)]
 28	 13	 15	   -0.262507	     3.71714	     11.7523	 0	[(13, 28)]
 29	 13	 15	   -0.262507	     3.71714	     11.7523	 0	[(13, 29)]
 30	 13	 16	   -0.262507	     3.46973	     11.9783	 0	[(13, 30)]
 31	 13	 16	   -0.262507	     3.46973	     11.9783	 0	[(13, 31)]
 32	 13	 17	   -0.262507	     3.32455	     12.1154	 0	[(13, 32)]
 33	 13	 17	   -0.262507	     3.32455	     12.1154	 0	[(13, 33)]
 34	 13	 17	   -0.262507	     3.32455	     12.1154	 0	[(13, 34)]
 35	 13	 17	   -0.262507	     3.32455	     12.1154	 0	[(13, 35)]
 36	 13	 17	   -0.262507	     3.32455	     12.1154	 0	[(13, 36)]
 37	 13	 19	   -0.262507	      3.1978	     12.2581	 0	[(13, 37)]
 38	 13	 19	   -0.262507	      3.1978	     12.2581	 0	[(13, 38)]
 39	 13	 21	   -0.262507	     3.07231	     12.3879	 0	[(13, 39)]
 40	 13	 21	   -0.262507	     3.07231	     12.3879	 0	[(13, 40)]
 41	 13	 21	   -0.262507	     3.07231	     12.3879	 0	[(13, 41)]
 42	 13	 24	   -0.262507	     3.03608	     12.4293	 0	[(13, 42)]
 43	 13	 25	   -0.262507	     3.04079	     12.4492	 0	[(13, 43)]
 44	 13	 25	   -0.262507	     3.04079	     12.4492	 0	[(13, 44)]
 45	 13	 25	   -0.262507	     3.04079	     12.4492	 0	[(13, 45)]
 46	 13	 25	   -0.262507	     3.04079	     12.4492	 0	[(13, 46)]
 47	 13	 27	   -0.262507	     2.88279	     12.6849	 0	[(13, 47)]
 48	 13	 29	   -0.262507	     1.86041	     14.5701	 0	[(13, 48)]
 49	 13	 30	   -0.262507	     10.1504	     14.6029	 1	[(13, 49)]
 50	 13	 31	   -0.262507	     10.4326	     14.2088	 1	[(13, 50)]
 51	 13	 31	   -0.262507	     10.4326	     14.2088	 1	[(13, 51)]
 52	 49	  2	   -0.262507	     3.70623	    0.319393	 1	[(49, 52)]
 53	 49	  4	   -0.262507	     2.24331	     0.29449	 1	[(49, 53)]
 54	 49	  6	   -0.262507	     4.36446	      5.2084	 0	[(49, 54)]
 55	 49	  7	   -0.262507	      4.3161	      5.7117	 0	[(49, 55)]
 56	 49	  8	   -0.262507	     4.38734	     6.23409	 0	[(49, 56)]
 57	 49	  9	   -0.262507	     4.23925	     7.52103	 0	[(49, 57)]
 58	 49	 10	   -0.262507	     3.99452	     8.72419	 0	[(49, 58)]
 59	 49	 11	   -0.262507	     3.28189	     9.95594	 0	[(49, 59)]
 60	 49	 12	   -0.262507	     2.55208	     11.0258	 0	[(49, 60)]
 61	 49	 13	   -0.262507	     2.41287	     11.8289	 0	[(49, 61)]
 62	 49	 14	   -0.262507	     2.86556	      12.082	 0	[(49, 62)]
 63	 49	 14	   -0.262507	     2.86556	      12.082	 0	[(49, 63)]
 64	 49	 14	   -0.262507	     2.86556	      12.082	 0	[(49, 64)]
 65	 49	 15	   -0.262507	     2.71273	     12.2341	 0	[(49, 65)]
 66	 49	 15	   -0.262507	     2.71273	     12.2341	 0	[(49, 66)]
 67	 49	 15	   -0.262507	     2.71273	     12.2341	 0	[(49, 67)]
 68	 49	 15	   -0.262507	     2.71273	     12.2341	 0	[(49, 68)]
 69	 49	 15	   -0.262507	     2.71273	     12.2341	 0	[(49, 69)]
 70	 49	 15	   -0.262507	     2.71273	     12.2341	 0	[(49, 70)]
 71	 49	 15	   -0.262507	     2.71273	     12.2341	 0	[(49, 71)]
 72	 49	 15	   -0.262507	     2.71273	     12.2341	 0	[(49, 72)]
 73	 49	 17	   -0.262507	     2.45226	     12.4844	 0	[(49, 73)]
 74	 49	 17	   -0.262507	     2.45226	     12.4844	 0	[(49, 74)]
 75	 49	 17	   -0.262507	     2.45226	     12.4844	 0	[(49, 75)]
 76	 49	 17	   -0.262507	     2.45226	     12.4844	 0	[(49, 76)]
 77	 49	 19	   -0.262507	     2.32928	     12.6097	 0	[(49, 77)]
 78	 49	 19	   -0.262507	     2.32928	     12.6097	 0	[(49, 78)]
 79	 49	 19	   -0.262507	     2.32928	     12.6097	 0	[(49, 79)]
 80	 49	 20	   -0.262507	     2.19322	     12.7457	 0	[(49, 80)]
 81	 49	 20	   -0.262507	     2.19322	     12.7457	 0	[(49, 81)]
 82	 49	 20	   -0.262507	     2.19322	     12.7457	 0	[(49, 82)]
 83	 80	  2	   -0.262507	     3.70855	    0.313996	 1	[(80, 83)]
 84	 80	  4	   -0.264512	   -0.264512	    0.289715	 0	[(80, 84)]
 85	 49	 26	   -0.264512	     2.19105	     12.7575	 0	[(49, 85)]
 86	 80	  7	   -0.264512	     4.72003	     5.79945	 0	[(80, 86)]
 87	 80	  8	   -0.264512	     4.84896	     6.33345	 0	[(80, 87)]
 88	 80	  9	   -0.264512	     4.83263	     6.84852	 0	[(80, 88)]
 89	 80	 10	   -0.264512	     4.54343	     8.31851	 0	[(80, 89)]
 90	 80	 11	   -0.264512	      4.6509	     9.22989	 0	[(80, 90)]
 91	 80	 12	   -0.264512	     4.48132	     10.2894	 0	[(80, 91)]
 92	 80	 13	   -0.264512	     4.13674	     11.3865	 0	[(80, 92)]
 93	 80	 14	   -0.264512	      3.8781	      12.477	 0	[(80, 93)]
 94	 80	 15	   -0.264512	     3.04897	     13.6456	 0	[(80, 94)]
 95	 80	 16	   -0.264512	     2.94851	     14.4909	 0	[(80, 95)]
 96	 80	 17	   -0.264512	     2.83606	     15.3658	 0	[(80, 96)]
 97	 80	 18	   -0.264512	     1.34145	     16.6344	 0	[(80, 97)]
 98	 80	 19	   -0.264512	     1.12091	      17.554	 0	[(80, 98)]
 99	 80	 20	   -0.264512	    0.936316	     18.4663	 0	[(80, 99)]
100	 80	 21	   -0.264512	    0.718317	      19.329	 0	[(80, 100)]
101	 80	 22	   -0.264512	     1.22758	      19.368	 0	[(80, 101)]
102	 80	 22	   -0.264512	     1.22758	      19.368	 0	[(80, 102)]
103	 80	 22	   -0.264512	     1.22758	      19.368	 0	[(80, 103)]
104	 80	 23	   -0.264512	     1.06074	     19.5523	 0	[(80, 104)]
105	 80	 23	   -0.264512	     1.06074	     19.5523	 0	[(80, 105)]
106	 80	 23	   -0.264512	     1.06074	     19.5523	 0	[(80, 106)]
107	 80	 24	   -0.264512	    0.571977	     20.0352	 0	[(80, 107)]
108	 80	 24	   -0.264512	    0.571977	     20.0352	 0	[(80, 108)]
109	 80	 24	   -0.264512	    0.571977	     20.0352	 0	[(80, 109)]
110	 80	 24	   -0.264512	    0.571977	     20.0352	 0	[(80, 110)]
111	 80	 24	   -0.264512	    0.571977	     20.0352	 0	[(80, 111)]
112	 80	 24	   -0.264512	    0.571977	     20.0352	 0	[(80, 112)]
113	 80	 24	   -0.264512	    0.571977	     20.0352	 0	[(80, 113)]
114	 80	 24	   -0.264512	    0.571977	     20.0352	 0	[(80, 114)]
115	 80	 24	   -0.264512	    0.571977	     20.0352	 0	[(80, 115)]
116	 80	 24	   -0.264512	    0.571977	     20.0352	 0	[(80, 116)]
117	 80	 26	   -0.264512	    0.306706	     20.2945	 0	[(80, 117)]
118	 80	 27	   -0.264512	    0.291235	     20.3463	 0	[(80, 118)]
119	 80	 28	   -0.264512	    0.317545	     20.3033	 0	[(80, 119)]
120	 80	 28	   -0.264512	    0.317545	     20.3033	 0	[(80, 120)]
121	 80	 29	   -0.264512	     2.58389	     20.4521	 1	[(80, 121)]
122	117	  5	   -0.264512	      2.3547	    0.263808	 1	[(117, 122)]
123	 80	 32	   -0.264512	     4.94738	     26.4788	 0	[(80, 123)]
124	 80	 33	   -0.264512	     4.89918	     26.9417	 0	[(80, 124)]
125	117	  9	   -0.264512	     5.06432	     6.51481	 0	[(117, 125)]
126	117	 10	   -0.264512	     4.96582	     6.94853	 0	[(117, 126)]
127	117	 11	   -0.264512	     4.70297	     7.93987	 0	[(117, 127)]
128	117	 12	   -0.264512	     4.29592	     9.26951	 0	[(117, 128)]
129	117	 13	   -0.264512	     4.24186	     10.1762	 0	[(117, 129)]
130	117	 14	   -0.264512	     3.88055	     11.2164	 0	[(117, 130)]
131	117	 15	   -0.264512	     3.49249	     12.2443	 0	[(117, 131)]
132	117	 16	   -0.264512	     3.26143	     13.2371	 0	[(117, 132)]
133	117	 17	   -0.264512	      3.1425	     14.1318	 0	[(117, 133)]
134	117	 18	   -0.264512	     3.69206	     14.0081	 0	[(117, 134)]
135	117	 18	   -0.264512	     3.69206	     14.0081	 0	[(117, 135)]
136	117	 18	   -0.264512	     3.69206	     14.0081	 0	[(117, 136)]
137	117	 18	   -0.264512	     3.69206	     14.0081	 0	[(117, 137)]
138	117	 20	   -0.264512	     3.74626	     13.6937	 0	[(117, 138)]
139	117	 20	   -0.264512	     3.74626	     13.6937	 0	[(117, 139)]
140	117	 20	   -0.264512	     3.74626	     13.6937	 0	[(117, 140)]
141	117	 20	   -0.264512	     3.74626	     13.6937	 0	[(117, 141)]
142	117	 21	   -0.264512	     3.61784	     13.8196	 0	[(117, 142)]
143	117	 21	   -0.264512	     3.61784	     13.8196	 0	[(117, 143)]
144	117	 21	   -0.264512	     3.61784	     13.8196	 0	[(117, 144)]
145	117	 21	   -0.264512	     3.61784	     13.8196	 0	[(117, 145)]
146	117	 21	   -0.264512	     3.61784	     13.8196	 0	[(117, 146)]
147	117	 21	   -0.264512	     3.61784	     13.8196	 0	[(117, 147)]
148	117	 21	   -0.264512	     3.61784	     13.8196	 0	[(117, 148)]
149	117	 21	   -0.264512	     3.61784	     13.8196	 0	[(117, 149)]
150	117	 21	   -0.264512	     3.61784	     13.8196	 0	[(117, 150)]
151	117	 21	   -0.264512	     3.61784	     13.8196	 0	[(117, 151)]
152	117	 21	   -0.264512	     3.61784	     13.8196	 0	[(117, 152)]
153	145	  5	   -0.264512	     3.94292	    0.275868	 1	[(145, 153)]
154	145	  6	   -0.264512	      4.2123	    0.268019	 1	[(145, 154)]
155	145	  9	   -0.264512	     4.30939	    0.280611	 1	[(145, 155)]
156	145	 10	   -0.264512	      4.1726	    0.285628	 1	[(145, 156)]
157	145	 10	   -0.264512	      4.1726	    0.285628	 1	[(145, 157)]
158	145	 10	   -0.264512	      4.1726	    0.285628	 1	[(145, 158)]
159	145	 10	   -0.264512	      4.1726	    0.285628	 1	[(145, 159)]
160	154	  5	   -0.264512	     3.93167	      0.2774	 1	[(154, 160)]
161	154	  7	   -0.264512	     2.17612	     0.28458	 1	[(154, 161)]
162	154	  9	   -0.264512	   -0.185492	    0.192048	 0	[(154, 162)]
163	154	 10	   -0.264512	     5.38748	     6.16041	 0	[(154, 163)]
164	154	 11	   -0.264512	     5.19938	     6.52319	 0	[(154, 164)]
165	154	 12	   -0.264512	     4.87351	     6.86261	 0	[(154, 165)]
166	154	 13	   -0.264512	     4.62586	     7.17079	 0	[(154, 166)]
167	154	 14	   -0.264512	     4.72979	     8.24529	 0	[(154, 167)]
168	154	 15	   -0.264512	     5.23544	     7.67125	 0	[(154, 168)]
169	154	 15	   -0.264512	     5.23544	     7.67125	 0	[(154, 169)]
170	154	 15	   -0.264512	     5.23544	     7.67125	 0	[(154, 170)]
171	154	 16	   -0.264512	     4.93425	     7.91828	 0	[(154, 171)]
172	154	 18	   -0.264512	     5.14649	      7.7637	 0	[(154, 172)]
173	154	 20	   -0.264512	     5.29604	     7.60866	 0	[(154, 173)]
174	154	 21	   -0.264512	     5.27235	     7.62623	 0	[(154, 174)]
175	154	 21	   -0.264512	     5.27235	     7.62623	 0	[(154, 175)]
176	154	 22	   -0.264512	     5.12744	     7.75067	 0	[(154, 176)]
177	154	 22	   -0.264512	     5.12744	     7.75067	 0	[(154, 177)]
178	154	 22	   -0.264512	     5.12744	     7.75067	 0	[(154, 178)]
179	154	 22	   -0.264512	     5.12744	     7.75067	 0	[(154, 179)]
180	154	 22	   -0.264512	     5.12744	     7.75067	 0	[(154, 180)]
181	154	 22	   -0.264512	     5.12744	     7.75067	 0	[(154, 181)]
182	178	  2	   -0.264512	     3.66051	    0.455483	 1	[(178, 182)]
183	178	  5	   -0.264512	     2.35604	    0.278131	 1	[(178, 183)]
184	178	  7	   -0.264512	     3.90114	     5.27734	 0	[(178, 184)]
185	178	  8	   -0.264512	     3.63175	     5.79441	 0	[(178, 185)]
186	178	  9	   -0.264512	      3.5992	     7.21782	 0	[(178, 186)]
187	178	 10	   -0.264512	     2.43288	     8.65492	 0	[(178, 187)]
188	178	 11	   -0.264512	     3.02727	     8.96077	 0	[(178, 188)]
189	178	 11	   -0.264512	     3.02727	     8.96077	 0	[(178, 189)]
190	178	 12	   -0.264512	     2.72982	     9.25721	 0	[(178, 190)]
191	178	 12	   -0.264512	     2.72982	     9.25721	 0	[(178, 191)]
192	178	 14	   -0.264512	     3.30599	     8.88549	 0	[(178, 192)]
193	178	 15	   -0.264512	     6.71113	     13.3418	 1	[(178, 193)]
194	178	 16	   -0.264512	     7.32406	     13.7644	 1	[(178, 194)]
195	178	 16	   -0.264512	     7.32406	     13.7644	 1	[(178, 195)]
196	193	  2	   -0.264512	     3.70855	    0.313996	 1	[(193, 196)]
197	193	  4	   -0.264512	      2.2472	     0.29698	 1	[(193, 197)]
198	193	  6	   -0.264512	     4.35957	     5.20329	 0	[(193, 198)]
199	193	  7	   -0.264512	     4.27101	     5.70661	 0	[(193, 199)]
200	193	  8	   -0.264512	      4.2724	     6.21563	 0	[(193, 200)]
201	193	  9	   -0.264512	     4.23604	     7.52245	 0	[(193, 201)]
202	193	 10	   -0.264512	     4.12481	     8.63277	 0	[(193, 202)]
203	193	 11	   -0.264512	      4.0642	     9.62157	 0	[(193, 203)]
204	193	 12	   -0.264512	     3.94091	     10.6304	 0	[(193, 204)]
205	193	 13	   -0.264512	     2.25435	     12.0363	 0	[(193, 205)]
206	193	 14	   -0.264512	     2.65949	     12.5492	 0	[(193, 206)]
207	193	 15	   -0.264512	     3.13962	     12.5407	 0	[(193, 207)]
208	193	 15	   -0.264512	     3.13962	     12.5407	 0	[(193, 208)]
209	193	 16	   -0.264512	     2.94917	     12.7632	 0	[(193, 209)]
210	193	 17	   -0.264512	     2.95132	     12.7755	 0	[(193, 210)]
211	193	 19	   -0.264512	     3.27943	     12.2938	 0	[(193, 211)]
212	193	 19	   -0.264512	     3.27943	     12.2938	 0	[(193, 212)]
213	193	 19	   -0.264512	     3.27943	     12.2938	 0	[(193, 213)]
214	193	 19	   -0.264512	     3.27943	     12.2938	 0	[(193, 214)]
215	193	 19	   -0.264512	     3.27943	     12.2938	 0	[(193, 215)]
216	104	108	   -0.264512	     3.25053	     92.1321	 6	[(104, 216)]
217	193	 19	   -0.264512	     3.27943	     12.2938	 0	[(193, 217)]
218	193	 19	   -0.264512	     3.27943	     12.2938	 0	[(193, 218)]
219	193	 19	   -0.264512	     3.27943	     12.2938	 0	[(193, 219)]
220	193	 19	   -0.264512	     3.27943	     12.2938	 0	[(193, 220)]
221	193	 19	   -0.264512	     3.27943	     12.2938	 0	[(193, 221)]
222	104	113	   -0.264512	     1.34034	     93.7802	 7	[(104, 222)]
223	104	114	   -0.264512	  -0.0940786	      94.792	 7	[(104, 223)]
224	104	115	    -1.52944	    -1.52944	     95.9097	 7	[(104, 224)]
225	104	116	    -2.25306	    -2.25306	     97.6006	 7	[(104, 225)]
226	104	117	    -2.25306	    -2.10158	     98.3165	 7	[(104, 226)]
227	104	118	    -2.25306	    -1.73594	      98.484	 7	[(104, 227)]
228	104	120	    -2.88026	    -2.88026	     101.753	 6	[(104, 228)]
229	104	121	     -4.9754	     -4.9754	     104.351	 6	[(104, 229)]
230	104	122	    -8.60129	    -8.60129	     105.947	 6	[(104, 230)]
231	104	123	    -8.60129	      -7.994	     106.391	 6	[(104, 231)]
232	104	124	    -8.60129	    -7.54096	     106.489	 6	[(104, 232)]
233	104	125	    -8.60129	    -7.40612	     106.354	 6	[(104, 233)]
234	104	126	    -8.60129	     -7.5878	      107.22	 6	[(104, 234)]
235	104	127	    -9.23411	    -9.23411	     109.645	 6	[(104, 235)]
236	104	129	    -9.31332	    -9.31332	     111.803	 6	[(104, 236)]
237	104	130	    -10.3423	    -10.3423	     112.848	 6	[(104, 237)]
238	104	131	    -10.3423	    -9.64637	     113.177	 6	[(104, 238)]
239	104	131	    -10.3423	    -9.64637	     113.177	 6	[(104, 239)]
240	104	131	    -10.3423	    -9.64637	     113.177	 6	[(104, 240)]
241	104	132	    -10.3423	    -5.76517	     113.747	 7	[(104, 241)]
242	104	134	    -10.3423	    -6.55671	     113.754	 7	[(104, 242)]
243	104	136	    -10.3423	    -7.28208	     117.886	 6	[(104, 243)]
244	104	137	    -10.3423	    -7.96474	     119.588	 6	[(104, 244)]
245	104	138	    -10.3423	    -9.13558	     120.736	 6	[(104, 245)]
246	104	139	    -10.3423	    -9.38855	     121.639	 6	[(104, 246)]
247	104	140	    -10.3423	    -10.0469	     122.648	 6	[(104, 247)]
248	104	141	    -10.3423	    -10.0673	     123.396	 6	[(104, 248)]
249	104	141	    -10.3423	    -10.0673	     123.396	 6	[(104, 249)]
250	104	142	    -10.3423	    -10.2301	     123.558	 6	[(104, 250)]
251	104	143	    -11.2842	    -11.2842	      124.82	 6	[(104, 251)]
252	104	145	    -11.2842	    -9.40013	     123.323	 6	[(104, 252)]
253	104	145	    -11.2842	    -9.40013	     123.323	 6	[(104, 253)]
254	104	146	    -11.2842	    -3.84719	     123.907	 7	[(104, 254)]
255	104	147	    -11.2842	    -4.93941	     125.322	 7	[(104, 255)]
256	104	148	    -11.2842	    -7.36985	     127.952	 7	[(104, 256)]
257	  2	250	    -11.2842	    -9.80798	     209.508	13	[(2, 257)]
258	  2	251	    -14.6647	    -14.6647	     210.763	13	[(2, 258)]
259	  2	252	    -16.9794	    -16.9794	     211.739	13	[(2, 259)]
260	  2	253	    -16.9794	    -16.4551	      212.29	13	[(2, 260)]
261	  2	254	    -16.9794	    -16.7853	     213.135	13	[(2, 261)]
262	  2	255	    -16.9794	    -16.2967	     212.885	13	[(2, 262)]
263	  2	256	    -16.9794	    -16.1495	     212.619	13	[(2, 263)]
264	  2	256	    -16.9794	    -16.1495	     212.619	13	[(2, 264)]
265	  2	256	    -16.9794	    -16.1495	     212.619	13	[(2, 265)]
266	  2	256	    -16.9794	    -16.1495	     212.619	13	[(2, 266)]
267	  2	256	    -16.9794	    -16.1495	     212.619	13	[(2, 267)]
268	  2	259	    -16.9794	    -16.2819	     212.732	13	[(2, 268)]
269	  2	259	    -16.9794	    -16.2819	     212.732	13	[(2, 269)]
270	  2	260	    -16.9794	    -10.9627	     218.634	14	[(2, 270)]
271	  2	261	    -16.9794	     -13.277	     220.289	14	[(2, 271)]
272	  2	262	    -16.9794	    -13.3498	     221.022	14	[(2, 272)]
273	  2	263	    -16.9794	    -12.9996	     221.495	14	[(2, 273)]
274	  2	264	    -16.9794	    -14.4904	     222.954	14	[(2, 274)]
275	  2	265	    -16.9794	    -14.0353	     223.317	14	[(2, 275)]
276	  2	266	    -16.9794	    -13.8019	     223.927	14	[(2, 276)]
277	  2	267	    -17.2609	    -17.2609	      226.19	14	[(2, 277)]
278	  2	268	    -17.6509	    -17.6509	      227.33	14	[(2, 278)]
279	  2	269	    -17.7676	    -17.7676	     228.248	14	[(2, 279)]
280	  2	270	    -18.8307	    -18.8307	     229.388	14	[(2, 280)]
281	  2	271	    -20.7635	    -20.7635	     230.768	14	[(2, 281)]
282	  2	272	     -21.353	     -21.353	     231.739	14	[(2, 282)]
283	  2	273	     -21.956	     -21.956	      232.68	14	[(2, 283)]
284	  2	274	    -23.1163	    -23.1163	     233.715	14	[(2, 284)]
285	  2	275	    -23.1163	    -22.8211	     234.269	14	[(2, 285)]
286	  2	276	    -23.1163	    -22.7082	     234.864	14	[(2, 286)]
287	  2	277	    -23.1163	     -22.351	     234.383	14	[(2, 287)]
288	  2	278	    -23.1163	    -22.2814	     234.232	14	[(2, 288)]
289	  2	278	    -23.1163	    -22.2814	     234.232	14	[(2, 289)]
290	  2	279	    -23.1163	    -17.7605	     234.543	15	[(2, 290)]
291	  2	280	    -23.1163	    -17.6514	     234.757	15	[(2, 291)]
292	  2	282	    -23.1163	    -22.4139	     234.378	14	[(2, 292)]
293	  2	283	    -23.1163	    -17.1314	     239.443	15	[(2, 293)]
294	  2	284	    -23.1163	    -18.1563	     238.445	15	[(2, 294)]
295	  2	285	    -23.1163	     -19.158	     240.605	15	[(2, 295)]
296	  2	286	    -23.1163	    -18.4823	      240.87	15	[(2, 296)]
297	  2	287	    -23.1163	    -18.2527	      240.93	15	[(2, 297)]
298	  2	287	    -23.1163	    -18.2527	      240.93	15	[(2, 298)]
