nresidues = 164
0 47 1.125
0 48 1.25
0 49 0.1875
1 42 0.0625
1 43 1.25
1 44 0.25
1 47 0.0625
1 48 0.125
1 50 0.125
2 42 1.25
3 6 0.375
3 9 0.3125
3 14 0.125
3 18 0.3125
3 40 0.0625
3 41 1.1875
3 42 0.1875
3 44 0.125
4 39 0.25
4 40 1.1875
5 9 0.1875
5 14 0.0625
5 36 0.0625
5 37 0.125
5 38 1.1875
5 39 0.0625
5 40 0.125
6 9 0.4375
7 38 0.0625
9 13 0.117188
9 14 0.117188
10 13 0.898438
10 14 0.117188
10 36 0.0625
11 14 0.742188
11 15 0.0390625
11 22 0.25
11 26 0.0625
11 27 0.0625
11 36 0.0625
12 15 0.78125
12 16 0.078125
12 22 0.125
13 16 0.703125
13 17 0.195312
14 17 0.78125
14 18 0.15625
15 18 0.703125
15 19 0.742188
15 20 0.195312
15 21 0.0390625
15 22 0.0390625
16 19 0.117188
16 117 0.0625
17 114 0.0625
17 115 1.4375
17 116 0.3125
17 117 0.125
18 44 0.25
18 95 0.0625
18 97 0.1875
18 115 0.0625
19 97 0.125
19 98 0.125
19 113 0.375
19 114 0.1875
19 116 0.1875
19 117 0.125
19 118 0.0625
19 119 0.125
20 26 0.078125
20 45 0.0625
21 24 0.1875
21 26 0.078125
22 26 0.742188
22 27 0.117188
23 26 0.664062
23 27 0.78125
23 28 0.078125
24 27 0.0390625
24 28 0.15625
25 28 1.32812
25 29 0.859375
25 30 0.078125
25 45 0.5
26 29 0.703125
26 30 0.234375
26 43 0.0625
27 30 0.898438
27 31 0.0390625
27 33 0.0625
29 43 0.1875
30 33 0.25
30 42 0.25
30 43 0.125
33 36 0.375
33 37 0.0625
33 42 0.0625
37 40 0.0625
44 47 0.0625
47 97 0.125
47 155 0.1875
48 53 0.0625
48 155 0.125
49 52 1.4375
50 53 0.25
50 95 0.125
50 156 0.125
50 158 0.0625
51 158 0.1875
53 154 0.125
53 155 0.0625
53 156 0.25
53 157 0.0625
54 69 0.0625
54 70 1.4375
54 71 0.25
55 68 0.0625
55 69 1.3125
55 70 0.0625
55 75 0.0625
55 152 0.1875
55 157 0.1875
56 67 0.0625
56 68 1.1875
56 69 0.25
56 158 1.6875
56 160 0.25
57 66 0.1875
57 67 1.1875
57 68 0.0625
57 158 0.1875
57 159 1.375
57 160 0.1875
58 65 0.0625
58 66 1.25
58 67 0.25
58 160 1.25
59 65 1.1875
59 80 0.0625
59 139 0.125
59 160 0.1875
59 161 1.3125
59 162 0.125
60 63 1.25
60 64 1.1875
60 65 0.1875
60 162 1.1875
60 163 0.0625
61 64 0.25
61 89 0.0625
61 91 0.0625
61 161 0.125
61 162 0.25
61 163 0.0625
64 78 0.0625
64 79 1.1875
64 80 0.5625
64 82 0.0625
64 131 0.1875
65 78 1.25
65 80 0.25
66 77 1.1875
66 78 0.375
66 80 0.0625
67 74 0.125
67 76 1.25
67 77 0.0625
68 74 1.25
68 75 1.25
68 76 0.125
68 153 0.0625
69 73 1.5
69 74 0.0625
70 73 0.3125
70 75 0.0625
76 148 0.1875
78 141 0.1875
78 145 0.4375
78 148 0.375
79 130 0.25
80 130 1.3125
80 131 1.1875
80 139 0.125
80 140 1.375
81 129 0.0625
81 132 1.25
81 138 0.0625
81 139 1.1875
81 140 0.25
82 88 0.0390625
82 89 0.15625
82 132 0.0625
82 133 1.25
82 134 1.25
82 135 0.3125
83 87 0.78125
83 88 0.0390625
83 89 0.0390625
83 133 0.1875
83 134 0.125
83 135 1.3125
84 87 0.820312
84 88 0.117188
84 133 0.125
84 134 0.1875
84 135 0.125
85 88 0.117188
87 135 0.1875
87 136 1.5625
87 137 0.0625
88 137 1.125
88 163 0.125
89 137 0.3125
89 138 0.0625
89 139 0.0625
90 94 0.25
90 119 0.125
90 161 0.1875
91 94 0.25
91 161 1.375
91 163 0.0625
92 159 0.0625
92 160 1.1875
92 161 0.1875
93 159 1.25
93 160 0.5
94 115 0.375
94 116 0.0625
94 158 1.25
94 159 0.5
94 161 0.1875
95 113 0.0625
95 114 1.25
95 115 0.25
95 156 0.0625
95 157 1.25
95 158 0.0625
96 99 0.0625
96 113 1.25
96 121 0.0625
96 155 1.375
96 156 0.0625
96 157 0.125
96 159 0.0625
97 113 1.3125
97 114 0.125
97 115 0.1875
97 155 0.4375
98 112 1.3125
98 113 0.25
98 155 0.125
99 110 0.125
99 111 1.3125
99 112 0.25
99 150 0.3125
99 153 0.25
99 154 0.25
99 155 0.3125
100 103 0.0625
100 110 1.625
100 111 0.1875
101 109 1.1875
101 110 0.625
102 108 1.25
102 109 0.125
103 107 0.1875
103 108 1.1875
103 109 0.125
103 110 0.3125
104 107 1.4375
104 108 0.0625
105 125 0.625
106 122 0.125
106 123 0.0625
106 124 0.0625
106 125 0.1875
107 110 0.125
107 111 0.125
107 122 1.25
107 123 0.3125
108 123 0.0625
108 143 0.25
109 143 0.25
109 147 0.125
110 122 1.25
110 146 0.0625
110 150 0.1875
111 118 0.0625
111 119 0.25
111 120 0.125
111 121 1.1875
111 122 0.25
111 138 0.125
112 120 1.25
112 121 0.375
113 119 1.25
113 120 0.0625
114 119 0.25
114 120 0.1875
114 121 0.0625
114 159 0.0625
116 119 0.3125
118 138 0.0625
119 137 0.3125
119 138 0.125
120 138 1.25
120 139 0.0625
121 139 1.1875
121 141 0.125
122 138 0.1875
122 139 0.125
122 140 1.3125
122 141 0.1875
122 146 0.0625
123 141 1.1875
123 143 0.1875
123 146 0.0625
124 127 0.0625
124 129 0.0625
124 130 0.0625
124 141 0.0625
124 143 0.1875
126 129 0.375
127 130 0.3125
127 142 0.0625
129 132 0.1875
129 134 0.125
129 140 0.125
130 141 0.1875
130 142 0.5625
134 140 0.125
135 138 0.1875
135 140 0.25
141 145 0.0390625
141 146 0.078125
141 149 0.0625
142 145 0.820312
142 146 0.0390625
143 146 0.859375
143 147 0.15625
144 147 0.742188
144 148 0.078125
145 148 0.820312
145 149 0.078125
146 149 0.820312
146 150 0.078125
147 150 0.78125
147 151 0.117188
148 151 0.742188
148 152 0.117188
149 152 0.78125
149 153 0.117188
150 153 0.0390625
153 157 0.1875
154 157 0.375
