nresidues = 141
0 4 0.695372
0 5 0.173843
0 8 0.139074
0 108 2.36426
0 109 0.139074
1 4 2.78149
1 5 0.347686
1 76 2.78149
1 106 0.139074
2 5 1.73843
2 6 0.173843
2 76 0.278149
2 77 0.278149
2 78 0.278149
2 79 0.556298
2 106 0.556298
3 6 1.73843
3 7 0.173843
3 70 1.1126
3 72 0.556298
4 7 1.65151
4 8 0.173843
5 8 1.82535
5 9 0.260766
5 104 0.139074
5 106 0.278149
5 109 0.417223
5 111 0.278149
6 9 2.08612
6 10 0.260766
6 68 0.139074
6 70 0.139074
6 104 0.417223
6 114 0.278149
7 10 1.73843
7 11 0.0869215
7 70 0.278149
8 11 1.73843
8 12 0.347686
8 24 0.139074
9 12 1.73843
9 13 0.173843
9 21 0.834446
9 24 0.278149
10 13 1.73843
10 14 0.260766
10 65 0.834446
10 68 0.139074
10 83 0.556298
11 14 1.91227
11 15 0.956137
12 15 1.73843
12 16 1.65151
12 17 0.173843
12 20 0.417223
12 21 0.139074
12 24 0.139074
13 16 0.0869215
13 21 0.973521
13 57 0.278149
13 65 0.139074
14 63 0.417223
14 64 0.556298
14 65 0.695372
16 58 0.417223
17 20 1.91227
17 21 0.173843
18 21 1.73843
18 22 0.260766
18 51 0.278149
18 54 0.139074
19 22 1.82535
19 23 0.869215
19 47 0.278149
19 48 1.1126
19 51 2.36426
20 23 1.91227
20 24 0.173843
21 24 0.260766
21 25 0.347686
21 31 0.139074
21 50 0.139074
21 54 0.278149
21 114 0.139074
22 25 0.347686
22 47 0.417223
22 50 0.278149
22 51 0.278149
22 54 0.139074
24 110 2.64241
24 111 0.556298
25 30 0.139074
25 47 0.417223
25 50 0.278149
25 110 0.556298
25 111 3.33779
25 114 0.278149
26 29 0.139074
26 46 2.36426
26 47 0.278149
26 107 0.278149
26 110 0.556298
26 111 0.278149
26 112 0.417223
27 46 2.78149
27 47 0.695372
27 110 0.139074
29 44 0.139074
29 45 2.78149
29 46 0.278149
29 50 0.139074
29 111 0.139074
29 112 2.78149
30 43 0.834446
30 44 2.92056
30 50 0.139074
30 112 0.417223
30 113 2.92056
30 114 0.417223
31 43 2.64241
31 44 0.556298
31 50 0.139074
31 114 3.19871
32 42 2.92056
32 43 0.973521
32 113 0.417223
32 114 0.278149
32 115 3.33779
32 116 0.417223
33 42 0.695372
33 44 0.139074
33 116 0.417223
33 118 0.417223
34 115 0.973521
34 116 0.278149
34 117 1.1126
35 117 0.556298
35 118 0.695372
35 120 0.139074
36 42 0.139074
36 120 0.139074
37 40 1.52982
37 118 0.139074
37 124 0.417223
40 123 0.417223
40 127 0.278149
41 44 0.973521
44 50 0.0869215
44 53 0.556298
45 49 0.347686
46 49 1.73843
46 50 0.347686
47 50 1.73843
47 51 0.173843
47 110 0.139074
48 51 2.08612
48 52 0.173843
49 52 1.65151
49 53 0.260766
50 53 1.73843
50 54 0.260766
51 54 1.73843
51 55 0.434606
52 55 0.0869215
54 57 0.278149
55 58 0.139074
56 59 2.78149
56 60 0.417223
57 60 2.78149
57 61 0.417223
58 61 0.278149
59 90 0.695372
60 89 2.78149
60 90 0.973521
61 88 2.92056
62 87 2.78149
62 88 0.417223
63 86 2.92056
63 87 0.139074
64 84 0.139074
64 85 2.64241
64 86 0.556298
65 83 0.417223
65 84 2.92056
65 85 0.139074
65 100 0.417223
66 83 0.695372
66 84 0.973521
68 81 0.417223
68 82 2.78149
68 83 0.139074
69 81 2.78149
69 82 0.556298
70 79 0.139074
70 80 2.78149
70 81 0.139074
71 80 0.695372
71 82 0.695372
73 78 0.834446
75 78 0.556298
77 104 0.139074
77 105 2.78149
77 106 1.66889
78 103 0.139074
78 104 2.78149
78 105 0.139074
79 102 0.139074
79 103 2.64241
79 104 0.278149
80 101 0.278149
80 102 2.78149
81 100 0.139074
81 101 2.78149
81 102 0.278149
82 100 2.92056
83 99 2.64241
83 100 1.94704
83 102 0.278149
84 97 0.139074
84 98 3.47686
84 99 0.834446
84 100 0.278149
85 96 0.139074
85 97 2.78149
85 98 0.417223
85 100 0.139074
86 96 2.78149
87 95 2.78149
87 96 0.695372
88 93 0.139074
88 94 2.78149
89 92 2.92056
89 93 2.64241
89 94 0.417223
89 126 0.139074
92 126 0.417223
92 127 0.556298
92 128 0.278149
93 126 2.36426
94 126 0.278149
95 125 2.36426
95 126 0.417223
96 122 0.139074
96 123 0.139074
96 126 0.417223
97 122 0.973521
98 118 1.1126
98 119 0.834446
98 122 0.417223
98 123 0.139074
99 118 2.64241
100 116 0.139074
100 117 2.92056
100 118 0.556298
101 115 0.139074
101 116 2.36426
101 117 1.1126
102 114 0.278149
102 115 2.64241
103 113 0.139074
103 114 2.64241
103 115 0.556298
104 113 2.64241
104 114 0.278149
105 111 2.78149
105 112 2.78149
105 113 0.278149
106 110 2.92056
107 110 0.417223
107 112 0.278149
118 123 0.0869215
119 122 1.82535
119 123 0.0869215
120 123 1.73843
120 124 0.347686
121 124 1.73843
121 125 0.260766
122 125 1.82535
122 126 0.0869215
123 126 1.73843
123 127 0.782292
124 127 1.73843
124 128 0.0869215
125 128 0.260766
