nresidues = 282
1 4 2.48895
1 5 0.177782
2 5 1.77782
2 6 0.177782
2 78 0.142226
2 93 0.142226
2 106 0.284452
3 6 1.77782
4 7 1.68893
4 8 0.0888912
5 8 1.77782
5 9 0.266675
5 56 0.284452
5 74 0.142226
5 78 0.284452
6 9 0.266675
6 14 0.711129
6 78 0.426678
6 81 0.284452
6 82 0.853355
6 85 0.426678
8 52 0.142226
8 56 0.284452
9 13 0.266675
9 14 0.533347
9 17 0.142226
9 53 0.284452
9 56 0.142226
9 58 0.142226
9 78 0.142226
10 13 1.77782
10 14 0.355565
11 14 1.77782
11 15 0.355565
12 15 1.95561
12 16 0.266675
12 41 0.284452
12 49 0.142226
13 16 1.77782
13 17 0.444455
13 49 0.142226
14 17 2.13339
14 18 0.177782
14 78 0.426678
14 82 3.55565
15 18 1.77782
15 19 0.177782
15 39 0.711129
15 40 0.426678
15 41 0.142226
16 19 1.77782
16 20 0.0888912
16 35 0.142226
16 41 0.284452
16 46 0.142226
16 49 0.284452
16 50 0.284452
17 20 1.77782
17 21 0.177782
17 58 0.142226
17 71 0.284452
17 79 0.426678
18 21 1.77782
18 22 0.711129
18 38 0.142226
18 79 0.853355
18 83 0.142226
19 22 1.51115
19 23 0.355565
19 35 0.284452
19 38 0.711129
20 23 1.77782
20 24 0.0888912
20 30 0.284452
20 35 0.142226
20 59 0.142226
20 71 0.284452
21 24 0.355565
21 71 0.142226
21 79 1.56448
21 83 0.142226
21 147 0.142226
22 25 0.177782
22 38 0.284452
22 83 0.142226
23 26 1.60004
23 27 0.355565
23 30 0.426678
23 34 0.142226
23 38 0.142226
24 27 0.444455
24 70 0.142226
24 143 0.142226
24 144 0.142226
27 30 0.142226
27 31 1.13781
27 34 0.142226
28 69 0.142226
28 70 0.284452
28 140 0.142226
29 60 0.853355
29 62 0.853355
29 66 0.711129
29 68 0.853355
29 69 3.27119
29 70 0.568903
30 35 0.266675
30 66 0.142226
30 68 2.98674
30 69 0.568903
31 34 1.77782
31 35 0.177782
31 66 0.284452
31 67 2.84452
32 35 1.77782
32 36 0.177782
32 46 0.142226
32 47 0.426678
32 50 0.142226
32 67 0.711129
33 36 1.86671
33 37 0.266675
33 43 0.568903
34 37 2.13339
34 38 0.177782
35 38 1.68893
35 39 0.177782
35 50 0.142226
35 69 0.142226
36 39 1.68893
36 40 1.68893
36 41 0.533347
36 42 0.266675
36 43 0.266675
37 40 0.177782
41 45 0.355565
42 45 1.77782
42 46 0.177782
43 46 1.86671
43 47 0.177782
44 47 1.86671
44 48 0.444455
45 48 1.77782
45 49 0.355565
46 49 1.77782
46 50 0.355565
47 50 1.77782
47 51 0.533347
47 67 1.28003
48 51 1.77782
48 52 0.0888912
49 52 1.77782
49 53 0.444455
50 53 1.86671
50 54 0.177782
50 59 0.142226
50 61 0.426678
50 69 0.426678
51 54 1.77782
51 55 0.533347
52 55 1.86671
52 56 0.622239
53 56 1.77782
53 57 1.68893
53 58 1.68893
53 59 0.266675
54 57 0.0888912
54 59 0.355565
54 61 0.284452
57 72 0.568903
57 74 0.711129
58 71 2.70229
58 72 0.426678
58 74 2.41784
58 75 0.568903
58 78 0.142226
59 70 2.98674
59 72 0.284452
60 69 2.70229
60 70 0.284452
61 68 2.70229
61 69 0.568903
62 66 2.70229
62 67 2.70229
62 68 0.284452
63 66 0.284452
63 67 0.426678
71 75 0.533347
71 76 0.444455
71 143 0.284452
72 75 1.77782
72 76 0.177782
72 142 0.142226
73 76 1.77782
73 77 0.622239
73 99 0.142226
73 104 0.142226
73 120 0.568903
73 121 0.426678
73 122 0.853355
73 142 0.568903
73 174 0.284452
74 77 1.77782
74 78 0.177782
75 78 1.77782
75 79 0.177782
76 79 1.77782
76 80 0.355565
76 142 0.142226
76 143 0.426678
76 174 1.42226
77 80 1.86671
77 81 0.177782
77 120 1.56448
77 174 0.711129
78 81 1.77782
78 82 0.177782
79 82 1.77782
79 83 0.888912
80 83 1.77782
80 84 0.266675
80 172 0.426678
80 173 0.568903
80 174 0.426678
80 175 0.142226
81 84 1.77782
81 85 0.266675
81 93 0.284452
82 85 1.86671
82 86 0.888912
83 86 1.77782
83 87 0.266675
83 172 1.13781
84 87 1.95561
84 88 1.60004
84 89 1.68893
84 90 0.0888912
84 118 0.142226
84 170 0.142226
84 172 0.284452
84 175 0.142226
85 88 0.0888912
85 90 0.266675
89 110 0.426678
89 113 0.284452
89 177 0.284452
90 109 2.41784
90 177 0.284452
91 109 2.84452
91 110 0.568903
91 111 1.28003
92 108 2.70229
92 109 0.142226
93 106 0.284452
93 107 2.70229
93 118 0.142226
93 120 0.284452
94 106 0.142226
94 107 2.84452
95 106 3.12897
95 107 0.711129
96 105 2.98674
96 106 0.711129
97 105 2.84452
97 107 0.284452
97 117 0.142226
97 180 0.142226
98 104 2.70229
98 105 0.426678
99 103 2.98674
99 104 0.426678
99 122 0.568903
100 103 0.284452
100 122 0.426678
101 122 0.426678
101 123 0.142226
102 121 2.84452
102 122 0.853355
102 123 0.426678
103 119 0.426678
103 120 2.84452
104 118 0.142226
104 119 2.70229
104 120 0.568903
105 117 0.142226
105 118 2.70229
105 119 0.142226
106 117 2.98674
106 118 0.711129
106 120 0.568903
107 115 0.142226
107 116 2.84452
108 114 0.142226
108 115 3.27119
108 116 0.995581
108 177 0.142226
109 114 3.69787
109 115 0.284452
110 113 3.55565
110 114 0.711129
113 116 0.142226
113 169 1.84894
115 179 2.41784
115 180 0.284452
116 169 0.284452
116 177 0.142226
116 178 2.98674
117 176 0.142226
117 177 2.84452
117 178 0.711129
117 180 0.142226
118 175 0.142226
118 176 2.84452
119 153 0.711129
119 174 0.142226
119 175 2.70229
119 176 0.284452
119 234 0.426678
120 174 3.55565
120 175 0.284452
121 146 0.284452
121 149 0.142226
121 150 0.568903
121 153 0.568903
121 174 0.995581
121 176 0.142226
122 142 0.711129
123 149 0.284452
141 144 1.77782
141 145 0.355565
142 145 1.77782
142 146 0.177782
143 146 1.77782
143 147 0.355565
144 147 1.77782
144 148 0.266675
145 148 1.77782
145 149 0.266675
146 149 1.77782
146 150 0.177782
147 150 1.77782
147 151 0.177782
147 171 0.142226
147 173 0.853355
148 151 1.95561
148 152 0.177782
149 152 1.77782
149 153 0.177782
149 236 0.284452
150 153 1.77782
150 154 0.177782
150 171 0.853355
150 173 0.142226
150 174 0.568903
150 176 0.426678
151 154 1.77782
151 155 1.51115
151 171 1.56448
152 155 1.77782
152 156 0.177782
152 235 2.56007
152 236 0.568903
152 237 0.142226
152 238 0.853355
153 156 1.77782
153 157 0.444455
153 233 0.142226
153 234 0.568903
153 235 0.711129
153 236 0.142226
154 157 1.77782
154 158 0.711129
154 168 0.284452
154 169 0.142226
154 170 0.995581
154 171 0.568903
155 158 1.77782
155 159 0.355565
156 159 1.77782
156 160 0.355565
156 235 0.142226
156 238 0.142226
157 160 1.77782
157 161 0.444455
157 165 0.142226
157 166 0.284452
157 168 0.711129
157 235 0.284452
158 161 0.355565
158 168 0.142226
159 211 0.568903
159 213 0.142226
159 240 0.568903
160 163 0.426678
160 165 0.142226
160 208 0.568903
160 211 0.568903
160 213 0.284452
160 235 0.284452
161 165 0.142226
161 166 0.426678
161 167 1.13781
161 168 0.284452
161 211 0.568903
163 204 0.284452
163 207 0.284452
163 208 0.142226
163 211 0.711129
164 204 0.568903
164 230 0.142226
164 231 2.98674
164 232 0.284452
165 208 0.284452
165 232 0.426678
165 235 0.284452
166 178 0.284452
166 179 0.711129
166 232 0.142226
166 233 0.142226
167 178 2.84452
167 179 1.28003
168 176 0.142226
168 177 2.98674
169 177 3.12897
169 178 0.853355
169 179 0.426678
170 176 2.98674
170 177 0.426678
171 175 3.12897
172 175 0.711129
181 224 0.284452
181 231 0.426678
183 224 0.284452
183 225 2.98674
183 231 0.284452
184 188 0.284452
184 189 0.142226
184 224 3.27119
184 225 0.426678
185 188 2.84452
185 189 0.142226
185 220 2.41784
185 221 0.995581
185 223 2.70229
185 224 0.284452
186 189 0.568903
186 220 2.84452
186 223 0.284452
186 225 0.142226
186 260 0.426678
186 261 0.284452
187 220 0.568903
187 221 1.56448
187 260 0.142226
189 225 0.426678
189 265 0.142226
190 265 0.568903
191 194 0.426678
191 265 0.426678
193 196 2.22228
193 197 0.266675
194 197 1.77782
194 198 0.177782
194 261 0.426678
194 265 0.995581
194 267 0.142226
195 198 1.77782
195 199 0.444455
195 267 0.568903
196 199 1.77782
196 200 0.266675
197 200 1.95561
197 201 0.355565
197 261 0.284452
198 201 1.77782
198 202 0.355565
198 261 0.426678
198 269 0.142226
199 202 1.86671
199 203 0.177782
199 269 0.568903
200 203 1.77782
200 204 0.266675
200 230 0.142226
201 204 1.77782
201 205 0.266675
201 223 0.142226
201 230 0.284452
201 261 0.284452
202 205 1.77782
202 206 0.177782
202 257 0.142226
203 206 1.77782
203 207 0.800019
204 207 1.95561
204 208 0.622239
204 232 0.142226
205 208 1.77782
205 209 0.177782
205 218 0.142226
205 278 0.142226
206 209 1.77782
206 210 0.177782
207 210 1.77782
207 211 0.177782
208 211 1.77782
208 212 1.77782
208 213 2.13339
208 232 0.284452
208 235 0.426678
209 212 0.0888912
209 213 0.0888912
209 241 0.142226
209 246 0.284452
209 250 0.142226
209 278 0.284452
209 279 0.853355
212 240 2.98674
212 241 0.853355
213 239 2.70229
214 238 2.84452
214 239 0.568903
214 241 0.142226
214 249 0.284452
214 250 0.284452
214 253 0.284452
215 218 0.284452
215 232 0.284452
215 233 0.568903
215 234 0.711129
215 235 0.426678
215 237 2.70229
215 238 0.426678
215 253 0.853355
216 237 0.142226
216 249 0.142226
216 252 0.426678
216 253 0.568903
217 222 0.995581
217 234 0.142226
217 237 0.284452
217 253 0.568903
218 223 0.142226
218 253 0.711129
218 256 0.142226
218 257 0.284452
219 222 2.84452
219 223 0.142226
219 257 0.142226
220 260 1.99116
222 232 2.84452
222 233 0.995581
222 234 1.28003
223 231 2.98674
224 229 0.142226
224 230 2.98674
224 231 0.568903
224 233 0.284452
225 229 2.70229
225 230 0.142226
226 229 0.853355
226 231 0.284452
232 235 0.284452
235 238 0.568903
237 252 0.142226
239 243 0.711129
240 243 0.853355
240 246 0.142226
241 246 0.711129
242 246 0.568903
243 246 0.568903
245 248 2.0445
245 249 0.444455
246 249 1.77782
246 250 0.177782
246 279 0.284452
247 250 1.77782
247 251 1.15558
247 279 0.426678
248 251 1.86671
248 252 0.177782
249 252 1.77782
249 253 0.355565
250 253 1.77782
250 254 0.177782
251 254 1.86671
251 255 0.177782
251 275 0.711129
252 255 2.22228
252 256 0.533347
253 256 1.68893
253 257 0.266675
254 257 1.68893
254 258 0.444455
254 275 0.284452
254 278 0.142226
255 258 1.68893
255 259 0.355565
255 271 0.142226
256 259 1.77782
256 260 0.177782
257 260 1.77782
257 261 0.177782
258 261 1.86671
258 262 0.177782
258 269 0.284452
258 271 0.284452
258 274 0.142226
259 262 1.77782
259 263 0.711129
259 271 0.142226
260 263 1.77782
260 264 0.888912
261 264 1.68893
261 265 1.86671
261 266 1.51115
261 267 0.444455
262 265 1.60004
262 266 0.266675
262 267 0.177782
270 273 1.95561
270 274 0.177782
271 274 1.77782
271 275 0.444455
272 275 1.77782
272 276 0.711129
273 276 1.86671
273 277 0.177782
274 277 1.68893
274 278 0.266675
275 278 1.77782
275 279 0.444455
276 279 1.68893
276 280 0.266675
277 280 0.711129
