nresidues = 282
1 4 1.09375
1 5 0.078125
2 5 0.78125
2 6 0.078125
2 78 0.0625
2 93 0.0625
2 106 0.125
3 6 0.78125
4 7 0.742188
4 8 0.0390625
5 8 0.78125
5 9 0.117188
5 56 0.125
5 74 0.0625
5 78 0.125
6 9 0.117188
6 14 0.3125
6 78 0.1875
6 81 0.125
6 82 0.375
6 85 0.1875
8 52 0.0625
8 56 0.125
9 13 0.117188
9 14 0.234375
9 17 0.0625
9 53 0.125
9 56 0.0625
9 58 0.0625
9 78 0.0625
10 13 0.78125
10 14 0.15625
11 14 0.78125
11 15 0.15625
12 15 0.859375
12 16 0.117188
12 41 0.125
12 49 0.0625
13 16 0.78125
13 17 0.195312
13 49 0.0625
14 17 0.9375
14 18 0.078125
14 78 0.1875
14 82 1.5625
15 18 0.78125
15 19 0.078125
15 39 0.3125
15 40 0.1875
15 41 0.0625
16 19 0.78125
16 20 0.0390625
16 35 0.0625
16 41 0.125
16 46 0.0625
16 49 0.125
16 50 0.125
17 20 0.78125
17 21 0.078125
17 58 0.0625
17 71 0.125
17 79 0.1875
18 21 0.78125
18 22 0.3125
18 38 0.0625
18 79 0.375
18 83 0.0625
19 22 0.664062
19 23 0.15625
19 35 0.125
19 38 0.3125
20 23 0.78125
20 24 0.0390625
20 30 0.125
20 35 0.0625
20 59 0.0625
20 71 0.125
21 24 0.15625
21 71 0.0625
21 79 0.6875
21 83 0.0625
21 147 0.0625
22 25 0.078125
22 38 0.125
22 83 0.0625
23 26 0.703125
23 27 0.15625
23 30 0.1875
23 34 0.0625
23 38 0.0625
24 27 0.195312
24 70 0.0625
24 143 0.0625
24 144 0.0625
27 30 0.0625
27 31 0.5
27 34 0.0625
28 69 0.0625
28 70 0.125
28 140 0.0625
29 60 0.375
29 62 0.375
29 66 0.3125
29 68 0.375
29 69 1.4375
29 70 0.25
30 35 0.117188
30 66 0.0625
30 68 1.3125
30 69 0.25
31 34 0.78125
31 35 0.078125
31 66 0.125
31 67 1.25
32 35 0.78125
32 36 0.078125
32 46 0.0625
32 47 0.1875
32 50 0.0625
32 67 0.3125
33 36 0.820312
33 37 0.117188
33 43 0.25
34 37 0.9375
34 38 0.078125
35 38 0.742188
35 39 0.078125
35 50 0.0625
35 69 0.0625
36 39 0.742188
36 40 0.742188
36 41 0.234375
36 42 0.117188
36 43 0.117188
37 40 0.078125
41 45 0.15625
42 45 0.78125
42 46 0.078125
43 46 0.820312
43 47 0.078125
44 47 0.820312
44 48 0.195312
45 48 0.78125
45 49 0.15625
46 49 0.78125
46 50 0.15625
47 50 0.78125
47 51 0.234375
47 67 0.5625
48 51 0.78125
48 52 0.0390625
49 52 0.78125
49 53 0.195312
50 53 0.820312
50 54 0.078125
50 59 0.0625
50 61 0.1875
50 69 0.1875
51 54 0.78125
51 55 0.234375
52 55 0.820312
52 56 0.273438
53 56 0.78125
53 57 0.742188
53 58 0.742188
53 59 0.117188
54 57 0.0390625
54 59 0.15625
54 61 0.125
57 72 0.25
57 74 0.3125
58 71 1.1875
58 72 0.1875
58 74 1.0625
58 75 0.25
58 78 0.0625
59 70 1.3125
59 72 0.125
60 69 1.1875
60 70 0.125
61 68 1.1875
61 69 0.25
62 66 1.1875
62 67 1.1875
62 68 0.125
63 66 0.125
63 67 0.1875
71 75 0.234375
71 76 0.195312
71 143 0.125
72 75 0.78125
72 76 0.078125
72 142 0.0625
73 76 0.78125
73 77 0.273438
73 99 0.0625
73 104 0.0625
73 120 0.25
73 121 0.1875
73 122 0.375
73 142 0.25
73 174 0.125
74 77 0.78125
74 78 0.078125
75 78 0.78125
75 79 0.078125
76 79 0.78125
76 80 0.15625
76 142 0.0625
76 143 0.1875
76 174 0.625
77 80 0.820312
77 81 0.078125
77 120 0.6875
77 174 0.3125
78 81 0.78125
78 82 0.078125
79 82 0.78125
79 83 0.390625
80 83 0.78125
80 84 0.117188
80 172 0.1875
80 173 0.25
80 174 0.1875
80 175 0.0625
81 84 0.78125
81 85 0.117188
81 93 0.125
82 85 0.820312
82 86 0.390625
83 86 0.78125
83 87 0.117188
83 172 0.5
84 87 0.859375
84 88 0.703125
84 89 0.742188
84 90 0.0390625
84 118 0.0625
84 170 0.0625
84 172 0.125
84 175 0.0625
85 88 0.0390625
85 90 0.117188
89 110 0.1875
89 113 0.125
89 177 0.125
90 109 1.0625
90 177 0.125
91 109 1.25
91 110 0.25
91 111 0.5625
92 108 1.1875
92 109 0.0625
93 106 0.125
93 107 1.1875
93 118 0.0625
93 120 0.125
94 106 0.0625
94 107 1.25
95 106 1.375
95 107 0.3125
96 105 1.3125
96 106 0.3125
97 105 1.25
97 107 0.125
97 117 0.0625
97 180 0.0625
98 104 1.1875
98 105 0.1875
99 103 1.3125
99 104 0.1875
99 122 0.25
100 103 0.125
100 122 0.1875
101 122 0.1875
101 123 0.0625
102 121 1.25
102 122 0.375
102 123 0.1875
103 119 0.1875
103 120 1.25
104 118 0.0625
104 119 1.1875
104 120 0.25
105 117 0.0625
105 118 1.1875
105 119 0.0625
106 117 1.3125
106 118 0.3125
106 120 0.25
107 115 0.0625
107 116 1.25
108 114 0.0625
108 115 1.4375
108 116 0.4375
108 177 0.0625
109 114 1.625
109 115 0.125
110 113 1.5625
110 114 0.3125
113 116 0.0625
113 169 0.8125
115 179 1.0625
115 180 0.125
116 169 0.125
116 177 0.0625
116 178 1.3125
117 176 0.0625
117 177 1.25
117 178 0.3125
117 180 0.0625
118 175 0.0625
118 176 1.25
119 153 0.3125
119 174 0.0625
119 175 1.1875
119 176 0.125
119 234 0.1875
120 174 1.5625
120 175 0.125
121 146 0.125
121 149 0.0625
121 150 0.25
121 153 0.25
121 174 0.4375
121 176 0.0625
122 142 0.3125
123 149 0.125
141 144 0.78125
141 145 0.15625
142 145 0.78125
142 146 0.078125
143 146 0.78125
143 147 0.15625
144 147 0.78125
144 148 0.117188
145 148 0.78125
145 149 0.117188
146 149 0.78125
146 150 0.078125
147 150 0.78125
147 151 0.078125
147 171 0.0625
147 173 0.375
148 151 0.859375
148 152 0.078125
149 152 0.78125
149 153 0.078125
149 236 0.125
150 153 0.78125
150 154 0.078125
150 171 0.375
150 173 0.0625
150 174 0.25
150 176 0.1875
151 154 0.78125
151 155 0.664062
151 171 0.6875
152 155 0.78125
152 156 0.078125
152 235 1.125
152 236 0.25
152 237 0.0625
152 238 0.375
153 156 0.78125
153 157 0.195312
153 233 0.0625
153 234 0.25
153 235 0.3125
153 236 0.0625
154 157 0.78125
154 158 0.3125
154 168 0.125
154 169 0.0625
154 170 0.4375
154 171 0.25
155 158 0.78125
155 159 0.15625
156 159 0.78125
156 160 0.15625
156 235 0.0625
156 238 0.0625
157 160 0.78125
157 161 0.195312
157 165 0.0625
157 166 0.125
157 168 0.3125
157 235 0.125
158 161 0.15625
158 168 0.0625
159 211 0.25
159 213 0.0625
159 240 0.25
160 163 0.1875
160 165 0.0625
160 208 0.25
160 211 0.25
160 213 0.125
160 235 0.125
161 165 0.0625
161 166 0.1875
161 167 0.5
161 168 0.125
161 211 0.25
163 204 0.125
163 207 0.125
163 208 0.0625
163 211 0.3125
164 204 0.25
164 230 0.0625
164 231 1.3125
164 232 0.125
165 208 0.125
165 232 0.1875
165 235 0.125
166 178 0.125
166 179 0.3125
166 232 0.0625
166 233 0.0625
167 178 1.25
167 179 0.5625
168 176 0.0625
168 177 1.3125
169 177 1.375
169 178 0.375
169 179 0.1875
170 176 1.3125
170 177 0.1875
171 175 1.375
172 175 0.3125
181 224 0.125
181 231 0.1875
183 224 0.125
183 225 1.3125
183 231 0.125
184 188 0.125
184 189 0.0625
184 224 1.4375
184 225 0.1875
185 188 1.25
185 189 0.0625
185 220 1.0625
185 221 0.4375
185 223 1.1875
185 224 0.125
186 189 0.25
186 220 1.25
186 223 0.125
186 225 0.0625
186 260 0.1875
186 261 0.125
187 220 0.25
187 221 0.6875
187 260 0.0625
189 225 0.1875
189 265 0.0625
190 265 0.25
191 194 0.1875
191 265 0.1875
193 196 0.976562
193 197 0.117188
194 197 0.78125
194 198 0.078125
194 261 0.1875
194 265 0.4375
194 267 0.0625
195 198 0.78125
195 199 0.195312
195 267 0.25
196 199 0.78125
196 200 0.117188
197 200 0.859375
197 201 0.15625
197 261 0.125
198 201 0.78125
198 202 0.15625
198 261 0.1875
198 269 0.0625
199 202 0.820312
199 203 0.078125
199 269 0.25
200 203 0.78125
200 204 0.117188
200 230 0.0625
201 204 0.78125
201 205 0.117188
201 223 0.0625
201 230 0.125
201 261 0.125
202 205 0.78125
202 206 0.078125
202 257 0.0625
203 206 0.78125
203 207 0.351562
204 207 0.859375
204 208 0.273438
204 232 0.0625
205 208 0.78125
205 209 0.078125
205 218 0.0625
205 278 0.0625
206 209 0.78125
206 210 0.078125
207 210 0.78125
207 211 0.078125
208 211 0.78125
208 212 0.78125
208 213 0.9375
208 232 0.125
208 235 0.1875
209 212 0.0390625
209 213 0.0390625
209 241 0.0625
209 246 0.125
209 250 0.0625
209 278 0.125
209 279 0.375
212 240 1.3125
212 241 0.375
213 239 1.1875
214 238 1.25
214 239 0.25
214 241 0.0625
214 249 0.125
214 250 0.125
214 253 0.125
215 218 0.125
215 232 0.125
215 233 0.25
215 234 0.3125
215 235 0.1875
215 237 1.1875
215 238 0.1875
215 253 0.375
216 237 0.0625
216 249 0.0625
216 252 0.1875
216 253 0.25
217 222 0.4375
217 234 0.0625
217 237 0.125
217 253 0.25
218 223 0.0625
218 253 0.3125
218 256 0.0625
218 257 0.125
219 222 1.25
219 223 0.0625
219 257 0.0625
220 260 0.875
222 232 1.25
222 233 0.4375
222 234 0.5625
223 231 1.3125
224 229 0.0625
224 230 1.3125
224 231 0.25
224 233 0.125
225 229 1.1875
225 230 0.0625
226 229 0.375
226 231 0.125
232 235 0.125
235 238 0.25
237 252 0.0625
239 243 0.3125
240 243 0.375
240 246 0.0625
241 246 0.3125
242 246 0.25
243 246 0.25
245 248 0.898438
245 249 0.195312
246 249 0.78125
246 250 0.078125
246 279 0.125
247 250 0.78125
247 251 0.507812
247 279 0.1875
248 251 0.820312
248 252 0.078125
249 252 0.78125
249 253 0.15625
250 253 0.78125
250 254 0.078125
251 254 0.820312
251 255 0.078125
251 275 0.3125
252 255 0.976562
252 256 0.234375
253 256 0.742188
253 257 0.117188
254 257 0.742188
254 258 0.195312
254 275 0.125
254 278 0.0625
255 258 0.742188
255 259 0.15625
255 271 0.0625
256 259 0.78125
256 260 0.078125
257 260 0.78125
257 261 0.078125
258 261 0.820312
258 262 0.078125
258 269 0.125
258 271 0.125
258 274 0.0625
259 262 0.78125
259 263 0.3125
259 271 0.0625
260 263 0.78125
260 264 0.390625
261 264 0.742188
261 265 0.820312
261 266 0.664062
261 267 0.195312
262 265 0.703125
262 266 0.117188
262 267 0.078125
270 273 0.859375
270 274 0.078125
271 274 0.78125
271 275 0.195312
272 275 0.78125
272 276 0.3125
273 276 0.820312
273 277 0.078125
274 277 0.742188
274 278 0.117188
275 278 0.78125
275 279 0.195312
276 279 0.742188
276 280 0.117188
277 280 0.3125
