nresidues = 330
9 325 0.455924
11 14 2.08965
11 15 0.189969
12 15 2.37461
12 16 0.47492
12 324 0.151975
12 325 0.455924
12 326 0.30395
13 16 1.89969
13 17 0.47492
13 314 0.30395
13 317 0.759874
13 324 0.151975
14 17 1.99467
14 18 0.189969
14 42 1.2158
14 68 0.455924
15 18 1.89969
15 19 0.189969
16 19 1.89969
16 20 0.189969
16 277 1.2158
16 314 0.607899
16 327 0.151975
17 20 1.89969
17 21 0.379937
17 42 0.30395
17 68 0.30395
17 69 0.30395
17 70 0.151975
17 251 0.151975
18 21 1.8047
18 22 0.189969
18 64 0.759874
18 68 0.911849
19 22 1.99467
19 23 0.189969
20 23 1.89969
20 24 0.664891
20 249 0.607899
20 251 1.36777
20 258 0.607899
20 276 0.607899
20 277 0.151975
21 60 0.607899
21 69 0.455924
21 250 1.06382
21 251 0.455924
22 60 0.911849
22 64 0.151975
23 60 0.455924
24 60 0.455924
25 249 0.607899
26 72 0.151975
26 248 3.19147
26 249 1.06382
26 250 0.151975
27 170 0.759874
27 247 0.151975
27 248 0.759874
27 249 0.151975
27 261 0.151975
28 32 0.151975
28 37 0.151975
28 59 0.30395
28 247 0.151975
29 32 0.455924
29 35 0.455924
29 74 0.759874
31 34 3.0395
31 35 1.06382
31 78 0.455924
31 184 0.607899
32 35 0.455924
32 37 0.30395
32 53 3.0395
32 54 0.151975
32 55 0.151975
33 53 0.151975
33 82 0.455924
34 78 3.0395
34 79 1.36777
34 82 0.607899
35 74 0.30395
35 75 0.911849
35 76 0.759874
35 77 0.30395
35 78 0.30395
35 82 0.455924
35 96 0.759874
36 49 1.36777
36 50 0.911849
36 51 3.19147
36 74 3.0395
36 75 0.759874
36 82 0.455924
36 242 0.151975
37 49 2.73555
37 50 2.58357
37 51 0.607899
37 52 0.30395
37 53 0.151975
37 59 0.151975
37 73 3.0395
37 74 0.30395
38 48 2.73555
38 72 2.73555
38 73 0.151975
38 244 0.151975
39 47 3.0395
39 48 0.30395
39 62 0.151975
39 69 0.30395
39 71 3.19147
39 72 0.151975
40 44 0.30395
40 45 0.30395
40 47 0.455924
40 69 3.0395
40 70 3.19147
40 71 0.911849
41 44 0.455924
41 46 0.151975
41 68 2.73555
42 68 0.911849
42 70 0.30395
47 73 0.455924
48 51 0.455924
48 62 0.151975
49 242 0.30395
50 82 0.151975
50 83 0.607899
50 84 0.455924
50 90 0.759874
51 62 0.607899
52 82 0.151975
52 83 0.151975
53 58 1.32978
53 59 0.47492
53 62 0.911849
54 58 0.664891
55 58 2.27962
55 59 0.0949843
56 59 1.99467
56 60 0.189969
57 60 1.99467
57 61 0.47492
58 61 1.89969
58 62 0.189969
59 62 1.89969
59 63 0.284954
60 63 1.89969
60 64 0.284954
61 64 1.8047
61 65 2.08965
62 65 1.8047
62 66 2.37461
62 67 2.56458
63 67 2.27962
63 68 0.284954
63 69 0.189969
63 72 0.151975
69 72 0.151975
70 251 0.151975
70 252 2.73555
70 253 0.759874
71 246 1.67172
71 252 0.30395
71 253 0.911849
71 254 0.151975
72 246 3.0395
72 247 1.67172
72 250 0.151975
73 244 0.30395
73 245 3.6474
73 246 1.36777
73 247 0.911849
74 244 3.6474
74 245 1.8237
74 247 0.455924
75 243 3.19147
75 244 0.151975
76 95 2.73555
76 96 0.30395
76 98 0.151975
76 241 0.151975
76 242 0.151975
76 243 0.911849
76 245 0.607899
77 92 0.455924
77 94 3.0395
77 95 0.30395
77 241 0.151975
78 92 2.88752
78 93 0.607899
78 94 0.607899
78 96 0.151975
78 184 0.455924
78 188 0.151975
79 87 0.151975
79 90 3.49542
79 91 3.49542
79 92 0.455924
79 242 0.759874
80 90 3.0395
80 91 0.455924
80 93 0.151975
81 84 0.455924
81 89 0.455924
81 90 0.607899
84 89 0.455924
84 90 0.607899
86 89 3.19147
86 90 0.455924
87 90 3.0395
87 242 0.151975
90 242 0.30395
92 95 1.2158
92 188 0.30395
92 189 0.30395
92 241 0.607899
94 188 3.19147
95 188 0.759874
95 195 1.2158
95 241 0.911849
96 181 2.58357
96 182 0.151975
96 183 0.151975
96 195 0.455924
97 180 2.88752
97 181 0.151975
97 195 0.30395
98 178 0.759874
98 179 2.88752
98 180 0.30395
98 237 2.73555
98 238 0.759874
98 245 0.455924
99 155 0.151975
99 159 0.151975
99 178 3.49542
99 179 0.911849
99 198 0.151975
99 233 0.455924
99 238 0.607899
100 177 3.19147
100 233 3.34345
100 237 0.151975
101 106 0.151975
101 148 0.151975
101 152 0.151975
101 232 3.19147
101 233 0.151975
102 105 3.34345
102 106 0.30395
102 232 0.455924
102 233 0.455924
103 106 3.0395
103 107 0.30395
103 175 0.151975
104 107 2.58357
104 175 1.06382
105 232 0.151975
106 147 1.51975
106 148 0.151975
107 144 1.06382
107 147 0.455924
109 138 0.151975
109 139 0.607899
109 140 0.607899
109 141 0.151975
109 144 0.151975
110 137 0.151975
110 138 3.19147
110 139 0.30395
111 136 0.455924
111 137 3.19147
111 138 0.151975
112 135 2.73555
112 136 3.34345
112 137 0.607899
113 121 3.19147
113 122 1.2158
113 123 0.30395
113 124 0.455924
113 134 1.2158
113 135 3.19147
113 136 0.455924
114 119 0.151975
114 120 3.49542
114 121 0.151975
114 134 3.34345
114 135 1.2158
114 286 0.151975
114 287 1.06382
114 320 0.455924
115 118 3.19147
115 119 2.88752
115 120 0.151975
115 127 0.607899
115 130 0.151975
116 132 0.151975
116 133 0.30395
116 135 0.151975
116 286 0.30395
117 130 1.2158
117 132 0.151975
117 302 0.759874
118 127 0.151975
118 130 0.455924
118 302 1.67172
119 286 0.151975
119 287 0.607899
120 129 0.151975
122 126 0.151975
122 134 0.455924
124 134 0.607899
125 133 3.19147
125 134 0.759874
126 132 3.19147
126 134 0.30395
127 130 3.19147
127 131 2.88752
127 132 0.30395
135 286 0.30395
135 320 0.30395
136 319 0.151975
136 320 0.30395
137 291 0.759874
137 292 0.151975
137 319 0.30395
137 321 1.51975
138 319 0.455924
139 291 1.2158
139 292 0.455924
140 145 0.189969
140 174 0.151975
140 175 0.759874
140 270 0.151975
140 292 0.151975
141 144 1.89969
141 145 0.0949843
141 292 0.759874
142 145 1.89969
142 146 0.47492
142 292 0.607899
143 146 1.89969
143 147 0.0949843
144 147 1.89969
145 148 1.8047
145 149 0.189969
145 175 0.30395
145 268 0.151975
145 270 0.30395
146 149 1.89969
146 150 0.379937
147 150 1.8047
147 151 0.0949843
148 151 1.89969
148 152 0.569906
149 152 2.08965
149 153 0.379937
149 177 0.30395
149 265 0.455924
149 268 0.151975
150 153 1.99467
150 154 0.189969
151 154 1.99467
151 155 0.189969
151 230 0.151975
151 231 0.911849
151 232 0.30395
152 155 1.99467
152 156 0.284954
152 177 0.455924
152 265 0.30395
153 156 1.89969
153 157 0.189969
153 265 0.911849
153 266 0.759874
154 157 1.99467
154 158 0.189969
154 228 0.607899
154 231 0.151975
155 158 1.89969
155 159 0.379937
155 179 0.151975
155 202 0.151975
155 233 0.30395
156 159 1.99467
156 160 0.759874
156 167 0.151975
156 169 0.151975
157 160 1.89969
157 161 2.08965
157 223 1.06382
157 226 0.455924
158 161 1.70972
158 162 2.08965
158 163 0.0949843
158 201 0.151975
158 202 0.30395
158 220 0.151975
158 223 0.607899
158 231 0.151975
159 162 1.61473
159 163 1.89969
159 164 1.89969
159 165 0.284954
159 167 0.30395
159 179 0.151975
160 163 1.70972
160 164 0.284954
160 165 0.284954
160 167 0.759874
162 201 0.759874
162 219 0.151975
162 223 1.36777
163 198 0.151975
163 201 0.607899
167 179 0.151975
167 180 2.88752
168 178 0.151975
168 179 3.0395
168 180 0.607899
168 182 0.30395
168 261 0.607899
169 177 0.151975
169 178 2.88752
169 261 3.49542
169 262 0.455924
169 265 0.151975
170 177 3.6474
170 178 0.759874
170 248 0.151975
170 260 3.49542
170 261 0.911849
171 174 0.30395
171 176 3.6474
171 177 0.607899
171 258 0.151975
171 259 0.30395
171 260 0.30395
172 175 0.30395
172 176 1.06382
172 246 0.151975
172 252 0.151975
172 259 0.151975
173 252 0.759874
173 255 0.455924
173 257 0.30395
173 258 0.151975
174 252 0.911849
174 255 0.151975
174 319 0.759874
177 262 0.151975
177 268 0.455924
180 245 0.30395
183 187 1.06382
183 188 0.455924
184 188 0.455924
185 188 0.30395
186 189 2.88752
187 190 1.06382
188 195 0.30395
190 194 0.664891
190 195 0.47492
190 198 0.151975
191 194 1.89969
191 195 0.379937
191 241 0.151975
192 195 2.08965
192 196 0.189969
192 239 0.607899
192 241 0.30395
193 196 1.89969
193 197 0.379937
194 197 2.27962
194 198 0.189969
195 198 1.89969
195 199 0.189969
195 238 0.455924
195 239 0.151975
196 199 1.89969
196 200 0.569906
196 239 0.607899
197 200 1.89969
197 201 0.189969
198 201 1.99467
198 202 0.284954
199 202 1.89969
199 203 0.47492
199 239 0.151975
200 203 1.89969
200 204 1.89969
200 205 0.949843
201 204 0.0949843
201 220 1.51975
202 230 2.58357
202 231 0.759874
202 233 0.151975
203 230 0.30395
203 231 0.151975
203 235 0.30395
204 207 0.455924
204 220 0.151975
207 220 1.2158
207 224 0.151975
208 224 0.455924
209 224 0.151975
210 213 0.151975
210 220 1.06382
210 221 1.67172
210 224 0.151975
210 225 0.911849
211 225 0.30395
212 225 0.151975
213 225 1.06382
214 217 0.455924
214 221 2.58357
214 222 0.151975
215 222 0.151975
215 225 0.151975
215 226 1.2158
216 222 0.151975
217 221 1.06382
217 222 0.607899
219 222 1.8047
219 223 0.569906
220 223 2.65956
220 224 0.664891
220 228 0.455924
220 229 0.30395
220 230 0.151975
221 224 1.61473
221 225 0.379937
222 225 1.89969
222 226 1.04483
223 226 2.56458
223 227 1.61473
223 228 2.37461
224 227 0.0949843
224 228 0.189969
234 237 3.34345
235 238 3.19147
235 239 1.2158
236 239 2.58357
236 240 0.607899
237 240 0.151975
237 243 0.759874
240 243 0.607899
246 250 0.151975
246 252 1.2158
246 259 0.30395
247 250 0.455924
248 259 3.49542
249 258 0.151975
249 259 0.151975
250 257 0.151975
250 258 2.88752
250 259 0.455924
251 256 0.151975
251 257 2.88752
251 258 0.151975
251 276 0.151975
251 277 0.151975
252 255 3.49542
252 256 0.151975
252 257 0.30395
253 318 0.607899
254 319 0.30395
255 315 0.911849
255 318 0.30395
256 276 0.151975
256 318 0.151975
257 274 3.79937
257 275 0.30395
257 294 0.151975
258 274 0.455924
258 276 0.30395
262 265 0.30395
262 268 0.30395
264 267 3.79937
265 268 0.151975
269 274 0.455924
270 274 0.455924
270 294 1.06382
271 274 0.455924
271 294 0.30395
272 275 0.455924
272 294 0.30395
272 309 0.151975
272 311 0.455924
275 311 0.455924
277 310 0.151975
277 311 0.151975
277 314 0.30395
278 309 2.58357
278 310 0.759874
279 309 2.73555
279 310 0.607899
279 327 0.151975
279 328 0.151975
280 307 0.30395
280 308 3.79937
280 309 0.455924
280 310 0.30395
280 327 3.49542
280 328 0.455924
281 306 0.151975
281 307 2.88752
281 308 0.607899
281 309 0.151975
281 310 0.455924
281 313 0.151975
281 324 0.455924
281 326 3.19147
282 306 3.19147
282 323 0.151975
282 324 2.88752
282 325 2.88752
282 326 0.30395
283 305 2.88752
283 306 0.759874
283 308 0.151975
283 313 0.30395
283 316 0.607899
283 317 0.151975
283 321 0.607899
283 322 1.2158
283 323 3.49542
284 303 0.30395
284 304 0.151975
284 322 3.0395
284 323 0.455924
284 325 0.30395
285 301 0.455924
285 302 2.88752
285 304 0.30395
285 321 3.19147
285 322 0.30395
286 302 1.06382
286 320 0.151975
286 321 1.2158
286 322 0.759874
286 323 0.759874
287 300 0.30395
287 301 2.88752
287 302 0.759874
288 300 3.49542
288 301 1.36777
288 302 0.30395
289 298 0.151975
289 299 3.0395
289 300 0.911849
289 321 0.151975
290 297 0.30395
290 298 2.88752
290 299 0.455924
291 296 0.151975
291 297 3.19147
291 298 0.30395
292 295 0.607899
292 296 3.34345
293 296 0.759874
293 298 0.30395
293 312 0.151975
293 315 0.30395
293 316 0.151975
298 312 0.151975
300 306 0.151975
301 304 0.607899
308 312 0.379937
309 312 1.89969
309 313 0.0949843
310 313 1.89969
310 314 0.379937
310 327 0.151975
311 314 1.70972
311 315 0.189969
312 315 2.18464
312 316 0.569906
313 316 1.89969
313 317 0.189969
313 324 0.151975
314 317 1.99467
314 318 0.47492
315 318 1.89969
315 319 0.759874
316 319 1.89969
316 320 1.61473
316 321 0.284954
317 320 0.0949843
317 322 0.664891
317 323 0.854857
317 324 0.284954
