nresidues = 209
0 4 0.078125
0 5 0.15625
0 8 0.125
1 4 0.898438
1 5 0.117188
1 177 0.1875
2 5 0.820312
2 6 0.234375
2 50 0.0625
2 54 0.0625
2 172 1.0625
3 6 0.742188
3 7 0.078125
3 172 0.125
3 173 0.3125
3 177 0.3125
4 7 0.78125
4 8 0.15625
4 177 0.375
4 181 0.125
5 8 0.78125
5 9 0.078125
5 50 0.125
6 9 0.78125
6 10 0.195312
6 50 0.125
6 172 0.0625
6 173 0.0625
7 10 0.78125
7 11 0.15625
7 173 0.0625
7 178 0.125
7 181 0.0625
8 11 0.78125
8 12 0.078125
8 181 0.0625
8 185 0.375
9 12 0.78125
9 13 0.15625
9 46 0.3125
9 47 0.4375
9 50 0.1875
10 13 0.742188
10 14 0.78125
10 15 0.820312
10 16 0.078125
10 38 0.125
10 41 0.0625
11 14 0.078125
11 16 0.0390625
11 18 0.0625
11 178 0.0625
11 181 0.125
11 182 0.125
11 187 0.375
12 187 0.1875
13 40 0.0625
13 41 0.0625
13 44 0.1875
13 47 0.125
14 17 0.4375
15 35 0.0625
15 36 1.25
15 37 0.3125
15 41 0.0625
16 34 0.125
16 35 1.375
16 36 0.0625
16 178 0.0625
17 24 0.1875
17 33 0.0625
17 34 1.25
17 35 0.25
18 33 1.25
18 34 0.1875
18 178 0.125
18 182 0.0625
18 188 0.125
18 196 0.0625
19 22 1.3125
19 23 0.125
19 24 0.125
19 33 1.25
20 23 0.0625
20 33 0.1875
20 192 0.3125
20 195 0.125
20 206 0.125
21 189 0.0625
21 195 0.0625
23 32 1.3125
23 206 0.125
23 207 0.0625
24 31 1.3125
24 32 0.375
24 33 0.125
24 34 0.3125
24 35 0.375
25 30 1.3125
26 30 0.3125
26 32 0.6875
26 34 0.25
26 153 0.25
26 199 0.1875
26 203 0.125
27 30 0.0625
31 199 0.0625
31 203 0.0625
31 206 0.375
31 207 0.1875
32 199 0.25
32 206 0.1875
33 196 0.125
33 199 0.625
33 206 0.25
34 153 0.0625
34 175 0.0625
34 199 0.0625
35 153 0.0625
36 153 0.25
37 40 0.1875
38 41 0.375
38 122 0.4375
38 150 0.0625
38 151 0.0625
39 42 0.25
40 43 1.25
40 44 0.1875
41 44 0.25
41 47 1.0625
41 48 0.125
41 51 0.125
41 79 0.0625
42 48 0.125
42 78 0.1875
42 79 0.25
44 47 0.78125
44 48 0.078125
45 48 0.859375
45 49 0.195312
46 49 0.703125
46 50 0.0390625
47 50 0.78125
47 51 0.195312
48 51 0.78125
48 52 0.234375
48 82 0.0625
49 52 0.703125
49 53 0.195312
50 53 0.703125
50 54 0.0390625
51 54 0.78125
51 55 0.234375
51 172 0.0625
52 55 0.859375
52 56 0.117188
52 79 0.75
52 82 0.125
52 86 0.0625
53 56 0.78125
53 57 0.078125
53 86 0.1875
54 57 0.78125
54 58 0.15625
54 172 0.25
55 58 0.742188
55 59 0.195312
55 83 0.3125
55 120 0.125
55 121 0.0625
55 148 0.375
55 149 0.1875
55 150 0.125
55 172 0.1875
56 59 0.78125
56 60 0.15625
56 87 0.0625
57 60 0.78125
57 61 0.078125
58 61 0.820312
58 62 0.234375
58 170 0.0625
58 172 0.0625
59 62 0.742188
59 63 0.820312
59 66 0.0625
59 83 0.0625
59 87 0.0625
59 120 0.0625
60 63 0.664062
60 64 0.117188
60 87 0.0625
61 64 0.0390625
62 170 0.3125
63 66 0.1875
63 118 0.1875
63 145 0.3125
63 146 0.125
63 148 0.0625
63 170 0.125
65 116 0.1875
65 145 0.3125
66 69 0.0625
66 89 0.0625
66 116 1.3125
66 117 0.0625
66 118 0.125
66 145 0.0625
67 89 0.0625
67 90 0.1875
67 115 0.4375
67 116 1.4375
68 90 1.3125
68 116 0.1875
68 117 1.5625
68 118 0.0625
69 80 0.0625
69 90 0.0625
69 91 1.375
69 92 0.0625
69 118 1.1875
69 120 0.0625
70 91 0.125
70 92 1.3125
70 94 0.0625
70 117 0.1875
70 118 0.0625
70 119 1.3125
70 120 0.1875
71 76 0.0390625
71 93 1.25
71 94 0.0625
71 120 1.1875
72 75 0.664062
72 76 0.742188
72 77 0.0390625
72 94 1.0625
72 119 0.0625
72 120 0.25
72 121 0.0625
72 130 0.0625
72 133 0.0625
73 77 0.117188
73 94 0.125
73 95 0.0625
74 77 0.195312
74 78 0.0390625
75 78 0.078125
75 79 0.078125
75 122 0.125
76 79 0.742188
76 80 0.0390625
76 120 0.125
77 80 0.742188
77 81 0.078125
77 91 0.0625
77 93 0.1875
78 81 0.742188
78 82 0.117188
79 82 0.78125
79 83 0.195312
79 120 0.0625
79 150 0.25
80 83 0.78125
80 84 0.078125
80 91 0.5
80 120 0.0625
81 84 0.78125
81 85 0.078125
81 91 0.125
82 85 0.78125
82 86 0.195312
83 86 0.78125
83 87 0.15625
83 120 0.1875
84 87 0.742188
84 88 0.742188
84 89 0.15625
84 91 0.0625
85 88 0.078125
92 108 1.25
92 111 0.0625
93 106 0.0625
93 107 1.25
93 108 0.5625
94 106 1.25
94 107 0.125
94 133 0.25
95 106 0.4375
95 108 0.5
96 106 0.125
97 106 0.125
98 105 0.4375
98 106 0.125
99 108 0.375
99 140 0.1875
104 140 0.1875
105 140 0.1875
106 136 0.1875
106 139 0.0625
106 140 0.3125
107 111 0.0625
107 137 0.0625
107 140 0.4375
111 115 0.25
111 117 0.0625
112 115 0.25
113 141 1.25
114 141 0.0625
114 143 0.0625
115 142 1.25
115 143 0.25
116 143 1.3125
116 145 0.0625
117 137 0.0625
117 142 0.0625
117 143 0.1875
117 144 1.25
117 145 1.25
118 146 1.25
119 130 0.0625
119 133 0.0625
119 134 0.125
119 144 0.0625
119 146 0.0625
119 147 1.3125
119 148 0.0625
120 148 1.1875
121 124 0.0625
121 130 0.125
121 148 0.125
121 149 1.3125
122 149 1.25
122 150 1.375
122 151 0.0625
123 151 1.3125
124 127 0.0625
124 130 0.0625
124 149 0.125
124 151 0.1875
124 152 1.4375
124 158 0.0625
125 153 0.0625
125 155 0.25
125 158 0.0625
126 158 0.1875
126 161 0.1875
127 130 0.78125
127 131 0.15625
127 162 0.0625
128 131 0.820312
128 132 0.195312
129 132 0.78125
129 133 0.078125
130 133 0.78125
130 134 0.078125
130 147 0.125
130 162 0.0625
131 134 0.78125
131 135 0.078125
131 161 0.1875
131 162 0.125
131 165 0.0625
131 167 0.0625
132 135 0.78125
132 136 0.078125
133 136 0.78125
133 137 0.078125
134 137 0.78125
134 138 0.117188
134 144 0.0625
134 167 0.0625
135 138 0.78125
135 139 0.195312
136 139 0.9375
136 140 0.195312
137 140 0.78125
137 141 0.742188
137 142 0.15625
137 144 0.0625
138 141 0.0390625
138 142 0.0390625
138 144 0.0625
146 168 1.1875
147 167 0.0625
147 168 0.1875
147 169 1.3125
147 170 0.125
148 170 1.3125
149 170 0.0625
149 171 1.25
149 172 0.0625
150 171 1.0625
150 172 1.25
150 173 0.25
151 173 1.4375
151 174 0.5
151 175 0.0625
151 178 0.125
152 171 0.1875
152 174 1.25
152 175 0.125
153 175 0.25
154 174 0.4375
154 175 0.3125
154 176 0.3125
154 200 0.1875
155 158 0.742188
156 159 0.78125
156 160 0.0390625
157 160 0.9375
157 161 0.351562
158 161 0.78125
158 162 0.15625
159 162 0.742188
159 163 0.078125
160 163 0.78125
160 164 0.351562
161 164 0.703125
161 165 0.078125
162 165 0.78125
162 166 0.742188
162 167 0.234375
162 169 0.1875
163 166 0.0390625
174 177 0.859375
174 178 0.078125
175 178 0.78125
175 179 0.195312
175 196 0.4375
175 199 0.125
175 200 0.125
176 179 0.703125
176 180 0.078125
177 180 0.78125
177 181 0.117188
178 181 0.820312
178 182 0.078125
179 182 0.78125
179 183 0.0390625
179 188 0.0625
179 193 0.3125
179 196 0.0625
179 197 0.0625
180 183 0.78125
180 184 0.078125
181 184 0.78125
181 185 0.273438
182 185 0.742188
182 186 0.78125
182 187 0.78125
182 188 0.15625
183 186 0.0390625
183 188 0.195312
183 189 0.15625
183 190 0.15625
188 192 0.0390625
188 193 0.117188
188 196 0.125
189 192 0.78125
189 193 0.078125
190 193 0.78125
190 194 0.078125
191 194 0.78125
191 195 0.117188
192 195 0.78125
192 196 0.15625
193 196 0.78125
193 197 0.15625
194 197 0.78125
194 198 0.15625
195 198 0.78125
195 199 0.078125
195 206 0.25
196 199 0.78125
197 200 0.742188
197 201 0.15625
198 201 0.78125
198 202 0.117188
198 206 0.5
199 202 0.78125
199 203 0.273438
199 206 0.3125
202 205 1.375
202 206 0.25
203 206 0.1875
