nresidues = 322
4 45 0.125
5 43 0.125
5 44 1.0625
5 92 0.125
5 267 0.4375
5 268 0.0625
5 269 0.125
6 45 1.4375
6 91 1.4375
6 92 0.25
7 39 0.0625
7 44 0.125
7 45 0.125
7 46 1.1875
7 47 0.1875
7 91 0.1875
7 92 1.3125
7 94 0.125
7 303 0.375
8 47 1.1875
8 49 0.125
8 92 0.125
8 93 1.1875
8 94 0.1875
9 31 0.0625
9 46 0.0625
9 47 0.0625
9 48 1.1875
9 49 1.25
9 94 1.3125
9 96 0.0625
10 50 1.25
10 51 0.0625
10 52 0.0625
10 79 0.0625
10 82 0.0625
10 83 0.125
10 86 0.0625
10 94 0.125
10 95 1.1875
11 27 0.0625
11 50 0.125
11 51 1.375
11 52 0.1875
11 96 1.125
12 27 0.125
12 54 0.1875
12 96 0.25
12 97 1.1875
12 98 0.0625
12 102 0.125
13 24 0.25
13 27 0.0625
13 52 0.125
13 54 0.125
14 23 0.0625
14 54 0.125
14 71 0.25
14 72 0.25
14 75 0.3125
14 98 1.1875
14 99 0.3125
14 101 0.0625
15 18 0.625
15 20 0.0625
15 21 0.25
15 23 0.125
15 24 0.3125
15 99 0.25
16 68 0.5
16 72 0.1875
16 99 0.25
17 72 0.0625
17 99 0.1875
17 101 0.0625
17 138 1.3125
17 139 1.3125
17 140 0.25
18 23 0.0625
18 99 0.0625
18 140 0.5
19 138 0.125
20 23 0.0390625
20 244 0.1875
20 245 0.0625
20 278 0.0625
20 281 0.0625
21 24 0.195312
21 278 0.0625
22 25 0.195312
22 278 0.75
22 279 0.0625
22 280 0.0625
23 26 0.0390625
23 97 1.125
23 98 0.0625
23 276 0.0625
23 277 0.25
23 278 0.125
24 27 0.0390625
25 28 0.78125
25 29 0.078125
26 29 0.664062
26 30 0.15625
26 97 1.1875
27 30 0.703125
27 31 0.15625
27 96 0.0625
27 97 0.1875
28 31 0.78125
28 32 0.273438
29 32 0.78125
29 33 0.078125
29 279 0.0625
29 292 0.1875
30 33 0.78125
30 34 0.664062
30 35 0.0390625
30 295 0.0625
31 34 0.703125
31 48 0.4375
31 50 0.1875
31 51 0.4375
33 38 0.117188
33 292 0.0625
34 37 0.898438
34 38 0.15625
35 38 0.78125
35 39 0.15625
35 96 0.0625
35 299 0.0625
36 39 0.78125
36 40 0.15625
36 48 0.1875
37 40 0.78125
37 41 0.351562
38 41 0.859375
38 42 0.078125
38 300 0.0625
39 42 0.195312
39 43 0.664062
39 44 0.15625
39 46 0.0625
39 300 0.125
39 303 0.125
40 44 0.0390625
42 300 0.4375
42 303 0.1875
42 304 0.0625
42 305 0.3125
43 264 0.125
43 303 0.1875
44 303 0.125
47 91 0.4375
49 86 0.25
49 89 0.25
49 91 0.0625
52 79 0.125
52 82 0.125
53 78 0.3125
54 75 0.375
54 78 0.1875
57 60 0.0625
57 70 0.1875
57 71 0.125
59 70 0.0625
60 68 0.6875
60 69 0.4375
60 70 1.0625
60 71 0.25
61 69 0.125
61 70 0.0625
62 66 1.25
63 66 0.3125
63 156 0.125
63 157 0.0625
63 158 0.125
63 159 0.1875
64 132 0.125
65 131 0.0625
65 134 0.125
65 135 0.1875
65 136 0.125
65 137 0.1875
66 69 0.0625
66 131 0.1875
66 137 1.25
66 139 0.1875
67 136 0.1875
67 137 0.25
67 138 0.25
67 139 0.0625
68 71 0.78125
68 72 0.117188
69 72 0.78125
69 73 0.0390625
69 139 0.0625
69 158 0.0625
69 159 1.25
69 161 0.125
70 73 0.742188
70 74 0.078125
70 159 0.4375
71 74 0.742188
71 75 0.078125
72 75 0.78125
72 76 0.0390625
72 101 0.125
72 139 0.25
72 161 0.1875
73 76 0.78125
73 77 0.078125
73 160 0.25
73 161 0.125
73 163 0.25
74 77 0.820312
74 78 0.117188
75 78 0.78125
75 79 0.078125
76 79 0.820312
76 80 0.078125
76 101 0.0625
76 102 0.1875
76 104 0.25
76 105 0.3125
76 163 0.5
77 80 0.78125
77 163 0.8125
78 81 0.742188
78 82 0.273438
79 82 0.820312
79 83 0.15625
79 95 0.0625
79 102 0.125
79 105 1.1875
80 83 0.78125
80 84 0.078125
80 105 0.1875
80 108 0.0625
80 109 0.25
80 112 0.375
80 163 0.0625
81 84 0.78125
81 85 0.078125
81 112 0.0625
82 85 0.78125
82 86 0.078125
83 86 0.78125
83 87 0.117188
83 93 0.0625
83 106 0.0625
83 109 0.125
83 110 0.0625
84 87 0.78125
84 88 0.15625
84 109 0.125
84 113 0.0625
85 88 0.78125
85 89 0.273438
86 89 0.820312
86 90 0.664062
86 91 0.195312
86 93 0.0390625
87 90 0.0390625
87 91 0.195312
87 92 0.0390625
87 93 0.0390625
87 110 0.25
87 113 0.125
87 114 0.125
87 270 0.4375
92 269 0.125
92 270 1.375
92 303 0.1875
93 270 0.0625
93 271 1.3125
93 272 0.1875
94 272 1.1875
94 299 0.0625
94 303 0.125
95 106 0.0625
95 272 0.1875
95 273 1.3125
95 274 0.125
96 274 1.1875
96 275 0.0625
97 274 0.0625
97 275 0.125
98 102 0.0390625
98 275 1.25
98 276 0.0625
99 102 0.15625
99 140 0.125
99 275 0.125
99 276 0.375
100 103 0.117188
100 121 0.5
100 123 0.125
100 127 0.25
100 140 0.1875
100 143 0.125
100 229 0.25
100 231 0.25
100 275 0.0625
100 276 0.125
101 104 0.15625
101 139 0.1875
101 140 0.125
102 105 0.742188
102 106 0.078125
102 275 0.125
103 106 0.742188
103 107 0.15625
103 121 0.125
103 229 0.0625
104 107 0.664062
104 108 0.15625
104 143 0.25
104 146 0.125
104 147 0.0625
104 161 0.0625
105 108 0.78125
105 109 0.0390625
106 109 0.664062
106 110 0.078125
106 227 0.125
106 273 0.25
107 110 0.78125
107 111 0.078125
107 121 0.0625
107 147 0.125
107 227 0.3125
108 111 0.78125
108 112 0.078125
108 147 0.0625
109 112 0.742188
110 113 0.78125
110 114 0.117188
110 117 0.3125
110 227 0.25
110 270 0.625
111 114 0.820312
111 115 0.117188
111 117 0.125
111 167 0.125
112 163 0.125
114 117 0.25
114 225 0.125
116 224 0.375
116 225 0.25
117 168 0.0625
117 224 0.5
117 225 1.25
118 172 1.25
118 224 0.25
118 225 0.125
118 226 1.1875
118 227 0.1875
119 172 0.125
119 173 1.3125
119 174 0.125
119 218 0.0625
119 227 1.3125
120 174 1.1875
120 214 0.125
120 218 0.0625
120 226 0.0625
120 227 0.125
120 228 1.3125
120 229 0.125
120 263 0.0625
121 125 0.0625
121 127 0.3125
121 143 0.125
121 144 0.25
121 174 0.1875
121 175 1.5
121 176 0.125
121 229 1.375
122 176 1.25
122 228 0.0625
122 229 0.125
122 230 1.375
122 231 0.1875
122 251 0.0625
123 127 0.25
123 176 0.0625
123 177 1.25
123 178 0.125
123 231 0.5625
123 233 1.375
123 234 0.1875
124 177 0.0625
124 178 1.3125
124 179 1.4375
124 233 0.125
125 178 0.1875
125 180 0.4375
125 233 0.375
125 245 0.3125
125 247 0.0625
126 144 0.0625
126 175 0.625
126 178 0.125
126 181 0.0625
126 185 0.5
127 140 0.25
127 141 1.5
127 142 1.25
127 143 1.375
127 144 0.1875
127 185 0.1875
128 141 1.0625
128 144 0.1875
128 145 0.0625
128 148 0.0625
128 175 0.125
128 185 0.5
128 188 0.125
128 194 0.0625
129 133 0.625
129 134 0.125
129 141 0.125
129 142 0.4375
129 145 0.25
129 182 0.1875
129 185 0.4375
130 133 1.4375
130 134 0.1875
130 142 0.25
130 145 0.125
131 134 0.125
131 142 0.25
131 146 0.0625
131 156 0.125
131 158 0.0625
132 156 0.125
134 137 0.125
134 142 0.1875
137 142 0.125
138 141 0.0625
138 142 0.1875
139 142 1.5
139 143 0.0625
139 146 0.0625
139 161 0.0625
140 143 0.25
140 276 0.375
142 145 1.25
142 146 0.0625
143 146 1.1875
143 147 0.1875
144 147 1.25
144 148 0.3125
144 175 0.1875
145 151 0.1875
145 155 0.3125
146 155 0.125
146 161 0.1875
146 164 0.0625
146 166 0.0625
147 166 1.375
147 167 1.125
147 168 0.1875
148 151 1.3125
148 166 0.1875
148 168 1.25
148 169 0.1875
148 170 0.0625
149 152 0.125
149 166 0.25
149 167 0.0625
149 168 0.1875
149 169 0.0625
150 169 0.5625
150 170 0.25
151 154 1.3125
151 155 0.125
158 161 0.375
160 163 0.125
161 164 0.1875
168 172 0.1875
169 172 0.5
170 173 0.0625
170 192 0.125
170 194 0.125
171 217 0.3125
172 218 0.125
172 224 0.25
173 195 0.0625
174 195 1.1875
174 197 0.125
174 214 0.125
174 217 0.125
174 218 0.0625
175 178 0.1875
175 189 0.0625
175 194 0.125
175 196 1.3125
175 197 0.3125
176 197 1.1875
176 211 0.0625
176 214 0.0625
177 197 1.125
177 198 0.0625
177 199 0.25
178 196 0.0625
178 198 1.3125
178 199 0.1875
179 199 0.0625
179 233 0.25
179 234 0.3125
179 235 0.125
179 247 0.5
179 248 0.1875
179 249 0.4375
179 250 0.25
180 247 0.0625
181 185 0.195312
182 185 0.976562
182 186 0.078125
183 186 0.78125
183 187 0.078125
184 187 0.78125
184 188 0.15625
185 188 0.78125
185 189 0.117188
186 189 0.78125
186 190 0.15625
187 190 0.78125
187 191 0.429688
188 191 0.78125
188 192 0.15625
189 192 0.703125
189 193 0.742188
189 194 0.078125
190 196 0.125
195 217 0.25
196 201 0.078125
197 201 0.195312
197 210 0.1875
197 213 0.1875
197 214 0.125
198 201 1.05469
198 202 0.078125
199 202 0.78125
199 203 0.195312
199 249 0.125
199 250 0.1875
200 203 0.78125
200 204 0.117188
201 204 0.9375
201 205 0.15625
202 205 0.703125
202 206 0.078125
202 255 0.0625
205 209 0.0390625
206 209 0.78125
206 210 0.117188
207 210 0.78125
207 211 0.117188
207 255 0.0625
207 258 0.1875
207 259 0.0625
208 211 0.78125
208 212 0.078125
208 258 0.0625
209 212 0.78125
209 213 0.3125
210 213 0.820312
210 214 0.15625
211 214 0.78125
211 215 0.15625
211 258 0.125
211 259 0.1875
211 263 0.0625
212 215 0.703125
212 216 0.078125
213 216 0.78125
213 217 0.078125
214 217 0.78125
214 218 0.117188
215 218 0.742188
215 219 0.859375
215 266 0.0625
216 219 0.742188
216 220 0.0390625
218 224 0.375
219 222 0.25
219 223 0.125
219 224 0.125
219 266 0.0625
219 268 0.125
223 268 0.125
224 268 0.25
225 268 1.1875
225 270 0.125
226 266 0.0625
226 268 0.1875
226 269 1.3125
226 270 1.25
226 271 0.0625
227 271 1.25
227 273 0.4375
228 260 0.0625
228 263 0.0625
228 271 0.125
228 272 1.4375
228 273 0.0625
228 302 0.0625
229 273 1.5625
230 235 0.0625
230 273 0.25
230 274 1.1875
230 275 0.25
230 298 0.1875
231 234 0.0625
231 275 1.25
231 276 0.25
232 235 0.25
232 240 0.25
232 243 0.125
232 275 0.1875
232 276 0.1875
232 277 0.125
233 243 0.0625
233 245 0.1875
234 250 1.125
234 251 0.1875
235 240 0.1875
235 250 0.1875
235 251 1.375
235 252 0.0625
235 294 0.0625
236 239 1.375
236 240 0.0625
236 248 0.1875
236 249 0.3125
236 250 0.1875
236 251 0.125
237 240 1.125
237 241 0.25
237 247 0.25
238 290 0.375
239 251 0.0625
239 252 0.375
239 253 0.1875
239 290 1.3125
239 291 0.0625
239 294 0.125
240 243 0.125
240 291 0.1875
240 294 0.125
241 287 0.25
241 291 0.3125
242 276 0.0625
242 277 1.25
242 278 0.375
242 281 0.0625
242 282 0.0625
242 291 0.25
243 246 0.0625
243 276 0.3125
243 281 0.1875
244 281 0.0625
251 255 0.273438
251 259 0.0625
252 255 0.976562
252 256 0.0390625
253 256 0.742188
253 257 0.15625
253 294 0.25
253 297 0.0625
254 257 0.78125
254 258 0.078125
254 307 0.3125
255 258 0.78125
255 259 0.15625
256 259 0.742188
256 260 0.15625
257 260 0.898438
257 261 0.195312
257 297 0.125
257 307 0.375
258 261 0.78125
258 262 0.46875
258 307 0.125
259 262 0.78125
259 263 0.195312
260 263 0.78125
260 264 0.078125
260 298 0.1875
260 301 0.1875
260 302 0.125
261 264 0.78125
261 265 0.234375
261 306 0.1875
261 307 0.75
262 265 0.976562
262 266 0.0390625
263 266 0.195312
264 267 0.0390625
264 301 0.0625
264 302 0.25
264 303 0.5
264 304 0.375
269 302 0.125
272 302 0.1875
272 303 0.125
274 299 0.125
278 281 0.625
279 282 0.0625
279 288 0.125
282 287 0.195312
283 287 0.273438
284 287 0.78125
284 288 0.0390625
285 288 0.78125
285 289 0.117188
286 289 0.898438
286 290 0.46875
287 290 0.820312
287 291 0.117188
288 291 0.78125
288 292 0.117188
289 292 0.78125
289 293 0.234375
290 293 0.78125
290 294 0.117188
291 294 0.78125
291 295 0.078125
292 295 0.78125
292 296 0.117188
293 296 0.78125
293 297 0.078125
294 297 0.78125
294 298 0.234375
295 298 0.78125
295 299 0.15625
296 299 0.78125
296 300 0.15625
297 300 0.78125
297 301 0.078125
298 301 0.78125
298 302 0.078125
299 302 0.742188
299 303 0.078125
300 303 0.78125
300 304 0.664062
300 305 0.195312
301 304 0.0390625
301 305 0.0390625
304 310 0.1875
305 310 0.375
306 309 0.25
306 310 0.1875
311 316 0.5
312 316 0.3125
