nresidues = 209
0 4 0.180972
0 5 0.361945
0 8 0.289556
1 4 2.08118
1 5 0.27146
1 177 0.434334
2 5 1.90021
2 6 0.542917
2 50 0.144778
2 54 0.144778
2 172 2.46123
3 6 1.71924
3 7 0.180972
3 172 0.289556
3 173 0.72389
3 177 0.72389
4 7 1.80972
4 8 0.361945
4 177 0.868668
4 181 0.289556
5 8 1.80972
5 9 0.180972
5 50 0.289556
6 9 1.80972
6 10 0.45243
6 50 0.289556
6 172 0.144778
6 173 0.144778
7 10 1.80972
7 11 0.361945
7 173 0.144778
7 178 0.289556
7 181 0.144778
8 11 1.80972
8 12 0.180972
8 181 0.144778
8 185 0.868668
9 12 1.80972
9 13 0.361945
9 46 0.72389
9 47 1.01345
9 50 0.434334
10 13 1.71924
10 14 1.80972
10 15 1.90021
10 16 0.180972
10 38 0.289556
10 41 0.144778
11 14 0.180972
11 16 0.0904862
11 18 0.144778
11 178 0.144778
11 181 0.289556
11 182 0.289556
11 187 0.868668
12 187 0.434334
13 40 0.144778
13 41 0.144778
13 44 0.434334
13 47 0.289556
14 17 1.01345
15 35 0.144778
15 36 2.89556
15 37 0.72389
15 41 0.144778
16 34 0.289556
16 35 3.18512
16 36 0.144778
16 178 0.144778
17 24 0.434334
17 33 0.144778
17 34 2.89556
17 35 0.579112
18 33 2.89556
18 34 0.434334
18 178 0.289556
18 182 0.144778
18 188 0.289556
18 196 0.144778
19 22 3.04034
19 23 0.289556
19 24 0.289556
19 33 2.89556
20 23 0.144778
20 33 0.434334
20 192 0.72389
20 195 0.289556
20 206 0.289556
21 189 0.144778
21 195 0.144778
23 32 3.04034
23 206 0.289556
23 207 0.144778
24 31 3.04034
24 32 0.868668
24 33 0.289556
24 34 0.72389
24 35 0.868668
25 30 3.04034
26 30 0.72389
26 32 1.59256
26 34 0.579112
26 153 0.579112
26 199 0.434334
26 203 0.289556
27 30 0.144778
31 199 0.144778
31 203 0.144778
31 206 0.868668
31 207 0.434334
32 199 0.579112
32 206 0.434334
33 196 0.289556
33 199 1.44778
33 206 0.579112
34 153 0.144778
34 175 0.144778
34 199 0.144778
35 153 0.144778
36 153 0.579112
37 40 0.434334
38 41 0.868668
38 122 1.01345
38 150 0.144778
38 151 0.144778
39 42 0.579112
40 43 2.89556
40 44 0.434334
41 44 0.579112
41 47 2.46123
41 48 0.289556
41 51 0.289556
41 79 0.144778
42 48 0.289556
42 78 0.434334
42 79 0.579112
44 47 1.80972
44 48 0.180972
45 48 1.9907
45 49 0.45243
46 49 1.62875
46 50 0.0904862
47 50 1.80972
47 51 0.45243
48 51 1.80972
48 52 0.542917
48 82 0.144778
49 52 1.62875
49 53 0.45243
50 53 1.62875
50 54 0.0904862
51 54 1.80972
51 55 0.542917
51 172 0.144778
52 55 1.9907
52 56 0.27146
52 79 1.73734
52 82 0.289556
52 86 0.144778
53 56 1.80972
53 57 0.180972
53 86 0.434334
54 57 1.80972
54 58 0.361945
54 172 0.579112
55 58 1.71924
55 59 0.45243
55 83 0.72389
55 120 0.289556
55 121 0.144778
55 148 0.868668
55 149 0.434334
55 150 0.289556
55 172 0.434334
56 59 1.80972
56 60 0.361945
56 87 0.144778
57 60 1.80972
57 61 0.180972
58 61 1.90021
58 62 0.542917
58 170 0.144778
58 172 0.144778
59 62 1.71924
59 63 1.90021
59 66 0.144778
59 83 0.144778
59 87 0.144778
59 120 0.144778
60 63 1.53826
60 64 0.27146
60 87 0.144778
61 64 0.0904862
62 170 0.72389
63 66 0.434334
63 118 0.434334
63 145 0.72389
63 146 0.289556
63 148 0.144778
63 170 0.289556
65 116 0.434334
65 145 0.72389
66 69 0.144778
66 89 0.144778
66 116 3.04034
66 117 0.144778
66 118 0.289556
66 145 0.144778
67 89 0.144778
67 90 0.434334
67 115 1.01345
67 116 3.32989
68 90 3.04034
68 116 0.434334
68 117 3.61945
68 118 0.144778
69 80 0.144778
69 90 0.144778
69 91 3.18512
69 92 0.144778
69 118 2.75078
69 120 0.144778
70 91 0.289556
70 92 3.04034
70 94 0.144778
70 117 0.434334
70 118 0.144778
70 119 3.04034
70 120 0.434334
71 76 0.0904862
71 93 2.89556
71 94 0.144778
71 120 2.75078
72 75 1.53826
72 76 1.71924
72 77 0.0904862
72 94 2.46123
72 119 0.144778
72 120 0.579112
72 121 0.144778
72 130 0.144778
72 133 0.144778
73 77 0.27146
73 94 0.289556
73 95 0.144778
74 77 0.45243
74 78 0.0904862
75 78 0.180972
75 79 0.180972
75 122 0.289556
76 79 1.71924
76 80 0.0904862
76 120 0.289556
77 80 1.71924
77 81 0.180972
77 91 0.144778
77 93 0.434334
78 81 1.71924
78 82 0.27146
79 82 1.80972
79 83 0.45243
79 120 0.144778
79 150 0.579112
80 83 1.80972
80 84 0.180972
80 91 1.15822
80 120 0.144778
81 84 1.80972
81 85 0.180972
81 91 0.289556
82 85 1.80972
82 86 0.45243
83 86 1.80972
83 87 0.361945
83 120 0.434334
84 87 1.71924
84 88 1.71924
84 89 0.361945
84 91 0.144778
85 88 0.180972
92 108 2.89556
92 111 0.144778
93 106 0.144778
93 107 2.89556
93 108 1.303
94 106 2.89556
94 107 0.289556
94 133 0.579112
95 106 1.01345
95 108 1.15822
96 106 0.289556
97 106 0.289556
98 105 1.01345
98 106 0.289556
99 108 0.868668
99 140 0.434334
104 140 0.434334
105 140 0.434334
106 136 0.434334
106 139 0.144778
106 140 0.72389
107 111 0.144778
107 137 0.144778
107 140 1.01345
111 115 0.579112
111 117 0.144778
112 115 0.579112
113 141 2.89556
114 141 0.144778
114 143 0.144778
115 142 2.89556
115 143 0.579112
116 143 3.04034
116 145 0.144778
117 137 0.144778
117 142 0.144778
117 143 0.434334
117 144 2.89556
117 145 2.89556
118 146 2.89556
119 130 0.144778
119 133 0.144778
119 134 0.289556
119 144 0.144778
119 146 0.144778
119 147 3.04034
119 148 0.144778
120 148 2.75078
121 124 0.144778
121 130 0.289556
121 148 0.289556
121 149 3.04034
122 149 2.89556
122 150 3.18512
122 151 0.144778
123 151 3.04034
124 127 0.144778
124 130 0.144778
124 149 0.289556
124 151 0.434334
124 152 3.32989
124 158 0.144778
125 153 0.144778
125 155 0.579112
125 158 0.144778
126 158 0.434334
126 161 0.434334
127 130 1.80972
127 131 0.361945
127 162 0.144778
128 131 1.90021
128 132 0.45243
129 132 1.80972
129 133 0.180972
130 133 1.80972
130 134 0.180972
130 147 0.289556
130 162 0.144778
131 134 1.80972
131 135 0.180972
131 161 0.434334
131 162 0.289556
131 165 0.144778
131 167 0.144778
132 135 1.80972
132 136 0.180972
133 136 1.80972
133 137 0.180972
134 137 1.80972
134 138 0.27146
134 144 0.144778
134 167 0.144778
135 138 1.80972
135 139 0.45243
136 139 2.17167
136 140 0.45243
137 140 1.80972
137 141 1.71924
137 142 0.361945
137 144 0.144778
138 141 0.0904862
138 142 0.0904862
138 144 0.144778
146 168 2.75078
147 167 0.144778
147 168 0.434334
147 169 3.04034
147 170 0.289556
148 170 3.04034
149 170 0.144778
149 171 2.89556
149 172 0.144778
150 171 2.46123
150 172 2.89556
150 173 0.579112
151 173 3.32989
151 174 1.15822
151 175 0.144778
151 178 0.289556
152 171 0.434334
152 174 2.89556
152 175 0.289556
153 175 0.579112
154 174 1.01345
154 175 0.72389
154 176 0.72389
154 200 0.434334
155 158 1.71924
156 159 1.80972
156 160 0.0904862
157 160 2.17167
157 161 0.814375
158 161 1.80972
158 162 0.361945
159 162 1.71924
159 163 0.180972
160 163 1.80972
160 164 0.814375
161 164 1.62875
161 165 0.180972
162 165 1.80972
162 166 1.71924
162 167 0.542917
162 169 0.434334
163 166 0.0904862
174 177 1.9907
174 178 0.180972
175 178 1.80972
175 179 0.45243
175 196 1.01345
175 199 0.289556
175 200 0.289556
176 179 1.62875
176 180 0.180972
177 180 1.80972
177 181 0.27146
178 181 1.90021
178 182 0.180972
179 182 1.80972
179 183 0.0904862
179 188 0.144778
179 193 0.72389
179 196 0.144778
179 197 0.144778
180 183 1.80972
180 184 0.180972
181 184 1.80972
181 185 0.633405
182 185 1.71924
182 186 1.80972
182 187 1.80972
182 188 0.361945
183 186 0.0904862
183 188 0.45243
183 189 0.361945
183 190 0.361945
188 192 0.0904862
188 193 0.27146
188 196 0.289556
189 192 1.80972
189 193 0.180972
190 193 1.80972
190 194 0.180972
191 194 1.80972
191 195 0.27146
192 195 1.80972
192 196 0.361945
193 196 1.80972
193 197 0.361945
194 197 1.80972
194 198 0.361945
195 198 1.80972
195 199 0.180972
195 206 0.579112
196 199 1.80972
197 200 1.71924
197 201 0.361945
198 201 1.80972
198 202 0.27146
198 206 1.15822
199 202 1.80972
199 203 0.633405
199 206 0.72389
202 205 3.18512
202 206 0.579112
203 206 0.434334
