nresidues = 470
1 6 0.0390625
1 9 0.0625
1 31 0.25
1 35 0.125
1 434 0.0625
2 5 0.859375
2 6 0.078125
2 31 0.4375
3 6 0.78125
3 7 0.15625
4 7 0.78125
4 8 0.117188
5 8 0.78125
5 9 0.273438
5 31 0.3125
5 32 0.0625
6 9 0.78125
6 10 0.3125
6 437 0.3125
7 10 0.78125
7 11 0.078125
8 11 0.820312
8 12 0.0390625
8 23 0.1875
9 12 0.742188
9 13 0.078125
9 430 0.0625
9 431 0.0625
9 434 0.0625
9 435 0.375
10 13 0.78125
11 14 0.78125
11 15 0.429688
12 15 0.78125
12 16 0.117188
12 23 0.125
12 431 0.375
13 16 0.0390625
13 428 0.125
13 431 0.0625
13 435 0.0625
14 17 0.664062
14 18 0.234375
15 18 0.820312
15 19 0.78125
15 20 0.742188
15 21 0.820312
16 19 0.664062
16 20 0.078125
16 21 0.0390625
16 22 0.0390625
16 424 0.4375
16 431 0.0625
17 20 0.234375
17 424 0.0625
17 428 0.125
18 398 0.3125
19 395 0.25
19 398 0.25
20 393 1.0625
20 394 1.5
20 395 0.1875
20 396 0.125
20 397 0.4375
20 398 0.5625
20 401 0.125
20 424 1.4375
21 392 1.3125
22 26 0.0625
22 391 1.3125
22 392 0.25
22 394 0.0625
22 427 0.0625
23 26 0.1875
23 390 1.25
24 27 0.0625
24 382 0.125
24 387 0.0625
24 388 1.0625
24 390 0.1875
25 29 0.0625
25 32 0.0625
25 388 0.125
26 32 0.0625
26 203 0.125
26 427 0.0625
26 430 0.25
27 201 0.25
27 330 0.0625
27 382 0.0625
27 392 0.125
28 330 0.375
28 331 0.1875
28 379 0.3125
28 382 0.125
28 383 0.0625
28 388 0.125
29 32 0.976562
29 33 0.078125
29 330 0.125
29 388 0.4375
30 33 0.78125
30 34 0.195312
31 34 0.78125
31 35 0.117188
32 35 0.78125
32 36 0.078125
32 430 0.125
32 434 0.0625
33 36 0.820312
33 37 0.15625
33 327 0.0625
33 328 0.125
33 329 0.875
33 330 0.1875
34 37 0.898438
35 38 0.78125
35 39 0.117188
35 434 0.25
36 39 0.742188
36 40 0.78125
36 41 0.0390625
36 202 0.5625
36 203 0.25
36 430 0.375
36 434 0.125
37 40 0.664062
37 41 0.78125
37 42 0.0390625
37 67 0.5625
38 41 0.703125
38 42 0.742188
38 43 0.078125
39 43 0.117188
39 433 0.1875
39 434 0.375
39 435 0.125
39 436 0.3125
39 437 0.375
40 43 0.742188
40 44 0.078125
40 299 0.0625
40 430 0.25
40 433 0.0625
40 434 0.125
41 65 0.0625
41 66 0.1875
41 158 0.0625
41 202 0.4375
41 299 0.0625
41 300 0.125
41 327 0.125
42 158 1.3125
42 159 0.0625
43 157 0.1875
43 159 0.125
43 439 0.1875
44 156 0.0625
44 157 0.1875
44 168 0.1875
44 299 0.0625
45 146 0.5
45 147 0.0625
45 148 0.0625
45 155 0.4375
45 156 1.5625
45 157 0.0625
45 163 0.25
45 164 0.25
45 165 0.3125
45 168 0.5625
45 298 0.0625
45 299 0.0625
46 155 1.625
46 156 0.25
46 300 0.0625
47 153 0.0625
47 154 1.25
47 155 0.1875
47 301 0.0625
47 324 0.25
48 63 0.3125
48 64 0.0625
48 144 0.0625
48 147 0.0625
48 154 1.25
48 155 0.125
49 53 0.3125
49 61 0.0625
49 63 0.125
49 152 0.0625
49 153 1.125
49 154 0.3125
50 53 0.3125
50 152 1.4375
50 153 0.0625
50 154 0.0625
50 187 0.125
50 189 0.0625
50 340 0.0625
51 54 1.3125
51 74 0.125
51 149 0.1875
51 152 0.25
51 154 0.125
52 55 0.125
52 187 0.125
52 188 0.25
52 189 0.125
53 63 0.5625
53 189 0.125
53 338 0.1875
54 59 0.625
54 60 0.1875
54 72 0.0625
54 73 0.0625
54 74 0.375
54 80 0.0625
54 154 0.0625
55 59 0.375
55 74 0.3125
56 59 0.8125
56 74 0.1875
57 74 1.25
57 75 0.25
57 76 0.5625
57 77 0.75
57 78 0.125
57 101 0.1875
58 74 1.1875
58 76 0.0625
58 100 0.0625
58 101 1.8125
58 102 0.25
58 116 0.0625
59 73 1.25
59 74 0.0625
59 100 1.1875
59 101 0.3125
60 71 0.0625
60 72 1.25
60 73 0.125
60 95 0.25
60 97 0.0625
60 99 1.875
60 100 0.8125
60 102 0.0625
61 70 0.0625
61 71 1.1875
61 72 0.3125
61 98 1.3125
61 99 0.0625
62 69 0.1875
62 70 1.25
62 97 0.125
62 98 0.125
63 68 0.0625
63 69 1.1875
63 70 0.3125
63 193 0.0625
63 338 0.125
64 68 1.375
64 69 0.4375
64 195 0.0625
64 326 0.125
65 68 0.3125
65 144 0.125
65 156 0.125
65 158 0.125
65 326 0.0625
66 326 0.25
66 327 0.0625
68 84 0.0625
69 84 1.3125
69 85 0.375
69 93 0.3125
70 83 1.5625
70 84 0.125
70 144 0.375
70 158 0.0625
71 81 1.125
71 82 1.25
71 83 0.25
71 85 0.0625
71 94 0.0625
71 95 0.0625
71 105 0.0625
72 81 1.25
73 79 0.0625
73 80 1.25
73 81 0.1875
73 83 0.125
73 116 0.0625
74 78 0.25
74 79 1.25
74 80 0.1875
75 78 0.3125
75 79 0.5625
75 81 0.375
75 116 0.6875
75 117 0.1875
76 103 0.1875
76 116 0.375
80 147 0.0625
81 116 0.0625
81 117 0.25
81 147 0.125
82 143 1.25
82 144 0.125
83 116 0.25
83 117 0.375
83 118 0.1875
83 141 0.125
83 142 1.25
84 142 0.125
85 92 1.125
85 93 0.5625
85 94 0.3125
85 95 0.25
86 91 0.3125
86 92 1.25
87 90 1.125
87 91 0.1875
87 92 0.125
87 94 0.0625
87 107 0.1875
87 114 0.25
88 112 0.0625
88 114 0.1875
88 138 0.0625
88 139 0.5625
88 140 0.4375
88 142 0.25
89 110 0.5
89 112 0.5625
89 130 0.125
92 96 0.125
92 107 0.0625
92 108 0.1875
93 96 0.25
93 108 0.0625
94 105 0.25
94 107 0.0625
94 114 0.0625
95 105 0.0625
96 108 0.0625
98 195 0.0625
102 105 0.1875
102 116 0.25
103 115 1.1875
103 116 0.5
104 114 1.4375
104 115 0.0625
104 121 0.0625
105 112 0.0625
105 113 1.25
105 114 0.3125
105 116 0.125
106 111 0.125
106 112 1.1875
106 113 0.375
107 110 1.0625
107 111 0.0625
107 112 0.125
110 124 0.1875
111 124 0.3125
112 120 0.25
112 122 1.25
112 123 0.0625
112 124 0.0625
112 130 0.1875
112 134 0.0625
113 120 1.25
113 121 1.25
113 122 0.1875
114 118 0.0625
114 119 1.3125
114 120 0.1875
114 121 0.0625
114 139 0.0625
114 140 0.125
114 141 0.5
115 118 1.1875
115 119 0.125
118 140 1.3125
118 141 0.1875
119 140 0.3125
120 123 0.1875
120 136 0.375
120 139 0.1875
120 140 0.0625
121 136 0.125
123 126 0.0390625
123 130 0.125
123 134 0.0625
123 136 0.0625
124 127 0.0390625
125 128 0.820312
125 129 0.820312
125 130 0.0390625
126 129 0.664062
126 130 0.78125
126 131 0.78125
126 132 0.15625
127 130 0.703125
127 131 0.0390625
127 132 0.0390625
130 133 0.1875
130 134 0.0625
134 139 0.0625
135 138 1.5
135 139 0.125
136 139 1.25
136 140 0.0625
137 140 0.1875
144 156 0.125
144 157 1.1875
144 158 0.0625
145 157 1.3125
145 158 0.3125
145 159 0.0625
146 156 1.25
146 157 0.25
146 159 0.25
146 160 0.1875
146 161 0.0625
146 162 0.0625
147 154 0.0625
147 155 1.25
148 153 0.0625
148 154 1.1875
148 155 0.1875
148 165 0.0625
149 153 1.375
149 154 0.0625
149 165 0.1875
150 153 0.1875
150 165 0.0625
150 166 0.0625
150 169 0.125
150 173 0.5
150 177 0.3125
151 177 0.1875
151 181 0.375
153 180 0.125
153 322 0.0625
155 165 0.1875
155 301 0.0625
157 162 0.0625
159 162 0.125
163 440 0.0625
164 167 0.9375
164 168 0.078125
165 168 0.78125
165 169 0.234375
166 169 0.742188
166 170 0.0390625
166 173 0.3125
167 170 0.0390625
167 246 0.125
168 246 0.375
168 248 0.375
168 298 0.4375
168 299 0.0625
168 429 0.0625
169 172 0.078125
169 173 0.078125
169 244 0.0625
169 248 0.125
169 297 0.0625
170 173 0.273438
171 174 0.078125
171 175 0.0390625
171 244 0.1875
171 410 0.25
172 175 0.78125
172 176 0.234375
172 248 0.0625
172 250 0.0625
172 297 0.0625
173 176 0.78125
173 177 0.195312
174 177 0.703125
174 178 0.078125
174 283 0.4375
174 286 0.125
174 409 0.0625
174 410 0.4375
175 178 0.742188
175 242 0.1875
175 250 0.25
175 407 0.1875
175 409 0.25
175 410 0.4375
176 179 0.820312
176 180 0.15625
176 303 0.0625
177 180 0.742188
177 181 0.117188
177 279 0.1875
177 283 0.1875
178 182 0.195312
178 283 0.125
178 286 0.0625
178 287 0.1875
179 182 0.117188
179 187 0.0625
179 293 0.0625
179 305 0.0625
179 320 0.125
180 187 0.1875
181 278 0.625
182 267 0.125
182 271 0.0625
182 274 1.25
182 275 0.25
182 278 0.1875
182 287 0.25
182 305 0.1875
182 342 0.25
183 186 0.25
183 274 0.3125
183 278 0.4375
183 342 0.1875
184 274 0.5
184 277 0.25
184 278 0.25
185 343 0.1875
185 344 0.1875
186 342 1.1875
186 343 0.4375
187 320 0.0625
187 341 1.375
187 342 0.25
187 343 0.1875
188 339 0.0625
188 340 1.25
188 341 0.25
188 343 0.125
188 350 0.25
189 339 1.1875
189 340 0.0625
190 339 0.1875
190 341 0.0625
193 337 1.25
193 338 0.4375
194 335 0.0625
194 336 1.1875
194 337 0.0625
194 357 0.125
194 358 0.0625
194 362 0.3125
194 363 0.1875
195 334 0.4375
195 335 1.25
195 336 0.1875
196 334 1.3125
196 335 0.5625
196 362 0.1875
196 363 0.625
197 332 0.125
197 333 1.25
198 332 1.1875
198 333 0.375
198 335 0.0625
198 372 0.0625
199 331 1.4375
199 376 0.875
199 379 0.0625
200 331 1.4375
200 332 1.25
200 333 0.125
200 375 0.25
200 376 0.0625
200 379 0.4375
201 204 0.117188
201 329 0.0625
201 330 0.375
201 333 0.0625
202 205 0.742188
202 299 0.25
202 300 0.125
202 325 0.25
202 327 0.0625
202 333 0.0625
202 426 0.0625
203 206 0.820312
203 207 0.078125
203 430 0.1875
204 207 0.703125
204 208 0.078125
204 375 0.5
204 378 0.125
204 379 0.0625
205 208 0.78125
205 209 0.078125
205 325 0.75
205 375 0.0625
206 209 0.703125
206 210 0.117188
206 296 0.25
206 299 0.0625
206 325 0.125
206 426 0.125
207 210 0.742188
207 394 0.3125
207 423 0.25
208 211 0.664062
208 212 0.234375
208 215 0.5
208 371 0.0625
208 375 0.1875
209 294 1.4375
209 295 0.25
209 296 0.1875
209 302 0.1875
209 303 0.1875
209 306 0.0625
209 323 0.125
209 325 0.125
209 361 0.0625
210 248 0.0625
210 249 1.375
210 250 0.125
210 295 0.0625
210 296 0.3125
210 422 0.4375
210 423 0.125
211 241 0.25
211 294 0.25
211 417 0.0625
211 419 0.0625
211 422 0.0625
211 423 0.5
212 215 0.3125
212 423 0.125
213 216 0.15625
213 235 0.0625
213 236 0.0625
213 253 0.0625
213 417 0.125
213 418 0.125
214 217 0.117188
214 396 0.25
214 418 0.125
215 218 0.742188
215 219 0.898438
215 220 0.15625
215 371 0.125
216 219 0.703125
216 220 0.859375
216 235 0.1875
217 220 0.664062
217 221 0.15625
217 233 0.1875
217 418 0.1875
218 221 0.117188
219 370 0.1875
219 371 0.0625
219 374 0.1875
220 223 0.78125
220 224 0.117188
220 367 1
220 371 0.375
221 224 0.820312
221 225 0.351562
222 225 0.78125
222 226 0.117188
223 226 0.78125
223 227 0.742188
223 228 0.859375
223 229 0.078125
223 367 0.4375
224 227 0.0390625
224 229 0.078125
224 230 0.0390625
226 312 0.0625
228 308 0.0625
228 309 0.125
228 311 0.1875
228 312 0.0625
229 367 0.125
230 235 0.3125
230 292 0.125
232 235 0.25
232 238 0.0625
233 418 0.25
234 237 0.375
234 238 0.125
235 238 0.125
235 253 0.125
235 418 0.125
236 239 0.0625
236 253 0.0625
236 416 1.1875
236 417 0.1875
236 418 0.1875
237 415 0.0625
237 416 0.0625
237 418 0.0625
238 253 1.25
238 254 0.25
238 256 0.1875
238 257 0.125
239 252 1.25
239 253 0.0625
239 415 1.25
239 416 1.375
240 251 1.1875
240 252 0.1875
240 404 0.3125
240 407 1
240 413 0.1875
240 414 1.6875
240 415 0.1875
240 416 1.1875
240 417 0.125
241 250 1.1875
241 412 0.0625
241 413 1.25
241 414 0.25
241 416 0.125
241 417 0.3125
241 419 0.5
241 420 0.0625
241 421 0.375
241 422 1.0625
241 423 0.125
242 249 1.1875
242 250 0.5
242 252 0.0625
242 407 0.0625
242 410 0.0625
242 412 1.25
242 413 0.0625
242 422 0.4375
243 248 1.25
243 249 0.0625
243 411 1.25
243 412 0.875
243 422 0.25
243 425 0.625
244 248 0.375
244 425 0.1875
245 248 0.125
246 298 0.125
246 425 0.0625
246 429 1
247 425 0.3125
247 426 0.25
247 429 0.0625
248 296 1.1875
248 297 0.375
248 298 0.3125
248 425 0.0625
249 295 1.1875
249 296 0.0625
249 422 0.125
250 294 1.5
250 295 0.125
250 422 0.1875
251 292 0.0625
251 293 1.25
251 294 0.5
251 417 0.1875
252 286 0.0625
252 290 0.0625
252 292 1.25
253 290 1.25
253 291 1.25
253 292 0.125
253 417 0.1875
254 289 0.0625
255 259 0.125
255 261 0.0625
255 289 0.0625
256 259 0.4375
262 265 1.125
262 266 0.0625
263 266 0.0625
263 288 1.75
264 267 0.25
264 272 0.125
264 275 0.125
264 276 0.125
264 284 0.1875
264 287 0.125
264 288 0.5625
264 290 1.0625
265 287 0.25
265 290 0.125
265 291 0.0625
265 305 0.4375
265 306 0.25
265 307 0.0625
265 318 0.1875
267 272 0.0390625
267 287 0.125
267 349 0.0625
268 271 0.78125
268 272 0.078125
268 346 0.125
268 349 0.4375
269 272 0.78125
269 273 0.117188
270 273 0.742188
270 274 0.117188
270 344 0.25
271 274 0.78125
271 275 0.15625
271 342 0.125
271 344 0.0625
272 275 0.859375
272 276 0.195312
273 276 0.742188
273 277 0.0390625
274 277 0.859375
274 278 0.117188
275 278 0.742188
275 279 0.117188
275 284 0.0625
275 287 0.0625
279 283 0.273438
279 284 0.078125
280 283 1.05469
280 284 0.117188
281 284 0.78125
281 285 0.117188
282 285 0.664062
282 286 0.117188
283 286 0.78125
283 287 0.078125
284 287 0.78125
284 288 0.117188
285 288 0.429688
285 289 0.0390625
286 289 0.078125
286 290 0.0390625
286 407 0.1875
286 408 0.125
287 290 0.273438
290 293 0.125
291 305 0.0625
291 306 1.1875
291 307 0.125
292 305 1.25
292 306 0.3125
292 307 0.0625
293 303 0.0625
293 304 1.25
293 305 0.25
293 306 0.1875
294 303 1.1875
294 306 0.0625
294 417 0.3125
295 302 1.375
295 303 0.125
296 299 0.0625
296 301 1.375
296 302 0.25
296 426 0.0625
297 300 1.0625
297 301 0.3125
298 426 0.375
298 429 0.375
298 430 0.125
298 433 0.0625
299 426 0.125
300 323 0.0625
300 324 1.375
300 325 0.3125
300 327 0.0625
301 323 1.25
302 322 1.1875
302 323 0.3125
302 325 0.25
303 320 0.0625
303 321 1.25
303 322 0.0625
304 319 0.0625
304 320 1.25
304 321 0.3125
305 319 1.375
305 320 0.0625
306 317 0.0625
306 318 1.1875
306 319 0.5
306 361 0.1875
307 316 0.375
307 317 1.5
308 316 1.625
308 317 0.25
308 319 0.1875
308 356 0.1875
308 360 0.125
308 361 0.0625
308 367 0.125
309 314 0.0625
309 316 0.0625
309 356 0.125
309 360 0.0625
310 314 0.125
310 352 0.25
310 355 0.375
310 356 0.1875
310 359 0.5625
311 314 0.3125
316 356 0.0625
317 349 0.0625
317 352 0.1875
317 353 0.0625
317 356 0.1875
318 349 0.0625
318 353 0.25
319 339 0.0625
319 353 0.1875
319 356 0.4375
319 357 0.5625
319 360 0.125
319 361 0.0625
320 339 1.25
320 340 0.1875
321 337 0.0625
321 338 1.3125
321 340 0.0625
321 357 0.1875
322 336 0.0625
322 337 1.1875
322 338 0.375
322 340 0.0625
323 336 1.25
323 337 0.25
323 361 0.125
323 368 0.5625
324 334 0.0625
324 335 1.25
325 333 0.125
325 334 1.1875
325 335 0.1875
325 368 0.0625
325 375 0.1875
326 333 1.3125
326 334 0.1875
327 332 1.0625
328 332 1.375
328 333 0.3125
328 334 0.0625
329 332 0.0625
331 379 0.125
333 375 0.0625
337 357 0.375
339 353 0.5625
339 354 0.3125
339 357 0.3125
341 349 0.0625
341 350 0.0625
342 345 0.125
342 350 0.0625
343 350 0.25
345 349 0.0390625
345 350 0.0390625
346 349 0.78125
346 350 0.0390625
347 350 0.78125
347 351 0.0390625
348 351 0.78125
348 352 0.117188
349 352 0.820312
349 353 0.117188
350 353 0.78125
350 354 0.078125
351 354 0.859375
351 355 0.117188
352 355 0.78125
352 356 0.117188
353 356 0.78125
353 357 0.078125
354 357 0.820312
354 358 0.195312
355 358 0.742188
355 359 0.195312
356 359 0.664062
356 360 0.15625
357 360 0.859375
357 361 0.15625
357 362 0.0390625
358 361 0.078125
358 364 1.0625
358 365 0.0625
359 365 1.375
359 366 0.0625
360 365 1.5625
360 366 1.1875
360 367 1.5625
361 364 1.0625
361 365 0.125
361 367 0.1875
361 368 0.4375
362 365 0.0625
362 368 0.25
364 369 0.078125
365 368 0.703125
365 369 0.234375
366 369 0.0390625
367 370 0.742188
367 371 0.15625
368 371 0.820312
368 372 0.078125
369 372 0.742188
369 373 0.0390625
370 373 0.78125
370 374 0.195312
371 374 0.78125
371 375 0.390625
372 375 0.742188
372 376 0.15625
373 376 0.9375
373 377 0.078125
374 377 0.78125
374 378 0.15625
375 378 0.703125
375 379 0.15625
376 379 0.78125
376 380 0.078125
377 380 0.742188
377 381 0.078125
378 381 0.78125
378 382 0.15625
379 382 0.78125
380 383 0.0390625
381 384 0.0390625
381 387 0.0625
382 387 0.1875
382 388 0.125
384 387 1.25
384 388 0.25
385 388 1.1875
385 389 0.0625
386 389 1.375
387 390 0.0625
393 420 0.125
394 420 0.375
394 423 0.125
394 424 0.1875
394 427 0.1875
395 398 0.125
395 420 0.0625
396 418 0.25
396 419 1.25
396 420 0.25
397 400 1.3125
397 401 0.25
401 414 0.125
401 416 0.0625
402 414 0.375
402 415 0.0625
403 413 1.25
403 414 0.1875
404 407 0.0625
404 413 0.125
404 415 0.125
407 413 0.125
414 421 0.0625
419 423 0.078125
420 423 0.976562
420 424 0.15625
421 424 0.859375
421 425 0.078125
422 425 0.78125
422 426 0.078125
423 426 0.78125
423 427 0.15625
424 427 0.78125
424 428 0.078125
425 428 0.742188
425 429 0.0390625
426 429 0.78125
426 430 0.078125
427 430 0.820312
427 431 0.195312
428 431 0.78125
428 432 0.234375
429 432 0.859375
429 433 0.3125
430 433 0.78125
430 434 0.46875
431 434 0.78125
431 435 0.15625
432 435 0.78125
432 436 0.078125
433 436 0.078125
