L	Ls	nvertices	F_L	F_L_constrained	rho_sum	nloops	regions
  1	  0	  0	           0	           0	           0	 0	[(0, 1)]
  2	  0	  0	           0	           0	           0	 0	[(0, 2)]
  3	  0	  0	           0	           0	           0	 0	[(0, 3)]
  4	  0	  0	           0	           0	           0	 0	[(0, 4)]
  5	  0	  2	           0	     3.71158	    0.307099	 1	[(0, 5)]
  6	  0	  5	           0	     2.35135	    0.263112	 1	[(0, 6)]
  7	  0	  7	   -0.160135	   -0.160135	    0.165863	 0	[(0, 7)]
  8	  0	  8	   -0.160135	     5.35571	      6.1496	 0	[(0, 8)]
  9	  0	  9	   -0.160135	     5.04635	     6.55309	 0	[(0, 9)]
 10	  0	 10	   -0.160135	     4.74219	     6.92939	 0	[(0, 10)]
 11	  0	 11	   -0.160135	     4.72354	     7.97077	 0	[(0, 11)]
 12	  0	 12	   -0.160135	      4.8214	     8.86697	 0	[(0, 12)]
 13	  0	 13	   -0.160135	      4.8436	     9.74251	 0	[(0, 13)]
 14	  0	 14	   -0.160135	     4.99861	     10.4987	 0	[(0, 14)]
 15	  0	 15	   -0.160135	     4.60856	     12.0626	 0	[(0, 15)]
 16	  0	 16	   -0.160135	      5.1798	     11.7397	 0	[(0, 16)]
 17	  0	 17	   -0.160135	     5.30887	     11.0839	 0	[(0, 17)]
 18	  0	 18	   -0.160135	     5.28788	     11.4916	 0	[(0, 18)]
 19	  0	 19	   -0.160135	     5.07766	     15.8106	 0	[(0, 19)]
 20	  0	 20	   -0.160135	     4.73703	     16.9356	 0	[(0, 20)]
 21	  0	 21	   -0.160135	     4.63383	     17.7278	 0	[(0, 21)]
 22	  0	 22	   -0.160135	     5.23008	     17.5028	 0	[(0, 22)]
 23	  0	 23	   -0.160135	     5.35424	     17.2154	 0	[(0, 23)]
 24	  0	 23	   -0.160135	     5.35424	     17.2154	 0	[(0, 24)]
 25	  0	 23	   -0.160135	     5.35424	     17.2154	 0	[(0, 25)]
 26	  0	 24	   -0.160135	     5.22072	     17.3538	 0	[(0, 26)]
 27	  0	 26	   -0.160135	      5.2615	     17.2434	 0	[(0, 27)]
 28	  0	 26	   -0.160135	      5.2615	     17.2434	 0	[(0, 28)]
 29	  0	 28	   -0.160135	     5.23363	     17.2435	 0	[(0, 29)]
 30	  0	 28	   -0.160135	     5.23363	     17.2435	 0	[(0, 30)]
 31	  0	 29	   -0.160135	     4.83144	     18.1303	 0	[(0, 31)]
 32	 29	  2	   -0.160135	     3.70515	    0.321956	 1	[(29, 32)]
 33	 29	  4	   -0.160135	     2.24559	    0.294698	 1	[(29, 33)]
 34	 29	  6	   -0.160135	     4.45425	     5.22864	 0	[(29, 34)]
 35	 29	  7	   -0.160135	     4.43561	     5.75047	 0	[(29, 35)]
 36	 29	  8	   -0.160135	     4.48148	     6.28019	 0	[(29, 36)]
 37	 29	  9	   -0.160135	     4.33426	     7.49065	 0	[(29, 37)]
 38	 29	 10	   -0.160135	      4.4647	     8.41548	 0	[(29, 38)]
 39	 29	 11	   -0.160135	     4.51142	     9.33269	 0	[(29, 39)]
 40	 29	 12	   -0.160135	     3.58872	     10.7955	 0	[(29, 40)]
 41	 29	 13	   -0.160135	     2.37734	     12.0325	 0	[(29, 41)]
 42	 29	 14	   -0.160135	     2.36731	     12.7868	 0	[(29, 42)]
 43	 29	 15	   -0.160135	     2.20283	     13.6275	 0	[(29, 43)]
 44	 29	 16	   -0.160135	     2.76797	     13.4257	 0	[(29, 44)]
 45	 29	 16	   -0.160135	     2.76797	     13.4257	 0	[(29, 45)]
 46	 29	 16	   -0.160135	     2.76797	     13.4257	 0	[(29, 46)]
 47	 29	 16	   -0.160135	     2.76797	     13.4257	 0	[(29, 47)]
 48	 29	 16	   -0.160135	     2.76797	     13.4257	 0	[(29, 48)]
 49	 29	 16	   -0.160135	     2.76797	     13.4257	 0	[(29, 49)]
 50	 29	 16	   -0.160135	     2.76797	     13.4257	 0	[(29, 50)]
 51	 29	 16	   -0.160135	     2.76797	     13.4257	 0	[(29, 51)]
 52	 29	 16	   -0.160135	     2.76797	     13.4257	 0	[(29, 52)]
 53	 29	 19	   -0.160135	     2.50583	     13.6937	 0	[(29, 53)]
 54	 29	 21	   -0.160135	     2.51962	     13.6954	 0	[(29, 54)]
 55	 29	 23	   -0.160135	     2.60862	     13.5899	 0	[(29, 55)]
 56	 29	 23	   -0.160135	     2.60862	     13.5899	 0	[(29, 56)]
 57	 29	 23	   -0.160135	     2.60862	     13.5899	 0	[(29, 57)]
 58	 29	 23	   -0.160135	     2.60862	     13.5899	 0	[(29, 58)]
 59	 29	 25	   -0.160135	     2.45412	     13.7532	 0	[(29, 59)]
 60	 29	 26	   -0.160135	     2.46443	     13.7459	 0	[(29, 60)]
 61	 29	 27	   -0.160135	     2.47898	     13.7292	 0	[(29, 61)]
 62	 29	 27	   -0.160135	     2.47898	     13.7292	 0	[(29, 62)]
 63	 29	 29	   -0.160135	     2.33338	     13.8734	 0	[(29, 63)]
 64	 29	 30	   -0.160135	     2.33924	     13.8752	 0	[(29, 64)]
 65	 29	 31	   -0.160135	     2.34663	     13.8688	 0	[(29, 65)]
 66	 29	 32	   -0.160135	     2.32173	     13.8967	 0	[(29, 66)]
 67	 29	 33	   -0.160135	     2.22244	     13.9934	 0	[(29, 67)]
 68	 54	  9	   -0.160135	     8.40354	    0.548135	 2	[(54, 68)]
 69	 54	 11	   -0.160135	      10.344	     4.28286	 2	[(54, 69)]
 70	 54	 13	   -0.160135	     11.5328	     5.46643	 2	[(54, 70)]
 71	 54	 14	   -0.160135	     12.4413	     6.36184	 2	[(54, 71)]
 72	 54	 15	   -0.160135	     12.6041	     10.1109	 2	[(54, 72)]
 73	 54	 16	   -0.160135	     11.7947	     12.4443	 2	[(54, 73)]
 74	 54	 19	   -0.160135	     7.54998	     17.2853	 1	[(54, 74)]
 75	 54	 20	   -0.160135	     8.18309	     17.7263	 1	[(54, 75)]
 76	 54	 21	   -0.160135	     8.40302	     18.1078	 1	[(54, 76)]
 77	 54	 22	   -0.160135	     8.43074	     18.2517	 1	[(54, 77)]
 78	 68	  3	   -0.160135	      3.9416	    0.265463	 1	[(68, 78)]
 79	 68	  5	   -0.160135	     4.29478	    0.273926	 1	[(68, 79)]
 80	 68	  6	   -0.160135	     6.29828	     4.37705	 1	[(68, 80)]
 81	 54	 26	   -0.160135	     1.98366	     23.7726	 1	[(54, 81)]
 82	 54	 27	   -0.160135	     1.09497	     24.6687	 1	[(54, 82)]
 83	 54	 28	     -1.1465	     -1.1465	       25.73	 1	[(54, 83)]
 84	 54	 29	    -2.49566	    -2.49566	     26.7313	 1	[(54, 84)]
 85	 54	 30	    -2.49566	    -2.07411	     27.2415	 1	[(54, 85)]
 86	 54	 30	    -2.49566	    -2.07411	     27.2415	 1	[(54, 86)]
 87	 54	 30	    -2.49566	    -2.07411	     27.2415	 1	[(54, 87)]
 88	 54	 30	    -2.49566	    -2.07411	     27.2415	 1	[(54, 88)]
 89	 54	 30	    -2.49566	    -2.07411	     27.2415	 1	[(54, 89)]
 90	 54	 32	    -2.49566	     2.13192	      27.586	 2	[(54, 90)]
 91	 54	 34	    -2.49566	     3.35418	     27.1411	 2	[(54, 91)]
 92	 54	 35	    -2.49566	     2.85526	      30.994	 2	[(54, 92)]
 93	 54	 36	    -2.49566	     2.67234	     31.9339	 2	[(54, 93)]
 94	 54	 37	    -2.49566	     3.08564	     32.2222	 2	[(54, 94)]
 95	 54	 38	    -2.49566	     3.34713	     31.8373	 2	[(54, 95)]
 96	 54	 39	    -2.49566	     3.55342	     31.3172	 2	[(54, 96)]
 97	 54	 40	    -2.49566	      6.3336	     31.0346	 3	[(54, 97)]
 98	 85	 10	    -2.49566	     6.76617	     4.92215	 1	[(85, 98)]
 99	 54	 42	    -2.49566	     5.12064	     32.8396	 3	[(54, 99)]
100	 54	 43	    -2.49566	     2.54353	     34.0284	 3	[(54, 100)]
101	 54	 44	    -2.49566	   -0.547922	     35.1041	 3	[(54, 101)]
102	 54	 45	    -2.49566	  0.00987668	     35.5682	 3	[(54, 102)]
103	 54	 46	    -2.49566	    0.513497	     35.6301	 3	[(54, 103)]
104	 54	 46	    -2.49566	    0.513497	     35.6301	 3	[(54, 104)]
105	 54	 47	    -2.49566	    0.301058	     35.9233	 3	[(54, 105)]
106	 54	 47	    -2.49566	    0.301058	     35.9233	 3	[(54, 106)]
107	 54	 48	    -2.49566	   0.0091346	     36.4401	 3	[(54, 107)]
108	 54	 49	    -2.49566	   0.0222835	     36.4331	 3	[(54, 108)]
109	 54	 49	    -2.49566	   0.0222835	     36.4331	 3	[(54, 109)]
110	102	 48	    -2.49566	     7.33975	     35.6881	 5	[(54, 101), (102, 110)]
111	 54	 53	    -2.49566	     8.15576	      35.206	 5	[(54, 111)]
112	102	 51	    -2.49566	     8.19676	     35.4803	 5	[(54, 101), (102, 112)]
113	102	 52	    -2.49566	     10.3755	     40.3244	 5	[(54, 101), (102, 113)]
114	 54	 58	    -2.49566	     8.69322	     48.0613	 4	[(54, 114)]
115	 54	 59	    -2.49566	     8.32446	     49.6872	 4	[(54, 115)]
116	 54	 60	    -2.49566	     5.37072	     51.1209	 4	[(54, 116)]
117	 54	 61	    -2.49566	     5.27464	     51.8633	 4	[(54, 117)]
118	110	 47	    -2.49566	     3.33649	     35.4099	 4	[(54, 101), (110, 118)]
119	110	 48	    -2.49566	     3.57998	     35.4283	 4	[(54, 101), (110, 119)]
120	 54	 64	    -2.49566	     3.32266	     55.0989	 5	[(54, 120)]
121	 54	 65	    -2.49566	     2.21426	     56.0499	 5	[(54, 121)]
122	 54	 66	    -2.49566	     1.00168	     57.0943	 5	[(54, 122)]
123	 54	 67	    -2.49566	     1.60861	     57.4552	 5	[(54, 123)]
124	 54	 68	    -2.49566	     1.91204	     57.6451	 5	[(54, 124)]
125	 54	 68	    -2.49566	     1.91204	     57.6451	 5	[(54, 125)]
126	123	 46	    -2.49566	     3.19698	     35.3447	 4	[(54, 101), (123, 126)]
127	123	 48	    -2.49566	    -0.79629	     35.3577	 3	[(54, 101), (123, 127)]
128	123	 50	    -2.49566	   -0.694303	     35.2545	 3	[(54, 101), (123, 128)]
129	123	 51	    -2.49566	   -0.708239	     35.2704	 3	[(54, 101), (123, 129)]
130	123	 52	    -2.49566	     3.40142	     40.4523	 3	[(54, 101), (123, 130)]
131	123	 53	    -2.49566	     3.44901	     40.8964	 3	[(54, 101), (123, 131)]
132	123	 54	    -2.49566	     4.00132	      41.171	 3	[(54, 101), (123, 132)]
133	123	 55	    -2.49566	     4.21249	      41.136	 3	[(54, 101), (123, 133)]
134	123	 56	    -2.49566	      4.2405	     41.0997	 3	[(54, 101), (123, 134)]
135	123	 56	    -2.49566	      4.2405	     41.0997	 3	[(54, 101), (123, 135)]
136	123	 57	    -2.49566	     4.11156	      41.223	 3	[(54, 101), (123, 136)]
137	123	 57	    -2.49566	     4.11156	      41.223	 3	[(54, 101), (123, 137)]
138	123	 59	    -2.49566	     4.08846	     41.2439	 3	[(54, 101), (123, 138)]
139	123	 60	    -2.49566	     4.08836	      41.265	 3	[(54, 101), (123, 139)]
140	 54	 84	    -2.49566	     3.76346	     70.9509	 5	[(54, 140)]
141	 54	 85	    -2.49566	     3.65449	     71.6937	 5	[(54, 141)]
142	 54	 86	    -2.49566	     2.16159	     72.7807	 5	[(54, 142)]
143	 54	 87	    -2.49566	     1.36781	     73.7557	 5	[(54, 143)]
144	 54	 88	    -2.49566	     1.62817	     74.3675	 5	[(54, 144)]
145	 54	 88	    -2.49566	     1.62817	     74.3675	 5	[(54, 145)]
146	 54	 88	    -2.49566	     1.62817	     74.3675	 5	[(54, 146)]
147	 54	 89	    -2.49566	      1.4422	     74.5381	 5	[(54, 147)]
148	 54	 89	    -2.49566	      1.4422	     74.5381	 5	[(54, 148)]
149	 54	 89	    -2.49566	      1.4422	     74.5381	 5	[(54, 149)]
150	 54	 89	    -2.49566	      1.4422	     74.5381	 5	[(54, 150)]
151	 54	 89	    -2.49566	      1.4422	     74.5381	 5	[(54, 151)]
152	 54	 89	    -2.49566	      1.4422	     74.5381	 5	[(54, 152)]
153	144	 48	    -2.49566	     3.54468	     35.3779	 4	[(54, 101), (144, 153)]
154	144	 50	    -2.49566	     6.17473	     39.3275	 4	[(54, 101), (144, 154)]
155	144	 52	    -2.49566	     6.42498	      40.314	 4	[(54, 101), (144, 155)]
156	144	 54	    -2.49566	     9.52311	      41.917	 5	[(54, 101), (144, 156)]
157	144	 56	    -2.49566	     7.37365	     45.4556	 4	[(54, 101), (144, 157)]
158	 41	115	    -2.49566	     7.12338	      96.186	 8	[(41, 158)]
159	 41	116	    -2.49566	      7.6205	     96.4043	 8	[(41, 159)]
160	 41	117	    -2.49566	     7.89662	     96.0082	 8	[(41, 160)]
161	 41	118	    -2.49566	     7.94856	     95.8879	 8	[(41, 161)]
162	 41	119	    -2.49566	     7.93493	     95.8921	 8	[(41, 162)]
163	 41	120	    -2.49566	     7.90213	     95.9229	 8	[(41, 163)]
164	144	 61	    -2.49566	     8.51474	     45.8554	 4	[(54, 101), (144, 164)]
165	 41	122	    -2.49566	     10.9177	     96.1253	 9	[(41, 165)]
166	 41	123	    -2.49566	     11.0339	     96.0549	 9	[(41, 166)]
167	164	 46	    -2.49566	     3.15944	     35.4209	 4	[(54, 101), (164, 167)]
168	164	 48	    -2.49566	     1.69825	     35.3976	 4	[(54, 101), (164, 168)]
169	164	 50	    -2.49566	     3.96982	     40.3527	 3	[(54, 101), (164, 169)]
170	164	 51	    -2.49566	     4.69973	     40.7838	 3	[(54, 101), (164, 170)]
171	164	 51	    -2.49566	     4.69973	     40.7838	 3	[(54, 101), (164, 171)]
172	164	 52	    -2.49566	     1.32813	     35.3905	 4	[(54, 101), (164, 172)]
173	169	 48	    -2.49566	     1.71701	     35.3645	 4	[(54, 101), (169, 173)]
174	164	 55	    -2.49566	    -0.75876	     35.3224	 3	[(54, 101), (164, 174)]
175	169	 51	    -2.49566	   -0.707168	      35.268	 3	[(54, 101), (169, 175)]
176	169	 52	    -2.49566	     5.28924	     40.6453	 3	[(54, 101), (169, 176)]
177	169	 53	    -2.49566	   -0.733323	      35.296	 3	[(54, 101), (169, 177)]
178	169	 54	    -2.49566	     5.18191	     41.3875	 3	[(54, 101), (169, 178)]
179	169	 55	    -2.49566	     5.17881	     41.8149	 3	[(54, 101), (169, 179)]
180	169	 56	    -2.49566	     5.13014	     42.2478	 3	[(54, 101), (169, 180)]
181	169	 57	    -2.49566	     5.69785	     42.5089	 3	[(54, 101), (169, 181)]
182	169	 58	    -2.49566	     5.83373	     42.4727	 3	[(54, 101), (169, 182)]
183	169	 58	    -2.49566	     5.83373	     42.4727	 3	[(54, 101), (169, 183)]
184	169	 58	    -2.49566	     5.83373	     42.4727	 3	[(54, 101), (169, 184)]
185	169	 58	    -2.49566	     5.83373	     42.4727	 3	[(54, 101), (169, 185)]
186	169	 60	    -2.49566	     5.72004	     42.5372	 3	[(54, 101), (169, 186)]
187	169	 61	    -2.49566	      5.7159	     42.5853	 3	[(54, 101), (169, 187)]
188	169	 61	    -2.49566	      5.7159	     42.5853	 3	[(54, 101), (169, 188)]
189	169	 61	    -2.49566	      5.7159	     42.5853	 3	[(54, 101), (169, 189)]
190	169	 61	    -2.49566	      5.7159	     42.5853	 3	[(54, 101), (169, 190)]
191	169	 61	    -2.49566	      5.7159	     42.5853	 3	[(54, 101), (169, 191)]
192	169	 61	    -2.49566	      5.7159	     42.5853	 3	[(54, 101), (169, 192)]
193	169	 61	    -2.49566	      5.7159	     42.5853	 3	[(54, 101), (169, 193)]
194	169	 61	    -2.49566	      5.7159	     42.5853	 3	[(54, 101), (169, 194)]
195	169	 61	    -2.49566	      5.7159	     42.5853	 3	[(54, 101), (169, 195)]
196	169	 61	    -2.49566	      5.7159	     42.5853	 3	[(54, 101), (169, 196)]
197	169	 61	    -2.49566	      5.7159	     42.5853	 3	[(54, 101), (169, 197)]
198	169	 61	    -2.49566	      5.7159	     42.5853	 3	[(54, 101), (169, 198)]
199	169	 61	    -2.49566	      5.7159	     42.5853	 3	[(54, 101), (169, 199)]
200	169	 61	    -2.49566	      5.7159	     42.5853	 3	[(54, 101), (169, 200)]
201	169	 61	    -2.49566	      5.7159	     42.5853	 3	[(54, 101), (169, 201)]
202	169	 61	    -2.49566	      5.7159	     42.5853	 3	[(54, 101), (169, 202)]
203	169	 61	    -2.49566	      5.7159	     42.5853	 3	[(54, 101), (169, 203)]
204	201	 46	    -2.49566	     3.19442	     35.3493	 4	[(54, 101), (201, 204)]
205	201	 48	    -2.49566	   -0.803956	     35.3744	 3	[(54, 101), (201, 205)]
206	201	 50	    -2.49566	   -0.695035	     35.2561	 3	[(54, 101), (201, 206)]
207	201	 51	    -2.49566	     5.33341	     40.9486	 3	[(54, 101), (201, 207)]
208	201	 52	    -2.49566	     5.26346	      41.374	 3	[(54, 101), (201, 208)]
209	201	 53	    -2.49566	     5.33518	     41.8193	 3	[(54, 101), (201, 209)]
210	201	 54	    -2.49566	     5.36661	     42.2978	 3	[(54, 101), (201, 210)]
211	201	 55	    -2.49566	     5.62246	       42.75	 3	[(54, 101), (201, 211)]
212	201	 56	    -2.49566	     6.00265	     42.8802	 3	[(54, 101), (201, 212)]
213	201	 56	    -2.49566	     6.00265	     42.8802	 3	[(54, 101), (201, 213)]
214	201	 56	    -2.49566	     6.00265	     42.8802	 3	[(54, 101), (201, 214)]
215	212	 46	    -2.49566	     3.18757	      35.362	 4	[(54, 101), (212, 215)]
216	212	 48	    -2.49566	   -0.799893	     35.3653	 3	[(54, 101), (212, 216)]
217	212	 50	    -2.49566	   -0.693841	     35.2535	 3	[(54, 101), (212, 217)]
218	201	 62	    -2.49566	     5.97089	     42.7368	 3	[(54, 101), (201, 218)]
219	212	 52	    -2.49566	   -0.721368	     35.2845	 3	[(54, 101), (212, 219)]
220	212	 53	    -2.49566	     3.06785	     40.3289	 3	[(54, 101), (212, 220)]
221	212	 54	    -2.49566	     3.70841	     40.7689	 3	[(54, 101), (212, 221)]
222	212	 54	    -2.49566	     3.70841	     40.7689	 3	[(54, 101), (212, 222)]
223	220	 46	    -2.49566	     3.16763	     35.4024	 4	[(54, 101), (220, 223)]
224	220	 48	    -2.49566	     1.70189	     35.3953	 4	[(54, 101), (220, 224)]
225	220	 50	    -2.49566	     3.83214	      40.313	 3	[(54, 101), (220, 225)]
226	220	 51	    -2.49566	      3.8495	     40.8335	 3	[(54, 101), (220, 226)]
227	220	 52	    -2.49566	     3.94651	     41.3267	 3	[(54, 101), (220, 227)]
228	220	 53	    -2.49566	     3.92314	     41.8427	 3	[(54, 101), (220, 228)]
229	220	 54	    -2.49566	     4.34542	     41.8938	 3	[(54, 101), (220, 229)]
230	220	 55	    -2.49566	     4.44473	     41.7209	 3	[(54, 101), (220, 230)]
231	220	 55	    -2.49566	     4.44473	     41.7209	 3	[(54, 101), (220, 231)]
232	220	 55	    -2.49566	     4.44473	     41.7209	 3	[(54, 101), (220, 232)]
233	220	 55	    -2.49566	     4.44473	     41.7209	 3	[(54, 101), (220, 233)]
234	220	 55	    -2.49566	     4.44473	     41.7209	 3	[(54, 101), (220, 234)]
235	220	 57	    -2.49566	     4.17649	     41.9807	 3	[(54, 101), (220, 235)]
236	220	 57	    -2.49566	     4.17649	     41.9807	 3	[(54, 101), (220, 236)]
237	220	 59	    -2.49566	     4.05517	     42.1224	 3	[(54, 101), (220, 237)]
238	220	 60	    -2.49566	     4.06186	     42.1484	 3	[(54, 101), (220, 238)]
239	220	 62	    -2.49566	     4.16765	     41.9876	 3	[(54, 101), (220, 239)]
240	220	 62	    -2.49566	     4.16765	     41.9876	 3	[(54, 101), (220, 240)]
241	220	 62	    -2.49566	     4.16765	     41.9876	 3	[(54, 101), (220, 241)]
242	220	 62	    -2.49566	     4.16765	     41.9876	 3	[(54, 101), (220, 242)]
243	220	 62	    -2.49566	     4.16765	     41.9876	 3	[(54, 101), (220, 243)]
244	220	 62	    -2.49566	     4.16765	     41.9876	 3	[(54, 101), (220, 244)]
245	220	 62	    -2.49566	     4.16765	     41.9876	 3	[(54, 101), (220, 245)]
246	220	 62	    -2.49566	     4.16765	     41.9876	 3	[(54, 101), (220, 246)]
247	220	 62	    -2.49566	     4.16765	     41.9876	 3	[(54, 101), (220, 247)]
248	238	 48	    -2.49566	     3.57545	     35.3907	 4	[(54, 101), (238, 248)]
249	238	 50	    -2.49566	     3.72074	     35.3857	 4	[(54, 101), (238, 249)]
250	238	 53	    -2.49566	     6.87814	     40.4905	 4	[(54, 101), (238, 250)]
251	238	 54	    -2.49566	      8.0507	      41.832	 4	[(54, 101), (238, 251)]
252	238	 56	    -2.49566	     8.89559	     43.3655	 4	[(54, 101), (238, 252)]
253	238	 58	    -2.49566	     9.91748	     44.8838	 4	[(54, 101), (238, 253)]
254	238	 59	    -2.49566	     10.4996	     45.0808	 4	[(54, 101), (238, 254)]
255	238	 59	    -2.49566	     10.4996	     45.0808	 4	[(54, 101), (238, 255)]
256	238	 60	    -2.49566	     10.3351	     45.2488	 4	[(54, 101), (238, 256)]
257	238	 61	    -2.49566	     10.3448	     45.2819	 4	[(54, 101), (238, 257)]
258	238	 61	    -2.49566	     10.3448	     45.2819	 4	[(54, 101), (238, 258)]
259	238	 63	    -2.49566	     10.5501	     45.1898	 4	[(54, 101), (238, 259)]
260	238	 63	    -2.49566	     10.5501	     45.1898	 4	[(54, 101), (238, 260)]
261	238	 64	    -2.49566	     10.4251	     45.3195	 4	[(54, 101), (238, 261)]
262	238	 64	    -2.49566	     10.4251	     45.3195	 4	[(54, 101), (238, 262)]
263	238	 64	    -2.49566	     10.4251	     45.3195	 4	[(54, 101), (238, 263)]
264	238	 64	    -2.49566	     10.4251	     45.3195	 4	[(54, 101), (238, 264)]
265	238	 66	    -2.49566	     10.2783	      45.481	 4	[(54, 101), (238, 265)]
266	238	 68	    -2.49566	     10.3131	     45.4419	 4	[(54, 101), (238, 266)]
267	238	 70	    -2.49566	     10.3962	      45.351	 4	[(54, 101), (238, 267)]
268	238	 70	    -2.49566	     10.3962	      45.351	 4	[(54, 101), (238, 268)]
269	238	 70	    -2.49566	     10.3962	      45.351	 4	[(54, 101), (238, 269)]
270	238	 70	    -2.49566	     10.3962	      45.351	 4	[(54, 101), (238, 270)]
271	267	 46	    -2.49566	     3.16763	     35.4024	 4	[(54, 101), (267, 271)]
272	267	 49	    -2.49566	     1.80366	     35.3663	 4	[(54, 101), (267, 272)]
273	267	 51	    -2.49566	     5.15258	      40.884	 3	[(54, 101), (267, 273)]
274	267	 52	    -2.49566	     5.03154	     41.3032	 3	[(54, 101), (267, 274)]
275	267	 53	    -2.49566	     4.75988	     41.6837	 3	[(54, 101), (267, 275)]
276	267	 54	    -2.49566	     4.65914	     42.0969	 3	[(54, 101), (267, 276)]
277	267	 55	    -2.49566	     4.62774	     42.5145	 3	[(54, 101), (267, 277)]
278	267	 56	    -2.49566	     4.64546	     42.9375	 3	[(54, 101), (267, 278)]
279	267	 57	    -2.49566	     5.12447	     43.0115	 3	[(54, 101), (267, 279)]
280	267	 57	    -2.49566	     5.12447	     43.0115	 3	[(54, 101), (267, 280)]
281	267	 57	    -2.49566	     5.12447	     43.0115	 3	[(54, 101), (267, 281)]
282	267	 57	    -2.49566	     5.12447	     43.0115	 3	[(54, 101), (267, 282)]
283	279	 47	    -2.49566	     3.34741	      35.411	 4	[(54, 101), (279, 283)]
284	279	 49	    -2.49566	     1.82541	     35.3753	 4	[(54, 101), (279, 284)]
285	279	 51	    -2.49566	     4.53534	     40.8155	 3	[(54, 101), (279, 285)]
286	279	 52	    -2.49566	     4.48011	     41.3188	 3	[(54, 101), (279, 286)]
287	279	 53	    -2.49566	      4.5461	     41.8247	 3	[(54, 101), (279, 287)]
288	279	 54	    -2.49566	     4.93787	     42.3103	 3	[(54, 101), (279, 288)]
289	279	 55	    -2.49566	     5.21427	     42.2814	 3	[(54, 101), (279, 289)]
290	279	 56	    -2.49566	      5.2263	     42.2129	 3	[(54, 101), (279, 290)]
291	279	 56	    -2.49566	      5.2263	     42.2129	 3	[(54, 101), (279, 291)]
292	279	 56	    -2.49566	      5.2263	     42.2129	 3	[(54, 101), (279, 292)]
293	279	 57	    -2.49566	      5.1006	     42.3466	 3	[(54, 101), (279, 293)]
294	279	 57	    -2.49566	      5.1006	     42.3466	 3	[(54, 101), (279, 294)]
295	279	 57	    -2.49566	      5.1006	     42.3466	 3	[(54, 101), (279, 295)]
296	279	 57	    -2.49566	      5.1006	     42.3466	 3	[(54, 101), (279, 296)]
297	279	 57	    -2.49566	      5.1006	     42.3466	 3	[(54, 101), (279, 297)]
298	279	 57	    -2.49566	      5.1006	     42.3466	 3	[(54, 101), (279, 298)]
299	291	 46	    -2.49566	     3.19622	     35.3461	 4	[(54, 101), (291, 299)]
300	291	 48	    -2.49566	   -0.807171	     35.3822	 3	[(54, 101), (291, 300)]
301	291	 49	    -2.49566	      1.8902	     35.3878	 4	[(54, 101), (291, 301)]
302	291	 51	    -2.49566	      4.4175	     39.9559	 4	[(54, 101), (291, 302)]
303	291	 54	    -2.49566	     6.01866	     41.6382	 4	[(54, 101), (291, 303)]
304	291	 55	    -2.49566	     6.39571	     43.5442	 4	[(54, 101), (291, 304)]
305	291	 58	    -2.49566	     7.75988	     45.6425	 4	[(54, 101), (291, 305)]
306	291	 59	    -2.49566	     7.09508	     47.9041	 4	[(54, 101), (291, 306)]
307	291	 60	    -2.49566	     7.77336	     48.2332	 4	[(54, 101), (291, 307)]
308	291	 60	    -2.49566	     7.77336	     48.2332	 4	[(54, 101), (291, 308)]
309	291	 60	    -2.49566	     7.77336	     48.2332	 4	[(54, 101), (291, 309)]
310	291	 60	    -2.49566	     7.77336	     48.2332	 4	[(54, 101), (291, 310)]
311	291	 60	    -2.49566	     7.77336	     48.2332	 4	[(54, 101), (291, 311)]
312	291	 60	    -2.49566	     7.77336	     48.2332	 4	[(54, 101), (291, 312)]
313	291	 60	    -2.49566	     7.77336	     48.2332	 4	[(54, 101), (291, 313)]
314	291	 64	    -2.49566	     7.52905	     48.4785	 4	[(54, 101), (291, 314)]
315	291	 64	    -2.49566	     7.52905	     48.4785	 4	[(54, 101), (291, 315)]
316	300	 51	    -2.49566	      4.9579	     35.5233	 4	[(54, 101), (300, 316)]
317	300	 53	    -2.49566	     6.53097	     38.8849	 4	[(54, 101), (300, 317)]
318	300	 54	    -2.49566	     6.84828	     40.5847	 4	[(54, 101), (300, 318)]
319	300	 57	    -2.49566	     7.21336	     43.2515	 4	[(54, 101), (300, 319)]
320	300	 59	    -2.49566	      7.9461	     44.8283	 4	[(54, 101), (300, 320)]
321	291	 71	    -2.49566	     7.34085	     56.2703	 5	[(54, 101), (291, 321)]
322	291	 72	    -2.49566	     6.49406	     57.2551	 5	[(54, 101), (291, 322)]
323	291	 73	    -2.49566	     4.91141	     58.5349	 5	[(54, 101), (291, 323)]
324	291	 74	    -2.49566	     3.89843	     59.9601	 5	[(54, 101), (291, 324)]
325	291	 75	    -2.49566	     4.17528	     60.5507	 5	[(54, 101), (291, 325)]
326	291	 75	    -2.49566	     4.17528	     60.5507	 5	[(54, 101), (291, 326)]
327	291	 76	    -2.49566	     4.03086	     60.6856	 5	[(54, 101), (291, 327)]
328	291	 76	    -2.49566	     4.03086	     60.6856	 5	[(54, 101), (291, 328)]
329	291	 76	    -2.49566	     4.03086	     60.6856	 5	[(54, 101), (291, 329)]
330	291	 76	    -2.49566	     4.03086	     60.6856	 5	[(54, 101), (291, 330)]
331	291	 76	    -2.49566	     4.03086	     60.6856	 5	[(54, 101), (291, 331)]
332	319	 48	    -2.49566	     4.38093	     37.5402	 4	[(54, 101), (319, 332)]
333	319	 51	    -2.49566	     5.57533	     39.5444	 4	[(54, 101), (319, 333)]
334	319	 53	    -2.49566	     6.25982	     41.5663	 4	[(54, 101), (319, 334)]
335	319	 55	    -2.49566	     6.17973	     43.6479	 4	[(54, 101), (319, 335)]
336	193	181	    -2.49566	     6.41526	     135.417	 7	[(54, 101), (193, 336)]
337	193	183	    -2.49566	     4.15074	     137.389	 7	[(54, 101), (193, 337)]
338	193	184	    -2.49566	     1.52356	     138.484	 7	[(54, 101), (193, 338)]
339	193	185	    -2.49566	    0.536338	     139.416	 7	[(54, 101), (193, 339)]
340	193	186	    -2.49566	     1.10174	     140.754	 7	[(54, 101), (193, 340)]
341	193	186	    -2.49566	     1.10174	     140.754	 7	[(54, 101), (193, 341)]
342	193	187	    -2.49566	    0.943117	     140.895	 7	[(54, 101), (193, 342)]
343	193	187	    -2.49566	    0.943117	     140.895	 7	[(54, 101), (193, 343)]
344	193	188	    -2.49566	    0.743077	     141.227	 7	[(54, 101), (193, 344)]
345	291	 90	    -2.49566	     2.95072	     72.6253	 6	[(54, 101), (291, 345)]
346	291	 90	    -2.49566	     2.95072	     72.6253	 6	[(54, 101), (291, 346)]
347	291	 90	    -2.49566	     2.95072	     72.6253	 6	[(54, 101), (291, 347)]
348	291	 90	    -2.49566	     2.95072	     72.6253	 6	[(54, 101), (291, 348)]
349	345	 47	    -2.49566	     3.36393	     35.3829	 4	[(54, 101), (345, 349)]
350	345	 49	    -2.49566	     1.82393	     35.3663	 4	[(54, 101), (345, 350)]
351	345	 51	    -2.49566	     5.23757	     40.9066	 3	[(54, 101), (345, 351)]
352	345	 52	    -2.49566	     5.03387	     41.3025	 3	[(54, 101), (345, 352)]
353	345	 53	    -2.49566	     4.93944	     41.7094	 3	[(54, 101), (345, 353)]
354	345	 54	    -2.49566	     4.83412	     42.1138	 3	[(54, 101), (345, 354)]
355	345	 55	    -2.49566	     4.77539	     42.4981	 3	[(54, 101), (345, 355)]
356	345	 56	    -2.49566	     4.74845	     42.9009	 3	[(54, 101), (345, 356)]
357	185	209	    -2.49566	     2.16433	     160.963	 8	[(54, 101), (185, 357)]
358	185	210	    -2.49566	     1.79912	     161.848	 8	[(54, 101), (185, 358)]
359	185	211	    -2.49566	     1.36122	     163.235	 8	[(54, 101), (185, 359)]
360	185	212	    -2.49566	     0.49585	     164.383	 8	[(54, 101), (185, 360)]
361	185	213	    -2.49566	    0.558758	     165.098	 8	[(54, 101), (185, 361)]
362	185	214	    -2.49566	    0.867625	     165.447	 8	[(54, 101), (185, 362)]
363	185	215	    -2.49566	    0.868315	     165.705	 8	[(54, 101), (185, 363)]
364	185	216	    -2.49566	     1.01011	     168.174	 9	[(54, 101), (185, 364)]
365	185	217	    -3.87209	    -3.87209	     169.489	 9	[(54, 101), (185, 365)]
366	185	218	    -4.77261	    -4.77261	     170.375	 9	[(54, 101), (185, 366)]
367	185	219	    -10.0589	    -10.0589	     171.121	 9	[(54, 101), (185, 367)]
368	185	220	     -12.479	     -12.479	     172.219	 9	[(54, 101), (185, 368)]
369	185	221	     -12.479	    -11.9615	     172.694	 9	[(54, 101), (185, 369)]
370	185	222	     -12.479	    -12.1039	     173.386	 9	[(54, 101), (185, 370)]
371	185	223	    -13.3779	    -13.3779	     174.674	 9	[(54, 101), (185, 371)]
372	185	224	    -13.3779	      -13.32	     175.682	 9	[(54, 101), (185, 372)]
373	185	225	    -13.3779	    -13.2704	     176.503	 9	[(54, 101), (185, 373)]
374	185	226	    -13.7686	    -13.7686	     177.572	 9	[(54, 101), (185, 374)]
375	185	227	    -16.6859	    -16.6859	     179.108	 9	[(54, 101), (185, 375)]
376	185	228	    -19.0442	    -19.0442	     180.289	 9	[(54, 101), (185, 376)]
377	185	229	    -19.1879	    -19.1879	     181.082	 9	[(54, 101), (185, 377)]
378	185	230	    -19.4838	    -19.4838	     181.919	 9	[(54, 101), (185, 378)]
379	185	231	    -20.9517	    -20.9517	     183.062	 9	[(54, 101), (185, 379)]
380	185	232	    -20.9577	    -20.9577	     183.891	 9	[(54, 101), (185, 380)]
381	185	233	    -20.9822	    -20.9822	     184.708	 9	[(54, 101), (185, 381)]
382	185	234	    -21.1341	    -21.1341	     185.552	 9	[(54, 101), (185, 382)]
383	185	235	    -21.1341	    -20.5992	     185.036	 9	[(54, 101), (185, 383)]
384	185	236	    -21.1341	    -20.4778	     184.612	 9	[(54, 101), (185, 384)]
385	185	236	    -21.1341	    -20.4778	     184.612	 9	[(54, 101), (185, 385)]
386	185	236	    -21.1341	    -20.4778	     184.612	 9	[(54, 101), (185, 386)]
387	185	237	    -21.1341	    -20.6523	     184.917	 9	[(54, 101), (185, 387)]
388	185	239	    -21.1341	    -19.0718	     189.891	 9	[(54, 101), (185, 388)]
389	185	241	    -21.1341	    -17.8116	     191.989	 9	[(54, 101), (185, 389)]
390	185	242	    -21.1341	    -17.0752	     192.169	 9	[(54, 101), (185, 390)]
391	185	242	    -21.1341	    -17.0752	     192.169	 9	[(54, 101), (185, 391)]
392	185	242	    -21.1341	    -17.0752	     192.169	 9	[(54, 101), (185, 392)]
393	185	242	    -21.1341	    -17.0752	     192.169	 9	[(54, 101), (185, 393)]
394	185	243	    -21.1341	    -17.3115	     192.389	 9	[(54, 101), (185, 394)]
395	185	243	    -21.1341	    -17.3115	     192.389	 9	[(54, 101), (185, 395)]
396	185	244	    -21.1341	    -17.4525	     192.548	 9	[(54, 101), (185, 396)]
397	185	244	    -21.1341	    -17.4525	     192.548	 9	[(54, 101), (185, 397)]
398	185	246	    -21.1341	    -17.3611	     192.483	 9	[(54, 101), (185, 398)]
399	185	246	    -21.1341	    -17.3611	     192.483	 9	[(54, 101), (185, 399)]
400	185	248	    -21.1341	    -17.3833	     192.504	 9	[(54, 101), (185, 400)]
401	185	249	    -21.1341	    -17.3772	     192.494	 9	[(54, 101), (185, 401)]
402	185	249	    -21.1341	    -17.3772	     192.494	 9	[(54, 101), (185, 402)]
403	185	249	    -21.1341	    -17.3772	     192.494	 9	[(54, 101), (185, 403)]
404	185	250	    -21.1341	    -17.6102	     192.718	 9	[(54, 101), (185, 404)]
405	185	250	    -21.1341	    -17.6102	     192.718	 9	[(54, 101), (185, 405)]
406	185	250	    -21.1341	    -17.6102	     192.718	 9	[(54, 101), (185, 406)]
407	185	251	    -21.1341	    -18.7307	     193.515	 9	[(54, 101), (185, 407)]
408	185	252	    -21.1341	    -18.4288	     193.521	 9	[(54, 101), (185, 408)]
409	185	252	    -21.1341	    -18.4288	     193.521	 9	[(54, 101), (185, 409)]
410	185	253	    -21.1341	    -9.82969	     193.661	10	[(54, 101), (185, 410)]
411	185	254	    -21.1341	     -10.325	      194.42	10	[(54, 101), (185, 411)]
412	185	255	    -21.1341	     -12.605	     195.883	10	[(54, 101), (185, 412)]
413	185	257	    -21.1341	    -17.2433	      197.85	10	[(54, 101), (185, 413)]
414	185	259	    -21.1341	    -10.4898	     198.534	11	[(54, 101), (185, 414)]
415	185	260	    -21.1341	    -12.2429	     199.673	11	[(54, 101), (185, 415)]
416	185	261	    -21.1341	     -16.644	     201.532	11	[(54, 101), (185, 416)]
417	185	262	    -21.1341	    -17.6488	     202.881	11	[(54, 101), (185, 417)]
418	185	263	    -21.1341	    -17.2299	     203.848	11	[(54, 101), (185, 418)]
419	185	264	    -21.1341	    -17.0056	     204.261	11	[(54, 101), (185, 419)]
420	185	266	    -21.1341	      -16.71	     203.514	11	[(54, 101), (185, 420)]
421	185	267	    -21.1341	    -16.7269	     203.455	11	[(54, 101), (185, 421)]
422	185	268	    -21.1341	     -19.397	     204.648	11	[(54, 101), (185, 422)]
423	185	269	    -21.1341	    -20.6003	     210.474	11	[(54, 101), (185, 423)]
424	185	270	    -21.1341	    -20.8946	     211.751	11	[(54, 101), (185, 424)]
425	185	272	    -21.1341	    -21.0424	     213.201	11	[(54, 101), (185, 425)]
426	 29	385	    -22.0258	    -22.0258	     318.184	18	[(29, 426)]
427	  0	416	    -22.5866	    -22.5866	     352.063	20	[(0, 427)]
428	  0	417	    -23.0453	    -23.0453	     352.986	20	[(0, 428)]
429	  0	418	    -25.7211	    -25.7211	     355.825	20	[(0, 429)]
430	  0	419	    -28.3424	    -28.3424	     357.693	20	[(0, 430)]
431	  0	420	    -29.7417	    -29.7417	     358.736	20	[(0, 431)]
432	  0	421	     -30.309	     -30.309	     359.607	20	[(0, 432)]
433	  0	422	    -31.3958	    -31.3958	     360.642	20	[(0, 433)]
434	  0	423	    -34.3261	    -34.3261	     361.848	20	[(0, 434)]
435	  0	424	     -35.645	     -35.645	     362.863	20	[(0, 435)]
436	  0	425	     -35.645	    -35.2515	     363.389	20	[(0, 436)]
437	  0	426	     -35.645	    -35.1007	     363.854	20	[(0, 437)]
438	  0	426	     -35.645	    -35.1007	     363.854	20	[(0, 438)]
439	  0	427	     -35.645	    -35.2834	     364.021	20	[(0, 439)]
440	  0	428	     -35.645	    -35.2534	     363.984	20	[(0, 440)]
441	  0	428	     -35.645	    -35.2534	     363.984	20	[(0, 441)]
442	  0	428	     -35.645	    -35.2534	     363.984	20	[(0, 442)]
443	  0	428	     -35.645	    -35.2534	     363.984	20	[(0, 443)]
444	  0	428	     -35.645	    -35.2534	     363.984	20	[(0, 444)]
445	  0	428	     -35.645	    -35.2534	     363.984	20	[(0, 445)]
446	  0	428	     -35.645	    -35.2534	     363.984	20	[(0, 446)]
447	  0	428	     -35.645	    -35.2534	     363.984	20	[(0, 447)]
448	  0	428	     -35.645	    -35.2534	     363.984	20	[(0, 448)]
449	  0	428	     -35.645	    -35.2534	     363.984	20	[(0, 449)]
450	  0	428	     -35.645	    -35.2534	     363.984	20	[(0, 450)]
451	  0	428	     -35.645	    -35.2534	     363.984	20	[(0, 451)]
452	  0	428	     -35.645	    -35.2534	     363.984	20	[(0, 452)]
453	  0	428	     -35.645	    -35.2534	     363.984	20	[(0, 453)]
454	  0	428	     -35.645	    -35.2534	     363.984	20	[(0, 454)]
455	  0	428	     -35.645	    -35.2534	     363.984	20	[(0, 455)]
456	  0	428	     -35.645	    -35.2534	     363.984	20	[(0, 456)]
457	  0	428	     -35.645	    -35.2534	     363.984	20	[(0, 457)]
458	  0	428	     -35.645	    -35.2534	     363.984	20	[(0, 458)]
459	  0	428	     -35.645	    -35.2534	     363.984	20	[(0, 459)]
460	  0	428	     -35.645	    -35.2534	     363.984	20	[(0, 460)]
461	  0	428	     -35.645	    -35.2534	     363.984	20	[(0, 461)]
462	  0	428	     -35.645	    -35.2534	     363.984	20	[(0, 462)]
463	  0	428	     -35.645	    -35.2534	     363.984	20	[(0, 463)]
464	  0	428	     -35.645	    -35.2534	     363.984	20	[(0, 464)]
465	  0	428	     -35.645	    -35.2534	     363.984	20	[(0, 465)]
466	  0	428	     -35.645	    -35.2534	     363.984	20	[(0, 466)]
467	  0	428	     -35.645	    -35.2534	     363.984	20	[(0, 467)]
468	  0	428	     -35.645	    -35.2534	     363.984	20	[(0, 468)]
469	  0	428	     -35.645	    -35.2534	     363.984	20	[(0, 469)]
470	  0	428	     -35.645	    -35.2534	     363.984	20	[(0, 470)]
