nresidues = 804
409 412 0.976562
409 413 0.117188
410 413 0.78125
410 414 0.078125
410 630 0.0625
410 646 0.0625
411 414 0.820312
411 647 0.0625
411 664 0.375
411 668 0.0625
412 415 0.703125
412 416 0.273438
413 416 0.78125
413 417 0.0390625
413 629 0.1875
414 417 0.15625
414 630 0.125
414 664 0.1875
415 664 0.1875
415 665 0.125
415 668 0.0625
416 611 0.25
417 420 0.0625
417 611 1.375
417 613 0.125
417 665 0.0625
418 565 1.4375
418 566 0.25
418 610 0.625
418 611 1.1875
419 565 0.125
419 566 1.3125
419 610 0.0625
419 611 0.0625
419 612 1.1875
419 613 0.1875
420 565 0.0625
420 566 0.125
420 567 1.25
420 568 0.1875
420 613 1.25
420 615 0.0625
421 567 0.0625
421 568 1.4375
421 569 0.0625
421 570 0.125
421 606 0.125
421 613 0.125
421 614 1.25
421 615 0.25
422 427 0.0390625
422 428 0.117188
422 560 0.125
422 567 0.0625
422 568 0.1875
422 569 1.25
422 570 0.125
422 615 1.625
423 426 0.664062
423 427 0.859375
423 570 1.375
423 599 0.5
423 614 0.1875
423 615 0.125
423 616 0.0625
423 621 0.3125
424 427 0.703125
424 428 0.78125
424 429 0.15625
424 570 0.0625
424 571 0.1875
424 573 0.1875
424 581 0.125
425 429 0.742188
426 429 0.117188
426 550 0.125
427 550 0.4375
427 615 0.0625
427 616 0.25
427 654 0.1875
428 549 1.375
428 550 0.25
428 553 0.0625
428 569 0.1875
428 654 0.0625
429 547 0.4375
429 548 1.3125
429 549 0.125
429 550 0.25
430 547 0.0625
430 548 0.125
431 547 0.1875
432 546 0.0625
433 462 0.0625
433 466 0.0625
433 545 0.1875
433 546 1.25
434 544 0.0625
434 545 1.5
434 546 0.25
435 466 0.125
435 467 0.0625
435 470 0.375
435 544 1.25
436 528 0.125
436 544 1.3125
436 545 0.0625
436 546 0.0625
437 523 0.0625
437 528 0.3125
437 542 0.0625
437 543 1.25
437 544 0.3125
438 445 0.1875
438 542 1.1875
438 543 0.125
439 448 0.125
439 541 1.3125
439 542 0.5
440 443 0.375
440 444 0.3125
440 445 0.1875
440 448 0.1875
440 540 1.25
440 541 0.125
441 515 0.25
441 516 0.0625
441 540 1.1875
444 447 0.859375
444 448 0.0390625
445 448 0.78125
445 449 0.078125
446 449 0.859375
446 450 0.078125
446 474 0.3125
446 475 0.125
446 476 0.1875
447 450 1.01562
447 451 0.195312
448 451 0.78125
448 452 0.078125
448 533 0.1875
448 540 0.0625
448 541 0.0625
448 542 0.0625
449 452 0.820312
449 453 0.078125
449 467 0.0625
449 470 0.125
449 471 0.1875
449 476 0.125
450 453 0.78125
450 454 0.234375
450 476 0.1875
450 477 0.0625
450 478 0.1875
451 454 0.78125
451 455 0.078125
451 497 0.0625
451 535 0.1875
451 540 0.125
452 455 0.820312
452 456 0.117188
452 467 0.0625
452 533 0.0625
452 543 0.0625
453 456 0.820312
453 457 0.117188
453 467 0.0625
453 468 0.0625
453 471 0.0625
453 478 0.1875
454 457 0.15625
454 478 0.125
454 479 0.3125
454 481 0.3125
455 492 0.0625
455 494 0.1875
455 497 0.0625
455 499 0.0625
456 459 0.25
456 464 0.5625
456 468 0.1875
456 492 0.125
456 499 0.125
457 468 0.0625
457 478 0.1875
457 479 0.0625
457 481 0.0625
459 464 0.078125
459 465 0.0390625
459 486 0.0625
460 465 0.390625
461 464 0.78125
461 465 0.3125
462 465 0.859375
462 466 0.117188
463 466 0.898438
463 467 0.15625
464 467 0.820312
464 468 0.117188
465 468 0.820312
465 469 0.078125
466 469 0.78125
466 470 0.0390625
467 470 0.78125
467 471 0.0390625
468 471 0.78125
468 472 0.234375
469 472 0.78125
469 473 0.15625
470 473 0.9375
470 474 0.117188
471 474 0.78125
471 475 0.703125
471 476 0.273438
471 478 0.1875
472 475 0.0390625
472 478 0.0625
481 484 0.0625
481 495 0.375
482 495 0.3125
483 493 0.0625
483 494 1.1875
483 495 0.3125
484 492 0.0625
484 493 1.1875
484 494 0.0625
485 492 1.25
485 493 0.125
486 491 1.25
487 490 1.4375
487 491 0.125
489 501 0.125
490 500 1.1875
490 501 0.4375
490 503 0.8125
490 504 0.4375
490 507 0.3125
491 499 1.25
491 500 0.0625
492 497 0.0625
492 498 1.25
492 499 0.375
493 497 1.25
493 498 0.125
493 508 0.1875
494 497 0.4375
496 534 0.0625
496 535 0.0625
497 534 1.3125
497 535 0.0625
498 504 0.1875
498 505 0.125
498 508 0.0625
498 510 0.0625
498 532 1.1875
498 533 1.375
498 534 0.1875
499 532 1.1875
500 504 0.0390625
500 531 1.3125
500 532 0.25
501 504 0.859375
501 505 0.117188
502 505 0.78125
502 506 0.0390625
502 517 0.375
503 506 0.664062
503 507 0.273438
504 507 0.820312
504 508 0.15625
505 508 0.742188
505 509 0.78125
505 510 0.46875
505 512 0.0625
505 532 0.1875
505 534 0.0625
506 509 0.0390625
509 537 0.0625
510 534 0.0625
510 537 1.0625
510 539 0.0625
511 539 0.0625
512 516 0.078125
512 517 0.0390625
513 516 0.9375
513 517 0.078125
514 517 0.859375
514 518 0.15625
515 518 0.664062
515 519 0.0390625
516 519 0.78125
516 520 0.15625
516 542 0.0625
517 520 0.859375
517 521 0.3125
518 521 0.820312
518 522 0.078125
519 522 0.742188
519 523 0.078125
519 542 0.0625
520 523 0.820312
520 524 0.234375
520 532 0.0625
520 542 0.0625
521 524 0.78125
521 525 0.195312
521 576 0.4375
522 525 0.820312
522 526 0.234375
523 526 0.859375
523 527 0.664062
523 528 0.117188
523 542 0.0625
523 544 0.125
524 527 0.703125
524 528 0.078125
524 574 0.625
524 576 1.5
524 577 0.125
525 576 0.125
525 580 0.125
526 580 0.0625
527 581 0.0625
528 545 1.3125
528 574 0.0625
528 577 0.0625
529 543 0.0625
529 544 1.25
529 545 0.625
530 542 0.0625
530 543 1.25
531 542 1.3125
531 543 0.25
532 539 0.0625
532 541 1.1875
533 539 1.3125
533 540 1.3125
533 541 0.1875
534 538 1.375
534 539 0.125
535 538 0.375
549 584 0.0625
549 585 0.0625
550 553 0.125
550 652 0.375
551 555 0.078125
551 655 0.3125
552 555 0.859375
552 556 0.078125
552 652 0.0625
552 653 0.5
552 654 0.375
552 655 0.125
553 556 0.742188
553 557 0.078125
553 585 0.0625
553 654 0.0625
554 557 0.742188
554 558 0.0390625
554 584 0.1875
554 585 0.0625
555 558 0.820312
555 559 0.0390625
555 655 0.0625
556 559 0.742188
556 560 0.15625
556 654 0.0625
556 658 0.1875
557 560 0.78125
557 561 0.15625
557 567 0.3125
557 585 0.125
558 561 0.78125
558 562 0.0390625
559 562 0.78125
559 563 0.234375
559 658 0.0625
559 662 0.125
560 563 0.820312
560 564 0.664062
560 565 0.898438
560 567 0.125
561 564 0.703125
561 565 0.0390625
561 567 0.0625
561 586 0.5
561 588 0.375
563 658 0.0625
563 662 0.4375
563 665 0.25
565 588 0.125
565 665 0.1875
566 588 0.4375
566 610 0.375
567 587 1.4375
567 588 1.375
567 589 0.1875
568 589 1.25
569 578 0.0625
569 581 0.0625
569 587 0.125
569 590 1.25
569 591 0.1875
570 591 1.25
570 594 0.0625
570 599 0.25
570 602 0.0625
570 614 0.0625
571 578 0.0625
571 591 0.0625
571 592 1.1875
571 593 1.0625
571 594 1.125
572 593 0.125
572 594 0.0625
573 592 1.25
573 593 0.25
574 577 0.976562
574 578 0.078125
574 592 0.0625
574 593 0.3125
575 578 0.859375
575 579 0.078125
575 590 0.125
575 591 0.25
575 592 0.75
575 593 0.1875
576 579 0.78125
576 580 0.078125
577 580 0.78125
577 581 0.0390625
578 581 0.78125
578 582 0.078125
578 590 0.125
578 592 0.0625
579 582 0.9375
579 583 0.117188
580 583 0.898438
580 584 0.0390625
581 584 0.78125
581 585 0.15625
582 585 0.742188
582 586 0.742188
582 587 0.117188
582 590 0.125
591 594 0.0625
591 602 0.1875
594 598 0.4375
594 599 0.125
594 602 0.0625
595 598 1.8125
595 599 0.0625
596 599 0.125
598 601 0.78125
598 602 0.0390625
599 602 0.78125
599 603 0.078125
600 603 0.78125
600 604 0.078125
600 623 0.125
600 627 0.25
601 604 0.898438
601 605 0.195312
602 605 0.859375
602 606 0.078125
603 606 0.78125
603 607 0.15625
603 614 0.0625
603 627 0.125
603 628 0.125
604 607 0.820312
604 627 0.1875
605 608 0.078125
606 609 0.664062
606 610 0.117188
607 610 0.117188
607 612 0.0625
607 627 0.5625
607 628 0.1875
607 629 0.3125
610 629 0.0625
611 629 0.375
612 628 1.1875
612 629 1.5625
612 630 0.0625
613 628 0.0625
613 630 1.1875
614 621 0.125
614 624 0.3125
614 625 0.1875
614 628 0.0625
614 630 0.125
614 631 1.25
614 632 0.25
615 625 0.0625
615 632 1.25
615 634 0.0625
615 657 0.0625
616 621 0.5
616 632 0.125
616 633 1.25
617 620 0.5
617 621 0.625
617 625 0.0625
617 633 0.0625
618 621 1.125
618 622 0.125
618 625 0.0625
618 644 0.0625
621 624 0.78125
622 625 0.78125
622 626 0.078125
623 626 0.820312
623 627 0.078125
624 627 0.78125
624 628 0.078125
625 628 0.078125
625 630 1.0625
625 631 0.25
625 632 0.1875
625 633 0.0625
625 644 0.25
630 646 0.25
630 647 0.0625
631 645 1.1875
631 646 1.4375
631 647 0.0625
632 647 1.25
632 649 0.0625
632 657 0.0625
633 647 0.125
633 648 1.1875
633 649 0.25
634 649 1.1875
634 650 1.0625
634 651 1.1875
634 652 0.25
634 657 0.0625
635 649 1.0625
635 650 1.25
635 651 0.1875
635 652 0.125
636 649 1.125
636 650 0.5
637 650 0.0625
645 648 0.0625
649 656 0.25
649 657 0.1875
651 656 0.5
653 656 0.078125
654 657 0.820312
654 658 0.0390625
655 658 0.820312
655 659 0.078125
656 659 0.78125
656 660 0.078125
657 660 0.742188
657 661 0.15625
658 661 0.820312
658 662 0.078125
659 662 0.820312
659 663 0.078125
660 663 0.78125
660 664 0.078125
661 664 0.820312
661 665 0.0390625
662 665 0.703125
662 666 0.0390625
663 666 0.742188
663 667 0.117188
664 667 0.859375
664 668 0.195312
665 668 0.078125
