nresidues = 222
9 111 2.97245
9 114 0.165136
10 111 0.660543
10 114 0.165136
10 115 3.30272
11 111 0.330272
11 115 0.165136
11 116 4.45867
11 117 0.660543
11 142 1.15595
12 107 0.495408
12 108 0.165136
12 111 0.165136
12 117 3.30272
12 119 0.165136
12 140 0.165136
12 141 3.46785
12 142 3.79812
12 143 0.165136
13 30 0.825679
13 117 0.495408
13 118 3.30272
13 119 0.660543
13 143 3.13758
14 96 0.165136
14 119 3.96326
14 134 0.165136
14 141 0.165136
14 143 0.495408
14 144 3.13758
14 145 0.330272
15 23 0.165136
15 26 0.495408
15 27 0.165136
15 30 0.990815
15 118 0.165136
15 119 0.660543
15 120 3.30272
15 121 0.165136
15 145 3.13758
15 147 0.165136
16 23 0.990815
16 121 0.660543
16 122 0.330272
16 123 0.990815
16 138 0.330272
16 145 0.660543
16 146 3.63299
16 147 0.660543
17 23 0.660543
17 122 3.13758
17 123 0.660543
17 147 0.165136
18 21 0.165136
18 23 0.495408
18 122 0.495408
18 147 0.165136
18 158 0.330272
18 159 0.660543
18 160 0.330272
18 161 0.660543
19 122 0.165136
19 149 0.165136
19 161 0.495408
19 180 0.165136
19 185 1.15595
19 187 0.165136
20 149 0.660543
20 181 0.330272
20 182 0.330272
20 185 0.495408
20 186 0.330272
21 147 0.330272
21 148 0.660543
21 149 0.165136
22 25 2.0642
22 26 0.20642
22 147 0.165136
23 26 2.0642
23 27 0.10321
23 120 0.495408
23 121 0.825679
23 122 0.330272
23 147 0.165136
24 27 2.0642
24 28 0.516048
24 63 0.165136
24 94 0.495408
25 28 2.0642
25 29 0.20642
26 29 2.99308
26 30 1.0321
27 30 2.0642
27 31 0.619259
27 64 0.165136
27 94 0.330272
27 118 0.165136
27 120 0.165136
28 31 2.0642
28 32 0.722471
28 63 0.330272
29 32 2.0642
29 33 0.309631
30 33 2.47704
30 34 0.20642
30 143 0.165136
30 145 0.660543
31 34 2.16741
31 35 0.10321
31 41 0.825679
31 43 0.165136
31 64 0.165136
32 35 2.16741
32 36 0.20642
33 36 1.85778
34 37 2.0642
34 38 2.0642
34 39 0.825679
34 41 0.165136
34 90 0.660543
35 38 0.10321
35 41 0.825679
40 88 3.30272
40 89 2.80731
41 88 0.495408
41 90 3.46785
42 78 0.330272
42 84 0.330272
42 88 0.165136
42 90 0.330272
42 91 3.30272
42 92 0.330272
43 65 0.330272
43 66 4.1284
43 67 0.330272
43 92 3.79812
44 67 3.79812
44 69 0.165136
44 75 0.330272
44 78 0.660543
44 91 0.330272
44 92 0.495408
44 93 3.13758
45 66 0.330272
45 67 0.165136
45 68 3.13758
45 69 0.330272
45 94 0.330272
45 99 0.165136
46 69 3.30272
46 94 0.165136
46 95 0.330272
46 98 0.165136
46 99 1.15595
47 68 0.165136
47 69 0.330272
48 53 0.330272
48 98 1.15595
48 177 0.165136
48 179 0.165136
49 52 3.79812
49 53 0.165136
50 53 0.495408
50 56 0.495408
54 175 1.81649
67 78 0.165136
69 99 0.330272
71 74 0.41284
71 99 0.495408
71 102 0.495408
72 75 0.41284
72 99 0.495408
72 102 0.495408
72 103 0.495408
72 106 0.660543
73 76 2.0642
73 77 0.20642
73 106 0.165136
74 77 2.68344
74 78 0.20642
75 78 2.0642
75 79 0.41284
75 103 0.165136
76 79 2.0642
76 80 0.41284
76 106 0.165136
76 110 0.165136
77 80 2.27062
77 81 0.20642
78 81 0.619259
78 83 0.660543
78 84 0.495408
79 84 1.98163
79 91 0.165136
79 110 0.165136
81 84 0.165136
84 88 0.825679
85 88 0.825679
88 115 0.330272
89 115 3.79812
89 116 0.165136
90 116 3.46785
90 118 0.165136
91 110 0.165136
91 115 0.165136
91 116 0.330272
91 117 3.46785
91 118 0.330272
92 118 3.30272
93 96 0.165136
93 99 0.165136
93 117 0.165136
93 118 0.330272
93 119 3.30272
93 120 0.495408
94 120 3.46785
95 98 0.495408
95 120 3.13758
96 99 0.825679
96 103 0.165136
96 119 0.495408
96 120 0.660543
96 121 0.165136
96 134 0.165136
96 137 0.330272
97 121 0.660543
97 122 0.330272
97 131 1.81649
97 133 0.165136
98 131 0.165136
98 179 0.165136
99 103 0.41284
99 133 0.495408
100 103 0.20642
100 133 0.825679
101 104 0.41284
101 133 0.165136
101 136 0.825679
102 105 1.75457
102 106 0.20642
103 106 2.0642
103 107 0.20642
103 133 0.330272
104 107 2.0642
104 108 0.516048
104 136 0.165136
104 137 0.330272
104 140 0.165136
105 108 2.0642
105 109 0.516048
106 109 2.0642
106 110 0.41284
107 110 2.0642
107 111 0.20642
107 117 0.165136
108 111 2.16741
108 112 0.825679
108 140 1.81649
109 112 2.0642
109 113 0.619259
110 113 2.0642
110 114 1.75457
110 115 0.722471
110 117 0.165136
111 115 0.10321
122 131 0.495408
122 134 0.330272
123 129 0.165136
123 130 3.30272
123 131 0.165136
123 134 0.990815
123 138 0.165136
123 146 0.330272
124 128 0.660543
124 129 3.30272
124 131 0.990815
124 159 0.330272
124 160 0.825679
125 128 0.330272
125 129 0.825679
125 130 0.165136
125 131 0.825679
125 176 0.165136
126 161 0.330272
126 163 1.81649
126 170 0.330272
126 171 0.330272
126 172 0.165136
126 174 0.825679
126 175 0.660543
126 193 0.495408
127 172 0.825679
127 176 0.330272
127 193 0.495408
127 195 0.165136
128 193 0.165136
129 172 0.990815
130 134 0.165136
131 134 0.660543
131 176 0.330272
133 136 1.96099
133 137 0.10321
134 137 2.0642
134 138 0.41284
135 138 1.96099
135 139 0.10321
136 139 2.47704
136 140 0.41284
137 140 2.0642
137 141 0.20642
138 141 0.20642
138 144 0.660543
138 146 0.165136
148 157 0.165136
148 158 3.30272
149 157 3.30272
149 158 0.825679
149 187 0.165136
150 155 0.495408
150 156 3.13758
150 158 0.495408
150 187 0.330272
151 154 3.46785
151 155 0.330272
151 156 0.330272
151 158 0.165136
151 187 3.13758
151 188 0.495408
151 192 0.165136
152 187 0.330272
154 189 0.165136
154 192 0.495408
157 189 0.330272
158 187 0.495408
158 188 4.29353
159 188 3.13758
159 189 0.165136
160 186 0.165136
160 187 3.30272
160 188 1.15595
160 189 0.165136
160 190 0.330272
160 193 1.32109
161 186 3.13758
161 193 0.330272
162 169 0.660543
162 184 0.165136
162 185 3.30272
162 186 0.990815
162 188 0.165136
162 194 0.165136
163 169 3.13758
163 170 0.495408
163 175 0.660543
163 176 0.330272
163 177 0.165136
163 178 0.825679
163 184 3.46785
163 185 1.15595
164 167 0.165136
164 168 3.46785
164 169 0.330272
164 184 0.330272
165 168 0.825679
165 178 0.330272
169 194 0.330272
169 196 0.165136
170 174 0.825679
170 196 0.165136
171 174 1.48622
171 195 0.165136
171 196 3.13758
171 197 0.660543
172 195 0.330272
172 196 0.330272
172 197 0.495408
172 198 0.165136
172 199 0.990815
177 185 0.10321
178 184 0.41284
178 185 0.619259
179 184 0.20642
180 183 0.516048
180 184 0.10321
180 185 0.20642
181 184 1.96099
181 185 0.516048
182 185 0.309631
188 192 0.990815
188 193 0.495408
189 192 3.30272
189 193 0.165136
190 193 0.495408
195 198 0.330272
200 205 0.165136
200 206 0.165136
200 209 0.495408
202 205 0.495408
204 207 2.0642
204 208 0.20642
205 208 2.0642
205 209 0.41284
206 209 2.0642
206 210 0.20642
207 210 2.16741
207 211 0.20642
208 211 2.16741
208 212 0.825679
209 212 1.75457
209 213 0.10321
210 213 1.96099
210 214 0.20642
211 214 0.309631
