L	Ls	nvertices	F_L	F_L_constrained	rho_sum	nloops	regions
  9	  0	  0	           0	           0	           0	 0	[(0, 9)]
 10	  0	  0	           0	           0	           0	 0	[(0, 10)]
 11	  0	  0	           0	           0	           0	 0	[(0, 11)]
 12	  0	  0	           0	           0	           0	 0	[(0, 12)]
 13	  0	  0	           0	           0	           0	 0	[(0, 13)]
 14	  0	  0	           0	           0	           0	 0	[(0, 14)]
 15	  0	  0	           0	           0	           0	 0	[(0, 15)]
 16	  0	  0	           0	           0	           0	 0	[(0, 16)]
 17	  0	  0	           0	           0	           0	 0	[(0, 17)]
 18	  0	  0	           0	           0	           0	 0	[(0, 18)]
 19	  0	  0	           0	           0	           0	 0	[(0, 19)]
 20	  0	  0	           0	           0	           0	 0	[(0, 20)]
 21	  0	  2	   -0.256244	   -0.256244	    0.242645	 0	[(0, 21)]
 22	  0	  2	   -0.256244	   -0.256244	    0.242645	 0	[(0, 22)]
 23	  0	  6	   -0.383018	   -0.383018	    0.378934	 0	[(0, 23)]
 24	  0	  6	   -0.383018	   -0.383018	    0.378934	 0	[(0, 24)]
 25	  0	  8	   -0.383018	   -0.371123	    0.382856	 0	[(0, 25)]
 26	  0	  9	   -0.383018	     2.19523	    0.400649	 1	[(0, 26)]
 27	  0	 11	   -0.383018	   -0.282633	    0.293284	 0	[(0, 27)]
 28	 22	  7	   -0.383018	     3.88493	     5.61216	 0	[(22, 28)]
 29	 22	  8	   -0.383018	     2.96705	     7.07791	 0	[(22, 29)]
 30	 22	  9	   -0.383018	     1.94974	     8.23485	 0	[(22, 30)]
 31	 22	 10	   -0.383018	     1.24051	     9.22426	 0	[(22, 31)]
 32	 22	 11	   -0.383018	    0.438157	     10.2053	 0	[(22, 32)]
 33	 22	 12	   -0.383018	   -0.359931	     11.1928	 0	[(22, 33)]
 34	 22	 13	   -0.804426	   -0.804426	     12.1194	 0	[(22, 34)]
 35	 22	 14	    -1.14633	    -1.14633	      13.031	 0	[(22, 35)]
 36	 22	 15	     -1.3178	     -1.3178	     13.8944	 0	[(22, 36)]
 37	 22	 16	    -1.44304	    -1.44304	     14.7967	 0	[(22, 37)]
 38	 22	 17	    -1.67632	    -1.67632	     15.6917	 0	[(22, 38)]
 39	 22	 18	    -1.67632	    -1.24452	     15.7697	 0	[(22, 39)]
 40	 22	 18	    -1.67632	    -1.24452	     15.7697	 0	[(22, 40)]
 41	 22	 19	    -1.81688	    -1.81688	     16.2866	 0	[(22, 41)]
 42	 22	 19	    -1.81688	    -1.81688	     16.2866	 0	[(22, 42)]
 43	 22	 20	    -1.96491	    -1.96491	     16.4243	 0	[(22, 43)]
 44	 22	 20	    -1.96491	    -1.96491	     16.4243	 0	[(22, 44)]
 45	 22	 20	    -1.96491	    -1.96491	     16.4243	 0	[(22, 45)]
 46	 22	 20	    -1.96491	    -1.96491	     16.4243	 0	[(22, 46)]
 47	 22	 20	    -1.96491	    -1.96491	     16.4243	 0	[(22, 47)]
 48	 22	 20	    -1.96491	    -1.96491	     16.4243	 0	[(22, 48)]
 49	 22	 20	    -1.96491	    -1.96491	     16.4243	 0	[(22, 49)]
 50	 22	 20	    -1.96491	    -1.96491	     16.4243	 0	[(22, 50)]
 51	 22	 20	    -1.96491	    -1.96491	     16.4243	 0	[(22, 51)]
 52	 22	 22	    -2.32865	    -2.32865	     16.9984	 0	[(22, 52)]
 53	 22	 25	    -2.32865	    -2.21228	     16.6928	 0	[(22, 53)]
 54	 22	 25	    -2.32865	    -2.21228	     16.6928	 0	[(22, 54)]
 55	 22	 25	    -2.32865	    -2.21228	     16.6928	 0	[(22, 55)]
 56	  0	 32	    -2.32865	    -2.32603	     17.3847	 0	[(0, 56)]
 57	  0	 32	    -2.32865	    -2.32603	     17.3847	 0	[(0, 57)]
 58	  0	 32	    -2.32865	    -2.32603	     17.3847	 0	[(0, 58)]
 59	  0	 32	    -2.32865	    -2.32603	     17.3847	 0	[(0, 59)]
 60	  0	 32	    -2.32865	    -2.32603	     17.3847	 0	[(0, 60)]
 61	  0	 32	    -2.32865	    -2.32603	     17.3847	 0	[(0, 61)]
 62	  0	 32	    -2.32865	    -2.32603	     17.3847	 0	[(0, 62)]
 63	 22	 27	    -2.54003	    -2.54003	     17.0011	 0	[(22, 63)]
 64	 22	 28	    -2.54003	    -2.52972	     17.0125	 0	[(22, 64)]
 65	 43	  8	    -2.54003	      8.2538	     2.95561	 1	[(43, 65)]
 66	 43	 10	    -2.54003	     8.90343	      2.0981	 2	[(43, 66)]
 67	 43	 12	    -2.54003	     9.33634	     7.05418	 1	[(43, 67)]
 68	 43	 14	    -2.54003	     9.74992	     6.39766	 2	[(43, 68)]
 69	 43	 16	    -2.54003	      9.0634	     8.25041	 1	[(43, 69)]
 70	 43	 16	    -2.54003	      9.0634	     8.25041	 1	[(43, 70)]
 71	 43	 16	    -2.54003	      9.0634	     8.25041	 1	[(43, 71)]
 72	 43	 16	    -2.54003	      9.0634	     8.25041	 1	[(43, 72)]
 73	 43	 16	    -2.54003	      9.0634	     8.25041	 1	[(43, 73)]
 74	 71	 30	    -2.54003	     1.21029	      17.262	 1	[(22, 64), (71, 74)]
 75	 71	 32	    -2.78077	    -2.78077	     17.2717	 0	[(22, 64), (71, 75)]
 76	 71	 34	    -2.78077	    -2.67656	     17.1639	 0	[(22, 64), (71, 76)]
 77	 71	 35	    -2.78077	    -2.69013	      17.179	 0	[(22, 64), (71, 77)]
 78	 71	 36	    -2.78077	     2.12178	      22.515	 0	[(22, 64), (71, 78)]
 79	 71	 37	    -2.78077	     1.76743	     22.8226	 0	[(22, 64), (71, 79)]
 80	 71	 38	    -2.78077	     1.22792	     23.9033	 0	[(22, 64), (71, 80)]
 81	 71	 39	    -2.78077	     1.73102	     24.2597	 0	[(22, 64), (71, 81)]
 82	 71	 39	    -2.78077	     1.73102	     24.2597	 0	[(22, 64), (71, 82)]
 83	 71	 40	    -2.78077	     1.51178	      24.505	 0	[(22, 64), (71, 83)]
 84	 71	 41	    -2.78077	     1.05204	     25.3004	 0	[(22, 64), (71, 84)]
 85	 71	 41	    -2.78077	     1.05204	     25.3004	 0	[(22, 64), (71, 85)]
 86	 71	 41	    -2.78077	     1.05204	     25.3004	 0	[(22, 64), (71, 86)]
 87	 71	 41	    -2.78077	     1.05204	     25.3004	 0	[(22, 64), (71, 87)]
 88	 71	 43	    -2.78077	     1.16366	     25.1965	 0	[(22, 64), (71, 88)]
 89	 71	 43	    -2.78077	     1.16366	     25.1965	 0	[(22, 64), (71, 89)]
 90	 71	 43	    -2.78077	     1.16366	     25.1965	 0	[(22, 64), (71, 90)]
 91	 71	 44	    -2.78077	     1.01724	     25.3388	 0	[(22, 64), (71, 91)]
 92	 71	 44	    -2.78077	     1.01724	     25.3388	 0	[(22, 64), (71, 92)]
 93	 71	 44	    -2.78077	     1.01724	     25.3388	 0	[(22, 64), (71, 93)]
 94	 71	 44	    -2.78077	     1.01724	     25.3388	 0	[(22, 64), (71, 94)]
 95	 71	 44	    -2.78077	     1.01724	     25.3388	 0	[(22, 64), (71, 95)]
 96	 71	 46	    -2.78077	    0.760993	     25.5814	 0	[(22, 64), (71, 96)]
 97	 71	 46	    -2.78077	    0.760993	     25.5814	 0	[(22, 64), (71, 97)]
 98	 71	 48	    -2.78077	    0.634393	     25.7133	 0	[(22, 64), (71, 98)]
 99	 71	 49	    -2.78077	     8.21924	     25.7565	 1	[(22, 64), (71, 99)]
100	 71	 49	    -2.78077	     8.21924	     25.7565	 1	[(22, 64), (71, 100)]
101	 71	 49	    -2.78077	     8.21924	     25.7565	 1	[(22, 64), (71, 101)]
102	 71	 50	    -2.78077	     12.2925	     25.9288	 2	[(22, 64), (71, 102)]
103	 99	 31	    -2.78077	     1.42279	     17.2672	 1	[(22, 64), (99, 103)]
104	 99	 33	    -2.78077	    -2.76811	     17.2593	 0	[(22, 64), (99, 104)]
105	 99	 35	    -2.78077	    -2.68892	     17.1763	 0	[(22, 64), (99, 105)]
106	 99	 36	    -2.78077	     3.14801	     22.4033	 0	[(22, 64), (99, 106)]
107	 99	 37	    -2.78077	     2.83247	     22.6928	 0	[(22, 64), (99, 107)]
108	 99	 38	    -2.78077	     2.24687	     22.8892	 0	[(22, 64), (99, 108)]
109	 99	 39	    -2.78077	      1.7585	     23.1143	 0	[(22, 64), (99, 109)]
110	 99	 40	    -2.78077	     1.38634	     24.3318	 0	[(22, 64), (99, 110)]
111	 99	 41	    -2.78077	    0.997375	     25.4179	 0	[(22, 64), (99, 111)]
112	 99	 42	    -2.78077	    0.181904	     26.5288	 0	[(22, 64), (99, 112)]
113	 99	 43	    -2.78077	   -0.493423	     27.5527	 0	[(22, 64), (99, 113)]
114	 99	 44	    -2.78077	   -0.511925	     28.2879	 0	[(22, 64), (99, 114)]
115	 99	 45	    -2.78077	  -0.0701746	     28.4789	 0	[(22, 64), (99, 115)]
116	 99	 45	    -2.78077	  -0.0701746	     28.4789	 0	[(22, 64), (99, 116)]
117	 99	 46	    -2.78077	   -0.242314	      28.638	 0	[(22, 64), (99, 117)]
118	 99	 46	    -2.78077	   -0.242314	      28.638	 0	[(22, 64), (99, 118)]
119	  0	 95	    -2.78077	    0.257165	     69.3871	 5	[(0, 119)]
120	  0	 96	    -7.66875	    -7.66875	     73.6664	 5	[(0, 120)]
121	  0	 98	    -7.66875	    -7.26318	     73.8137	 5	[(0, 121)]
122	  0	100	    -8.11663	    -8.11663	     76.6402	 5	[(0, 122)]
123	  0	101	    -8.11663	     -8.0075	     77.5805	 5	[(0, 123)]
124	  0	101	    -8.11663	     -8.0075	     77.5805	 5	[(0, 124)]
125	  0	101	    -8.11663	     -8.0075	     77.5805	 5	[(0, 125)]
126	  0	101	    -8.11663	     -8.0075	     77.5805	 5	[(0, 126)]
127	  0	101	    -8.11663	     -8.0075	     77.5805	 5	[(0, 127)]
128	  0	104	    -8.11663	    -2.54426	     77.1073	 6	[(0, 128)]
129	  0	105	    -8.11663	    -2.40222	     77.2281	 6	[(0, 129)]
130	  0	106	    -8.11663	    -3.28447	      81.745	 6	[(0, 130)]
131	  0	107	    -8.11663	    -5.30495	     85.7817	 6	[(0, 131)]
132	  0	107	    -8.11663	    -5.30495	     85.7817	 6	[(0, 132)]
133	  0	108	    -8.11663	    -3.63775	     86.6465	 7	[(0, 133)]
134	  0	109	    -8.11663	    -3.84988	     87.2785	 7	[(0, 134)]
135	  0	109	    -8.11663	    -3.84988	     87.2785	 7	[(0, 135)]
136	  0	110	    -8.11663	    -2.40271	     89.2581	 8	[(0, 136)]
137	  0	111	    -8.11663	    -2.93677	     91.1006	 8	[(0, 137)]
138	  0	113	    -8.11663	    -3.74744	     93.7043	 7	[(0, 138)]
139	  0	114	    -8.11663	    -4.32144	      94.833	 7	[(0, 139)]
140	  0	115	    -8.11663	    -6.79099	     96.0315	 7	[(0, 140)]
141	  0	116	    -8.81766	    -8.81766	     97.0569	 7	[(0, 141)]
142	  0	117	    -11.7596	    -11.7596	     98.0707	 7	[(0, 142)]
143	  0	118	    -13.7438	    -13.7438	     99.0505	 7	[(0, 143)]
144	  0	119	    -15.5432	    -15.5432	     100.054	 7	[(0, 144)]
145	  0	120	    -18.2973	    -18.2973	     101.101	 7	[(0, 145)]
146	  0	121	    -20.4209	    -20.4209	     102.121	 7	[(0, 146)]
147	  0	122	    -20.4209	    -20.3015	     102.917	 7	[(0, 147)]
148	  0	123	    -20.4209	    -19.6875	     102.993	 7	[(0, 148)]
149	  0	125	    -20.4209	    -18.4537	     102.075	 7	[(0, 149)]
150	  0	125	    -20.4209	    -18.4537	     102.075	 7	[(0, 150)]
151	  0	125	    -20.4209	    -18.4537	     102.075	 7	[(0, 151)]
152	  0	125	    -20.4209	    -18.4537	     102.075	 7	[(0, 152)]
153	  0	125	    -20.4209	    -18.4537	     102.075	 7	[(0, 153)]
154	  0	127	    -20.4209	    -14.7411	      102.54	 8	[(0, 154)]
155	  0	129	    -20.4209	    -14.1917	     102.194	 8	[(0, 155)]
156	  0	130	    -20.4209	    -14.0166	     102.181	 8	[(0, 156)]
157	  0	131	    -20.4209	    -11.7063	     108.581	 8	[(0, 157)]
158	  0	132	    -20.4209	    -14.0172	     111.214	 8	[(0, 158)]
159	  0	133	    -20.4209	    -13.4764	     111.786	 8	[(0, 159)]
160	  0	134	    -20.4209	    -13.1434	     112.017	 8	[(0, 160)]
161	  0	136	    -20.4209	    -12.1913	     111.849	 8	[(0, 161)]
162	  0	136	    -20.4209	    -12.1913	     111.849	 8	[(0, 162)]
163	  0	137	    -20.4209	    -12.3946	     112.137	 8	[(0, 163)]
164	  0	137	    -20.4209	    -12.3946	     112.137	 8	[(0, 164)]
165	  0	137	    -20.4209	    -12.3946	     112.137	 8	[(0, 165)]
166	  0	137	    -20.4209	    -12.3946	     112.137	 8	[(0, 166)]
167	  0	139	    -20.4209	    -12.4813	     112.184	 8	[(0, 167)]
168	  0	141	    -20.4209	    -12.4633	     112.175	 8	[(0, 168)]
169	  0	143	    -20.4209	    -9.86409	     116.737	 8	[(0, 169)]
170	  0	144	    -20.4209	    -9.29861	     117.304	 8	[(0, 170)]
171	  0	145	    -20.4209	    -8.85678	     117.562	 8	[(0, 171)]
172	  0	147	    -20.4209	    -7.28173	     117.831	 8	[(0, 172)]
173	  0	147	    -20.4209	    -7.28173	     117.831	 8	[(0, 173)]
174	  0	148	    -20.4209	    -7.53881	     118.585	 8	[(0, 174)]
175	  0	150	    -20.4209	    -7.62841	     118.873	 8	[(0, 175)]
176	  0	151	    -20.4209	    -7.58473	     118.775	 8	[(0, 176)]
177	  0	152	    -20.4209	    0.113936	     118.422	 9	[(0, 177)]
178	  0	153	    -20.4209	   0.0783465	     118.656	 9	[(0, 178)]
179	  0	154	    -20.4209	    0.160635	     118.374	 9	[(0, 179)]
180	  0	155	    -20.4209	    0.189356	     117.901	 9	[(0, 180)]
181	  0	156	    -20.4209	   0.0830581	     118.789	 9	[(0, 181)]
182	  0	157	    -20.4209	   0.0988621	     118.512	 9	[(0, 182)]
183	  0	158	    -20.4209	   0.0857703	     118.576	 9	[(0, 183)]
184	  0	159	    -20.4209	    -1.67192	     117.991	 9	[(0, 184)]
185	  0	160	    -20.4209	    -3.90959	     124.209	 9	[(0, 185)]
186	  0	161	    -20.4209	    -6.08236	     126.738	 9	[(0, 186)]
187	  0	163	    -20.4209	    -10.6719	     128.624	 9	[(0, 187)]
188	  0	164	    -20.4209	    -17.6804	      129.87	 9	[(0, 188)]
189	  0	165	    -20.4209	    -17.1751	      130.39	 9	[(0, 189)]
190	  0	166	    -20.4209	    -16.6501	      130.45	 9	[(0, 190)]
191	  0	166	    -20.4209	    -16.6501	      130.45	 9	[(0, 191)]
192	  0	167	    -20.4209	    -18.8026	     132.214	 9	[(0, 192)]
193	  0	168	    -20.4209	    -20.2482	     134.279	 9	[(0, 193)]
194	  0	169	    -20.4209	    -19.6033	     134.633	 9	[(0, 194)]
195	  0	170	    -20.4209	    -8.95222	     134.437	11	[(0, 195)]
196	  0	171	    -20.4209	    -8.59757	     138.347	11	[(0, 196)]
197	  0	172	    -20.4209	    -8.24169	     137.906	11	[(0, 197)]
198	  0	173	    -20.4209	    -8.11616	     137.942	11	[(0, 198)]
199	  0	174	    -20.4209	    -8.16393	     137.875	11	[(0, 199)]
200	  0	174	    -20.4209	    -8.16393	     137.875	11	[(0, 200)]
201	  0	174	    -20.4209	    -8.16393	     137.875	11	[(0, 201)]
202	  0	174	    -20.4209	    -8.16393	     137.875	11	[(0, 202)]
203	  0	174	    -20.4209	    -8.16393	     137.875	11	[(0, 203)]
204	  0	174	    -20.4209	    -8.16393	     137.875	11	[(0, 204)]
205	  0	177	    -20.4209	    -8.41468	     138.133	11	[(0, 205)]
206	  0	178	    -20.4209	    -8.40941	     138.117	11	[(0, 206)]
207	  0	180	    -20.4209	    -8.91712	     134.603	11	[(0, 207)]
208	  0	181	    -20.4209	    -8.42048	     138.133	11	[(0, 208)]
209	  0	182	    -20.4209	    -8.43232	     138.146	11	[(0, 209)]
210	  0	183	    -20.4209	    -5.06547	     140.126	11	[(0, 210)]
211	  0	184	    -20.4209	    -4.82185	     145.018	11	[(0, 211)]
212	  0	185	    -20.4209	    -5.34807	     146.168	11	[(0, 212)]
213	  0	186	    -20.4209	    -5.50946	     147.083	11	[(0, 213)]
214	  0	187	    -20.4209	    -4.95585	     147.146	11	[(0, 214)]
215	  0	187	    -20.4209	    -4.95585	     147.146	11	[(0, 215)]
216	  0	187	    -20.4209	    -4.95585	     147.146	11	[(0, 216)]
217	  0	187	    -20.4209	    -4.95585	     147.146	11	[(0, 217)]
218	  0	187	    -20.4209	    -4.95585	     147.146	11	[(0, 218)]
219	  0	187	    -20.4209	    -4.95585	     147.146	11	[(0, 219)]
220	  0	187	    -20.4209	    -4.95585	     147.146	11	[(0, 220)]
221	  0	187	    -20.4209	    -4.95585	     147.146	11	[(0, 221)]
222	  0	187	    -20.4209	    -4.95585	     147.146	11	[(0, 222)]
