nresidues = 337
7 21 0.0625
7 23 0.125
7 25 0.125
8 11 0.375
8 13 0.4375
8 16 0.5625
8 86 0.0625
9 86 0.0625
10 85 0.5625
10 86 0.4375
11 85 0.125
11 86 0.3125
12 16 0.375
12 17 0.125
12 82 0.0625
12 83 0.125
12 86 0.3125
13 16 1.4375
13 17 0.0625
13 86 0.4375
13 155 0.0625
13 156 1.375
13 157 0.4375
13 158 0.4375
14 17 0.1875
14 117 0.25
14 118 0.25
14 119 0.125
14 129 0.125
14 130 0.625
14 131 0.125
14 155 0.125
14 156 0.125
15 157 0.375
15 158 0.4375
15 161 0.4375
16 21 0.0625
17 21 0.3125
17 23 0.0625
17 117 0.375
17 132 0.0625
17 155 0.0625
18 21 0.125
18 114 0.1875
18 117 0.1875
19 114 1.25
19 115 0.1875
19 169 0.0625
20 113 0.0625
20 114 0.0625
21 112 0.0625
21 113 1.25
21 114 0.0625
22 25 0.0625
22 111 0.375
22 112 1.25
23 83 0.25
23 111 1.1875
23 112 0.375
25 82 0.3125
26 79 0.0625
26 82 0.0625
27 79 0.1875
28 79 0.0625
28 107 0.0625
28 108 1.1875
28 109 0.125
29 35 0.0625
29 75 0.0625
29 79 0.0625
29 107 1.4375
29 108 0.1875
29 230 0.0625
30 35 0.0625
30 105 0.125
30 106 1.25
30 107 0.4375
31 67 0.0625
31 102 0.0625
31 104 1.3125
31 105 0.0625
31 106 0.1875
32 35 0.898438
32 36 0.078125
32 104 0.1875
33 36 0.898438
33 37 0.078125
33 104 0.0625
34 37 0.78125
34 38 0.0390625
35 38 0.78125
35 39 0.078125
35 71 0.0625
35 228 0.125
36 39 0.78125
36 40 0.078125
36 71 0.0625
37 40 0.78125
37 41 0.117188
38 41 0.898438
38 42 0.117188
38 228 0.1875
39 42 0.78125
39 43 0.15625
39 70 0.3125
39 71 0.375
39 74 0.25
39 225 0.125
39 228 0.0625
40 43 0.703125
40 44 0.078125
40 45 0.234375
40 51 0.1875
42 220 0.0625
42 221 0.125
42 224 0.1875
42 225 0.125
42 251 0.125
43 251 0.125
43 254 0.0625
43 255 0.125
43 258 0.0625
45 50 0.117188
45 51 0.15625
45 68 0.25
46 51 0.0390625
46 261 0.0625
46 262 0.125
47 50 0.78125
47 51 0.117188
47 68 0.125
47 69 0.125
47 261 0.0625
47 267 0.0625
48 51 0.78125
48 52 0.078125
48 198 0.25
48 265 0.1875
48 266 0.1875
49 52 0.0390625
49 55 0.125
49 56 0.125
49 59 0.125
49 66 0.125
49 189 0.125
49 268 0.0625
50 66 0.125
52 55 0.976562
52 56 0.078125
53 56 0.78125
53 57 0.078125
53 65 0.0625
54 57 0.78125
54 58 0.078125
54 197 0.0625
55 58 0.78125
55 59 0.15625
55 198 0.0625
56 59 0.820312
56 60 0.898438
56 65 0.0625
56 66 0.0625
57 60 0.703125
57 61 0.0390625
58 193 0.125
58 197 0.0625
59 188 0.0625
59 189 1.25
59 190 0.125
59 193 0.125
59 336 0.0625
60 188 0.125
60 189 0.4375
62 65 0.0625
62 66 0.0625
62 101 0.0625
62 102 0.1875
62 103 0.125
63 103 0.0625
64 103 0.0625
65 103 1.25
65 104 0.125
66 101 0.0625
66 102 1.0625
67 72 0.0390625
67 102 0.0625
68 71 0.78125
68 72 0.0390625
68 257 0.0625
69 72 0.78125
69 73 0.117188
69 98 0.25
69 269 0.0625
70 73 0.78125
70 74 0.234375
71 74 0.78125
71 75 0.15625
72 75 0.78125
72 76 0.078125
72 98 0.0625
72 108 0.0625
73 76 0.78125
73 77 0.15625
73 96 0.0625
73 98 0.125
73 273 0.0625
74 77 0.820312
74 78 0.0390625
74 229 0.3125
74 248 0.4375
74 250 0.0625
75 78 0.78125
75 79 0.3125
75 229 0.0625
76 79 0.78125
76 80 0.078125
76 110 0.25
76 138 0.0625
76 147 0.0625
76 149 0.125
77 80 0.898438
77 81 0.0390625
77 93 0.0625
77 149 0.125
77 248 0.25
78 81 0.195312
78 229 1.1875
78 230 0.3125
78 231 0.1875
79 108 0.1875
79 109 0.0625
79 110 0.25
80 83 0.0625
80 112 0.125
80 136 0.125
80 151 0.375
81 84 1.5
81 85 0.125
81 230 0.0625
81 231 0.5
81 232 0.1875
82 85 0.25
84 87 0.1875
84 134 0.0625
84 151 0.5
84 153 0.0625
85 232 0.4375
85 233 1.1875
85 234 0.125
86 155 0.125
86 156 0.1875
87 153 0.0625
87 154 1.25
87 155 0.0625
87 233 0.0625
88 129 0.125
88 154 1.1875
88 156 0.0625
89 153 1.1875
89 154 0.1875
90 151 0.4375
90 152 1.5
90 153 0.125
90 278 0.0625
91 152 0.125
91 154 0.0625
91 278 0.125
92 151 1.25
92 152 0.125
92 275 0.375
92 278 0.0625
93 96 0.0625
93 150 1.25
93 151 0.1875
93 248 0.1875
93 249 0.0625
93 273 0.25
93 274 1.25
93 275 0.25
93 278 0.1875
94 149 1.3125
94 150 0.375
94 172 0.0625
94 173 0.0625
94 174 0.3125
94 175 0.1875
94 273 1.0625
94 274 0.125
95 148 0.0625
95 149 0.25
95 273 1.0625
96 149 0.375
96 272 1.4375
96 273 0.625
97 146 0.0625
97 147 0.125
97 181 0.0625
97 271 1.3125
97 272 0.8125
97 332 0.0625
98 101 0.5
98 146 1.25
98 147 0.125
98 181 0.0625
98 185 0.0625
98 270 0.125
98 271 0.0625
99 145 1.625
99 146 1.25
99 179 0.0625
99 180 0.0625
99 181 0.25
99 185 0.125
100 140 0.125
100 144 0.875
100 145 0.125
100 146 0.125
100 185 0.0625
101 185 0.25
101 186 0.125
101 189 0.0625
101 269 0.3125
101 270 0.125
102 106 0.3125
102 146 0.125
103 106 0.4375
107 139 0.0625
107 140 1.25
108 138 0.0625
108 139 1.1875
109 137 0.0625
109 138 1.3125
109 139 0.375
109 140 0.125
109 141 0.0625
110 136 0.125
110 137 1.3125
110 138 0.375
111 135 0.0625
111 136 1.3125
111 137 0.25
112 135 1.25
112 136 0.125
113 133 0.0625
113 134 1.25
113 135 0.25
114 117 0.125
114 133 1.25
115 133 1.25
115 135 0.0625
115 174 0.125
116 131 0.0625
116 132 1.25
116 133 0.125
116 169 0.3125
116 171 0.1875
117 131 1.25
117 132 0.125
117 167 1.25
117 168 1.25
117 169 0.375
118 130 1.25
118 131 0.25
118 167 1.1875
118 169 0.1875
118 171 0.0625
119 129 1.1875
119 130 0.125
119 161 0.0625
119 164 0.0625
119 167 0.0625
120 129 0.6875
120 130 0.125
120 131 0.1875
123 126 0.3125
128 156 1.25
128 157 0.125
128 161 0.125
129 155 1.3125
130 153 0.0625
130 154 1.25
130 155 0.125
131 153 1.25
131 154 0.125
131 171 0.125
132 151 0.0625
132 152 1.1875
132 153 0.25
133 151 1.1875
133 174 0.0625
134 149 0.0625
134 150 1.375
134 151 0.25
135 148 0.625
135 149 1.25
135 150 0.625
136 147 0.0625
136 148 1.25
136 149 0.8125
136 150 0.1875
136 151 0.1875
137 145 0.0625
137 147 1.25
137 148 0.3125
138 145 1.25
138 146 1.25
138 147 0.125
138 149 0.0625
139 143 0.0625
139 144 1.3125
140 143 0.25
140 144 0.8125
150 174 0.25
150 175 0.1875
157 161 0.25
158 161 0.1875
165 168 0.0625
171 174 0.4375
173 176 0.125
173 177 0.0625
184 187 0.375
185 188 0.0625
186 189 0.8125
186 334 0.1875
189 269 0.125
189 302 0.0625
189 336 0.0625
190 193 0.820312
190 302 0.1875
190 336 0.125
191 194 0.78125
191 195 0.46875
191 302 0.25
191 336 0.375
192 195 0.820312
192 196 0.078125
193 196 0.78125
193 197 0.234375
194 197 0.742188
194 198 0.351562
194 266 0.125
194 336 0.1875
195 198 0.0390625
195 202 0.5
195 302 0.375
195 303 0.0625
195 336 0.4375
198 202 0.1875
198 266 0.1875
199 202 0.3125
199 266 0.25
201 266 0.0625
201 335 0.0625
202 266 0.125
202 335 0.3125
202 336 1.125
203 297 0.125
203 298 0.25
203 299 0.1875
203 303 0.4375
203 304 0.5625
203 306 0.0625
203 335 0.25
203 336 0.125
204 207 0.25
205 208 0.0625
205 297 0.25
207 210 0.125
207 294 0.0625
208 294 1.25
208 296 0.0625
208 297 0.0625
209 294 1.1875
210 292 0.0625
210 293 1.1875
210 294 0.125
211 291 0.125
211 292 1.25
211 293 0.25
212 263 0.0625
212 291 1.3125
212 292 0.375
213 263 0.0625
213 290 1.1875
213 291 0.375
214 259 0.375
214 289 0.3125
214 290 0.375
215 259 0.1875
215 262 0.3125
215 289 0.0625
216 259 0.0625
216 262 0.0625
216 287 0.0625
216 288 1.25
217 255 0.125
217 259 0.3125
217 262 0.375
217 287 1.25
217 288 0.1875
218 255 0.0625
218 285 0.125
218 286 1.25
218 287 0.0625
219 247 0.0625
219 251 0.0625
219 255 0.0625
219 282 0.0625
219 283 0.125
219 284 1.25
219 285 0.0625
219 286 0.1875
219 288 0.125
220 251 0.125
220 284 0.5625
221 224 0.9375
221 225 0.078125
221 251 0.0625
221 284 0.25
222 225 0.78125
222 226 0.0390625
222 251 0.25
222 284 0.125
223 226 0.78125
223 227 0.3125
223 284 0.125
224 227 0.976562
224 228 0.078125
225 228 0.78125
225 229 0.15625
225 248 0.0625
225 251 0.25
226 229 0.820312
226 230 0.78125
226 231 0.273438
226 237 0.125
231 236 0.25
231 237 0.25
231 248 0.125
233 236 0.375
233 237 0.0625
234 237 1.3125
234 238 0.25
234 241 0.0625
235 242 0.0625
235 245 1.375
235 246 0.25
236 245 0.1875
236 246 0.375
236 247 0.1875
236 248 0.3125
237 245 0.25
238 241 0.125
238 245 0.125
239 242 1.1875
239 243 1.3125
239 244 0.1875
239 245 0.0625
242 246 0.125
244 283 0.8125
245 283 0.0625
246 282 1.1875
246 283 0.0625
247 251 0.117188
247 282 0.4375
247 283 0.25
248 251 0.742188
249 252 0.78125
249 253 0.15625
250 253 0.820312
250 254 0.0390625
251 254 0.742188
251 255 0.117188
252 255 0.78125
252 256 0.078125
252 282 0.1875
252 288 0.0625
252 312 0.0625
252 327 0.0625
253 256 0.820312
253 257 0.078125
253 273 0.125
253 327 0.0625
253 329 0.25
254 257 0.78125
254 258 0.078125
255 258 0.78125
255 259 0.234375
256 259 0.820312
256 260 0.078125
256 310 0.0625
256 312 0.0625
256 329 0.25
257 260 0.78125
257 261 0.15625
257 270 0.125
257 331 0.0625
258 261 0.898438
258 262 0.234375
259 262 0.898438
259 263 0.15625
259 288 0.125
259 289 0.25
259 290 0.3125
260 263 0.820312
260 264 0.15625
260 292 0.125
260 331 0.0625
261 264 0.859375
261 265 0.0390625
261 267 0.0625
262 265 0.0390625
263 292 0.125
264 267 0.1875
264 292 0.0625
266 335 0.125
267 306 0.0625
267 334 1.25
268 334 1.1875
269 333 1.25
269 334 0.125
270 332 1.3125
271 305 0.0625
271 332 1.3125
271 333 0.125
272 331 1.3125
272 332 0.3125
273 329 0.0625
273 330 1.25
273 331 0.1875
274 329 1.25
274 330 0.4375
275 278 0.3125
275 328 1.25
275 329 0.0625
276 328 1.5625
277 327 1.25
277 328 0.125
278 326 1.1875
278 327 0.0625
279 325 0.375
279 326 1.625
279 327 0.0625
280 325 0.0625
280 326 0.1875
282 286 0.3125
282 326 0.125
283 286 0.4375
286 324 0.0625
287 313 0.0625
287 314 1.1875
287 315 0.1875
288 313 1.375
288 314 0.125
289 312 1.25
289 313 0.5
289 315 0.125
289 323 0.3125
290 310 0.0625
290 311 1.25
291 309 0.0625
291 310 1.1875
291 311 0.25
292 308 0.0625
292 309 1.3125
293 307 0.0625
293 308 1.1875
293 309 0.375
294 307 1.25
294 308 0.125
295 307 1.25
295 309 0.3125
295 330 0.1875
296 306 1.3125
296 307 0.1875
297 305 1.1875
297 306 0.0625
298 304 1.25
298 305 0.125
299 303 1.25
299 304 0.0625
300 303 0.25
300 304 0.0625
300 305 0.125
302 336 0.125
303 335 1.1875
303 336 0.1875
304 334 1.25
304 335 0.1875
305 332 0.0625
305 333 1.3125
306 332 1.25
306 333 0.125
306 335 0.0625
307 330 0.5625
307 331 1.25
308 330 1.5625
308 331 0.5
308 333 0.0625
309 328 0.625
309 329 1.25
310 327 0.0625
310 328 1.25
310 329 0.5
311 327 1.25
311 328 0.25
312 325 1.3125
312 326 1.3125
312 327 0.25
313 324 1.4375
313 325 0.3125
314 323 1.375
314 324 0.4375
314 326 0.0625
315 323 0.3125
316 321 0.375
316 322 0.0625
316 323 0.1875
317 321 0.0625
318 321 0.5
325 328 0.0625
