L	Ls	nvertices	F_L	F_L_constrained	rho_sum	nloops	regions
315	  0	  0	           0	           0	           0	 0	[(0, 315)]
316	  0	  0	           0	           0	           0	 0	[(0, 316)]
317	  0	  0	           0	           0	           0	 0	[(0, 317)]
318	  0	  0	           0	           0	           0	 0	[(0, 318)]
319	  0	  0	           0	           0	           0	 0	[(0, 319)]
320	  0	  0	           0	           0	           0	 0	[(0, 320)]
321	  0	  0	           0	           0	           0	 0	[(0, 321)]
322	  0	  2	    -0.26304	    -0.26304	    0.255077	 0	[(0, 322)]
323	  0	  2	    -0.26304	    -0.26304	    0.255077	 0	[(0, 323)]
324	  0	  2	    -0.26304	    -0.26304	    0.255077	 0	[(0, 324)]
325	  0	  2	    -0.26304	    -0.26304	    0.255077	 0	[(0, 325)]
326	  0	  2	    -0.26304	    -0.26304	    0.255077	 0	[(0, 326)]
327	  0	  4	    -0.26304	     3.63448	    0.911485	 1	[(0, 327)]
328	  0	  6	    -0.26304	     1.86314	    0.661171	 1	[(0, 328)]
329	  0	  8	    -0.26304	     2.66224	     5.66259	 0	[(0, 329)]
330	  0	  9	    -0.26304	     2.60473	      6.2342	 0	[(0, 330)]
331	  0	 10	    -0.26304	     2.30461	     7.88807	 0	[(0, 331)]
332	  0	 11	    -0.26304	     2.22383	     8.83418	 0	[(0, 332)]
333	  0	 12	    -0.26304	     2.12832	     9.80539	 0	[(0, 333)]
334	  0	 14	    -0.26304	     1.67496	     11.0139	 0	[(0, 334)]
335	  0	 15	    -0.26304	      1.3562	     12.0877	 0	[(0, 335)]
336	  0	 16	    -0.26304	     0.14755	     13.3386	 0	[(0, 336)]
337	  0	 17	    -0.26304	    0.638666	     13.7845	 0	[(0, 337)]
338	  0	 17	    -0.26304	    0.638666	     13.7845	 0	[(0, 338)]
339	324	 14	    -0.26304	     2.42787	     12.6186	 0	[(324, 339)]
340	324	 15	    -0.26304	     2.24079	     12.8135	 0	[(324, 340)]
341	324	 15	    -0.26304	     2.24079	     12.8135	 0	[(324, 341)]
342	324	 16	    -0.26304	     2.05118	     12.9917	 0	[(324, 342)]
343	324	 16	    -0.26304	     2.05118	     12.9917	 0	[(324, 343)]
344	324	 16	    -0.26304	     2.05118	     12.9917	 0	[(324, 344)]
345	324	 16	    -0.26304	     2.05118	     12.9917	 0	[(324, 345)]
346	  0	 31	    -0.26304	     1.67926	     28.9819	 1	[(0, 346)]
347	  0	 31	    -0.26304	     1.67926	     28.9819	 1	[(0, 347)]
348	  0	 32	    -0.26304	     1.31242	     29.4957	 1	[(0, 348)]
349	  0	 33	    -0.26304	     1.37199	     29.4751	 1	[(0, 349)]
350	  0	 34	    -0.26304	     1.42403	     29.3887	 1	[(0, 350)]
351	  0	 35	    -0.26304	     1.27661	     29.6169	 1	[(0, 351)]
352	324	 19	    -0.26304	     1.63559	     13.5012	 0	[(324, 352)]
353	324	 21	    -0.26304	     1.88653	     13.1693	 0	[(324, 353)]
354	324	 22	    -0.26304	     1.83502	     13.2194	 0	[(324, 354)]
355	  0	 39	    -0.26304	     1.69431	     35.0528	 1	[(0, 355)]
356	  0	 40	    -0.26304	       2.196	     35.2673	 1	[(0, 356)]
357	  0	 41	    -0.26304	     2.50104	      34.197	 1	[(0, 357)]
358	  0	 42	    -0.26304	     2.46212	     33.9414	 1	[(0, 358)]
359	  0	 42	    -0.26304	     2.46212	     33.9414	 1	[(0, 359)]
360	  0	 43	    -0.26304	     6.28591	     34.9937	 2	[(0, 360)]
361	  0	 44	    -0.26304	     3.45492	     37.1842	 2	[(0, 361)]
362	  0	 46	    -0.26304	  0.00296043	     38.2871	 2	[(0, 362)]
363	  0	 47	    -2.14395	    -2.14395	     39.6873	 2	[(0, 363)]
364	  0	 48	    -4.21611	    -4.21611	     40.6967	 2	[(0, 364)]
365	  0	 49	    -5.15251	    -5.15251	     41.7633	 2	[(0, 365)]
366	  0	 51	    -5.21217	    -5.21217	      43.564	 2	[(0, 366)]
367	  0	 51	    -5.21217	    -5.21217	      43.564	 2	[(0, 367)]
368	  0	 51	    -5.21217	    -5.21217	      43.564	 2	[(0, 368)]
369	  0	 51	    -5.21217	    -5.21217	      43.564	 2	[(0, 369)]
370	  0	 53	    -5.21217	    -4.85125	      44.861	 2	[(0, 370)]
371	  0	 54	    -5.21217	    0.283791	     44.7545	 3	[(0, 371)]
372	  0	 54	    -5.21217	    0.283791	     44.7545	 3	[(0, 372)]
373	  0	 54	    -5.21217	    0.283791	     44.7545	 3	[(0, 373)]
374	371	 55	    -5.21217	    -1.10646	     45.1018	 3	[(0, 370), (371, 374)]
375	371	 57	    -5.21217	     -2.5895	     45.1357	 3	[(0, 370), (371, 375)]
376	  0	 59	    -5.21217	    0.546986	     44.2206	 3	[(0, 376)]
377	  0	 60	    -5.21217	     5.12064	     51.3001	 3	[(0, 377)]
378	  0	 61	    -5.21217	     4.02598	     51.6086	 3	[(0, 378)]
379	  0	 62	    -5.21217	     3.68904	     53.1466	 3	[(0, 379)]
380	  0	 63	    -5.21217	     3.61662	     54.0904	 3	[(0, 380)]
381	  0	 64	    -5.21217	     2.83228	     55.1821	 3	[(0, 381)]
382	  0	 65	    -5.21217	    0.639189	     56.3705	 3	[(0, 382)]
383	  0	 66	    -5.21217	    -2.02246	     57.4036	 3	[(0, 383)]
384	  0	 67	    -5.21217	    -3.96568	     58.3916	 3	[(0, 384)]
385	  0	 68	    -5.21217	    -5.05866	     59.3226	 3	[(0, 385)]
386	  0	 69	    -6.95604	    -6.95604	     60.3506	 3	[(0, 386)]
387	  0	 70	    -7.89881	    -7.89881	     61.2808	 3	[(0, 387)]
388	  0	 71	     -9.4911	     -9.4911	     62.3119	 3	[(0, 388)]
389	  0	 73	     -9.4911	    -8.16058	     62.8869	 3	[(0, 389)]
390	  0	 73	     -9.4911	    -8.16058	     62.8869	 3	[(0, 390)]
391	  0	 73	     -9.4911	    -8.16058	     62.8869	 3	[(0, 391)]
392	  0	 73	     -9.4911	    -8.16058	     62.8869	 3	[(0, 392)]
393	  0	 73	     -9.4911	    -8.16058	     62.8869	 3	[(0, 393)]
394	  0	 73	     -9.4911	    -8.16058	     62.8869	 3	[(0, 394)]
395	  0	 73	     -9.4911	    -8.16058	     62.8869	 3	[(0, 395)]
396	  0	 76	     -9.4911	    -2.25219	     63.3321	 5	[(0, 396)]
397	  0	 79	     -9.4911	    -5.93681	     63.1667	 4	[(0, 397)]
398	  0	 81	     -9.4911	    -3.70798	     68.3967	 3	[(0, 398)]
399	  0	 82	     -9.4911	    -3.96599	     68.8941	 3	[(0, 399)]
400	  0	 83	     -9.4911	     -5.3974	     70.2977	 3	[(0, 400)]
401	  0	 84	     -9.4911	    -4.82654	     70.6908	 3	[(0, 401)]
402	  0	 84	     -9.4911	    -4.82654	     70.6908	 3	[(0, 402)]
403	  0	 86	     -9.4911	    -1.71672	     72.3276	 4	[(0, 403)]
404	  0	 87	     -9.4911	    -1.82761	     73.1444	 4	[(0, 404)]
405	  0	 89	     -9.4911	     -1.9619	     75.3167	 3	[(0, 405)]
406	  0	 90	     -9.4911	    -2.33695	     76.7782	 3	[(0, 406)]
407	  0	 91	     -9.4911	  -0.0441987	     78.0108	 4	[(0, 407)]
408	  0	 93	     -9.4911	    0.654014	     78.7116	 4	[(0, 408)]
409	  0	 94	     -9.4911	    -1.25505	     80.0023	 4	[(0, 409)]
410	  0	 95	     -9.4911	    -3.37251	     81.1375	 4	[(0, 410)]
411	  0	 96	     -9.4911	    -4.18119	     82.7123	 4	[(0, 411)]
412	  0	 97	     -9.4911	    -5.18906	     84.1841	 4	[(0, 412)]
413	  0	 98	     -9.4911	    -5.45347	     85.0507	 4	[(0, 413)]
414	  0	 99	     -9.4911	    -6.28893	     86.3915	 4	[(0, 414)]
415	  0	100	     -9.4911	    -6.83935	     87.4755	 4	[(0, 415)]
416	  0	101	     -9.4911	    -7.22402	     88.4655	 4	[(0, 416)]
417	  0	102	     -9.4911	    -7.77476	     89.4727	 4	[(0, 417)]
418	  0	103	    -11.1066	    -11.1066	     90.8555	 4	[(0, 418)]
419	  0	104	    -11.5876	    -11.5876	     91.7664	 4	[(0, 419)]
420	  0	105	    -11.7993	    -11.7993	     92.6141	 4	[(0, 420)]
421	  0	106	    -12.1184	    -12.1184	     93.4744	 4	[(0, 421)]
422	  0	107	    -13.4327	    -13.4327	     94.7268	 4	[(0, 422)]
423	  0	108	    -13.6154	    -13.6154	       95.54	 4	[(0, 423)]
424	  0	109	    -16.5256	    -16.5256	     96.7566	 4	[(0, 424)]
425	  0	110	    -18.4242	    -18.4242	     97.7904	 4	[(0, 425)]
426	  0	111	    -19.7813	    -19.7813	     98.7754	 4	[(0, 426)]
427	  0	112	    -19.7813	    -19.7639	     99.4944	 4	[(0, 427)]
428	  0	113	    -19.7813	    -19.1659	     99.5647	 4	[(0, 428)]
429	  0	114	    -19.7813	    -18.9471	     99.3461	 4	[(0, 429)]
430	  0	114	    -19.7813	    -18.9471	     99.3461	 4	[(0, 430)]
431	  0	114	    -19.7813	    -18.9471	     99.3461	 4	[(0, 431)]
432	  0	114	    -19.7813	    -18.9471	     99.3461	 4	[(0, 432)]
433	  0	115	    -19.7813	    -19.1399	     99.5235	 4	[(0, 433)]
434	  0	118	    -19.7813	    -19.0826	     99.4402	 4	[(0, 434)]
435	  0	120	    -19.7813	    -18.9785	     99.3304	 4	[(0, 435)]
436	  0	121	    -19.7813	    -18.9908	     99.3428	 4	[(0, 436)]
437	  0	121	    -19.7813	    -18.9908	     99.3428	 4	[(0, 437)]
438	  0	122	    -19.7813	    -19.1189	     99.4643	 4	[(0, 438)]
439	  0	122	    -19.7813	    -19.1189	     99.4643	 4	[(0, 439)]
440	  0	122	    -19.7813	    -19.1189	     99.4643	 4	[(0, 440)]
441	  0	122	    -19.7813	    -19.1189	     99.4643	 4	[(0, 441)]
442	  0	122	    -19.7813	    -19.1189	     99.4643	 4	[(0, 442)]
443	  0	124	    -19.7813	    -19.4027	     99.7624	 4	[(0, 443)]
444	  0	125	    -19.7813	    -19.3857	     99.7439	 4	[(0, 444)]
445	  0	126	    -19.7813	    -19.3687	     99.7221	 4	[(0, 445)]
446	  0	126	    -19.7813	    -19.3687	     99.7221	 4	[(0, 446)]
447	  0	127	    -19.7813	    -19.5141	     99.8857	 4	[(0, 447)]
448	  0	129	    -19.7813	    -19.5136	     99.8849	 4	[(0, 448)]
449	  0	130	    -19.7813	    -19.4949	     99.8586	 4	[(0, 449)]
450	  0	131	    -19.7813	    -19.5041	     99.8686	 4	[(0, 450)]
451	  0	133	    -19.7813	    -14.1818	     108.915	 4	[(0, 451)]
452	  0	134	    -19.7813	    -13.4253	     109.114	 4	[(0, 452)]
453	  0	135	    -19.7813	    -12.9479	     109.374	 4	[(0, 453)]
454	  0	135	    -19.7813	    -12.9479	     109.374	 4	[(0, 454)]
455	  0	135	    -19.7813	    -12.9479	     109.374	 4	[(0, 455)]
456	  0	135	    -19.7813	    -12.9479	     109.374	 4	[(0, 456)]
457	  0	137	    -19.7813	    -13.0206	     109.416	 4	[(0, 457)]
458	  0	138	    -19.7813	    -13.0217	     109.423	 4	[(0, 458)]
459	  0	139	    -19.7813	    -13.0338	     109.419	 4	[(0, 459)]
460	  0	140	    -19.7813	    -4.74434	     109.529	 5	[(0, 460)]
461	  0	141	    -19.7813	    -4.73381	     109.578	 5	[(0, 461)]
462	  0	142	    -19.7813	    -5.24793	     110.525	 5	[(0, 462)]
463	  0	143	    -19.7813	    -5.12703	     110.878	 5	[(0, 463)]
464	  0	144	    -19.7813	    -5.00849	      110.23	 5	[(0, 464)]
465	  0	145	    -19.7813	    -2.94036	     116.785	 5	[(0, 465)]
466	  0	146	    -19.7813	    -3.32965	     117.317	 5	[(0, 466)]
467	  0	147	    -19.7813	    -3.82139	     118.435	 5	[(0, 467)]
468	  0	148	    -19.7813	    -4.61346	     119.467	 5	[(0, 468)]
469	  0	149	    -19.7813	     -5.8397	      120.62	 5	[(0, 469)]
470	  0	150	    -19.7813	    -6.35579	     121.686	 5	[(0, 470)]
471	  0	151	    -19.7813	    -7.13024	     122.662	 5	[(0, 471)]
472	  0	152	    -19.7813	     -7.5468	     123.581	 5	[(0, 472)]
473	  0	153	    -19.7813	    -8.35585	     124.708	 5	[(0, 473)]
474	  0	154	    -19.7813	    -8.56889	     125.547	 5	[(0, 474)]
475	  0	155	    -19.7813	     -8.7257	     126.455	 5	[(0, 475)]
476	  0	156	    -19.7813	    -10.5755	     127.774	 5	[(0, 476)]
477	  0	157	    -19.7813	    -10.6432	     128.615	 5	[(0, 477)]
478	  0	158	    -19.7813	    -11.3663	     129.703	 5	[(0, 478)]
479	  0	159	    -19.7813	    -11.5926	     130.541	 5	[(0, 479)]
480	  0	160	    -19.7813	    -13.2918	     131.797	 5	[(0, 480)]
481	  0	161	    -19.7813	    -13.4278	     132.563	 5	[(0, 481)]
482	  0	162	    -19.7813	    -13.2761	     132.993	 5	[(0, 482)]
483	  0	163	    -19.7813	    -15.3669	     134.442	 5	[(0, 483)]
484	  0	164	    -19.7813	    -17.5732	     135.691	 5	[(0, 484)]
485	  0	165	    -19.7813	    -18.3035	     137.254	 5	[(0, 485)]
486	  0	166	    -19.7813	    -19.3788	      139.11	 5	[(0, 486)]
487	  0	167	    -21.9464	    -21.9464	      141.64	 5	[(0, 487)]
488	  0	168	    -22.8068	    -22.8068	     144.612	 5	[(0, 488)]
489	  0	169	    -22.8068	    -22.0818	     145.018	 5	[(0, 489)]
490	  0	170	    -22.8068	    -21.6622	     144.814	 5	[(0, 490)]
491	  0	170	    -22.8068	    -21.6622	     144.814	 5	[(0, 491)]
492	  0	171	    -22.8068	    -19.3296	     145.465	 6	[(0, 492)]
493	  0	172	    -22.8068	    -19.0474	     145.356	 6	[(0, 493)]
494	  0	173	    -22.8068	     -18.917	      145.19	 6	[(0, 494)]
495	  0	174	    -22.8068	    -19.0307	     145.247	 6	[(0, 495)]
496	  0	175	    -22.8068	    -20.8059	     147.563	 6	[(0, 496)]
497	  0	176	    -22.8068	    -20.2775	     147.578	 6	[(0, 497)]
498	  0	177	    -22.8068	    -20.1238	     147.637	 6	[(0, 498)]
499	  0	177	    -22.8068	    -20.1238	     147.637	 6	[(0, 499)]
500	  0	178	    -22.8068	    -20.2684	     147.776	 6	[(0, 500)]
501	  0	178	    -22.8068	    -20.2684	     147.776	 6	[(0, 501)]
502	  0	180	    -22.8068	     -20.127	     147.497	 6	[(0, 502)]
503	  0	181	    -22.8068	    -20.0999	     149.764	 6	[(0, 503)]
504	  0	182	    -23.2822	    -23.2822	     150.843	 6	[(0, 504)]
505	  0	183	    -23.8967	    -23.8967	     151.771	 6	[(0, 505)]
506	  0	184	    -23.8967	    -23.6661	     152.413	 6	[(0, 506)]
507	  0	185	    -24.8342	    -24.8342	     155.432	 6	[(0, 507)]
508	  0	187	    -24.8342	    -18.0119	     151.974	 7	[(0, 508)]
509	  0	188	    -24.8342	    -17.3878	      151.79	 7	[(0, 509)]
510	  0	188	    -24.8342	    -17.3878	      151.79	 7	[(0, 510)]
511	  0	189	    -24.8342	    -16.1296	     155.931	 8	[(0, 511)]
512	  0	190	    -24.8342	    -15.9286	     156.047	 8	[(0, 512)]
513	  0	192	    -24.8342	    -16.4879	     161.156	 7	[(0, 513)]
514	  0	193	    -24.8342	    -16.4844	     162.545	 7	[(0, 514)]
515	  0	194	    -24.8342	    -16.7459	     163.901	 7	[(0, 515)]
516	  0	195	    -24.8342	    -17.3026	     165.258	 7	[(0, 516)]
517	  0	196	    -24.8342	    -18.1365	     166.409	 7	[(0, 517)]
518	  0	197	    -24.8342	    -18.4041	     167.324	 7	[(0, 518)]
519	  0	198	    -24.8342	    -18.7238	      168.26	 7	[(0, 519)]
520	  0	199	    -24.8342	    -19.0378	     169.193	 7	[(0, 520)]
521	  0	200	    -24.8342	    -19.1136	     169.964	 7	[(0, 521)]
522	  0	201	    -24.8342	    -18.7588	     170.157	 7	[(0, 522)]
523	  0	202	    -24.8342	    -18.5013	      169.59	 7	[(0, 523)]
524	  0	203	    -24.8342	    -18.4782	     169.444	 7	[(0, 524)]
525	  0	203	    -24.8342	    -18.4782	     169.444	 7	[(0, 525)]
526	  0	203	    -24.8342	    -18.4782	     169.444	 7	[(0, 526)]
527	  0	203	    -24.8342	    -18.4782	     169.444	 7	[(0, 527)]
528	  0	203	    -24.8342	    -18.4782	     169.444	 7	[(0, 528)]
529	  0	205	    -24.8342	    -18.8283	     169.934	 7	[(0, 529)]
530	  0	207	    -24.8342	    -18.7445	     169.733	 7	[(0, 530)]
531	  0	207	    -24.8342	    -18.7445	     169.733	 7	[(0, 531)]
532	  0	208	    -24.8342	     -18.876	     169.851	 7	[(0, 532)]
533	  0	208	    -24.8342	     -18.876	     169.851	 7	[(0, 533)]
534	  0	209	    -24.8342	    -14.6846	     170.003	 7	[(0, 534)]
535	  0	210	    -24.8342	     -14.654	     170.088	 7	[(0, 535)]
536	  0	211	    -24.8342	    -17.5299	     175.243	 7	[(0, 536)]
537	  0	212	    -24.8342	    -19.5021	     176.735	 7	[(0, 537)]
538	  0	213	    -24.8342	     -20.352	     178.427	 7	[(0, 538)]
539	  0	214	    -24.8342	    -20.6018	     179.317	 7	[(0, 539)]
540	  0	214	    -24.8342	    -20.6018	     179.317	 7	[(0, 540)]
541	  0	215	    -24.8342	    -19.1199	     179.831	 8	[(0, 541)]
542	  0	216	    -24.8342	    -19.5654	      180.73	 8	[(0, 542)]
543	  0	218	    -24.8342	    -20.2078	     182.865	 7	[(0, 543)]
544	  0	219	    -24.8342	    -20.8891	     184.173	 7	[(0, 544)]
545	  0	220	    -24.8342	    -21.0272	     185.049	 7	[(0, 545)]
546	  0	221	    -24.8342	    -21.4813	     186.058	 7	[(0, 546)]
547	  0	222	    -24.8342	    -24.0311	     187.545	 7	[(0, 547)]
548	  0	223	    -25.0334	    -25.0334	     188.579	 7	[(0, 548)]
549	  0	224	    -26.6501	    -26.6501	     189.649	 7	[(0, 549)]
550	  0	225	    -28.2758	    -28.2758	     190.654	 7	[(0, 550)]
551	  0	226	    -30.3916	    -30.3916	     191.722	 7	[(0, 551)]
552	  0	227	    -30.3916	    -30.3755	     192.427	 7	[(0, 552)]
553	  0	227	    -30.3916	    -30.3755	     192.427	 7	[(0, 553)]
554	  0	227	    -30.3916	    -30.3755	     192.427	 7	[(0, 554)]
555	  0	228	    -30.7282	    -30.7282	     192.831	 7	[(0, 555)]
556	  0	230	    -30.7282	    -29.9411	     192.795	 7	[(0, 556)]
557	  0	231	    -30.7282	    -24.8138	      192.87	 8	[(0, 557)]
558	  0	232	    -30.7282	    -26.6046	     195.111	 8	[(0, 558)]
559	  0	233	    -30.7282	    -28.4284	     196.433	 8	[(0, 559)]
560	  0	234	    -30.7282	    -30.6971	     198.077	 8	[(0, 560)]
561	  0	235	    -32.9434	    -32.9434	     200.032	 8	[(0, 561)]
562	  0	236	    -35.3046	    -35.3046	     201.287	 8	[(0, 562)]
563	  0	237	     -40.024	     -40.024	     202.685	 8	[(0, 563)]
564	  0	238	     -43.647	     -43.647	     203.828	 8	[(0, 564)]
565	  0	239	     -43.647	     -43.114	     204.318	 8	[(0, 565)]
566	  0	240	     -43.647	    -42.5786	      204.35	 8	[(0, 566)]
567	  0	241	     -43.647	    -42.4333	     204.207	 8	[(0, 567)]
568	  0	241	     -43.647	    -42.4333	     204.207	 8	[(0, 568)]
569	  0	242	     -43.647	     -42.536	     206.104	 9	[(0, 569)]
570	  0	244	     -43.647	    -40.9948	     207.073	 9	[(0, 570)]
571	  0	245	     -43.647	    -41.9384	     209.821	 9	[(0, 571)]
572	  0	247	     -43.647	    -38.0562	     214.139	 9	[(0, 572)]
573	  0	248	     -43.647	    -39.6071	     215.805	 9	[(0, 573)]
574	  0	249	     -43.647	    -39.5757	     216.867	 9	[(0, 574)]
575	  0	250	     -43.647	    -40.1404	     217.822	 9	[(0, 575)]
576	  0	251	     -43.647	    -41.0168	     218.894	 9	[(0, 576)]
577	  0	252	     -43.647	    -41.1462	     219.838	 9	[(0, 577)]
578	  0	253	     -43.647	     -41.658	     220.867	 9	[(0, 578)]
579	  0	254	     -43.647	     -41.916	     221.772	 9	[(0, 579)]
580	  0	255	     -43.647	    -42.3395	     222.824	 9	[(0, 580)]
581	  0	256	     -43.647	    -42.5087	     223.725	 9	[(0, 581)]
582	  0	257	     -43.647	    -42.6368	     224.647	 9	[(0, 582)]
583	  0	258	     -43.647	     -42.829	     225.609	 9	[(0, 583)]
584	  0	259	    -43.7593	    -43.7593	     227.075	 9	[(0, 584)]
585	  0	260	    -43.9381	    -43.9381	     227.995	 9	[(0, 585)]
586	  0	261	    -44.0843	    -44.0843	       228.9	 9	[(0, 586)]
587	  0	262	    -44.0843	    -43.5265	     228.831	 9	[(0, 587)]
588	  0	262	    -44.0843	    -43.5265	     228.831	 9	[(0, 588)]
589	  0	262	    -44.0843	    -43.5265	     228.831	 9	[(0, 589)]
590	  0	263	    -44.7263	    -44.7263	     230.052	 9	[(0, 590)]
591	  0	265	    -44.7263	    -44.0521	     229.603	 9	[(0, 591)]
592	  0	267	    -44.7263	    -43.4653	     228.681	 9	[(0, 592)]
593	  0	268	    -44.7263	    -37.4204	     228.771	10	[(0, 593)]
594	  0	269	    -44.7263	    -37.3717	     229.012	10	[(0, 594)]
595	  0	270	    -44.7263	    -37.2884	     228.882	10	[(0, 595)]
596	  0	271	    -44.7263	    -36.8617	     228.882	12	[(0, 596)]
597	  0	272	    -44.7263	    -36.5668	     228.887	12	[(0, 597)]
598	  0	273	    -44.7263	    -36.4691	     228.909	12	[(0, 598)]
599	  0	274	    -44.7263	    -36.1249	     233.555	12	[(0, 599)]
600	  0	276	    -44.7263	    -37.9322	     236.408	11	[(0, 600)]
601	  0	278	    -44.7263	    -39.6689	     237.902	10	[(0, 601)]
602	  0	279	    -44.7263	    -38.9256	     238.187	10	[(0, 602)]
603	  0	279	    -44.7263	    -38.9256	     238.187	10	[(0, 603)]
604	  0	279	    -44.7263	    -38.9256	     238.187	10	[(0, 604)]
605	  0	279	    -44.7263	    -38.9256	     238.187	10	[(0, 605)]
606	  0	279	    -44.7263	    -38.9256	     238.187	10	[(0, 606)]
607	  0	279	    -44.7263	    -38.9256	     238.187	10	[(0, 607)]
608	  0	279	    -44.7263	    -38.9256	     238.187	10	[(0, 608)]
609	  0	279	    -44.7263	    -38.9256	     238.187	10	[(0, 609)]
610	  0	279	    -44.7263	    -38.9256	     238.187	10	[(0, 610)]
611	  0	279	    -44.7263	    -38.9256	     238.187	10	[(0, 611)]
612	  0	279	    -44.7263	    -38.9256	     238.187	10	[(0, 612)]
613	  0	279	    -44.7263	    -38.9256	     238.187	10	[(0, 613)]
614	  0	279	    -44.7263	    -38.9256	     238.187	10	[(0, 614)]
615	  0	280	    -44.7263	    -32.2163	     238.623	11	[(0, 615)]
616	  0	281	    -44.7263	    -33.7814	     239.712	11	[(0, 616)]
617	  0	282	    -44.7263	    -29.5839	     241.206	12	[(0, 617)]
618	  0	283	    -44.7263	    -32.5322	     242.608	12	[(0, 618)]
619	  0	285	    -44.7263	     -34.678	     244.914	12	[(0, 619)]
620	  0	286	    -44.7263	    -38.1444	     246.006	12	[(0, 620)]
621	  0	287	    -44.7263	    -37.9492	     246.648	12	[(0, 621)]
622	  0	288	    -44.7263	    -37.3128	     246.711	12	[(0, 622)]
623	  0	289	    -44.7263	    -37.2077	     246.679	12	[(0, 623)]
624	  0	291	    -44.7263	    -35.8356	     247.561	12	[(0, 624)]
625	  0	292	    -44.7263	    -35.7448	     247.439	12	[(0, 625)]
626	  0	293	    -44.7263	    -35.3254	     252.414	12	[(0, 626)]
627	  0	294	    -44.7263	    -36.9976	     253.928	12	[(0, 627)]
628	  0	295	    -44.7263	    -38.1868	     255.371	12	[(0, 628)]
629	  0	296	    -44.7263	    -41.1449	     256.487	12	[(0, 629)]
630	  0	297	    -44.7263	    -43.9105	     257.622	12	[(0, 630)]
631	  0	298	    -46.1853	    -46.1853	      258.78	12	[(0, 631)]
632	  0	298	    -46.1853	    -46.1853	      258.78	12	[(0, 632)]
633	  0	299	    -47.1108	    -47.1108	     259.952	12	[(0, 633)]
634	  0	300	    -47.1108	    -46.9275	     259.969	12	[(0, 634)]
635	  0	301	    -47.1108	    -41.8817	     260.194	13	[(0, 635)]
636	  0	302	    -47.1108	     -41.614	     259.901	13	[(0, 636)]
637	  0	303	    -47.1108	    -41.4724	     259.927	13	[(0, 637)]
638	  0	304	    -47.1108	     -41.526	     259.854	13	[(0, 638)]
639	  0	305	    -47.1108	    -41.5997	     259.905	13	[(0, 639)]
640	  0	306	    -47.1108	    -40.7851	     265.036	13	[(0, 640)]
641	  0	307	    -47.1108	    -40.8247	     266.603	13	[(0, 641)]
642	  0	308	    -47.1108	    -41.8994	     268.044	13	[(0, 642)]
643	  0	309	    -47.1108	    -42.7056	     269.117	13	[(0, 643)]
644	  0	310	    -47.1108	    -44.1793	     270.449	13	[(0, 644)]
645	  0	311	    -47.1108	    -45.1887	     271.503	13	[(0, 645)]
646	  0	312	    -47.1108	    -45.4625	     272.507	13	[(0, 646)]
647	  0	313	    -47.1108	    -46.6599	     274.003	13	[(0, 647)]
648	  0	314	       -47.5	       -47.5	     275.038	13	[(0, 648)]
649	  0	315	    -48.2992	    -48.2992	     276.305	13	[(0, 649)]
650	  0	316	    -49.2788	    -49.2788	     277.553	13	[(0, 650)]
651	  0	317	    -50.1265	    -50.1265	     278.571	13	[(0, 651)]
652	  0	318	    -50.1265	    -49.5006	     278.858	13	[(0, 652)]
653	  0	318	    -50.1265	    -49.5006	     278.858	13	[(0, 653)]
654	  0	319	    -50.1265	    -49.6256	     278.983	13	[(0, 654)]
655	  0	319	    -50.1265	    -49.6256	     278.983	13	[(0, 655)]
656	  0	321	    -50.1265	    -49.1637	     278.646	13	[(0, 656)]
657	  0	321	    -50.1265	    -49.1637	     278.646	13	[(0, 657)]
658	  0	321	    -50.1265	    -49.1637	     278.646	13	[(0, 658)]
659	  0	321	    -50.1265	    -49.1637	     278.646	13	[(0, 659)]
660	  0	321	    -50.1265	    -49.1637	     278.646	13	[(0, 660)]
