nresidues = 427
4 417 0.25
4 421 0.375
6 415 0.0625
7 415 0.75
7 416 0.25
7 417 0.0625
8 415 0.1875
9 38 0.1875
9 39 0.125
9 413 0.3125
9 414 1.3125
9 415 0.25
10 412 0.0625
10 413 1.25
10 414 0.125
10 418 0.0625
11 411 0.0625
11 412 1.25
11 413 0.1875
12 410 0.0625
12 411 1.25
12 412 0.4375
12 413 0.0625
12 414 0.5625
12 416 0.1875
13 410 1.25
14 410 1.375
14 412 0.125
14 414 0.0625
15 408 1.3125
15 409 0.4375
15 410 0.125
16 31 0.125
16 407 1.0625
16 408 0.8125
16 410 0.0625
17 406 1.25
17 407 0.0625
18 404 0.0625
18 405 1.1875
18 406 0.3125
18 408 0.0625
19 404 1.1875
19 405 0.125
20 30 0.3125
20 403 1.375
20 404 0.3125
20 406 0.125
21 28 0.0625
21 400 0.1875
21 402 1.5
21 403 0.0625
22 400 1.25
22 401 1.25
22 402 0.6875
23 158 0.625
23 387 0.375
23 400 0.3125
23 401 0.5
23 402 0.25
24 288 1.0625
24 289 1.5625
24 291 0.125
24 385 0.0625
24 390 0.1875
24 401 0.25
25 160 0.0625
25 161 1.1875
25 162 0.1875
25 288 0.25
25 289 0.0625
25 385 0.1875
26 154 0.5
26 155 0.25
26 158 0.125
26 159 0.5
26 160 1.375
26 161 0.1875
26 162 0.0625
26 287 0.0625
26 288 0.125
26 387 0.25
27 127 0.3125
27 135 0.125
27 159 1.1875
27 160 0.125
27 162 0.0625
27 286 0.125
27 287 1.25
28 107 0.0625
28 108 1.0625
28 157 0.0625
28 158 0.3125
28 286 1.25
28 287 0.125
28 402 0.0625
29 32 0.0625
29 108 0.25
29 109 1.5625
29 110 0.0625
29 127 0.125
29 284 0.0625
29 285 1.3125
29 286 0.0625
30 285 1.3125
30 287 0.0625
30 408 0.25
31 283 0.0625
31 284 1.1875
31 285 0.25
31 408 0.1875
32 282 0.125
32 283 1.3125
32 284 0.25
33 41 0.125
33 282 1.1875
33 283 0.1875
34 281 1.25
34 414 0.0625
35 39 0.4375
35 70 0.0625
35 277 0.25
35 280 1.3125
35 281 0.4375
35 283 0.125
35 414 0.125
36 39 0.6875
36 277 0.125
36 279 0.0625
36 280 0.3125
36 414 0.125
36 416 0.0625
37 277 1.1875
37 278 0.125
37 279 0.25
37 280 0.125
38 276 0.0625
38 277 1.1875
39 275 0.0625
39 276 1.25
39 277 0.3125
39 412 0.25
39 413 1.25
39 414 0.6875
40 274 0.3125
40 275 1.375
40 411 0.0625
40 412 1.375
40 413 0.0625
41 273 0.0625
41 274 1.25
41 275 0.3125
41 283 0.3125
41 410 0.0625
41 411 1.1875
41 412 0.0625
42 272 1.25
42 274 0.25
42 410 1.3125
42 411 0.3125
42 413 0.3125
43 270 0.25
43 271 1.1875
43 272 0.3125
43 409 1.375
44 270 1.3125
44 271 0.25
44 407 0.0625
44 408 1.1875
44 409 0.4375
45 269 1.375
45 270 0.4375
45 406 0.0625
45 407 1.25
45 408 0.0625
46 268 1.3125
46 406 1.4375
46 407 0.1875
46 409 0.0625
47 266 0.0625
47 267 1.25
47 268 0.3125
47 405 1.1875
47 406 0.125
48 266 1.3125
48 268 0.1875
48 404 1.375
48 405 0.125
49 64 0.0625
49 244 0.0625
49 264 1.125
49 265 1.25
49 266 0.3125
49 268 0.0625
49 402 0.0625
49 403 1.125
50 263 0.1875
50 264 1.3125
50 265 0.5
50 402 1.3125
50 403 0.75
50 405 0.125
51 264 0.0625
51 291 0.0625
51 401 1.3125
51 402 0.0625
52 394 0.0625
52 397 0.125
52 399 0.0625
52 400 0.25
52 401 0.3125
53 262 1.0625
53 394 1.3125
53 395 0.5
53 397 0.0625
54 261 0.1875
54 262 0.25
54 393 1.25
54 395 0.125
55 260 0.0625
55 366 0.625
55 392 0.75
55 393 0.1875
55 394 0.25
56 260 1.3125
56 261 1.25
56 262 0.0625
56 365 0.125
56 366 0.25
56 367 0.25
56 368 0.375
57 248 0.4375
57 261 0.0625
57 262 0.0625
58 246 0.25
58 247 0.1875
58 248 0.1875
58 262 0.25
58 264 0.0625
59 368 0.125
60 291 0.0625
60 370 0.0625
61 243 0.25
61 244 1.3125
61 245 0.375
62 242 0.0625
62 243 1.6875
62 244 0.1875
62 290 1.3125
62 291 0.1875
63 165 0.0625
63 241 0.0625
63 242 1.4375
63 243 0.8125
63 289 1.1875
63 290 0.4375
64 240 0.0625
64 241 1.5
64 242 0.375
64 288 1.1875
65 239 0.4375
65 240 1.375
65 241 0.375
65 287 1.1875
65 288 0.1875
65 290 0.0625
66 238 0.0625
66 239 1.3125
66 240 0.1875
66 268 0.1875
66 270 0.5
66 285 0.0625
66 286 1.25
67 135 0.3125
67 238 1.1875
67 239 0.375
67 284 0.0625
67 285 1.375
67 286 0.3125
68 236 1.25
68 237 1.25
68 238 0.0625
68 270 0.1875
68 272 0.125
68 284 1.375
68 285 0.3125
69 130 0.125
69 134 0.1875
69 135 0.0625
69 235 1.4375
69 236 0.4375
69 282 0.0625
69 283 1.1875
69 284 0.25
69 286 0.0625
70 228 0.0625
70 234 1.25
70 235 0.125
70 275 0.25
70 277 0.0625
70 278 0.375
70 279 0.3125
70 282 1.25
70 283 0.25
71 126 0.0625
71 234 0.0625
71 281 1.1875
71 282 0.125
72 75 1.9375
72 228 0.0625
72 280 1.1875
72 281 0.0625
73 76 1.3125
73 77 0.4375
73 81 0.3125
73 122 0.375
73 280 0.5625
73 281 0.3125
73 282 0.0625
74 77 1.1875
74 78 0.0625
74 81 0.125
74 82 0.125
74 229 0.25
74 279 0.5625
75 228 0.3125
75 229 0.125
75 232 0.625
75 233 0.1875
76 121 0.0625
76 122 0.125
76 125 0.25
77 80 0.820312
77 81 0.0390625
77 94 0.0625
77 95 0.25
77 121 0.1875
77 122 0.625
78 81 0.78125
78 82 0.0390625
79 82 0.859375
79 83 0.078125
80 83 0.78125
80 84 0.078125
80 95 0.3125
81 84 0.9375
81 85 0.3125
81 94 0.125
81 280 0.1875
82 85 0.78125
82 86 0.195312
83 86 0.820312
83 87 0.546875
84 87 0.820312
84 88 0.078125
84 91 0.3125
84 92 0.125
84 94 0.1875
85 88 0.0390625
85 280 0.125
87 91 0.125
88 91 0.125
95 120 1.0625
95 121 0.0625
96 118 0.4375
96 119 1.4375
96 120 0.0625
97 118 1.25
97 119 0.3125
97 124 0.125
97 146 0.125
97 147 0.625
97 148 0.3125
98 117 1.1875
98 118 0.0625
98 147 1.5625
98 148 1.5
98 149 0.375
99 113 0.4375
99 117 0.5625
99 119 0.0625
99 148 0.0625
99 149 0.1875
100 105 0.25
100 113 0.125
100 117 0.125
100 149 0.125
101 113 0.0625
101 117 0.1875
102 105 0.5625
102 113 0.25
103 112 1.0625
103 113 0.0625
104 107 0.125
104 156 1.125
104 157 0.5
105 108 0.0625
105 153 0.25
105 156 1.3125
105 157 0.1875
106 109 1.3125
106 110 1.0625
106 111 1.3125
106 156 1.0625
107 110 0.0625
107 111 0.0625
107 156 1.1875
107 157 0.1875
108 124 0.125
108 127 0.1875
108 151 0.1875
108 155 0.125
108 156 0.4375
108 158 0.0625
108 159 0.0625
109 119 0.0625
109 123 0.0625
109 124 0.0625
109 127 0.125
113 117 0.0625
114 117 0.125
114 118 0.0625
114 119 0.0625
119 148 0.0625
120 123 0.742188
121 124 0.78125
121 125 0.078125
122 125 0.664062
122 126 0.0390625
122 282 0.0625
122 284 0.0625
123 126 0.664062
123 127 0.0390625
123 284 0.25
124 127 0.78125
124 128 0.117188
124 145 0.125
124 146 0.1875
124 147 0.3125
124 148 0.3125
125 128 0.859375
125 129 0.351562
126 129 0.78125
126 130 0.15625
126 284 0.125
127 130 0.78125
127 131 0.078125
127 159 0.1875
127 160 0.625
127 286 0.125
128 131 0.820312
128 132 0.15625
128 143 0.125
128 145 0.0625
128 160 0.125
129 132 0.664062
129 133 0.195312
129 234 0.3125
130 133 0.703125
130 134 0.117188
130 135 0.078125
130 234 0.1875
130 284 0.1875
131 134 0.703125
131 135 0.820312
131 136 0.0390625
131 143 0.125
131 160 0.3125
131 161 0.25
132 136 0.15625
132 142 1.125
132 143 0.5
132 214 0.125
133 214 0.4375
133 216 0.3125
133 233 0.125
133 234 0.0625
134 233 0.125
134 234 0.25
135 163 0.0625
136 140 0.4375
136 141 0.125
136 142 0.3125
136 163 0.0625
137 140 0.4375
138 214 0.125
139 174 0.125
139 175 0.625
139 213 0.0625
139 379 0.375
139 380 0.0625
140 380 0.25
140 383 0.0625
140 384 0.0625
143 155 0.1875
143 160 0.9375
145 150 0.5
145 151 0.0625
146 150 0.3125
147 150 0.375
148 151 0.3125
151 160 0.125
152 155 1.01562
152 156 0.078125
153 156 0.742188
153 157 0.898438
154 157 0.820312
154 158 0.976562
154 159 0.0390625
154 387 0.1875
154 388 0.0625
155 158 0.703125
155 159 0.195312
155 160 0.0390625
158 400 0.25
161 381 0.375
161 384 0.6875
161 385 0.4375
162 288 0.125
162 383 0.0625
162 384 1.375
162 385 0.3125
163 290 0.25
163 383 1.375
163 384 0.0625
163 385 0.375
164 170 0.15625
164 293 0.0625
164 371 0.125
164 382 0.0625
164 383 0.1875
164 385 0.3125
164 390 0.0625
165 170 0.195312
165 290 0.25
165 293 0.125
166 170 0.195312
166 171 0.0390625
167 170 0.976562
167 171 0.15625
167 293 0.25
167 353 0.25
168 171 0.703125
168 172 0.0390625
168 343 0.0625
168 345 0.1875
168 349 0.0625
168 353 0.25
169 172 0.078125
169 298 0.1875
169 334 0.625
169 343 0.125
169 375 0.25
169 382 0.0625
170 383 0.125
172 343 0.125
172 344 1.3125
172 379 0.0625
173 177 0.125
173 325 0.0625
173 344 0.3125
173 345 0.1875
174 177 0.375
174 209 0.1875
174 213 0.125
175 344 0.1875
175 379 0.125
176 344 0.125
177 209 0.375
177 210 0.1875
177 325 0.0625
177 344 0.3125
178 181 0.5625
178 202 0.0625
178 325 0.0625
179 324 0.125
179 325 0.3125
179 327 0.0625
179 344 0.125
181 201 0.0625
181 202 0.4375
181 205 0.4375
183 190 0.0625
183 191 0.0625
183 194 0.3125
183 195 0.25
183 198 0.0625
185 189 1.1875
185 190 0.1875
186 189 0.4375
191 194 0.742188
191 195 0.078125
192 195 0.703125
192 196 0.0390625
193 196 0.742188
193 197 0.0390625
194 197 0.859375
194 198 0.078125
195 198 0.859375
195 199 0.195312
196 199 0.78125
197 200 0.78125
197 201 0.15625
198 201 0.78125
198 202 0.0390625
199 202 0.742188
199 203 0.078125
200 203 0.742188
200 204 0.0390625
201 204 0.898438
201 205 0.117188
202 205 0.859375
202 206 0.390625
203 206 0.820312
203 207 0.351562
204 207 0.703125
204 208 0.15625
205 208 0.820312
205 209 0.078125
206 209 0.78125
206 210 0.273438
207 210 0.703125
207 211 1.05469
207 212 0.234375
208 211 0.742188
208 212 1.17188
208 213 0.078125
208 218 0.125
209 213 0.195312
210 325 0.0625
211 217 0.125
212 217 0.1875
212 218 0.25
212 221 0.125
214 217 0.820312
214 218 0.0390625
215 218 0.78125
215 219 0.234375
216 219 0.78125
216 220 0.117188
216 226 0.1875
216 231 0.375
216 233 0.5625
217 220 0.859375
217 221 0.078125
218 221 0.898438
218 222 0.078125
219 222 0.78125
219 223 0.664062
219 224 0.15625
220 223 0.0390625
220 224 0.0390625
226 230 0.078125
226 233 0.195312
227 230 0.859375
227 231 0.0390625
227 233 0.3125
228 231 0.742188
228 232 0.78125
228 233 0.507812
228 235 0.1875
228 278 0.0625
229 232 0.0390625
235 275 0.125
237 272 0.0625
237 275 0.125
238 270 0.125
238 271 0.125
238 272 0.0625
240 270 0.3125
242 266 0.0625
242 268 0.0625
243 266 0.1875
244 264 0.125
244 266 0.6875
245 263 1.0625
245 264 1.5
245 265 1.3125
245 266 0.25
246 263 1.3125
246 264 0.125
247 261 0.0625
247 262 1.25
247 263 0.9375
247 265 0.0625
248 260 0.0625
248 261 1.4375
248 262 0.0625
249 260 1.3125
249 261 0.25
250 259 1.125
250 260 0.3125
251 256 0.1875
251 257 0.0625
251 259 0.0625
253 256 1.5
253 257 0.125
256 259 0.4375
261 395 0.0625
268 404 0.1875
268 406 0.25
274 413 0.4375
289 402 0.4375
290 385 0.125
291 369 0.5
291 390 0.125
294 358 0.0625
294 370 1.4375
294 371 0.0625
295 334 0.125
295 358 0.0625
295 371 1.25
296 363 0.25
296 370 0.1875
296 371 0.0625
296 372 0.25
297 334 1.5
297 335 0.0625
297 336 0.1875
297 363 0.3125
297 372 0.0625
297 373 0.4375
298 333 1.375
298 334 0.125
298 353 0.3125
298 355 0.375
299 304 0.125
299 333 0.1875
300 303 1.4375
300 304 0.0625
300 355 0.0625
301 304 1.1875
301 305 0.625
301 326 0.3125
301 328 0.1875
301 332 0.25
301 350 0.4375
302 308 0.125
302 312 0.125
302 313 0.0625
302 350 0.1875
304 332 0.0625
305 308 0.125
305 312 0.3125
308 312 0.15625
308 313 0.0390625
309 312 1.01562
309 313 0.078125
310 313 0.664062
310 314 0.195312
310 316 0.375
310 319 0.125
311 319 0.0625
311 320 0.1875
311 326 0.0625
311 347 0.0625
312 320 0.125
312 326 0.3125
312 350 0.1875
312 351 0.0625
313 351 0.3125
315 320 0.0390625
316 319 0.78125
316 320 0.078125
317 320 0.703125
317 321 0.0390625
318 321 0.703125
318 322 0.117188
319 322 0.742188
319 323 0.195312
320 323 0.078125
320 348 0.25
320 350 0.1875
320 351 0.1875
323 347 0.125
324 347 0.0625
325 345 1.3125
326 343 0.0625
326 344 1.3125
326 345 0.625
326 347 0.75
326 350 0.4375
327 342 0.25
327 343 1.3125
328 332 0.3125
328 333 0.0625
328 342 1.375
328 343 0.9375
329 332 1.4375
329 338 1.0625
329 339 0.3125
329 341 1.25
329 342 0.0625
329 343 0.1875
330 333 1.125
330 334 0.4375
330 337 0.3125
330 338 0.0625
330 341 0.3125
330 343 0.125
330 375 0.0625
330 382 0.1875
331 334 0.125
331 337 0.3125
331 338 0.0625
331 339 0.1875
333 343 0.0625
334 337 0.125
334 374 0.375
336 374 0.1875
338 341 0.625
339 342 0.125
341 377 0.125
341 378 0.0625
341 382 0.0625
342 382 0.0625
343 382 0.0625
345 349 0.078125
345 350 0.078125
346 349 0.117188
347 350 0.273438
347 352 0.117188
348 351 0.78125
348 352 0.0390625
349 352 1.01562
349 353 0.078125
350 353 0.078125
357 360 0.0625
358 362 0.125
358 370 0.125
359 362 0.3125
360 363 0.125
362 365 0.1875
362 368 0.25
362 370 0.0625
363 372 0.5
363 373 0.125
364 372 0.125
365 368 0.25
366 392 1.25
367 392 0.0625
367 393 0.0625
368 393 0.125
369 390 0.0625
369 393 0.1875
370 389 0.0625
375 382 0.3125
377 382 0.195312
378 381 0.78125
378 382 0.3125
379 382 0.898438
379 383 0.15625
380 383 0.664062
380 384 0.15625
381 384 0.0390625
386 389 0.75
386 390 0.125
387 390 1.25
387 391 0.0625
387 401 0.25
388 391 0.6875
390 393 0.1875
390 394 0.1875
390 401 0.25
391 394 0.0625
391 401 0.0625
394 401 0.1875
397 400 0.0625
399 402 0.0625
399 403 0.0625
417 421 0.234375
418 421 1.01562
418 422 0.117188
419 422 0.742188
419 423 0.15625
420 423 0.859375
420 424 0.078125
421 424 0.078125
