nresidues = 427
4 417 0.579114
4 421 0.868671
6 415 0.144779
7 415 1.73734
7 416 0.579114
7 417 0.144779
8 415 0.434336
9 38 0.434336
9 39 0.289557
9 413 0.723893
9 414 3.04035
9 415 0.579114
10 412 0.144779
10 413 2.89557
10 414 0.289557
10 418 0.144779
11 411 0.144779
11 412 2.89557
11 413 0.434336
12 410 0.144779
12 411 2.89557
12 412 1.01345
12 413 0.144779
12 414 1.30301
12 416 0.434336
13 410 2.89557
14 410 3.18513
14 412 0.289557
14 414 0.144779
15 408 3.04035
15 409 1.01345
15 410 0.289557
16 31 0.289557
16 407 2.46124
16 408 1.88212
16 410 0.144779
17 406 2.89557
17 407 0.144779
18 404 0.144779
18 405 2.75079
18 406 0.723893
18 408 0.144779
19 404 2.75079
19 405 0.289557
20 30 0.723893
20 403 3.18513
20 404 0.723893
20 406 0.289557
21 28 0.144779
21 400 0.434336
21 402 3.47468
21 403 0.144779
22 400 2.89557
22 401 2.89557
22 402 1.59256
23 158 1.44779
23 387 0.868671
23 400 0.723893
23 401 1.15823
23 402 0.579114
24 288 2.46124
24 289 3.61946
24 291 0.289557
24 385 0.144779
24 390 0.434336
24 401 0.579114
25 160 0.144779
25 161 2.75079
25 162 0.434336
25 288 0.579114
25 289 0.144779
25 385 0.434336
26 154 1.15823
26 155 0.579114
26 158 0.289557
26 159 1.15823
26 160 3.18513
26 161 0.434336
26 162 0.144779
26 287 0.144779
26 288 0.289557
26 387 0.579114
27 127 0.723893
27 135 0.289557
27 159 2.75079
27 160 0.289557
27 162 0.144779
27 286 0.289557
27 287 2.89557
28 107 0.144779
28 108 2.46124
28 157 0.144779
28 158 0.723893
28 286 2.89557
28 287 0.289557
28 402 0.144779
29 32 0.144779
29 108 0.579114
29 109 3.61946
29 110 0.144779
29 127 0.289557
29 284 0.144779
29 285 3.04035
29 286 0.144779
30 285 3.04035
30 287 0.144779
30 408 0.579114
31 283 0.144779
31 284 2.75079
31 285 0.579114
31 408 0.434336
32 282 0.289557
32 283 3.04035
32 284 0.579114
33 41 0.289557
33 282 2.75079
33 283 0.434336
34 281 2.89557
34 414 0.144779
35 39 1.01345
35 70 0.144779
35 277 0.579114
35 280 3.04035
35 281 1.01345
35 283 0.289557
35 414 0.289557
36 39 1.59256
36 277 0.289557
36 279 0.144779
36 280 0.723893
36 414 0.289557
36 416 0.144779
37 277 2.75079
37 278 0.289557
37 279 0.579114
37 280 0.289557
38 276 0.144779
38 277 2.75079
39 275 0.144779
39 276 2.89557
39 277 0.723893
39 412 0.579114
39 413 2.89557
39 414 1.59256
40 274 0.723893
40 275 3.18513
40 411 0.144779
40 412 3.18513
40 413 0.144779
41 273 0.144779
41 274 2.89557
41 275 0.723893
41 283 0.723893
41 410 0.144779
41 411 2.75079
41 412 0.144779
42 272 2.89557
42 274 0.579114
42 410 3.04035
42 411 0.723893
42 413 0.723893
43 270 0.579114
43 271 2.75079
43 272 0.723893
43 409 3.18513
44 270 3.04035
44 271 0.579114
44 407 0.144779
44 408 2.75079
44 409 1.01345
45 269 3.18513
45 270 1.01345
45 406 0.144779
45 407 2.89557
45 408 0.144779
46 268 3.04035
46 406 3.32991
46 407 0.434336
46 409 0.144779
47 266 0.144779
47 267 2.89557
47 268 0.723893
47 405 2.75079
47 406 0.289557
48 266 3.04035
48 268 0.434336
48 404 3.18513
48 405 0.289557
49 64 0.144779
49 244 0.144779
49 264 2.60601
49 265 2.89557
49 266 0.723893
49 268 0.144779
49 402 0.144779
49 403 2.60601
50 263 0.434336
50 264 3.04035
50 265 1.15823
50 402 3.04035
50 403 1.73734
50 405 0.289557
51 264 0.144779
51 291 0.144779
51 401 3.04035
51 402 0.144779
52 394 0.144779
52 397 0.289557
52 399 0.144779
52 400 0.579114
52 401 0.723893
53 262 2.46124
53 394 3.04035
53 395 1.15823
53 397 0.144779
54 261 0.434336
54 262 0.579114
54 393 2.89557
54 395 0.289557
55 260 0.144779
55 366 1.44779
55 392 1.73734
55 393 0.434336
55 394 0.579114
56 260 3.04035
56 261 2.89557
56 262 0.144779
56 365 0.289557
56 366 0.579114
56 367 0.579114
56 368 0.868671
57 248 1.01345
57 261 0.144779
57 262 0.144779
58 246 0.579114
58 247 0.434336
58 248 0.434336
58 262 0.579114
58 264 0.144779
59 368 0.289557
60 291 0.144779
60 370 0.144779
61 243 0.579114
61 244 3.04035
61 245 0.868671
62 242 0.144779
62 243 3.90902
62 244 0.434336
62 290 3.04035
62 291 0.434336
63 165 0.144779
63 241 0.144779
63 242 3.32991
63 243 1.88212
63 289 2.75079
63 290 1.01345
64 240 0.144779
64 241 3.47468
64 242 0.868671
64 288 2.75079
65 239 1.01345
65 240 3.18513
65 241 0.868671
65 287 2.75079
65 288 0.434336
65 290 0.144779
66 238 0.144779
66 239 3.04035
66 240 0.434336
66 268 0.434336
66 270 1.15823
66 285 0.144779
66 286 2.89557
67 135 0.723893
67 238 2.75079
67 239 0.868671
67 284 0.144779
67 285 3.18513
67 286 0.723893
68 236 2.89557
68 237 2.89557
68 238 0.144779
68 270 0.434336
68 272 0.289557
68 284 3.18513
68 285 0.723893
69 130 0.289557
69 134 0.434336
69 135 0.144779
69 235 3.32991
69 236 1.01345
69 282 0.144779
69 283 2.75079
69 284 0.579114
69 286 0.144779
70 228 0.144779
70 234 2.89557
70 235 0.289557
70 275 0.579114
70 277 0.144779
70 278 0.868671
70 279 0.723893
70 282 2.89557
70 283 0.579114
71 126 0.144779
71 234 0.144779
71 281 2.75079
71 282 0.289557
72 75 4.48813
72 228 0.144779
72 280 2.75079
72 281 0.144779
73 76 3.04035
73 77 1.01345
73 81 0.723893
73 122 0.868671
73 280 1.30301
73 281 0.723893
73 282 0.144779
74 77 2.75079
74 78 0.144779
74 81 0.289557
74 82 0.289557
74 229 0.579114
74 279 1.30301
75 228 0.723893
75 229 0.289557
75 232 1.44779
75 233 0.434336
76 121 0.144779
76 122 0.289557
76 125 0.579114
77 80 1.90022
77 81 0.0904866
77 94 0.144779
77 95 0.579114
77 121 0.434336
77 122 1.44779
78 81 1.80973
78 82 0.0904866
79 82 1.9907
79 83 0.180973
80 83 1.80973
80 84 0.180973
80 95 0.723893
81 84 2.17168
81 85 0.723893
81 94 0.289557
81 280 0.434336
82 85 1.80973
82 86 0.452432
83 86 1.90022
83 87 1.26681
84 87 1.90022
84 88 0.180973
84 91 0.723893
84 92 0.289557
84 94 0.434336
85 88 0.0904866
85 280 0.289557
87 91 0.289557
88 91 0.289557
95 120 2.46124
95 121 0.144779
96 118 1.01345
96 119 3.32991
96 120 0.144779
97 118 2.89557
97 119 0.723893
97 124 0.289557
97 146 0.289557
97 147 1.44779
97 148 0.723893
98 117 2.75079
98 118 0.144779
98 147 3.61946
98 148 3.47468
98 149 0.868671
99 113 1.01345
99 117 1.30301
99 119 0.144779
99 148 0.144779
99 149 0.434336
100 105 0.579114
100 113 0.289557
100 117 0.289557
100 149 0.289557
101 113 0.144779
101 117 0.434336
102 105 1.30301
102 113 0.579114
103 112 2.46124
103 113 0.144779
104 107 0.289557
104 156 2.60601
104 157 1.15823
105 108 0.144779
105 153 0.579114
105 156 3.04035
105 157 0.434336
106 109 3.04035
106 110 2.46124
106 111 3.04035
106 156 2.46124
107 110 0.144779
107 111 0.144779
107 156 2.75079
107 157 0.434336
108 124 0.289557
108 127 0.434336
108 151 0.434336
108 155 0.289557
108 156 1.01345
108 158 0.144779
108 159 0.144779
109 119 0.144779
109 123 0.144779
109 124 0.144779
109 127 0.289557
113 117 0.144779
114 117 0.289557
114 118 0.144779
114 119 0.144779
119 148 0.144779
120 123 1.71925
121 124 1.80973
121 125 0.180973
122 125 1.53827
122 126 0.0904866
122 282 0.144779
122 284 0.144779
123 126 1.53827
123 127 0.0904866
123 284 0.579114
124 127 1.80973
124 128 0.271461
124 145 0.289557
124 146 0.434336
124 147 0.723893
124 148 0.723893
125 128 1.9907
125 129 0.814378
126 129 1.80973
126 130 0.361946
126 284 0.289557
127 130 1.80973
127 131 0.180973
127 159 0.434336
127 160 1.44779
127 286 0.289557
128 131 1.90022
128 132 0.361946
128 143 0.289557
128 145 0.144779
128 160 0.289557
129 132 1.53827
129 133 0.452432
129 234 0.723893
130 133 1.62876
130 134 0.271461
130 135 0.180973
130 234 0.434336
130 284 0.434336
131 134 1.62876
131 135 1.90022
131 136 0.0904866
131 143 0.289557
131 160 0.723893
131 161 0.579114
132 136 0.361946
132 142 2.60601
132 143 1.15823
132 214 0.289557
133 214 1.01345
133 216 0.723893
133 233 0.289557
133 234 0.144779
134 233 0.289557
134 234 0.579114
135 163 0.144779
136 140 1.01345
136 141 0.289557
136 142 0.723893
136 163 0.144779
137 140 1.01345
138 214 0.289557
139 174 0.289557
139 175 1.44779
139 213 0.144779
139 379 0.868671
139 380 0.144779
140 380 0.579114
140 383 0.144779
140 384 0.144779
143 155 0.434336
143 160 2.17168
145 150 1.15823
145 151 0.144779
146 150 0.723893
147 150 0.868671
148 151 0.723893
151 160 0.289557
152 155 2.35264
152 156 0.180973
153 156 1.71925
153 157 2.08119
154 157 1.90022
154 158 2.26216
154 159 0.0904866
154 387 0.434336
154 388 0.144779
155 158 1.62876
155 159 0.452432
155 160 0.0904866
158 400 0.579114
161 381 0.868671
161 384 1.59256
161 385 1.01345
162 288 0.289557
162 383 0.144779
162 384 3.18513
162 385 0.723893
163 290 0.579114
163 383 3.18513
163 384 0.144779
163 385 0.868671
164 170 0.361946
164 293 0.144779
164 371 0.289557
164 382 0.144779
164 383 0.434336
164 385 0.723893
164 390 0.144779
165 170 0.452432
165 290 0.579114
165 293 0.289557
166 170 0.452432
166 171 0.0904866
167 170 2.26216
167 171 0.361946
167 293 0.579114
167 353 0.579114
168 171 1.62876
168 172 0.0904866
168 343 0.144779
168 345 0.434336
168 349 0.144779
168 353 0.579114
169 172 0.180973
169 298 0.434336
169 334 1.44779
169 343 0.289557
169 375 0.579114
169 382 0.144779
170 383 0.289557
172 343 0.289557
172 344 3.04035
172 379 0.144779
173 177 0.289557
173 325 0.144779
173 344 0.723893
173 345 0.434336
174 177 0.868671
174 209 0.434336
174 213 0.289557
175 344 0.434336
175 379 0.289557
176 344 0.289557
177 209 0.868671
177 210 0.434336
177 325 0.144779
177 344 0.723893
178 181 1.30301
178 202 0.144779
178 325 0.144779
179 324 0.289557
179 325 0.723893
179 327 0.144779
179 344 0.289557
181 201 0.144779
181 202 1.01345
181 205 1.01345
183 190 0.144779
183 191 0.144779
183 194 0.723893
183 195 0.579114
183 198 0.144779
185 189 2.75079
185 190 0.434336
186 189 1.01345
191 194 1.71925
191 195 0.180973
192 195 1.62876
192 196 0.0904866
193 196 1.71925
193 197 0.0904866
194 197 1.9907
194 198 0.180973
195 198 1.9907
195 199 0.452432
196 199 1.80973
197 200 1.80973
197 201 0.361946
198 201 1.80973
198 202 0.0904866
199 202 1.71925
199 203 0.180973
200 203 1.71925
200 204 0.0904866
201 204 2.08119
201 205 0.271461
202 205 1.9907
202 206 0.904866
203 206 1.90022
203 207 0.814378
204 207 1.62876
204 208 0.361946
205 208 1.90022
205 209 0.180973
206 209 1.80973
206 210 0.633407
207 210 1.62876
207 211 2.44314
207 212 0.54292
208 211 1.71925
208 212 2.71461
208 213 0.180973
208 218 0.289557
209 213 0.452432
210 325 0.144779
211 217 0.289557
212 217 0.434336
212 218 0.579114
212 221 0.289557
214 217 1.90022
214 218 0.0904866
215 218 1.80973
215 219 0.54292
216 219 1.80973
216 220 0.271461
216 226 0.434336
216 231 0.868671
216 233 1.30301
217 220 1.9907
217 221 0.180973
218 221 2.08119
218 222 0.180973
219 222 1.80973
219 223 1.53827
219 224 0.361946
220 223 0.0904866
220 224 0.0904866
226 230 0.180973
226 233 0.452432
227 230 1.9907
227 231 0.0904866
227 233 0.723893
228 231 1.71925
228 232 1.80973
228 233 1.17632
228 235 0.434336
228 278 0.144779
229 232 0.0904866
235 275 0.289557
237 272 0.144779
237 275 0.289557
238 270 0.289557
238 271 0.289557
238 272 0.144779
240 270 0.723893
242 266 0.144779
242 268 0.144779
243 266 0.434336
244 264 0.289557
244 266 1.59256
245 263 2.46124
245 264 3.47468
245 265 3.04035
245 266 0.579114
246 263 3.04035
246 264 0.289557
247 261 0.144779
247 262 2.89557
247 263 2.17168
247 265 0.144779
248 260 0.144779
248 261 3.32991
248 262 0.144779
249 260 3.04035
249 261 0.579114
250 259 2.60601
250 260 0.723893
251 256 0.434336
251 257 0.144779
251 259 0.144779
253 256 3.47468
253 257 0.289557
256 259 1.01345
261 395 0.144779
268 404 0.434336
268 406 0.579114
274 413 1.01345
289 402 1.01345
290 385 0.289557
291 369 1.15823
291 390 0.289557
294 358 0.144779
294 370 3.32991
294 371 0.144779
295 334 0.289557
295 358 0.144779
295 371 2.89557
296 363 0.579114
296 370 0.434336
296 371 0.144779
296 372 0.579114
297 334 3.47468
297 335 0.144779
297 336 0.434336
297 363 0.723893
297 372 0.144779
297 373 1.01345
298 333 3.18513
298 334 0.289557
298 353 0.723893
298 355 0.868671
299 304 0.289557
299 333 0.434336
300 303 3.32991
300 304 0.144779
300 355 0.144779
301 304 2.75079
301 305 1.44779
301 326 0.723893
301 328 0.434336
301 332 0.579114
301 350 1.01345
302 308 0.289557
302 312 0.289557
302 313 0.144779
302 350 0.434336
304 332 0.144779
305 308 0.289557
305 312 0.723893
308 312 0.361946
308 313 0.0904866
309 312 2.35264
309 313 0.180973
310 313 1.53827
310 314 0.452432
310 316 0.868671
310 319 0.289557
311 319 0.144779
311 320 0.434336
311 326 0.144779
311 347 0.144779
312 320 0.289557
312 326 0.723893
312 350 0.434336
312 351 0.144779
313 351 0.723893
315 320 0.0904866
316 319 1.80973
316 320 0.180973
317 320 1.62876
317 321 0.0904866
318 321 1.62876
318 322 0.271461
319 322 1.71925
319 323 0.452432
320 323 0.180973
320 348 0.579114
320 350 0.434336
320 351 0.434336
323 347 0.289557
324 347 0.144779
325 345 3.04035
326 343 0.144779
326 344 3.04035
326 345 1.44779
326 347 1.73734
326 350 1.01345
327 342 0.579114
327 343 3.04035
328 332 0.723893
328 333 0.144779
328 342 3.18513
328 343 2.17168
329 332 3.32991
329 338 2.46124
329 339 0.723893
329 341 2.89557
329 342 0.144779
329 343 0.434336
330 333 2.60601
330 334 1.01345
330 337 0.723893
330 338 0.144779
330 341 0.723893
330 343 0.289557
330 375 0.144779
330 382 0.434336
331 334 0.289557
331 337 0.723893
331 338 0.144779
331 339 0.434336
333 343 0.144779
334 337 0.289557
334 374 0.868671
336 374 0.434336
338 341 1.44779
339 342 0.289557
341 377 0.289557
341 378 0.144779
341 382 0.144779
342 382 0.144779
343 382 0.144779
345 349 0.180973
345 350 0.180973
346 349 0.271461
347 350 0.633407
347 352 0.271461
348 351 1.80973
348 352 0.0904866
349 352 2.35264
349 353 0.180973
350 353 0.180973
357 360 0.144779
358 362 0.289557
358 370 0.289557
359 362 0.723893
360 363 0.289557
362 365 0.434336
362 368 0.579114
362 370 0.144779
363 372 1.15823
363 373 0.289557
364 372 0.289557
365 368 0.579114
366 392 2.89557
367 392 0.144779
367 393 0.144779
368 393 0.289557
369 390 0.144779
369 393 0.434336
370 389 0.144779
375 382 0.723893
377 382 0.452432
378 381 1.80973
378 382 0.723893
379 382 2.08119
379 383 0.361946
380 383 1.53827
380 384 0.361946
381 384 0.0904866
386 389 1.73734
386 390 0.289557
387 390 2.89557
387 391 0.144779
387 401 0.579114
388 391 1.59256
390 393 0.434336
390 394 0.434336
390 401 0.579114
391 394 0.144779
391 401 0.144779
394 401 0.434336
397 400 0.144779
399 402 0.144779
399 403 0.144779
417 421 0.54292
418 421 2.35264
418 422 0.271461
419 422 1.71925
419 423 0.361946
420 423 1.9907
420 424 0.180973
421 424 0.180973
