nresidues = 473
3 50 0.296612
3 132 3.55935
3 133 0.148306
3 134 0.148306
3 254 0.148306
4 49 0.296612
4 50 3.26273
4 66 0.444918
4 130 0.74153
4 131 0.444918
4 132 0.889836
4 133 2.96612
4 134 2.66951
4 135 0.148306
5 50 0.296612
5 51 1.03814
5 66 0.593224
5 135 2.96612
6 66 3.11443
6 126 0.296612
6 127 0.148306
6 135 0.148306
6 136 3.11443
6 137 0.296612
7 22 0.296612
7 51 0.148306
7 67 2.96612
7 68 0.148306
7 137 3.11443
7 139 0.148306
8 68 2.96612
8 123 0.148306
8 137 0.444918
8 138 2.96612
8 139 0.444918
8 154 0.148306
9 14 0.278075
9 15 0.64884
9 18 0.296612
9 68 0.296612
9 69 3.26273
9 70 0.296612
9 139 3.11443
10 13 1.57575
10 14 0.0926913
10 15 0.0926913
10 70 2.96612
10 139 0.148306
10 140 0.296612
10 146 0.593224
10 147 0.444918
10 150 0.148306
10 154 0.148306
11 14 1.76114
11 15 0.463455
11 71 0.889836
12 15 1.85383
12 16 0.64884
12 76 0.74153
13 16 1.85383
13 17 0.463455
13 141 0.148306
14 17 1.94652
14 18 0.185383
14 139 0.296612
14 140 0.148306
15 18 2.1319
15 19 0.185383
15 69 0.593224
15 70 0.444918
15 71 0.296612
15 76 0.148306
16 19 1.76114
16 20 0.0926913
16 76 0.148306
16 225 0.148306
17 20 1.85383
17 21 0.185383
17 172 0.148306
17 229 0.444918
17 232 0.296612
17 236 0.148306
18 21 1.85383
18 22 0.463455
18 139 0.148306
19 22 1.57575
19 23 0.185383
20 23 1.76114
20 24 0.278075
20 233 1.03814
21 24 1.85383
21 25 0.556148
21 51 0.148306
21 233 0.148306
21 236 0.148306
21 240 0.148306
22 25 1.76114
22 26 0.278075
22 51 0.74153
22 52 0.148306
22 65 1.48306
22 66 0.148306
22 67 0.444918
22 88 0.444918
23 26 1.85383
23 27 0.370765
24 27 1.85383
24 28 0.370765
24 233 0.296612
25 28 1.85383
25 29 0.463455
25 52 0.296612
25 244 0.148306
26 29 1.76114
26 30 1.85383
26 31 0.64884
26 33 0.444918
26 52 0.148306
26 87 0.148306
27 45 0.148306
27 363 0.148306
28 45 0.593224
28 237 0.148306
28 244 0.889836
28 245 0.296612
28 323 1.33475
28 362 0.148306
28 363 0.148306
29 44 3.11443
29 45 1.33475
29 48 0.148306
29 244 0.889836
29 245 0.148306
30 38 0.148306
30 45 0.148306
31 36 0.444918
31 37 2.96612
31 44 0.593224
31 52 0.889836
32 35 3.55935
32 36 2.81781
32 37 0.444918
33 87 0.444918
34 83 0.148306
34 84 2.66951
34 85 2.96612
34 86 0.296612
35 62 0.148306
35 86 0.296612
36 62 2.96612
36 63 0.889836
36 87 0.148306
37 60 0.296612
37 61 0.444918
38 42 0.74153
38 44 0.148306
38 63 0.148306
39 42 0.889836
44 48 1.33475
44 63 1.03814
46 244 2.96612
46 245 0.148306
47 50 0.444918
47 244 0.593224
47 245 0.444918
47 246 0.593224
48 51 2.81781
48 52 1.03814
48 63 1.03814
49 52 0.593224
49 66 0.593224
50 66 0.444918
50 243 0.296612
50 244 0.296612
51 65 2.81781
51 66 1.33475
51 240 0.296612
51 244 0.593224
52 63 0.296612
52 64 3.26273
52 65 0.444918
52 66 1.18645
53 62 0.148306
53 63 2.81781
53 64 0.593224
53 66 0.593224
53 129 0.148306
54 57 0.148306
54 58 0.593224
54 62 2.96612
54 63 1.18645
55 61 2.81781
55 62 0.444918
55 64 0.148306
57 60 2.96612
57 61 0.148306
63 87 0.148306
64 87 0.148306
64 88 0.148306
65 87 0.593224
65 88 0.444918
66 126 0.148306
66 129 0.148306
67 92 0.593224
68 92 3.70765
68 122 0.593224
68 123 0.444918
68 126 0.148306
69 77 0.296612
69 80 0.148306
69 88 0.444918
69 92 0.444918
69 93 3.41104
69 94 0.593224
70 77 0.296612
70 94 2.81781
70 119 0.444918
70 150 0.148306
71 77 0.148306
71 94 0.296612
71 95 2.96612
72 95 2.66951
72 96 3.11443
72 97 0.296612
72 98 3.41104
72 99 0.148306
72 100 0.148306
72 115 0.148306
72 146 0.593224
73 98 0.148306
73 99 0.148306
74 77 1.76114
74 78 0.556148
74 96 0.296612
74 97 0.148306
75 78 1.85383
75 79 0.556148
76 79 1.85383
76 80 0.185383
77 80 1.85383
77 81 0.370765
77 93 0.148306
77 94 0.296612
78 81 1.85383
78 82 0.185383
79 82 1.85383
79 83 0.463455
80 83 2.03921
80 84 0.463455
80 88 0.296612
84 87 0.296612
84 88 0.444918
89 92 3.26273
89 93 0.148306
89 122 0.296612
90 93 0.444918
91 122 1.03814
92 122 1.03814
92 126 0.444918
94 118 0.148306
94 119 0.296612
94 122 0.148306
96 115 0.296612
96 118 0.296612
100 103 0.593224
100 106 0.74153
100 145 0.296612
100 146 0.148306
102 144 0.148306
102 145 0.148306
102 183 0.148306
102 187 0.593224
102 402 0.148306
103 106 1.85383
103 145 0.593224
103 187 0.296612
103 401 0.444918
103 402 0.889836
104 107 1.76114
104 108 0.463455
104 145 0.148306
104 148 1.48306
104 149 0.444918
104 152 0.148306
104 187 0.296612
104 190 1.63137
104 191 0.148306
105 108 1.76114
105 109 1.85383
105 405 0.444918
105 407 0.148306
106 109 1.66844
106 110 1.76114
106 111 1.76114
106 112 0.0926913
106 145 2.5212
106 405 0.444918
107 111 1.57575
107 112 0.278075
107 145 0.148306
107 149 4.00426
107 150 0.296612
107 153 0.148306
108 113 0.556148
108 149 0.74153
108 152 0.444918
108 153 0.593224
108 156 1.18645
109 113 0.185383
110 113 1.76114
110 114 0.0926913
111 114 2.22459
111 115 0.0926913
112 115 1.76114
112 116 0.0926913
112 150 0.296612
112 153 0.444918
113 116 0.0926913
113 117 0.0926913
113 153 0.593224
114 117 0.185383
115 118 1.85383
115 119 0.185383
115 150 0.444918
116 119 1.94652
116 120 0.463455
116 150 0.148306
116 157 0.296612
117 120 1.66844
117 121 0.185383
118 121 1.85383
118 122 0.185383
119 122 1.85383
119 123 0.370765
119 150 0.444918
119 154 0.148306
120 123 1.94652
120 124 0.64884
120 154 0.148306
120 157 0.444918
121 124 1.85383
121 125 0.0926913
122 125 2.03921
122 126 0.278075
123 126 1.85383
123 127 0.370765
123 154 0.148306
123 158 0.148306
123 162 0.148306
124 127 1.85383
124 128 0.185383
124 161 0.444918
124 162 0.74153
125 128 1.57575
125 129 0.64884
126 129 2.1319
126 130 0.0926913
127 130 0.278075
127 136 0.148306
127 165 0.148306
133 165 0.296612
134 166 0.444918
134 255 0.148306
135 165 0.148306
135 166 2.81781
135 255 0.148306
136 158 0.296612
136 166 0.296612
136 167 2.81781
136 168 0.296612
137 168 2.81781
138 168 0.296612
138 169 2.81781
138 170 0.593224
139 170 2.96612
140 147 0.74153
140 169 0.593224
140 170 0.444918
140 171 2.96612
140 172 0.444918
141 147 2.81781
141 171 0.148306
141 172 2.96612
142 148 0.444918
142 172 0.296612
142 173 0.296612
142 187 3.11443
142 188 0.74153
142 191 0.296612
143 184 0.593224
143 187 0.74153
143 188 0.148306
144 148 0.370765
144 187 0.593224
145 148 1.94652
145 149 0.0926913
146 149 1.85383
146 150 1.85383
147 150 1.66844
147 151 0.185383
148 151 1.76114
148 152 0.185383
148 187 0.296612
148 191 0.296612
149 152 1.94652
149 153 0.185383
150 153 2.03921
150 154 0.185383
151 154 1.57575
151 155 0.370765
152 155 1.57575
152 156 0.370765
152 194 0.74153
153 156 1.85383
153 157 0.370765
154 157 1.94652
154 158 0.185383
155 158 1.85383
155 159 0.278075
155 195 0.148306
155 198 0.296612
156 159 1.85383
156 160 0.278075
156 194 0.74153
157 160 1.85383
157 161 0.185383
158 161 1.66844
158 162 1.85383
158 167 0.148306
159 162 1.66844
159 163 0.463455
159 165 0.444918
159 167 0.148306
159 198 0.296612
159 200 0.889836
162 165 0.296612
165 200 0.148306
166 200 0.74153
167 199 2.66951
167 200 3.70765
167 201 0.148306
168 201 3.11443
168 255 0.148306
169 195 0.296612
169 201 0.444918
169 202 3.26273
169 203 0.444918
170 203 2.81781
170 205 0.148306
170 236 0.148306
171 202 0.148306
171 203 0.296612
171 204 2.96612
171 205 0.296612
172 205 3.11443
172 207 0.444918
173 204 0.148306
173 205 0.148306
173 206 2.5212
173 207 0.593224
173 381 0.148306
174 184 0.593224
174 188 0.296612
174 384 0.148306
175 207 0.444918
175 208 0.296612
176 208 0.889836
176 384 0.593224
182 185 0.0926913
182 392 0.148306
183 186 1.76114
183 187 0.370765
183 398 0.444918
183 402 0.593224
184 187 1.66844
184 188 0.370765
185 188 1.66844
185 189 0.185383
185 388 0.593224
185 389 0.296612
185 392 0.148306
186 189 1.76114
186 190 1.01961
186 389 0.444918
186 392 0.889836
186 393 0.593224
186 396 0.148306
186 402 0.444918
187 190 1.85383
187 191 0.185383
187 402 0.74153
188 191 1.85383
188 192 0.370765
188 385 0.296612
189 192 1.76114
189 385 0.148306
189 389 0.74153
189 415 0.148306
190 193 0.0926913
190 389 0.148306
190 407 0.296612
190 412 0.444918
190 415 0.148306
191 194 1.85383
191 195 0.278075
192 195 1.94652
192 196 0.185383
192 270 0.296612
192 382 0.296612
193 196 1.85383
193 197 0.556148
193 415 0.444918
193 418 0.593224
194 197 1.76114
194 198 1.94652
195 198 1.57575
195 199 0.185383
195 269 0.593224
195 270 0.148306
196 269 0.74153
196 418 0.593224
196 421 0.889836
196 422 0.444918
199 269 0.444918
200 269 0.444918
201 259 0.148306
201 269 3.26273
202 269 0.296612
202 270 3.55935
202 271 0.296612
203 239 0.148306
203 271 3.11443
203 272 0.444918
203 273 0.296612
203 372 0.296612
204 271 0.148306
204 272 0.296612
204 306 0.148306
205 232 0.296612
205 273 0.148306
205 305 3.11443
206 209 1.85383
206 210 0.185383
206 305 0.296612
206 306 0.74153
206 307 0.296612
206 381 0.296612
206 384 1.18645
207 210 2.03921
207 211 0.185383
207 228 0.148306
208 211 1.85383
208 212 0.370765
208 307 0.148306
208 384 0.593224
209 212 1.85383
209 213 0.370765
209 304 0.148306
209 305 0.296612
209 306 0.593224
210 213 1.85383
210 214 0.185383
210 228 0.444918
210 231 0.296612
210 232 0.296612
210 305 0.296612
211 214 1.85383
211 215 0.185383
211 223 0.444918
211 228 0.148306
212 215 1.94652
212 216 0.278075
213 216 1.85383
213 217 1.94652
213 278 0.148306
213 302 0.148306
213 305 0.296612
214 217 1.57575
214 218 1.94652
214 219 1.57575
214 220 0.185383
215 218 1.66844
215 219 1.76114
215 220 0.370765
215 221 0.185383
216 302 0.593224
217 278 0.148306
217 280 0.148306
218 227 0.148306
218 231 0.444918
218 278 0.444918
218 279 0.593224
218 280 0.444918
218 281 0.593224
220 223 0.444918
220 227 0.148306
223 227 0.370765
224 227 2.50267
224 228 0.185383
225 228 1.85383
225 229 0.64884
226 229 1.85383
226 230 0.0926913
227 230 1.76114
228 231 1.76114
228 232 0.185383
229 232 1.94652
229 233 0.370765
230 233 1.85383
230 234 0.278075
231 234 1.66844
231 235 0.0926913
231 278 0.148306
231 305 0.593224
232 235 1.85383
232 236 0.370765
233 236 1.94652
233 237 0.185383
234 237 1.85383
234 238 0.0926913
234 275 1.63137
234 365 0.593224
235 238 1.76114
235 239 0.370765
235 305 0.148306
235 370 0.148306
236 239 1.85383
236 240 0.463455
237 240 2.03921
237 241 0.185383
237 244 0.593224
237 323 0.148306
238 241 0.0926913
238 370 0.148306
239 242 0.0926913
239 243 0.0926913
239 321 0.148306
239 370 0.148306
239 372 0.148306
240 243 1.94652
240 244 0.926913
241 244 1.85383
241 245 0.185383
241 323 0.296612
241 358 0.444918
242 252 2.96612
242 253 0.593224
242 358 0.148306
243 253 0.148306
245 250 0.148306
245 252 0.148306
245 323 0.148306
245 360 0.593224
246 250 0.74153
246 252 0.74153
247 250 0.593224
247 359 0.593224
248 359 0.593224
249 357 0.444918
249 359 0.889836
250 357 3.11443
250 358 0.296612
250 359 0.74153
251 356 0.296612
251 357 0.444918
252 257 0.0926913
253 257 0.0926913
253 356 0.148306
254 257 2.03921
254 258 0.185383
255 258 1.85383
255 259 0.278075
256 259 1.66844
256 260 0.370765
257 260 1.85383
257 261 0.370765
257 354 0.296612
258 261 1.85383
258 262 0.370765
259 262 1.85383
259 263 0.278075
260 263 0.0926913
261 317 0.444918
261 352 0.148306
261 354 0.148306
262 271 0.148306
262 317 0.74153
262 318 0.296612
262 319 0.148306
262 372 0.444918
262 374 0.444918
263 268 0.148306
263 269 0.296612
264 268 0.148306
264 374 0.148306
265 268 0.593224
266 269 0.444918
267 422 0.148306
268 316 0.148306
268 374 0.444918
268 425 0.444918
268 426 1.48306
269 426 0.444918
270 374 0.296612
270 378 0.296612
270 422 0.148306
270 426 0.74153
271 373 2.96612
271 374 0.444918
272 306 0.296612
272 308 0.148306
272 371 0.148306
272 372 2.81781
272 373 0.444918
272 375 0.148306
273 304 3.26273
273 305 0.74153
273 371 3.11443
273 372 0.148306
274 298 0.74153
274 303 2.96612
274 304 0.148306
274 370 3.11443
274 371 0.74153
275 278 0.444918
275 298 0.148306
275 305 0.148306
275 365 0.296612
275 368 0.148306
275 369 3.26273
275 370 0.296612
276 294 0.296612
276 368 3.11443
276 369 0.444918
277 289 0.148306
277 294 0.148306
277 365 0.593224
277 367 0.148306
277 368 0.296612
278 303 0.444918
280 283 3.11443
280 284 0.148306
281 284 0.444918
283 286 2.96612
283 287 1.63137
284 287 0.148306
284 364 0.296612
284 365 0.296612
285 363 0.148306
285 364 0.593224
285 365 0.148306
285 366 0.444918
288 365 0.148306
288 366 1.48306
288 367 0.148306
289 294 0.0926913
289 367 0.296612
290 293 1.57575
290 294 0.185383
291 294 1.85383
291 295 0.370765
291 322 0.148306
291 327 0.296612
291 367 0.148306
292 295 1.85383
292 296 0.463455
293 296 2.1319
293 297 0.370765
294 297 1.85383
294 298 0.185383
294 367 0.444918
294 369 0.74153
295 298 1.85383
295 299 0.0926913
295 335 0.148306
295 369 0.444918
296 299 1.76114
296 300 0.0926913
297 300 0.370765
297 303 0.444918
298 369 0.148306
298 370 0.148306
298 371 0.593224
299 311 0.148306
299 320 0.148306
299 339 0.593224
299 371 0.148306
300 303 0.296612
301 304 0.148306
301 308 0.148306
301 309 1.18645
301 310 0.296612
301 311 0.593224
304 308 0.148306
304 310 0.148306
307 381 0.148306
307 384 0.148306
308 377 0.444918
309 312 3.11443
309 377 0.74153
310 313 0.444918
310 315 0.296612
310 375 1.33475
311 315 0.148306
311 343 0.148306
311 344 0.296612
312 377 0.74153
313 344 0.296612
313 375 0.148306
313 376 0.444918
313 377 0.296612
313 430 0.148306
314 344 3.26273
314 345 0.889836
314 375 3.85596
314 376 0.444918
314 430 0.296612
315 318 0.148306
315 343 0.148306
315 344 0.74153
315 345 2.66951
315 346 0.148306
315 351 0.148306
315 373 0.296612
315 374 2.96612
315 375 1.03814
316 346 0.148306
316 351 3.26273
316 374 3.11443
316 376 0.148306
317 352 3.11443
317 373 3.11443
317 374 0.148306
318 352 0.444918
318 353 3.41104
318 354 0.444918
318 371 0.148306
318 372 2.81781
319 354 2.96612
319 370 0.148306
319 371 2.96612
319 372 0.444918
320 354 0.148306
320 355 2.81781
320 356 0.296612
320 370 2.81781
321 356 2.66951
321 369 2.81781
321 370 0.444918
321 372 0.148306
322 325 0.593224
322 326 0.296612
322 356 0.444918
322 357 3.41104
322 358 0.148306
322 367 0.296612
322 368 2.81781
322 369 0.593224
323 358 3.26273
323 359 2.66951
323 360 3.26273
323 361 1.33475
323 362 0.444918
323 367 2.96612
323 368 0.444918
324 357 0.593224
324 359 0.444918
324 360 0.148306
324 361 0.296612
324 366 2.81781
325 366 0.444918
325 367 0.296612
326 329 0.444918
326 332 0.148306
326 357 0.148306
327 367 0.74153
328 331 2.22459
328 332 0.0926913
329 332 1.85383
329 333 1.20499
330 333 1.85383
330 334 0.185383
331 334 1.85383
331 335 0.185383
332 335 1.85383
332 336 0.370765
333 336 1.76114
333 337 0.185383
334 337 1.85383
334 338 0.185383
335 338 1.85383
335 339 0.278075
336 339 1.85383
336 340 0.185383
336 353 0.148306
336 355 0.148306
337 340 1.94652
337 341 0.185383
338 341 1.85383
338 342 0.278075
339 342 1.85383
339 343 0.370765
340 353 0.444918
343 353 0.148306
345 351 0.296612
346 351 0.148306
346 429 0.148306
361 365 0.148306
361 366 0.148306
362 365 0.148306
374 426 0.74153
375 378 0.185383
375 426 0.296612
376 379 0.185383
376 426 0.444918
376 429 0.296612
376 430 0.74153
377 380 2.31728
377 430 0.148306
378 381 1.85383
378 382 0.370765
378 426 0.296612
379 382 1.94652
379 383 0.370765
380 383 1.85383
380 384 0.185383
381 384 1.85383
381 385 0.0926913
382 385 1.85383
382 386 0.278075
382 422 0.148306
382 423 0.148306
383 386 1.85383
383 387 0.185383
383 427 0.148306
384 387 1.76114
384 388 0.278075
385 388 1.85383
385 389 0.185383
386 389 1.94652
386 390 0.463455
386 416 0.889836
387 390 1.76114
387 391 0.463455
388 391 1.85383
388 392 0.278075
389 392 1.85383
389 393 0.370765
389 412 0.148306
389 416 0.74153
390 393 1.76114
390 394 0.278075
390 416 0.889836
391 395 0.0926913
392 395 1.94652
392 396 1.85383
392 397 0.370765
393 396 0.83422
393 399 0.148306
393 409 0.444918
393 412 1.33475
393 413 0.444918
396 399 0.593224
398 401 2.03921
398 402 0.185383
399 402 1.85383
399 403 0.370765
400 403 1.76114
400 404 0.370765
401 405 0.0926913
402 405 1.85383
402 406 1.57575
402 407 0.185383
403 407 0.278075
403 408 0.0926913
407 411 0.370765
407 412 0.0926913
407 415 0.148306
408 411 2.22459
408 412 0.0926913
409 412 1.66844
409 413 0.370765
410 413 2.22459
410 414 0.185383
411 414 1.94652
411 415 0.278075
412 415 1.94652
412 416 0.185383
413 416 1.94652
413 417 0.185383
414 417 1.94652
414 418 0.185383
415 418 1.94652
415 419 0.0926913
416 419 1.85383
416 420 0.74153
417 420 1.94652
417 421 0.185383
418 421 1.85383
418 422 0.0926913
419 422 1.85383
419 423 0.278075
420 423 1.85383
420 424 0.370765
421 424 1.94652
421 425 0.370765
422 425 1.76114
422 426 0.185383
423 426 1.57575
423 427 0.370765
424 427 1.85383
424 428 0.278075
425 428 1.85383
425 429 0.185383
426 429 1.76114
426 430 0.0926913
427 430 1.76114
427 431 0.185383
428 431 0.278075
