nresidues = 387
229 307 0.869451
229 309 0.869451
229 310 0.144908
229 320 0.289817
230 255 0.144908
230 256 2.89817
230 257 0.289817
230 309 1.15927
230 320 0.579634
231 254 0.144908
231 255 2.89817
231 256 0.289817
231 307 2.89817
231 308 0.724542
232 253 0.144908
232 254 2.75326
232 255 0.724542
232 305 0.869451
232 306 2.89817
232 307 0.434725
232 314 0.144908
232 317 0.144908
232 320 0.724542
233 252 0.289817
233 253 2.89817
233 254 0.144908
233 304 0.289817
233 305 2.89817
233 306 0.434725
233 308 1.01436
234 240 0.144908
234 251 0.724542
234 252 0.434725
234 253 0.434725
234 304 0.434725
234 305 0.144908
235 252 0.579634
236 240 0.579634
236 250 0.434725
238 250 0.289817
239 247 1.01436
239 249 2.89817
239 271 0.144908
240 249 2.75326
240 250 0.724542
240 251 0.579634
240 299 0.144908
240 300 3.18799
240 301 0.289817
240 304 0.579634
241 246 2.46344
241 247 2.75326
241 248 2.89817
241 249 1.30418
241 299 3.04308
242 245 3.04308
242 246 0.724542
242 247 0.144908
242 248 0.724542
242 299 0.434725
243 248 1.30418
243 283 0.144908
244 248 0.724542
244 274 0.289817
244 275 0.579634
244 278 0.289817
245 248 1.01436
245 272 0.434725
245 273 0.144908
246 272 0.289817
247 272 0.144908
247 301 0.144908
248 270 2.89817
248 271 2.89817
248 272 0.289817
248 275 0.869451
249 269 2.89817
249 271 0.289817
249 275 0.144908
250 267 0.144908
250 268 2.89817
250 269 0.434725
251 266 0.289817
251 267 2.89817
251 285 0.289817
251 300 0.144908
252 265 0.144908
252 266 2.89817
252 267 0.724542
253 265 2.89817
253 266 0.144908
253 287 0.144908
253 305 0.434725
253 380 0.144908
254 263 0.144908
254 264 2.75326
254 265 0.289817
255 262 0.434725
255 263 2.75326
255 305 0.289817
255 320 0.144908
255 382 0.144908
256 261 0.144908
256 262 3.18799
256 263 0.724542
257 261 2.89817
257 262 0.289817
257 319 1.15927
257 320 0.289817
257 384 0.289817
258 261 0.869451
259 384 0.144908
260 382 0.144908
260 383 3.04308
260 384 0.869451
261 381 0.434725
261 382 2.89817
261 383 0.289817
262 380 0.144908
262 381 3.04308
262 382 1.59399
262 384 0.144908
263 379 0.144908
263 380 3.04308
264 378 0.144908
264 379 3.18799
264 380 1.44908
265 377 0.144908
265 378 2.89817
266 348 0.289817
266 363 0.869451
266 365 0.289817
266 377 2.89817
266 378 0.434725
267 377 0.869451
268 365 0.434725
268 373 0.144908
268 374 0.289817
268 375 0.434725
269 373 2.60835
269 374 1.44908
270 275 0.289817
270 276 0.724542
270 373 0.144908
271 276 0.869451
272 275 0.289817
273 276 2.89817
274 277 2.89817
274 278 0.434725
275 278 0.144908
275 283 0.144908
275 372 3.04308
275 373 0.434725
276 371 3.04308
276 372 1.44908
277 369 0.144908
277 370 0.289817
277 371 2.89817
278 367 0.144908
278 368 0.144908
278 369 3.04308
278 370 0.144908
278 371 0.434725
278 373 0.144908
279 369 0.289817
280 367 0.144908
281 366 3.04308
281 367 0.869451
282 364 0.144908
282 365 2.89817
283 364 2.89817
283 365 0.724542
283 373 0.724542
284 363 3.04308
285 299 0.144908
285 361 0.144908
285 362 2.89817
285 363 0.724542
285 365 0.144908
286 298 0.144908
286 354 0.434725
286 361 2.89817
286 362 0.289817
287 298 0.144908
287 300 0.144908
287 360 2.89817
287 361 0.289817
288 295 3.04308
288 296 0.579634
288 297 0.144908
288 298 0.434725
288 355 0.144908
288 359 2.89817
289 293 0.144908
289 294 3.33289
289 295 0.724542
289 296 0.724542
289 305 0.144908
289 321 1.01436
289 358 2.75326
289 359 0.724542
289 361 0.289817
290 293 0.724542
290 294 1.59399
290 358 0.289817
290 359 0.289817
291 318 0.144908
291 329 0.144908
291 357 0.434725
291 358 0.289817
291 359 0.289817
292 316 3.18799
292 317 2.46344
292 318 0.289817
293 314 0.144908
293 315 2.46344
293 316 2.75326
293 317 0.579634
293 321 0.289817
294 315 0.724542
294 316 0.724542
295 298 0.144908
295 305 0.289817
300 304 0.144908
300 305 0.144908
301 304 3.33289
302 305 0.434725
303 306 0.869451
305 313 3.04308
305 314 0.579634
306 311 1.15927
306 312 3.33289
306 313 0.434725
306 314 0.289817
307 310 3.04308
307 311 2.75326
307 312 0.434725
307 313 0.289817
307 314 0.724542
307 315 0.579634
307 316 0.144908
307 317 0.289817
317 320 2.89817
317 321 0.289817
318 321 0.724542
318 359 0.434725
318 385 0.289817
319 384 0.579634
319 385 0.434725
320 382 0.579634
321 359 1.15927
321 382 0.144908
321 384 3.04308
321 385 0.289817
322 327 0.289817
322 352 0.434725
322 353 1.01436
322 359 0.289817
322 360 0.144908
322 361 0.144908
322 382 0.289817
322 383 2.89817
322 384 0.434725
323 326 3.33289
323 327 0.869451
323 353 0.144908
323 383 0.434725
323 384 1.15927
323 385 1.44908
323 386 0.144908
324 327 3.04308
324 328 0.434725
324 385 0.579634
325 328 0.289817
327 352 0.579634
327 353 0.579634
327 382 1.01436
327 383 0.579634
328 331 0.579634
329 353 3.04308
329 355 0.434725
329 356 0.579634
329 357 0.434725
329 358 0.724542
330 353 0.144908
330 354 0.434725
330 355 0.579634
330 356 0.434725
346 366 0.869451
346 376 0.144908
347 364 0.144908
347 365 2.89817
347 366 0.579634
348 363 0.289817
348 364 2.89817
348 365 0.579634
348 378 0.724542
349 362 0.144908
349 363 2.75326
349 364 0.579634
350 362 2.89817
350 363 0.434725
351 354 0.289817
351 360 0.144908
351 361 2.75326
351 362 0.724542
352 359 0.144908
352 360 2.89817
352 361 0.579634
352 380 0.144908
352 381 0.144908
352 382 1.01436
353 359 1.15927
353 360 0.289817
355 358 0.289817
355 359 0.579634
355 360 0.289817
359 385 0.869451
361 382 0.869451
363 380 0.434725
365 373 0.434725
365 375 0.579634
366 373 0.144908
367 373 0.144908
368 371 1.7389
