nresidues = 387
229 307 0.375
229 309 0.375
229 310 0.0625
229 320 0.125
230 255 0.0625
230 256 1.25
230 257 0.125
230 309 0.5
230 320 0.25
231 254 0.0625
231 255 1.25
231 256 0.125
231 307 1.25
231 308 0.3125
232 253 0.0625
232 254 1.1875
232 255 0.3125
232 305 0.375
232 306 1.25
232 307 0.1875
232 314 0.0625
232 317 0.0625
232 320 0.3125
233 252 0.125
233 253 1.25
233 254 0.0625
233 304 0.125
233 305 1.25
233 306 0.1875
233 308 0.4375
234 240 0.0625
234 251 0.3125
234 252 0.1875
234 253 0.1875
234 304 0.1875
234 305 0.0625
235 252 0.25
236 240 0.25
236 250 0.1875
238 250 0.125
239 247 0.4375
239 249 1.25
239 271 0.0625
240 249 1.1875
240 250 0.3125
240 251 0.25
240 299 0.0625
240 300 1.375
240 301 0.125
240 304 0.25
241 246 1.0625
241 247 1.1875
241 248 1.25
241 249 0.5625
241 299 1.3125
242 245 1.3125
242 246 0.3125
242 247 0.0625
242 248 0.3125
242 299 0.1875
243 248 0.5625
243 283 0.0625
244 248 0.3125
244 274 0.125
244 275 0.25
244 278 0.125
245 248 0.4375
245 272 0.1875
245 273 0.0625
246 272 0.125
247 272 0.0625
247 301 0.0625
248 270 1.25
248 271 1.25
248 272 0.125
248 275 0.375
249 269 1.25
249 271 0.125
249 275 0.0625
250 267 0.0625
250 268 1.25
250 269 0.1875
251 266 0.125
251 267 1.25
251 285 0.125
251 300 0.0625
252 265 0.0625
252 266 1.25
252 267 0.3125
253 265 1.25
253 266 0.0625
253 287 0.0625
253 305 0.1875
253 380 0.0625
254 263 0.0625
254 264 1.1875
254 265 0.125
255 262 0.1875
255 263 1.1875
255 305 0.125
255 320 0.0625
255 382 0.0625
256 261 0.0625
256 262 1.375
256 263 0.3125
257 261 1.25
257 262 0.125
257 319 0.5
257 320 0.125
257 384 0.125
258 261 0.375
259 384 0.0625
260 382 0.0625
260 383 1.3125
260 384 0.375
261 381 0.1875
261 382 1.25
261 383 0.125
262 380 0.0625
262 381 1.3125
262 382 0.6875
262 384 0.0625
263 379 0.0625
263 380 1.3125
264 378 0.0625
264 379 1.375
264 380 0.625
265 377 0.0625
265 378 1.25
266 348 0.125
266 363 0.375
266 365 0.125
266 377 1.25
266 378 0.1875
267 377 0.375
268 365 0.1875
268 373 0.0625
268 374 0.125
268 375 0.1875
269 373 1.125
269 374 0.625
270 275 0.125
270 276 0.3125
270 373 0.0625
271 276 0.375
272 275 0.125
273 276 1.25
274 277 1.25
274 278 0.1875
275 278 0.0625
275 283 0.0625
275 372 1.3125
275 373 0.1875
276 371 1.3125
276 372 0.625
277 369 0.0625
277 370 0.125
277 371 1.25
278 367 0.0625
278 368 0.0625
278 369 1.3125
278 370 0.0625
278 371 0.1875
278 373 0.0625
279 369 0.125
280 367 0.0625
281 366 1.3125
281 367 0.375
282 364 0.0625
282 365 1.25
283 364 1.25
283 365 0.3125
283 373 0.3125
284 363 1.3125
285 299 0.0625
285 361 0.0625
285 362 1.25
285 363 0.3125
285 365 0.0625
286 298 0.0625
286 354 0.1875
286 361 1.25
286 362 0.125
287 298 0.0625
287 300 0.0625
287 360 1.25
287 361 0.125
288 295 1.3125
288 296 0.25
288 297 0.0625
288 298 0.1875
288 355 0.0625
288 359 1.25
289 293 0.0625
289 294 1.4375
289 295 0.3125
289 296 0.3125
289 305 0.0625
289 321 0.4375
289 358 1.1875
289 359 0.3125
289 361 0.125
290 293 0.3125
290 294 0.6875
290 358 0.125
290 359 0.125
291 318 0.0625
291 329 0.0625
291 357 0.1875
291 358 0.125
291 359 0.125
292 316 1.375
292 317 1.0625
292 318 0.125
293 314 0.0625
293 315 1.0625
293 316 1.1875
293 317 0.25
293 321 0.125
294 315 0.3125
294 316 0.3125
295 298 0.0625
295 305 0.125
300 304 0.0625
300 305 0.0625
301 304 1.4375
302 305 0.1875
303 306 0.375
305 313 1.3125
305 314 0.25
306 311 0.5
306 312 1.4375
306 313 0.1875
306 314 0.125
307 310 1.3125
307 311 1.1875
307 312 0.1875
307 313 0.125
307 314 0.3125
307 315 0.25
307 316 0.0625
307 317 0.125
317 320 1.25
317 321 0.125
318 321 0.3125
318 359 0.1875
318 385 0.125
319 384 0.25
319 385 0.1875
320 382 0.25
321 359 0.5
321 382 0.0625
321 384 1.3125
321 385 0.125
322 327 0.125
322 352 0.1875
322 353 0.4375
322 359 0.125
322 360 0.0625
322 361 0.0625
322 382 0.125
322 383 1.25
322 384 0.1875
323 326 1.4375
323 327 0.375
323 353 0.0625
323 383 0.1875
323 384 0.5
323 385 0.625
323 386 0.0625
324 327 1.3125
324 328 0.1875
324 385 0.25
325 328 0.125
327 352 0.25
327 353 0.25
327 382 0.4375
327 383 0.25
328 331 0.25
329 353 1.3125
329 355 0.1875
329 356 0.25
329 357 0.1875
329 358 0.3125
330 353 0.0625
330 354 0.1875
330 355 0.25
330 356 0.1875
346 366 0.375
346 376 0.0625
347 364 0.0625
347 365 1.25
347 366 0.25
348 363 0.125
348 364 1.25
348 365 0.25
348 378 0.3125
349 362 0.0625
349 363 1.1875
349 364 0.25
350 362 1.25
350 363 0.1875
351 354 0.125
351 360 0.0625
351 361 1.1875
351 362 0.3125
352 359 0.0625
352 360 1.25
352 361 0.25
352 380 0.0625
352 381 0.0625
352 382 0.4375
353 359 0.5
353 360 0.125
355 358 0.125
355 359 0.25
355 360 0.125
359 385 0.375
361 382 0.375
363 380 0.1875
365 373 0.1875
365 375 0.25
366 373 0.0625
367 373 0.0625
368 371 0.75
