L	Ls	nvertices	F_L	F_L_constrained	rho_sum	nloops	regions
229	  0	  0	           0	           0	           0	 0	[(0, 229)]
230	  0	  0	           0	           0	           0	 0	[(0, 230)]
231	  0	  0	           0	           0	           0	 0	[(0, 231)]
232	  0	  0	           0	           0	           0	 0	[(0, 232)]
233	  0	  0	           0	           0	           0	 0	[(0, 233)]
234	  0	  0	           0	           0	           0	 0	[(0, 234)]
235	  0	  0	           0	           0	           0	 0	[(0, 235)]
236	  0	  0	           0	           0	           0	 0	[(0, 236)]
237	  0	  0	           0	           0	           0	 0	[(0, 237)]
238	  0	  0	           0	           0	           0	 0	[(0, 238)]
239	  0	  0	           0	           0	           0	 0	[(0, 239)]
240	  0	  3	   -0.391796	   -0.391796	    0.377601	 0	[(0, 240)]
241	  0	  3	   -0.391796	   -0.391796	    0.377601	 0	[(0, 241)]
242	  0	  3	   -0.391796	   -0.391796	    0.377601	 0	[(0, 242)]
243	  0	  3	   -0.391796	   -0.391796	    0.377601	 0	[(0, 243)]
244	  0	  3	   -0.391796	   -0.391796	    0.377601	 0	[(0, 244)]
245	  0	  5	   -0.391796	     3.42409	    0.774446	 1	[(0, 245)]
246	238	  4	   -0.391796	      4.8632	     2.99475	 1	[(238, 246)]
247	  0	  9	   -0.391796	     5.36649	     4.87199	 1	[(0, 247)]
248	  0	 12	   -0.391796	    0.378358	     8.01083	 0	[(0, 248)]
249	  0	 13	    -2.85608	    -2.85608	     10.5228	 0	[(0, 249)]
250	  0	 15	    -2.85608	    -1.57881	     11.3892	 0	[(0, 250)]
251	238	 14	    -2.85608	   -0.703154	     11.0949	 0	[(238, 251)]
252	238	 14	    -2.85608	   -0.703154	     11.0949	 0	[(238, 252)]
253	238	 14	    -2.85608	   -0.703154	     11.0949	 0	[(238, 253)]
254	238	 14	    -2.85608	   -0.703154	     11.0949	 0	[(238, 254)]
255	238	 14	    -2.85608	   -0.703154	     11.0949	 0	[(238, 255)]
256	238	 14	    -2.85608	   -0.703154	     11.0949	 0	[(238, 256)]
257	238	 14	    -2.85608	   -0.703154	     11.0949	 0	[(238, 257)]
258	238	 14	    -2.85608	   -0.703154	     11.0949	 0	[(238, 258)]
259	238	 14	    -2.85608	   -0.703154	     11.0949	 0	[(238, 259)]
260	238	 14	    -2.85608	   -0.703154	     11.0949	 0	[(238, 260)]
261	238	 18	    -2.85608	     3.37494	      11.373	 1	[(238, 261)]
262	238	 20	    -2.85608	     5.50843	     15.2896	 1	[(238, 262)]
263	238	 22	    -2.85608	     5.93205	     16.9496	 1	[(238, 263)]
264	238	 23	    -2.85608	       6.089	     18.6594	 1	[(238, 264)]
265	238	 26	    -2.85608	     8.09352	       19.71	 1	[(238, 265)]
266	238	 27	    -2.85608	     8.44261	     23.3046	 1	[(238, 266)]
267	238	 28	    -2.85608	     7.16912	      25.113	 1	[(238, 267)]
268	238	 29	    -2.85608	     6.41661	      26.269	 1	[(238, 268)]
269	238	 30	    -2.85608	      5.0842	     27.2711	 1	[(238, 269)]
270	238	 31	    -2.85608	     4.12673	     28.2126	 1	[(238, 270)]
271	238	 32	    -2.85608	     2.79715	     29.2148	 1	[(238, 271)]
272	238	 33	    -2.85608	     3.13254	     29.7837	 1	[(238, 272)]
273	238	 34	    -2.85608	     3.67813	     29.6959	 1	[(238, 273)]
274	238	 35	    -2.85608	     3.81309	      29.513	 1	[(238, 274)]
275	238	 36	    -2.85608	     3.64086	      29.735	 1	[(238, 275)]
276	238	 37	    -2.85608	     3.79515	     32.5955	 1	[(238, 276)]
277	238	 38	    -2.85608	      3.5103	      35.047	 1	[(238, 277)]
278	238	 39	    -2.85608	     4.01702	      35.515	 1	[(238, 278)]
279	238	 39	    -2.85608	     4.01702	      35.515	 1	[(238, 279)]
280	238	 39	    -2.85608	     4.01702	      35.515	 1	[(238, 280)]
281	238	 39	    -2.85608	     4.01702	      35.515	 1	[(238, 281)]
282	238	 39	    -2.85608	     4.01702	      35.515	 1	[(238, 282)]
283	238	 40	    -2.85608	      3.8571	     35.6708	 1	[(238, 283)]
284	238	 40	    -2.85608	      3.8571	     35.6708	 1	[(238, 284)]
285	238	 41	    -2.85608	     3.69165	     35.8242	 1	[(238, 285)]
286	238	 41	    -2.85608	     3.69165	     35.8242	 1	[(238, 286)]
287	238	 42	    -2.85608	     3.54704	     35.9598	 1	[(238, 287)]
288	238	 42	    -2.85608	     3.54704	     35.9598	 1	[(238, 288)]
289	238	 42	    -2.85608	     3.54704	     35.9598	 1	[(238, 289)]
290	238	 42	    -2.85608	     3.54704	     35.9598	 1	[(238, 290)]
291	238	 42	    -2.85608	     3.54704	     35.9598	 1	[(238, 291)]
292	238	 42	    -2.85608	     3.54704	     35.9598	 1	[(238, 292)]
293	285	 18	    -2.85608	     2.35974	     11.6482	 1	[(0, 250), (285, 293)]
294	285	 19	    -2.85608	     3.32558	     13.8538	 1	[(0, 250), (285, 294)]
295	285	 21	    -2.85608	     3.97722	     15.9405	 1	[(0, 250), (285, 295)]
296	285	 22	    -2.85608	     4.26831	     16.7083	 1	[(0, 250), (285, 296)]
297	285	 23	    -2.85608	     4.83685	     16.1483	 1	[(0, 250), (285, 297)]
298	285	 27	    -2.85608	     5.94312	     16.7954	 1	[(0, 250), (285, 298)]
299	285	 28	    -2.85608	     5.97896	     16.7225	 1	[(0, 250), (285, 299)]
300	285	 29	    -2.85608	     5.97514	     16.7419	 1	[(0, 250), (285, 300)]
301	285	 29	    -2.85608	     5.97514	     16.7419	 1	[(0, 250), (285, 301)]
302	285	 29	    -2.85608	     5.97514	     16.7419	 1	[(0, 250), (285, 302)]
303	285	 29	    -2.85608	     5.97514	     16.7419	 1	[(0, 250), (285, 303)]
304	285	 31	    -2.85608	     5.80871	     16.9056	 1	[(0, 250), (285, 304)]
305	285	 33	    -2.85608	     5.79064	     16.9211	 1	[(0, 250), (285, 305)]
306	285	 35	    -2.85608	     5.88907	     16.8197	 1	[(0, 250), (285, 306)]
307	285	 35	    -2.85608	     5.88907	     16.8197	 1	[(0, 250), (285, 307)]
308	285	 35	    -2.85608	     5.88907	     16.8197	 1	[(0, 250), (285, 308)]
309	285	 35	    -2.85608	     5.88907	     16.8197	 1	[(0, 250), (285, 309)]
310	305	 17	    -2.85608	     2.09865	      11.786	 1	[(0, 250), (305, 310)]
311	305	 19	    -2.85608	     2.47077	     14.3197	 1	[(0, 250), (305, 311)]
312	305	 20	    -2.85608	      1.4902	     16.1136	 1	[(0, 250), (305, 312)]
313	305	 22	    -2.85608	     1.62429	     18.0135	 1	[(0, 250), (305, 313)]
314	305	 23	    -2.85608	     1.71957	     18.7436	 1	[(0, 250), (305, 314)]
315	305	 24	    -2.85608	     2.24009	     18.8812	 1	[(0, 250), (305, 315)]
316	305	 25	    -2.85608	     2.49296	     18.5799	 1	[(0, 250), (305, 316)]
317	  0	 80	    -2.85608	     3.92065	     66.0834	 5	[(0, 317)]
318	305	 26	    -2.85608	     2.51211	     18.5121	 1	[(0, 250), (305, 318)]
319	305	 26	    -2.85608	     2.51211	     18.5121	 1	[(0, 250), (305, 319)]
320	  0	 84	    -2.85608	     2.26937	     69.0793	 4	[(0, 320)]
321	  0	 85	    -2.85608	     2.09985	     70.2631	 4	[(0, 321)]
322	  0	 85	    -2.85608	     2.09985	     70.2631	 4	[(0, 322)]
323	  0	 85	    -2.85608	     2.09985	     70.2631	 4	[(0, 323)]
324	  0	 85	    -2.85608	     2.09985	     70.2631	 4	[(0, 324)]
325	  0	 85	    -2.85608	     2.09985	     70.2631	 4	[(0, 325)]
326	  0	 87	    -2.85608	     1.76472	     70.7022	 4	[(0, 326)]
327	  0	 90	    -2.85608	     3.85298	     74.1949	 4	[(0, 327)]
328	  0	 92	    -2.85608	     6.07469	     75.1101	 4	[(0, 328)]
329	  0	 93	    -2.85608	     6.50855	      75.338	 4	[(0, 329)]
330	  0	 93	    -2.85608	     6.50855	      75.338	 4	[(0, 330)]
331	  0	 94	    -2.85608	     6.36526	     75.4896	 4	[(0, 331)]
332	  0	 94	    -2.85608	     6.36526	     75.4896	 4	[(0, 332)]
333	  0	 94	    -2.85608	     6.36526	     75.4896	 4	[(0, 333)]
334	  0	 94	    -2.85608	     6.36526	     75.4896	 4	[(0, 334)]
335	  0	 94	    -2.85608	     6.36526	     75.4896	 4	[(0, 335)]
336	  0	 94	    -2.85608	     6.36526	     75.4896	 4	[(0, 336)]
337	  0	 94	    -2.85608	     6.36526	     75.4896	 4	[(0, 337)]
338	  0	 94	    -2.85608	     6.36526	     75.4896	 4	[(0, 338)]
339	  0	 94	    -2.85608	     6.36526	     75.4896	 4	[(0, 339)]
340	  0	 94	    -2.85608	     6.36526	     75.4896	 4	[(0, 340)]
341	  0	 94	    -2.85608	     6.36526	     75.4896	 4	[(0, 341)]
342	  0	 94	    -2.85608	     6.36526	     75.4896	 4	[(0, 342)]
343	  0	 94	    -2.85608	     6.36526	     75.4896	 4	[(0, 343)]
344	  0	 94	    -2.85608	     6.36526	     75.4896	 4	[(0, 344)]
345	  0	 94	    -2.85608	     6.36526	     75.4896	 4	[(0, 345)]
346	  0	 94	    -2.85608	     6.36526	     75.4896	 4	[(0, 346)]
347	  0	 94	    -2.85608	     6.36526	     75.4896	 4	[(0, 347)]
348	  0	 95	    -2.85608	     6.19965	     75.6548	 4	[(0, 348)]
349	  0	 95	    -2.85608	     6.19965	     75.6548	 4	[(0, 349)]
350	  0	 95	    -2.85608	     6.19965	     75.6548	 4	[(0, 350)]
351	  0	 95	    -2.85608	     6.19965	     75.6548	 4	[(0, 351)]
352	  0	 96	    -2.85608	     5.95361	     75.8253	 4	[(0, 352)]
353	329	 18	    -2.85608	     5.77122	     11.7107	 1	[(0, 250), (329, 353)]
354	329	 20	    -2.85608	     5.69696	     11.8062	 1	[(0, 250), (329, 354)]
355	329	 21	    -2.85608	      5.7353	     11.7843	 1	[(0, 250), (329, 355)]
356	329	 22	    -2.85608	     5.71046	     11.7929	 1	[(0, 250), (329, 356)]
357	329	 23	    -2.85608	     5.69332	     11.8032	 1	[(0, 250), (329, 357)]
358	329	 24	    -2.85608	     5.67952	     11.8189	 1	[(0, 250), (329, 358)]
359	346	 22	    -2.85608	      3.9007	     11.6586	 1	[(0, 250), (346, 359)]
360	346	 23	    -2.85608	     4.00416	     11.6524	 1	[(0, 250), (346, 360)]
361	346	 24	    -2.85608	     4.13988	     11.6677	 1	[(0, 250), (346, 361)]
362	346	 27	    -2.85608	     8.52787	     17.6858	 1	[(0, 250), (346, 362)]
363	  0	112	    -2.85608	     9.89608	     94.7124	 6	[(0, 363)]
364	  0	115	    -2.85608	     8.69298	     97.5952	 6	[(0, 364)]
365	  0	117	    -2.85608	     4.96964	     100.076	 6	[(0, 365)]
366	  0	119	    -2.85608	     5.99727	     102.469	 6	[(0, 366)]
367	  0	121	    -2.85608	     3.98366	     103.265	 6	[(0, 367)]
368	  0	122	    -2.85608	     4.54699	     103.094	 6	[(0, 368)]
369	  0	124	    -2.85608	     2.81123	     101.593	 5	[(0, 369)]
370	  0	125	    -2.85608	     2.81714	     101.336	 5	[(0, 370)]
371	  0	126	    -2.85608	   -0.664906	     107.874	 5	[(0, 371)]
372	  0	127	    -2.95534	    -2.95534	     109.091	 5	[(0, 372)]
373	  0	128	    -5.79399	    -5.79399	     110.234	 5	[(0, 373)]
374	  0	129	    -5.85015	    -5.85015	      110.96	 5	[(0, 374)]
375	  0	130	    -5.85015	    -5.45696	      111.36	 5	[(0, 375)]
376	  0	131	    -5.85015	     -5.0667	     111.088	 5	[(0, 376)]
377	  0	132	    -5.85015	    -3.87083	     112.047	 6	[(0, 377)]
378	  0	133	    -5.85015	    -5.72288	     113.424	 6	[(0, 378)]
379	  0	134	    -7.06065	    -7.06065	     114.518	 6	[(0, 379)]
380	  0	135	    -10.3597	    -10.3597	     115.605	 6	[(0, 380)]
381	  0	136	    -11.9942	    -11.9942	      116.62	 6	[(0, 381)]
382	  0	138	    -18.2511	    -18.2511	     118.137	 7	[(0, 382)]
383	  0	139	    -22.9277	    -22.9277	     119.807	 7	[(0, 383)]
384	  0	141	    -27.9248	    -27.9248	     121.544	 6	[(0, 384)]
385	  0	142	    -29.7925	    -29.7925	     122.638	 6	[(0, 385)]
386	  0	143	    -29.7925	    -29.0251	     122.941	 6	[(0, 386)]
387	  0	143	    -29.7925	    -29.0251	     122.941	 6	[(0, 387)]
