nresidues = 403
2 53 0.125
2 77 1.125
2 78 0.0625
2 97 0.25
3 52 1.0625
3 53 0.125
3 77 1.3125
3 78 0.125
3 79 0.1875
4 51 1.625
4 52 0.625
4 75 0.0625
4 76 1.25
4 77 0.375
4 79 0.375
5 49 0.0625
5 50 1.25
5 51 0.3125
5 53 0.0625
5 61 0.0625
5 65 0.0625
5 74 0.125
5 75 1.3125
5 76 0.125
6 48 0.1875
6 49 1.25
6 50 0.0625
6 74 1.3125
6 75 0.125
6 77 0.125
6 159 0.1875
7 48 1.1875
7 49 0.4375
7 51 0.0625
7 73 1.25
7 74 0.0625
8 71 1.1875
8 72 1.5
8 73 0.625
9 22 0.1875
9 23 0.125
9 26 0.125
9 44 0.25
9 45 0.25
9 46 0.1875
9 47 0.25
9 48 0.4375
9 49 0.1875
9 70 1.125
9 72 0.125
10 72 0.0625
11 22 0.0625
12 18 0.1875
12 19 0.0625
12 22 0.1875
16 19 0.78125
16 20 0.0390625
17 20 0.703125
17 21 0.0390625
18 21 0.703125
18 22 0.078125
19 22 0.820312
19 23 0.117188
19 46 0.1875
20 23 0.78125
20 24 0.117188
20 46 0.1875
21 24 0.703125
21 25 0.15625
21 175 0.0625
22 25 0.78125
22 26 0.078125
22 70 0.0625
22 172 0.5
23 26 0.820312
23 27 0.078125
23 44 0.125
23 45 0.125
23 46 0.0625
24 27 0.78125
24 28 0.078125
25 28 0.78125
25 29 0.234375
25 172 0.125
25 173 0.125
25 174 0.0625
26 29 0.78125
26 30 0.15625
26 49 0.125
26 68 0.0625
26 69 0.0625
26 70 0.0625
26 172 0.0625
27 30 0.820312
27 31 0.078125
27 42 0.125
27 49 0.0625
28 31 0.78125
28 32 0.078125
28 234 0.25
29 32 0.703125
29 33 0.078125
29 172 0.125
29 173 0.375
29 234 0.125
30 33 0.78125
30 34 0.15625
30 42 0.0625
30 65 0.0625
31 34 0.742188
31 35 0.078125
32 35 0.273438
32 234 0.5625
32 235 0.0625
32 387 0.25
33 64 0.125
33 68 0.0625
33 231 0.0625
34 37 0.3125
34 40 0.125
34 61 0.1875
34 64 0.0625
37 40 0.25
37 56 0.5625
37 60 0.1875
37 61 0.0625
37 64 0.1875
38 56 0.125
39 54 0.3125
39 56 0.375
40 52 1.25
40 53 0.0625
40 54 0.0625
40 56 0.0625
41 50 0.0625
41 51 1.25
41 52 0.375
42 49 0.125
42 50 1.25
43 49 1.3125
43 50 0.4375
44 48 1.25
44 49 0.0625
45 48 0.4375
45 50 0.0625
48 154 0.0625
50 154 0.3125
50 159 0.25
51 65 0.0625
53 56 0.3125
53 58 0.0625
57 60 0.898438
57 61 0.117188
58 61 0.820312
58 62 0.117188
58 76 0.25
58 97 0.125
59 62 0.78125
59 63 0.078125
59 99 0.1875
59 165 0.375
60 63 0.742188
60 64 0.195312
61 64 0.78125
61 65 0.078125
62 65 0.78125
62 66 0.078125
62 74 0.125
62 76 0.0625
62 165 0.0625
63 66 0.117188
64 67 0.0390625
64 68 0.0390625
64 390 0.375
65 68 0.117188
65 71 0.125
65 74 0.125
66 167 1.0625
66 168 0.125
67 231 0.125
67 232 0.0625
68 71 0.0625
68 168 0.0625
69 168 0.0625
69 169 1.375
69 170 1.1875
69 171 1.3125
69 172 0.0625
69 173 0.0625
69 194 0.1875
69 197 0.3125
69 198 0.5625
69 232 0.1875
70 169 0.0625
70 170 0.0625
70 171 0.125
70 172 0.0625
71 74 0.0625
71 167 1.1875
71 168 1.0625
71 169 0.0625
72 166 1.25
72 167 0.0625
73 164 0.375
73 165 1.3125
73 166 0.125
74 163 0.0625
74 164 1.1875
74 165 0.25
74 166 0.0625
75 150 0.25
75 163 1.25
75 164 0.1875
76 161 0.125
76 163 0.125
76 165 0.125
77 160 1.3125
78 90 0.0625
78 93 0.125
78 94 0.0625
78 158 0.0625
78 159 1.3125
78 160 0.1875
79 157 0.25
79 158 1.1875
79 159 0.4375
80 86 0.3125
80 87 0.0625
80 90 0.0625
80 157 1.5
80 158 0.25
80 160 0.0625
81 86 0.1875
81 156 1.25
81 157 0.1875
82 116 0.1875
82 153 0.0625
82 154 0.125
82 156 0.1875
82 158 0.1875
83 86 0.742188
83 87 0.195312
84 87 0.820312
84 88 0.3125
84 118 0.25
84 126 0.125
85 88 0.898438
85 89 0.078125
86 89 0.78125
86 90 0.0390625
87 90 0.742188
87 91 0.078125
87 116 0.0625
88 91 0.742188
88 92 0.0390625
88 126 0.25
88 130 0.5
89 92 0.78125
89 93 0.078125
89 130 0.0625
90 93 0.78125
90 94 0.078125
90 160 0.25
91 94 0.78125
91 95 0.078125
91 127 0.0625
91 131 0.0625
91 160 0.0625
92 95 0.78125
92 96 0.195312
92 130 0.125
92 134 0.0625
93 96 0.78125
93 97 0.078125
94 97 0.078125
94 98 0.0390625
94 160 0.0625
94 162 0.25
95 98 0.117188
95 131 0.0625
95 135 0.0625
95 138 0.125
95 147 0.125
95 162 0.0625
98 102 0.125
98 147 0.0625
98 162 0.0625
101 146 0.125
102 146 0.1875
102 147 0.0625
103 137 0.1875
103 138 1.375
103 139 0.0625
103 146 0.375
104 139 1.4375
104 140 0.125
104 141 0.1875
104 145 1.125
104 146 1.375
105 128 0.1875
105 131 0.125
105 138 0.0625
105 139 0.125
105 140 1.6875
105 141 0.25
105 145 0.125
105 147 1.25
106 141 0.125
106 142 0.125
106 145 0.1875
106 147 0.0625
106 148 1.5625
106 149 0.25
107 124 0.0625
107 127 0.3125
107 128 0.0625
107 149 1.375
108 148 0.1875
108 149 0.125
108 150 1.25
108 151 0.1875
109 120 0.0625
109 124 0.0625
109 151 1.25
109 153 0.0625
110 151 0.1875
110 152 1.4375
110 153 0.125
111 114 0.375
111 115 0.0625
111 116 0.3125
111 118 0.1875
111 120 0.0625
111 153 1.125
112 152 0.125
112 153 1.4375
112 154 0.125
113 116 0.3125
113 153 0.1875
113 154 0.5
113 155 0.375
116 123 0.0625
116 153 0.125
118 123 0.0390625
119 122 0.78125
119 123 0.234375
120 123 0.820312
120 124 0.117188
121 125 0.078125
122 125 0.742188
122 126 0.078125
123 126 0.78125
123 127 0.117188
123 153 0.0625
124 127 0.664062
124 128 0.0390625
125 128 0.78125
125 129 0.0390625
126 129 0.742188
126 130 0.078125
127 130 0.742188
127 131 0.117188
128 131 0.78125
128 132 0.195312
129 132 0.78125
129 133 0.078125
130 133 0.664062
130 134 0.195312
131 134 0.742188
131 135 0.15625
132 135 0.15625
132 138 0.0625
135 138 0.125
141 144 0.125
141 145 0.125
147 162 0.125
148 161 0.0625
148 162 0.1875
149 160 0.0625
149 161 1.1875
149 162 0.1875
150 159 0.0625
150 160 1.25
150 161 0.375
150 164 0.1875
151 159 1.25
152 158 1.3125
152 159 0.25
153 157 1.0625
153 158 0.3125
154 157 0.375
154 158 0.0625
154 159 0.0625
170 198 1.3125
171 197 0.0625
171 198 0.1875
171 199 1.4375
171 200 0.1875
172 175 0.1875
172 200 0.25
173 197 0.0625
173 200 1.125
173 202 0.125
173 232 0.0625
174 177 0.0625
174 200 1.1875
175 200 1.3125
176 200 0.0625
177 201 1.25
177 202 0.25
178 201 0.0625
178 202 1.4375
178 204 0.25
178 278 0.25
178 280 1.25
179 196 0.0625
179 201 0.125
179 202 0.0625
179 203 1.1875
179 204 0.125
179 280 0.1875
179 282 1.375
179 284 0.0625
180 204 1.5
180 206 0.0625
180 239 0.125
180 274 0.0625
180 275 0.125
180 280 0.125
180 282 0.0625
180 283 1.3125
180 284 0.125
181 193 0.0625
181 203 0.125
181 204 0.3125
181 205 1.375
181 206 0.1875
181 284 1.5625
182 189 0.125
182 206 1.375
182 208 0.0625
182 268 0.0625
182 271 0.0625
182 284 0.125
183 189 0.4375
183 190 0.125
183 205 0.0625
183 206 0.125
183 207 0.375
183 222 0.125
184 189 0.25
184 222 0.125
184 225 0.0625
185 221 0.3125
185 225 0.0625
185 336 0.3125
186 190 0.078125
186 336 0.375
187 190 0.78125
187 191 0.0390625
187 327 0.0625
187 333 0.0625
187 336 0.1875
187 337 0.0625
188 191 0.820312
188 286 0.1875
188 315 0.25
188 323 0.0625
189 192 0.78125
189 193 0.078125
190 193 0.78125
190 194 0.078125
190 225 0.0625
190 229 0.0625
190 332 0.0625
190 336 0.0625
191 194 0.78125
191 195 0.15625
191 315 0.0625
191 323 0.0625
191 326 0.125
191 327 0.125
192 195 0.742188
192 196 0.15625
192 284 0.125
192 285 0.125
192 286 0.0625
192 314 0.1875
193 196 0.78125
193 197 0.117188
193 203 0.0625
193 229 0.0625
194 197 0.78125
194 198 0.078125
194 232 0.375
194 330 0.5
195 198 0.742188
195 199 0.0390625
195 314 0.0625
195 315 0.0625
196 199 0.78125
196 200 0.664062
196 201 0.9375
196 203 0.125
196 284 0.25
196 314 0.0625
197 200 0.703125
197 201 0.117188
197 203 0.0625
197 233 0.125
204 237 1.1875
204 239 0.25
204 278 0.6875
205 237 0.1875
205 238 1.3125
205 239 0.3125
206 239 1.1875
207 222 0.4375
207 239 0.125
207 240 1.25
207 241 0.1875
208 241 1.375
208 243 0.25
208 267 0.4375
208 270 0.3125
208 271 0.125
209 214 0.125
209 219 0.0625
209 240 0.0625
209 241 0.25
209 242 1.25
209 243 0.125
210 213 1.25
210 214 0.4375
210 243 0.3125
210 244 0.25
210 247 0.1875
211 214 0.1875
211 244 0.125
212 244 0.25
213 247 0.4375
215 218 0.820312
215 219 0.0390625
215 340 0.0625
216 219 0.9375
216 220 0.078125
217 220 0.78125
217 221 0.078125
217 340 0.4375
218 221 0.742188
218 222 0.0390625
218 340 0.0625
219 222 0.78125
219 223 0.15625
219 240 0.0625
220 223 0.820312
220 224 0.390625
221 224 0.820312
221 225 0.15625
221 335 0.125
221 336 0.3125
221 338 0.25
222 225 0.78125
222 226 0.078125
223 226 0.820312
223 227 0.078125
223 238 0.0625
223 384 0.0625
223 386 0.0625
224 227 0.78125
224 228 0.078125
224 335 0.125
224 338 0.25
225 228 0.78125
225 229 0.117188
225 332 0.125
225 335 0.1875
225 336 0.0625
226 229 0.78125
226 230 0.0390625
226 236 0.1875
226 386 0.1875
227 230 0.234375
227 386 0.1875
227 387 0.25
227 388 0.0625
228 231 0.3125
228 330 0.125
228 331 0.1875
229 232 0.117188
229 233 0.0390625
229 236 0.0625
230 233 0.117188
230 236 0.0625
230 386 0.25
230 387 0.4375
230 388 0.5
231 330 0.1875
231 388 0.0625
232 330 0.375
233 236 0.0625
234 387 0.0625
235 385 0.0625
235 386 1.3125
235 387 0.1875
236 384 0.0625
236 385 1.25
236 386 0.25
237 383 0.0625
237 384 1.25
238 382 0.0625
238 383 1.1875
238 384 0.3125
239 278 0.125
239 381 0.125
239 382 1.25
239 383 0.3125
240 381 1.3125
240 382 0.1875
240 384 0.0625
241 274 0.0625
241 377 0.125
242 380 0.25
243 246 0.9375
243 247 0.117188
243 263 0.1875
243 267 0.0625
243 270 0.0625
244 247 0.78125
244 248 0.117188
245 248 0.78125
245 249 0.117188
246 249 0.78125
246 250 0.195312
246 373 0.0625
247 250 0.78125
247 251 0.15625
247 263 0.1875
248 251 0.78125
248 252 0.0390625
249 252 0.820312
249 253 0.15625
249 368 0.125
249 370 0.0625
249 373 0.1875
250 253 0.742188
250 254 0.195312
250 259 0.1875
250 262 0.0625
250 263 0.125
250 266 0.0625
250 370 0.0625
251 254 0.0390625
253 368 0.375
254 258 0.1875
254 262 0.0625
254 364 0.125
255 258 1.25
255 364 0.625
256 259 0.1875
258 261 0.78125
258 262 0.117188
258 356 0.4375
258 357 0.25
258 360 0.25
258 361 0.0625
258 364 0.25
259 262 0.78125
259 263 0.117188
260 263 0.898438
260 264 0.273438
261 264 0.78125
261 265 0.195312
261 302 0.0625
261 303 0.0625
261 356 0.125
262 265 0.820312
262 266 0.15625
262 365 0.1875
263 266 0.820312
263 267 0.15625
264 267 0.78125
264 268 0.117188
264 295 0.8125
264 299 0.0625
264 303 0.1875
265 268 0.78125
265 269 0.195312
265 302 0.375
265 303 0.125
265 305 0.3125
265 306 0.3125
265 361 0.1875
265 362 0.125
265 365 0.625
266 269 0.9375
266 270 0.15625
266 365 0.1875
266 370 0.25
267 270 0.78125
267 271 0.15625
268 271 0.78125
268 272 0.078125
268 283 0.0625
268 303 0.0625
268 306 0.0625
268 307 0.0625
269 272 0.78125
269 273 0.078125
269 306 0.375
269 365 0.375
270 273 0.78125
270 274 0.195312
270 377 0.0625
270 378 0.0625
271 274 0.820312
271 275 0.078125
271 283 0.1875
272 275 0.78125
272 276 0.078125
272 306 0.0625
272 307 0.3125
272 309 0.5
273 276 0.703125
273 277 0.0390625
273 374 0.125
273 375 0.25
273 378 0.0625
274 277 0.78125
274 278 0.15625
275 278 0.742188
275 279 0.78125
275 280 0.234375
275 309 0.0625
276 279 0.078125
276 309 0.0625
277 378 0.0625
277 381 0.375
280 309 0.0625
281 309 0.0625
281 310 0.125
282 310 1.3125
282 312 0.0625
283 310 0.0625
283 311 1.3125
283 312 0.1875
284 312 1.4375
285 311 0.0625
285 312 0.0625
285 313 0.1875
285 314 0.0625
286 315 0.1875
287 300 0.0625
287 313 0.375
287 315 1.1875
287 316 0.0625
288 291 0.25
288 294 0.1875
288 315 0.1875
288 316 1.3125
289 294 0.125
289 297 0.0625
289 300 0.0625
289 316 0.25
290 294 0.25
291 294 0.5625
291 318 0.0625
291 319 0.0625
291 320 0.3125
295 299 0.273438
295 303 0.0625
296 299 0.859375
296 300 0.078125
297 300 0.820312
297 301 0.078125
298 301 0.78125
298 302 0.117188
298 355 0.5625
298 356 0.1875
299 302 0.78125
299 303 0.234375
299 356 0.125
300 303 0.742188
300 304 0.078125
300 313 0.1875
301 304 0.664062
301 358 0.875
302 305 0.0390625
302 356 0.25
302 357 0.3125
302 358 0.125
302 361 0.0625
303 306 0.0390625
304 307 0.15625
304 313 0.1875
304 358 0.0625
305 358 0.9375
305 362 0.5
313 316 0.3125
315 318 0.1875
315 323 0.0625
318 322 0.3125
318 323 0.078125
318 326 0.0625
319 322 0.78125
319 323 0.117188
320 323 0.78125
320 324 0.15625
321 324 0.78125
321 325 0.078125
322 325 0.742188
322 326 0.117188
323 326 0.78125
323 327 0.078125
324 327 0.78125
324 328 0.234375
324 333 0.0625
325 328 0.78125
325 329 0.195312
326 329 0.78125
326 330 0.15625
327 330 0.742188
327 331 0.742188
327 332 0.9375
327 333 0.195312
328 331 0.0390625
328 333 0.117188
332 335 0.78125
332 336 0.117188
333 336 0.78125
333 337 0.195312
334 337 0.742188
334 338 0.0390625
335 338 0.234375
357 360 0.664062
357 361 0.078125
358 361 0.78125
358 362 0.195312
359 362 0.78125
359 363 0.234375
360 363 0.820312
360 364 0.234375
361 364 0.664062
361 365 0.195312
362 365 0.78125
362 366 0.078125
363 366 0.0390625
364 367 0.117188
365 368 0.078125
368 373 0.0390625
369 372 0.117188
370 373 0.859375
370 374 0.234375
371 374 0.78125
371 375 0.195312
372 375 0.78125
372 376 0.234375
373 376 0.78125
373 377 0.078125
374 377 0.78125
374 378 0.078125
375 378 0.78125
375 379 0.078125
376 379 0.820312
376 380 0.273438
377 380 0.78125
377 381 0.0390625
378 381 0.15625
