L	Ls	nvertices	F_L	F_L_constrained	rho_sum	nloops	regions
 30	  0	  0	           0	           0	           0	 0	[(0, 30)]
 31	  0	  0	           0	           0	           0	 0	[(0, 31)]
 32	  0	  0	           0	           0	           0	 0	[(0, 32)]
 33	  0	  2	    -0.26891	    -0.26891	     0.26628	 0	[(0, 33)]
 34	  0	  2	    -0.26891	    -0.26891	     0.26628	 0	[(0, 34)]
 35	  0	  4	   -0.402608	   -0.402608	    0.416272	 0	[(0, 35)]
 36	  0	  5	   -0.402608	     2.08725	    0.433632	 1	[(0, 36)]
 37	  0	  7	   -0.402608	     4.03534	     5.39377	 0	[(0, 37)]
 38	  0	  8	   -0.402608	     4.04325	     5.88093	 0	[(0, 38)]
 39	  0	  9	   -0.402608	     4.02668	     6.37719	 0	[(0, 39)]
 40	  0	 10	   -0.402608	     3.91706	     7.78172	 0	[(0, 40)]
 41	  0	 11	   -0.402608	     3.83737	     8.85121	 0	[(0, 41)]
 42	  0	 12	   -0.402608	     3.74462	     9.85096	 0	[(0, 42)]
 43	  0	 13	   -0.402608	     3.57876	     10.8748	 0	[(0, 43)]
 44	  0	 14	   -0.402608	     3.26518	     11.9685	 0	[(0, 44)]
 45	  0	 15	   -0.402608	     3.87075	     11.8762	 0	[(0, 45)]
 46	  0	 15	   -0.402608	     3.87075	     11.8762	 0	[(0, 46)]
 47	  0	 15	   -0.402608	     3.87075	     11.8762	 0	[(0, 47)]
 48	  0	 15	   -0.402608	     3.87075	     11.8762	 0	[(0, 48)]
 49	  0	 17	   -0.402608	     3.95285	     11.4165	 0	[(0, 49)]
 50	  0	 17	   -0.402608	     3.95285	     11.4165	 0	[(0, 50)]
 51	  0	 18	   -0.402608	     3.79395	     11.6119	 0	[(0, 51)]
 52	  0	 18	   -0.402608	     3.79395	     11.6119	 0	[(0, 52)]
 53	  0	 18	   -0.402608	     3.79395	     11.6119	 0	[(0, 53)]
 54	  0	 19	   -0.402608	     10.0881	     11.8742	 1	[(0, 54)]
 55	  0	 19	   -0.402608	     10.0881	     11.8742	 1	[(0, 55)]
 56	  0	 19	   -0.402608	     10.0881	     11.8742	 1	[(0, 56)]
 57	 54	  2	   -0.402608	     3.70986	    0.310984	 1	[(54, 57)]
 58	 54	  4	   -0.402608	     2.24561	    0.295668	 1	[(54, 58)]
 59	 54	  6	   -0.402608	     4.38193	     5.19817	 0	[(54, 59)]
 60	 54	  7	   -0.402608	     4.07089	     5.65792	 0	[(54, 60)]
 61	 54	  8	   -0.402608	     3.92068	     6.60263	 0	[(54, 61)]
 62	 54	  9	   -0.402608	     3.45415	     7.93772	 0	[(54, 62)]
 63	 54	 10	   -0.402608	     2.57863	     9.08875	 0	[(54, 63)]
 64	 54	 11	   -0.402608	     2.30858	     10.0076	 0	[(54, 64)]
 65	 54	 12	   -0.402608	     1.98582	     10.9406	 0	[(54, 65)]
 66	 54	 13	   -0.402608	     1.73557	     11.8441	 0	[(54, 66)]
 67	 54	 14	   -0.402608	      1.5359	      12.807	 0	[(54, 67)]
 68	 54	 15	   -0.402608	     1.11774	     13.8742	 0	[(54, 68)]
 69	 54	 16	   -0.402608	     0.90221	     14.8408	 0	[(54, 69)]
 70	 54	 17	   -0.402608	    0.155325	     15.9897	 0	[(54, 70)]
 71	 54	 18	   -0.402608	    -0.18239	     16.9368	 0	[(54, 71)]
 72	 54	 19	   -0.412272	   -0.412272	     17.8696	 0	[(54, 72)]
 73	 54	 20	    -1.45309	    -1.45309	     19.0132	 0	[(54, 73)]
 74	 54	 21	    -1.64732	    -1.64732	     19.9068	 0	[(54, 74)]
 75	 54	 22	    -2.17129	    -2.17129	      20.942	 0	[(54, 75)]
 76	 54	 23	    -2.51826	    -2.51826	     21.8621	 0	[(54, 76)]
 77	 54	 24	    -2.87831	    -2.87831	     22.8744	 0	[(54, 77)]
 78	 54	 25	    -3.19246	    -3.19246	     23.8304	 0	[(54, 78)]
 79	 54	 26	    -3.34241	    -3.34241	     24.7417	 0	[(54, 79)]
 80	 54	 27	    -3.61491	    -3.61491	     25.7334	 0	[(54, 80)]
 81	 54	 28	    -3.81894	    -3.81894	     26.7013	 0	[(54, 81)]
 82	 54	 29	    -3.87376	    -3.87376	     27.4848	 0	[(54, 82)]
 83	 54	 30	    -3.87376	      -3.858	     28.1584	 0	[(54, 83)]
 84	 54	 31	    -3.87376	     -3.5325	     27.9248	 0	[(54, 84)]
 85	 54	 31	    -3.87376	     -3.5325	     27.9248	 0	[(54, 85)]
 86	 54	 31	    -3.87376	     -3.5325	     27.9248	 0	[(54, 86)]
 87	 54	 32	    -3.87376	     0.73859	     28.1987	 1	[(54, 87)]
 88	 54	 34	    -3.87376	    -3.52205	     27.4011	 0	[(54, 88)]
 89	 54	 36	    -3.87376	    -3.40007	     27.1761	 0	[(54, 89)]
 90	 84	  7	    -3.87376	   -0.159478	    0.164404	 0	[(84, 90)]
 91	 54	 38	    -3.87376	   -0.324459	     33.2339	 0	[(54, 91)]
 92	 54	 39	    -3.87376	   -0.374215	     32.8347	 0	[(54, 92)]
 93	 54	 40	    -3.87376	   -0.609306	     32.7332	 0	[(54, 93)]
 94	 54	 41	    -3.92302	    -3.92302	      34.334	 0	[(54, 94)]
 95	 54	 42	    -4.44009	    -4.44009	     35.3927	 0	[(54, 95)]
 96	 54	 43	    -4.71936	    -4.71936	     36.2892	 0	[(54, 96)]
 97	 54	 44	      -5.129	      -5.129	     37.1797	 0	[(54, 97)]
 98	 54	 45	    -6.60032	    -6.60032	     38.3801	 0	[(54, 98)]
 99	 54	 46	    -6.95986	    -6.95986	       39.31	 0	[(54, 99)]
100	 54	 47	    -7.21609	    -7.21609	     40.2099	 0	[(54, 100)]
101	 54	 48	    -8.86464	    -8.86464	     41.3733	 0	[(54, 101)]
102	 54	 49	    -9.35693	    -9.35693	     42.3277	 0	[(54, 102)]
103	 54	 50	    -9.69009	    -9.69009	     43.2583	 0	[(54, 103)]
104	 54	 51	    -10.1208	    -10.1208	     44.1791	 0	[(54, 104)]
105	 54	 52	    -10.6323	    -10.6323	     45.2006	 0	[(54, 105)]
106	 54	 53	    -10.8723	    -10.8723	     46.1351	 0	[(54, 106)]
107	 54	 54	    -11.0961	    -11.0961	     47.0692	 0	[(54, 107)]
108	 54	 55	    -11.4926	    -11.4926	     48.1587	 0	[(54, 108)]
109	 54	 56	    -12.0073	    -12.0073	     49.2473	 0	[(54, 109)]
110	 54	 57	    -12.2418	    -12.2418	     50.1971	 0	[(54, 110)]
111	 54	 58	    -12.4695	    -12.4695	     51.1335	 0	[(54, 111)]
112	 54	 59	      -13.15	      -13.15	     52.2394	 0	[(54, 112)]
113	 54	 60	     -13.388	     -13.388	     53.1875	 0	[(54, 113)]
114	 54	 61	    -14.1515	    -14.1515	     54.3053	 0	[(54, 114)]
115	 54	 62	    -14.7409	    -14.7409	     55.2973	 0	[(54, 115)]
116	 54	 63	    -15.3025	    -15.3025	     56.3113	 0	[(54, 116)]
117	 54	 64	      -15.51	      -15.51	     57.1724	 0	[(54, 117)]
118	 54	 65	    -15.6721	    -15.6721	     58.0512	 0	[(54, 118)]
119	 54	 66	    -16.0231	    -16.0231	     59.0635	 0	[(54, 119)]
120	 54	 67	    -16.0231	    -16.0175	     59.9301	 0	[(54, 120)]
121	 54	 68	    -17.0441	    -17.0441	     61.2304	 0	[(54, 121)]
122	 54	 69	    -17.3067	    -17.3067	     62.1586	 0	[(54, 122)]
123	 54	 70	    -19.1471	    -19.1471	     63.4005	 0	[(54, 123)]
124	 54	 71	    -19.1471	     -18.679	     63.8822	 0	[(54, 124)]
125	 54	 72	    -19.1471	    -18.1797	     63.8433	 0	[(54, 125)]
126	 54	 73	    -19.1471	    -18.0485	     63.6624	 0	[(54, 126)]
127	 54	 74	    -19.1471	    -18.0431	     63.6358	 0	[(54, 127)]
128	 54	 74	    -19.1471	    -18.0431	     63.6358	 0	[(54, 128)]
129	 54	 74	    -19.1471	    -18.0431	     63.6358	 0	[(54, 129)]
130	 54	 74	    -19.1471	    -18.0431	     63.6358	 0	[(54, 130)]
131	 54	 76	    -19.1471	    -18.3929	     64.1037	 0	[(54, 131)]
132	 54	 78	    -19.1471	    -17.8331	     67.2572	 0	[(54, 132)]
133	 54	 80	    -19.1471	    -15.5792	     68.2031	 0	[(54, 133)]
134	 54	 81	    -19.1471	    -15.1698	     68.0522	 0	[(54, 134)]
135	 54	 82	    -19.1471	    -8.44414	     68.0514	 1	[(54, 135)]
136	 54	 82	    -19.1471	    -8.44414	     68.0514	 1	[(54, 136)]
137	 54	 82	    -19.1471	    -8.44414	     68.0514	 1	[(54, 137)]
138	 54	 82	    -19.1471	    -8.44414	     68.0514	 1	[(54, 138)]
139	 54	 84	    -19.1471	    -5.30145	     69.0748	 2	[(54, 139)]
140	 54	 86	    -19.1471	    -6.63676	     68.9737	 2	[(54, 140)]
141	 54	 88	    -19.1471	    -6.20762	     73.6764	 1	[(54, 141)]
142	 54	 89	    -19.1471	    -7.48135	     73.8645	 1	[(54, 142)]
143	 54	 90	    -19.1471	     -9.1891	       76.74	 1	[(54, 143)]
144	 54	 91	    -19.1471	    -9.81431	     77.7884	 1	[(54, 144)]
145	 54	 92	    -19.1471	    -10.2868	      78.694	 1	[(54, 145)]
146	 54	 93	    -19.1471	    -12.5754	     79.8678	 1	[(54, 146)]
147	 54	 94	    -19.1471	    -13.2545	     80.8727	 1	[(54, 147)]
148	 54	 95	    -19.1471	    -14.8238	     81.9712	 1	[(54, 148)]
149	 54	 96	    -19.1471	    -15.2578	     82.8208	 1	[(54, 149)]
150	 54	 97	    -19.1471	     -15.779	     83.7759	 1	[(54, 150)]
151	 54	 98	    -19.1471	      -16.07	      84.642	 1	[(54, 151)]
152	 54	 99	    -19.1471	    -16.4397	     85.6317	 1	[(54, 152)]
153	 54	100	    -19.1471	    -16.6725	     86.5662	 1	[(54, 153)]
154	 54	101	    -19.1471	    -17.0217	     87.5902	 1	[(54, 154)]
155	 54	102	    -19.1471	    -17.5461	     88.6549	 1	[(54, 155)]
156	 54	103	    -19.1471	    -17.9273	     89.6595	 1	[(54, 156)]
157	 54	104	    -19.1471	    -17.3992	     89.9148	 1	[(54, 157)]
158	 54	104	    -19.1471	    -17.3992	     89.9148	 1	[(54, 158)]
159	 54	104	    -19.1471	    -17.3992	     89.9148	 1	[(54, 159)]
160	 54	104	    -19.1471	    -17.3992	     89.9148	 1	[(54, 160)]
161	 54	105	    -19.1471	    -13.2118	     90.8465	 2	[(54, 161)]
162	 54	107	    -19.1471	    -13.9718	     91.8677	 2	[(54, 162)]
163	 54	108	    -19.1471	    -13.5322	     92.3108	 2	[(54, 163)]
164	 54	109	    -19.1471	    -13.1511	     92.0978	 2	[(54, 164)]
165	 54	110	    -19.1471	    -13.0503	     91.8312	 2	[(54, 165)]
166	 54	111	    -19.1471	    -13.0794	     91.8259	 2	[(54, 166)]
167	 54	112	    -19.1471	    -13.0644	     91.8102	 2	[(54, 167)]
168	 54	112	    -19.1471	    -13.0644	     91.8102	 2	[(54, 168)]
169	 54	113	    -19.1471	    -13.1931	      91.933	 2	[(54, 169)]
170	 54	113	    -19.1471	    -13.1931	      91.933	 2	[(54, 170)]
171	 54	113	    -19.1471	    -13.1931	      91.933	 2	[(54, 171)]
172	 54	113	    -19.1471	    -13.1931	      91.933	 2	[(54, 172)]
173	 54	113	    -19.1471	    -13.1931	      91.933	 2	[(54, 173)]
174	 54	113	    -19.1471	    -13.1931	      91.933	 2	[(54, 174)]
175	 54	113	    -19.1471	    -13.1931	      91.933	 2	[(54, 175)]
176	 54	113	    -19.1471	    -13.1931	      91.933	 2	[(54, 176)]
177	 54	113	    -19.1471	    -13.1931	      91.933	 2	[(54, 177)]
178	 54	113	    -19.1471	    -13.1931	      91.933	 2	[(54, 178)]
179	 54	113	    -19.1471	    -13.1931	      91.933	 2	[(54, 179)]
180	 54	113	    -19.1471	    -13.1931	      91.933	 2	[(54, 180)]
181	 54	113	    -19.1471	    -13.1931	      91.933	 2	[(54, 181)]
182	 54	113	    -19.1471	    -13.1931	      91.933	 2	[(54, 182)]
183	 54	113	    -19.1471	    -13.1931	      91.933	 2	[(54, 183)]
184	 54	113	    -19.1471	    -13.1931	      91.933	 2	[(54, 184)]
185	 54	113	    -19.1471	    -13.1931	      91.933	 2	[(54, 185)]
186	 54	113	    -19.1471	    -13.1931	      91.933	 2	[(54, 186)]
187	 54	113	    -19.1471	    -13.1931	      91.933	 2	[(54, 187)]
188	 54	113	    -19.1471	    -13.1931	      91.933	 2	[(54, 188)]
189	 54	113	    -19.1471	    -13.1931	      91.933	 2	[(54, 189)]
190	 54	113	    -19.1471	    -13.1931	      91.933	 2	[(54, 190)]
191	 54	113	    -19.1471	    -13.1931	      91.933	 2	[(54, 191)]
192	 54	113	    -19.1471	    -13.1931	      91.933	 2	[(54, 192)]
193	 54	113	    -19.1471	    -13.1931	      91.933	 2	[(54, 193)]
194	 54	113	    -19.1471	    -13.1931	      91.933	 2	[(54, 194)]
195	 54	113	    -19.1471	    -13.1931	      91.933	 2	[(54, 195)]
196	 54	113	    -19.1471	    -13.1931	      91.933	 2	[(54, 196)]
197	 54	113	    -19.1471	    -13.1931	      91.933	 2	[(54, 197)]
198	 54	113	    -19.1471	    -13.1931	      91.933	 2	[(54, 198)]
199	 54	113	    -19.1471	    -13.1931	      91.933	 2	[(54, 199)]
200	 54	113	    -19.1471	    -13.1931	      91.933	 2	[(54, 200)]
201	 54	113	    -19.1471	    -13.1931	      91.933	 2	[(54, 201)]
202	 54	113	    -19.1471	    -13.1931	      91.933	 2	[(54, 202)]
203	 54	113	    -19.1471	    -13.1931	      91.933	 2	[(54, 203)]
204	 54	113	    -19.1471	    -13.1931	      91.933	 2	[(54, 204)]
205	 54	113	    -19.1471	    -13.1931	      91.933	 2	[(54, 205)]
206	 54	113	    -19.1471	    -13.1931	      91.933	 2	[(54, 206)]
207	 54	113	    -19.1471	    -13.1931	      91.933	 2	[(54, 207)]
208	 54	113	    -19.1471	    -13.1931	      91.933	 2	[(54, 208)]
209	 54	113	    -19.1471	    -13.1931	      91.933	 2	[(54, 209)]
210	 54	113	    -19.1471	    -13.1931	      91.933	 2	[(54, 210)]
211	 54	113	    -19.1471	    -13.1931	      91.933	 2	[(54, 211)]
212	 54	113	    -19.1471	    -13.1931	      91.933	 2	[(54, 212)]
213	 54	113	    -19.1471	    -13.1931	      91.933	 2	[(54, 213)]
214	 54	113	    -19.1471	    -13.1931	      91.933	 2	[(54, 214)]
215	 54	113	    -19.1471	    -13.1931	      91.933	 2	[(54, 215)]
216	 54	113	    -19.1471	    -13.1931	      91.933	 2	[(54, 216)]
217	 54	113	    -19.1471	    -13.1931	      91.933	 2	[(54, 217)]
218	 54	113	    -19.1471	    -13.1931	      91.933	 2	[(54, 218)]
219	 54	113	    -19.1471	    -13.1931	      91.933	 2	[(54, 219)]
220	 54	113	    -19.1471	    -13.1931	      91.933	 2	[(54, 220)]
221	 54	113	    -19.1471	    -13.1931	      91.933	 2	[(54, 221)]
222	 54	113	    -19.1471	    -13.1931	      91.933	 2	[(54, 222)]
223	 54	113	    -19.1471	    -13.1931	      91.933	 2	[(54, 223)]
224	 54	113	    -19.1471	    -13.1931	      91.933	 2	[(54, 224)]
225	 54	113	    -19.1471	    -13.1931	      91.933	 2	[(54, 225)]
226	 54	113	    -19.1471	    -13.1931	      91.933	 2	[(54, 226)]
