L	Ls	nvertices	F_L	F_L_constrained	rho_sum	nloops	regions
  4	  0	  0	           0	           0	           0	 0	[(0, 4)]
  5	  0	  0	           0	           0	           0	 0	[(0, 5)]
  6	  0	  0	           0	           0	           0	 0	[(0, 6)]
  7	  0	  0	           0	           0	           0	 0	[(0, 7)]
  8	  0	  0	           0	           0	           0	 0	[(0, 8)]
  9	  0	  0	           0	           0	           0	 0	[(0, 9)]
 10	  0	  0	           0	           0	           0	 0	[(0, 10)]
 11	  0	  0	           0	           0	           0	 0	[(0, 11)]
 12	  0	  2	   -0.258009	   -0.258009	     0.24582	 0	[(0, 12)]
 13	  0	  2	   -0.258009	   -0.258009	     0.24582	 0	[(0, 13)]
 14	  0	  2	   -0.258009	   -0.258009	     0.24582	 0	[(0, 14)]
 15	  0	  2	   -0.258009	   -0.258009	     0.24582	 0	[(0, 15)]
 16	  0	  2	   -0.258009	   -0.258009	     0.24582	 0	[(0, 16)]
 17	 13	  3	   -0.258009	     3.91152	    0.283078	 1	[(13, 17)]
 18	  0	  8	   -0.392263	   -0.392263	    0.399385	 0	[(0, 18)]
 19	  0	 10	   -0.392263	   -0.312622	    0.311545	 0	[(0, 19)]
 20	  0	 11	   -0.392263	    -0.32585	    0.325872	 0	[(0, 20)]
 21	  0	 12	   -0.392263	     4.98901	      6.4088	 0	[(0, 21)]
 22	  0	 13	   -0.392263	     4.89423	      6.7638	 0	[(0, 22)]
 23	  0	 14	   -0.392263	     4.81675	     7.14653	 0	[(0, 23)]
 24	  0	 15	   -0.392263	     4.50288	     8.20033	 0	[(0, 24)]
 25	  0	 16	   -0.392263	     4.48067	     9.28203	 0	[(0, 25)]
 26	  0	 17	   -0.392263	     4.34989	      10.296	 0	[(0, 26)]
 27	  0	 18	   -0.392263	     4.31518	     11.1862	 0	[(0, 27)]
 28	  0	 19	   -0.392263	     4.30215	     11.9507	 0	[(0, 28)]
 29	  0	 20	   -0.392263	     4.05591	     12.8686	 0	[(0, 29)]
 30	  0	 21	   -0.392263	     4.55411	     12.0987	 0	[(0, 30)]
 31	  0	 21	   -0.392263	     4.55411	     12.0987	 0	[(0, 31)]
 32	  0	 22	   -0.392263	     4.38642	     12.4688	 0	[(0, 32)]
 33	  0	 22	   -0.392263	     4.38642	     12.4688	 0	[(0, 33)]
 34	  0	 22	   -0.392263	     4.38642	     12.4688	 0	[(0, 34)]
 35	  0	 22	   -0.392263	     4.38642	     12.4688	 0	[(0, 35)]
 36	  0	 22	   -0.392263	     4.38642	     12.4688	 0	[(0, 36)]
 37	  0	 22	   -0.392263	     4.38642	     12.4688	 0	[(0, 37)]
 38	  0	 22	   -0.392263	     4.38642	     12.4688	 0	[(0, 38)]
 39	  0	 22	   -0.392263	     4.38642	     12.4688	 0	[(0, 39)]
 40	  0	 22	   -0.392263	     4.38642	     12.4688	 0	[(0, 40)]
 41	  0	 22	   -0.392263	     4.38642	     12.4688	 0	[(0, 41)]
 42	  0	 22	   -0.392263	     4.38642	     12.4688	 0	[(0, 42)]
 43	  0	 24	   -0.392263	     4.13052	     12.7108	 0	[(0, 43)]
 44	  0	 25	   -0.392263	     4.13349	     12.7182	 0	[(0, 44)]
 45	  0	 25	   -0.392263	     4.13349	     12.7182	 0	[(0, 45)]
 46	  0	 26	   -0.392263	     4.00546	     12.8396	 0	[(0, 46)]
 47	  0	 27	   -0.392263	     4.00609	     12.8519	 0	[(0, 47)]
 48	  0	 28	   -0.392263	     4.01939	     12.8382	 0	[(0, 48)]
 49	  0	 29	   -0.392263	     4.00991	     12.8479	 0	[(0, 49)]
 50	  0	 29	   -0.392263	     4.00991	     12.8479	 0	[(0, 50)]
 51	  0	 29	   -0.392263	     4.00991	     12.8479	 0	[(0, 51)]
 52	  0	 29	   -0.392263	     4.00991	     12.8479	 0	[(0, 52)]
 53	  0	 29	   -0.392263	     4.00991	     12.8479	 0	[(0, 53)]
 54	  0	 29	   -0.392263	     4.00991	     12.8479	 0	[(0, 54)]
 55	  0	 29	   -0.392263	     4.00991	     12.8479	 0	[(0, 55)]
 56	  0	 29	   -0.392263	     4.00991	     12.8479	 0	[(0, 56)]
 57	 54	  2	   -0.392263	     3.71472	    0.300116	 1	[(54, 57)]
 58	 54	  4	   -0.392263	     2.24707	    0.302381	 1	[(54, 58)]
 59	  0	 35	   -0.392263	     3.86104	     13.0038	 0	[(0, 59)]
 60	 54	  7	   -0.392263	     4.02661	      5.6175	 0	[(54, 60)]
 61	 54	  8	   -0.392263	     3.99316	     6.12164	 0	[(54, 61)]
 62	 54	  9	   -0.392263	     3.86414	     7.70472	 0	[(54, 62)]
 63	 54	 10	   -0.392263	     3.79115	     8.71489	 0	[(54, 63)]
 64	 54	 11	   -0.392263	     3.78244	     9.63623	 0	[(54, 64)]
 65	 54	 12	   -0.392263	     4.22273	     9.40516	 0	[(54, 65)]
 66	 54	 12	   -0.392263	     4.22273	     9.40516	 0	[(54, 66)]
 67	 54	 12	   -0.392263	     4.22273	     9.40516	 0	[(54, 67)]
 68	 54	 12	   -0.392263	     4.22273	     9.40516	 0	[(54, 68)]
 69	 54	 12	   -0.392263	     4.22273	     9.40516	 0	[(54, 69)]
 70	 54	 12	   -0.392263	     4.22273	     9.40516	 0	[(54, 70)]
 71	 66	  4	   -0.392263	     4.02936	    0.268212	 1	[(66, 71)]
 72	 66	  6	   -0.392263	     2.23404	    0.270528	 1	[(66, 72)]
 73	 66	  8	   -0.392263	   -0.172647	    0.178597	 0	[(66, 73)]
 74	 66	  9	   -0.392263	     5.42817	     6.23335	 0	[(66, 74)]
 75	 66	 10	   -0.392263	     5.27038	     6.63074	 0	[(66, 75)]
 76	 66	 11	   -0.392263	     4.98839	     7.04967	 0	[(66, 76)]
 77	 66	 12	   -0.392263	     4.92729	      7.4768	 0	[(66, 77)]
 78	 66	 13	   -0.392263	     3.42705	     9.01882	 0	[(66, 78)]
 79	 66	 14	   -0.392263	     1.39009	     10.2505	 0	[(66, 79)]
 80	 66	 15	   -0.392263	     1.31681	     10.9884	 0	[(66, 80)]
 81	 66	 16	   -0.392263	     1.92629	     11.1341	 0	[(66, 81)]
 82	 66	 16	   -0.392263	     1.92629	     11.1341	 0	[(66, 82)]
 83	 66	 17	   -0.392263	     3.98709	        11.5	 1	[(66, 83)]
 84	 66	 17	   -0.392263	     3.98709	        11.5	 1	[(66, 84)]
 85	 81	  3	   -0.392263	     3.91152	    0.283078	 1	[(81, 85)]
 86	 81	  5	   -0.392263	      2.3733	    0.267505	 1	[(81, 86)]
 87	 81	  7	   -0.392263	     4.95782	     5.64009	 0	[(81, 87)]
 88	 81	  8	   -0.392263	     4.59454	     6.00852	 0	[(81, 88)]
 89	 66	 24	   -0.392263	     3.97522	     19.5634	 0	[(66, 89)]
 90	 66	 25	   -0.392263	     3.88183	     20.4809	 0	[(66, 90)]
 91	 66	 26	   -0.392263	     3.70064	     21.4101	 0	[(66, 91)]
 92	 66	 27	   -0.392263	     4.22937	     21.4227	 0	[(66, 92)]
 93	 66	 27	   -0.392263	     4.22937	     21.4227	 0	[(66, 93)]
 94	 66	 27	   -0.392263	     4.22937	     21.4227	 0	[(66, 94)]
 95	 66	 27	   -0.392263	     4.22937	     21.4227	 0	[(66, 95)]
 96	 66	 27	   -0.392263	     4.22937	     21.4227	 0	[(66, 96)]
 97	 66	 27	   -0.392263	     4.22937	     21.4227	 0	[(66, 97)]
 98	 66	 29	   -0.392263	     3.97137	     21.6686	 0	[(66, 98)]
 99	 66	 29	   -0.392263	     3.97137	     21.6686	 0	[(66, 99)]
100	 66	 29	   -0.392263	     3.97137	     21.6686	 0	[(66, 100)]
101	 66	 29	   -0.392263	     3.97137	     21.6686	 0	[(66, 101)]
102	 66	 29	   -0.392263	     3.97137	     21.6686	 0	[(66, 102)]
103	 66	 29	   -0.392263	     3.97137	     21.6686	 0	[(66, 103)]
104	 66	 29	   -0.392263	     3.97137	     21.6686	 0	[(66, 104)]
105	 66	 32	   -0.392263	     3.70633	     21.9427	 0	[(66, 105)]
106	 66	 32	   -0.392263	     3.70633	     21.9427	 0	[(66, 106)]
107	 66	 33	   -0.392263	     3.57821	     22.0644	 0	[(66, 107)]
108	 66	 33	   -0.392263	     3.57821	     22.0644	 0	[(66, 108)]
109	 66	 33	   -0.392263	     3.57821	     22.0644	 0	[(66, 109)]
110	 66	 33	   -0.392263	     3.57821	     22.0644	 0	[(66, 110)]
111	 66	 35	   -0.392263	     3.44055	     22.2186	 0	[(66, 111)]
112	 66	 35	   -0.392263	     3.44055	     22.2186	 0	[(66, 112)]
113	 96	  8	   -0.392263	     5.97247	    0.696637	 1	[(96, 113)]
114	 96	 10	   -0.392263	     6.14239	    0.693204	 1	[(96, 114)]
115	 96	 13	   -0.392263	      9.4748	     5.93473	 1	[(96, 115)]
116	 96	 15	   -0.392263	     10.1424	     7.05369	 1	[(96, 116)]
117	 96	 16	   -0.392263	     9.30127	     9.28252	 1	[(96, 117)]
118	 96	 16	   -0.392263	     9.30127	     9.28252	 1	[(96, 118)]
119	 96	 17	   -0.392263	     11.1739	     9.41865	 2	[(96, 119)]
120	 96	 17	   -0.392263	     11.1739	     9.41865	 2	[(96, 120)]
121	 96	 17	   -0.392263	     11.1739	     9.41865	 2	[(96, 121)]
122	116	  2	   -0.392263	     3.71061	    0.309292	 1	[(116, 122)]
123	116	  7	   -0.392263	      2.1813	    0.279688	 1	[(116, 123)]
124	116	  9	   -0.392263	   -0.185008	    0.190991	 0	[(116, 124)]
125	116	 10	   -0.392263	     5.86428	     6.19725	 0	[(116, 125)]
126	116	 11	   -0.392263	     5.95131	     6.64263	 0	[(116, 126)]
127	116	 12	   -0.392263	     6.47529	     7.02724	 0	[(116, 127)]
128	116	 12	   -0.392263	     6.47529	     7.02724	 0	[(116, 128)]
129	126	  2	   -0.392263	     3.72046	    0.287792	 1	[(126, 129)]
130	126	  4	   -0.392263	     2.25382	    0.288907	 1	[(126, 130)]
131	126	  6	   -0.392263	     4.77937	     5.30337	 0	[(126, 131)]
132	126	  7	   -0.392263	     4.81128	     5.83156	 0	[(126, 132)]
133	126	  8	   -0.392263	     4.48519	     6.26954	 0	[(126, 133)]
134	126	  9	   -0.392263	     4.54275	     6.90804	 0	[(126, 134)]
135	126	 10	   -0.392263	     4.39669	     8.36315	 0	[(126, 135)]
136	126	 11	   -0.392263	     4.56466	     9.07311	 0	[(126, 136)]
137	126	 12	   -0.392263	     4.60132	     9.97111	 0	[(126, 137)]
138	126	 13	   -0.392263	     4.68243	     10.8264	 0	[(126, 138)]
139	126	 14	   -0.392263	     4.78226	     11.9077	 0	[(126, 139)]
140	126	 15	   -0.392263	     4.73102	     13.0942	 0	[(126, 140)]
141	126	 16	   -0.392263	     4.76638	     14.1147	 0	[(126, 141)]
142	126	 17	   -0.392263	     4.68163	     15.1951	 0	[(126, 142)]
143	126	 18	   -0.392263	     4.68047	     16.1397	 0	[(126, 143)]
144	126	 19	   -0.392263	     4.69873	     17.0862	 0	[(126, 144)]
145	126	 20	   -0.392263	      4.7121	     18.0219	 0	[(126, 145)]
146	126	 21	   -0.392263	     4.69193	     19.0495	 0	[(126, 146)]
147	126	 22	   -0.392263	     4.54799	     20.1768	 0	[(126, 147)]
148	126	 23	   -0.392263	     4.54842	     21.1308	 0	[(126, 148)]
149	126	 24	   -0.392263	     4.60359	     21.9999	 0	[(126, 149)]
150	126	 25	   -0.392263	     4.66525	     22.8463	 0	[(126, 150)]
151	126	 26	   -0.392263	     4.55054	     24.0015	 0	[(126, 151)]
152	126	 27	   -0.392263	     5.00982	     22.7044	 0	[(126, 152)]
153	126	 28	   -0.392263	     5.03278	     21.2447	 0	[(126, 153)]
154	126	 29	   -0.392263	     5.02073	     21.2335	 0	[(126, 154)]
155	126	 29	   -0.392263	     5.02073	     21.2335	 0	[(126, 155)]
156	126	 30	   -0.392263	     4.84459	     21.6094	 0	[(126, 156)]
157	126	 30	   -0.392263	     4.84459	     21.6094	 0	[(126, 157)]
158	126	 30	   -0.392263	     4.84459	     21.6094	 0	[(126, 158)]
159	126	 30	   -0.392263	     4.84459	     21.6094	 0	[(126, 159)]
160	126	 30	   -0.392263	     4.84459	     21.6094	 0	[(126, 160)]
161	126	 30	   -0.392263	     4.84459	     21.6094	 0	[(126, 161)]
162	126	 30	   -0.392263	     4.84459	     21.6094	 0	[(126, 162)]
163	126	 32	   -0.392263	     4.52463	     21.9983	 0	[(126, 163)]
164	126	 34	   -0.392263	     4.58038	     21.8998	 0	[(126, 164)]
165	126	 34	   -0.392263	     4.58038	     21.8998	 0	[(126, 165)]
166	126	 34	   -0.392263	     4.58038	     21.8998	 0	[(126, 166)]
167	126	 34	   -0.392263	     4.58038	     21.8998	 0	[(126, 167)]
168	126	 34	   -0.392263	     4.58038	     21.8998	 0	[(126, 168)]
169	164	  4	   -0.392263	     4.04732	    0.258007	 1	[(164, 169)]
170	164	  6	   -0.392263	     2.20715	    0.267928	 1	[(164, 170)]
171	164	  8	   -0.392263	   -0.172562	    0.178386	 0	[(164, 171)]
172	164	  9	   -0.392263	     4.43407	      5.5936	 0	[(164, 172)]
173	164	 10	   -0.392263	     4.60261	     5.97901	 0	[(164, 173)]
174	164	 11	   -0.392263	     4.68275	     6.39742	 0	[(164, 174)]
175	164	 12	   -0.392263	     4.52479	     6.85213	 0	[(164, 175)]
176	164	 13	   -0.392263	     4.54723	     8.51332	 0	[(164, 176)]
177	164	 14	   -0.392263	     4.57254	      9.5409	 0	[(164, 177)]
178	164	 15	   -0.392263	     4.57274	     10.4719	 0	[(164, 178)]
179	164	 16	   -0.392263	     4.42542	     11.5822	 0	[(164, 179)]
180	164	 17	   -0.392263	     4.53585	     12.4358	 0	[(164, 180)]
181	164	 18	   -0.392263	     4.58863	     13.1375	 0	[(164, 181)]
182	164	 19	   -0.392263	     4.91085	      12.069	 0	[(164, 182)]
183	164	 20	   -0.392263	     4.96118	     11.0094	 0	[(164, 183)]
184	164	 20	   -0.392263	     4.96118	     11.0094	 0	[(164, 184)]
185	164	 21	   -0.392263	     4.75053	     11.2547	 0	[(164, 185)]
186	164	 21	   -0.392263	     4.75053	     11.2547	 0	[(164, 186)]
187	  0	182	   -0.392263	     8.37931	     138.217	 3	[(0, 187)]
188	  0	182	   -0.392263	     8.37931	     138.217	 3	[(0, 188)]
189	  0	183	   -0.392263	      10.711	     138.178	 4	[(0, 189)]
190	187	  2	   -0.392263	     3.71061	    0.309292	 1	[(187, 190)]
191	187	  4	   -0.392263	   -0.264158	    0.288848	 0	[(187, 191)]
192	187	  6	   -0.392263	     4.84613	     5.32115	 0	[(187, 192)]
193	187	  7	   -0.392263	     4.83906	     5.82735	 0	[(187, 193)]
194	187	  8	   -0.392263	     3.73019	      6.0693	 0	[(187, 194)]
195	187	  9	   -0.392263	     2.64556	      7.7325	 0	[(187, 195)]
196	187	 10	   -0.392263	     3.40016	     7.92847	 0	[(187, 196)]
197	187	 10	   -0.392263	     3.40016	     7.92847	 0	[(187, 197)]
198	  0	193	   -0.392263	     5.31132	     150.391	 3	[(0, 198)]
199	187	 11	   -0.392263	     5.75107	      8.0862	 1	[(187, 199)]
200	187	 11	   -0.392263	     5.75107	      8.0862	 1	[(187, 200)]
201	187	 11	   -0.392263	     5.75107	      8.0862	 1	[(187, 201)]
202	187	 11	   -0.392263	     5.75107	      8.0862	 1	[(187, 202)]
203	187	 11	   -0.392263	     5.75107	      8.0862	 1	[(187, 203)]
204	187	 11	   -0.392263	     5.75107	      8.0862	 1	[(187, 204)]
205	187	 11	   -0.392263	     5.75107	      8.0862	 1	[(187, 205)]
206	202	  3	   -0.392263	     3.95432	    0.250527	 1	[(202, 206)]
207	202	  5	   -0.392263	     2.35557	    0.255043	 1	[(202, 207)]
208	202	  7	   -0.392263	   -0.160066	    0.165687	 0	[(202, 208)]
209	202	  8	   -0.392263	     5.23876	     5.69393	 0	[(202, 209)]
210	202	  9	   -0.392263	     5.22515	     6.10857	 0	[(202, 210)]
211	202	 10	   -0.392263	     5.30063	     6.54935	 0	[(202, 211)]
212	  0	205	   -0.392263	     5.64055	     151.117	 3	[(0, 212)]
213	  0	206	   -0.392263	     5.62814	      151.13	 3	[(0, 213)]
214	  0	206	   -0.392263	     5.62814	      151.13	 3	[(0, 214)]
215	212	  2	   -0.392263	     3.69909	     0.33671	 1	[(212, 215)]
216	212	  4	   -0.392263	     2.24202	    0.297215	 1	[(212, 216)]
217	212	  6	   -0.392263	     4.05446	     5.13334	 0	[(212, 217)]
218	212	  7	   -0.392263	     3.92055	     5.63474	 0	[(212, 218)]
219	212	  8	   -0.392263	      4.0063	      6.5101	 0	[(212, 219)]
220	212	  9	   -0.392263	     4.00558	     7.62358	 0	[(212, 220)]
221	212	 10	   -0.392263	     4.01332	     8.58077	 0	[(212, 221)]
222	212	 11	   -0.392263	     3.93352	     9.66156	 0	[(212, 222)]
223	212	 12	   -0.392263	     3.71773	     10.8196	 0	[(212, 223)]
224	212	 13	   -0.392263	     3.64521	     11.6825	 0	[(212, 224)]
225	212	 13	   -0.392263	     3.64521	     11.6825	 0	[(212, 225)]
226	212	 14	   -0.392263	     3.50047	     11.8178	 0	[(212, 226)]
227	212	 15	   -0.392263	     3.48454	     11.8555	 0	[(212, 227)]
228	212	 15	   -0.392263	     3.48454	     11.8555	 0	[(212, 228)]
229	212	 16	   -0.392263	     2.87315	      12.324	 0	[(212, 229)]
230	212	 17	   -0.392263	     3.02485	      12.318	 0	[(212, 230)]
231	212	 17	   -0.392263	     3.02485	      12.318	 0	[(212, 231)]
232	212	 17	   -0.392263	     3.02485	      12.318	 0	[(212, 232)]
233	212	 17	   -0.392263	     3.02485	      12.318	 0	[(212, 233)]
234	212	 18	   -0.392263	     2.86629	     12.4733	 0	[(212, 234)]
235	212	 20	   -0.392263	     2.99898	     12.3742	 0	[(212, 235)]
236	212	 22	   -0.392263	     3.02883	     12.3223	 0	[(212, 236)]
237	212	 22	   -0.392263	     3.02883	     12.3223	 0	[(212, 237)]
238	235	  2	   -0.392263	     3.71061	    0.309292	 1	[(235, 238)]
239	235	  4	   -0.392263	     2.29141	    0.315409	 1	[(235, 239)]
240	235	  5	   -0.392263	     3.76133	     3.82906	 1	[(235, 240)]
241	235	  6	   -0.392263	     4.34661	     4.29756	 1	[(235, 241)]
242	235	  8	   -0.392263	     3.93346	      5.6377	 0	[(235, 242)]
243	235	  9	   -0.392263	     4.12733	     6.54012	 0	[(235, 243)]
244	235	 10	   -0.392263	     4.54212	     7.72082	 0	[(235, 244)]
245	235	 11	   -0.392263	     4.44881	     9.27002	 0	[(235, 245)]
246	235	 12	   -0.392263	     4.44918	     10.3009	 0	[(235, 246)]
247	235	 13	   -0.392263	     4.41288	     11.3293	 0	[(235, 247)]
248	235	 14	   -0.392263	     4.40259	     12.2467	 0	[(235, 248)]
249	235	 15	   -0.392263	     4.25379	     13.3425	 0	[(235, 249)]
250	235	 16	   -0.392263	     3.67202	     14.5971	 0	[(235, 250)]
251	235	 17	   -0.392263	     3.67624	     15.4681	 0	[(235, 251)]
252	235	 18	   -0.392263	       4.278	     15.2657	 0	[(235, 252)]
253	235	 18	   -0.392263	       4.278	     15.2657	 0	[(235, 253)]
254	235	 19	   -0.392263	     4.12379	     15.4584	 0	[(235, 254)]
255	235	 20	   -0.392263	     4.13203	     15.4576	 0	[(235, 255)]
256	235	 20	   -0.392263	     4.13203	     15.4576	 0	[(235, 256)]
257	235	 21	   -0.392263	     3.94831	     15.6404	 0	[(235, 257)]
258	235	 21	   -0.392263	     3.94831	     15.6404	 0	[(235, 258)]
259	235	 21	   -0.392263	     3.94831	     15.6404	 0	[(235, 259)]
260	235	 22	   -0.392263	     3.80371	     15.7755	 0	[(235, 260)]
261	235	 22	   -0.392263	     3.80371	     15.7755	 0	[(235, 261)]
262	235	 23	   -0.392263	      3.6601	     15.9122	 0	[(235, 262)]
263	235	 23	   -0.392263	      3.6601	     15.9122	 0	[(235, 263)]
264	235	 23	   -0.392263	      3.6601	     15.9122	 0	[(235, 264)]
265	235	 23	   -0.392263	      3.6601	     15.9122	 0	[(235, 265)]
266	235	 23	   -0.392263	      3.6601	     15.9122	 0	[(235, 266)]
267	212	 52	   -0.392263	     9.97803	      43.774	 3	[(212, 267)]
268	212	 52	   -0.392263	     9.97803	      43.774	 3	[(212, 268)]
269	235	 26	   -0.392263	      3.3837	     16.2122	 0	[(235, 269)]
270	266	  4	   -0.392263	     2.24775	    0.296112	 1	[(266, 270)]
271	266	  5	   -0.392263	     2.35034	    0.268253	 1	[(266, 271)]
272	266	  7	   -0.392263	    -0.16116	    0.168132	 0	[(266, 272)]
273	266	  8	   -0.392263	     5.27926	     6.32796	 0	[(266, 273)]
274	266	  9	   -0.392263	     5.55749	      7.0365	 0	[(266, 274)]
275	266	 10	   -0.392263	     5.66339	     7.54748	 0	[(266, 275)]
276	266	 11	   -0.392263	     5.48152	     8.30262	 0	[(266, 276)]
277	266	 12	   -0.392263	      5.2587	     9.34459	 0	[(266, 277)]
278	266	 13	   -0.392263	     4.93343	     10.4117	 0	[(266, 278)]
279	266	 14	   -0.392263	     4.19239	     11.5306	 0	[(266, 279)]
280	266	 15	   -0.392263	     4.05827	     12.3982	 0	[(266, 280)]
281	266	 16	   -0.392263	      3.9965	     13.2384	 0	[(266, 281)]
282	266	 17	   -0.392263	     4.02365	     13.9251	 0	[(266, 282)]
283	266	 18	   -0.392263	     4.40068	     13.6785	 0	[(266, 283)]
284	266	 19	   -0.392263	     4.52374	     13.0861	 0	[(266, 284)]
285	266	 19	   -0.392263	     4.52374	     13.0861	 0	[(266, 285)]
286	266	 20	   -0.392263	     4.27493	     13.3432	 0	[(266, 286)]
287	266	 20	   -0.392263	     4.27493	     13.3432	 0	[(266, 287)]
288	266	 21	   -0.392263	     4.00586	     13.5886	 0	[(266, 288)]
289	212	 74	   -0.392263	     3.73104	     63.9548	 4	[(212, 289)]
290	212	 75	   -0.392263	     3.51309	     66.2391	 4	[(212, 290)]
291	212	 76	   -0.392263	     3.61022	     67.1944	 4	[(212, 291)]
292	266	 22	   -0.392263	     3.87057	      13.765	 0	[(266, 292)]
293	266	 22	   -0.392263	     3.87057	      13.765	 0	[(266, 293)]
294	212	 78	   -0.392263	     6.53505	     67.3781	 5	[(212, 294)]
295	212	 78	   -0.392263	     6.53505	     67.3781	 5	[(212, 295)]
296	212	 78	   -0.392263	     6.53505	     67.3781	 5	[(212, 296)]
297	212	 78	   -0.392263	     6.53505	     67.3781	 5	[(212, 297)]
298	293	  4	   -0.392263	     4.03878	    0.263011	 1	[(293, 298)]
299	293	  6	   -0.392263	      2.2279	    0.267933	 1	[(293, 299)]
300	293	  8	   -0.392263	   -0.172486	    0.178236	 0	[(293, 300)]
301	212	 86	   -0.392263	     4.30632	      66.494	 4	[(212, 301)]
302	293	 10	   -0.392263	     5.46759	     6.62296	 0	[(293, 302)]
303	293	 11	   -0.392263	     5.36757	     6.98256	 0	[(293, 303)]
304	293	 12	   -0.392263	     5.15174	     7.30407	 0	[(293, 304)]
305	293	 13	   -0.392263	     4.87754	     7.44788	 0	[(293, 305)]
306	293	 14	   -0.392263	     5.01156	     7.77123	 0	[(293, 306)]
307	293	 15	   -0.392263	     5.41155	     8.04203	 0	[(293, 307)]
308	293	 15	   -0.392263	     5.41155	     8.04203	 0	[(293, 308)]
309	293	 15	   -0.392263	     5.41155	     8.04203	 0	[(293, 309)]
310	212	 95	   -0.392263	     5.25639	     79.1734	 4	[(212, 310)]
311	212	 96	   -0.392263	     3.19192	     80.3427	 4	[(212, 311)]
312	212	 97	   -0.392263	    0.305022	     82.8579	 4	[(212, 312)]
313	212	 98	   -0.392263	    0.908174	     83.5019	 4	[(212, 313)]
314	  0	305	    -2.32624	    -2.32624	     254.046	 8	[(0, 314)]
315	  0	306	    -2.32624	    -1.61015	     254.462	 8	[(0, 315)]
316	  0	307	    -2.32624	    -1.12571	     254.447	 8	[(0, 316)]
317	  0	308	    -2.32624	    -1.05429	     254.402	 8	[(0, 317)]
318	  0	309	    -2.32624	    -1.22834	     254.626	 8	[(0, 318)]
319	  0	310	    -2.32624	    -1.31746	     259.531	 8	[(0, 319)]
320	  0	311	    -2.32624	    -1.32614	     261.453	 8	[(0, 320)]
321	  0	312	    -2.32624	    -1.56609	     262.657	 8	[(0, 321)]
322	  0	313	    -2.32624	    -0.99544	      262.63	 8	[(0, 322)]
323	  0	314	    -2.32624	   -0.791507	     262.144	 8	[(0, 323)]
324	  0	315	    -2.32624	    -1.17542	     264.284	 8	[(0, 324)]
325	  0	316	    -2.32624	   -0.969955	     263.511	 8	[(0, 325)]
326	  0	317	    -2.32624	   -0.872614	     262.471	 8	[(0, 326)]
327	126	197	    -2.32624	     1.18754	     168.892	 6	[(126, 327)]
328	126	198	    -2.32624	     1.19682	      168.88	 6	[(126, 328)]
329	126	199	    -2.32624	     1.11428	     168.965	 6	[(126, 329)]
330	126	200	    -2.32624	     1.13719	     168.944	 6	[(126, 330)]
331	  0	322	    -2.32624	    -1.24509	     266.772	 9	[(0, 331)]
332	  0	323	    -3.50903	    -3.50903	     267.768	 9	[(0, 332)]
333	  0	324	    -5.47477	    -5.47477	     268.772	 9	[(0, 333)]
334	  0	325	    -7.05325	    -7.05325	     269.737	 9	[(0, 334)]
335	  0	326	    -8.21676	    -8.21676	     270.691	 9	[(0, 335)]
336	  0	327	    -9.48281	    -9.48281	     271.686	 9	[(0, 336)]
337	  0	328	    -9.78564	    -9.78564	      272.52	 9	[(0, 337)]
338	  0	328	    -9.78564	    -9.78564	      272.52	 9	[(0, 338)]
339	  0	328	    -9.78564	    -9.78564	      272.52	 9	[(0, 339)]
340	  0	328	    -9.78564	    -9.78564	      272.52	 9	[(0, 340)]
341	  0	330	    -9.78564	    -4.78118	     272.758	10	[(0, 341)]
342	  0	331	    -9.78564	    -5.05414	     273.703	10	[(0, 342)]
343	  0	332	    -9.78564	    -7.86202	     275.246	10	[(0, 343)]
344	  0	334	    -9.78564	    -8.79208	     276.203	10	[(0, 344)]
345	  0	335	    -9.78564	    -9.69724	     277.154	10	[(0, 345)]
346	  0	336	    -9.78564	    -9.51513	     277.783	10	[(0, 346)]
347	  0	336	    -9.78564	    -9.51513	     277.783	10	[(0, 347)]
348	  0	336	    -9.78564	    -9.51513	     277.783	10	[(0, 348)]
349	  0	336	    -9.78564	    -9.51513	     277.783	10	[(0, 349)]
350	  0	336	    -9.78564	    -9.51513	     277.783	10	[(0, 350)]
351	  0	336	    -9.78564	    -9.51513	     277.783	10	[(0, 351)]
352	  0	336	    -9.78564	    -9.51513	     277.783	10	[(0, 352)]
353	  0	336	    -9.78564	    -9.51513	     277.783	10	[(0, 353)]
354	  0	336	    -9.78564	    -9.51513	     277.783	10	[(0, 354)]
355	  0	339	    -9.99165	    -9.99165	     278.419	10	[(0, 355)]
356	  0	344	    -9.99165	    -9.05208	     277.757	10	[(0, 356)]
357	  0	345	    -9.99165	    -9.13155	     277.828	10	[(0, 357)]
358	  0	346	    -9.99165	    -9.09389	     277.786	10	[(0, 358)]
359	  0	347	    -9.99165	    -9.73628	     278.373	10	[(0, 359)]
360	  0	348	    -9.99165	    -9.52743	     278.294	10	[(0, 360)]
361	  0	349	    -9.99165	    -9.78096	       278.6	10	[(0, 361)]
362	  0	350	    -9.99165	    -9.80334	     278.757	10	[(0, 362)]
363	  0	350	    -9.99165	    -9.80334	     278.757	10	[(0, 363)]
364	  0	351	    -10.0336	    -10.0336	     278.987	10	[(0, 364)]
365	  0	351	    -10.0336	    -10.0336	     278.987	10	[(0, 365)]
366	  0	352	    -10.4048	    -10.4048	     279.342	10	[(0, 366)]
367	  0	352	    -10.4048	    -10.4048	     279.342	10	[(0, 367)]
368	  0	352	    -10.4048	    -10.4048	     279.342	10	[(0, 368)]
369	  0	352	    -10.4048	    -10.4048	     279.342	10	[(0, 369)]
370	  0	352	    -10.4048	    -10.4048	     279.342	10	[(0, 370)]
371	  0	352	    -10.4048	    -10.4048	     279.342	10	[(0, 371)]
372	361	  2	    -10.4048	     3.38008	     1.70006	 1	[(361, 372)]
373	361	  4	    -10.4048	     2.98618	     3.06367	 1	[(361, 373)]
374	361	  5	    -10.4048	     2.13043	     4.71518	 1	[(361, 374)]
375	361	  7	    -10.4048	      3.3033	     6.08741	 1	[(361, 375)]
376	361	  8	    -10.4048	     2.51072	     7.61457	 1	[(361, 376)]
377	361	 10	    -10.4048	     3.18432	     9.33968	 1	[(361, 377)]
378	  0	363	    -10.4048	     1.06971	     291.108	13	[(0, 378)]
379	  0	365	    -10.4048	    -1.31589	     292.558	12	[(0, 379)]
380	  0	366	    -10.4048	    -1.22763	     295.771	12	[(0, 380)]
381	  0	367	    -10.4048	    -3.07863	     297.804	12	[(0, 381)]
382	  0	368	    -10.4048	    -3.71702	     299.104	12	[(0, 382)]
383	  0	369	    -10.4048	    -5.08854	     300.156	12	[(0, 383)]
384	  0	369	    -10.4048	    -5.08854	     300.156	12	[(0, 384)]
385	  0	370	    -10.4048	     -5.8226	     300.705	12	[(0, 385)]
386	  0	371	    -10.4048	    -5.63582	     300.705	12	[(0, 386)]
387	  0	372	    -10.4048	    -5.70413	     300.836	12	[(0, 387)]
388	  0	373	    -10.4048	    -5.65037	     300.769	12	[(0, 388)]
389	  0	374	    -10.4048	        -5.6	     300.714	12	[(0, 389)]
390	  0	375	    -10.4048	     -4.5388	     304.965	12	[(0, 390)]
391	  0	375	    -10.4048	     -4.5388	     304.965	12	[(0, 391)]
392	  0	375	    -10.4048	     -4.5388	     304.965	12	[(0, 392)]
393	  0	376	    -10.4048	    -4.86368	     305.311	12	[(0, 393)]
394	  0	377	    -10.4048	    -4.78368	     305.255	12	[(0, 394)]
395	  0	378	    -10.4048	    -4.75417	     305.219	12	[(0, 395)]
396	  0	378	    -10.4048	    -4.75417	     305.219	12	[(0, 396)]
397	  0	378	    -10.4048	    -4.75417	     305.219	12	[(0, 397)]
398	  0	378	    -10.4048	    -4.75417	     305.219	12	[(0, 398)]
399	  0	380	    -10.4048	    -4.77751	     305.195	12	[(0, 399)]
400	  0	382	    -10.4048	    -4.94632	     305.435	12	[(0, 400)]
401	  0	385	    -10.4048	    -4.70183	     305.122	12	[(0, 401)]
402	  0	385	    -10.4048	    -4.70183	     305.122	12	[(0, 402)]
403	391	  6	    -10.4048	      6.1651	     3.61931	 1	[(391, 403)]
404	391	  9	    -10.4048	     7.46062	     5.99652	 1	[(391, 404)]
405	391	 11	    -10.4048	     6.97743	     8.57697	 1	[(391, 405)]
406	391	 13	    -10.4048	      6.6347	      10.651	 1	[(391, 406)]
407	391	 14	    -10.4048	     5.77013	     12.2261	 1	[(391, 407)]
408	391	 16	    -10.4048	     7.00534	     13.1371	 1	[(391, 408)]
409	391	 16	    -10.4048	     7.00534	     13.1371	 1	[(391, 409)]
410	  0	396	    -10.4048	      3.8368	     319.049	14	[(0, 410)]
411	  0	397	    -10.4048	     2.15679	     320.071	14	[(0, 411)]
412	  0	398	    -10.4048	   0.0127416	     321.207	14	[(0, 412)]
413	  0	399	    -10.4048	    -1.96636	     322.201	14	[(0, 413)]
414	  0	400	    -10.4048	    -4.06622	     323.213	14	[(0, 414)]
415	  0	401	    -10.4048	    -5.97893	     323.833	14	[(0, 415)]
416	  0	402	    -10.4048	    -8.94651	     325.057	14	[(0, 416)]
417	  0	403	    -11.0849	    -11.0849	     326.172	14	[(0, 417)]
418	  0	404	    -12.0051	    -12.0051	     327.109	14	[(0, 418)]
419	  0	405	    -13.4055	    -13.4055	      328.11	14	[(0, 419)]
420	  0	406	    -15.6295	    -15.6295	      329.56	14	[(0, 420)]
421	  0	407	    -17.0438	    -17.0438	     330.654	14	[(0, 421)]
422	  0	408	    -22.0745	    -22.0745	     333.144	14	[(0, 422)]
423	  0	409	    -22.0745	    -21.7455	      333.83	14	[(0, 423)]
424	  0	410	    -24.1633	    -24.1633	     335.062	14	[(0, 424)]
425	  0	411	    -26.7355	    -26.7355	     336.707	14	[(0, 425)]
426	  0	412	    -27.9242	    -27.9242	     337.645	14	[(0, 426)]
427	  0	413	    -27.9242	    -27.7176	     338.311	14	[(0, 427)]
428	  0	414	    -27.9242	    -27.1347	      338.26	14	[(0, 428)]
429	  0	415	    -27.9242	    -26.9857	     338.081	14	[(0, 429)]
430	  0	416	    -27.9242	    -22.5023	     338.044	15	[(0, 430)]
431	  0	416	    -27.9242	    -22.5023	     338.044	15	[(0, 431)]
432	  0	417	    -27.9242	    -19.7494	     338.446	16	[(0, 432)]
433	  0	418	    -27.9242	    -19.7178	     338.454	16	[(0, 433)]
434	  0	420	    -27.9242	    -21.8426	     338.143	15	[(0, 434)]
435	  0	421	    -27.9242	    -21.8838	      338.26	15	[(0, 435)]
436	  0	422	    -27.9242	    -21.0095	     343.348	15	[(0, 436)]
437	  0	423	    -27.9242	     -21.077	     344.265	15	[(0, 437)]
438	  0	424	    -27.9242	    -24.5559	     345.925	15	[(0, 438)]
439	  0	425	    -27.9242	    -25.1806	     346.828	15	[(0, 439)]
440	  0	426	    -27.9242	     -25.282	     347.672	15	[(0, 440)]
441	  0	427	    -27.9242	    -25.9195	     348.657	15	[(0, 441)]
442	  0	428	    -28.0659	    -28.0659	     349.891	15	[(0, 442)]
443	  0	429	    -28.7881	    -28.7881	     350.989	15	[(0, 443)]
444	  0	430	    -29.3276	    -29.3276	     351.931	15	[(0, 444)]
445	  0	431	    -29.6323	    -29.6323	     352.786	15	[(0, 445)]
446	  0	432	    -29.6323	    -29.4704	     353.426	15	[(0, 446)]
447	  0	433	    -29.6323	     -29.221	     353.617	15	[(0, 447)]
448	  0	433	    -29.6323	     -29.221	     353.617	15	[(0, 448)]
449	  0	433	    -29.6323	     -29.221	     353.617	15	[(0, 449)]
450	  0	434	    -29.6323	    -25.5342	     354.758	16	[(0, 450)]
451	  0	436	    -29.6323	     -27.354	     356.951	16	[(0, 451)]
452	  0	438	    -29.6323	    -27.4421	     358.833	15	[(0, 452)]
453	  0	439	    -29.6323	     -29.146	     353.195	15	[(0, 453)]
454	  0	439	    -29.6323	     -29.146	     353.195	15	[(0, 454)]
455	  0	440	    -29.6323	    -27.0923	     362.896	15	[(0, 455)]
456	  0	441	    -29.6323	    -23.4261	      361.52	16	[(0, 456)]
457	  0	442	    -29.6323	    -22.8827	     365.296	16	[(0, 457)]
458	  0	443	    -29.6323	    -22.4926	     364.769	16	[(0, 458)]
459	  0	444	    -29.6323	    -26.5031	     363.849	16	[(0, 459)]
460	  0	445	    -29.6323	    -28.0839	     365.078	16	[(0, 460)]
461	  0	446	    -29.6323	    -29.6047	     369.325	16	[(0, 461)]
462	  0	447	    -33.4725	    -33.4725	     370.167	16	[(0, 462)]
463	  0	448	    -34.8283	    -34.8283	     371.177	16	[(0, 463)]
464	  0	449	    -34.8283	    -34.8105	     371.777	16	[(0, 464)]
465	  0	450	    -34.8283	    -34.2801	     372.271	16	[(0, 465)]
466	  0	450	    -34.8283	    -34.2801	     372.271	16	[(0, 466)]
467	  0	451	    -34.8283	    -32.5782	     373.004	17	[(0, 467)]
468	  0	452	    -34.8283	    -33.5243	     375.201	17	[(0, 468)]
469	  0	454	    -34.8283	    -33.9309	     377.326	16	[(0, 469)]
470	  0	455	    -34.8283	    -34.8225	     378.748	16	[(0, 470)]
471	  0	456	    -35.4302	    -35.4302	     380.188	16	[(0, 471)]
472	  0	457	    -35.8578	    -35.8578	     381.207	16	[(0, 472)]
473	  0	458	    -36.0307	    -36.0307	     382.071	16	[(0, 473)]
474	  0	459	    -36.5392	    -36.5392	     383.253	16	[(0, 474)]
475	  0	460	     -36.626	     -36.626	     384.161	16	[(0, 475)]
476	  0	461	    -36.6521	    -36.6521	     385.047	16	[(0, 476)]
477	  0	462	    -36.6845	    -36.6845	     385.913	16	[(0, 477)]
478	  0	463	    -36.7356	    -36.7356	     386.928	16	[(0, 478)]
479	  0	465	    -37.0807	    -37.0807	     388.117	16	[(0, 479)]
480	  0	466	     -37.294	     -37.294	     389.156	16	[(0, 480)]
481	  0	467	    -37.7199	    -37.7199	      390.23	16	[(0, 481)]
482	  0	468	     -37.802	     -37.802	     391.086	16	[(0, 482)]
483	  0	469	     -37.802	    -37.2358	     390.994	16	[(0, 483)]
484	  0	470	     -37.802	    -37.0504	     390.582	16	[(0, 484)]
485	  0	470	     -37.802	    -37.0504	     390.582	16	[(0, 485)]
486	  0	470	     -37.802	    -37.0504	     390.582	16	[(0, 486)]
487	  0	470	     -37.802	    -37.0504	     390.582	16	[(0, 487)]
488	  0	470	     -37.802	    -37.0504	     390.582	16	[(0, 488)]
489	  0	470	     -37.802	    -37.0504	     390.582	16	[(0, 489)]
490	  0	470	     -37.802	    -37.0504	     390.582	16	[(0, 490)]
491	  0	470	     -37.802	    -37.0504	     390.582	16	[(0, 491)]
492	  0	470	     -37.802	    -37.0504	     390.582	16	[(0, 492)]
493	  0	470	     -37.802	    -37.0504	     390.582	16	[(0, 493)]
494	  0	470	     -37.802	    -37.0504	     390.582	16	[(0, 494)]
