L	Ls	nvertices	F_L	F_L_constrained	rho_sum	nloops	regions
 11	  0	  0	           0	           0	           0	 0	[(0, 11)]
 12	  0	  0	           0	           0	           0	 0	[(0, 12)]
 13	  0	  0	           0	           0	           0	 0	[(0, 13)]
 14	  0	  0	           0	           0	           0	 0	[(0, 14)]
 15	  0	  0	           0	           0	           0	 0	[(0, 15)]
 16	  0	  3	   -0.258722	   -0.258722	    0.260962	 0	[(0, 16)]
 17	  0	  4	   -0.258722	   -0.253016	     0.26343	 0	[(0, 17)]
 18	  0	  6	   -0.258722	   -0.251482	    0.264629	 0	[(0, 18)]
 19	  0	  7	   -0.258722	     2.48297	     4.23844	 0	[(0, 19)]
 20	  0	  8	   -0.258722	     2.33504	     5.61671	 0	[(0, 20)]
 21	  0	  9	   -0.258722	     3.00604	     5.69759	 0	[(0, 21)]
 22	  0	  9	   -0.258722	     3.00604	     5.69759	 0	[(0, 22)]
 23	  0	  9	   -0.258722	     3.00604	     5.69759	 0	[(0, 23)]
 24	  0	  9	   -0.258722	     3.00604	     5.69759	 0	[(0, 24)]
 25	  0	  9	   -0.258722	     3.00604	     5.69759	 0	[(0, 25)]
 26	 23	  2	   -0.258722	     3.71045	    0.309653	 1	[(23, 26)]
 27	 23	  4	   -0.258722	      2.2468	    0.292409	 1	[(23, 27)]
 28	 23	  6	   -0.258722	     4.65456	     5.27648	 0	[(23, 28)]
 29	 23	  7	   -0.258722	     4.59917	     5.78044	 0	[(23, 29)]
 30	  0	 17	   -0.258722	     2.49499	     13.4638	 0	[(0, 30)]
 31	  0	 18	   -0.258722	     2.75228	     14.1775	 0	[(0, 31)]
 32	  0	 20	   -0.258722	      3.2511	     14.3597	 0	[(0, 32)]
 33	  0	 20	   -0.258722	      3.2511	     14.3597	 0	[(0, 33)]
 34	 23	  9	   -0.258722	     4.69849	     6.57298	 0	[(23, 34)]
 35	 23	 11	   -0.258722	     4.88212	     6.70856	 0	[(23, 35)]
 36	 23	 11	   -0.258722	     4.88212	     6.70856	 0	[(23, 36)]
 37	 23	 11	   -0.258722	     4.88212	     6.70856	 0	[(23, 37)]
 38	 23	 11	   -0.258722	     4.88212	     6.70856	 0	[(23, 38)]
 39	 23	 11	   -0.258722	     4.88212	     6.70856	 0	[(23, 39)]
 40	 23	 11	   -0.258722	     4.88212	     6.70856	 0	[(23, 40)]
 41	 23	 11	   -0.258722	     4.88212	     6.70856	 0	[(23, 41)]
 42	 23	 11	   -0.258722	     4.88212	     6.70856	 0	[(23, 42)]
 43	 23	 11	   -0.258722	     4.88212	     6.70856	 0	[(23, 43)]
 44	 23	 13	   -0.258722	     4.62501	     6.94433	 0	[(23, 44)]
 45	 23	 14	   -0.258722	     4.62358	     6.97155	 0	[(23, 45)]
 46	 23	 14	   -0.258722	     4.62358	     6.97155	 0	[(23, 46)]
 47	 23	 14	   -0.258722	     4.62358	     6.97155	 0	[(23, 47)]
 48	 23	 14	   -0.258722	     4.62358	     6.97155	 0	[(23, 48)]
 49	 23	 14	   -0.258722	     4.62358	     6.97155	 0	[(23, 49)]
 50	 23	 14	   -0.258722	     4.62358	     6.97155	 0	[(23, 50)]
 51	 23	 14	   -0.258722	     4.62358	     6.97155	 0	[(23, 51)]
 52	 23	 14	   -0.258722	     4.62358	     6.97155	 0	[(23, 52)]
 53	 23	 18	   -0.258722	     4.35694	     7.24086	 0	[(23, 53)]
 54	 23	 19	   -0.258722	      4.3755	     7.24942	 0	[(23, 54)]
 55	 23	 19	   -0.258722	      4.3755	     7.24942	 0	[(23, 55)]
 56	 23	 19	   -0.258722	      4.3755	     7.24942	 0	[(23, 56)]
 57	 23	 19	   -0.258722	      4.3755	     7.24942	 0	[(23, 57)]
 58	 52	  4	   -0.258722	     5.91953	    0.444593	 2	[(52, 58)]
 59	 52	  7	   -0.258722	     2.18351	    0.282135	 1	[(52, 59)]
 60	 52	  9	   -0.258722	     5.04866	     5.59099	 0	[(52, 60)]
 61	 52	 10	   -0.258722	     5.00515	     5.97838	 0	[(52, 61)]
 62	 52	 11	   -0.258722	     4.91982	     6.41845	 0	[(52, 62)]
 63	 52	 12	   -0.258722	     4.80548	     6.85723	 0	[(52, 63)]
 64	 52	 13	   -0.258722	     4.36705	      8.3465	 0	[(52, 64)]
 65	 52	 14	   -0.258722	     4.25388	      9.3531	 0	[(52, 65)]
 66	 52	 15	   -0.258722	     4.21686	     10.1497	 0	[(52, 66)]
 67	 52	 16	   -0.258722	     4.72411	     9.87213	 0	[(52, 67)]
 68	 52	 16	   -0.258722	     4.72411	     9.87213	 0	[(52, 68)]
 69	 52	 16	   -0.258722	     4.72411	     9.87213	 0	[(52, 69)]
 70	 52	 16	   -0.258722	     4.72411	     9.87213	 0	[(52, 70)]
 71	 52	 16	   -0.258722	     4.72411	     9.87213	 0	[(52, 71)]
 72	 52	 16	   -0.258722	     4.72411	     9.87213	 0	[(52, 72)]
 73	 52	 16	   -0.258722	     4.72411	     9.87213	 0	[(52, 73)]
 74	 52	 16	   -0.258722	     4.72411	     9.87213	 0	[(52, 74)]
 75	 52	 16	   -0.258722	     4.72411	     9.87213	 0	[(52, 75)]
 76	 52	 18	   -0.258722	     4.46608	      10.118	 0	[(52, 76)]
 77	 52	 18	   -0.258722	     4.46608	      10.118	 0	[(52, 77)]
 78	 52	 18	   -0.258722	     4.46608	      10.118	 0	[(52, 78)]
 79	 52	 20	   -0.258722	     4.34314	     10.2429	 0	[(52, 79)]
 80	 52	 20	   -0.258722	     4.34314	     10.2429	 0	[(52, 80)]
 81	 76	  3	   -0.258722	     3.90553	    0.284308	 1	[(76, 81)]
 82	 76	  6	   -0.258722	     2.24273	    0.271428	 1	[(76, 82)]
 83	 76	  8	   -0.258722	     5.68192	     5.96364	 0	[(76, 83)]
 84	 76	  9	   -0.258722	     5.53555	     6.31554	 0	[(76, 84)]
 85	 76	 10	   -0.258722	     5.32822	      6.6777	 0	[(76, 85)]
 86	 76	 11	   -0.258722	     5.19588	     7.06631	 0	[(76, 86)]
 87	 76	 12	   -0.258722	     5.19235	     7.49388	 0	[(76, 87)]
 88	 76	 13	   -0.258722	     5.02787	     7.90194	 0	[(76, 88)]
 89	 76	 14	   -0.258722	     4.97415	     8.80361	 0	[(76, 89)]
 90	 76	 15	   -0.258722	     4.60742	     10.2325	 0	[(76, 90)]
 91	 76	 16	   -0.258722	     4.43281	     11.2376	 0	[(76, 91)]
 92	 76	 17	   -0.258722	     4.39642	     12.1415	 0	[(76, 92)]
 93	 76	 18	   -0.258722	     4.24223	     13.0949	 0	[(76, 93)]
 94	 76	 19	   -0.258722	     4.27614	      13.953	 0	[(76, 94)]
 95	 76	 20	   -0.258722	     4.73382	     13.4924	 0	[(76, 95)]
 96	 76	 21	   -0.258722	     4.83144	     12.7767	 0	[(76, 96)]
 97	 76	 22	   -0.258722	     4.83354	     12.6783	 0	[(76, 97)]
 98	 76	 22	   -0.258722	     4.83354	     12.6783	 0	[(76, 98)]
 99	 76	 23	   -0.258722	     4.70615	     12.7992	 0	[(76, 99)]
100	 76	 23	   -0.258722	     4.70615	     12.7992	 0	[(76, 100)]
101	 76	 23	   -0.258722	     4.70615	     12.7992	 0	[(76, 101)]
102	 76	 24	   -0.258722	     4.51242	     13.0718	 0	[(76, 102)]
103	 76	 25	   -0.258722	      4.5061	     13.3426	 0	[(76, 103)]
104	 76	 26	   -0.258722	     4.55197	      13.125	 0	[(76, 104)]
105	 76	 27	   -0.258722	     4.54986	     13.0845	 0	[(76, 105)]
106	 76	 28	   -0.258722	     4.52663	     13.1689	 0	[(76, 106)]
107	 76	 28	   -0.258722	     4.52663	     13.1689	 0	[(76, 107)]
108	 76	 29	   -0.258722	     4.38183	     13.3043	 0	[(76, 108)]
109	 76	 29	   -0.258722	     4.38183	     13.3043	 0	[(76, 109)]
110	 76	 29	   -0.258722	     4.38183	     13.3043	 0	[(76, 110)]
111	 76	 29	   -0.258722	     4.38183	     13.3043	 0	[(76, 111)]
112	 76	 29	   -0.258722	     4.38183	     13.3043	 0	[(76, 112)]
113	 76	 29	   -0.258722	     4.38183	     13.3043	 0	[(76, 113)]
114	 76	 29	   -0.258722	     4.38183	     13.3043	 0	[(76, 114)]
115	 76	 29	   -0.258722	     4.38183	     13.3043	 0	[(76, 115)]
116	 76	 31	   -0.258722	     4.10951	     13.5773	 0	[(76, 116)]
117	 76	 31	   -0.258722	     4.10951	     13.5773	 0	[(76, 117)]
118	 76	 32	   -0.258722	     3.97896	     13.7153	 0	[(76, 118)]
119	 76	 32	   -0.258722	     3.97896	     13.7153	 0	[(76, 119)]
120	 76	 32	   -0.258722	     3.97896	     13.7153	 0	[(76, 120)]
121	 76	 32	   -0.258722	     3.97896	     13.7153	 0	[(76, 121)]
122	 76	 32	   -0.258722	     3.97896	     13.7153	 0	[(76, 122)]
123	 76	 32	   -0.258722	     3.97896	     13.7153	 0	[(76, 123)]
124	 76	 32	   -0.258722	     3.97896	     13.7153	 0	[(76, 124)]
125	 76	 32	   -0.258722	     3.97896	     13.7153	 0	[(76, 125)]
126	 76	 32	   -0.258722	     3.97896	     13.7153	 0	[(76, 126)]
127	 76	 32	   -0.258722	     3.97896	     13.7153	 0	[(76, 127)]
128	 76	 34	   -0.258722	     3.71876	     13.9652	 0	[(76, 128)]
129	 76	 34	   -0.258722	     3.71876	     13.9652	 0	[(76, 129)]
130	 76	 35	   -0.258722	     3.58968	     14.0882	 0	[(76, 130)]
131	 76	 35	   -0.258722	     3.58968	     14.0882	 0	[(76, 131)]
132	 76	 35	   -0.258722	     3.58968	     14.0882	 0	[(76, 132)]
133	 76	 35	   -0.258722	     3.58968	     14.0882	 0	[(76, 133)]
134	 76	 35	   -0.258722	     3.58968	     14.0882	 0	[(76, 134)]
135	 76	 35	   -0.258722	     3.58968	     14.0882	 0	[(76, 135)]
136	 76	 37	   -0.258722	     3.33165	     14.3341	 0	[(76, 136)]
137	 76	 37	   -0.258722	     3.33165	     14.3341	 0	[(76, 137)]
138	 76	 37	   -0.258722	     3.33165	     14.3341	 0	[(76, 138)]
139	 76	 37	   -0.258722	     3.33165	     14.3341	 0	[(76, 139)]
140	 76	 37	   -0.258722	     3.33165	     14.3341	 0	[(76, 140)]
141	 76	 37	   -0.258722	     3.33165	     14.3341	 0	[(76, 141)]
142	 76	 37	   -0.258722	     3.33165	     14.3341	 0	[(76, 142)]
143	 76	 37	   -0.258722	     3.33165	     14.3341	 0	[(76, 143)]
144	 76	 37	   -0.258722	     3.33165	     14.3341	 0	[(76, 144)]
145	 76	 37	   -0.258722	     3.33165	     14.3341	 0	[(76, 145)]
146	 76	 40	   -0.258722	     2.94008	     14.7113	 0	[(76, 146)]
147	119	 12	    -1.01667	    -1.01667	     1.01068	 0	[(119, 147)]
148	119	 14	    -1.01667	     6.76597	    0.995818	 1	[(119, 148)]
149	119	 16	    -1.01667	     8.85743	     5.40011	 1	[(119, 149)]
150	119	 18	    -1.01667	     8.57894	     8.77085	 1	[(119, 150)]
151	137	 10	    -1.01667	     1.65649	    0.499161	 1	[(137, 151)]
152	137	 12	    -1.01667	      1.6505	    0.514849	 1	[(137, 152)]
153	137	 14	    -1.01667	     1.68826	     0.52533	 1	[(137, 153)]
154	137	 15	    -1.01667	     6.76546	     5.38053	 2	[(137, 154)]
155	137	 17	    -1.01667	     5.47221	     6.59811	 1	[(137, 155)]
156	119	 31	    -1.01667	     9.41387	      19.746	 2	[(119, 156)]
157	119	 32	    -1.01667	     10.1338	     20.1902	 2	[(119, 157)]
158	119	 32	    -1.01667	     10.1338	     20.1902	 2	[(119, 158)]
159	119	 33	    -1.01667	     10.0036	     20.3218	 2	[(119, 159)]
160	119	 34	    -1.01667	     9.94806	     20.4478	 2	[(119, 160)]
161	119	 34	    -1.01667	     9.94806	     20.4478	 2	[(119, 161)]
162	119	 35	    -1.01667	     9.79218	     20.6334	 2	[(119, 162)]
163	119	 35	    -1.01667	     9.79218	     20.6334	 2	[(119, 163)]
164	119	 37	    -1.01667	      9.8454	     20.5284	 2	[(119, 164)]
165	119	 38	    -1.01667	     11.5619	     24.8195	 2	[(119, 165)]
166	119	 40	    -1.01667	      13.875	     25.9241	 2	[(119, 166)]
167	119	 40	    -1.01667	      13.875	     25.9241	 2	[(119, 167)]
168	119	 40	    -1.01667	      13.875	     25.9241	 2	[(119, 168)]
169	119	 40	    -1.01667	      13.875	     25.9241	 2	[(119, 169)]
170	119	 42	    -1.01667	     14.1308	     26.3275	 2	[(119, 170)]
171	119	 42	    -1.01667	     14.1308	     26.3275	 2	[(119, 171)]
172	119	 42	    -1.01667	     14.1308	     26.3275	 2	[(119, 172)]
173	119	 42	    -1.01667	     14.1308	     26.3275	 2	[(119, 173)]
174	119	 43	    -1.01667	     13.9957	      26.472	 2	[(119, 174)]
175	119	 43	    -1.01667	     13.9957	      26.472	 2	[(119, 175)]
176	119	 43	    -1.01667	     13.9957	      26.472	 2	[(119, 176)]
177	167	 17	    -1.01667	     6.60344	     1.58017	 2	[(119, 147), (167, 177)]
178	167	 19	    -1.01667	     6.44732	     4.29594	 2	[(119, 147), (167, 178)]
179	167	 21	    -1.01667	     7.44032	     5.78061	 2	[(119, 147), (167, 179)]
180	167	 22	    -1.01667	     7.78732	     7.97716	 2	[(119, 147), (167, 180)]
181	167	 24	    -1.01667	     8.44476	     10.2125	 2	[(119, 147), (167, 181)]
182	167	 26	    -1.01667	       7.154	     11.9634	 2	[(119, 147), (167, 182)]
183	167	 28	    -1.01667	     5.78581	     13.6677	 1	[(119, 147), (167, 183)]
184	167	 29	    -1.01667	     6.49336	     14.3275	 1	[(119, 147), (167, 184)]
185	167	 29	    -1.01667	     6.49336	     14.3275	 1	[(119, 147), (167, 185)]
186	167	 29	    -1.01667	     6.49336	     14.3275	 1	[(119, 147), (167, 186)]
187	167	 29	    -1.01667	     6.49336	     14.3275	 1	[(119, 147), (167, 187)]
188	167	 29	    -1.01667	     6.49336	     14.3275	 1	[(119, 147), (167, 188)]
189	167	 29	    -1.01667	     6.49336	     14.3275	 1	[(119, 147), (167, 189)]
190	179	 15	    -1.01667	     2.93093	     1.35502	 1	[(119, 147), (179, 190)]
191	179	 17	    -1.01667	      4.8313	     4.76214	 1	[(119, 147), (179, 191)]
192	179	 20	    -1.01667	     4.36905	     7.83423	 1	[(119, 147), (179, 192)]
193	179	 23	    -1.01667	     5.74878	     9.83764	 1	[(119, 147), (179, 193)]
194	179	 24	    -1.01667	     5.29596	     11.7308	 1	[(119, 147), (179, 194)]
195	167	 38	    -1.01667	     5.24277	     23.7711	 2	[(119, 147), (167, 195)]
196	167	 39	    -1.01667	     2.62628	     24.8629	 2	[(119, 147), (167, 196)]
197	167	 40	    -1.01667	    0.648354	     25.8787	 2	[(119, 147), (167, 197)]
198	167	 41	    -1.01667	     1.41808	     26.1828	 2	[(119, 147), (167, 198)]
199	167	 42	    -1.01667	     1.83659	       26.16	 2	[(119, 147), (167, 199)]
200	167	 43	    -1.01667	     1.91617	     26.0606	 2	[(119, 147), (167, 200)]
201	167	 44	    -1.01667	     1.91713	     26.0506	 2	[(119, 147), (167, 201)]
202	167	 44	    -1.01667	     1.91713	     26.0506	 2	[(119, 147), (167, 202)]
203	119	 79	    -1.01667	     1.21736	     68.6301	 5	[(119, 203)]
204	119	 80	    -1.01667	     1.40111	     69.2368	 5	[(119, 204)]
205	117	 84	    -1.01667	   0.0278214	     74.5439	 5	[(117, 205)]
206	117	 85	    -3.30909	    -3.30909	     76.2511	 5	[(117, 206)]
207	117	 86	    -5.69003	    -5.69003	     77.3003	 5	[(117, 207)]
208	117	 87	    -6.88388	    -6.88388	     78.2385	 5	[(117, 208)]
209	117	 88	    -6.88388	    -6.27944	      78.623	 5	[(117, 209)]
210	117	 89	    -6.88388	    -5.91273	     78.6466	 5	[(117, 210)]
211	117	 89	    -6.88388	    -5.91273	     78.6466	 5	[(117, 211)]
212	117	 90	    -6.88388	    -6.08005	     78.8381	 5	[(117, 212)]
213	117	 91	    -6.88388	    -6.07797	     78.8387	 5	[(117, 213)]
214	117	 92	    -6.88388	    -6.09443	     78.8733	 5	[(117, 214)]
215	117	 93	    -6.88388	    -6.18412	     78.9921	 5	[(117, 215)]
216	117	 94	    -6.88388	    -6.16169	     78.9639	 5	[(117, 216)]
217	117	 94	    -6.88388	    -6.16169	     78.9639	 5	[(117, 217)]
218	117	 94	    -6.88388	    -6.16169	     78.9639	 5	[(117, 218)]
219	117	 94	    -6.88388	    -6.16169	     78.9639	 5	[(117, 219)]
220	117	 96	    -6.88388	    -6.26947	     79.0488	 5	[(117, 220)]
221	117	 96	    -6.88388	    -6.26947	     79.0488	 5	[(117, 221)]
222	117	 96	    -6.88388	    -6.26947	     79.0488	 5	[(117, 222)]
223	117	 99	    -6.88388	    -2.15612	     79.1089	 6	[(117, 223)]
224	117	101	    -6.88388	    -3.86374	      79.116	 6	[(117, 224)]
225	117	103	    -6.88388	    -6.23882	     79.0252	 5	[(117, 225)]
226	117	104	    -6.88388	    -1.52098	      84.737	 5	[(117, 226)]
227	117	105	    -6.88388	    -1.62741	     85.1296	 5	[(117, 227)]
228	117	106	    -6.88388	    -1.67061	     86.3588	 5	[(117, 228)]
229	117	107	    -6.88388	    -1.72406	     87.2924	 5	[(117, 229)]
230	117	108	    -6.88388	    -1.62663	     88.1111	 5	[(117, 230)]
231	117	109	    -6.88388	    -1.59644	     89.0471	 5	[(117, 231)]
232	117	110	    -6.88388	    -1.66066	     90.1702	 5	[(117, 232)]
233	117	111	    -6.88388	    -1.99464	     91.4398	 5	[(117, 233)]
234	117	112	    -6.88388	      -1.973	     92.2288	 5	[(117, 234)]
235	117	113	    -6.88388	    -1.49175	     92.0354	 5	[(117, 235)]
236	117	113	    -6.88388	    -1.49175	     92.0354	 5	[(117, 236)]
237	117	113	    -6.88388	    -1.49175	     92.0354	 5	[(117, 237)]
238	117	114	    -6.88388	    -1.65653	     92.1884	 5	[(117, 238)]
239	117	114	    -6.88388	    -1.65653	     92.1884	 5	[(117, 239)]
240	117	114	    -6.88388	    -1.65653	     92.1884	 5	[(117, 240)]
241	117	114	    -6.88388	    -1.65653	     92.1884	 5	[(117, 241)]
242	117	114	    -6.88388	    -1.65653	     92.1884	 5	[(117, 242)]
243	117	116	    -6.88388	    -1.91674	     92.4382	 5	[(117, 243)]
244	117	116	    -6.88388	    -1.91674	     92.4382	 5	[(117, 244)]
245	117	116	    -6.88388	    -1.91674	     92.4382	 5	[(117, 245)]
246	117	116	    -6.88388	    -1.91674	     92.4382	 5	[(117, 246)]
247	117	116	    -6.88388	    -1.91674	     92.4382	 5	[(117, 247)]
248	243	  4	    -6.88388	     4.02088	    0.273921	 1	[(243, 248)]
249	243	  6	    -6.88388	     2.22133	    0.272393	 1	[(243, 249)]
250	243	  8	    -6.88388	     5.02823	     5.66275	 0	[(243, 250)]
251	243	  9	    -6.88388	     4.92928	     6.05739	 0	[(243, 251)]
252	243	 10	    -6.88388	     4.94047	     6.50747	 0	[(243, 252)]
253	243	 11	    -6.88388	     4.96806	      6.9734	 0	[(243, 253)]
254	243	 12	    -6.88388	     4.98346	     8.17731	 0	[(243, 254)]
255	243	 13	    -6.88388	     5.01172	      9.2692	 0	[(243, 255)]
256	243	 14	    -6.88388	     4.98142	     10.3245	 0	[(243, 256)]
257	243	 15	    -6.88388	     5.45414	     8.89389	 0	[(243, 257)]
258	243	 15	    -6.88388	     5.45414	     8.89389	 0	[(243, 258)]
259	243	 16	    -6.88388	     4.97876	     11.4374	 0	[(243, 259)]
260	243	 17	    -6.88388	     4.96232	      12.764	 0	[(243, 260)]
261	243	 19	    -6.88388	     7.06351	     14.4613	 0	[(243, 261)]
262	243	 19	    -6.88388	     7.06351	     14.4613	 0	[(243, 262)]
263	243	 20	    -6.88388	     12.4365	     14.6587	 1	[(243, 263)]
264	243	 20	    -6.88388	     12.4365	     14.6587	 1	[(243, 264)]
265	243	 21	    -6.88388	     14.2338	      15.052	 2	[(243, 265)]
266	243	 21	    -6.88388	     14.2338	      15.052	 2	[(243, 266)]
267	117	142	    -6.88388	      14.792	     118.201	 7	[(117, 267)]
268	117	145	    -6.88388	     10.0552	     122.441	 6	[(117, 268)]
269	117	145	    -6.88388	     10.0552	     122.441	 6	[(117, 269)]
270	117	146	    -6.88388	     9.07339	     123.396	 6	[(117, 270)]
271	117	147	    -6.88388	     13.3304	      123.52	 7	[(117, 271)]
272	117	147	    -6.88388	     13.3304	      123.52	 7	[(117, 272)]
273	117	148	    -6.88388	     15.8265	     123.748	 8	[(117, 273)]
274	271	118	    -6.88388	     1.79784	     92.7386	 6	[(117, 247), (271, 274)]
275	271	120	    -6.88388	    0.329396	     92.7272	 6	[(117, 247), (271, 275)]
276	271	122	    -6.88388	     2.43442	     97.6063	 5	[(117, 247), (271, 276)]
277	271	123	    -6.88388	     2.34315	     98.0842	 5	[(117, 247), (271, 277)]
278	271	124	    -6.88388	     2.96908	     98.4523	 5	[(117, 247), (271, 278)]
279	271	124	    -6.88388	     2.96908	     98.4523	 5	[(117, 247), (271, 279)]
280	277	118	    -6.88388	     1.77954	      92.782	 6	[(117, 247), (277, 280)]
281	277	120	    -6.88388	    0.330252	     92.7408	 6	[(117, 247), (277, 281)]
282	277	122	    -6.88388	     2.15498	     97.5591	 5	[(117, 247), (277, 282)]
283	277	123	    -6.88388	     2.21242	     98.0972	 5	[(117, 247), (277, 283)]
284	277	124	    -6.88388	     2.33595	     98.6521	 5	[(117, 247), (277, 284)]
285	277	125	    -6.88388	     2.75488	     98.9674	 5	[(117, 247), (277, 285)]
286	277	125	    -6.88388	     2.75488	     98.9674	 5	[(117, 247), (277, 286)]
287	277	125	    -6.88388	     2.75488	     98.9674	 5	[(117, 247), (277, 287)]
288	117	165	    -6.88388	     2.64287	      142.69	 6	[(117, 288)]
289	117	166	    -6.88388	    0.322824	     143.783	 6	[(117, 289)]
290	117	167	    -6.88388	   -0.109276	     144.793	 6	[(117, 290)]
291	117	168	    -6.88388	     0.17753	     145.378	 6	[(117, 291)]
292	117	168	    -6.88388	     0.17753	     145.378	 6	[(117, 292)]
293	117	168	    -6.88388	     0.17753	     145.378	 6	[(117, 293)]
294	291	169	    -6.88388	     3.61107	     145.081	 7	[(117, 290), (291, 294)]
295	291	171	    -6.88388	     2.13945	     145.082	 7	[(117, 290), (291, 295)]
296	235	 61	    -6.88388	     2.84077	     56.3062	 1	[(235, 296)]
297	235	 62	    -6.88388	     2.78319	     57.1212	 1	[(235, 297)]
298	235	 63	    -6.88388	     2.20618	      58.466	 1	[(235, 298)]
299	235	 64	    -6.88388	     2.09522	      59.585	 1	[(235, 299)]
300	235	 65	    -6.88388	      2.2729	      60.235	 1	[(235, 300)]
301	235	 66	    -6.88388	     2.72812	     59.7075	 1	[(235, 301)]
302	235	 66	    -6.88388	     2.72812	     59.7075	 1	[(235, 302)]
303	299	170	    -6.88388	     3.80386	     145.071	 7	[(117, 290), (299, 303)]
304	299	172	    -6.88388	   -0.349488	     145.044	 6	[(117, 290), (299, 304)]
305	299	174	    -6.88388	   -0.267775	     144.955	 6	[(117, 290), (299, 305)]
306	299	175	    -6.88388	   -0.281347	      144.97	 6	[(117, 290), (299, 306)]
307	235	 72	    -6.88388	     2.74784	     59.3417	 1	[(235, 307)]
308	299	177	    -6.88388	   -0.307306	     144.998	 6	[(117, 290), (299, 308)]
309	299	178	    -6.88388	     5.59033	     151.072	 6	[(117, 290), (299, 309)]
310	299	179	    -6.88388	     5.45748	     151.372	 6	[(117, 290), (299, 310)]
311	299	180	    -6.88388	     5.27634	     151.736	 6	[(117, 290), (299, 311)]
312	299	181	    -6.88388	      5.1753	     152.085	 6	[(117, 290), (299, 312)]
313	299	182	    -6.88388	     5.26952	     152.472	 6	[(117, 290), (299, 313)]
314	299	183	    -6.88388	     4.73298	     152.794	 6	[(117, 290), (299, 314)]
315	235	 80	    -6.88388	     4.52248	     72.6858	 1	[(235, 315)]
316	235	 81	    -6.88388	     4.25534	     73.6391	 1	[(235, 316)]
317	235	 82	    -6.88388	     4.01096	      74.499	 1	[(235, 317)]
318	235	 83	    -6.88388	      3.9389	     75.3396	 1	[(235, 318)]
319	235	 84	    -6.88388	     3.96235	     76.0408	 1	[(235, 319)]
320	235	 85	    -6.88388	     3.77451	     76.9371	 1	[(235, 320)]
321	235	 86	    -6.88388	     2.80588	     78.2166	 1	[(235, 321)]
322	235	 87	    -6.88388	     1.17914	     79.3546	 1	[(235, 322)]
323	235	 88	    -6.88388	   -0.761424	     80.4143	 1	[(235, 323)]
324	235	 89	    -6.88388	    -2.02981	     81.4366	 1	[(235, 324)]
325	235	 90	    -6.88388	    -3.81261	     82.5043	 1	[(235, 325)]
326	235	 91	    -6.88388	    -3.39046	     83.0397	 1	[(235, 326)]
327	235	 91	    -6.88388	    -3.39046	     83.0397	 1	[(235, 327)]
328	235	 92	    -6.88388	    -3.57668	     83.2127	 1	[(235, 328)]
329	235	 92	    -6.88388	    -3.57668	     83.2127	 1	[(235, 329)]
330	235	 94	    -6.88388	    -2.85214	     82.9705	 1	[(235, 330)]
331	235	 94	    -6.88388	    -2.85214	     82.9705	 1	[(235, 331)]
332	235	 96	    -6.88388	    -2.83778	     82.9255	 1	[(235, 332)]
333	235	 97	    -6.88388	   -0.378189	     82.9352	 2	[(235, 333)]
334	235	 99	    -6.88388	    -2.76015	     82.8551	 1	[(235, 334)]
335	235	100	    -6.88388	    -2.77256	     82.8676	 1	[(235, 335)]
336	235	101	    -6.88388	    -2.78488	       82.88	 1	[(235, 336)]
337	235	102	    -6.88388	    -2.79753	      82.893	 1	[(235, 337)]
338	235	103	    -6.88388	    -2.81041	     82.9066	 1	[(235, 338)]
339	235	104	    -6.88388	    -2.82284	     82.9191	 1	[(235, 339)]
340	235	104	    -6.88388	    -2.82284	     82.9191	 1	[(235, 340)]
341	235	104	    -6.88388	    -2.82284	     82.9191	 1	[(235, 341)]
342	338	  3	    -6.88388	      3.8871	     0.31098	 1	[(338, 342)]
343	338	  5	    -6.88388	   -0.247723	    0.268235	 0	[(338, 343)]
344	235	109	    -6.88388	     2.24178	     82.9899	 2	[(235, 344)]
345	235	110	    -6.88388	     2.14086	     83.0955	 2	[(235, 345)]
346	338	  9	    -6.88388	     5.02052	      6.6129	 0	[(338, 346)]
347	338	 10	    -6.88388	     5.09024	     7.10279	 0	[(338, 347)]
348	329	 20	    -6.88388	     4.97676	     7.68092	 0	[(329, 348)]
349	329	 21	    -6.88388	     5.01258	     8.23777	 0	[(329, 349)]
350	329	 22	    -6.88388	     5.03353	     9.65705	 0	[(329, 350)]
351	338	 14	    -6.88388	     4.80551	     11.5055	 0	[(338, 351)]
352	235	117	    -6.88388	     3.73771	     95.1319	 2	[(235, 352)]
353	235	118	    -6.88388	     2.84389	     96.1428	 2	[(235, 353)]
354	235	119	    -6.88388	     1.92819	     97.1109	 2	[(235, 354)]
355	235	120	    -6.88388	   -0.244236	     98.2236	 2	[(235, 355)]
356	 43	305	    -6.88388	    -1.77144	     248.527	12	[(43, 356)]
357	 43	306	    -6.88388	    -6.18111	     249.701	12	[(43, 357)]
358	 43	307	    -8.81161	    -8.81161	      250.81	12	[(43, 358)]
359	 43	308	    -10.4013	    -10.4013	     251.791	12	[(43, 359)]
360	 43	309	    -10.4013	    -9.85284	     252.238	12	[(43, 360)]
361	 43	310	    -10.4013	    -9.33544	      252.15	12	[(43, 361)]
362	 43	311	    -10.4013	    -9.34846	      252.18	12	[(43, 362)]
363	 43	312	    -15.7455	    -15.7455	     256.069	12	[(43, 363)]
364	 43	313	    -24.6419	    -24.6419	      258.72	12	[(43, 364)]
365	 43	314	    -26.0478	    -26.0478	     259.763	12	[(43, 365)]
366	 43	315	    -26.0478	    -25.3892	     260.259	12	[(43, 366)]
367	 43	316	    -26.0478	    -23.6744	     267.377	12	[(43, 367)]
368	 43	317	    -26.0478	    -22.1751	     268.652	13	[(43, 368)]
369	 43	318	    -26.0478	    -21.7199	     269.008	13	[(43, 369)]
370	 43	319	    -26.0478	    -21.4671	     269.215	13	[(43, 370)]
371	 43	320	    -26.0478	    -21.8264	     270.541	13	[(43, 371)]
372	 43	321	    -26.0478	    -22.0483	     273.047	13	[(43, 372)]
373	 43	322	    -26.0478	    -22.9468	     274.605	13	[(43, 373)]
374	 43	323	    -26.0478	    -24.1168	      275.75	13	[(43, 374)]
375	 43	324	    -26.0478	    -24.2968	     276.706	13	[(43, 375)]
376	 43	325	    -27.4615	    -27.4615	     278.013	13	[(43, 376)]
377	 43	326	    -27.7454	    -27.7454	     278.845	13	[(43, 377)]
378	 43	327	    -27.9515	    -27.9515	     279.746	13	[(43, 378)]
379	 43	328	    -29.3105	    -29.3105	     280.911	13	[(43, 379)]
380	 43	329	    -29.4505	    -29.4505	     281.788	13	[(43, 380)]
381	 43	330	    -29.5746	    -29.5746	     282.667	13	[(43, 381)]
382	 43	331	     -29.661	     -29.661	     283.468	13	[(43, 382)]
383	 43	332	    -30.3713	    -30.3713	      284.76	13	[(43, 383)]
384	 43	333	    -31.6884	    -31.6884	     286.023	13	[(43, 384)]
385	 43	334	    -31.6884	    -31.6777	     286.833	13	[(43, 385)]
386	 43	335	    -31.9897	    -31.9897	     287.754	13	[(43, 386)]
387	 43	336	    -31.9897	    -31.4183	     287.706	13	[(43, 387)]
388	 43	336	    -31.9897	    -31.4183	     287.706	13	[(43, 388)]
389	 43	337	    -31.9897	    -29.0157	     287.862	14	[(43, 389)]
390	 43	337	    -31.9897	    -29.0157	     287.862	14	[(43, 390)]
391	 43	339	    -31.9897	    -31.3127	      287.39	13	[(43, 391)]
392	 43	340	    -31.9897	     -28.767	     287.407	14	[(43, 392)]
393	 43	342	    -31.9897	     -31.218	     287.281	13	[(43, 393)]
394	 43	343	    -31.9897	    -26.4001	     294.245	13	[(43, 394)]
395	 43	344	    -31.9897	    -26.5078	     294.445	13	[(43, 395)]
396	 43	345	    -31.9897	    -26.8016	     296.039	13	[(43, 396)]
397	 43	346	    -31.9897	    -26.8731	     296.974	13	[(43, 397)]
398	 43	347	    -31.9897	    -26.9082	     297.867	13	[(43, 398)]
399	 43	348	    -31.9897	    -27.0176	     298.826	13	[(43, 399)]
400	 43	349	    -31.9897	    -27.1846	     299.912	13	[(43, 400)]
401	 43	350	    -31.9897	     -26.662	     299.742	13	[(43, 401)]
402	 43	351	    -31.9897	    -26.4951	     298.716	13	[(43, 402)]
403	 43	352	    -31.9897	    -26.4934	     298.558	13	[(43, 403)]
404	 43	352	    -31.9897	    -26.4934	     298.558	13	[(43, 404)]
405	 43	352	    -31.9897	    -26.4934	     298.558	13	[(43, 405)]
406	 43	352	    -31.9897	    -26.4934	     298.558	13	[(43, 406)]
407	 43	352	    -31.9897	    -26.4934	     298.558	13	[(43, 407)]
408	 43	354	    -31.9897	    -20.5315	         299	15	[(43, 408)]
409	 43	356	    -31.9897	    -21.8606	     298.909	15	[(43, 409)]
410	 43	358	    -31.9897	     -24.268	     298.724	14	[(43, 410)]
411	 43	359	    -31.9897	     -20.004	     305.066	14	[(43, 411)]
412	 43	360	    -31.9897	    -20.2488	     305.489	14	[(43, 412)]
413	 43	361	    -31.9897	    -20.1274	     306.702	14	[(43, 413)]
414	 43	362	    -31.9897	    -20.2345	     307.819	14	[(43, 414)]
415	 43	363	    -31.9897	    -20.6223	     308.976	14	[(43, 415)]
416	 43	364	    -31.9897	    -20.7354	     309.991	14	[(43, 416)]
417	 43	365	    -31.9897	    -20.7707	     310.892	14	[(43, 417)]
418	 43	366	    -31.9897	    -21.0439	     311.929	14	[(43, 418)]
419	 43	367	    -31.9897	    -22.5816	     313.481	14	[(43, 419)]
420	 43	368	    -31.9897	    -22.6856	     314.356	14	[(43, 420)]
421	 43	369	    -31.9897	    -22.5422	     315.044	14	[(43, 421)]
422	 43	370	    -31.9897	    -22.5526	     315.723	14	[(43, 422)]
423	 43	371	    -31.9897	    -22.1333	     315.055	14	[(43, 423)]
424	 43	371	    -31.9897	    -22.1333	     315.055	14	[(43, 424)]
425	 43	371	    -31.9897	    -22.1333	     315.055	14	[(43, 425)]
426	 43	372	    -31.9897	    -22.3209	     315.227	14	[(43, 426)]
427	 43	372	    -31.9897	    -22.3209	     315.227	14	[(43, 427)]
428	 43	372	    -31.9897	    -22.3209	     315.227	14	[(43, 428)]
429	 43	372	    -31.9897	    -22.3209	     315.227	14	[(43, 429)]
430	 43	372	    -31.9897	    -22.3209	     315.227	14	[(43, 430)]
431	 43	372	    -31.9897	    -22.3209	     315.227	14	[(43, 431)]
432	 43	372	    -31.9897	    -22.3209	     315.227	14	[(43, 432)]
433	 43	374	    -31.9897	    -22.5857	     315.486	14	[(43, 433)]
434	 43	375	    -31.9897	    -22.5785	     315.486	14	[(43, 434)]
435	 43	377	    -31.9897	     -22.739	     315.657	14	[(43, 435)]
436	 43	378	    -31.9897	    -15.4441	     315.642	15	[(43, 436)]
437	 43	380	    -31.9897	    -15.3301	     315.649	15	[(43, 437)]
438	 43	381	    -31.9897	     -12.003	     321.047	15	[(43, 438)]
439	 43	382	    -31.9897	    -12.1513	     321.762	15	[(43, 439)]
440	 43	383	    -31.9897	    -12.2125	     322.884	15	[(43, 440)]
441	 43	384	    -31.9897	    -13.6719	     324.375	15	[(43, 441)]
442	 43	385	    -31.9897	    -15.9125	     326.222	15	[(43, 442)]
443	 43	386	    -31.9897	    -16.5606	      327.22	15	[(43, 443)]
444	 43	387	    -31.9897	    -16.2057	     327.809	15	[(43, 444)]
445	 43	388	    -31.9897	    -11.2539	     328.071	18	[(43, 445)]
446	 43	391	    -31.9897	    -15.8409	     327.153	17	[(43, 446)]
447	 43	392	    -31.9897	    -15.8021	     327.069	17	[(43, 447)]
448	 43	393	    -31.9897	    -15.9032	     327.182	17	[(43, 448)]
449	 43	395	    -31.9897	     -13.413	     334.455	16	[(43, 449)]
450	 43	396	    -31.9897	    -14.1154	     332.912	16	[(43, 450)]
451	 43	398	    -31.9897	    -14.7019	     334.479	15	[(43, 451)]
452	 43	400	    -31.9897	    -15.8646	     335.624	14	[(43, 452)]
453	 43	401	    -31.9897	    -15.7286	     335.654	14	[(43, 453)]
454	 43	402	    -31.9897	    -15.8446	      335.47	14	[(43, 454)]
455	 43	402	    -31.9897	    -15.8446	      335.47	14	[(43, 455)]
456	 43	404	    -31.9897	    -11.9779	     336.244	15	[(43, 456)]
457	 43	405	    -31.9897	    -10.2099	     340.105	15	[(43, 457)]
458	 43	407	    -31.9897	    -12.8266	     338.177	14	[(43, 458)]
459	 43	408	    -31.9897	    -12.2154	     344.205	14	[(43, 459)]
460	 43	409	    -31.9897	     -14.239	     345.642	14	[(43, 460)]
461	 43	410	    -31.9897	    -13.5369	         346	14	[(43, 461)]
462	 43	411	    -31.9897	    -13.6688	     346.684	14	[(43, 462)]
463	 43	412	    -31.9897	    -13.6481	     347.032	14	[(43, 463)]
464	 43	413	    -31.9897	    -15.6927	     348.999	14	[(43, 464)]
465	 43	414	    -31.9897	    -17.5977	     350.557	14	[(43, 465)]
466	 43	415	    -31.9897	    -16.3917	     355.197	15	[(43, 466)]
467	 43	416	    -31.9897	    -18.9311	     356.407	15	[(43, 467)]
468	 43	417	    -31.9897	     -21.181	     359.117	15	[(43, 468)]
469	 43	418	    -31.9897	    -24.2224	     361.568	15	[(43, 469)]
470	 43	419	    -31.9897	    -25.8833	     362.679	15	[(43, 470)]
471	 43	420	    -31.9897	    -27.2519	     363.774	15	[(43, 471)]
472	 43	421	    -31.9897	    -26.9285	     364.419	15	[(43, 472)]
473	 43	421	    -31.9897	    -26.9285	     364.419	15	[(43, 473)]
474	 43	422	    -31.9897	    -27.1518	     364.645	15	[(43, 474)]
475	 43	423	    -31.9897	    -27.1343	     364.653	15	[(43, 475)]
476	 43	424	    -31.9897	    -27.1178	     364.639	15	[(43, 476)]
477	 43	424	    -31.9897	    -27.1178	     364.639	15	[(43, 477)]
478	 43	424	    -31.9897	    -27.1178	     364.639	15	[(43, 478)]
479	 43	424	    -31.9897	    -27.1178	     364.639	15	[(43, 479)]
480	 43	424	    -31.9897	    -27.1178	     364.639	15	[(43, 480)]
481	 43	424	    -31.9897	    -27.1178	     364.639	15	[(43, 481)]
482	 43	427	    -31.9897	    -23.3166	      364.93	16	[(43, 482)]
483	 43	429	    -31.9897	    -18.4909	     365.139	17	[(43, 483)]
484	 43	431	    -31.9897	    -17.6711	     370.309	16	[(43, 484)]
485	 43	432	    -31.9897	    -17.6818	     370.735	16	[(43, 485)]
486	 43	433	    -31.9897	    -17.8202	     371.664	16	[(43, 486)]
487	 43	434	    -31.9897	    -20.5671	     373.431	16	[(43, 487)]
488	 43	435	    -31.9897	      -20.83	     374.343	16	[(43, 488)]
489	 43	436	    -31.9897	    -21.1088	     375.275	16	[(43, 489)]
490	 43	438	    -31.9897	     -21.468	     375.374	16	[(43, 490)]
491	 43	439	    -31.9897	    -22.1124	     376.484	16	[(43, 491)]
492	 43	440	    -31.9897	     -22.369	     377.424	16	[(43, 492)]
493	 43	441	    -31.9897	    -22.6795	     378.447	16	[(43, 493)]
494	 43	442	    -31.9897	    -23.1645	     379.539	16	[(43, 494)]
495	 43	443	    -31.9897	    -23.1197	     380.357	16	[(43, 495)]
496	 43	444	    -31.9897	    -23.2668	     381.311	16	[(43, 496)]
497	 43	445	    -31.9897	    -23.3312	     382.299	16	[(43, 497)]
498	 43	446	    -31.9897	    -23.8165	      386.11	16	[(43, 498)]
499	 43	447	    -31.9897	    -23.8228	     386.931	16	[(43, 499)]
500	 43	448	    -31.9897	    -24.1565	     387.893	16	[(43, 500)]
501	 43	449	    -31.9897	    -24.2396	     388.864	16	[(43, 501)]
502	 43	449	    -31.9897	    -24.2396	     388.864	16	[(43, 502)]
503	 43	449	    -31.9897	    -24.2396	     388.864	16	[(43, 503)]
504	 43	449	    -31.9897	    -24.2396	     388.864	16	[(43, 504)]
505	 43	451	    -31.9897	    -23.8814	     388.786	16	[(43, 505)]
506	 43	452	    -31.9897	    -18.1167	     392.428	17	[(43, 506)]
507	 43	453	    -31.9897	    -19.3411	     394.927	17	[(43, 507)]
508	 43	454	    -31.9897	    -21.0978	     396.202	17	[(43, 508)]
509	 43	455	    -31.9897	    -22.1359	     397.174	17	[(43, 509)]
510	 43	456	    -31.9897	    -24.2003	     398.242	17	[(43, 510)]
511	 43	457	    -31.9897	    -23.4837	     398.567	17	[(43, 511)]
512	 43	458	    -31.9897	    -23.0853	     398.598	17	[(43, 512)]
513	 43	459	    -31.9897	    -23.0049	     398.493	17	[(43, 513)]
514	 43	460	    -31.9897	    -23.2166	     398.771	17	[(43, 514)]
515	 43	461	    -31.9897	    -23.3956	     399.071	17	[(43, 515)]
516	 43	461	    -31.9897	    -23.3956	     399.071	17	[(43, 516)]
517	 43	462	    -31.9897	    -23.5514	     399.272	17	[(43, 517)]
518	 43	462	    -31.9897	    -23.5514	     399.272	17	[(43, 518)]
519	 43	463	    -31.9897	    -19.0776	     399.748	18	[(43, 519)]
520	 43	464	    -31.9897	    -21.2224	     402.334	18	[(43, 520)]
521	 43	465	    -31.9897	    -22.9242	     404.804	18	[(43, 521)]
522	 43	466	    -31.9897	    -25.9358	     406.659	18	[(43, 522)]
523	 43	467	    -31.9897	    -28.3195	     407.698	18	[(43, 523)]
524	 43	468	    -31.9897	    -30.1741	     408.695	18	[(43, 524)]
525	 43	469	    -31.9897	    -31.0995	     409.649	18	[(43, 525)]
526	 43	470	    -32.7392	    -32.7392	     410.841	18	[(43, 526)]
527	 43	471	    -33.6064	    -33.6064	     412.436	18	[(43, 527)]
528	 43	474	    -36.9009	    -36.9009	     415.502	17	[(43, 528)]
529	 43	475	    -39.7501	    -39.7501	     416.721	17	[(43, 529)]
530	 43	475	    -39.7501	    -39.7501	     416.721	17	[(43, 530)]
