nresidues = 530
11 32 0.125
11 34 0.25
11 35 0.0625
12 16 0.1875
12 17 0.125
12 35 0.25
13 16 0.25
13 35 0.25
13 36 1.375
14 35 0.1875
14 36 0.0625
14 38 0.375
14 385 0.3125
14 445 0.4375
15 18 1.25
15 19 0.125
15 31 0.3125
15 32 0.375
15 35 0.375
15 385 0.3125
16 19 1.3125
16 20 0.0625
16 422 0.0625
16 445 0.1875
17 20 1.1875
17 30 0.9375
18 21 0.125
18 27 0.6875
18 30 0.1875
18 31 0.0625
19 388 0.0625
19 445 0.0625
20 30 0.25
21 26 0.25
21 27 0.125
21 30 0.0625
21 388 0.1875
21 390 0.1875
22 390 0.1875
23 26 0.859375
23 27 0.078125
23 388 0.25
24 27 0.78125
24 28 0.117188
24 388 0.5625
25 28 0.78125
25 29 0.117188
26 29 0.78125
26 30 0.429688
27 30 0.78125
27 31 0.0390625
27 386 0.25
27 387 0.3125
27 388 0.6875
28 31 0.195312
31 386 0.0625
32 35 0.1875
37 381 0.0625
37 382 0.3125
38 381 0.1875
39 381 0.375
39 498 0.0625
39 499 0.125
39 500 0.0625
40 381 0.125
40 447 0.125
40 500 0.1875
41 44 0.0625
41 45 0.375
41 66 0.3125
41 68 0.1875
41 377 0.625
41 380 0.0625
41 381 0.25
41 384 0.375
42 384 0.625
42 445 0.0625
42 447 0.125
42 465 1.625
42 466 0.3125
43 350 0.125
43 355 1.25
43 356 0.0625
43 357 0.0625
43 380 0.0625
43 384 0.3125
43 465 0.25
44 68 0.25
44 355 0.0625
44 356 1.375
44 357 0.125
45 66 0.0625
45 67 1.125
45 68 1.375
45 69 0.0625
45 357 1.1875
45 373 0.0625
45 376 0.1875
45 377 0.0625
46 69 1.3125
46 323 0.1875
46 356 0.0625
46 357 0.1875
46 358 1.4375
46 359 0.125
47 62 0.0625
47 67 0.25
47 69 0.125
47 70 1.25
47 71 0.1875
47 359 1.1875
47 363 0.25
47 373 0.0625
48 53 0.0625
48 71 1.625
48 359 0.25
48 360 0.25
48 363 1.4375
48 364 0.1875
49 53 0.4375
49 54 0.0625
49 59 0.0625
49 62 0.0625
49 67 0.0625
49 70 0.0625
49 72 0.125
49 85 0.125
49 364 1.125
50 53 1.25
50 54 0.1875
50 81 0.125
50 364 1.3125
51 81 0.0625
51 364 1.3125
52 58 0.0390625
52 363 1.125
52 364 0.25
52 365 0.25
52 366 0.0625
52 369 0.0625
53 58 0.0390625
53 59 0.117188
53 62 0.125
53 363 0.1875
54 59 0.078125
54 81 1
54 84 0.25
54 85 0.25
54 88 0.1875
55 58 0.898438
55 59 0.195312
56 59 0.78125
56 60 0.195312
56 88 0.3125
56 91 0.0625
56 92 0.0625
57 60 0.976562
57 61 0.0390625
58 61 0.78125
58 62 0.117188
59 62 0.78125
59 63 0.15625
59 88 0.25
59 89 0.125
59 92 0.1875
60 63 0.78125
60 64 0.15625
60 92 0.125
60 95 0.25
60 96 0.0625
61 64 1.01562
61 65 0.117188
61 370 0.3125
62 65 0.78125
62 66 0.78125
62 67 0.117188
62 363 0.125
62 370 0.125
63 66 0.0390625
63 67 0.0390625
63 92 0.25
63 93 0.125
63 106 0.0625
64 96 0.0625
65 373 0.25
65 374 0.375
66 373 0.0625
68 106 1.25
68 462 0.625
69 107 1.375
69 109 0.0625
69 462 0.0625
70 89 0.125
70 107 0.1875
70 108 1.1875
70 109 0.1875
71 109 1.1875
71 111 0.5
71 358 0.3125
71 360 0.0625
72 85 0.125
72 86 0.0625
72 109 0.25
72 110 1.1875
72 111 0.1875
73 76 0.125
73 82 0.1875
73 111 1.25
74 79 0.0625
74 82 0.5625
74 110 0.25
74 111 0.125
74 113 0.0625
74 222 0.125
74 226 0.3125
74 229 0.1875
75 113 0.0625
75 116 0.375
76 82 0.15625
76 118 0.1875
77 81 0.0390625
77 82 0.195312
78 81 0.859375
78 82 0.195312
79 82 0.742188
79 83 0.078125
79 225 0.125
79 226 0.3125
79 229 0.625
80 83 0.78125
80 84 0.078125
81 84 0.78125
81 85 0.15625
82 85 0.78125
82 86 0.15625
82 229 0.0625
83 86 0.78125
83 87 0.078125
83 229 0.0625
83 233 0.0625
84 87 0.78125
84 88 0.195312
85 88 0.78125
85 89 0.117188
86 89 0.78125
86 90 0.273438
86 108 0.0625
87 90 0.820312
87 91 0.15625
88 91 0.78125
88 92 0.078125
89 92 0.78125
89 93 0.15625
90 93 0.78125
90 94 0.117188
90 233 0.25
90 234 0.1875
91 94 0.703125
91 95 0.078125
92 95 0.15625
92 96 0.078125
93 96 0.117188
93 103 0.3125
93 104 0.0625
93 105 0.0625
93 106 0.3125
94 97 0.117188
94 103 0.4375
96 99 0.0625
96 103 0.3125
97 103 0.125
99 102 1.3125
99 103 0.125
101 490 0.0625
101 493 0.25
101 494 0.125
101 497 0.0625
102 497 0.0625
102 498 0.3125
104 468 1.25
104 469 0.4375
104 498 0.1875
105 458 0.0625
105 462 0.25
105 469 0.125
106 459 0.125
107 236 0.3125
107 237 0.0625
107 459 0.125
108 235 1.25
108 236 1.3125
108 237 0.0625
109 237 1.3125
109 239 0.1875
110 226 0.0625
110 229 0.0625
110 230 0.0625
110 238 1.375
110 239 0.125
111 239 1.5625
111 241 0.0625
111 268 0.3125
111 289 0.0625
112 223 0.0625
112 238 0.0625
112 239 0.125
112 240 0.1875
112 241 0.375
113 116 0.5
113 222 0.125
113 223 0.3125
113 241 0.125
114 223 0.25
115 216 0.1875
115 217 0.125
115 242 0.1875
115 244 0.0625
116 216 0.0625
116 242 0.0625
117 158 0.375
117 159 0.1875
117 206 1.25
117 207 0.4375
117 209 0.0625
118 157 1.25
118 158 0.5
118 204 0.1875
118 205 1.3125
119 150 0.0625
119 155 0.125
119 156 1.3125
119 174 0.0625
119 203 1.125
119 204 0.4375
119 205 0.3125
119 207 0.0625
120 147 1.1875
120 150 0.125
120 156 0.0625
120 203 1.3125
120 204 0.0625
121 147 0.125
121 148 1.5
121 149 1.1875
121 150 0.1875
121 203 0.3125
121 204 0.125
122 128 0.1875
122 130 0.0625
122 149 0.125
122 150 1.4375
122 201 0.125
122 202 0.25
122 203 0.1875
123 148 0.0625
123 149 0.1875
123 150 0.1875
123 151 0.4375
129 200 0.0625
129 201 1.375
129 202 0.0625
130 151 0.375
130 152 0.1875
130 199 0.0625
130 200 1.25
130 201 0.1875
131 152 0.0625
131 199 1.1875
131 200 0.3125
132 152 0.0625
132 179 0.0625
132 195 0.0625
132 198 1.1875
132 199 0.25
133 136 0.125
133 195 0.375
134 195 1.3125
134 196 0.1875
135 194 0.3125
135 195 0.0625
136 193 0.0625
136 194 1.25
136 195 0.1875
137 152 0.0625
137 193 1.3125
138 151 0.0625
138 152 0.125
138 153 1.3125
138 154 0.0625
138 155 0.0625
138 181 0.0625
138 191 0.0625
138 192 1.1875
138 193 0.625
139 153 0.1875
139 154 1.3125
139 155 0.1875
139 190 0.1875
139 191 1.3125
140 155 1.375
140 157 0.125
140 181 0.0625
140 190 1.3125
140 191 0.3125
140 193 0.0625
141 146 0.0625
141 154 0.1875
141 155 0.1875
141 156 1.375
141 189 1.0625
142 156 0.3125
142 157 0.125
142 159 0.0625
142 160 0.3125
142 162 0.0625
142 189 0.1875
143 146 0.25
143 156 0.3125
144 147 0.25
144 156 0.25
145 149 0.0625
146 149 1.1875
146 150 0.0625
146 154 0.5
146 156 0.1875
147 156 0.6875
150 154 1.25
150 155 0.125
150 156 0.125
151 154 0.4375
155 201 0.0625
156 160 0.1875
157 160 0.125
157 162 0.125
159 162 0.4375
159 165 0.1875
159 214 0.375
159 215 0.3125
159 216 0.25
161 164 1.5625
161 215 0.3125
162 165 1.25
162 166 0.1875
162 209 0.0625
163 166 0.0625
163 186 0.1875
163 189 0.125
163 190 0.0625
164 188 0.0625
165 212 0.0625
165 213 0.125
166 170 0.375
166 186 0.1875
166 191 0.125
167 170 0.375
167 183 0.1875
168 183 1.375
168 184 0.125
169 182 0.125
169 183 0.0625
170 181 0.0625
170 182 1.1875
170 183 0.25
171 181 1.375
171 182 0.0625
171 196 0.375
171 210 0.0625
172 179 0.0625
172 180 1.25
172 181 0.3125
172 207 0.0625
172 208 1.1875
172 209 0.125
173 177 0.125
173 179 1.375
173 180 0.125
173 206 0.0625
173 207 1.375
173 208 0.1875
173 210 0.25
173 297 0.0625
174 177 1.125
174 178 1.0625
174 179 0.25
174 201 0.0625
174 206 1.25
175 178 0.25
175 205 0.0625
175 206 0.0625
176 297 0.25
177 297 0.0625
179 197 1.375
179 199 0.125
179 200 0.0625
180 195 1.25
180 196 1.6875
180 197 0.375
181 193 0.1875
181 194 1.25
181 195 0.0625
182 193 1.3125
182 194 0.125
183 192 1.25
184 192 1.25
184 193 0.0625
184 194 0.125
185 191 1.1875
185 192 0.5625
186 190 1.3125
186 191 0.0625
187 190 0.4375
195 198 0.0625
202 205 0.3125
208 294 0.1875
208 297 0.25
208 298 0.25
209 212 0.25
210 297 0.0625
210 298 0.125
217 220 0.0625
218 223 0.0390625
218 248 0.25
219 223 0.234375
219 224 0.0390625
219 252 0.0625
220 223 1.05469
220 224 0.15625
221 224 0.78125
221 225 0.117188
222 225 0.820312
222 226 0.429688
223 226 0.820312
223 227 0.15625
224 227 0.78125
224 228 0.117188
224 255 0.125
225 228 0.78125
225 229 0.078125
226 229 0.78125
226 230 0.0390625
227 230 0.742188
227 231 0.078125
227 238 0.125
227 255 0.125
228 231 0.78125
228 232 0.117188
228 255 0.1875
229 232 0.820312
229 233 0.351562
230 233 0.742188
230 234 0.742188
230 235 0.234375
231 234 0.0390625
231 256 0.125
231 259 0.1875
231 263 0.0625
232 259 0.3125
235 263 0.125
236 263 1.3125
236 456 0.0625
236 459 0.6875
236 460 0.25
237 263 0.0625
237 264 1.25
237 463 0.125
238 263 0.0625
238 264 0.125
238 265 1.1875
238 266 0.3125
239 266 1.375
239 268 0.1875
239 289 0.25
239 323 0.125
240 243 0.1875
240 266 0.0625
240 267 1.125
240 268 0.5
241 268 1.3125
241 270 0.4375
242 268 1.0625
242 270 0.75
242 294 0.4375
243 248 0.117188
243 249 0.0390625
243 267 0.3125
243 268 0.125
243 274 0.0625
243 281 0.1875
244 248 0.117188
244 271 0.375
244 273 0.25
244 277 0.1875
244 281 0.25
245 248 1.09375
245 249 0.0390625
245 277 0.25
245 280 0.375
245 281 0.125
246 249 0.820312
246 250 0.273438
246 280 0.3125
247 250 0.820312
247 251 0.078125
248 251 0.78125
248 252 0.078125
249 252 0.78125
249 253 0.078125
249 267 0.0625
249 284 0.25
249 285 0.125
250 253 0.78125
250 254 0.078125
250 284 0.0625
251 254 0.820312
251 255 0.078125
252 255 0.78125
252 256 0.117188
252 265 0.125
253 256 0.78125
253 257 0.0390625
253 263 0.0625
253 265 0.4375
253 284 0.0625
253 286 0.375
254 257 0.0390625
256 259 1.125
256 260 0.125
256 263 0.0625
256 265 0.125
257 260 1.1875
257 261 0.125
258 261 0.625
260 263 0.375
262 456 0.125
262 460 0.25
263 460 0.0625
264 286 0.5
264 460 0.25
265 285 1.1875
265 286 1.4375
265 287 0.0625
266 286 0.0625
266 287 1.5625
266 288 0.25
266 323 0.0625
267 281 0.125
267 285 0.1875
267 288 1.375
267 289 0.125
268 289 1.375
269 274 0.1875
269 275 0.0625
269 281 0.125
269 288 0.0625
269 289 0.1875
269 290 1.0625
269 291 0.25
269 311 0.0625
270 291 0.3125
270 294 1.625
270 295 0.375
270 298 0.125
271 274 0.78125
271 275 0.0390625
271 295 0.0625
271 298 0.1875
272 275 0.78125
272 276 0.117188
273 276 1.05469
273 277 0.234375
274 277 0.703125
274 278 0.078125
274 281 0.125
275 278 0.078125
275 295 0.0625
275 310 0.0625
277 280 1.09375
277 281 0.15625
278 281 0.78125
278 282 0.15625
278 288 0.1875
278 311 0.1875
278 314 0.0625
278 315 0.0625
279 282 0.78125
279 283 0.078125
279 314 0.3125
280 283 0.742188
280 284 0.0390625
281 284 0.78125
281 285 0.195312
282 285 0.117188
282 288 0.0625
282 314 0.0625
282 315 0.0625
282 320 0.375
283 320 0.1875
285 320 0.1875
286 320 0.0625
286 321 0.0625
287 321 1.1875
288 311 0.0625
288 315 0.125
288 321 0.125
288 322 1.3125
288 323 0.125
289 323 1.25
289 325 0.125
289 358 0.0625
290 311 0.0625
290 323 0.1875
290 324 1.0625
290 325 0.1875
291 294 0.664062
291 295 0.078125
291 325 1.0625
292 295 0.859375
292 296 0.0390625
292 308 0.3125
292 324 0.1875
292 325 0.3125
292 326 0.375
292 328 0.0625
292 345 0.5
293 296 0.703125
293 297 0.078125
293 326 0.0625
294 297 0.78125
294 298 0.117188
295 298 0.78125
295 299 0.15625
295 304 0.0625
295 307 0.0625
296 299 0.78125
296 300 0.664062
296 301 0.078125
296 304 0.0625
299 303 0.0390625
300 303 0.742188
301 304 0.117188
302 305 0.078125
303 306 0.820312
304 307 0.78125
304 308 0.078125
305 308 0.78125
305 309 0.15625
306 309 0.742188
306 310 0.078125
307 310 0.78125
307 311 0.15625
308 311 0.78125
308 312 0.195312
308 324 0.1875
308 352 0.125
309 312 0.703125
309 313 0.0390625
309 352 0.4375
310 313 0.742188
310 314 0.429688
311 314 0.78125
311 315 0.117188
311 322 0.0625
312 315 0.78125
312 316 0.195312
312 352 0.25
312 353 0.25
313 316 0.78125
313 317 0.078125
314 317 0.859375
314 318 0.078125
315 318 0.78125
315 319 0.742188
315 320 0.15625
315 322 0.25
316 319 0.0390625
316 352 0.0625
316 353 0.3125
316 396 0.0625
316 443 0.0625
317 399 0.0625
317 441 0.0625
318 441 0.125
319 441 0.1875
319 464 0.0625
320 355 0.0625
321 355 0.375
321 463 0.3125
321 464 0.4375
322 354 1.1875
322 355 1.4375
322 356 0.0625
323 356 1.3125
324 328 0.125
324 349 0.0625
324 357 1.1875
324 358 0.125
325 358 0.0625
327 330 0.3125
327 362 0.0625
328 342 0.3125
328 345 0.25
328 346 0.0625
328 349 0.0625
328 357 0.125
328 358 0.125
328 362 0.0625
328 376 0.0625
329 332 0.15625
329 338 0.0625
329 342 0.5625
329 346 0.0625
329 362 0.5
329 372 0.0625
329 376 0.0625
330 333 0.273438
330 342 0.375
331 334 0.742188
331 335 0.117188
331 337 0.0390625
331 338 0.117188
331 339 0.078125
331 342 0.4375
332 335 0.195312
332 336 0.078125
332 337 0.117188
332 338 0.15625
332 368 0.125
332 371 0.25
332 372 0.0625
333 361 0.3125
333 362 0.0625
333 366 1.3125
333 367 0.25
334 368 0.3125
335 368 0.5625
336 368 0.3125
337 375 0.125
338 342 0.195312
338 375 0.0625
339 342 1.13281
340 343 0.742188
340 344 0.078125
341 344 0.820312
341 345 0.078125
342 345 0.78125
342 346 0.078125
343 346 0.78125
343 347 0.078125
343 379 0.125
344 347 0.78125
344 348 0.234375
345 348 0.742188
345 349 0.078125
346 349 0.78125
346 350 0.078125
346 357 0.0625
346 379 0.3125
347 350 0.78125
347 351 0.15625
347 379 0.125
347 383 0.125
348 351 0.859375
348 352 0.273438
349 352 0.820312
349 353 0.664062
349 354 0.078125
350 353 0.0390625
350 383 0.25
350 384 0.0625
350 465 0.5
351 383 0.0625
351 386 0.1875
353 443 0.0625
353 465 0.25
354 465 0.3125
355 443 0.3125
355 463 0.125
355 464 0.3125
355 465 0.125
356 462 0.0625
356 463 0.0625
357 376 0.5625
358 376 0.125
359 362 0.4375
359 363 0.3125
359 372 0.1875
359 373 0.0625
359 376 0.5
360 363 1.3125
360 364 0.125
361 364 1.0625
361 365 1.25
361 366 0.0625
362 368 1.0625
362 369 0.125
362 372 0.0625
363 369 0.125
363 373 0.0625
366 369 0.0625
368 371 1.13281
368 372 0.078125
369 372 0.78125
369 373 0.078125
370 373 0.78125
370 374 0.273438
371 374 0.78125
371 375 0.078125
372 375 0.78125
372 376 0.078125
373 376 0.78125
373 377 0.078125
374 377 0.78125
374 378 0.15625
375 378 0.78125
375 379 0.273438
376 379 0.703125
376 380 0.078125
377 380 0.742188
377 381 0.15625
378 381 0.742188
378 382 0.078125
379 382 0.78125
379 383 0.078125
380 383 0.78125
380 384 0.390625
381 384 0.78125
381 385 0.0390625
382 385 0.742188
382 386 0.0390625
383 386 0.78125
383 387 0.0390625
384 387 0.117188
384 389 0.125
384 465 0.0625
387 392 0.0390625
387 465 0.125
388 391 0.859375
388 392 0.078125
389 392 0.820312
389 393 0.078125
389 419 0.25
389 443 0.0625
389 444 0.125
389 445 0.4375
390 393 0.703125
390 394 0.3125
391 394 0.820312
391 395 0.195312
392 395 0.78125
392 396 0.234375
392 443 0.125
393 396 0.78125
393 397 0.078125
393 412 0.125
393 415 0.1875
393 416 0.0625
393 419 0.3125
393 442 0.125
394 397 0.78125
394 398 0.078125
395 398 0.78125
395 399 0.078125
396 399 0.78125
396 400 0.117188
396 441 0.0625
397 400 0.859375
397 401 0.078125
397 412 0.0625
398 401 0.15625
399 402 0.117188
400 403 0.117188
400 408 0.125
400 442 0.25
403 408 0.25
405 408 0.9375
405 409 0.078125
406 409 0.78125
406 410 0.117188
406 519 0.1875
407 410 0.820312
407 411 0.078125
407 435 0.375
407 438 0.125
407 519 0.25
407 520 0.1875
408 411 0.820312
408 412 0.15625
408 438 0.0625
408 441 0.25
408 442 0.1875
409 412 0.78125
409 413 0.0390625
410 413 0.742188
410 414 0.15625
410 510 0.0625
410 519 0.0625
410 520 0.1875
410 521 0.25
410 522 0.125
410 523 0.0625
411 414 0.78125
411 415 0.117188
411 438 0.1875
411 439 0.0625
412 415 0.78125
412 416 0.078125
412 442 0.5625
413 416 0.78125
413 417 0.078125
413 523 0.1875
414 417 0.78125
414 418 0.117188
414 426 0.1875
414 510 0.25
414 523 0.3125
415 418 0.898438
415 419 0.3125
415 439 0.0625
415 442 0.0625
415 443 0.0625
415 444 0.125
416 419 0.820312
416 420 0.078125
417 420 0.78125
417 421 0.0390625
418 421 0.664062
418 422 0.742188
418 423 0.0390625
418 444 0.0625
418 508 0.125
419 422 0.078125
419 442 0.0625
419 443 0.25
419 444 0.125
419 445 0.0625
421 506 0.0625
422 445 0.0625
423 446 0.0625
423 506 1.3125
423 508 0.0625
424 446 0.1875
424 447 0.125
424 500 0.0625
424 501 0.125
424 506 0.125
424 507 0.0625
425 446 0.0625
425 447 1.25
425 501 0.125
425 507 1.375
425 508 0.0625
426 444 0.125
426 446 0.0625
426 447 0.0625
426 448 1.3125
426 449 0.125
426 508 1.25
427 449 1.1875
427 491 0.1875
427 492 0.0625
427 508 0.1875
427 509 1.25
427 510 0.1875
428 435 0.0625
428 436 0.0625
428 448 0.0625
428 449 0.125
428 450 1.1875
428 451 0.0625
428 510 1.1875
429 451 1.1875
429 484 0.125
429 487 0.4375
429 510 0.0625
429 511 0.0625
429 520 0.0625
430 433 0.3125
430 434 0.0625
430 451 0.0625
430 452 0.25
431 452 0.625
431 453 0.5
431 454 0.25
431 457 0.25
432 437 0.0390625
432 457 0.375
433 436 0.78125
433 437 0.585938
433 457 0.0625
434 437 0.820312
434 438 0.078125
435 438 0.78125
435 439 0.078125
435 519 0.25
435 520 0.25
436 439 0.78125
436 440 0.078125
436 450 0.0625
436 467 0.25
437 440 0.78125
437 441 0.078125
437 464 1.0625
437 467 0.0625
438 441 0.898438
438 442 0.0390625
439 442 0.78125
439 444 0.0390625
439 448 0.1875
439 510 0.0625
440 443 0.195312
440 448 0.125
440 465 0.0625
440 467 0.125
443 465 0.1875
444 448 0.125
447 466 1.25
448 466 0.3125
448 467 1.25
448 468 0.25
449 468 1.25
449 470 0.0625
449 491 0.125
449 501 0.0625
450 467 0.0625
450 468 0.0625
450 469 1.25
450 470 0.1875
451 470 1.1875
451 472 0.0625
451 487 0.125
451 491 0.0625
452 457 0.1875
452 458 0.0625
452 470 0.1875
452 471 1.25
452 472 0.1875
453 472 0.3125
453 474 0.3125
453 475 0.1875
453 476 0.25
453 483 0.5
453 487 0.1875
454 457 1.09375
454 458 0.0390625
455 458 0.78125
455 459 0.273438
455 471 0.1875
456 459 0.898438
456 460 0.351562
457 460 0.742188
457 461 0.078125
458 461 0.078125
458 469 0.3125
458 471 0.0625
459 462 0.117188
460 463 0.15625
461 464 0.15625
461 467 0.125
462 469 0.25
462 529 0.25
464 467 0.1875
467 529 1.125
468 494 0.0625
468 500 0.25
470 490 0.125
470 494 0.125
471 490 0.0625
472 486 0.0625
472 487 0.0625
472 490 0.125
474 486 0.3125
475 483 0.0625
476 483 0.375
477 482 0.0625
477 483 0.4375
477 486 0.1875
479 482 0.859375
479 483 0.078125
480 483 0.78125
480 484 0.273438
480 487 0.125
480 512 0.25
480 513 0.25
480 514 0.9375
480 515 0.9375
481 484 0.742188
481 485 0.195312
482 485 0.78125
482 486 0.078125
483 486 0.742188
483 487 0.507812
484 487 0.820312
484 488 0.117188
484 511 0.0625
485 488 0.820312
485 489 0.195312
486 489 0.78125
486 490 0.078125
487 490 0.78125
487 491 0.0390625
488 491 0.78125
488 492 0.117188
488 509 0.0625
489 492 0.78125
489 493 0.195312
490 493 0.78125
490 494 0.117188
491 494 0.78125
491 495 0.0390625
491 501 0.0625
492 495 0.742188
492 496 0.15625
492 501 0.25
492 507 0.0625
492 526 0.0625
492 527 0.0625
492 529 0.125
493 496 0.78125
493 497 0.078125
494 497 0.78125
494 498 0.117188
495 498 0.742188
495 499 0.742188
495 500 0.742188
495 501 0.273438
496 499 0.0390625
496 501 0.078125
496 529 0.25
501 505 0.375
501 507 0.125
501 528 0.25
502 505 0.4375
502 528 0.25
503 528 1.375
503 529 0.4375
504 528 0.0625
505 527 1.25
505 528 0.25
506 526 1.25
507 524 0.0625
507 525 1.1875
507 526 0.25
507 528 0.0625
508 523 0.0625
508 524 1.3125
508 525 0.0625
509 522 0.0625
509 523 1.25
509 524 0.25
509 526 0.0625
510 520 0.5625
510 522 1.25
510 523 0.0625
511 520 1.5
511 521 1.1875
511 522 0.5625
511 524 0.0625
512 517 0.125
512 519 0.0625
512 521 0.25
512 522 0.0625
513 517 0.0625
513 521 0.125
513 522 0.25
514 517 0.375
517 521 0.25
