nresidues = 878
298 450 0.125
299 446 0.125
299 450 0.1875
300 344 0.4375
300 449 0.0625
300 450 0.1875
300 453 0.125
301 344 0.375
302 344 1.4375
302 445 0.1875
302 446 0.0625
302 449 0.3125
303 344 0.25
303 345 1.1875
303 346 0.125
304 346 1.3125
304 348 0.1875
304 441 0.0625
305 312 0.0625
305 346 0.1875
305 347 0.0625
305 348 0.0625
306 348 0.1875
306 351 0.0625
307 312 0.0625
308 312 0.1875
308 355 0.375
309 312 1.5625
309 313 0.0625
310 313 0.25
311 340 0.1875
311 342 0.375
311 345 0.0625
312 338 0.0625
312 340 0.1875
312 345 0.1875
312 347 0.0625
313 357 0.125
313 358 0.0625
313 361 0.625
314 340 0.0625
314 361 0.1875
315 366 0.0625
315 367 1.3125
315 368 1.25
316 340 0.0625
316 368 1.1875
316 370 0.0625
316 456 0.1875
316 459 0.3125
317 338 0.0625
317 339 1.3125
317 340 0.0625
317 368 0.0625
317 369 1.25
317 370 0.1875
317 456 0.25
318 337 0.0625
318 338 1.1875
318 339 0.1875
318 370 1.1875
318 452 0.0625
318 455 0.0625
318 456 0.0625
319 337 1.25
319 338 0.0625
319 362 0.0625
319 370 0.125
319 371 0.375
320 335 0.0625
320 336 1.375
320 337 0.25
320 448 0.0625
320 451 0.0625
320 452 0.125
321 333 0.125
321 335 1.1875
321 377 0.0625
322 332 0.0625
322 333 1.25
322 334 0.25
322 335 0.125
322 430 0.3125
322 448 0.375
322 451 0.25
323 328 0.0625
323 331 0.0625
323 332 0.25
323 376 0.3125
323 380 0.0625
324 334 0.0625
324 430 0.125
324 436 0.375
325 376 0.1875
326 376 0.25
326 436 0.125
327 331 0.0625
327 606 0.25
327 621 0.5625
328 331 0.25
328 375 0.125
328 376 0.5625
328 379 0.3125
328 490 0.3125
328 606 0.4375
329 379 0.125
329 383 0.875
329 490 0.25
329 597 0.1875
329 604 0.5625
329 605 0.25
329 606 0.125
330 383 0.75
330 597 0.0625
333 349 0.125
333 353 0.0625
333 381 0.0625
333 384 0.1875
334 349 0.0625
334 444 0.0625
335 347 1.0625
335 349 0.0625
335 448 0.25
336 345 0.0625
336 346 1.4375
336 347 0.3125
336 352 0.0625
336 358 0.0625
337 345 1.3125
337 448 0.25
338 343 0.0625
338 344 1.25
338 345 0.3125
339 343 1.1875
339 452 0.1875
339 456 0.3125
340 343 0.1875
340 345 0.0625
340 456 0.1875
344 449 0.125
346 445 0.375
346 448 0.0625
347 352 0.0390625
347 358 0.0625
348 351 0.78125
348 352 0.078125
348 441 0.6875
349 352 0.703125
349 353 0.15625
350 353 0.664062
350 354 0.0390625
351 354 0.78125
351 355 0.0390625
352 355 0.117188
352 358 0.375
353 359 0.0625
353 386 0.0625
355 358 0.898438
355 359 0.117188
356 359 0.78125
356 360 0.078125
357 360 0.78125
357 361 0.078125
358 361 0.859375
358 362 0.234375
359 362 0.78125
360 363 0.742188
360 364 0.078125
361 364 0.117188
361 367 0.25
361 369 0.25
362 369 0.25
362 387 1.1875
362 388 1.375
362 389 0.1875
363 387 0.0625
363 389 0.25
364 367 0.5625
364 369 0.0625
364 389 0.0625
365 368 0.3125
365 389 0.375
365 390 0.1875
367 390 0.125
368 390 1.3125
368 392 0.0625
369 389 0.25
369 390 0.1875
369 391 1.25
369 392 1.1875
369 393 0.0625
370 393 1.25
370 455 0.25
370 459 0.25
371 377 0.0625
371 388 0.0625
371 391 0.0625
371 393 0.125
371 394 1.3125
371 395 0.125
371 455 0.125
372 394 0.3125
372 395 0.3125
372 396 0.4375
372 409 0.25
372 410 0.5625
372 411 0.1875
372 455 0.0625
373 376 0.9375
373 394 0.375
373 396 0.1875
374 377 0.820312
374 378 0.078125
374 391 0.125
374 394 0.25
374 483 0.125
375 378 0.78125
375 379 0.117188
375 483 0.1875
375 486 0.125
375 490 0.3125
375 607 0.1875
376 379 0.664062
376 380 0.078125
377 380 0.78125
377 381 0.15625
378 381 0.78125
378 382 0.15625
379 382 0.78125
379 383 0.234375
379 487 0.1875
379 490 0.0625
380 383 0.742188
380 384 0.078125
381 384 0.78125
381 385 0.78125
381 386 0.9375
382 385 0.0390625
382 386 0.0390625
382 487 0.125
382 488 0.0625
382 491 0.6875
383 491 0.5
383 604 0.5
392 480 0.3125
393 398 0.078125
393 459 0.25
393 462 0.0625
393 463 0.25
393 480 0.25
394 397 0.898438
394 398 0.078125
394 480 0.125
395 398 0.78125
395 399 0.078125
395 414 0.125
395 462 0.375
396 399 0.78125
396 400 0.078125
396 408 0.0625
396 610 0.125
397 400 0.78125
397 401 0.15625
397 475 0.1875
397 479 0.0625
397 609 0.125
398 401 0.78125
398 402 0.15625
398 462 0.0625
399 402 0.78125
399 403 0.117188
399 417 0.0625
399 462 0.125
400 403 0.742188
400 404 0.195312
400 609 0.1875
400 610 0.9375
400 611 0.125
400 612 0.3125
400 614 0.0625
400 615 0.125
400 616 0.0625
400 770 0.0625
401 471 0.25
401 474 0.25
401 475 0.125
401 479 0.0625
401 770 0.0625
402 462 0.125
402 465 0.3125
402 466 0.1875
402 469 0.0625
402 471 0.0625
402 773 0.0625
403 406 0.0625
403 773 0.0625
404 612 0.0625
404 613 0.5625
404 771 0.125
405 613 0.125
408 413 0.0625
408 414 0.125
408 417 0.0625
410 413 0.859375
410 425 0.25
410 426 0.125
411 414 0.78125
411 415 0.078125
411 454 0.0625
412 415 0.78125
412 416 0.078125
412 423 0.125
412 424 0.1875
412 425 0.0625
413 416 0.703125
413 417 0.0390625
414 417 0.15625
414 462 0.125
415 418 0.78125
415 419 0.703125
415 420 1.01562
415 458 0.125
416 419 0.078125
416 420 0.0390625
416 421 0.0390625
418 458 0.0625
418 461 0.0625
418 462 0.0625
418 465 0.25
420 453 0.0625
420 454 0.1875
420 457 0.125
422 450 0.4375
423 451 0.0625
424 428 0.078125
424 429 0.15625
424 447 0.125
425 428 0.820312
425 429 0.0390625
426 429 0.78125
426 430 0.234375
426 447 0.125
426 451 0.3125
427 430 0.742188
427 431 0.117188
427 432 0.195312
429 439 0.125
429 447 0.375
430 435 0.0625
430 436 1.3125
430 437 0.3125
430 439 0.125
430 444 0.0625
430 447 0.0625
430 448 0.0625
431 436 0.0625
432 435 1.3125
433 436 0.125
438 444 0.0390625
439 443 0.078125
440 443 0.78125
440 444 0.078125
441 444 0.820312
441 445 0.078125
442 445 0.664062
442 446 0.0390625
443 446 0.664062
443 447 0.078125
444 447 0.78125
444 448 0.15625
445 448 0.78125
445 449 0.117188
446 449 0.78125
446 450 0.390625
447 450 0.78125
447 451 0.3125
448 451 0.78125
448 452 0.078125
449 452 0.820312
449 453 0.078125
450 453 0.78125
450 454 0.078125
451 454 0.78125
451 455 0.15625
452 455 0.78125
452 456 0.078125
453 456 0.78125
453 457 0.078125
454 457 0.78125
454 458 0.15625
455 458 0.664062
455 459 0.078125
457 461 0.078125
458 461 0.859375
458 462 0.234375
459 462 0.78125
459 463 0.234375
460 463 0.859375
460 464 0.507812
461 464 0.78125
461 465 0.0390625
462 465 0.78125
462 466 0.15625
463 466 0.78125
463 467 0.078125
464 467 0.78125
464 468 0.390625
465 468 0.9375
465 469 0.15625
466 469 0.78125
466 470 0.78125
466 471 0.898438
466 475 0.0625
467 470 0.0390625
467 472 0.273438
469 771 0.75
470 769 0.1875
471 474 0.78125
471 475 0.0390625
471 769 0.1875
471 770 0.0625
471 771 0.0625
472 475 0.78125
472 476 0.117188
473 476 0.742188
473 477 1.17188
474 477 0.664062
474 478 0.820312
474 479 0.117188
474 768 0.25
474 769 0.1875
474 770 0.0625
475 478 0.664062
475 479 0.703125
475 480 0.390625
476 481 0.117188
477 481 0.15625
477 810 0.0625
478 481 0.820312
478 482 0.078125
478 770 0.0625
478 806 0.0625
478 807 0.0625
478 810 0.25
479 482 0.820312
479 483 0.078125
479 609 0.5625
479 770 0.1875
479 806 0.375
480 483 0.742188
480 484 0.0390625
481 484 0.742188
481 485 0.078125
482 485 0.78125
482 486 0.117188
482 609 0.25
482 806 0.25
482 809 0.0625
483 486 0.78125
483 487 0.078125
483 609 0.1875
484 487 0.78125
484 488 0.078125
485 488 0.78125
485 489 0.195312
485 809 0.125
485 810 0.125
485 813 0.1875
485 825 0.0625
486 489 0.820312
486 490 0.15625
486 607 0.0625
486 609 0.125
486 617 0.125
487 490 0.78125
487 491 0.078125
488 491 0.78125
488 492 0.078125
488 813 0.0625
489 492 0.78125
489 493 0.0390625
489 809 0.125
489 825 0.25
489 826 0.25
489 827 0.1875
490 493 0.0390625
490 604 0.3125
490 605 0.1875
490 606 0.3125
490 607 0.3125
491 604 0.25
492 602 0.1875
492 604 0.25
493 603 1.1875
493 604 0.125
493 826 0.0625
494 602 1.375
494 603 0.1875
494 641 0.0625
494 642 1.0625
495 600 0.25
495 601 1.4375
495 602 0.0625
495 640 0.0625
495 641 1.1875
495 642 0.375
495 643 0.125
495 644 0.0625
496 501 0.0390625
496 601 0.25
496 603 0.0625
496 640 1.375
497 500 0.976562
497 501 0.0390625
497 640 0.1875
498 501 0.78125
498 502 0.234375
498 593 0.0625
498 596 0.0625
498 601 0.1875
499 502 0.820312
499 503 0.078125
500 503 0.78125
500 504 0.117188
500 639 0.375
501 504 0.820312
501 505 0.0390625
501 588 0.0625
501 589 0.1875
501 592 0.0625
501 640 0.125
502 505 0.742188
502 506 0.195312
503 506 0.78125
503 507 0.117188
504 507 0.78125
504 508 0.15625
504 636 0.3125
504 637 0.125
505 508 0.78125
505 509 0.078125
505 585 0.3125
505 589 0.0625
506 509 0.78125
506 510 0.078125
507 510 0.78125
507 511 0.195312
508 511 0.820312
508 512 0.15625
508 581 0.0625
508 585 0.125
508 589 0.0625
509 512 0.78125
509 513 0.0390625
509 585 0.125
510 513 0.742188
510 514 0.078125
511 514 0.78125
511 515 0.117188
511 581 0.0625
511 633 0.0625
512 515 0.820312
512 516 0.078125
512 578 0.1875
512 581 0.25
512 585 0.0625
513 516 0.78125
513 517 0.117188
514 517 0.78125
514 518 0.078125
515 518 0.78125
515 519 0.15625
515 574 0.0625
515 577 0.0625
515 578 0.0625
516 519 0.78125
516 520 0.507812
517 520 0.78125
517 521 0.078125
518 521 0.976562
518 522 0.429688
518 570 0.25
518 574 0.0625
519 522 0.78125
519 523 0.078125
519 527 0.078125
519 529 0.125
519 571 0.0625
519 574 0.125
519 578 0.0625
520 523 0.820312
520 524 0.742188
520 525 0.273438
520 526 0.273438
520 527 0.15625
521 524 0.0390625
522 570 0.5
522 571 0.125
522 574 0.0625
523 527 0.0625
523 538 0.0625
523 542 0.25
523 571 0.0625
525 538 0.1875
525 542 0.125
527 534 0.3125
527 535 0.0625
527 538 0.3125
528 531 0.3125
528 534 0.3125
529 578 0.375
530 578 0.125
531 534 1.17188
531 535 0.078125
532 535 0.78125
532 536 0.0390625
533 536 0.703125
533 537 0.078125
534 537 0.742188
534 538 0.078125
535 538 0.78125
535 539 0.234375
535 557 0.0625
535 575 0.0625
535 579 0.0625
536 539 0.703125
536 540 0.898438
536 555 0.0625
537 540 0.664062
537 541 0.859375
538 541 0.664062
538 542 0.78125
538 543 0.15625
539 542 0.664062
539 543 0.78125
539 544 0.742188
539 545 0.15625
539 562 0.0625
539 571 0.0625
539 575 0.0625
540 545 0.078125
540 546 0.078125
540 547 0.117188
540 555 0.5
540 556 0.125
540 557 0.0625
540 565 0.125
541 544 0.15625
541 555 0.3125
543 571 0.0625
545 568 0.0625
545 569 0.0625
545 572 0.0625
546 565 0.125
547 555 0.0625
549 555 1.0625
549 556 0.4375
549 558 0.0625
549 560 0.0625
549 561 0.125
550 554 1.125
550 555 0.0625
550 556 0.1875
551 554 0.125
551 555 0.25
551 556 0.1875
556 561 0.078125
557 562 0.078125
557 579 0.4375
558 561 0.859375
558 562 0.078125
559 562 0.78125
559 563 0.3125
560 563 0.742188
560 564 0.078125
561 564 0.78125
561 565 0.15625
562 565 0.78125
562 566 0.078125
562 572 0.1875
562 575 0.0625
562 576 0.125
562 579 0.0625
563 566 0.0390625
563 567 0.0390625
564 567 0.078125
564 568 0.0390625
564 727 0.125
565 568 0.820312
565 572 0.125
566 569 0.078125
566 572 0.125
569 572 0.117188
570 573 0.820312
570 574 0.15625
571 574 0.78125
571 575 0.15625
572 575 0.78125
572 576 0.078125
573 576 0.78125
573 577 0.078125
574 577 0.820312
574 578 0.078125
575 578 0.78125
575 579 0.117188
576 579 0.78125
576 580 0.078125
577 580 0.859375
577 581 0.195312
577 633 0.125
578 581 0.820312
578 582 0.0390625
579 582 0.742188
579 583 0.078125
580 583 0.742188
580 584 0.117188
580 631 0.25
580 633 0.1875
581 584 0.78125
581 585 0.078125
582 585 0.78125
582 586 0.117188
583 586 0.742188
583 587 1.05469
583 588 0.078125
584 587 0.703125
584 588 0.78125
584 589 0.15625
584 628 0.0625
584 633 0.0625
584 634 0.125
585 588 0.664062
585 589 0.898438
585 590 0.234375
586 590 0.820312
586 591 0.0390625
587 590 0.664062
587 591 0.742188
588 592 0.078125
588 626 0.4375
588 627 0.125
588 628 0.625
588 637 0.0625
589 592 0.78125
589 593 0.15625
589 637 0.0625
590 593 0.78125
590 594 0.15625
591 594 0.78125
591 595 0.0390625
592 595 0.78125
592 596 0.078125
592 641 0.0625
593 596 0.078125
595 622 0.125
596 601 0.1875
596 602 1.1875
596 603 0.125
597 600 1.25
597 601 1.1875
597 602 0.1875
597 604 0.0625
598 601 0.125
602 644 0.0625
604 621 0.0625
605 619 0.25
605 620 1.375
605 622 0.1875
606 618 0.0625
606 619 1.1875
606 620 0.125
607 618 1.375
607 827 0.0625
607 828 0.0625
608 611 0.3125
608 617 1.1875
608 618 0.25
609 617 0.125
612 615 0.1875
612 616 0.4375
613 772 0.4375
614 770 0.25
614 772 0.0625
614 798 1.4375
614 799 0.0625
615 770 0.25
615 802 0.125
615 806 0.1875
616 659 0.0625
616 798 0.4375
616 830 0.5625
617 625 0.0625
617 828 0.1875
617 830 0.0625
618 625 0.1875
619 622 1.125
619 623 0.75
619 625 0.1875
623 626 0.625
623 627 0.0625
624 627 0.0625
624 641 0.125
624 827 0.125
624 873 0.0625
625 828 0.3125
625 829 0.125
625 830 0.375
627 637 0.0625
627 638 0.375
627 873 0.125
628 634 0.25
628 635 0.0625
628 638 0.3125
629 635 0.5
629 638 0.3125
631 634 0.78125
631 635 0.078125
632 635 0.859375
632 636 0.273438
632 874 0.3125
633 636 0.0390625
634 637 0.117188
635 638 0.117188
635 874 0.3125
635 877 0.0625
636 639 0.390625
636 874 0.125
637 640 0.078125
637 641 0.0390625
638 641 0.117188
638 872 1.1875
638 873 1.625
638 874 0.3125
639 642 0.0390625
639 872 0.1875
639 874 0.5
641 872 1.25
641 873 0.375
642 650 0.0625
642 872 0.0625
643 648 0.375
643 649 0.125
643 650 0.1875
643 836 0.25
643 871 0.125
644 836 0.4375
645 648 1
647 838 1.1875
647 839 0.3125
648 822 0.125
648 824 0.0625
648 836 0.3125
648 837 2.0625
648 838 0.5625
649 836 1.25
649 837 0.125
649 839 0.0625
649 842 0.0625
649 870 1.4375
649 871 0.125
650 834 0.0625
650 835 1.3125
650 836 0.0625
650 869 1.25
650 870 0.1875
650 872 0.125
650 876 0.0625
651 833 0.0625
651 834 1.3125
651 835 0.4375
651 845 0.3125
651 846 0.125
651 849 0.1875
651 867 0.0625
651 868 1.1875
651 869 0.0625
652 833 1.1875
652 867 1.25
652 868 0.1875
653 832 1.25
653 833 0.1875
653 849 0.0625
653 853 0.125
653 865 0.125
653 866 1.3125
654 831 1.25
654 832 0.125
654 865 1.3125
654 866 0.375
655 658 0.1875
655 804 0.0625
655 808 0.0625
655 831 0.25
655 853 0.6875
655 864 1.25
655 865 0.125
656 661 0.117188
656 864 0.125
656 866 0.0625
657 660 0.742188
657 661 0.15625
657 683 0.0625
658 661 0.820312
658 662 0.117188
659 662 0.78125
659 663 0.078125
659 714 0.125
659 797 0.25
659 798 0.125
660 663 0.78125
660 664 0.078125
660 672 0.0625
660 676 0.3125
660 682 0.125
660 714 0.0625
661 664 0.78125
661 665 0.078125
661 676 0.6875
661 679 0.0625
661 861 0.125
661 862 0.25
661 864 0.1875
662 665 0.78125
662 666 0.15625
662 800 0.0625
662 804 0.0625
663 666 0.820312
663 667 0.078125
663 672 0.0625
663 713 0.0625
664 667 0.742188
664 668 0.742188
664 672 0.1875
664 673 0.1875
665 668 0.078125
665 859 0.8125
665 860 0.9375
666 750 0.375
666 797 0.0625
667 746 0.125
667 747 0.0625
667 750 0.1875
668 673 0.15625
668 860 0.8125
669 672 0.898438
669 673 0.234375
669 744 0.5625
669 745 0.1875
669 746 0.4375
669 747 0.1875
670 673 0.78125
670 674 0.078125
671 674 0.78125
671 675 0.078125
671 685 0.1875
671 689 0.25
671 743 0.25
671 744 0.375
672 675 0.78125
672 676 0.078125
672 682 0.0625
672 744 0.25
673 676 0.742188
673 677 0.15625
673 860 0.0625
673 861 0.25
674 677 0.78125
674 678 0.507812
675 678 0.78125
675 679 0.742188
675 680 0.15625
676 679 0.0390625
676 682 0.0625
677 860 0.25
679 864 0.4375
681 684 1.05469
681 685 0.078125
681 703 0.5
682 685 0.78125
682 686 0.15625
682 710 0.0625
683 686 0.78125
683 687 0.078125
683 703 0.25
683 706 0.0625
683 707 0.6875
683 710 0.375
684 687 0.78125
684 688 0.15625
684 695 0.0625
684 703 0.125
685 688 0.78125
685 689 0.507812
686 689 0.78125
686 690 0.195312
686 706 0.0625
686 710 0.375
687 690 0.78125
687 691 0.273438
687 698 0.0625
687 702 0.0625
687 706 0.125
688 691 0.742188
688 692 0.742188
688 693 0.195312
688 694 0.117188
688 695 0.117188
688 698 0.0625
689 739 0.1875
689 743 0.3125
689 744 0.0625
690 739 0.25
690 740 0.0625
691 702 0.5
691 736 0.0625
692 739 0.3125
693 697 0.4375
693 698 0.0625
693 702 0.0625
694 697 1.625
694 698 0.0625
695 698 0.1875
697 702 0.0390625
698 702 0.078125
699 702 0.898438
699 703 0.0390625
700 703 0.78125
700 704 0.078125
701 704 0.9375
701 705 0.15625
702 705 0.78125
702 706 0.078125
703 706 0.78125
703 707 0.078125
704 707 0.78125
704 708 0.0390625
704 726 0.0625
705 708 0.78125
705 709 0.117188
705 726 0.0625
705 736 0.0625
706 709 0.78125
706 710 0.15625
707 710 0.78125
707 711 0.234375
708 711 0.78125
708 712 0.0390625
708 722 0.0625
708 725 0.0625
708 726 0.125
709 712 0.742188
709 713 0.117188
709 740 0.0625
710 713 0.78125
710 714 0.078125
710 740 0.0625
711 714 0.78125
711 715 0.195312
712 715 0.78125
712 716 0.820312
712 717 0.195312
713 740 0.375
713 741 0.125
713 751 0.125
714 794 0.375
714 797 0.0625
715 790 0.125
715 794 0.1875
716 790 0.1875
716 793 0.0625
717 737 0.25
717 741 0.0625
718 721 0.78125
718 722 0.078125
718 737 0.1875
719 722 0.78125
719 723 0.078125
719 730 0.0625
719 733 0.0625
719 737 0.0625
720 723 0.78125
720 724 0.195312
721 724 0.742188
721 725 0.078125
722 725 0.78125
722 726 0.15625
722 733 0.25
722 737 0.0625
723 726 0.742188
723 727 0.742188
723 728 0.195312
723 729 0.117188
723 730 0.0390625
723 733 0.125
724 727 0.0390625
728 732 0.234375
728 733 0.0390625
728 736 0.0625
729 732 1.05469
729 733 0.078125
730 733 0.820312
730 734 0.078125
731 734 0.78125
731 735 0.273438
732 735 0.78125
732 736 0.078125
733 736 0.78125
733 737 0.15625
734 737 0.78125
734 738 0.078125
735 738 0.78125
735 739 0.117188
736 739 0.78125
736 740 0.078125
737 740 0.78125
737 741 0.234375
738 741 0.78125
738 742 0.078125
739 742 1.05469
739 743 0.117188
740 743 0.78125
740 744 0.546875
741 744 0.742188
741 745 0.117188
741 747 0.0625
741 748 0.5625
742 745 0.0390625
744 747 0.820312
744 748 0.0390625
745 748 0.78125
745 749 0.078125
746 749 0.78125
746 750 0.078125
747 750 0.78125
747 751 0.15625
748 751 0.78125
748 752 0.273438
749 752 0.820312
749 753 0.46875
750 753 0.820312
750 754 0.195312
750 796 0.125
751 754 0.78125
751 755 0.078125
751 793 0.25
752 755 0.742188
752 756 0.0390625
753 756 0.820312
753 757 0.078125
754 757 0.78125
754 758 0.078125
754 792 0.125
755 758 0.78125
755 759 0.0390625
755 789 0.0625
756 759 0.78125
756 760 0.078125
757 760 0.78125
757 761 0.117188
758 761 0.703125
758 762 0.742188
758 763 0.0390625
758 764 0.0390625
758 792 0.0625
759 777 0.0625
762 773 1.3125
763 771 1.125
763 772 1.3125
763 773 0.1875
764 770 0.0625
764 771 1.1875
764 772 0.125
764 792 0.0625
765 769 0.0625
765 770 1.3125
765 796 0.1875
766 769 0.125
766 770 0.25
766 795 0.0625
766 799 0.3125
766 800 0.3125
766 803 0.3125
767 800 0.125
767 803 0.0625
768 803 0.375
770 803 0.1875
770 806 0.25
772 791 0.3125
772 795 0.25
774 777 0.1875
774 788 0.0625
774 791 0.1875
774 792 0.125
775 778 0.0625
776 779 0.125
776 784 0.1875
776 785 0.125
776 788 0.25
777 785 0.125
777 788 0.25
777 789 0.125
779 784 0.117188
779 785 0.234375
780 785 0.117188
781 784 0.9375
781 785 0.195312
782 785 0.859375
782 786 0.390625
783 786 0.78125
783 787 0.078125
784 787 0.742188
784 788 0.0390625
785 788 0.78125
785 789 0.273438
786 789 0.820312
786 790 0.390625
787 790 0.859375
787 791 0.351562
788 791 0.78125
788 792 0.078125
789 792 0.78125
789 793 0.234375
790 793 0.859375
790 794 0.078125
791 794 0.78125
791 795 0.15625
792 796 0.117188
793 796 0.0390625
793 797 0.078125
794 797 0.78125
794 798 0.15625
795 798 0.742188
795 799 0.0390625
796 799 0.703125
796 800 0.15625
797 800 0.78125
797 801 0.078125
798 801 0.78125
798 802 0.078125
799 802 0.78125
799 803 0.195312
800 803 0.820312
800 804 0.15625
801 804 0.742188
801 805 0.078125
802 805 0.703125
802 806 0.15625
803 806 0.78125
803 807 0.078125
804 807 0.78125
804 808 0.078125
804 856 0.0625
804 857 0.125
805 808 0.859375
805 809 0.15625
805 828 0.0625
805 830 0.125
805 831 0.1875
805 832 0.125
805 833 0.125
806 809 0.78125
806 810 0.117188
807 810 0.78125
807 811 0.390625
807 856 0.3125
808 811 0.820312
808 812 0.078125
808 852 0.0625
808 856 0.125
809 812 0.78125
809 813 0.15625
809 828 0.125
809 833 0.125
810 813 0.742188
810 814 0.0390625
811 814 0.78125
811 815 0.078125
811 852 0.1875
811 856 0.0625
812 815 0.78125
812 816 0.195312
812 852 0.125
813 816 0.78125
813 817 0.078125
813 825 0.125
814 817 0.78125
814 818 0.234375
815 818 0.9375
815 819 0.351562
815 848 0.1875
815 852 0.0625
816 819 0.742188
816 820 0.742188
816 821 0.0390625
816 823 0.0625
817 820 0.234375
819 844 0.0625
821 841 0.8125
821 844 0.25
821 848 0.0625
822 838 0.125
822 841 0.4375
823 836 1.25
823 837 0.125
823 841 0.125
823 845 0.125
824 835 1.3125
824 836 0.4375
825 833 0.0625
825 834 1.25
825 835 0.0625
826 834 1.25
826 836 0.5
827 833 1.25
827 834 0.375
827 873 0.0625
828 832 1.25
828 833 0.125
829 832 0.375
829 834 0.0625
833 853 0.0625
834 873 0.0625
837 841 0.0625
837 842 0.125
837 845 0.0625
838 841 1.3125
838 842 0.0625
839 842 0.125
841 844 0.78125
841 845 0.117188
842 845 0.820312
842 846 0.117188
842 869 0.1875
843 846 0.742188
844 847 0.78125
844 848 0.078125
845 848 0.742188
845 849 0.15625
845 850 0.0390625
846 850 0.117188
846 867 0.375
846 869 0.0625
847 850 0.742188
847 851 0.0390625
848 851 0.78125
848 852 0.15625
849 852 0.78125
849 853 0.195312
850 853 0.820312
850 854 0.195312
850 865 0.0625
850 867 0.1875
851 854 0.78125
851 855 0.273438
852 855 0.703125
852 856 0.078125
853 856 0.0390625
853 865 0.0625
854 857 0.0390625
854 863 0.4375
854 864 0.3125
854 865 0.3125
857 863 0.0625
859 863 0.0625
868 876 0.3125
868 877 0.9375
869 875 0.0625
869 876 0.125
871 875 0.0625
872 875 1.5625
872 876 0.0625
873 876 0.125
874 877 0.375
