nresidues = 389
1 5 0.76275
1 7 0.3051
1 10 0.6102
5 139 0.3051
5 141 0.15255
6 10 0.476718
6 11 0.190688
6 16 0.15255
7 10 2.66963
7 11 0.190688
8 11 1.81153
8 12 0.190688
9 12 2.00222
9 13 0.190688
10 13 2.09756
10 14 1.81153
10 15 0.190688
11 14 0.0953438
11 64 0.3051
12 63 0.3051
12 64 0.9153
12 65 0.15255
12 66 0.45765
12 100 0.45765
13 100 0.6102
14 17 0.6102
16 102 0.3051
17 99 0.76275
17 102 1.06785
18 21 2.19291
18 102 0.6102
19 22 1.90688
19 23 0.0953438
20 23 1.62084
20 24 0.286033
21 24 2.00222
21 25 0.0953438
21 94 0.3051
21 98 0.15255
21 101 1.37295
21 102 0.3051
22 25 2.00222
22 26 0.190688
23 26 1.90688
23 27 0.190688
24 27 1.62084
24 28 0.476718
24 94 0.15255
25 28 2.00222
25 29 0.572063
25 95 0.3051
25 99 0.3051
26 29 2.00222
26 30 0.286033
27 30 1.62084
27 31 0.190688
28 31 1.81153
28 32 2.00222
28 33 0.476718
28 94 0.15255
29 32 0.476718
29 34 0.286033
34 93 1.67805
34 95 0.45765
34 96 0.3051
35 92 0.15255
35 93 3.50865
35 306 0.15255
35 307 1.06785
36 92 3.051
36 306 3.20355
36 307 0.45765
37 90 0.15255
37 91 3.051
37 92 0.76275
37 93 0.15255
37 94 0.15255
37 303 0.3051
37 305 3.20355
37 306 0.6102
38 90 3.3561
38 91 0.15255
38 303 2.89845
38 304 2.89845
38 305 0.6102
38 320 1.06785
39 89 3.051
39 90 0.3051
39 301 0.45765
39 302 3.051
39 303 0.3051
40 86 0.45765
40 88 2.89845
40 89 0.6102
40 300 0.15255
40 301 3.3561
40 302 0.6102
40 304 0.45765
40 316 0.45765
41 85 0.15255
41 86 2.89845
41 87 0.3051
41 88 0.6102
41 108 0.15255
41 300 2.89845
41 301 0.15255
42 85 0.45765
42 86 0.15255
42 298 0.15255
42 299 3.20355
42 300 0.3051
42 316 0.45765
43 83 3.20355
43 84 0.15255
43 297 0.15255
43 298 0.76275
43 299 0.6102
44 83 0.3051
44 84 0.9153
46 49 2.7459
46 50 0.3051
46 51 0.45765
46 52 0.6102
46 81 0.3051
46 83 0.15255
46 297 0.15255
47 50 1.06785
47 295 0.15255
47 296 0.15255
48 295 0.6102
50 116 0.3051
50 120 3.3561
50 272 0.15255
51 82 0.15255
52 80 0.15255
52 81 3.051
52 82 0.45765
52 116 0.15255
52 123 0.3051
52 386 1.2204
52 387 1.5255
52 388 0.3051
53 79 0.15255
53 80 3.051
53 81 1.06785
53 116 0.9153
54 79 2.89845
54 80 0.15255
54 81 0.45765
54 112 0.76275
54 115 0.6102
54 116 0.45765
54 119 0.3051
55 58 0.15255
55 75 0.3051
55 77 3.051
55 78 0.3051
55 79 0.3051
55 87 0.15255
55 112 0.6102
56 77 0.9153
56 107 0.15255
56 108 0.6102
56 111 3.50865
56 112 0.45765
56 115 0.15255
57 60 1.81153
57 61 0.190688
57 77 0.6102
57 108 0.45765
58 61 1.90688
58 62 0.0953438
58 74 0.15255
58 75 0.3051
58 76 0.15255
58 77 0.9153
59 62 1.90688
59 63 0.0953438
59 77 0.3051
59 148 0.6102
59 367 0.6102
59 368 0.15255
60 63 1.90688
60 64 0.190688
60 107 1.2204
61 64 1.90688
61 65 0.381375
61 88 0.15255
61 104 0.3051
61 107 0.3051
61 108 0.3051
62 65 1.71619
62 66 0.190688
62 357 0.15255
62 358 0.45765
62 367 0.15255
63 66 0.476718
64 68 0.15255
64 100 0.3051
64 103 0.3051
64 107 0.45765
65 68 0.45765
65 90 0.15255
65 100 0.3051
65 358 0.15255
66 361 3.3561
66 363 0.3051
67 361 0.45765
68 100 0.45765
68 360 2.7459
68 361 0.3051
69 96 0.3051
69 360 0.15255
70 90 0.15255
70 91 3.50865
70 92 0.15255
70 97 0.15255
70 358 0.3051
70 359 2.7459
70 360 2.89845
71 89 0.15255
71 90 3.20355
71 91 0.15255
71 358 3.3561
71 359 1.2204
71 360 0.15255
72 89 3.051
72 356 2.7459
72 357 3.9663
72 358 0.6102
73 88 3.3561
73 89 0.3051
73 91 0.6102
73 354 0.15255
73 355 3.3561
73 356 0.15255
74 87 3.051
74 353 0.45765
74 354 3.3561
74 355 0.9153
74 357 0.15255
75 79 0.45765
75 86 0.15255
75 87 0.3051
75 323 0.15255
75 353 0.3051
76 79 1.2204
76 353 0.15255
76 376 0.45765
77 148 0.6102
77 152 0.15255
77 373 0.3051
77 376 0.3051
78 373 0.15255
78 376 0.6102
78 377 0.3051
78 380 0.45765
79 325 0.15255
79 376 1.06785
79 380 1.06785
80 119 0.15255
80 331 0.9153
80 380 0.6102
80 386 0.15255
81 85 0.6102
81 87 0.45765
81 297 0.15255
81 299 0.45765
82 85 2.4408
82 331 0.9153
84 317 0.45765
85 331 0.76275
85 333 0.15255
86 354 0.3051
87 299 0.3051
89 320 0.15255
89 321 0.45765
89 354 0.15255
90 97 0.3051
90 104 0.15255
91 320 0.9153
92 97 0.3051
93 96 3.3561
93 97 0.6102
94 97 2.89845
94 98 1.2204
94 101 0.45765
95 99 0.15255
96 99 0.3051
97 100 0.76275
98 101 0.15255
100 103 1.71619
100 104 0.476718
101 104 2.00222
101 105 0.286033
101 301 1.06785
102 105 1.62084
103 106 1.81153
103 107 0.667408
104 107 2.00222
104 108 0.190688
105 108 2.00222
105 109 0.381375
105 299 0.9153
105 300 0.76275
106 109 1.62084
106 110 0.0953438
107 111 0.0953438
108 111 1.81153
108 112 0.381375
108 299 0.45765
109 112 1.81153
109 113 0.0953438
109 296 3.20355
109 297 0.6102
109 298 0.15255
109 299 0.45765
110 113 1.81153
110 114 0.381375
110 138 0.15255
110 142 0.15255
110 145 0.15255
111 114 1.90688
111 115 0.190688
111 145 0.3051
111 149 0.15255
112 115 1.90688
112 116 0.381375
112 297 0.45765
112 299 0.3051
113 116 1.90688
113 117 0.190688
113 294 0.15255
113 295 0.15255
113 297 0.15255
114 117 1.90688
114 118 0.190688
114 145 0.15255
114 146 0.45765
114 149 0.3051
114 291 1.2204
114 292 0.3051
114 294 0.15255
115 118 2.00222
115 119 0.190688
115 149 0.3051
115 153 0.15255
116 119 1.90688
116 120 0.476718
117 120 2.00222
117 121 0.381375
117 290 0.15255
117 294 0.15255
118 121 1.90688
118 122 0.190688
118 150 0.15255
118 153 3.051
118 291 0.15255
119 122 2.00222
119 123 0.381375
119 153 0.45765
119 377 0.15255
120 123 2.00222
120 124 0.190688
120 272 1.5255
120 388 2.7459
121 124 2.00222
121 125 0.190688
121 130 0.0953438
121 275 0.15255
122 125 1.90688
122 126 1.62084
122 127 0.76275
122 128 0.381375
122 129 0.0953438
122 154 0.45765
122 156 0.45765
123 126 0.0953438
123 127 0.0953438
123 386 0.3051
123 388 0.3051
124 275 0.45765
124 279 0.3051
125 128 0.6102
125 275 0.3051
125 279 0.45765
125 285 0.3051
126 279 0.15255
126 280 0.6102
127 378 0.15255
127 382 0.9153
128 156 0.15255
128 279 0.45765
128 282 0.45765
128 283 0.3051
129 156 1.06785
129 283 0.3051
129 284 3.3561
129 285 0.6102
130 155 3.20355
130 156 3.20355
130 285 3.20355
131 155 0.15255
131 156 0.6102
131 157 3.6612
131 172 0.15255
131 265 0.45765
131 285 0.45765
131 286 2.89845
131 287 0.3051
132 147 0.3051
132 150 0.3051
132 157 0.3051
132 158 2.89845
132 159 0.3051
132 287 3.051
133 136 0.15255
133 159 0.3051
133 286 0.3051
133 287 2.89845
133 288 0.45765
134 137 0.9153
134 288 0.45765
134 292 0.45765
135 138 0.3051
135 143 0.15255
135 147 0.6102
135 160 0.15255
137 288 0.3051
137 293 0.15255
138 146 0.3051
138 292 0.3051
138 293 0.15255
139 142 2.00222
140 143 0.286033
140 144 0.0953438
141 144 0.0953438
142 145 2.09756
142 146 0.286033
143 146 1.81153
143 147 0.286033
144 147 1.90688
144 148 0.190688
144 162 0.15255
144 163 0.3051
144 166 0.15255
145 148 1.90688
145 149 0.286033
146 149 1.90688
146 150 0.190688
146 292 0.3051
147 150 1.90688
147 151 0.190688
147 158 1.98315
147 159 0.3051
147 160 0.15255
148 151 2.00222
148 152 0.667408
148 167 0.45765
148 373 0.15255
149 152 1.81153
149 153 0.0953438
150 153 1.81153
150 154 1.71619
150 155 0.572063
150 291 0.15255
151 154 1.81153
151 155 0.381375
151 156 0.190688
151 167 0.45765
151 169 0.3051
151 370 0.6102
151 371 0.45765
151 374 0.6102
152 373 0.15255
152 374 0.3051
152 377 0.6102
154 374 0.76275
155 291 0.15255
155 374 0.76275
156 374 1.2204
158 171 3.051
158 172 0.15255
159 171 0.15255
159 172 0.15255
160 163 1.90688
160 164 0.190688
160 171 0.45765
161 164 1.90688
161 165 0.0953438
161 171 0.15255
162 165 1.71619
162 166 0.476718
163 166 1.62084
163 167 0.286033
164 167 2.19291
164 168 1.90688
164 169 2.38359
164 170 0.190688
164 171 0.190688
165 168 0.0953438
166 369 0.3051
167 369 1.06785
167 371 0.15255
168 371 0.76275
169 371 0.6102
174 232 0.6102
175 179 0.0953438
175 180 0.190688
175 204 0.3051
175 205 0.3051
175 206 0.6102
175 232 0.45765
176 179 1.71619
177 180 1.90688
177 181 0.381375
177 206 0.76275
177 208 0.6102
177 209 0.6102
177 234 0.45765
178 181 1.90688
178 182 0.476718
179 182 1.71619
179 183 0.286033
179 189 0.15255
180 183 1.71619
180 184 1.81153
180 185 0.0953438
180 186 0.0953438
180 189 0.3051
180 206 0.3051
180 209 0.15255
181 184 0.0953438
181 210 0.15255
183 188 0.15255
183 189 0.15255
183 192 0.3051
185 188 2.28825
185 189 0.190688
186 189 2.00222
186 190 1.04878
186 210 0.15255
186 211 1.06785
186 216 1.06785
186 219 0.15255
187 190 2.57429
187 191 0.476718
187 219 0.15255
188 191 2.00222
188 192 1.23947
189 192 1.90688
189 193 0.190688
190 193 1.71619
190 194 0.190688
190 205 0.9153
190 206 0.76275
190 207 0.15255
190 216 0.45765
190 219 0.15255
190 220 0.76275
190 224 0.3051
191 194 1.90688
191 195 0.286033
192 195 2.28825
192 196 0.286033
193 196 1.62084
193 197 0.572063
193 203 0.45765
194 197 0.0953438
194 203 1.8306
194 227 0.15255
197 201 0.3051
197 203 0.45765
198 201 0.15255
198 203 0.76275
199 203 1.2204
199 227 0.3051
202 229 0.3051
203 227 0.45765
203 228 3.20355
203 229 2.89845
203 230 0.15255
204 228 0.15255
204 230 3.9663
204 231 0.45765
204 232 0.15255
205 220 0.15255
205 228 0.15255
205 231 2.89845
205 232 0.45765
206 209 0.15255
206 232 3.50865
207 213 0.6102
207 216 1.04878
207 231 0.3051
207 232 0.15255
208 211 2.59335
208 213 0.9153
208 216 0.286033
208 236 0.15255
209 216 0.572063
210 216 0.381375
211 216 0.76275
212 215 1.90688
212 216 0.286033
213 216 1.81153
213 217 0.190688
213 233 0.3051
213 235 0.6102
214 217 1.71619
214 218 0.0953438
214 249 0.9153
214 253 1.2204
215 218 1.81153
215 219 0.190688
216 219 2.00222
216 220 0.190688
217 220 1.90688
217 221 0.0953438
217 250 0.15255
218 221 2.19291
218 222 0.476718
218 253 0.15255
218 257 0.3051
219 222 2.19291
219 223 0.0953438
220 223 0.381375
220 228 0.76275
221 224 1.62084
221 225 0.0953438
221 228 0.15255
221 259 0.9153
222 259 0.45765
224 227 3.6612
225 228 0.3051
225 261 1.2204
226 261 1.5255
228 261 0.3051
228 262 0.45765
229 262 2.59335
229 263 0.45765
230 262 0.15255
230 263 3.051
231 263 0.3051
231 264 3.051
231 265 3.3561
232 265 3.6612
232 267 0.3051
233 243 0.15255
233 264 0.15255
233 265 0.3051
233 266 3.20355
233 267 0.15255
234 240 0.45765
234 267 0.3051
235 239 0.6102
235 240 1.67805
235 243 0.3051
236 239 3.051
236 240 0.45765
239 246 0.15255
240 243 1.06785
240 267 0.45765
240 268 0.9153
240 269 0.15255
242 245 2.86033
242 246 0.286033
243 246 2.00222
243 247 0.572063
243 266 0.15255
243 278 0.9153
244 247 1.90688
244 248 0.667408
244 277 0.45765
244 278 0.45765
244 281 0.6102
245 248 1.90688
245 249 0.190688
246 249 1.81153
246 250 0.190688
247 250 1.81153
247 251 0.286033
247 264 0.15255
247 266 0.15255
247 278 0.45765
247 281 0.3051
247 282 0.15255
248 251 1.90688
248 252 0.190688
249 252 1.90688
249 253 0.286033
250 253 1.90688
250 254 0.381375
250 264 0.15255
251 254 2.00222
251 255 0.190688
251 264 0.45765
251 281 1.06785
251 283 0.15255
252 255 2.00222
252 256 0.76275
253 256 1.62084
253 257 1.14413
254 257 1.90688
254 258 1.81153
254 259 2.28825
254 262 0.15255
255 258 0.0953438
255 259 0.0953438
255 260 0.0953438
258 261 0.15255
263 283 2.1357
264 282 3.051
264 283 3.20355
265 284 3.50865
266 282 0.15255
266 284 0.15255
266 285 3.20355
266 286 0.3051
267 286 3.3561
270 274 0.0953438
270 275 0.0953438
270 286 0.15255
270 287 0.3051
270 290 0.15255
271 274 2.19291
271 275 0.381375
272 275 1.90688
272 276 0.476718
272 388 0.15255
273 276 1.71619
273 277 0.286033
274 277 2.00222
274 278 0.0953438
275 278 1.81153
275 279 0.381375
275 285 0.76275
276 279 0.286033
276 388 0.3051
278 281 3.051
278 282 0.9153
279 282 0.9153
279 285 0.3051
282 285 0.45765
287 291 0.45765
288 291 3.051
288 292 0.15255
289 292 2.89845
289 293 3.3561
290 294 0.15255
291 294 0.45765
302 316 0.9153
303 311 3.051
303 312 0.3051
304 310 3.051
304 311 3.50865
304 312 0.15255
304 316 0.15255
304 317 0.3051
304 318 3.50865
304 319 0.6102
305 308 0.76275
305 309 3.6612
305 319 0.15255
305 320 0.3051
306 309 0.9153
310 318 0.6102
311 318 0.6102
312 316 0.15255
312 317 0.3051
312 318 0.3051
313 316 0.6102
318 321 0.3051
320 335 2.7459
320 336 0.76275
321 334 3.6612
321 335 1.67805
321 337 0.15255
322 332 0.15255
322 333 2.89845
322 334 0.9153
322 352 1.2204
322 353 0.6102
322 354 1.5255
323 332 3.051
323 333 0.15255
323 352 2.89845
323 353 1.06785
323 354 0.15255
324 330 0.15255
324 331 2.89845
324 332 0.6102
324 334 0.3051
324 338 0.15255
324 339 0.3051
324 340 0.9153
324 350 0.15255
324 351 2.89845
324 352 0.45765
325 330 2.89845
325 331 1.37295
325 350 3.051
325 351 0.15255
325 353 0.6102
325 376 0.6102
325 380 0.76275
325 384 0.76275
326 329 0.3051
326 330 0.15255
326 343 0.45765
326 349 2.89845
326 350 0.3051
327 349 1.06785
327 383 0.3051
327 384 0.15255
328 346 0.45765
328 384 0.3051
329 384 0.6102
330 343 0.15255
330 345 1.06785
330 346 0.3051
331 353 0.15255
331 384 0.15255
332 340 0.15255
332 344 1.37295
335 338 0.76275
336 339 0.15255
340 344 0.3051
340 350 0.45765
341 348 0.15255
341 349 2.7459
341 350 0.6102
342 347 0.45765
342 348 2.89845
342 350 0.45765
343 346 3.051
343 347 0.3051
343 348 0.3051
343 350 0.3051
352 355 0.6102
356 365 0.15255
357 362 0.15255
357 363 3.20355
357 364 0.15255
357 365 0.15255
358 361 0.3051
358 362 3.3561
358 363 0.45765
358 364 0.15255
359 362 0.9153
359 364 0.15255
368 373 0.190688
369 372 1.81153
369 373 0.0953438
370 373 2.00222
370 374 0.190688
371 374 1.90688
371 375 0.190688
372 375 2.95566
372 376 0.0953438
373 376 2.00222
373 377 0.0953438
374 377 1.90688
374 378 0.667408
375 378 1.62084
375 379 0.381375
376 379 1.71619
376 380 1.90688
377 380 2.00222
377 381 0.190688
378 381 2.00222
378 382 0.190688
379 382 2.00222
379 383 0.286033
380 383 2.00222
380 384 0.667408
381 384 1.81153
381 385 1.81153
381 386 0.381375
382 385 0.0953438
