L	Ls	nvertices	F_L	F_L_constrained	rho_sum	nloops	regions
  5	  0	  0	           0	           0	           0	 0	[(0, 5)]
  6	  0	  0	           0	           0	           0	 0	[(0, 6)]
  7	  0	  0	           0	           0	           0	 0	[(0, 7)]
  8	  0	  0	           0	           0	           0	 0	[(0, 8)]
  9	  0	  0	           0	           0	           0	 0	[(0, 9)]
 10	  0	  0	           0	           0	           0	 0	[(0, 10)]
 11	  0	  0	           0	           0	           0	 0	[(0, 11)]
 12	  0	  2	   -0.257853	   -0.257853	    0.245539	 0	[(0, 12)]
 13	  0	  4	   -0.259611	   -0.259611	    0.278808	 0	[(0, 13)]
 14	  0	  6	   -0.259611	   -0.146665	     0.15107	 0	[(0, 14)]
 15	  0	  6	   -0.259611	   -0.146665	     0.15107	 0	[(0, 15)]
 16	  0	  6	   -0.259611	   -0.146665	     0.15107	 0	[(0, 16)]
 17	  0	  6	   -0.259611	   -0.146665	     0.15107	 0	[(0, 17)]
 18	  0	  6	   -0.259611	   -0.146665	     0.15107	 0	[(0, 18)]
 19	  0	  6	   -0.259611	   -0.146665	     0.15107	 0	[(0, 19)]
 20	  0	  6	   -0.259611	   -0.146665	     0.15107	 0	[(0, 20)]
 21	  0	  6	   -0.259611	   -0.146665	     0.15107	 0	[(0, 21)]
 22	  0	  6	   -0.259611	   -0.146665	     0.15107	 0	[(0, 22)]
 23	  0	  6	   -0.259611	   -0.146665	     0.15107	 0	[(0, 23)]
 24	  0	  6	   -0.259611	   -0.146665	     0.15107	 0	[(0, 24)]
 25	  0	  6	   -0.259611	   -0.146665	     0.15107	 0	[(0, 25)]
 26	  0	  6	   -0.259611	   -0.146665	     0.15107	 0	[(0, 26)]
 27	  0	  6	   -0.259611	   -0.146665	     0.15107	 0	[(0, 27)]
 28	  0	  6	   -0.259611	   -0.146665	     0.15107	 0	[(0, 28)]
 29	  0	  6	   -0.259611	   -0.146665	     0.15107	 0	[(0, 29)]
 30	  0	  6	   -0.259611	   -0.146665	     0.15107	 0	[(0, 30)]
 31	  0	  8	   -0.408766	   -0.408766	    0.404395	 0	[(0, 31)]
 32	  0	 10	   -0.408766	   -0.397135	    0.409031	 0	[(0, 32)]
 33	  0	 10	   -0.408766	   -0.397135	    0.409031	 0	[(0, 33)]
 34	  0	 11	   -0.540645	   -0.540645	    0.563469	 0	[(0, 34)]
 35	  0	 12	   -0.540645	     1.98116	    0.570615	 1	[(0, 35)]
 36	  0	 13	   -0.540645	     2.08682	     0.54766	 1	[(0, 36)]
 37	  0	 15	   -0.540645	    -0.43282	    0.447619	 0	[(0, 37)]
 38	  0	 16	   -0.540645	   -0.445807	    0.461381	 0	[(0, 38)]
 39	  0	 17	   -0.540645	     5.71464	     7.40636	 0	[(0, 39)]
 40	  0	 18	   -0.540645	     5.74181	     7.88671	 0	[(0, 40)]
 41	  0	 19	   -0.540645	     5.48274	     7.64618	 0	[(0, 41)]
 42	  0	 20	   -0.540645	     5.50286	     8.06068	 0	[(0, 42)]
 43	  0	 21	   -0.540645	     5.46364	     8.19696	 0	[(0, 43)]
 44	  0	 22	   -0.540645	     5.50551	     8.60159	 0	[(0, 44)]
 45	  0	 23	   -0.540645	     5.55773	     9.05528	 0	[(0, 45)]
 46	  0	 24	   -0.540645	     5.44336	     9.47869	 0	[(0, 46)]
 47	  0	 26	   -0.540645	     5.32188	     9.96792	 0	[(0, 47)]
 48	  0	 27	   -0.540645	     4.94717	     10.4969	 0	[(0, 48)]
 49	  0	 28	   -0.540645	     4.64323	     11.2448	 0	[(0, 49)]
 50	  0	 29	   -0.540645	     5.25039	     11.2911	 0	[(0, 50)]
 51	  0	 30	   -0.540645	     5.35859	     11.4431	 0	[(0, 51)]
 52	  0	 31	   -0.540645	     5.37564	     11.3916	 0	[(0, 52)]
 53	  0	 32	   -0.540645	      5.4093	     11.1947	 0	[(0, 53)]
 54	  0	 33	   -0.540645	     5.43758	     11.0911	 0	[(0, 54)]
 55	  0	 33	   -0.540645	     5.43758	     11.0911	 0	[(0, 55)]
 56	  0	 34	   -0.540645	     5.79554	     15.7676	 0	[(0, 56)]
 57	  0	 36	   -0.540645	     5.05162	     17.1476	 0	[(0, 57)]
 58	  0	 37	   -0.540645	      4.6222	     18.1306	 0	[(0, 58)]
 59	 31	 28	   -0.540645	     5.87729	     17.2707	 0	[(31, 59)]
 60	 31	 29	   -0.540645	     6.05906	     16.9085	 0	[(31, 60)]
 61	 31	 29	   -0.540645	     6.05906	     16.9085	 0	[(31, 61)]
 62	 31	 30	   -0.540645	     5.85909	     16.6193	 0	[(31, 62)]
 63	 31	 30	   -0.540645	     5.85909	     16.6193	 0	[(31, 63)]
 64	 31	 30	   -0.540645	     5.85909	     16.6193	 0	[(31, 64)]
 65	 31	 30	   -0.540645	     5.85909	     16.6193	 0	[(31, 65)]
 66	 31	 30	   -0.540645	     5.85909	     16.6193	 0	[(31, 66)]
 67	 31	 30	   -0.540645	     5.85909	     16.6193	 0	[(31, 67)]
 68	 31	 32	   -0.540645	     5.59367	     17.4827	 0	[(31, 68)]
 69	 31	 35	   -0.540645	     5.64783	     17.2569	 0	[(31, 69)]
 70	 31	 35	   -0.540645	     5.64783	     17.2569	 0	[(31, 70)]
 71	 31	 36	   -0.540645	     6.49819	     24.8436	 0	[(31, 71)]
 72	 31	 37	   -0.540645	     5.96065	     25.1061	 0	[(31, 72)]
 73	 31	 39	   -0.540645	     6.25484	      28.344	 0	[(31, 73)]
 74	 31	 40	   -0.540645	     6.98134	     28.6556	 0	[(31, 74)]
 75	 31	 40	   -0.540645	     6.98134	     28.6556	 0	[(31, 75)]
 76	 31	 41	   -0.540645	     6.68897	     28.9288	 0	[(31, 76)]
 77	 31	 42	   -0.540645	     6.55718	     29.1461	 0	[(31, 77)]
 78	 31	 43	   -0.540645	     6.68047	     29.0148	 0	[(31, 78)]
 79	 31	 43	   -0.540645	     6.68047	     29.0148	 0	[(31, 79)]
 80	 31	 43	   -0.540645	     6.68047	     29.0148	 0	[(31, 80)]
 81	 31	 44	   -0.540645	     6.50196	     29.2019	 0	[(31, 81)]
 82	 31	 45	   -0.540645	     6.52679	      29.188	 0	[(31, 82)]
 83	 31	 47	   -0.540645	     8.08282	     29.0072	 0	[(31, 83)]
 84	 31	 47	   -0.540645	     8.08282	     29.0072	 0	[(31, 84)]
 85	 31	 47	   -0.540645	     8.08282	     29.0072	 0	[(31, 85)]
 86	 31	 47	   -0.540645	     8.08282	     29.0072	 0	[(31, 86)]
 87	 31	 47	   -0.540645	     8.08282	     29.0072	 0	[(31, 87)]
 88	 31	 47	   -0.540645	     8.08282	     29.0072	 0	[(31, 88)]
 89	 31	 47	   -0.540645	     8.08282	     29.0072	 0	[(31, 89)]
 90	 31	 47	   -0.540645	     8.08282	     29.0072	 0	[(31, 90)]
 91	 31	 47	   -0.540645	     8.08282	     29.0072	 0	[(31, 91)]
 92	 31	 50	   -0.540645	     7.77655	     29.3902	 0	[(31, 92)]
 93	 31	 52	   -0.540645	     8.98657	     32.9485	 0	[(31, 93)]
 94	 31	 55	   -0.540645	     9.74879	     35.1026	 0	[(31, 94)]
 95	 31	 56	   -0.540645	     10.4741	     34.8324	 0	[(31, 95)]
 96	 31	 57	   -0.540645	      10.754	     35.6246	 0	[(31, 96)]
 97	 31	 57	   -0.540645	      10.754	     35.6246	 0	[(31, 97)]
 98	 31	 58	   -0.540645	     10.6202	      35.789	 0	[(31, 98)]
 99	 58	 29	   -0.540645	      13.705	     12.7972	 1	[(58, 99)]
100	 58	 30	   -0.540645	     13.4554	     16.1404	 1	[(58, 100)]
101	 58	 32	   -0.540645	     14.3816	     18.0925	 1	[(58, 101)]
102	 58	 35	   -0.540645	     14.8467	     20.2749	 1	[(58, 102)]
103	 58	 36	   -0.540645	     15.9655	     21.7935	 1	[(58, 103)]
104	 58	 39	   -0.540645	     15.2908	     24.2928	 1	[(58, 104)]
105	 58	 40	   -0.540645	     16.3018	     25.8975	 1	[(58, 105)]
106	 58	 42	   -0.540645	     16.4752	     28.1293	 1	[(58, 106)]
107	 14	 85	   -0.540645	     13.7435	     62.5123	 3	[(14, 107)]
108	 14	 86	   -0.540645	     13.5998	     63.3295	 3	[(14, 108)]
109	 14	 87	   -0.540645	     14.2061	     63.8311	 3	[(14, 109)]
110	 14	 88	   -0.540645	     14.5089	     63.3661	 3	[(14, 110)]
111	 14	 88	   -0.540645	     14.5089	     63.3661	 3	[(14, 111)]
112	109	  2	   -0.540645	     3.71424	    0.301163	 1	[(109, 112)]
113	109	  4	   -0.540645	     2.24826	    0.289311	 1	[(109, 113)]
114	109	  6	   -0.540645	     4.93229	     5.34213	 0	[(109, 114)]
115	109	  7	   -0.540645	     4.97515	     5.86623	 0	[(109, 115)]
116	109	  8	   -0.540645	     4.95182	     6.37716	 0	[(109, 116)]
117	109	  9	   -0.540645	     5.06893	     6.90388	 0	[(109, 117)]
118	109	 10	   -0.540645	     5.01417	     7.67985	 0	[(109, 118)]
119	109	 11	   -0.540645	     5.03273	      8.9819	 0	[(109, 119)]
120	109	 12	   -0.540645	       4.996	     10.0528	 0	[(109, 120)]
121	109	 13	   -0.540645	     5.03493	     10.9488	 0	[(109, 121)]
122	109	 14	   -0.540645	     5.05372	     11.9069	 0	[(109, 122)]
123	109	 15	   -0.540645	     5.12055	     12.8138	 0	[(109, 123)]
124	109	 16	   -0.540645	     5.25114	     13.6531	 0	[(109, 124)]
125	109	 17	   -0.540645	     5.47007	     9.72037	 0	[(109, 125)]
126	109	 17	   -0.540645	     5.47007	     9.72037	 0	[(109, 126)]
127	109	 18	   -0.540645	     5.34118	     9.88712	 0	[(109, 127)]
128	109	 19	   -0.540645	     5.34469	     9.88403	 0	[(109, 128)]
129	109	 19	   -0.540645	     5.34469	     9.88403	 0	[(109, 129)]
130	109	 19	   -0.540645	     5.34469	     9.88403	 0	[(109, 130)]
131	109	 19	   -0.540645	     5.34469	     9.88403	 0	[(109, 131)]
132	109	 19	   -0.540645	     5.34469	     9.88403	 0	[(109, 132)]
133	 14	111	   -0.540645	     4.46167	     89.1097	 3	[(14, 133)]
134	 14	112	   -0.540645	     3.17614	     90.1002	 3	[(14, 134)]
135	 14	113	   -0.540645	    0.533552	     91.2703	 3	[(14, 135)]
136	 14	114	   -0.921929	   -0.921929	     92.2331	 3	[(14, 136)]
137	 14	115	    -1.67849	    -1.67849	     93.2189	 3	[(14, 137)]
138	 14	116	    -1.67849	    -1.06253	     93.5979	 3	[(14, 138)]
139	 14	116	    -1.67849	    -1.06253	     93.5979	 3	[(14, 139)]
140	 14	116	    -1.67849	    -1.06253	     93.5979	 3	[(14, 140)]
141	 14	117	    -1.67849	     3.22019	     93.6988	 4	[(14, 141)]
142	138	  4	    -1.67849	     2.26201	    0.272076	 1	[(138, 142)]
143	 14	121	    -1.67849	   -0.621848	     93.2702	 3	[(14, 143)]
144	 14	122	    -1.67849	   -0.628972	     93.2832	 3	[(14, 144)]
145	 14	123	    -1.67849	    -0.64177	      93.275	 3	[(14, 145)]
146	 14	123	    -1.67849	    -0.64177	      93.275	 3	[(14, 146)]
147	 14	124	    -1.67849	     1.44479	     93.4106	 4	[(14, 147)]
148	 14	125	    -1.67849	     1.73278	     93.4088	 4	[(14, 148)]
149	 14	126	    -1.67849	      4.8797	     100.001	 4	[(14, 149)]
150	 14	127	    -1.67849	     5.52147	     100.304	 4	[(14, 150)]
151	 14	127	    -1.67849	     5.52147	     100.304	 4	[(14, 151)]
152	 14	128	    -1.67849	     5.38696	     100.353	 4	[(14, 152)]
153	 14	128	    -1.67849	     5.38696	     100.353	 4	[(14, 153)]
154	 14	130	    -1.67849	     5.75285	     100.636	 4	[(14, 154)]
155	 14	130	    -1.67849	     5.75285	     100.636	 4	[(14, 155)]
156	 14	132	    -1.67849	     11.6757	     100.781	 5	[(14, 156)]
157	 14	132	    -1.67849	     11.6757	     100.781	 5	[(14, 157)]
158	 14	132	    -1.67849	     11.6757	     100.781	 5	[(14, 158)]
159	155	126	    -1.67849	     3.27394	     93.5543	 4	[(14, 146), (155, 159)]
160	155	128	    -1.67849	     1.75791	     93.5313	 4	[(14, 146), (155, 160)]
161	155	130	    -1.67849	     5.08706	     99.0849	 3	[(14, 146), (155, 161)]
162	155	131	    -1.67849	     4.77201	     99.1794	 3	[(14, 146), (155, 162)]
163	155	132	    -1.67849	     4.59363	     99.5057	 3	[(14, 146), (155, 163)]
164	155	133	    -1.67849	     4.62435	     99.8045	 3	[(14, 146), (155, 164)]
165	155	134	    -1.67849	     5.19599	     100.152	 3	[(14, 146), (155, 165)]
166	155	134	    -1.67849	     5.19599	     100.152	 3	[(14, 146), (155, 166)]
167	155	134	    -1.67849	     5.19599	     100.152	 3	[(14, 146), (155, 167)]
168	155	134	    -1.67849	     5.19599	     100.152	 3	[(14, 146), (155, 168)]
169	155	136	    -1.67849	     5.26204	     100.256	 3	[(14, 146), (155, 169)]
170	155	138	    -1.67849	    -1.00331	     93.6487	 3	[(14, 146), (155, 170)]
171	155	140	    -1.67849	     5.35017	      100.12	 3	[(14, 146), (155, 171)]
172	155	140	    -1.67849	     5.35017	      100.12	 3	[(14, 146), (155, 172)]
173	155	141	    -1.67849	    -1.06549	      93.713	 3	[(14, 146), (155, 173)]
174	155	142	    -1.67849	     5.21235	      100.27	 3	[(14, 146), (155, 174)]
175	155	143	    -1.67849	     5.22633	     100.245	 3	[(14, 146), (155, 175)]
176	155	144	    -1.67849	     8.26038	     104.627	 3	[(14, 146), (155, 176)]
177	155	145	    -1.67849	     8.88626	     105.365	 3	[(14, 146), (155, 177)]
178	155	145	    -1.67849	     8.88626	     105.365	 3	[(14, 146), (155, 178)]
179	155	145	    -1.67849	     8.88626	     105.365	 3	[(14, 146), (155, 179)]
180	155	145	    -1.67849	     8.88626	     105.365	 3	[(14, 146), (155, 180)]
181	155	145	    -1.67849	     8.88626	     105.365	 3	[(14, 146), (155, 181)]
182	155	145	    -1.67849	     8.88626	     105.365	 3	[(14, 146), (155, 182)]
183	155	145	    -1.67849	     8.88626	     105.365	 3	[(14, 146), (155, 183)]
184	155	145	    -1.67849	     8.88626	     105.365	 3	[(14, 146), (155, 184)]
185	155	145	    -1.67849	     8.88626	     105.365	 3	[(14, 146), (155, 185)]
186	155	145	    -1.67849	     8.88626	     105.365	 3	[(14, 146), (155, 186)]
187	155	145	    -1.67849	     8.88626	     105.365	 3	[(14, 146), (155, 187)]
188	155	145	    -1.67849	     8.88626	     105.365	 3	[(14, 146), (155, 188)]
189	155	145	    -1.67849	     8.88626	     105.365	 3	[(14, 146), (155, 189)]
190	187	125	    -1.67849	      3.0664	     93.5899	 4	[(14, 146), (187, 190)]
191	187	127	    -1.67849	     1.60476	     93.5677	 4	[(14, 146), (187, 191)]
192	187	129	    -1.67849	      4.1486	      98.571	 3	[(14, 146), (187, 192)]
193	187	130	    -1.67849	     4.21176	     99.1199	 3	[(14, 146), (187, 193)]
194	187	131	    -1.67849	     4.78974	     99.5522	 3	[(14, 146), (187, 194)]
195	187	131	    -1.67849	     4.78974	     99.5522	 3	[(14, 146), (187, 195)]
196	187	131	    -1.67849	     4.78974	     99.5522	 3	[(14, 146), (187, 196)]
197	187	131	    -1.67849	     4.78974	     99.5522	 3	[(14, 146), (187, 197)]
198	194	125	    -1.67849	     3.07051	     93.5805	 4	[(14, 146), (194, 198)]
199	194	128	    -1.67849	     1.71127	     93.5384	 4	[(14, 146), (194, 199)]
200	194	130	    -1.67849	     4.58572	     98.9521	 3	[(14, 146), (194, 200)]
201	194	131	    -1.67849	     4.29396	     99.3295	 3	[(14, 146), (194, 201)]
202	194	132	    -1.67849	     4.21904	      99.786	 3	[(14, 146), (194, 202)]
203	194	133	    -1.67849	     4.40183	     100.231	 3	[(14, 146), (194, 203)]
204	194	134	    -1.67849	     4.53407	     100.648	 3	[(14, 146), (194, 204)]
205	194	135	    -1.67849	     4.80715	      100.54	 3	[(14, 146), (194, 205)]
206	194	136	    -1.67849	     4.81997	     100.433	 3	[(14, 146), (194, 206)]
207	194	137	    -1.67849	     4.78599	     100.435	 3	[(14, 146), (194, 207)]
208	194	137	    -1.67849	     4.78599	     100.435	 3	[(14, 146), (194, 208)]
209	204	125	    -1.67849	     3.05129	     93.6272	 4	[(14, 146), (204, 209)]
210	204	128	    -1.67849	     2.84159	      96.161	 4	[(14, 146), (204, 210)]
211	204	129	    -1.67849	     1.94031	     98.2067	 4	[(14, 146), (204, 211)]
212	204	131	    -1.67849	     2.53175	     99.9362	 4	[(14, 146), (204, 212)]
213	204	132	    -1.67849	     2.70991	     100.776	 4	[(14, 146), (204, 213)]
214	204	132	    -1.67849	     2.70991	     100.776	 4	[(14, 146), (204, 214)]
215	204	132	    -1.67849	     2.70991	     100.776	 4	[(14, 146), (204, 215)]
216	204	132	    -1.67849	     2.70991	     100.776	 4	[(14, 146), (204, 216)]
217	212	126	    -1.67849	     3.26877	     93.5568	 4	[(14, 146), (212, 217)]
218	212	129	    -1.67849	     1.60698	     93.5348	 4	[(14, 146), (212, 218)]
219	212	129	    -1.67849	     1.60698	     93.5348	 4	[(14, 146), (212, 219)]
220	212	129	    -1.67849	     1.60698	     93.5348	 4	[(14, 146), (212, 220)]
221	212	129	    -1.67849	     1.60698	     93.5348	 4	[(14, 146), (212, 221)]
222	212	131	    -1.67849	      6.4852	     93.6486	 5	[(14, 146), (212, 222)]
223	212	131	    -1.67849	      6.4852	     93.6486	 5	[(14, 146), (212, 223)]
224	212	132	    -1.67849	     8.57076	     93.7689	 6	[(14, 146), (212, 224)]
225	222	125	    -1.67849	     3.07247	     93.5762	 4	[(14, 146), (222, 225)]
226	222	127	    -1.67849	     1.60834	     93.5654	 4	[(14, 146), (222, 226)]
227	222	129	    -1.67849	      4.1724	     98.5928	 3	[(14, 146), (222, 227)]
228	222	130	    -1.67849	   -0.801964	      93.441	 3	[(14, 146), (222, 228)]
229	222	131	    -1.67849	    -0.81429	     93.4533	 3	[(14, 146), (222, 229)]
230	222	131	    -1.67849	    -0.81429	     93.4533	 3	[(14, 146), (222, 230)]
231	222	131	    -1.67849	    -0.81429	     93.4533	 3	[(14, 146), (222, 231)]
232	222	131	    -1.67849	    -0.81429	     93.4533	 3	[(14, 146), (222, 232)]
233	222	131	    -1.67849	    -0.81429	     93.4533	 3	[(14, 146), (222, 233)]
234	222	134	    -1.67849	      3.2186	     93.6085	 4	[(14, 146), (222, 234)]
235	229	128	    -1.67849	      3.5271	      93.595	 4	[(14, 146), (229, 235)]
236	229	129	    -1.67849	     5.90001	     97.6888	 4	[(14, 146), (229, 236)]
237	229	130	    -1.67849	     6.58924	     98.1844	 4	[(14, 146), (229, 237)]
238	229	130	    -1.67849	     6.58924	     98.1844	 4	[(14, 146), (229, 238)]
239	229	130	    -1.67849	     6.58924	     98.1844	 4	[(14, 146), (229, 239)]
240	229	130	    -1.67849	     6.58924	     98.1844	 4	[(14, 146), (229, 240)]
241	229	130	    -1.67849	     6.58924	     98.1844	 4	[(14, 146), (229, 241)]
242	229	130	    -1.67849	     6.58924	     98.1844	 4	[(14, 146), (229, 242)]
243	229	130	    -1.67849	     6.58924	     98.1844	 4	[(14, 146), (229, 243)]
244	229	130	    -1.67849	     6.58924	     98.1844	 4	[(14, 146), (229, 244)]
245	229	130	    -1.67849	     6.58924	     98.1844	 4	[(14, 146), (229, 245)]
246	229	130	    -1.67849	     6.58924	     98.1844	 4	[(14, 146), (229, 246)]
247	229	130	    -1.67849	     6.58924	     98.1844	 4	[(14, 146), (229, 247)]
248	229	130	    -1.67849	     6.58924	     98.1844	 4	[(14, 146), (229, 248)]
249	229	130	    -1.67849	     6.58924	     98.1844	 4	[(14, 146), (229, 249)]
250	229	130	    -1.67849	     6.58924	     98.1844	 4	[(14, 146), (229, 250)]
251	243	127	    -1.67849	     3.61528	     95.6777	 4	[(14, 146), (243, 251)]
252	243	128	    -1.67849	     2.70594	      97.933	 4	[(14, 146), (243, 252)]
253	243	130	    -1.67849	     3.01976	     99.7864	 4	[(14, 146), (243, 253)]
254	243	133	    -1.67849	     4.18652	     101.882	 4	[(14, 146), (243, 254)]
255	243	134	    -1.67849	     3.74945	     103.751	 4	[(14, 146), (243, 255)]
256	243	135	    -1.67849	     4.15211	     104.335	 4	[(14, 146), (243, 256)]
257	243	136	    -1.67849	     4.68078	     104.186	 4	[(14, 146), (243, 257)]
258	243	136	    -1.67849	     4.68078	     104.186	 4	[(14, 146), (243, 258)]
259	243	136	    -1.67849	     4.68078	     104.186	 4	[(14, 146), (243, 259)]
260	243	136	    -1.67849	     4.68078	     104.186	 4	[(14, 146), (243, 260)]
261	243	136	    -1.67849	     4.68078	     104.186	 4	[(14, 146), (243, 261)]
262	243	136	    -1.67849	     4.68078	     104.186	 4	[(14, 146), (243, 262)]
263	243	136	    -1.67849	     4.68078	     104.186	 4	[(14, 146), (243, 263)]
264	243	136	    -1.67849	     4.68078	     104.186	 4	[(14, 146), (243, 264)]
265	262	125	    -1.67849	     3.09802	     93.5249	 4	[(14, 146), (262, 265)]
266	262	127	    -1.67849	   -0.897546	     93.5446	 3	[(14, 146), (262, 266)]
267	262	129	    -1.67849	   -0.788949	     93.4272	 3	[(14, 146), (262, 267)]
268	262	130	    -1.67849	     5.05552	     99.1001	 3	[(14, 146), (262, 268)]
269	262	131	    -1.67849	     4.90355	      99.485	 3	[(14, 146), (262, 269)]
270	262	132	    -1.67849	     4.70617	     99.8424	 3	[(14, 146), (262, 270)]
271	262	133	    -1.67849	     4.72255	      100.25	 3	[(14, 146), (262, 271)]
272	262	134	    -1.67849	     4.77506	     100.689	 3	[(14, 146), (262, 272)]
273	262	135	    -1.67849	     4.79748	     101.169	 3	[(14, 146), (262, 273)]
274	262	136	    -1.67849	     4.84902	      101.76	 3	[(14, 146), (262, 274)]
275	262	137	    -1.67849	     3.63381	     103.193	 3	[(14, 146), (262, 275)]
276	262	138	    -1.67849	     4.34666	     103.304	 3	[(14, 146), (262, 276)]
277	262	138	    -1.67849	     4.34666	     103.304	 3	[(14, 146), (262, 277)]
278	262	138	    -1.67849	     4.34666	     103.304	 3	[(14, 146), (262, 278)]
279	262	138	    -1.67849	     4.34666	     103.304	 3	[(14, 146), (262, 279)]
280	262	140	    -1.67849	     4.59704	      102.96	 3	[(14, 146), (262, 280)]
281	262	141	    -1.67849	      4.5515	     103.279	 3	[(14, 146), (262, 281)]
282	262	142	    -1.67849	      4.3463	     106.524	 3	[(14, 146), (262, 282)]
283	262	143	    -1.67849	     4.83898	     107.461	 3	[(14, 146), (262, 283)]
284	262	143	    -1.67849	     4.83898	     107.461	 3	[(14, 146), (262, 284)]
285	262	143	    -1.67849	     4.83898	     107.461	 3	[(14, 146), (262, 285)]
286	262	144	    -1.67849	     4.52176	      107.86	 3	[(14, 146), (262, 286)]
287	262	146	    -1.67849	     4.87768	     107.762	 3	[(14, 146), (262, 287)]
288	262	148	    -1.67849	     7.82588	      112.08	 3	[(14, 146), (262, 288)]
289	262	149	    -1.67849	     8.55448	     113.556	 3	[(14, 146), (262, 289)]
290	262	149	    -1.67849	     8.55448	     113.556	 3	[(14, 146), (262, 290)]
291	262	149	    -1.67849	     8.55448	     113.556	 3	[(14, 146), (262, 291)]
292	 14	267	    -1.67849	      7.0368	     207.958	13	[(14, 292)]
293	 14	268	    -1.67849	     2.49364	     211.242	13	[(14, 293)]
294	 14	269	    -2.82014	    -2.82014	     216.436	13	[(14, 294)]
295	 14	270	    -5.38439	    -5.38439	     217.733	13	[(14, 295)]
296	 14	271	    -10.0203	    -10.0203	     219.365	13	[(14, 296)]
297	 14	272	    -15.7895	    -15.7895	     220.401	13	[(14, 297)]
298	 14	273	    -21.3346	    -21.3346	      228.78	13	[(14, 298)]
299	 14	274	     -22.904	     -22.904	     229.706	13	[(14, 299)]
300	  9	280	    -23.3201	    -23.3201	      235.99	14	[(9, 300)]
301	  9	281	    -23.3201	    -22.6245	     236.215	14	[(9, 301)]
302	  9	282	    -23.3201	    -22.3714	     236.221	14	[(9, 302)]
303	  9	282	    -23.3201	    -22.3714	     236.221	14	[(9, 303)]
304	  9	283	    -23.3201	    -20.4771	     236.863	15	[(9, 304)]
305	  9	284	    -23.3201	    -20.6108	     237.822	15	[(9, 305)]
306	  9	286	    -23.3201	    -21.3645	     240.989	14	[(9, 306)]
307	  9	287	    -23.3201	    -20.9108	     241.352	14	[(9, 307)]
308	  9	288	    -23.3201	    -20.9217	     241.843	14	[(9, 308)]
309	  9	289	    -23.3201	    -20.6689	       241.2	14	[(9, 309)]
310	  9	289	    -23.3201	    -20.6689	       241.2	14	[(9, 310)]
311	  9	289	    -23.3201	    -20.6689	       241.2	14	[(9, 311)]
