nresidues = 355
0 54 1.25
1 5 0.375
1 53 0.25
1 54 0.3125
1 55 1.0625
1 56 0.125
2 5 0.375
2 56 0.0625
4 9 0.125
4 10 0.0625
5 10 0.25
6 9 0.0625
9 12 0.0390625
10 13 0.859375
11 14 0.859375
11 15 0.9375
12 15 0.664062
12 16 0.078125
13 16 0.820312
13 17 0.9375
14 17 0.703125
14 18 0.273438
15 18 0.78125
15 19 0.078125
16 19 0.820312
16 20 0.195312
16 150 0.0625
17 20 0.9375
17 21 0.078125
18 21 0.78125
18 22 0.078125
19 22 1.13281
19 23 0.46875
20 23 0.820312
20 150 0.1875
21 24 0.78125
21 25 0.273438
21 61 0.0625
21 64 0.25
21 65 0.1875
22 25 1.01562
23 26 0.742188
23 27 0.46875
24 27 0.976562
24 28 0.078125
24 148 0.125
25 28 0.664062
25 29 0.0390625
25 30 0.0390625
25 31 0.0390625
26 29 0.0390625
27 147 0.25
27 148 0.1875
28 104 0.25
28 106 0.125
28 141 0.0625
28 147 0.1875
29 104 0.0625
30 101 0.0625
30 102 1.25
30 103 1.5625
30 104 0.75
31 101 1.3125
31 103 0.0625
32 35 0.25
32 36 0.0625
32 101 0.125
32 103 0.25
33 36 0.25
33 37 0.0625
34 37 0.375
35 101 0.1875
36 44 0.125
36 45 0.5625
37 40 0.125
37 43 1.0625
37 44 0.1875
38 43 1.25
38 45 0.125
39 42 1.4375
39 43 0.1875
45 77 0.6875
45 78 0.3125
47 100 0.125
49 72 0.0625
51 64 0.0625
51 67 0.0625
53 56 0.125
56 60 0.0625
56 126 0.875
57 125 0.4375
57 126 0.9375
57 129 0.0625
58 124 1.375
58 125 0.25
58 126 0.1875
58 129 0.6875
59 62 0.46875
59 110 0.0625
59 122 0.0625
59 123 0.625
59 124 0.375
59 129 0.0625
60 63 0.820312
60 64 0.15625
60 129 0.1875
61 64 0.976562
61 65 0.117188
61 108 0.125
61 110 0.0625
62 65 0.898438
62 66 0.273438
62 108 0.5
62 109 0.25
62 110 0.1875
63 66 0.9375
63 67 0.078125
64 67 0.78125
65 68 0.78125
65 69 0.078125
65 107 0.25
65 108 0.3125
66 69 0.820312
66 70 0.234375
66 107 0.0625
67 70 0.820312
67 71 0.117188
68 71 0.898438
68 72 0.195312
69 72 0.78125
69 73 0.0390625
69 106 0.0625
70 73 0.664062
70 180 0.125
71 74 0.78125
72 100 0.0625
73 102 0.0625
73 184 0.125
74 187 0.25
74 191 0.1875
76 98 2.1875
76 99 1.125
76 188 0.0625
77 97 1.1875
77 98 1.625
77 99 0.5625
78 94 0.1875
78 97 0.0625
78 98 0.0625
79 89 0.3125
79 97 0.1875
80 88 1.125
80 89 0.3125
80 90 0.1875
80 93 0.3125
80 94 0.0625
81 87 1.0625
81 88 0.4375
82 86 1.4375
82 87 0.5
82 88 0.0625
83 86 0.3125
89 94 0.15625
90 93 1.05469
90 94 0.546875
91 94 1.25
91 95 1.01562
92 95 0.507812
93 96 0.0390625
93 97 0.078125
94 97 0.0390625
94 98 0.078125
102 105 0.0625
104 141 0.8125
104 143 0.0625
105 141 1.75
106 140 1.0625
106 141 0.25
107 138 0.0625
107 139 1.1875
107 173 0.125
107 176 0.0625
108 138 1.1875
109 136 0.0625
109 137 1.4375
109 138 0.1875
109 169 0.1875
110 122 1.1875
110 135 0.3125
110 136 1.375
110 137 0.25
111 120 0.125
111 121 1.3125
111 135 1.625
111 136 0.4375
111 138 0.0625
111 165 0.5
111 168 0.125
111 169 0.1875
112 119 0.0625
112 120 1.375
112 121 0.1875
112 132 0.125
112 134 1.25
112 135 0.125
113 117 0.1875
113 119 1.25
113 120 0.0625
113 132 1.25
113 133 1.5625
113 134 0.4375
113 135 0.1875
113 136 0.0625
113 157 0.125
114 117 1.1875
114 118 1.1875
114 119 0.5
114 120 0.0625
114 121 0.5625
114 132 0.125
114 133 0.25
115 118 0.3125
115 133 0.1875
116 155 0.0625
116 156 0.3125
121 128 0.0625
124 128 0.507812
124 129 0.078125
125 128 1.21094
125 129 0.195312
126 129 1.05469
126 130 0.742188
127 130 1.09375
127 131 0.195312
128 131 0.898438
128 132 0.0390625
129 132 0.0390625
132 135 0.25
133 153 1.3125
133 155 0.0625
134 152 1.25
134 153 0.1875
134 155 0.125
135 150 0.125
135 151 1.125
135 152 0.5
136 150 1.4375
137 149 1.3125
137 150 0.3125
138 148 1.25
138 149 0.125
138 165 0.0625
138 166 0.0625
138 169 0.1875
139 145 1.125
139 146 1.5
139 147 1.3125
139 148 0.4375
140 144 0.25
140 145 1.375
140 166 0.0625
140 169 0.25
140 170 0.125
140 173 0.1875
141 144 1.125
141 145 0.5625
142 145 0.0625
146 149 0.0625
151 155 0.0625
151 157 0.125
152 155 0.125
156 161 0.0390625
157 161 0.429688
157 162 0.078125
158 161 1.17188
158 162 0.195312
159 162 1.09375
159 163 0.078125
160 163 0.820312
160 164 0.585938
161 164 1.17188
161 165 0.078125
162 165 0.859375
162 166 0.15625
163 166 1.01562
163 167 0.078125
164 167 1.01562
164 168 0.273438
165 168 0.898438
165 169 0.078125
166 169 0.78125
167 170 0.742188
167 171 0.117188
168 171 0.976562
168 172 0.0390625
169 172 0.78125
169 173 0.195312
170 173 0.898438
170 174 0.078125
171 174 0.78125
171 175 0.0390625
172 175 0.976562
172 176 0.0390625
173 176 0.820312
173 177 0.195312
174 177 0.859375
175 178 0.820312
175 179 0.078125
176 179 0.859375
176 180 0.0390625
177 180 1.09375
177 181 0.3125
178 181 0.976562
178 182 0.15625
179 182 0.898438
179 183 0.742188
180 183 0.78125
180 184 0.273438
181 184 0.898438
181 185 0.234375
182 185 0.820312
182 186 0.078125
183 186 0.859375
183 187 0.078125
184 187 0.703125
184 188 0.0390625
185 188 0.78125
185 189 0.429688
186 189 1.05469
186 190 0.0390625
187 190 0.78125
187 191 0.351562
188 191 0.703125
188 192 0.117188
189 192 0.78125
189 193 0.273438
190 193 0.117188
190 194 0.664062
190 195 0.078125
191 197 0.375
196 201 0.125
200 203 1.1875
200 204 0.0625
201 204 1.5
201 205 0.125
201 212 0.1875
202 205 1.0625
202 206 0.5
203 210 0.0625
204 212 0.3125
