nresidues = 355
0 54 3.03974
1 5 0.911921
1 53 0.607948
1 54 0.759935
1 55 2.58378
1 56 0.303974
2 5 0.911921
2 56 0.151987
4 9 0.303974
4 10 0.151987
5 10 0.607948
6 9 0.151987
9 12 0.0949918
10 13 2.08982
11 14 2.08982
11 15 2.2798
12 15 1.61486
12 16 0.189984
13 16 1.99483
13 17 2.2798
14 17 1.70985
14 18 0.664944
15 18 1.89984
15 19 0.189984
16 19 1.99483
16 20 0.474958
16 150 0.151987
17 20 2.2798
17 21 0.189984
18 21 1.89984
18 22 0.189984
19 22 2.75476
19 23 1.1399
20 23 1.99483
20 150 0.455961
21 24 1.89984
21 25 0.664944
21 61 0.151987
21 64 0.607948
21 65 0.455961
22 25 2.46978
23 26 1.80485
23 27 1.1399
24 27 2.37479
24 28 0.189984
24 148 0.303974
25 28 1.61486
25 29 0.0949918
25 30 0.0949918
25 31 0.0949918
26 29 0.0949918
27 147 0.607948
27 148 0.455961
28 104 0.607948
28 106 0.303974
28 141 0.151987
28 147 0.455961
29 104 0.151987
30 101 0.151987
30 102 3.03974
30 103 3.79967
30 104 1.82384
31 101 3.19173
31 103 0.151987
32 35 0.607948
32 36 0.151987
32 101 0.303974
32 103 0.607948
33 36 0.607948
33 37 0.151987
34 37 0.911921
35 101 0.455961
36 44 0.303974
36 45 1.36788
37 40 0.303974
37 43 2.58378
37 44 0.455961
38 43 3.03974
38 45 0.303974
39 42 3.4957
39 43 0.455961
45 77 1.67186
45 78 0.759935
47 100 0.303974
49 72 0.151987
51 64 0.151987
51 67 0.151987
53 56 0.303974
56 60 0.151987
56 126 2.12782
57 125 1.06391
57 126 2.2798
57 129 0.151987
58 124 3.34371
58 125 0.607948
58 126 0.455961
58 129 1.67186
59 62 1.1399
59 110 0.151987
59 122 0.151987
59 123 1.51987
59 124 0.911921
59 129 0.151987
60 63 1.99483
60 64 0.379967
60 129 0.455961
61 64 2.37479
61 65 0.284977
61 108 0.303974
61 110 0.151987
62 65 2.18481
62 66 0.664944
62 108 1.2159
62 109 0.607948
62 110 0.455961
63 66 2.2798
63 67 0.189984
64 67 1.89984
65 68 1.89984
65 69 0.189984
65 107 0.607948
65 108 0.759935
66 69 1.99483
66 70 0.569951
66 107 0.151987
67 70 1.99483
67 71 0.284977
68 71 2.18481
68 72 0.474958
69 72 1.89984
69 73 0.0949918
69 106 0.151987
70 73 1.61486
70 180 0.303974
71 74 1.89984
72 100 0.151987
73 102 0.151987
73 184 0.303974
74 187 0.607948
74 191 0.455961
76 98 5.31954
76 99 2.73576
76 188 0.151987
77 97 2.88775
77 98 3.95166
77 99 1.36788
78 94 0.455961
78 97 0.151987
78 98 0.151987
79 89 0.759935
79 97 0.455961
80 88 2.73576
80 89 0.759935
80 90 0.455961
80 93 0.759935
80 94 0.151987
81 87 2.58378
81 88 1.06391
82 86 3.4957
82 87 1.2159
82 88 0.151987
83 86 0.759935
89 94 0.379967
90 93 2.56479
90 94 1.32989
91 94 3.03974
91 95 2.46978
92 95 1.23489
93 96 0.0949918
93 97 0.189984
94 97 0.0949918
94 98 0.189984
102 105 0.151987
104 141 1.97583
104 143 0.151987
105 141 4.25563
106 140 2.58378
106 141 0.607948
107 138 0.151987
107 139 2.88775
107 173 0.303974
107 176 0.151987
108 138 2.88775
109 136 0.151987
109 137 3.4957
109 138 0.455961
109 169 0.455961
110 122 2.88775
110 135 0.759935
110 136 3.34371
110 137 0.607948
111 120 0.303974
111 121 3.19173
111 135 3.95166
111 136 1.06391
111 138 0.151987
111 165 1.2159
111 168 0.303974
111 169 0.455961
112 119 0.151987
112 120 3.34371
112 121 0.455961
112 132 0.303974
112 134 3.03974
112 135 0.303974
113 117 0.455961
113 119 3.03974
113 120 0.151987
113 132 3.03974
113 133 3.79967
113 134 1.06391
113 135 0.455961
113 136 0.151987
113 157 0.303974
114 117 2.88775
114 118 2.88775
114 119 1.2159
114 120 0.151987
114 121 1.36788
114 132 0.303974
114 133 0.607948
115 118 0.759935
115 133 0.455961
116 155 0.151987
116 156 0.759935
121 128 0.151987
124 128 1.23489
124 129 0.189984
125 128 2.94475
125 129 0.474958
126 129 2.56479
126 130 1.80485
127 130 2.65977
127 131 0.474958
128 131 2.18481
128 132 0.0949918
129 132 0.0949918
132 135 0.607948
133 153 3.19173
133 155 0.151987
134 152 3.03974
134 153 0.455961
134 155 0.303974
135 150 0.303974
135 151 2.73576
135 152 1.2159
136 150 3.4957
137 149 3.19173
137 150 0.759935
138 148 3.03974
138 149 0.303974
138 165 0.151987
138 166 0.151987
138 169 0.455961
139 145 2.73576
139 146 3.64769
139 147 3.19173
139 148 1.06391
140 144 0.607948
140 145 3.34371
140 166 0.151987
140 169 0.607948
140 170 0.303974
140 173 0.455961
141 144 2.73576
141 145 1.36788
142 145 0.151987
146 149 0.151987
151 155 0.151987
151 157 0.303974
152 155 0.303974
156 161 0.0949918
157 161 1.04491
157 162 0.189984
158 161 2.84977
158 162 0.474958
159 162 2.65977
159 163 0.189984
160 163 1.99483
160 164 1.42488
161 164 2.84977
161 165 0.189984
162 165 2.08982
162 166 0.379967
163 166 2.46978
163 167 0.189984
164 167 2.46978
164 168 0.664944
165 168 2.18481
165 169 0.189984
166 169 1.89984
167 170 1.80485
167 171 0.284977
168 171 2.37479
168 172 0.0949918
169 172 1.89984
169 173 0.474958
170 173 2.18481
170 174 0.189984
171 174 1.89984
171 175 0.0949918
172 175 2.37479
172 176 0.0949918
173 176 1.99483
173 177 0.474958
174 177 2.08982
175 178 1.99483
175 179 0.189984
176 179 2.08982
176 180 0.0949918
177 180 2.65977
177 181 0.759935
178 181 2.37479
178 182 0.379967
179 182 2.18481
179 183 1.80485
180 183 1.89984
180 184 0.664944
181 184 2.18481
181 185 0.569951
182 185 1.99483
182 186 0.189984
183 186 2.08982
183 187 0.189984
184 187 1.70985
184 188 0.0949918
185 188 1.89984
185 189 1.04491
186 189 2.56479
186 190 0.0949918
187 190 1.89984
187 191 0.854925
188 191 1.70985
188 192 0.284977
189 192 1.89984
189 193 0.664944
190 193 0.284977
190 194 1.61486
190 195 0.189984
191 197 0.911921
196 201 0.303974
200 203 2.88775
200 204 0.151987
201 204 3.64769
201 205 0.303974
201 212 0.455961
202 205 2.58378
202 206 1.2159
203 210 0.151987
204 212 0.759935
