L	Ls	nvertices	F_L	F_L_constrained	rho_sum	nloops	regions
  2	  0	  0	           0	           0	           0	 0	[(0, 2)]
  3	  0	  0	           0	           0	           0	 0	[(0, 3)]
  4	  0	  0	           0	           0	           0	 0	[(0, 4)]
  5	  0	  0	           0	           0	           0	 0	[(0, 5)]
  6	  0	  2	   -0.257594	   -0.257594	     0.24507	 0	[(0, 6)]
  7	  0	  2	   -0.257594	   -0.257594	     0.24507	 0	[(0, 7)]
  8	  0	  2	   -0.257594	   -0.257594	     0.24507	 0	[(0, 8)]
  9	  0	  2	   -0.257594	   -0.257594	     0.24507	 0	[(0, 9)]
 10	  0	  2	   -0.257594	   -0.257594	     0.24507	 0	[(0, 10)]
 11	  0	  2	   -0.257594	   -0.257594	     0.24507	 0	[(0, 11)]
 12	  0	  2	   -0.257594	   -0.257594	     0.24507	 0	[(0, 12)]
 13	  0	  2	   -0.257594	   -0.257594	     0.24507	 0	[(0, 13)]
 14	  0	  2	   -0.257594	   -0.257594	     0.24507	 0	[(0, 14)]
 15	  0	  2	   -0.257594	   -0.257594	     0.24507	 0	[(0, 15)]
 16	  0	  2	   -0.257594	   -0.257594	     0.24507	 0	[(0, 16)]
 17	  0	  2	   -0.257594	   -0.257594	     0.24507	 0	[(0, 17)]
 18	  0	  2	   -0.257594	   -0.257594	     0.24507	 0	[(0, 18)]
 19	  0	  2	   -0.257594	   -0.257594	     0.24507	 0	[(0, 19)]
 20	  0	  2	   -0.257594	   -0.257594	     0.24507	 0	[(0, 20)]
 21	  0	  2	   -0.257594	   -0.257594	     0.24507	 0	[(0, 21)]
 22	  0	  2	   -0.257594	   -0.257594	     0.24507	 0	[(0, 22)]
 23	  0	  2	   -0.257594	   -0.257594	     0.24507	 0	[(0, 23)]
 24	  0	  2	   -0.257594	   -0.257594	     0.24507	 0	[(0, 24)]
 25	  0	  2	   -0.257594	   -0.257594	     0.24507	 0	[(0, 25)]
 26	  0	  5	   -0.257594	     3.68406	    0.518435	 1	[(0, 26)]
 27	  0	  6	   -0.257594	     3.88137	    0.523013	 1	[(0, 27)]
 28	  0	  8	   -0.257594	     4.05104	    0.529379	 1	[(0, 28)]
 29	  0	 10	   -0.257594	     7.72512	     6.06491	 1	[(0, 29)]
 30	  0	 12	   -0.257594	     13.0275	     6.78817	 2	[(0, 30)]
 31	  0	 13	   -0.257594	     13.5586	      7.2389	 2	[(0, 31)]
 32	  0	 18	   -0.257594	     12.4011	     9.90252	 2	[(0, 32)]
 33	  0	 20	   -0.257594	     11.7187	     12.8157	 1	[(0, 33)]
 34	 31	  2	   -0.257594	     3.72017	     0.28839	 1	[(31, 34)]
 35	 31	  4	   -0.257594	     2.25966	    0.270285	 1	[(31, 35)]
 36	 31	  6	   -0.257594	   -0.146434	     0.15051	 0	[(31, 36)]
 37	 31	  7	   -0.257594	   -0.159862	    0.165242	 0	[(31, 37)]
 38	 31	  8	   -0.257594	      6.7766	     6.47262	 0	[(31, 38)]
 39	 31	  9	   -0.257594	     6.44515	     6.42636	 0	[(31, 39)]
 40	 31	 10	   -0.257594	     5.71137	     6.39946	 0	[(31, 40)]
 41	 31	 11	   -0.257594	     5.67773	     6.68197	 0	[(31, 41)]
 42	 31	 12	   -0.257594	     5.70577	     6.96615	 0	[(31, 42)]
 43	 31	 13	   -0.257594	      5.7083	     7.30836	 0	[(31, 43)]
 44	 31	 14	   -0.257594	     5.86597	     7.80924	 0	[(31, 44)]
 45	 31	 15	   -0.257594	     5.84441	      8.2623	 0	[(31, 45)]
 46	 31	 16	   -0.257594	     5.53376	     9.01754	 0	[(31, 46)]
 47	 31	 17	   -0.257594	     5.54645	     9.81105	 0	[(31, 47)]
 48	 31	 18	   -0.257594	     5.34611	      10.771	 0	[(31, 48)]
 49	 31	 19	   -0.257594	     5.16326	     11.7271	 0	[(31, 49)]
 50	 31	 20	   -0.257594	     5.29059	     12.3667	 0	[(31, 50)]
 51	 31	 21	   -0.257594	     5.70215	     11.8677	 0	[(31, 51)]
 52	 31	 21	   -0.257594	     5.70215	     11.8677	 0	[(31, 52)]
 53	 31	 21	   -0.257594	     5.70215	     11.8677	 0	[(31, 53)]
 54	 31	 22	   -0.257594	     5.50076	     12.0682	 0	[(31, 54)]
 55	 31	 22	   -0.257594	     5.50076	     12.0682	 0	[(31, 55)]
 56	 31	 22	   -0.257594	     5.50076	     12.0682	 0	[(31, 56)]
 57	 31	 22	   -0.257594	     5.50076	     12.0682	 0	[(31, 57)]
 58	 31	 22	   -0.257594	     5.50076	     12.0682	 0	[(31, 58)]
 59	 31	 22	   -0.257594	     5.50076	     12.0682	 0	[(31, 59)]
 60	 31	 24	   -0.257594	     5.23846	      12.313	 0	[(31, 60)]
 61	 31	 24	   -0.257594	     5.23846	      12.313	 0	[(31, 61)]
 62	 31	 25	   -0.257594	     12.9034	     12.4377	 1	[(31, 62)]
 63	 31	 25	   -0.257594	     12.9034	     12.4377	 1	[(31, 63)]
 64	 31	 26	   -0.257594	     14.8827	     12.5341	 2	[(31, 64)]
 65	 61	  3	   -0.257594	     3.94501	    0.256338	 1	[(61, 65)]
 66	 61	  5	   -0.257594	   -0.241748	    0.254209	 0	[(61, 66)]
 67	 61	  7	   -0.257594	     6.28959	     5.72181	 0	[(61, 67)]
 68	 61	  8	   -0.257594	   -0.172415	    0.178082	 0	[(61, 68)]
 69	 61	  9	   -0.257594	     6.11115	     6.30653	 0	[(61, 69)]
 70	 61	 10	   -0.257594	     6.12748	     6.63525	 0	[(61, 70)]
 71	 61	 11	   -0.257594	     6.71556	     7.01928	 0	[(61, 71)]
 72	 61	 11	   -0.257594	     6.71556	     7.01928	 0	[(61, 72)]
 73	 70	  2	   -0.257594	     3.71676	    0.295665	 1	[(70, 73)]
 74	 70	  4	   -0.257594	     2.24953	    0.286432	 1	[(70, 74)]
 75	 70	  6	   -0.257594	     5.18368	     5.41206	 0	[(70, 75)]
 76	 70	  7	   -0.257594	     5.14738	      5.9165	 0	[(70, 76)]
 77	 70	  8	   -0.257594	     5.24467	     6.43846	 0	[(70, 77)]
 78	 70	  9	   -0.257594	     5.29473	     6.97299	 0	[(70, 78)]
 79	 70	 10	   -0.257594	     5.33289	     7.51183	 0	[(70, 79)]
 80	 70	 11	   -0.257594	     5.54353	     8.03014	 0	[(70, 80)]
 81	 70	 12	   -0.257594	     5.73929	     8.56363	 0	[(70, 81)]
 82	 70	 13	   -0.257594	     5.82569	     9.99806	 0	[(70, 82)]
 83	 61	 23	   -0.257594	     5.97899	     9.14758	 0	[(61, 83)]
 84	 70	 15	   -0.257594	     5.97493	     8.68363	 0	[(70, 84)]
 85	 70	 16	   -0.257594	     5.94223	     8.52396	 0	[(70, 85)]
 86	 70	 17	   -0.257594	     5.92093	     8.50332	 0	[(70, 86)]
 87	 70	 17	   -0.257594	     5.92093	     8.50332	 0	[(70, 87)]
 88	 70	 17	   -0.257594	     5.92093	     8.50332	 0	[(70, 88)]
 89	 70	 17	   -0.257594	     5.92093	     8.50332	 0	[(70, 89)]
 90	 70	 17	   -0.257594	     5.92093	     8.50332	 0	[(70, 90)]
 91	 70	 18	   -0.257594	     5.77794	     8.62085	 0	[(70, 91)]
 92	 70	 18	   -0.257594	     5.77794	     8.62085	 0	[(70, 92)]
 93	 70	 18	   -0.257594	     5.77794	     8.62085	 0	[(70, 93)]
 94	 70	 18	   -0.257594	     5.77794	     8.62085	 0	[(70, 94)]
 95	 70	 18	   -0.257594	     5.77794	     8.62085	 0	[(70, 95)]
 96	 70	 18	   -0.257594	     5.77794	     8.62085	 0	[(70, 96)]
 97	 93	  3	   -0.257594	     3.91176	    0.282272	 1	[(93, 97)]
 98	 93	  5	   -0.257594	     2.37653	    0.263681	 1	[(93, 98)]
 99	 93	  7	   -0.257594	     4.39305	     5.43228	 0	[(93, 99)]
100	 93	  8	   -0.257594	     4.42077	     5.86546	 0	[(93, 100)]
101	 93	  9	   -0.257594	     4.98992	     6.22692	 0	[(93, 101)]
102	 93	  9	   -0.257594	     4.98992	     6.22692	 0	[(93, 102)]
103	 93	 10	   -0.257594	     7.18798	     6.40485	 1	[(93, 103)]
104	 93	 10	   -0.257594	     7.18798	     6.40485	 1	[(93, 104)]
105	101	  3	   -0.257594	     3.90885	    0.281189	 1	[(101, 105)]
106	101	  5	   -0.257594	     2.37946	    0.265276	 1	[(101, 106)]
107	101	  7	   -0.257594	     5.61719	     5.83052	 0	[(101, 107)]
108	101	  8	   -0.257594	     5.50235	     6.26902	 0	[(101, 108)]
109	101	  9	   -0.257594	     6.04739	     6.69987	 0	[(101, 109)]
110	101	  9	   -0.257594	     6.04739	     6.69987	 0	[(101, 110)]
111	101	 10	   -0.257594	     5.19435	      6.9821	 0	[(101, 111)]
112	101	 11	   -0.257594	     5.33264	     7.22516	 0	[(101, 112)]
113	101	 11	   -0.257594	     5.33264	     7.22516	 0	[(101, 113)]
114	101	 11	   -0.257594	     5.33264	     7.22516	 0	[(101, 114)]
115	101	 11	   -0.257594	     5.33264	     7.22516	 0	[(101, 115)]
116	101	 11	   -0.257594	     5.33264	     7.22516	 0	[(101, 116)]
117	101	 11	   -0.257594	     5.33264	     7.22516	 0	[(101, 117)]
118	101	 11	   -0.257594	     5.33264	     7.22516	 0	[(101, 118)]
119	101	 11	   -0.257594	     5.33264	     7.22516	 0	[(101, 119)]
120	101	 11	   -0.257594	     5.33264	     7.22516	 0	[(101, 120)]
121	101	 12	   -0.257594	     5.19676	     7.35852	 0	[(101, 121)]
122	101	 12	   -0.257594	     5.19676	     7.35852	 0	[(101, 122)]
123	101	 12	   -0.257594	     5.19676	     7.35852	 0	[(101, 123)]
124	101	 12	   -0.257594	     5.19676	     7.35852	 0	[(101, 124)]
125	101	 12	   -0.257594	     5.19676	     7.35852	 0	[(101, 125)]
126	101	 13	   -0.257594	     5.03765	      7.4853	 0	[(101, 126)]
127	101	 13	   -0.257594	     5.03765	      7.4853	 0	[(101, 127)]
128	122	  2	   -0.257594	     3.68128	    0.385244	 1	[(122, 128)]
129	122	  4	   -0.257594	     3.16245	     2.44439	 1	[(122, 129)]
130	122	  5	   -0.257594	     2.26142	     3.80137	 1	[(122, 130)]
131	122	  6	   -0.257594	      2.9733	     3.83398	 1	[(122, 131)]
132	122	  8	   -0.257594	     4.01248	     3.69552	 1	[(122, 132)]
133	122	 10	   -0.257594	     5.21661	     7.52169	 1	[(122, 133)]
134	122	 12	   -0.257594	     5.21312	     9.92056	 1	[(122, 134)]
135	122	 12	   -0.257594	     5.21312	     9.92056	 1	[(122, 135)]
136	122	 12	   -0.257594	     5.21312	     9.92056	 1	[(122, 136)]
137	122	 12	   -0.257594	     5.21312	     9.92056	 1	[(122, 137)]
138	122	 12	   -0.257594	     5.21312	     9.92056	 1	[(122, 138)]
139	122	 12	   -0.257594	     5.21312	     9.92056	 1	[(122, 139)]
140	122	 12	   -0.257594	     5.21312	     9.92056	 1	[(122, 140)]
141	130	  4	   -0.257594	     4.08646	     0.24711	 1	[(130, 141)]
142	130	  7	   -0.257594	     4.21468	    0.280327	 1	[(130, 142)]
143	130	  8	   -0.257594	     7.05823	     4.07935	 1	[(130, 143)]
144	130	 10	   -0.257594	     8.30582	     5.51172	 1	[(130, 144)]
145	122	 21	   -0.257594	     9.01021	     15.4062	 2	[(122, 145)]
146	122	 22	   -0.257594	     8.96948	     16.6632	 2	[(122, 146)]
147	122	 23	   -0.257594	     9.06801	     17.4246	 2	[(122, 147)]
148	122	 23	   -0.257594	     9.06801	     17.4246	 2	[(122, 148)]
149	122	 23	   -0.257594	     9.06801	     17.4246	 2	[(122, 149)]
150	122	 24	   -0.257594	     8.83517	     17.6596	 2	[(122, 150)]
151	122	 24	   -0.257594	     8.83517	     17.6596	 2	[(122, 151)]
152	122	 26	   -0.257594	     8.74933	     17.7653	 2	[(122, 152)]
153	122	 26	   -0.257594	     8.74933	     17.7653	 2	[(122, 153)]
154	122	 27	   -0.257594	     8.61868	     17.8926	 2	[(122, 154)]
155	122	 28	   -0.257594	     8.62029	     17.9025	 2	[(122, 155)]
156	122	 30	   -0.257594	     8.65477	     17.9096	 2	[(122, 156)]
157	122	 30	   -0.257594	     8.65477	     17.9096	 2	[(122, 157)]
158	122	 30	   -0.257594	     8.65477	     17.9096	 2	[(122, 158)]
159	122	 30	   -0.257594	     8.65477	     17.9096	 2	[(122, 159)]
160	122	 32	   -0.257594	     15.6337	     17.9814	 3	[(122, 160)]
161	122	 32	   -0.257594	     15.6337	     17.9814	 3	[(122, 161)]
162	122	 34	   -0.257594	     17.6181	     17.9948	 4	[(122, 162)]
163	160	  2	   -0.257594	     3.71499	    0.299519	 1	[(160, 163)]
164	160	  4	   -0.257594	     2.25073	    0.288435	 1	[(160, 164)]
165	160	  6	   -0.257594	     5.06796	     5.37945	 0	[(160, 165)]
166	160	  7	   -0.257594	     5.03695	     5.89427	 0	[(160, 166)]
167	160	  8	   -0.257594	     5.18551	     6.42795	 0	[(160, 167)]
168	160	  9	   -0.257594	     5.15451	     6.95884	 0	[(160, 168)]
169	160	 10	   -0.257594	     5.11164	     7.49324	 0	[(160, 169)]
170	160	 11	   -0.257594	     5.27347	     8.71548	 0	[(160, 170)]
171	160	 12	   -0.257594	     4.77781	     10.1835	 0	[(160, 171)]
172	160	 13	   -0.257594	     4.90215	     10.9889	 0	[(160, 172)]
173	160	 14	   -0.257594	     4.94726	     11.8828	 0	[(160, 173)]
174	160	 15	   -0.257594	     5.34961	     11.3601	 0	[(160, 174)]
175	160	 16	   -0.257594	     5.44355	     10.6241	 0	[(160, 175)]
176	160	 16	   -0.257594	     5.44355	     10.6241	 0	[(160, 176)]
177	160	 17	   -0.257594	     5.29381	     10.8267	 0	[(160, 177)]
178	160	 17	   -0.257594	     5.29381	     10.8267	 0	[(160, 178)]
179	160	 19	   -0.257594	     5.29204	     10.6944	 0	[(160, 179)]
180	160	 20	   -0.257594	     5.28399	     10.7528	 0	[(160, 180)]
181	160	 20	   -0.257594	     5.28399	     10.7528	 0	[(160, 181)]
182	160	 21	   -0.257594	     5.14687	     10.9027	 0	[(160, 182)]
183	160	 22	   -0.257594	     11.5031	     10.8967	 1	[(160, 183)]
184	160	 23	   -0.257594	     11.5252	     10.8945	 1	[(160, 184)]
185	160	 23	   -0.257594	     11.5252	     10.8945	 1	[(160, 185)]
186	160	 23	   -0.257594	     11.5252	     10.8945	 1	[(160, 186)]
187	160	 23	   -0.257594	     11.5252	     10.8945	 1	[(160, 187)]
188	160	 23	   -0.257594	     11.5252	     10.8945	 1	[(160, 188)]
189	160	 23	   -0.257594	     11.5252	     10.8945	 1	[(160, 189)]
190	183	  3	   -0.257594	     4.91939	    0.251214	 1	[(183, 190)]
191	183	  8	   -0.257594	     2.17142	    0.279225	 1	[(183, 191)]
192	183	 10	   -0.257594	   -0.196364	    0.201248	 0	[(183, 192)]
193	183	 11	   -0.257594	   -0.209044	    0.214358	 0	[(183, 193)]
194	183	 12	   -0.257594	   -0.221823	    0.227644	 0	[(183, 194)]
195	183	 12	   -0.257594	   -0.221823	    0.227644	 0	[(183, 195)]
196	183	 12	   -0.257594	   -0.221823	    0.227644	 0	[(183, 196)]
197	183	 13	   -0.353871	   -0.353871	    0.356942	 0	[(183, 197)]
198	183	 13	   -0.353871	   -0.353871	    0.356942	 0	[(183, 198)]
199	183	 13	   -0.353871	   -0.353871	    0.356942	 0	[(183, 199)]
200	183	 13	   -0.353871	   -0.353871	    0.356942	 0	[(183, 200)]
201	183	 13	   -0.353871	   -0.353871	    0.356942	 0	[(183, 201)]
202	183	 13	   -0.353871	   -0.353871	    0.356942	 0	[(183, 202)]
203	183	 13	   -0.353871	   -0.353871	    0.356942	 0	[(183, 203)]
204	183	 16	   -0.353871	     3.55822	    0.640791	 1	[(183, 204)]
205	183	 18	   -0.353871	     2.02354	    0.621633	 1	[(183, 205)]
206	183	 20	   -0.514278	   -0.514278	    0.523388	 0	[(183, 206)]
207	183	 21	   -0.514278	     5.09663	     6.62998	 0	[(183, 207)]
208	183	 22	   -0.514278	      5.1481	     7.09772	 0	[(183, 208)]
209	183	 23	   -0.514278	     5.28181	     7.59446	 0	[(183, 209)]
210	183	 24	   -0.514278	     5.44836	     8.10607	 0	[(183, 210)]
211	183	 25	   -0.514278	     5.52424	     8.72687	 0	[(183, 211)]
212	183	 26	   -0.514278	     5.59525	     9.59578	 0	[(183, 212)]
213	183	 27	   -0.514278	     5.72324	     10.5022	 0	[(183, 213)]
214	183	 28	   -0.514278	     5.86957	     11.2928	 0	[(183, 214)]
215	183	 29	   -0.514278	     5.95298	     12.2493	 0	[(183, 215)]
216	183	 30	   -0.514278	     5.95925	     13.4604	 0	[(183, 216)]
217	183	 31	   -0.514278	     6.07552	     14.4287	 0	[(183, 217)]
218	183	 32	   -0.514278	     5.94577	     15.6421	 0	[(183, 218)]
219	183	 33	   -0.514278	     6.08746	     16.2834	 0	[(183, 219)]
220	183	 34	   -0.514278	     6.41973	     14.7498	 0	[(183, 220)]
221	183	 34	   -0.514278	     6.41973	     14.7498	 0	[(183, 221)]
222	183	 35	   -0.514278	     6.20013	     14.8767	 0	[(183, 222)]
223	183	 35	   -0.514278	     6.20013	     14.8767	 0	[(183, 223)]
224	183	 35	   -0.514278	     6.20013	     14.8767	 0	[(183, 224)]
225	183	 35	   -0.514278	     6.20013	     14.8767	 0	[(183, 225)]
226	183	 36	   -0.514278	     6.06964	     15.0361	 0	[(183, 226)]
227	183	 36	   -0.514278	     6.06964	     15.0361	 0	[(183, 227)]
228	183	 38	   -0.514278	     5.94591	     15.2319	 0	[(183, 228)]
229	183	 38	   -0.514278	     5.94591	     15.2319	 0	[(183, 229)]
230	183	 39	   -0.514278	     5.81702	     15.3957	 0	[(183, 230)]
231	183	 39	   -0.514278	     5.81702	     15.3957	 0	[(183, 231)]
232	183	 40	   -0.514278	     5.69183	     15.7387	 0	[(183, 232)]
233	183	 40	   -0.514278	     5.69183	     15.7387	 0	[(183, 233)]
234	183	 42	   -0.514278	     5.70007	     16.0034	 0	[(183, 234)]
235	183	 44	   -0.514278	     5.81694	     15.7868	 0	[(183, 235)]
236	183	 44	   -0.514278	     5.81694	     15.7868	 0	[(183, 236)]
237	183	 45	   -0.514278	     5.68435	     15.8856	 0	[(183, 237)]
238	183	 47	   -0.514278	     5.70493	     16.1262	 0	[(183, 238)]
239	183	 49	   -0.514278	     5.80337	     15.2747	 0	[(183, 239)]
240	200	 34	   -0.514278	      6.0446	     15.9074	 0	[(200, 240)]
241	200	 35	   -0.514278	     6.05639	     15.7356	 0	[(200, 241)]
242	200	 35	   -0.514278	     6.05639	     15.7356	 0	[(200, 242)]
243	200	 36	   -0.514278	     13.9782	     15.3991	 1	[(200, 243)]
244	200	 37	   -0.514278	     14.0364	     15.2342	 1	[(200, 244)]
245	200	 37	   -0.514278	     14.0364	     15.2342	 1	[(200, 245)]
246	243	  2	   -0.514278	     3.71676	    0.295665	 1	[(243, 246)]
247	243	  4	   -0.514278	     2.24782	    0.285452	 1	[(243, 247)]
248	243	  6	   -0.514278	     5.12212	     5.39132	 0	[(243, 248)]
249	243	  7	   -0.514278	     5.24286	     5.92852	 0	[(243, 249)]
250	243	  8	   -0.514278	     5.39497	     6.46497	 0	[(243, 250)]
251	243	  9	   -0.514278	     5.52204	     7.00387	 0	[(243, 251)]
252	243	 10	   -0.514278	      5.5771	     7.57238	 0	[(243, 252)]
253	243	 11	   -0.514278	      5.7762	     8.14742	 0	[(243, 253)]
254	243	 12	   -0.514278	     6.15644	      8.3319	 0	[(243, 254)]
255	243	 12	   -0.514278	     6.15644	      8.3319	 0	[(243, 255)]
256	243	 12	   -0.514278	     6.15644	      8.3319	 0	[(243, 256)]
257	243	 13	   -0.514278	     6.01843	     8.49249	 0	[(243, 257)]
258	243	 13	   -0.514278	     6.01843	     8.49249	 0	[(243, 258)]
259	243	 13	   -0.514278	     6.01843	     8.49249	 0	[(243, 259)]
260	243	 14	   -0.514278	     5.88052	     8.62251	 0	[(243, 260)]
261	243	 14	   -0.514278	     5.88052	     8.62251	 0	[(243, 261)]
262	243	 14	   -0.514278	     5.88052	     8.62251	 0	[(243, 262)]
263	243	 14	   -0.514278	     5.88052	     8.62251	 0	[(243, 263)]
264	243	 14	   -0.514278	     5.88052	     8.62251	 0	[(243, 264)]
265	243	 14	   -0.514278	     5.88052	     8.62251	 0	[(243, 265)]
266	243	 14	   -0.514278	     5.88052	     8.62251	 0	[(243, 266)]
267	243	 14	   -0.514278	     5.88052	     8.62251	 0	[(243, 267)]
268	243	 16	   -0.514278	     5.62375	     8.86692	 0	[(243, 268)]
269	243	 16	   -0.514278	     5.62375	     8.86692	 0	[(243, 269)]
270	243	 16	   -0.514278	     5.62375	     8.86692	 0	[(243, 270)]
271	243	 16	   -0.514278	     5.62375	     8.86692	 0	[(243, 271)]
272	243	 16	   -0.514278	     5.62375	     8.86692	 0	[(243, 272)]
273	243	 17	   -0.514278	     5.42107	     9.08688	 0	[(243, 273)]
274	243	 17	   -0.514278	     5.42107	     9.08688	 0	[(243, 274)]
275	243	 17	   -0.514278	     5.42107	     9.08688	 0	[(243, 275)]
276	265	  5	   -0.514278	     7.69846	    0.494668	 2	[(265, 276)]
277	257	  8	   -0.514278	     7.81213	    0.692683	 2	[(257, 277)]
278	265	  9	   -0.514278	     8.20523	     0.49278	 2	[(265, 278)]
279	257	 15	   -0.514278	     11.5378	     8.33294	 2	[(257, 279)]
280	257	 18	   -0.514278	     13.4005	     11.3077	 2	[(257, 280)]
281	265	 13	   -0.514278	     14.3696	     9.00817	 2	[(265, 281)]
282	265	 14	   -0.514278	     15.0577	     9.20121	 2	[(265, 282)]
283	257	 24	   -0.514278	     13.3668	     14.5468	 2	[(257, 283)]
284	265	 18	   -0.514278	     14.5709	     13.2097	 1	[(265, 284)]
285	  5	268	   -0.514278	     10.6864	     225.661	10	[(5, 285)]
286	  5	269	   -0.514278	     7.02924	     226.565	10	[(5, 286)]
287	  5	270	   -0.514278	     3.40246	     228.546	10	[(5, 287)]
288	  5	271	   -0.514278	     2.81381	     229.405	10	[(5, 288)]
289	  5	272	   -0.514278	     3.14815	     229.936	10	[(5, 289)]
290	  5	272	   -0.514278	     3.14815	     229.936	10	[(5, 290)]
291	  5	272	   -0.514278	     3.14815	     229.936	10	[(5, 291)]
292	  5	273	   -0.514278	     2.85787	     230.273	10	[(5, 292)]
293	  5	274	   -0.514278	     2.59921	     230.606	10	[(5, 293)]
294	  5	275	   -0.514278	      8.1899	     230.423	11	[(5, 294)]
295	  5	276	   -0.514278	     6.87851	     231.563	11	[(5, 295)]
296	  5	277	   -0.514278	     5.53113	     232.718	11	[(5, 296)]
297	  5	278	   -0.514278	     3.90877	     233.908	11	[(5, 297)]
298	  5	279	   -0.514278	     2.43523	      234.91	11	[(5, 298)]
299	  5	280	   -0.514278	     1.33402	      236.17	11	[(5, 299)]
300	  0	283	   -0.514278	    0.409958	     239.134	11	[(0, 300)]
301	  0	285	   -0.514278	     1.66785	     240.009	11	[(0, 301)]
302	  0	286	   -0.514278	     2.23044	     239.945	11	[(0, 302)]
303	  0	286	   -0.514278	     2.23044	     239.945	11	[(0, 303)]
304	  0	287	   -0.514278	     1.77312	     241.654	12	[(0, 304)]
305	  0	288	   -0.514278	    0.530287	     242.624	12	[(0, 305)]
306	  0	289	   -0.888759	   -0.888759	     243.692	12	[(0, 306)]
307	  0	290	    -1.75557	    -1.75557	     244.647	12	[(0, 307)]
308	  0	291	    -2.82329	    -2.82329	     245.661	12	[(0, 308)]
309	  0	292	    -3.34579	    -3.34579	     246.605	12	[(0, 309)]
310	  0	293	     -9.3229	     -9.3229	     249.469	12	[(0, 310)]
311	  0	294	    -10.0845	    -10.0845	     250.427	12	[(0, 311)]
312	  0	295	    -10.9772	    -10.9772	     251.505	12	[(0, 312)]
313	  0	296	    -13.6727	    -13.6727	     252.706	12	[(0, 313)]
314	  0	297	    -13.6727	    -13.1999	      253.22	12	[(0, 314)]
315	  0	298	    -15.0922	    -15.0922	     254.435	12	[(0, 315)]
316	  0	299	    -16.9412	    -16.9412	     255.543	12	[(0, 316)]
317	  0	300	    -17.9316	    -17.9316	     256.505	12	[(0, 317)]
318	  0	301	    -19.4929	    -19.4929	     257.549	12	[(0, 318)]
319	  0	303	    -20.0362	    -20.0362	     259.414	11	[(0, 319)]
320	  0	304	    -24.1507	    -24.1507	     261.122	11	[(0, 320)]
321	  0	305	    -24.1507	    -23.6048	     261.596	11	[(0, 321)]
322	  0	305	    -24.1507	    -23.6048	     261.596	11	[(0, 322)]
