nresidues = 112
7 96 0.1875
8 65 0.0625
8 66 0.0625
8 92 0.1875
8 93 0.0625
8 96 0.3125
9 64 0.0625
9 65 1.25
9 93 0.0625
9 96 0.25
10 13 0.859375
10 65 0.125
10 67 0.0625
11 14 0.820312
11 15 0.15625
11 96 0.25
11 100 0.8125
12 15 0.78125
12 16 0.0390625
13 16 0.0390625
13 17 0.3125
13 63 0.0625
13 65 0.0625
13 67 0.1875
14 17 0.117188
14 25 0.0625
14 28 0.0625
14 29 0.125
14 63 0.0625
14 64 0.25
15 18 0.078125
15 22 0.125
15 100 0.3125
15 107 0.0625
18 21 1.125
18 22 0.125
18 25 0.0625
22 25 0.78125
22 26 0.195312
22 107 0.75
23 26 0.78125
23 27 0.078125
24 27 0.78125
24 28 0.15625
25 28 0.78125
25 29 0.117188
25 100 0.0625
26 29 0.78125
26 30 0.078125
26 104 0.4375
26 107 0.1875
27 30 0.78125
27 31 0.15625
28 31 0.742188
28 32 0.078125
28 64 0.0625
29 32 0.78125
29 33 0.078125
29 100 0.125
30 33 0.78125
30 34 0.078125
31 34 0.820312
31 35 0.273438
32 35 0.820312
32 39 0.375
32 60 0.1875
32 61 0.0625
32 64 0.0625
32 69 0.0625
32 90 0.125
32 94 0.0625
32 97 0.125
33 36 0.078125
33 94 0.0625
34 37 0.0390625
35 38 0.78125
35 39 0.546875
36 39 0.9375
36 40 0.078125
36 94 0.125
37 41 0.117188
38 41 0.78125
38 42 0.195312
39 42 0.78125
39 43 0.15625
39 56 0.0625
39 57 0.25
39 60 0.125
39 90 0.1875
40 43 0.117188
41 44 0.0390625
41 47 0.0625
42 47 0.25
42 49 1.1875
42 50 0.125
42 53 0.0625
43 53 0.0625
43 54 0.0625
43 83 0.125
43 86 0.0625
43 87 0.3125
44 47 0.1875
44 50 0.1875
44 83 0.125
45 50 0.3125
45 83 0.1875
47 50 0.25
49 52 0.859375
49 53 0.078125
50 53 0.78125
50 54 0.15625
50 83 0.1875
51 54 0.78125
51 55 0.078125
52 55 0.78125
52 56 0.15625
53 56 0.78125
53 57 0.117188
54 57 0.78125
54 58 0.078125
54 73 0.25
54 77 0.125
54 83 0.0625
55 58 0.742188
55 77 0.125
56 59 0.742188
56 60 0.078125
57 60 0.820312
57 61 0.078125
57 69 0.1875
57 73 0.1875
58 61 0.78125
58 62 0.273438
58 70 0.0625
58 73 0.3125
58 77 0.3125
59 62 0.78125
59 63 0.0390625
60 63 0.742188
60 64 0.117188
61 64 0.78125
61 65 0.78125
61 66 0.351562
61 69 0.25
62 67 0.0390625
62 70 0.1875
62 71 0.25
62 74 0.3125
66 69 0.78125
67 70 0.742188
67 71 0.117188
68 71 0.78125
68 72 0.15625
69 72 0.78125
69 73 0.117188
69 86 0.0625
69 89 0.1875
69 90 0.0625
70 73 0.78125
70 74 0.078125
71 74 0.78125
71 75 0.15625
72 75 0.78125
72 76 0.078125
72 81 0.0625
72 85 0.1875
72 86 0.125
72 89 0.0625
73 76 0.78125
73 77 0.15625
73 86 0.0625
74 77 0.78125
74 78 0.0390625
75 78 0.78125
75 79 0.78125
75 80 0.976562
75 81 0.117188
76 79 0.0390625
76 81 0.117188
76 86 0.125
81 85 0.0390625
82 85 0.78125
82 86 0.0390625
83 86 0.78125
83 87 0.234375
84 87 0.9375
84 88 0.117188
85 88 0.78125
85 89 0.078125
86 89 0.78125
86 90 0.078125
87 90 0.78125
87 91 0.195312
88 91 0.78125
88 92 0.078125
89 92 0.78125
89 93 0.078125
90 93 0.78125
90 94 0.15625
91 94 0.78125
91 95 0.078125
92 95 0.78125
92 96 0.078125
93 96 0.78125
93 97 0.15625
94 97 0.78125
94 98 0.078125
95 98 0.78125
95 99 0.078125
96 99 0.78125
96 100 0.078125
97 100 0.78125
98 101 0.078125
99 102 0.0390625
100 103 0.976562
100 104 0.46875
100 107 0.375
101 104 0.859375
101 105 0.078125
102 105 0.742188
102 106 0.0390625
103 106 0.78125
103 107 0.15625
104 107 0.78125
104 108 0.078125
105 108 0.78125
105 109 0.0390625
106 109 0.78125
106 110 0.15625
107 110 0.78125
108 111 0.0390625
