nresidues = 249
2 218 3.57068
2 220 0.162304
3 216 0.162304
3 217 3.08377
3 218 0.973822
4 200 0.162304
4 204 0.324607
4 215 0.162304
4 216 3.24607
4 217 0.162304
5 215 3.40838
5 216 1.46073
5 218 0.162304
6 212 0.162304
6 214 3.24607
7 10 0.162304
7 27 0.162304
7 214 1.13613
7 216 0.162304
8 26 0.324607
9 26 0.973822
10 22 0.486911
10 26 0.973822
10 213 0.324607
11 26 0.162304
13 17 0.973822
13 19 0.324607
13 22 0.162304
13 41 0.486911
13 44 0.649215
13 45 0.162304
14 17 2.10995
14 44 3.08377
14 45 0.162304
15 44 0.324607
15 45 3.40838
15 46 0.162304
15 47 0.649215
16 45 0.162304
17 45 0.162304
18 21 2.43455
18 22 0.405759
19 22 2.0288
19 23 0.405759
19 41 0.162304
19 42 0.162304
19 45 0.162304
19 131 0.162304
20 23 1.82592
20 24 0.405759
20 131 0.324607
20 134 0.324607
20 138 0.162304
21 24 1.82592
21 25 0.304321
21 138 0.162304
22 25 2.0288
22 26 0.811518
23 26 2.0288
23 27 0.304321
23 29 0.162304
23 35 0.162304
23 37 0.162304
24 27 0.20288
24 135 0.162304
24 138 0.324607
24 139 0.162304
27 216 0.162304
28 218 0.811518
29 33 0.973822
29 135 0.162304
29 141 0.649215
29 143 0.162304
29 216 0.162304
29 218 0.486911
30 33 1.62304
30 143 0.162304
30 218 2.27225
31 141 0.811518
31 142 3.40838
32 142 0.162304
32 220 0.162304
33 143 3.24607
33 144 0.324607
33 216 0.324607
33 217 3.40838
33 218 1.94764
34 144 3.40838
34 146 0.162304
34 215 0.162304
34 216 3.24607
34 217 0.649215
34 222 0.162304
35 135 0.162304
35 144 0.486911
35 145 3.24607
35 146 0.162304
35 215 3.24607
36 146 3.40838
36 148 0.162304
36 197 0.162304
36 201 0.486911
36 205 0.649215
36 214 3.24607
36 215 0.649215
37 41 0.10144
37 42 0.10144
37 131 0.162304
37 146 0.324607
37 147 3.40838
37 148 0.486911
37 205 0.486911
37 213 3.40838
38 41 2.0288
38 42 0.10144
38 147 0.162304
38 148 3.40838
38 205 0.162304
38 213 0.811518
39 42 2.0288
39 43 0.304321
39 147 0.324607
39 148 0.486911
39 149 0.649215
39 164 0.162304
40 43 2.0288
40 44 0.507198
40 118 0.811518
41 44 2.0288
41 45 0.20288
41 213 0.162304
42 45 2.0288
42 46 0.71008
42 121 0.324607
42 127 0.324607
42 147 0.324607
43 46 1.92736
43 47 1.92736
43 48 0.304321
43 118 0.162304
43 119 0.486911
43 120 0.486911
43 121 0.324607
44 47 0.10144
44 111 0.486911
44 118 0.162304
46 121 0.162304
46 127 0.649215
48 81 0.324607
48 117 0.162304
48 118 3.08377
48 119 1.62304
48 120 0.649215
48 122 0.811518
49 112 0.486911
49 116 0.324607
49 117 3.40838
49 118 0.162304
50 54 2.27225
50 55 1.29843
50 116 3.40838
50 117 0.486911
50 119 0.324607
51 54 1.29843
51 55 0.324607
51 114 0.811518
51 115 4.70681
51 116 0.649215
52 55 0.486911
52 73 0.973822
52 74 0.324607
52 115 0.324607
52 117 0.649215
55 73 0.486911
55 76 0.162304
55 77 0.973822
55 80 0.324607
56 76 0.811518
57 61 0.10144
57 62 0.10144
57 72 0.973822
57 73 0.486911
57 76 0.649215
58 61 2.23167
58 62 0.405759
58 76 0.486911
59 62 2.13023
59 63 0.20288
60 63 2.0288
60 64 0.304321
60 85 0.486911
61 64 2.0288
61 65 0.20288
61 72 0.162304
61 75 0.811518
61 76 0.162304
62 65 2.0288
62 66 0.10144
62 72 0.324607
63 66 1.92736
63 67 0.507198
64 67 2.0288
64 68 0.304321
64 75 0.486911
65 68 1.82592
65 69 1.92736
65 70 0.405759
65 71 0.20288
65 72 0.20288
65 75 0.324607
67 88 0.486911
67 89 0.649215
68 88 0.162304
68 90 0.811518
68 91 0.162304
71 74 2.0288
71 75 0.10144
72 75 2.13023
72 76 0.20288
73 76 2.0288
73 77 0.10144
74 77 2.0288
74 78 0.304321
74 104 0.973822
74 107 0.162304
74 117 0.486911
75 78 2.0288
75 79 0.304321
76 79 2.0288
76 80 0.912957
77 80 2.0288
77 81 0.20288
77 107 0.649215
78 81 2.0288
78 82 0.507198
78 92 0.486911
78 104 1.29843
78 105 0.324607
78 107 0.162304
79 82 0.304321
79 85 0.162304
80 97 0.486911
81 96 3.08377
81 97 1.13613
81 105 0.324607
81 107 0.162304
81 119 0.324607
81 120 0.324607
82 94 0.649215
82 95 3.08377
82 97 0.162304
82 105 0.162304
83 95 3.24607
84 94 3.40838
84 95 0.486911
84 241 0.649215
85 92 0.162304
85 93 3.24607
85 248 0.162304
86 93 3.40838
86 101 0.162304
86 241 0.162304
86 244 0.324607
86 248 0.324607
87 91 3.40838
87 92 3.40838
87 93 0.649215
87 244 0.649215
88 91 3.08377
91 103 0.162304
92 102 0.162304
92 103 3.40838
92 104 0.486911
93 102 3.57068
93 103 0.162304
93 244 0.162304
94 100 0.162304
94 101 3.40838
94 102 0.811518
94 104 0.162304
94 105 0.324607
95 99 0.649215
95 100 2.75916
95 241 0.162304
96 99 0.324607
96 100 0.324607
96 102 0.162304
96 105 0.324607
98 105 0.162304
98 120 0.811518
98 121 0.162304
98 124 0.162304
98 164 0.324607
99 232 1.62304
100 151 0.486911
100 164 0.162304
100 232 1.62304
102 105 0.486911
102 151 0.162304
103 106 0.162304
104 107 0.973822
105 120 0.324607
106 119 2.75916
106 120 0.324607
107 117 0.162304
107 118 3.40838
107 119 0.324607
108 117 3.24607
108 118 0.486911
109 117 0.162304
111 208 0.649215
112 116 0.324607
113 116 0.649215
121 124 0.324607
123 126 2.23167
123 127 0.304321
124 127 2.0288
124 128 0.20288
124 147 0.162304
124 164 0.486911
124 165 0.649215
125 128 2.0288
125 129 0.20288
125 165 0.649215
125 166 0.973822
125 227 0.973822
125 228 0.973822
126 129 2.0288
126 130 0.405759
127 130 2.0288
127 131 0.20288
127 147 0.486911
128 131 2.0288
128 132 0.20288
128 145 0.973822
128 147 0.324607
128 166 0.324607
128 167 0.811518
129 132 2.0288
129 133 0.20288
129 167 0.811518
130 133 2.0288
130 134 0.20288
131 134 1.92736
131 135 0.507198
131 145 0.162304
132 135 2.0288
132 136 0.20288
132 143 0.486911
132 145 0.324607
132 167 0.973822
132 168 0.811518
132 225 0.486911
133 136 2.13023
133 137 0.608639
134 137 2.63742
134 138 0.912957
135 138 2.0288
135 139 2.33312
135 141 1.72447
136 139 1.92736
136 140 0.304321
136 141 0.405759
136 142 0.10144
144 167 3.08377
144 168 0.162304
144 169 0.486911
145 166 3.08377
145 167 0.486911
146 163 0.162304
146 165 3.40838
146 166 0.162304
146 194 0.162304
146 197 0.324607
147 163 3.24607
147 164 3.40838
147 165 0.486911
148 162 3.40838
148 198 0.486911
148 205 0.324607
149 160 0.162304
149 161 3.08377
149 162 0.486911
150 159 0.324607
150 160 3.08377
150 202 0.162304
150 207 1.46073
151 159 3.89529
151 160 0.162304
151 162 0.486911
152 158 0.162304
152 162 0.162304
153 156 0.649215
153 157 0.486911
153 158 0.486911
159 207 0.162304
160 202 0.486911
161 198 2.92147
161 199 0.324607
161 202 0.324607
162 195 0.649215
162 198 0.324607
163 195 0.486911
163 228 0.486911
164 228 1.29843
165 228 0.162304
166 171 0.324607
166 226 1.29843
166 227 0.811518
167 224 2.75916
168 223 3.24607
168 224 3.40838
169 222 3.57068
169 223 0.162304
169 224 1.13613
169 225 3.08377
169 226 0.162304
170 173 0.162304
170 193 0.162304
170 194 0.162304
170 222 0.486911
170 223 0.162304
170 226 0.162304
171 191 0.162304
171 192 3.24607
171 193 2.92147
171 194 0.162304
171 230 0.649215
171 231 0.162304
172 190 0.486911
172 191 3.89529
172 192 0.324607
172 230 0.162304
173 189 0.162304
173 190 3.08377
173 191 0.649215
173 193 0.162304
174 189 3.24607
174 190 0.486911
175 178 1.29843
175 186 0.324607
175 188 0.324607
175 189 3.24607
175 191 0.811518
176 189 0.649215
178 186 0.324607
179 183 0.811518
179 184 3.73298
179 185 0.486911
180 183 0.811518
180 184 1.62304
180 186 0.162304
191 196 0.71008
192 195 2.33312
192 196 0.405759
192 231 0.324607
193 196 2.13023
193 197 0.405759
194 197 2.0288
194 198 0.20288
195 198 2.0288
195 199 0.20288
196 199 1.82592
196 200 0.10144
197 200 2.0288
197 201 0.20288
197 220 0.324607
197 222 0.162304
198 201 2.0288
198 202 0.20288
199 202 2.0288
200 203 1.92736
200 204 0.10144
201 204 2.0288
201 205 0.20288
201 215 0.324607
202 205 2.0288
202 206 0.10144
202 207 0.405759
204 212 0.324607
204 215 0.162304
205 212 0.811518
205 213 0.162304
205 215 0.162304
217 220 0.324607
226 230 0.486911
227 230 0.649215
228 231 3.73298
228 232 1.29843
229 232 0.162304
233 237 0.486911
233 238 0.162304
233 241 0.162304
234 237 4.21989
234 238 0.162304
234 241 0.162304
235 241 1.29843
235 242 0.162304
236 242 0.324607
238 241 2.53599
238 242 0.20288
239 242 2.33312
239 243 0.304321
240 243 2.0288
240 244 0.405759
241 244 2.0288
241 245 0.20288
242 245 2.23167
242 246 0.304321
243 246 2.0288
243 247 0.304321
244 247 2.0288
244 248 0.20288
245 248 0.20288
