nresidues = 511
35 38 0.78125
35 39 0.234375
36 39 0.78125
36 40 0.078125
36 426 0.375
36 480 0.25
37 40 0.820312
37 41 0.234375
38 41 0.78125
38 42 0.078125
39 42 0.78125
39 43 0.078125
39 430 1
39 480 0.25
40 43 0.78125
40 44 0.078125
40 477 0.1875
41 44 0.78125
41 45 0.078125
42 45 0.78125
42 46 0.0390625
42 430 0.0625
42 433 0.0625
43 46 0.78125
43 47 0.078125
43 433 0.125
43 473 0.0625
43 476 0.125
43 477 0.125
44 47 0.78125
44 48 0.078125
44 92 0.375
44 94 0.125
44 477 0.3125
45 48 0.78125
45 49 0.078125
45 441 0.5
46 49 0.742188
46 433 0.125
46 437 0.0625
46 446 0.1875
46 473 0.3125
47 50 0.78125
47 51 0.078125
47 88 0.1875
47 92 0.25
47 469 0.0625
47 473 0.125
48 51 0.78125
48 52 0.3125
48 94 0.25
49 52 0.742188
49 441 0.8125
49 442 0.125
49 443 0.125
49 444 0.1875
49 445 0.3125
49 446 0.0625
50 53 0.742188
50 54 0.078125
50 444 0.125
50 446 0.125
50 464 0.0625
50 469 0.375
51 54 0.859375
51 55 0.351562
51 82 0.0625
51 85 0.0625
51 97 0.375
51 101 0.125
51 469 0.0625
52 55 0.820312
52 56 0.078125
52 444 1.0625
53 56 0.78125
53 57 0.15625
53 64 0.0625
53 444 0.0625
54 57 0.703125
54 58 0.898438
54 59 0.234375
54 61 0.1875
54 63 0.0625
54 81 0.3125
54 82 0.0625
55 59 0.273438
57 64 0.0625
57 69 0.6875
57 70 0.125
57 444 0.0625
58 61 0.25
58 63 0.1875
58 64 0.0625
58 70 0.0625
58 71 0.125
59 104 0.25
60 78 1.0625
60 79 0.0625
60 104 0.0625
61 71 1
61 72 1.125
61 73 0.8125
61 79 0.0625
62 72 1.25
62 73 0.75
62 74 0.125
62 75 0.5625
62 76 0.25
62 77 0.3125
62 78 0.25
62 79 1.4375
62 80 1.1875
62 81 0.25
62 126 0.125
63 71 1.25
63 72 0.375
63 73 0.3125
63 74 0.4375
63 81 0.125
63 464 0.125
64 70 1.3125
64 444 0.1875
64 463 1.0625
64 464 0.25
65 68 1.25
65 69 1.25
65 70 0.25
65 71 0.125
65 72 0.0625
65 462 0.5
66 69 0.0625
66 442 0.3125
66 444 0.1875
66 446 0.125
66 447 0.125
66 462 0.375
66 463 0.3125
67 460 0.0625
67 461 0.0625
67 462 0.4375
68 462 0.25
69 444 0.1875
73 77 0.0625
75 78 0.0625
75 80 0.125
75 118 0.0625
75 121 0.375
75 125 0.125
75 126 0.3125
76 113 0.5625
76 115 0.1875
76 116 0.25
76 117 0.1875
77 126 0.0625
78 104 0.1875
78 108 0.1875
78 109 0.125
78 110 0.5625
78 112 0.125
78 113 0.125
78 117 0.0625
78 122 0.0625
78 126 0.5
79 82 0.78125
79 83 0.0390625
79 104 0.0625
79 126 0.25
80 83 0.78125
80 84 0.078125
80 126 0.3125
80 466 0.0625
81 84 0.664062
81 85 0.078125
81 466 0.1875
81 469 0.125
82 85 0.742188
82 101 0.1875
83 86 0.0390625
83 126 0.1875
84 125 0.3125
84 466 0.5625
84 469 1.0625
84 470 0.375
84 501 0.4375
84 503 0.375
85 88 0.78125
85 89 0.078125
85 101 0.0625
85 469 0.125
86 89 0.78125
86 90 0.117188
86 101 0.0625
86 129 0.0625
87 90 0.742188
87 91 0.15625
87 132 0.0625
87 136 0.0625
87 474 0.3125
87 503 0.25
88 91 0.78125
88 92 0.15625
88 469 0.25
88 470 0.1875
88 474 0.25
89 92 0.78125
89 93 0.742188
89 94 0.0390625
89 97 0.0625
89 98 0.0625
90 93 0.0390625
90 98 0.125
90 141 0.0625
91 474 0.125
91 477 0.1875
91 478 0.0625
91 486 0.25
92 473 0.0625
92 477 0.0625
93 144 0.1875
94 97 0.78125
94 98 0.15625
95 98 0.78125
95 99 0.195312
95 144 0.0625
96 99 0.703125
96 100 0.078125
97 100 0.78125
97 101 0.15625
98 101 0.78125
98 102 0.195312
98 144 0.0625
99 102 0.78125
99 103 0.117188
99 145 0.25
99 147 0.1875
100 103 0.742188
100 104 0.0390625
101 104 0.78125
101 105 0.117188
102 105 0.703125
102 150 0.125
102 154 0.1875
103 106 0.742188
103 150 0.1875
104 107 0.78125
104 108 0.15625
105 108 0.195312
105 157 0.25
107 157 0.0625
108 157 0.25
109 112 0.375
110 130 0.125
110 161 0.0625
110 164 0.0625
110 182 0.0625
111 182 0.125
113 182 0.125
116 180 1.25
117 122 0.0390625
117 165 0.0625
117 178 0.0625
117 179 1.1875
117 180 0.25
117 182 0.0625
118 121 0.898438
118 122 0.15625
118 178 1.375
119 122 0.703125
119 123 0.195312
119 176 0.125
119 178 0.375
119 201 0.0625
120 123 0.78125
120 124 0.234375
120 178 0.125
120 197 0.25
120 200 0.125
121 124 0.742188
121 125 0.273438
122 125 0.664062
122 126 0.78125
122 161 0.0625
123 126 0.664062
123 127 0.78125
123 128 0.0390625
123 201 0.1875
123 204 0.3125
123 205 0.1875
124 128 0.0390625
124 200 0.0625
124 204 0.0625
124 499 0.3125
124 500 0.1875
124 501 0.1875
124 503 0.0625
125 128 0.664062
125 129 0.0390625
125 465 0.1875
125 466 0.125
125 467 0.25
125 501 0.375
125 503 0.125
126 129 0.742188
126 130 0.117188
126 161 0.125
127 130 0.742188
127 131 0.234375
127 158 0.125
127 205 0.125
128 131 0.78125
128 132 0.078125
128 204 0.0625
128 499 0.125
128 503 0.25
129 132 0.664062
129 133 0.0390625
129 503 0.25
130 133 0.742188
130 134 0.078125
130 154 0.1875
130 157 0.25
130 158 0.1875
130 161 0.0625
131 134 0.78125
131 135 0.117188
131 155 0.0625
131 158 0.1875
131 204 0.0625
132 135 0.78125
132 136 0.195312
132 503 0.3125
132 504 0.375
133 136 0.78125
133 137 0.15625
133 154 0.125
134 137 0.742188
134 138 0.195312
134 151 0.125
134 154 0.125
134 155 0.1875
135 138 0.703125
135 139 0.0390625
135 140 0.0390625
135 207 0.5
135 505 0.1875
135 506 0.3125
136 139 0.703125
136 140 0.78125
136 141 0.117188
136 486 0.0625
136 496 0.0625
137 141 0.742188
137 142 0.117188
138 142 0.273438
138 148 0.25
138 151 0.0625
138 152 0.0625
139 142 0.234375
140 486 0.1875
140 496 0.1875
141 144 0.0625
147 150 0.9375
147 151 0.15625
148 151 0.859375
148 152 0.273438
149 152 0.78125
149 153 0.0390625
150 153 0.742188
150 154 0.0390625
151 154 0.78125
152 155 0.742188
152 156 0.117188
153 156 0.859375
153 157 0.117188
154 157 0.664062
154 158 0.15625
155 158 0.78125
155 159 0.078125
155 211 0.0625
156 159 0.78125
156 160 0.234375
157 160 0.976562
157 161 0.078125
158 161 0.78125
158 162 0.0390625
158 208 0.0625
159 162 0.78125
159 163 0.234375
159 212 0.375
159 217 0.0625
160 163 0.78125
160 164 0.117188
161 164 0.898438
161 165 0.195312
162 165 0.78125
162 166 0.15625
162 205 0.125
162 208 0.0625
162 217 0.125
163 166 0.273438
163 217 0.3125
164 167 0.078125
164 182 0.0625
165 168 0.078125
165 205 0.0625
166 169 0.78125
166 205 0.0625
166 216 0.375
167 170 0.078125
167 180 0.3125
167 181 0.0625
167 182 0.125
167 185 0.4375
168 171 0.0390625
168 176 1.3125
168 177 0.0625
169 174 0.1875
169 176 0.3125
169 201 0.125
169 205 0.125
169 220 0.25
171 174 0.1875
171 175 0.25
171 177 0.0625
171 249 0.125
172 249 1.0625
172 250 1.3125
173 223 0.125
173 227 0.375
173 249 0.1875
173 250 0.1875
173 251 0.25
174 224 0.0625
175 193 0.0625
175 227 0.0625
175 249 0.125
176 193 0.25
176 224 0.0625
176 249 0.125
177 180 0.0625
177 187 0.8125
177 190 0.0625
177 193 0.1875
177 249 0.125
178 193 0.125
178 197 0.1875
179 187 1.25
179 188 0.1875
180 186 1.3125
181 184 1.5
181 185 1.1875
181 186 0.1875
182 185 0.0625
190 249 0.0625
191 248 1.25
191 249 0.1875
192 246 0.0625
192 247 1.3125
192 248 0.125
192 249 0.0625
192 255 0.0625
193 197 0.195312
193 198 0.273438
193 246 1.1875
193 247 0.25
194 197 0.820312
194 198 0.15625
194 245 1.25
194 247 0.0625
194 264 1.0625
195 198 0.820312
195 199 0.0390625
195 228 0.0625
195 243 0.0625
195 244 0.125
195 245 0.0625
195 247 0.0625
195 264 1.3125
195 265 0.1875
195 268 0.375
196 199 0.742188
196 200 0.195312
196 264 0.25
196 265 0.25
196 266 0.0625
196 267 0.0625
197 201 0.078125
198 201 0.0390625
198 228 0.0625
199 225 0.1875
199 228 0.0625
199 271 0.125
200 204 0.0390625
200 267 0.625
200 271 0.625
200 500 0.0625
201 204 0.898438
201 205 0.15625
202 205 0.703125
202 206 0.195312
202 221 0.125
202 222 0.0625
202 225 0.0625
202 275 0.25
202 286 0.0625
203 206 0.703125
203 207 0.078125
203 271 0.0625
203 275 0.125
203 278 0.0625
203 499 0.0625
204 207 0.78125
204 208 0.078125
204 271 0.375
204 499 0.1875
205 208 0.742188
205 209 0.0390625
205 217 1.5
205 221 0.125
206 209 0.78125
206 210 0.117188
206 222 0.125
206 282 0.0625
207 210 0.78125
207 211 0.351562
207 278 0.3125
207 505 0.1875
207 506 0.25
208 211 0.742188
208 212 0.234375
208 217 0.195312
209 212 0.898438
209 213 0.742188
209 214 0.15625
209 215 0.117188
209 216 0.0390625
209 217 0.234375
209 218 0.117188
210 278 0.3125
210 282 0.4375
212 217 0.0625
214 217 0.0390625
215 218 0.820312
215 219 0.195312
216 219 0.78125
216 220 0.195312
217 220 0.703125
217 221 0.078125
218 221 0.820312
218 222 0.234375
219 222 0.703125
219 223 0.078125
220 223 0.742188
220 224 0.0390625
221 224 0.78125
221 225 0.078125
222 225 0.78125
222 226 0.078125
222 283 0.125
222 286 0.0625
223 226 0.15625
223 227 0.15625
224 227 0.0390625
225 228 0.820312
225 229 0.117188
225 268 0.0625
225 272 0.0625
225 286 0.3125
226 229 0.742188
227 230 0.742188
227 231 0.0390625
227 251 0.0625
227 252 0.4375
227 254 0.0625
228 231 0.0390625
228 247 0.125
228 254 0.0625
228 268 0.1875
229 272 0.0625
229 286 0.0625
229 289 0.25
231 237 0.125
231 243 0.125
231 254 0.125
231 289 0.125
232 253 1.3125
232 254 0.125
233 236 0.25
233 253 0.125
234 237 0.25
235 257 0.0625
236 243 1.1875
236 244 0.0625
236 254 0.25
236 256 0.125
237 240 0.3125
237 241 0.0625
237 242 1.3125
237 289 0.25
238 242 0.0625
238 257 0.0625
238 259 0.125
238 317 0.0625
239 242 0.25
239 296 0.25
239 300 0.8125
239 317 0.5
239 322 0.0625
240 292 1.25
240 293 0.0625
240 296 0.375
241 269 0.0625
241 289 0.0625
241 293 0.0625
242 259 0.0625
242 261 0.0625
242 269 0.25
242 293 0.0625
242 296 0.25
242 297 0.0625
243 254 0.375
243 258 0.0625
243 259 0.1875
243 269 0.0625
244 254 0.3125
244 256 0.375
244 258 1.1875
245 256 0.4375
245 258 0.1875
245 265 0.3125
246 254 1.4375
246 255 0.0625
246 256 0.1875
247 252 0.1875
247 253 1.25
247 254 0.0625
248 251 1.125
248 252 0.0625
248 253 0.3125
248 255 0.0625
257 317 0.0625
257 319 0.125
258 317 1.1875
258 318 0.1875
259 265 0.0390625
259 316 1.25
259 317 0.25
260 265 0.234375
260 269 0.0625
260 316 0.1875
261 265 0.664062
261 266 0.078125
261 297 0.1875
261 301 0.0625
261 314 0.0625
261 330 0.1875
261 332 0.1875
261 333 0.0625
261 337 0.0625
262 265 0.820312
262 266 0.195312
262 316 0.125
262 326 0.0625
262 327 0.4375
262 330 0.3125
263 266 0.0390625
263 327 0.0625
263 329 0.0625
265 268 0.078125
266 269 0.78125
266 332 0.375
267 270 0.9375
267 271 0.15625
267 500 0.0625
268 271 0.742188
268 272 0.15625
269 272 0.078125
269 290 0.125
269 293 0.0625
270 273 0.703125
270 274 0.390625
270 332 0.0625
270 499 0.0625
270 500 0.4375
271 274 0.742188
271 275 0.117188
271 499 0.5
271 500 0.1875
272 275 0.703125
272 286 0.25
272 290 0.0625
273 276 0.78125
273 277 0.0390625
273 290 0.25
273 340 0.125
274 277 0.78125
274 278 0.078125
274 339 0.0625
274 415 0.125
274 497 0.125
274 498 0.25
274 499 0.125
275 278 0.78125
275 279 0.0390625
275 283 0.5625
275 286 0.1875
276 279 0.78125
276 280 0.429688
276 283 0.0625
276 287 0.375
276 343 0.0625
276 344 0.0625
277 343 0.0625
277 494 0.0625
277 507 0.125
278 282 0.0625
278 506 0.125
278 507 1.5
278 508 0.3125
279 282 1.5625
279 283 0.25
279 508 0.125
280 283 1.0625
280 284 0.125
282 508 0.0625
283 286 0.9375
284 287 0.78125
284 288 0.117188
285 288 0.78125
285 289 0.078125
286 289 0.78125
286 290 0.078125
287 290 0.78125
287 291 0.078125
287 344 0.125
288 291 0.742188
288 292 0.0390625
289 292 0.742188
289 293 0.0390625
290 293 0.820312
290 294 0.117188
290 336 0.125
290 340 0.125
290 349 0.125
291 294 0.78125
291 295 0.3125
291 344 0.0625
292 295 0.78125
292 296 0.117188
293 296 0.78125
293 297 0.15625
294 297 0.78125
294 298 0.15625
294 337 0.3125
294 349 0.125
295 298 0.78125
295 299 0.078125
295 346 0.1875
295 349 0.0625
296 299 0.78125
296 300 0.15625
297 300 0.664062
297 301 0.78125
297 314 0.125
298 302 0.117188
298 337 0.125
298 349 0.125
298 352 0.25
300 322 0.375
301 313 0.0625
301 314 1.25
301 315 0.5
302 313 1.1875
302 352 0.1875
303 311 0.0625
303 312 1.1875
303 313 0.3125
303 324 0.0625
303 378 0.375
304 308 1.0625
304 309 0.1875
304 311 0.375
304 312 0.125
305 308 1.375
305 309 0.0625
305 311 0.1875
305 313 0.125
305 378 0.0625
305 391 0.0625
305 395 0.125
306 309 0.125
306 380 0.0625
306 391 0.125
307 391 0.625
307 392 0.0625
307 395 0.0625
308 311 0.25
308 393 0.25
308 394 0.3125
308 395 0.125
311 394 0.0625
312 355 0.0625
312 356 0.0625
312 359 0.0625
313 359 0.1875
313 363 0.0625
313 376 0.3125
313 378 0.4375
314 325 0.0625
314 326 0.0625
314 333 0.125
314 352 0.0625
314 378 0.125
315 322 0.0625
315 323 1.25
316 321 0.0625
316 322 1.25
316 323 0.0625
317 320 0.3125
317 321 1.25
317 322 0.4375
318 321 0.1875
324 377 1.1875
324 378 2.375
324 379 0.0625
325 376 1.25
325 377 0.125
325 378 0.4375
326 330 0.25
326 375 1.25
326 376 0.125
327 330 1.375
327 374 1.3125
327 376 0.3125
328 331 0.125
328 364 0.375
328 373 0.0625
328 374 0.125
328 376 0.0625
328 403 0.0625
328 406 0.4375
328 407 0.0625
328 408 0.3125
328 409 0.0625
329 332 0.0625
329 408 0.1875
330 333 0.5
331 360 0.3125
331 376 0.0625
331 408 0.1875
331 409 0.125
331 412 0.1875
332 335 0.742188
332 412 0.1875
333 336 0.78125
333 337 0.078125
333 356 0.4375
333 412 0.0625
334 337 0.78125
334 338 0.15625
334 353 0.125
334 356 0.0625
334 412 0.125
335 338 0.78125
335 339 0.078125
335 412 0.0625
336 339 0.78125
336 340 0.0390625
337 340 0.742188
337 341 0.0390625
337 349 0.375
337 352 0.4375
337 353 0.0625
337 356 0.0625
338 341 0.742188
338 342 0.117188
338 350 0.0625
338 412 0.0625
338 415 0.0625
338 416 0.125
338 419 0.0625
339 342 0.703125
339 343 0.117188
340 343 0.742188
340 344 0.15625
341 344 0.703125
341 345 0.78125
341 346 0.117188
341 349 0.0625
341 350 0.375
342 350 0.0625
342 419 0.0625
342 490 1.4375
342 491 0.0625
343 491 0.1875
346 349 1.05469
346 350 0.0390625
347 350 0.859375
347 351 0.390625
348 351 0.703125
348 352 0.078125
349 352 0.78125
349 353 0.0390625
350 353 0.742188
350 354 0.117188
351 354 0.78125
351 355 0.078125
352 355 0.859375
352 356 0.117188
353 356 0.78125
353 357 0.117188
354 357 0.78125
354 358 0.195312
354 416 0.0625
354 420 0.0625
354 425 0.125
355 358 0.78125
356 359 0.742188
356 360 0.117188
357 360 0.78125
357 361 0.078125
357 412 0.0625
357 413 0.1875
358 361 0.78125
358 362 0.078125
358 428 0.125
359 362 0.78125
359 363 0.0390625
360 363 0.898438
360 364 0.0390625
361 364 0.78125
361 365 0.390625
361 413 0.3125
361 428 1.0625
362 365 0.703125
362 366 0.15625
363 367 0.0390625
363 372 0.125
363 373 0.125
363 376 0.125
363 396 0.125
364 367 0.0390625
364 370 1.5
364 371 0.5
364 372 0.1875
364 403 0.0625
364 409 0.375
364 432 0.0625
365 370 0.1875
366 390 0.125
367 370 0.4375
367 371 0.25
367 452 1.1875
367 453 0.25
368 452 1.0625
368 453 0.1875
368 454 0.0625
369 435 0.0625
369 439 0.0625
369 452 0.4375
369 454 0.0625
369 456 0.0625
371 403 0.1875
371 435 0.125
371 436 0.0625
371 452 0.3125
372 452 0.25
373 376 0.1875
373 398 0.0625
373 400 1.25
373 402 1.125
373 452 0.0625
374 400 1.25
374 402 0.1875
374 406 0.3125
375 398 1.125
375 399 1.4375
375 400 0.1875
376 396 0.125
376 397 1.25
376 399 0.0625
377 396 1.25
377 397 1.125
378 395 0.0625
378 397 0.3125
379 382 1.5625
379 383 0.0625
379 397 0.25
382 397 0.0625
383 391 0.4375
383 397 0.0625
384 387 1.25
384 388 0.0625
384 397 0.1875
385 388 0.0625
387 390 0.820312
387 391 0.078125
387 397 0.4375
387 398 0.375
388 391 0.78125
388 392 0.351562
389 392 0.78125
389 393 0.078125
390 393 0.820312
390 394 0.78125
390 396 0.820312
391 394 0.742188
391 395 0.78125
391 396 0.15625
398 401 0.0625
401 450 1.4375
401 451 1.3125
401 452 0.25
402 449 1.25
402 450 0.1875
402 461 0.0625
403 406 0.25
403 436 0.25
403 448 1.25
403 449 0.0625
403 452 0.0625
404 448 0.0625
404 467 0.0625
405 440 0.0625
405 446 0.0625
405 447 0.125
405 464 0.125
405 467 0.125
405 472 0.0625
407 410 0.78125
407 411 0.078125
407 471 0.3125
408 411 0.820312
408 412 0.078125
409 412 0.78125
409 413 0.351562
410 413 0.78125
410 414 0.078125
410 429 0.0625
410 432 0.0625
410 436 0.0625
410 475 0.0625
410 476 0.0625
411 414 0.78125
411 415 0.078125
411 475 0.4375
412 415 0.78125
412 416 0.078125
413 416 0.78125
413 417 0.078125
413 425 0.0625
413 428 0.25
413 429 0.0625
414 417 0.78125
414 418 0.3125
414 475 0.0625
414 478 0.3125
414 487 0.5
414 488 0.375
415 418 0.78125
415 419 0.117188
415 488 0.1875
416 419 0.703125
416 420 0.195312
416 425 0.375
417 420 0.703125
417 421 0.078125
417 422 0.117188
417 425 0.125
417 426 0.5625
418 483 0.1875
418 487 0.4375
418 488 0.25
418 489 0.125
418 490 0.125
419 490 0.0625
420 425 0.125
422 425 0.117188
423 426 1.17188
423 427 0.117188
424 427 0.78125
424 428 0.351562
425 428 0.78125
425 429 0.078125
426 429 0.78125
426 430 0.0390625
426 479 0.375
426 480 0.3125
427 430 0.78125
427 431 0.195312
428 431 0.664062
428 432 0.078125
429 432 0.78125
429 433 0.078125
429 476 0.0625
429 479 0.0625
429 480 0.0625
430 433 0.898438
430 434 0.234375
430 480 0.1875
431 434 0.78125
431 435 0.078125
432 435 0.78125
432 436 0.15625
433 436 0.78125
433 437 0.078125
434 437 0.78125
434 438 0.15625
435 438 0.78125
435 439 0.15625
436 439 0.742188
436 440 0.78125
437 440 0.664062
437 441 0.15625
437 446 0.125
439 456 0.1875
439 457 0.0625
439 460 0.125
440 446 1.3125
440 447 0.375
440 460 0.0625
441 445 1.3125
441 446 0.3125
441 460 0.0625
442 445 0.375
442 460 0.125
445 464 0.1875
446 463 0.0625
446 464 0.3125
446 473 0.125
447 460 0.0625
447 461 0.0625
447 463 1.1875
448 460 1.3125
448 461 0.25
449 457 1.125
449 459 1.25
449 461 0.1875
450 457 1.3125
450 458 0.125
450 459 0.375
450 461 0.125
451 454 0.625
451 457 1.4375
454 457 1.1875
464 469 0.078125
465 468 0.078125
466 469 0.742188
466 501 0.0625
467 470 0.742188
467 471 0.820312
467 501 0.125
468 471 0.664062
468 472 0.78125
468 473 0.117188
469 473 0.0390625
470 474 0.15625
470 501 0.0625
470 502 0.0625
470 503 0.0625
471 474 0.742188
471 475 0.195312
471 500 0.1875
471 501 0.5625
471 502 0.1875
472 475 0.664062
472 476 0.15625
473 476 0.664062
473 477 0.078125
474 477 0.78125
474 478 0.195312
474 498 0.0625
474 502 0.25
475 478 0.742188
475 479 0.078125
475 502 0.25
476 479 0.703125
476 480 0.078125
477 480 0.78125
477 481 0.429688
478 481 0.117188
478 486 0.125
478 487 0.25
478 498 0.125
481 487 0.125
482 487 0.25
483 487 0.1875
483 489 0.0625
484 487 0.1875
484 489 0.0625
485 495 0.125
485 496 0.125
486 498 0.25
488 494 0.375
489 493 0.1875
489 494 0.5
490 493 0.25
494 507 0.0625
495 506 1.25
495 507 0.5
496 504 0.1875
496 505 1.5
496 506 0.3125
497 503 0.0625
497 504 1.25
497 505 0.375
498 502 0.25
498 503 1.25
498 504 0.1875
499 502 0.1875
499 503 0.4375
