L	Ls	nvertices	F_L	F_L_constrained	rho_sum	nloops	regions
  0	  0	  0	           0	           0	           0	 0	[(0, 0)]
  1	  0	  0	           0	           0	           0	 0	[(0, 1)]
  2	  0	  0	           0	           0	           0	 0	[(0, 2)]
  3	  0	  0	           0	           0	           0	 0	[(0, 3)]
  4	  0	  0	           0	           0	           0	 0	[(0, 4)]
  5	  0	  4	    -0.26446	    -0.26446	    0.291002	 0	[(0, 5)]
  6	  0	  6	    -0.26446	     1.56565	     3.88185	 0	[(0, 6)]
  7	  0	  8	    -0.26446	     4.04442	     5.17862	 0	[(0, 7)]
  8	  0	  8	    -0.26446	     4.04442	     5.17862	 0	[(0, 8)]
  9	  0	  8	    -0.26446	     4.04442	     5.17862	 0	[(0, 9)]
 10	  0	  8	    -0.26446	     4.04442	     5.17862	 0	[(0, 10)]
 11	  0	  8	    -0.26446	     4.04442	     5.17862	 0	[(0, 11)]
 12	  0	  8	    -0.26446	     4.04442	     5.17862	 0	[(0, 12)]
 13	  0	  8	    -0.26446	     4.04442	     5.17862	 0	[(0, 13)]
 14	  0	  8	    -0.26446	     4.04442	     5.17862	 0	[(0, 14)]
 15	  0	  8	    -0.26446	     4.04442	     5.17862	 0	[(0, 15)]
 16	  0	  8	    -0.26446	     4.04442	     5.17862	 0	[(0, 16)]
 17	  0	  8	    -0.26446	     4.04442	     5.17862	 0	[(0, 17)]
 18	  0	  8	    -0.26446	     4.04442	     5.17862	 0	[(0, 18)]
 19	  0	  8	    -0.26446	     4.04442	     5.17862	 0	[(0, 19)]
 20	  0	  8	    -0.26446	     4.04442	     5.17862	 0	[(0, 20)]
 21	  0	  8	    -0.26446	     4.04442	     5.17862	 0	[(0, 21)]
 22	  0	  8	    -0.26446	     4.04442	     5.17862	 0	[(0, 22)]
 23	  0	  8	    -0.26446	     4.04442	     5.17862	 0	[(0, 23)]
 24	  0	 10	    -0.26446	     3.79066	     5.42717	 0	[(0, 24)]
 25	  0	 10	    -0.26446	     3.79066	     5.42717	 0	[(0, 25)]
 26	  9	  5	    -0.26446	     5.94397	    0.572457	 1	[(9, 26)]
 27	  9	  8	    -0.26446	     7.46894	     4.09626	 1	[(9, 27)]
 28	  9	 10	    -0.26446	     7.13108	     6.67756	 1	[(9, 28)]
 29	  9	 13	    -0.26446	      7.8273	     8.48788	 1	[(9, 29)]
 30	  9	 14	    -0.26446	      8.3472	     9.13266	 1	[(9, 30)]
 31	  9	 15	    -0.26446	     8.79274	     8.40431	 1	[(9, 31)]
 32	  9	 15	    -0.26446	     8.79274	     8.40431	 1	[(9, 32)]
 33	  9	 16	    -0.26446	     8.60173	     8.87168	 1	[(9, 33)]
 34	  9	 17	    -0.26446	     8.62358	     8.70427	 1	[(9, 34)]
 35	  9	 17	    -0.26446	     8.62358	     8.70427	 1	[(9, 35)]
 36	  9	 17	    -0.26446	     8.62358	     8.70427	 1	[(9, 36)]
 37	  9	 19	    -0.26446	     8.61042	     7.05947	 1	[(9, 37)]
 38	  9	 20	    -0.26446	     14.9773	     12.7673	 2	[(9, 38)]
 39	  9	 21	    -0.26446	     15.4445	     12.8854	 2	[(9, 39)]
 40	  9	 21	    -0.26446	     15.4445	     12.8854	 2	[(9, 40)]
 41	 38	  2	    -0.26446	     3.74083	    0.247933	 1	[(38, 41)]
 42	 38	  4	    -0.26446	    -0.25023	    0.257437	 0	[(38, 42)]
 43	 38	  6	    -0.26446	   -0.146537	    0.150737	 0	[(38, 43)]
 44	 38	  7	    -0.26446	   -0.159682	    0.164855	 0	[(38, 44)]
 45	 38	  8	    -0.26446	   -0.172621	    0.178522	 0	[(38, 45)]
 46	 38	  9	    -0.26446	      5.6849	     6.21548	 0	[(38, 46)]
 47	 38	 10	    -0.26446	   -0.198431	    0.205741	 0	[(38, 47)]
 48	 38	 11	    -0.26446	     5.49267	     6.94985	 0	[(38, 48)]
 49	 38	 12	    -0.26446	     5.33591	     7.35195	 0	[(38, 49)]
 50	 38	 13	    -0.26446	     5.36565	     7.73857	 0	[(38, 50)]
 51	 38	 14	    -0.26446	      5.3578	     8.17035	 0	[(38, 51)]
 52	 38	 15	    -0.26446	     5.29852	     8.63108	 0	[(38, 52)]
 53	 38	 16	    -0.26446	     5.08178	     9.00269	 0	[(38, 53)]
 54	 38	 17	    -0.26446	     4.44784	     10.8211	 0	[(38, 54)]
 55	 38	 18	    -0.26446	     4.48048	     11.5875	 0	[(38, 55)]
 56	 38	 19	    -0.26446	     4.36267	     12.3639	 0	[(38, 56)]
 57	 38	 20	    -0.26446	      4.8146	     12.1627	 0	[(38, 57)]
 58	 38	 20	    -0.26446	      4.8146	     12.1627	 0	[(38, 58)]
 59	 38	 20	    -0.26446	      4.8146	     12.1627	 0	[(38, 59)]
 60	 38	 20	    -0.26446	      4.8146	     12.1627	 0	[(38, 60)]
 61	 38	 22	    -0.26446	     4.85517	     11.8233	 0	[(38, 61)]
 62	 38	 22	    -0.26446	     4.85517	     11.8233	 0	[(38, 62)]
 63	 38	 23	    -0.26446	     4.68819	     11.9956	 0	[(38, 63)]
 64	 38	 23	    -0.26446	     4.68819	     11.9956	 0	[(38, 64)]
 65	 38	 23	    -0.26446	     4.68819	     11.9956	 0	[(38, 65)]
 66	 38	 23	    -0.26446	     4.68819	     11.9956	 0	[(38, 66)]
 67	 38	 23	    -0.26446	     4.68819	     11.9956	 0	[(38, 67)]
 68	 38	 23	    -0.26446	     4.68819	     11.9956	 0	[(38, 68)]
 69	 38	 23	    -0.26446	     4.68819	     11.9956	 0	[(38, 69)]
 70	 38	 25	    -0.26446	     11.9192	     12.3154	 1	[(38, 70)]
 71	 38	 26	    -0.26446	     11.8327	     12.3808	 1	[(38, 71)]
 72	 38	 27	    -0.26446	     11.8569	     12.3059	 1	[(38, 72)]
 73	 70	  2	    -0.26446	      3.7141	     0.30148	 1	[(70, 73)]
 74	 70	  4	    -0.26446	     2.24778	     0.29067	 1	[(70, 74)]
 75	 70	  6	    -0.26446	     4.66584	     5.28082	 0	[(70, 75)]
 76	 70	  7	    -0.26446	     4.66123	     5.79858	 0	[(70, 76)]
 77	 70	  8	    -0.26446	      4.6294	     6.30114	 0	[(70, 77)]
 78	 70	  9	    -0.26446	      4.6852	     6.81354	 0	[(70, 78)]
 79	 70	 10	    -0.26446	     4.72965	     8.16685	 0	[(70, 79)]
 80	 70	 11	    -0.26446	     4.73544	     9.21451	 0	[(70, 80)]
 81	 70	 12	    -0.26446	     4.69014	     10.2811	 0	[(70, 81)]
 82	 70	 13	    -0.26446	     4.62957	     11.3148	 0	[(70, 82)]
 83	 70	 14	    -0.26446	     4.65296	     12.0766	 0	[(70, 83)]
 84	 70	 15	    -0.26446	     5.07322	      11.278	 0	[(70, 84)]
 85	 70	 15	    -0.26446	     5.07322	      11.278	 0	[(70, 85)]
 86	 70	 16	    -0.26446	     4.90886	     11.4479	 0	[(70, 86)]
 87	 70	 16	    -0.26446	     4.90886	     11.4479	 0	[(70, 87)]
 88	 70	 17	    -0.26446	     4.73188	     11.6351	 0	[(70, 88)]
 89	 70	 17	    -0.26446	     4.73188	     11.6351	 0	[(70, 89)]
 90	 70	 17	    -0.26446	     4.73188	     11.6351	 0	[(70, 90)]
 91	 70	 17	    -0.26446	     4.73188	     11.6351	 0	[(70, 91)]
 92	 70	 17	    -0.26446	     4.73188	     11.6351	 0	[(70, 92)]
 93	 70	 17	    -0.26446	     4.73188	     11.6351	 0	[(70, 93)]
 94	 70	 20	    -0.26446	     4.47664	     11.8891	 0	[(70, 94)]
 95	 70	 20	    -0.26446	     4.47664	     11.8891	 0	[(70, 95)]
 96	 70	 20	    -0.26446	     4.47664	     11.8891	 0	[(70, 96)]
 97	 70	 20	    -0.26446	     4.47664	     11.8891	 0	[(70, 97)]
 98	 92	  3	    -0.26446	     3.89948	    0.289825	 1	[(92, 98)]
 99	 92	  7	    -0.26446	     2.19373	    0.288461	 1	[(92, 99)]
100	 92	  9	    -0.26446	     5.00554	      5.6075	 0	[(92, 100)]
101	 92	 10	    -0.26446	     4.93012	     6.00519	 0	[(92, 101)]
102	 92	 11	    -0.26446	     4.64028	     6.41042	 0	[(92, 102)]
103	 92	 12	    -0.26446	     4.68907	     6.88746	 0	[(92, 103)]
104	 92	 13	    -0.26446	     5.20241	      7.0832	 0	[(92, 104)]
105	 92	 14	    -0.26446	     5.24191	     7.30477	 0	[(92, 105)]
106	 92	 15	    -0.26446	     5.23616	     7.31549	 0	[(92, 106)]
107	 92	 16	    -0.26446	     5.27707	     7.15691	 0	[(92, 107)]
108	 92	 17	    -0.26446	     5.27921	     7.14796	 0	[(92, 108)]
109	 92	 18	    -0.26446	     5.23178	     7.16618	 0	[(92, 109)]
110	 92	 18	    -0.26446	     5.23178	     7.16618	 0	[(92, 110)]
111	 38	 74	    -0.26446	     6.63753	     62.2118	 1	[(38, 111)]
112	 38	 75	    -0.26446	     6.61448	     64.2729	 1	[(38, 112)]
113	 38	 76	    -0.26446	      7.3063	     64.7017	 1	[(38, 113)]
114	 92	 22	    -0.26446	     7.29945	     7.30486	 1	[(92, 114)]
115	 92	 22	    -0.26446	     7.29945	     7.30486	 1	[(92, 115)]
116	 38	 78	    -0.26446	     8.28151	      68.393	 2	[(38, 116)]
117	 38	 79	    -0.26446	     8.66012	     68.7034	 2	[(38, 117)]
118	 38	 80	    -0.26446	     8.95844	     68.8908	 2	[(38, 118)]
119	116	  2	    -0.26446	     3.71807	    0.292852	 1	[(116, 119)]
120	116	  4	    -0.26446	     2.24711	    0.287287	 1	[(116, 120)]
121	116	  6	    -0.26446	     4.89626	     5.32646	 0	[(116, 121)]
122	116	  7	    -0.26446	     4.87365	     5.82128	 0	[(116, 122)]
123	116	  8	    -0.26446	     4.71144	     6.29107	 0	[(116, 123)]
124	116	  9	    -0.26446	     4.74869	     6.77661	 0	[(116, 124)]
125	116	 10	    -0.26446	     4.78968	     7.95128	 0	[(116, 125)]
126	116	 11	    -0.26446	      4.6666	     9.12056	 0	[(116, 126)]
127	116	 12	    -0.26446	     4.41236	     10.2886	 0	[(116, 127)]
128	116	 13	    -0.26446	     4.30984	     11.2727	 0	[(116, 128)]
129	116	 14	    -0.26446	     4.26314	     12.1826	 0	[(116, 129)]
130	116	 15	    -0.26446	      4.0426	     13.2088	 0	[(116, 130)]
131	116	 16	    -0.26446	     3.94845	     14.1884	 0	[(116, 131)]
132	116	 17	    -0.26446	      3.9644	     14.9429	 0	[(116, 132)]
133	116	 18	    -0.26446	     4.39995	     14.5298	 0	[(116, 133)]
134	116	 19	    -0.26446	     4.52111	     13.8766	 0	[(116, 134)]
135	 38	 97	    -0.26446	     2.74853	     88.2124	 2	[(38, 135)]
136	 38	 98	    -0.26446	     1.39409	     89.1793	 2	[(38, 136)]
137	 38	 99	    -0.26446	     1.55636	     89.8352	 2	[(38, 137)]
138	 38	100	    -0.26446	     1.32241	     90.6444	 2	[(38, 138)]
139	 38	101	    -0.26446	     1.29735	     91.4265	 2	[(38, 139)]
140	 38	102	    -0.26446	     1.78273	     90.8446	 2	[(38, 140)]
141	 38	103	    -0.26446	    0.471934	      93.255	 2	[(38, 141)]
142	 38	104	    -0.26446	     4.65053	     93.9289	 3	[(38, 142)]
143	 38	104	    -0.26446	     4.65053	     93.9289	 3	[(38, 143)]
144	 38	105	    -0.26446	      6.0621	     94.5717	 4	[(38, 144)]
145	142	  2	    -0.26446	     3.74354	    0.243035	 1	[(142, 145)]
146	142	  4	    -0.26446	      2.2572	    0.272275	 1	[(142, 146)]
147	142	  6	    -0.26446	   -0.147296	    0.152411	 0	[(142, 147)]
148	142	  7	    -0.26446	     5.70668	     5.81141	 0	[(142, 148)]
149	142	  8	    -0.26446	       5.658	     6.26679	 0	[(142, 149)]
150	142	  9	    -0.26446	     5.58892	     6.69499	 0	[(142, 150)]
151	142	 10	    -0.26446	     5.03415	     7.00662	 0	[(142, 151)]
152	142	 11	    -0.26446	     3.72143	     6.29172	 0	[(142, 152)]
153	 38	115	    -0.26446	     2.64386	     105.339	 3	[(38, 153)]
154	 38	116	    -0.26446	     3.40624	     105.575	 3	[(38, 154)]
155	 38	117	    -0.26446	     2.88512	     106.453	 3	[(38, 155)]
156	 38	118	    -0.26446	     1.56092	     107.817	 3	[(38, 156)]
157	 38	119	    -0.26446	      1.5479	     108.974	 3	[(38, 157)]
158	 38	120	    -0.26446	     1.45227	     109.853	 3	[(38, 158)]
159	 38	121	    -0.26446	     1.28744	     110.704	 3	[(38, 159)]
160	 38	122	    -0.26446	    0.936136	     111.809	 3	[(38, 160)]
161	 38	123	    -0.26446	    0.635599	     112.878	 3	[(38, 161)]
162	 38	124	    -0.26446	    0.630025	     113.646	 3	[(38, 162)]
163	 38	125	    -0.26446	     1.05193	     113.683	 3	[(38, 163)]
164	 38	126	    -0.26446	     1.24099	     113.266	 3	[(38, 164)]
165	 38	127	    -0.26446	     1.24905	     113.123	 3	[(38, 165)]
166	 38	127	    -0.26446	     1.24905	     113.123	 3	[(38, 166)]
167	 38	127	    -0.26446	     1.24905	     113.123	 3	[(38, 167)]
168	 38	128	    -0.26446	     1.10419	     113.259	 3	[(38, 168)]
169	 38	128	    -0.26446	     1.10419	     113.259	 3	[(38, 169)]
170	 38	128	    -0.26446	     1.10419	     113.259	 3	[(38, 170)]
171	 38	128	    -0.26446	     1.10419	     113.259	 3	[(38, 171)]
172	 38	128	    -0.26446	     1.10419	     113.259	 3	[(38, 172)]
173	 38	128	    -0.26446	     1.10419	     113.259	 3	[(38, 173)]
174	 38	129	    -0.26446	    0.768516	     113.611	 3	[(38, 174)]
175	 38	129	    -0.26446	    0.768516	     113.611	 3	[(38, 175)]
176	 38	130	    -0.26446	     7.62268	     113.979	 4	[(38, 176)]
177	 38	132	    -0.26446	     7.45165	     114.306	 4	[(38, 177)]
178	175	  2	    -0.26446	     3.71611	    0.297071	 1	[(175, 178)]
179	175	  4	    -0.26446	     2.25638	    0.294333	 1	[(175, 179)]
180	175	  6	    -0.26446	     4.76038	     5.28657	 0	[(175, 180)]
181	175	  7	    -0.26446	     4.78442	     5.83033	 0	[(175, 181)]
182	175	  8	    -0.26446	     4.78541	     6.34055	 0	[(175, 182)]
183	175	  9	    -0.26446	     4.56019	     6.85763	 0	[(175, 183)]
184	 38	140	    -0.26446	      3.1997	     123.893	 4	[(38, 184)]
185	 38	141	    -0.26446	     2.56254	     124.867	 4	[(38, 185)]
186	 38	142	    -0.26446	     2.39263	      125.67	 4	[(38, 186)]
187	 38	143	    -0.26446	     1.34825	     126.732	 4	[(38, 187)]
188	 38	144	    -0.26446	     1.08361	     127.615	 4	[(38, 188)]
189	 38	144	    -0.26446	     1.08361	     127.615	 4	[(38, 189)]
190	 38	146	    -0.26446	    0.963116	     127.708	 4	[(38, 190)]
191	 38	146	    -0.26446	    0.963116	     127.708	 4	[(38, 191)]
192	175	 15	    -0.26446	     4.58507	     11.6822	 0	[(175, 192)]
193	175	 15	    -0.26446	     4.58507	     11.6822	 0	[(175, 193)]
194	175	 16	    -0.26446	     4.35262	     11.9321	 0	[(175, 194)]
195	175	 17	    -0.26446	     4.36981	     11.9353	 0	[(175, 195)]
196	175	 18	    -0.26446	     4.41163	     11.8846	 0	[(175, 196)]
197	175	 18	    -0.26446	     4.41163	     11.8846	 0	[(175, 197)]
198	175	 18	    -0.26446	     4.41163	     11.8846	 0	[(175, 198)]
199	175	 18	    -0.26446	     4.41163	     11.8846	 0	[(175, 199)]
200	175	 18	    -0.26446	     4.41163	     11.8846	 0	[(175, 200)]
201	175	 18	    -0.26446	     4.41163	     11.8846	 0	[(175, 201)]
202	175	 18	    -0.26446	     4.41163	     11.8846	 0	[(175, 202)]
203	175	 21	    -0.26446	     4.15277	     12.1459	 0	[(175, 203)]
204	175	 21	    -0.26446	     4.15277	     12.1459	 0	[(175, 204)]
205	175	 21	    -0.26446	     4.15277	     12.1459	 0	[(175, 205)]
206	175	 21	    -0.26446	     4.15277	     12.1459	 0	[(175, 206)]
207	175	 21	    -0.26446	     4.15277	     12.1459	 0	[(175, 207)]
208	197	  7	    -0.26446	     5.59604	    0.529836	 1	[(197, 208)]
209	197	  8	    -0.26446	     5.67807	    0.520408	 1	[(197, 209)]
210	197	 10	    -0.26446	     5.65041	      0.5157	 1	[(197, 210)]
211	197	 10	    -0.26446	     5.65041	      0.5157	 1	[(197, 211)]
212	197	 10	    -0.26446	     5.65041	      0.5157	 1	[(197, 212)]
213	197	 10	    -0.26446	     5.65041	      0.5157	 1	[(197, 213)]
214	197	 10	    -0.26446	     5.65041	      0.5157	 1	[(197, 214)]
215	211	  3	    -0.26446	     3.91332	    0.281616	 1	[(211, 215)]
216	211	  5	    -0.26446	     2.39547	    0.255557	 1	[(211, 216)]
217	211	  6	    -0.26446	     2.51072	     0.24226	 1	[(211, 217)]
218	211	  6	    -0.26446	     2.51072	     0.24226	 1	[(211, 218)]
219	211	  6	    -0.26446	     2.51072	     0.24226	 1	[(211, 219)]
220	211	  7	    -0.26446	     2.39707	    0.369356	 1	[(211, 220)]
221	211	  7	    -0.26446	     2.39707	    0.369356	 1	[(211, 221)]
222	211	  7	    -0.26446	     2.39707	    0.369356	 1	[(211, 222)]
223	211	  7	    -0.26446	     2.39707	    0.369356	 1	[(211, 223)]
224	211	  9	    -0.26446	     2.26002	    0.505914	 1	[(211, 224)]
225	211	 11	    -0.26446	     2.27609	    0.494443	 1	[(211, 225)]
226	211	 11	    -0.26446	     2.27609	    0.494443	 1	[(211, 226)]
227	211	 11	    -0.26446	     2.27609	    0.494443	 1	[(211, 227)]
228	211	 12	    -0.26446	     2.14803	    0.615866	 1	[(211, 228)]
229	211	 12	    -0.26446	     2.14803	    0.615866	 1	[(211, 229)]
230	211	 12	    -0.26446	     2.14803	    0.615866	 1	[(211, 230)]
231	211	 12	    -0.26446	     2.14803	    0.615866	 1	[(211, 231)]
232	211	 12	    -0.26446	     2.14803	    0.615866	 1	[(211, 232)]
233	211	 12	    -0.26446	     2.14803	    0.615866	 1	[(211, 233)]
234	211	 12	    -0.26446	     2.14803	    0.615866	 1	[(211, 234)]
235	231	  2	    -0.26446	      3.7141	     0.30148	 1	[(231, 235)]
236	231	  5	    -0.26446	     2.34954	     0.26253	 1	[(231, 236)]
237	211	 19	    -0.26446	     1.98741	    0.782806	 1	[(211, 237)]
238	231	  8	    -0.26446	     4.08915	     5.72998	 0	[(231, 238)]
239	231	  9	    -0.26446	     3.91734	     6.88603	 0	[(231, 239)]
240	231	 10	    -0.26446	     3.75126	     7.86368	 0	[(231, 240)]
241	231	 11	    -0.26446	     2.89939	     9.02794	 0	[(231, 241)]
242	231	 12	    -0.26446	     2.79269	     9.91401	 0	[(231, 242)]
243	231	 13	    -0.26446	     2.66875	     10.8205	 0	[(231, 243)]
244	231	 14	    -0.26446	     2.74761	     11.5212	 0	[(231, 244)]
245	231	 15	    -0.26446	     2.75809	      12.426	 0	[(231, 245)]
246	231	 16	    -0.26446	     1.08725	     14.0154	 0	[(231, 246)]
247	231	 17	    -0.26446	   -0.200934	     15.1782	 0	[(231, 247)]
248	231	 18	   -0.281388	   -0.281388	     15.9226	 0	[(231, 248)]
249	231	 19	   -0.614712	   -0.614712	     16.7722	 0	[(231, 249)]
250	231	 19	   -0.614712	   -0.614712	     16.7722	 0	[(231, 250)]
251	231	 20	   -0.614712	     1.27652	     16.9448	 1	[(231, 251)]
252	231	 21	   -0.614712	     1.51452	      17.024	 1	[(231, 252)]
253	231	 22	   -0.614712	      1.5838	     17.0122	 1	[(231, 253)]
254	231	 22	   -0.614712	      1.5838	     17.0122	 1	[(231, 254)]
255	231	 23	   -0.614712	     3.79116	     17.1833	 2	[(231, 255)]
256	251	 24	    -0.86005	    -0.86005	     17.0347	 0	[(231, 250), (251, 256)]
257	211	 38	    -0.86005	     3.53971	     17.7157	 2	[(211, 257)]
258	231	 27	    -0.86005	     4.75034	     22.7212	 1	[(231, 258)]
259	231	 28	    -0.86005	      4.2745	     23.9688	 1	[(231, 259)]
260	231	 29	    -0.86005	     3.76308	     25.3163	 1	[(231, 260)]
261	231	 30	    -0.86005	     3.77605	     26.2357	 1	[(231, 261)]
262	231	 31	    -0.86005	     3.70253	     27.0919	 1	[(231, 262)]
263	231	 32	    -0.86005	     3.59364	     28.0155	 1	[(231, 263)]
264	231	 33	    -0.86005	      3.5682	     29.0591	 1	[(231, 264)]
265	231	 34	    -0.86005	     3.50496	     30.0812	 1	[(231, 265)]
266	231	 35	    -0.86005	      3.4299	     31.0874	 1	[(231, 266)]
267	231	 36	    -0.86005	     3.41243	     32.0468	 1	[(231, 267)]
268	231	 37	    -0.86005	     3.39954	     32.9938	 1	[(231, 268)]
269	231	 38	    -0.86005	     3.84076	     32.5332	 1	[(231, 269)]
270	231	 38	    -0.86005	     3.84076	     32.5332	 1	[(231, 270)]
271	231	 38	    -0.86005	     3.84076	     32.5332	 1	[(231, 271)]
272	231	 39	    -0.86005	      3.7048	     32.7158	 1	[(231, 272)]
273	231	 39	    -0.86005	      3.7048	     32.7158	 1	[(231, 273)]
274	 22	247	    -0.86005	     2.26603	     207.406	 8	[(22, 274)]
275	 22	248	    -1.37374	    -1.37374	     209.603	 8	[(22, 275)]
276	 22	249	     -4.2093	     -4.2093	     212.369	 8	[(22, 276)]
277	 22	250	    -5.81895	    -5.81895	     213.883	 8	[(22, 277)]
278	  9	263	    -8.50785	    -8.50785	     223.717	10	[(9, 278)]
279	  9	264	    -10.6258	    -10.6258	     225.015	10	[(9, 279)]
280	  9	265	    -15.2786	    -15.2786	     227.873	10	[(9, 280)]
281	  9	267	    -20.3427	    -20.3427	     231.097	 9	[(9, 281)]
282	  9	268	    -20.7094	    -20.7094	     231.917	 9	[(9, 282)]
283	  9	269	    -20.7094	    -20.1317	     232.223	 9	[(9, 283)]
284	  9	270	    -20.7094	      -20.16	     232.746	 9	[(9, 284)]
285	  9	271	    -23.2242	    -23.2242	     234.777	 9	[(9, 285)]
286	  9	272	    -23.2242	    -22.6452	     235.197	 9	[(9, 286)]
287	  9	273	    -23.2242	    -22.1853	     235.188	 9	[(9, 287)]
288	  9	274	    -23.2242	    -22.8744	         236	 9	[(9, 288)]
289	  9	275	    -23.2242	    -22.4932	     235.625	 9	[(9, 289)]
290	  9	276	    -23.2242	    -22.6207	      235.77	 9	[(9, 290)]
291	  9	277	    -23.2242	    -22.8882	     236.081	 9	[(9, 291)]
292	  9	278	    -23.2242	    -22.7222	     235.902	 9	[(9, 292)]
293	  9	278	    -23.2242	    -22.7222	     235.902	 9	[(9, 293)]
294	  9	278	    -23.2242	    -22.7222	     235.902	 9	[(9, 294)]
295	  9	278	    -23.2242	    -22.7222	     235.902	 9	[(9, 295)]
296	  9	278	    -23.2242	    -22.7222	     235.902	 9	[(9, 296)]
297	  9	278	    -23.2242	    -22.7222	     235.902	 9	[(9, 297)]
298	  9	278	    -23.2242	    -22.7222	     235.902	 9	[(9, 298)]
299	  9	278	    -23.2242	    -22.7222	     235.902	 9	[(9, 299)]
300	  9	278	    -23.2242	    -22.7222	     235.902	 9	[(9, 300)]
301	  9	278	    -23.2242	    -22.7222	     235.902	 9	[(9, 301)]
302	  9	278	    -23.2242	    -22.7222	     235.902	 9	[(9, 302)]
303	  9	278	    -23.2242	    -22.7222	     235.902	 9	[(9, 303)]
