L	Ls	nvertices	F_L	F_L_constrained	rho_sum	nloops	regions
 18	  0	  0	           0	           0	           0	 0	[(0, 18)]
 19	  0	  0	           0	           0	           0	 0	[(0, 19)]
 20	  0	  0	           0	           0	           0	 0	[(0, 20)]
 21	  0	  0	           0	           0	           0	 0	[(0, 21)]
 22	  0	  0	           0	           0	           0	 0	[(0, 22)]
 23	  0	  0	           0	           0	           0	 0	[(0, 23)]
 24	  0	  3	           0	     3.89375	    0.300292	 1	[(0, 24)]
 25	  0	  5	           0	     2.37024	     0.27222	 1	[(0, 25)]
 26	  0	  7	           0	      4.6846	     5.58438	 0	[(0, 26)]
 27	  0	  8	           0	     4.50687	     6.02344	 0	[(0, 27)]
 28	  0	  9	           0	      4.3429	     6.46142	 0	[(0, 28)]
 29	  0	 10	           0	     4.00036	     8.12476	 0	[(0, 29)]
 30	  0	 11	           0	     3.79999	     9.13599	 0	[(0, 30)]
 31	  0	 12	           0	     2.72261	     10.3602	 0	[(0, 31)]
 32	  0	 13	           0	     2.21944	     11.3334	 0	[(0, 32)]
 33	  0	 14	           0	     2.13409	     12.1068	 0	[(0, 33)]
 34	  0	 15	           0	      2.6912	     12.1058	 0	[(0, 34)]
 35	  0	 15	           0	      2.6912	     12.1058	 0	[(0, 35)]
 36	  0	 15	           0	      2.6912	     12.1058	 0	[(0, 36)]
 37	  0	 16	           0	     2.51949	     12.3373	 0	[(0, 37)]
 38	  0	 16	           0	     2.51949	     12.3373	 0	[(0, 38)]
 39	  0	 18	           0	     2.41181	     12.4246	 0	[(0, 39)]
 40	  0	 20	           0	     9.15583	     16.6513	 1	[(0, 40)]
 41	  0	 21	           0	     9.59432	     17.0756	 1	[(0, 41)]
 42	  0	 22	           0	     9.78656	     17.4136	 1	[(0, 42)]
 43	  0	 22	           0	     9.78656	     17.4136	 1	[(0, 43)]
 44	 40	  3	           0	     3.89927	     0.29022	 1	[(40, 44)]
 45	 40	  5	           0	     2.37715	    0.270837	 1	[(40, 45)]
 46	 40	  7	           0	     4.83851	     5.63972	 0	[(40, 46)]
 47	 40	  8	           0	     4.59137	     6.05319	 0	[(40, 47)]
 48	 40	  9	           0	     4.46362	     6.48944	 0	[(40, 48)]
 49	 40	 10	           0	     4.35911	     7.86295	 0	[(40, 49)]
 50	 40	 11	           0	      4.1866	     8.92869	 0	[(40, 50)]
 51	 40	 12	           0	     3.87035	     10.0136	 0	[(40, 51)]
 52	 40	 13	           0	     3.74411	     10.9588	 0	[(40, 52)]
 53	 40	 14	           0	     2.15394	     12.2805	 0	[(40, 53)]
 54	 40	 15	           0	     1.66459	     13.1614	 0	[(40, 54)]
 55	 40	 16	           0	     1.94396	     13.7115	 0	[(40, 55)]
 56	 40	 17	           0	     2.36505	     13.6402	 0	[(40, 56)]
 57	 40	 17	           0	     2.36505	     13.6402	 0	[(40, 57)]
 58	 40	 17	           0	     2.36505	     13.6402	 0	[(40, 58)]
 59	 40	 18	           0	     2.21006	     13.8044	 0	[(40, 59)]
 60	 40	 18	           0	     2.21006	     13.8044	 0	[(40, 60)]
 61	 40	 18	           0	     2.21006	     13.8044	 0	[(40, 61)]
 62	 40	 18	           0	     2.21006	     13.8044	 0	[(40, 62)]
 63	 40	 18	           0	     2.21006	     13.8044	 0	[(40, 63)]
 64	 40	 18	           0	     2.21006	     13.8044	 0	[(40, 64)]
 65	 40	 18	           0	     2.21006	     13.8044	 0	[(40, 65)]
 66	 59	  2	           0	     3.74387	    0.242446	 1	[(59, 66)]
 67	 59	  4	           0	     4.23172	    0.310962	 1	[(59, 67)]
 68	 59	  6	           0	     5.99744	     4.09616	 1	[(59, 68)]
 69	 59	  9	           0	     5.80518	      7.1053	 1	[(59, 69)]
 70	 59	 10	           0	     5.62165	     8.70228	 1	[(59, 70)]
 71	 59	 11	           0	     6.31943	     8.96765	 1	[(59, 71)]
 72	 59	 11	           0	     6.31943	     8.96765	 1	[(59, 72)]
 73	 67	  2	           0	     3.68512	    0.374027	 1	[(67, 73)]
 74	 67	  5	           0	     1.65782	      3.8905	 1	[(67, 74)]
 75	 59	 14	           0	     0.66105	       12.35	 2	[(59, 75)]
 76	 59	 15	    -2.32984	    -2.32984	     13.4573	 2	[(59, 76)]
 77	 59	 16	    -2.32984	    -2.16993	      14.115	 2	[(59, 77)]
 78	 59	 18	    -2.32984	   -0.968868	     14.1594	 2	[(59, 78)]
 79	 59	 19	    -2.32984	     -1.3941	     14.7936	 2	[(59, 79)]
 80	 59	 20	    -2.49636	    -2.49636	     16.1531	 2	[(59, 80)]
 81	 59	 21	    -2.49636	    -1.97492	     16.5428	 2	[(59, 81)]
 82	 59	 21	    -2.49636	    -1.97492	     16.5428	 2	[(59, 82)]
 83	 59	 22	    -2.49636	    -2.41867	     17.0893	 2	[(59, 83)]
 84	 59	 22	    -2.49636	    -2.41867	     17.0893	 2	[(59, 84)]
 85	 59	 23	    -2.58279	    -2.58279	     17.2483	 2	[(59, 85)]
 86	 59	 24	    -2.58279	     2.63778	     18.2407	 3	[(59, 86)]
 87	 59	 25	    -2.58279	     2.93452	     17.9269	 3	[(59, 87)]
 88	 59	 26	    -2.58279	     3.06701	     17.7167	 3	[(59, 88)]
 89	 59	 27	    -2.58279	      2.7998	     18.6617	 3	[(59, 89)]
 90	 59	 28	    -2.58279	     1.04298	     20.4379	 3	[(59, 90)]
 91	 59	 30	    -2.82479	    -2.82479	     21.8032	 3	[(59, 91)]
 92	 59	 31	    -5.09752	    -5.09752	     22.7969	 3	[(59, 92)]
 93	 59	 32	    -5.09752	    -4.51201	     23.2379	 3	[(59, 93)]
 94	 59	 33	    -5.09752	    -4.32727	      23.608	 3	[(59, 94)]
 95	 59	 34	    -5.09752	    -4.29154	     25.9226	 4	[(59, 95)]
 96	 59	 35	    -5.35689	    -5.35689	     27.9146	 4	[(59, 96)]
 97	 59	 36	    -7.25332	    -7.25332	     29.0385	 4	[(59, 97)]
 98	 59	 36	    -7.25332	    -7.25332	     29.0385	 4	[(59, 98)]
 99	 59	 37	    -7.42182	    -7.42182	      29.196	 4	[(59, 99)]
100	 59	 38	    -12.2756	    -12.2756	     30.4322	 4	[(59, 100)]
101	 59	 40	    -12.2756	    -11.4421	     32.7091	 4	[(59, 101)]
102	 59	 41	    -12.2756	    -10.7006	     33.0286	 4	[(59, 102)]
103	 59	 41	    -12.2756	    -10.7006	     33.0286	 4	[(59, 103)]
104	 59	 41	    -12.2756	    -10.7006	     33.0286	 4	[(59, 104)]
105	 59	 41	    -12.2756	    -10.7006	     33.0286	 4	[(59, 105)]
106	 59	 41	    -12.2756	    -10.7006	     33.0286	 4	[(59, 106)]
107	 59	 42	    -12.2756	    -4.51471	     33.2618	 5	[(59, 107)]
108	  0	 87	    -12.2756	    -2.94584	     72.5161	 7	[(0, 108)]
109	 59	 46	    -12.2756	    -4.47794	     33.2334	 5	[(59, 109)]
110	  0	 89	    -12.2756	    -2.03107	     77.8085	 7	[(0, 110)]
111	  0	 90	    -12.2756	    -3.43323	     79.2711	 7	[(0, 111)]
112	  0	 91	    -12.2756	    -4.00429	     80.2112	 7	[(0, 112)]
113	  0	 92	    -12.2756	     -6.7126	      81.783	 7	[(0, 113)]
114	  0	 93	    -12.2756	    -7.43829	     82.7148	 7	[(0, 114)]
115	  0	 94	    -12.2756	    -8.89876	     83.7762	 7	[(0, 115)]
116	  0	 96	    -12.2756	    -7.87599	     85.1704	 7	[(0, 116)]
117	  0	 97	    -12.2756	    -8.69181	     86.3499	 7	[(0, 117)]
118	  0	 98	    -12.2756	    -9.40963	     87.3224	 7	[(0, 118)]
119	  0	 99	    -12.2756	    -9.44226	     88.0603	 7	[(0, 119)]
120	  0	100	    -12.2756	    -8.96622	     88.2012	 7	[(0, 120)]
121	  0	101	    -12.2756	    -8.76844	     87.9432	 7	[(0, 121)]
122	  0	102	    -12.2756	    -9.27727	     88.4313	 7	[(0, 122)]
123	  0	103	    -12.2756	    -8.96422	     91.4399	 7	[(0, 123)]
124	  0	104	    -12.2756	    -8.35513	     91.3503	 7	[(0, 124)]
125	  0	105	    -12.2756	    -4.06277	     93.1088	 8	[(0, 125)]
126	  0	106	    -12.2756	    -3.50959	     92.9853	 8	[(0, 126)]
127	  0	107	    -12.2756	    -3.32525	     92.6891	 8	[(0, 127)]
128	  0	108	    -12.2756	    -5.59618	     95.4346	 8	[(0, 128)]
129	  0	109	    -12.2756	    -5.40193	      96.852	 8	[(0, 129)]
130	  0	110	    -12.2756	    -5.68373	     98.1439	 8	[(0, 130)]
131	  0	111	    -12.2756	    -8.38871	     99.3997	 8	[(0, 131)]
132	  0	112	    -12.2756	    -10.1741	     100.404	 8	[(0, 132)]
133	  0	113	    -12.2756	    -9.70617	     100.906	 8	[(0, 133)]
134	  0	113	    -12.2756	    -9.70617	     100.906	 8	[(0, 134)]
135	  0	114	    -12.2756	     -10.082	     101.242	 8	[(0, 135)]
136	  0	114	    -12.2756	     -10.082	     101.242	 8	[(0, 136)]
137	  0	115	    -12.2756	    -10.7575	     101.783	 8	[(0, 137)]
138	  0	115	    -12.2756	    -10.7575	     101.783	 8	[(0, 138)]
139	  0	117	    -12.2756	     -10.333	     101.577	 8	[(0, 139)]
140	  0	118	    -12.2756	    -11.0214	     102.272	 8	[(0, 140)]
141	  0	120	    -12.2756	    -9.76286	     104.771	 8	[(0, 141)]
142	  0	121	    -12.2756	     -11.091	     107.275	 8	[(0, 142)]
143	  0	122	    -12.2756	    -10.3268	     107.559	 8	[(0, 143)]
144	  0	123	    -12.2756	    -10.4099	     108.129	 8	[(0, 144)]
145	  0	123	    -12.2756	    -10.4099	     108.129	 8	[(0, 145)]
146	  0	124	    -12.2756	    -11.0249	     108.618	 8	[(0, 146)]
147	  0	124	    -12.2756	    -11.0249	     108.618	 8	[(0, 147)]
