nresidues = 207
5 8 1.90129
5 9 0.316884
5 43 1.18303
6 9 2.00692
7 10 2.11255
7 11 0.42251
8 11 2.11255
8 12 0.211255
8 33 0.169004
8 43 0.169004
9 12 2.21817
9 13 0.528136
9 53 0.169004
9 54 0.169004
9 57 0.169004
10 13 1.90129
10 14 0.211255
10 61 0.507012
11 14 2.21817
11 15 0.211255
11 32 0.338008
11 33 0.169004
12 15 2.21817
12 16 0.105627
12 24 0.169004
12 50 0.169004
13 16 2.00692
13 17 0.316884
13 58 0.338008
13 61 0.338008
14 17 1.79566
14 18 0.528136
14 32 1.01402
15 18 2.21817
15 19 0.739393
15 24 0.169004
15 28 0.169004
15 29 0.169004
16 19 2.00692
16 20 0.316884
16 93 0.169004
17 92 1.85904
17 93 0.676015
18 32 0.169004
18 93 0.507012
19 22 2.87307
19 23 0.845019
19 93 1.18303
20 23 3.21107
20 24 0.338008
20 93 0.676015
20 94 0.676015
21 24 0.338008
21 47 0.507012
21 94 0.676015
21 97 0.507012
21 98 0.169004
22 25 0.169004
22 47 0.507012
23 28 0.845019
24 47 0.507012
24 50 0.169004
24 54 0.169004
25 28 2.64068
25 29 0.211255
26 29 2.00692
26 30 0.211255
26 37 0.676015
26 40 0.169004
26 41 1.85904
27 30 2.11255
27 31 0.528136
27 37 0.676015
28 31 2.11255
28 32 0.211255
29 32 2.11255
29 33 0.633764
29 40 1.01402
29 50 0.169004
30 33 2.11255
30 34 2.00692
30 35 0.633764
30 37 0.338008
30 40 0.338008
31 34 0.105627
33 40 0.169004
35 39 0.316884
36 39 2.42943
37 40 2.11255
37 41 0.528136
38 41 2.11255
38 42 0.211255
39 42 2.00692
39 43 0.105627
40 43 2.53506
40 44 0.42251
41 44 0.42251
46 49 2.3238
46 50 0.105627
47 50 2.11255
47 51 0.316884
48 51 2.7463
48 52 0.950645
48 98 0.169004
48 102 0.169004
49 52 2.11255
49 53 0.211255
50 53 2.11255
50 54 0.633764
51 54 2.11255
51 55 0.211255
51 98 0.169004
52 55 2.11255
52 56 0.211255
52 102 0.169004
53 56 2.11255
53 57 0.211255
54 57 2.11255
54 58 0.42251
54 98 0.169004
55 58 1.79566
55 59 0.105627
55 98 0.507012
56 59 2.11255
56 60 0.211255
56 105 0.169004
56 108 0.169004
57 60 2.11255
57 61 1.1619
58 61 2.11255
58 62 0.42251
58 88 0.169004
58 92 0.507012
59 62 1.90129
59 63 0.845019
59 85 0.338008
59 88 0.169004
59 108 0.169004
62 88 0.845019
62 91 1.18303
62 92 1.18303
63 81 0.507012
63 84 2.02805
63 85 0.338008
63 88 0.338008
64 84 0.845019
65 68 0.169004
65 69 0.169004
65 72 1.18303
65 77 0.169004
65 80 1.18303
65 81 0.845019
65 84 0.507012
66 77 0.845019
66 81 0.169004
66 111 0.338008
66 115 0.845019
67 77 1.01402
67 114 0.338008
68 72 0.676015
68 77 0.845019
68 118 1.01402
69 72 0.676015
72 76 1.1619
72 77 0.211255
72 80 0.507012
72 118 0.338008
73 76 2.3238
73 77 0.211255
73 118 0.507012
74 77 2.11255
74 78 0.528136
74 118 0.507012
74 122 0.845019
74 124 0.845019
74 193 0.169004
74 196 0.507012
74 197 0.507012
74 200 0.507012
75 78 1.79566
75 79 0.42251
75 193 0.507012
75 194 0.169004
75 197 0.845019
76 79 2.21817
76 80 0.528136
77 80 2.21817
77 81 0.633764
77 115 0.169004
77 118 0.676015
78 81 2.11255
78 82 0.211255
78 119 0.169004
78 193 0.169004
78 196 0.338008
79 82 2.11255
79 83 0.42251
79 189 0.338008
79 190 1.35203
79 193 0.338008
80 83 2.11255
80 84 0.211255
81 84 2.11255
81 85 0.211255
81 115 0.169004
82 85 2.11255
82 86 0.211255
82 136 0.169004
82 185 0.169004
82 189 0.338008
83 86 2.11255
83 87 0.633764
84 87 2.11255
84 88 0.211255
85 88 2.11255
85 89 0.739393
85 99 0.338008
85 140 0.338008
86 89 2.11255
86 90 0.950645
86 140 0.338008
86 144 0.169004
86 147 0.676015
86 182 0.845019
86 185 1.18303
87 90 2.11255
87 91 0.211255
88 91 0.211255
89 92 0.105627
89 95 3.21107
89 96 0.169004
89 141 0.169004
89 148 0.169004
90 144 0.169004
90 147 0.169004
90 148 0.338008
92 95 0.169004
92 148 0.169004
94 97 2.21817
94 98 0.316884
94 149 0.169004
95 98 2.00692
95 99 0.105627
96 99 2.00692
96 100 0.211255
96 141 0.169004
96 144 0.169004
96 145 0.507012
96 148 0.169004
97 100 0.316884
97 145 0.169004
97 149 0.676015
98 102 0.169004
99 102 1.69004
100 145 0.169004
104 108 0.676015
104 109 0.169004
105 108 3.71808
105 109 1.01402
106 109 1.85904
108 111 2.11255
108 112 0.316884
109 112 2.00692
109 113 0.211255
110 113 2.11255
110 114 0.42251
111 114 2.11255
111 115 0.42251
112 115 2.21817
112 116 0.42251
113 116 2.21817
113 117 0.211255
114 117 2.53506
114 118 0.211255
115 118 2.11255
115 119 0.211255
116 119 2.11255
116 120 0.316884
116 133 0.169004
117 120 2.42943
117 121 0.739393
118 121 2.11255
118 122 0.845019
119 122 2.11255
119 123 1.79566
119 124 0.950645
119 132 0.169004
119 133 0.169004
120 123 0.105627
120 124 0.42251
120 125 0.105627
120 126 0.105627
122 200 0.338008
123 200 0.507012
123 204 0.169004
124 128 0.105627
124 129 0.105627
124 200 0.338008
125 128 2.64068
125 129 0.105627
126 129 2.00692
126 130 0.211255
127 130 2.21817
127 131 1.26753
128 131 2.11255
128 132 0.211255
128 203 0.169004
129 132 2.11255
129 133 0.42251
130 133 2.21817
130 134 0.528136
131 134 2.21817
131 135 0.211255
132 135 2.11255
132 136 0.316884
132 196 1.52103
133 136 2.11255
133 137 0.316884
134 137 2.11255
134 138 0.633764
135 138 2.00692
135 139 0.211255
135 192 0.169004
136 139 2.11255
136 140 0.42251
136 192 0.169004
136 196 0.169004
137 140 2.11255
137 141 0.42251
138 141 2.11255
138 142 0.105627
139 142 2.00692
139 143 0.211255
139 185 1.01402
139 188 0.845019
139 192 0.169004
140 143 2.11255
140 144 0.316884
140 185 0.507012
141 144 2.11255
141 145 0.42251
142 145 2.00692
142 146 0.316884
143 146 1.90129
143 147 0.211255
144 147 2.11255
144 148 0.528136
145 148 2.11255
145 149 0.316884
146 149 1.90129
146 150 0.211255
147 150 2.11255
147 151 0.316884
147 180 0.845019
148 151 2.11255
148 152 0.211255
149 152 2.11255
149 153 0.211255
150 153 2.11255
150 154 0.211255
150 157 0.169004
151 154 0.42251
152 155 0.105627
153 156 2.00692
153 157 0.528136
154 157 0.105627
162 165 0.845019
162 170 0.507012
164 170 0.105627
165 169 0.211255
165 170 0.316884
165 173 0.169004
166 169 2.11255
166 170 0.211255
167 170 2.11255
167 171 0.211255
168 171 2.21817
168 172 0.211255
169 172 2.11255
169 173 0.42251
170 173 2.00692
170 174 0.211255
171 174 2.11255
171 175 0.42251
172 175 2.11255
172 176 0.42251
173 176 2.11255
173 177 0.528136
174 177 2.00692
174 178 0.211255
175 178 0.42251
176 179 0.211255
179 182 0.507012
179 183 0.338008
181 184 2.11255
181 185 0.211255
182 185 2.11255
182 186 0.42251
183 186 2.11255
183 187 0.211255
184 187 2.11255
184 188 0.105627
185 188 2.00692
185 189 0.211255
186 189 2.11255
186 190 0.633764
187 190 2.11255
187 191 0.42251
188 191 2.11255
188 192 0.316884
189 192 2.11255
189 193 0.42251
190 193 2.11255
190 194 0.316884
191 194 2.11255
191 195 0.105627
192 195 2.00692
192 196 1.1619
193 196 2.21817
193 197 0.316884
194 197 3.16884
194 198 0.211255
195 198 2.11255
195 199 0.633764
196 199 2.42943
196 200 0.211255
197 200 2.21817
197 201 0.42251
198 201 2.11255
198 202 0.211255
199 202 2.00692
199 203 0.211255
200 203 2.11255
200 204 0.739393
201 204 0.105627
