nresidues = 207
5 8 0.703125
5 9 0.117188
5 43 0.4375
6 9 0.742188
7 10 0.78125
7 11 0.15625
8 11 0.78125
8 12 0.078125
8 33 0.0625
8 43 0.0625
9 12 0.820312
9 13 0.195312
9 53 0.0625
9 54 0.0625
9 57 0.0625
10 13 0.703125
10 14 0.078125
10 61 0.1875
11 14 0.820312
11 15 0.078125
11 32 0.125
11 33 0.0625
12 15 0.820312
12 16 0.0390625
12 24 0.0625
12 50 0.0625
13 16 0.742188
13 17 0.117188
13 58 0.125
13 61 0.125
14 17 0.664062
14 18 0.195312
14 32 0.375
15 18 0.820312
15 19 0.273438
15 24 0.0625
15 28 0.0625
15 29 0.0625
16 19 0.742188
16 20 0.117188
16 93 0.0625
17 92 0.6875
17 93 0.25
18 32 0.0625
18 93 0.1875
19 22 1.0625
19 23 0.3125
19 93 0.4375
20 23 1.1875
20 24 0.125
20 93 0.25
20 94 0.25
21 24 0.125
21 47 0.1875
21 94 0.25
21 97 0.1875
21 98 0.0625
22 25 0.0625
22 47 0.1875
23 28 0.3125
24 47 0.1875
24 50 0.0625
24 54 0.0625
25 28 0.976562
25 29 0.078125
26 29 0.742188
26 30 0.078125
26 37 0.25
26 40 0.0625
26 41 0.6875
27 30 0.78125
27 31 0.195312
27 37 0.25
28 31 0.78125
28 32 0.078125
29 32 0.78125
29 33 0.234375
29 40 0.375
29 50 0.0625
30 33 0.78125
30 34 0.742188
30 35 0.234375
30 37 0.125
30 40 0.125
31 34 0.0390625
33 40 0.0625
35 39 0.117188
36 39 0.898438
37 40 0.78125
37 41 0.195312
38 41 0.78125
38 42 0.078125
39 42 0.742188
39 43 0.0390625
40 43 0.9375
40 44 0.15625
41 44 0.15625
46 49 0.859375
46 50 0.0390625
47 50 0.78125
47 51 0.117188
48 51 1.01562
48 52 0.351562
48 98 0.0625
48 102 0.0625
49 52 0.78125
49 53 0.078125
50 53 0.78125
50 54 0.234375
51 54 0.78125
51 55 0.078125
51 98 0.0625
52 55 0.78125
52 56 0.078125
52 102 0.0625
53 56 0.78125
53 57 0.078125
54 57 0.78125
54 58 0.15625
54 98 0.0625
55 58 0.664062
55 59 0.0390625
55 98 0.1875
56 59 0.78125
56 60 0.078125
56 105 0.0625
56 108 0.0625
57 60 0.78125
57 61 0.429688
58 61 0.78125
58 62 0.15625
58 88 0.0625
58 92 0.1875
59 62 0.703125
59 63 0.3125
59 85 0.125
59 88 0.0625
59 108 0.0625
62 88 0.3125
62 91 0.4375
62 92 0.4375
63 81 0.1875
63 84 0.75
63 85 0.125
63 88 0.125
64 84 0.3125
65 68 0.0625
65 69 0.0625
65 72 0.4375
65 77 0.0625
65 80 0.4375
65 81 0.3125
65 84 0.1875
66 77 0.3125
66 81 0.0625
66 111 0.125
66 115 0.3125
67 77 0.375
67 114 0.125
68 72 0.25
68 77 0.3125
68 118 0.375
69 72 0.25
72 76 0.429688
72 77 0.078125
72 80 0.1875
72 118 0.125
73 76 0.859375
73 77 0.078125
73 118 0.1875
74 77 0.78125
74 78 0.195312
74 118 0.1875
74 122 0.3125
74 124 0.3125
74 193 0.0625
74 196 0.1875
74 197 0.1875
74 200 0.1875
75 78 0.664062
75 79 0.15625
75 193 0.1875
75 194 0.0625
75 197 0.3125
76 79 0.820312
76 80 0.195312
77 80 0.820312
77 81 0.234375
77 115 0.0625
77 118 0.25
78 81 0.78125
78 82 0.078125
78 119 0.0625
78 193 0.0625
78 196 0.125
79 82 0.78125
79 83 0.15625
79 189 0.125
79 190 0.5
79 193 0.125
80 83 0.78125
80 84 0.078125
81 84 0.78125
81 85 0.078125
81 115 0.0625
82 85 0.78125
82 86 0.078125
82 136 0.0625
82 185 0.0625
82 189 0.125
83 86 0.78125
83 87 0.234375
84 87 0.78125
84 88 0.078125
85 88 0.78125
85 89 0.273438
85 99 0.125
85 140 0.125
86 89 0.78125
86 90 0.351562
86 140 0.125
86 144 0.0625
86 147 0.25
86 182 0.3125
86 185 0.4375
87 90 0.78125
87 91 0.078125
88 91 0.078125
89 92 0.0390625
89 95 1.1875
89 96 0.0625
89 141 0.0625
89 148 0.0625
90 144 0.0625
90 147 0.0625
90 148 0.125
92 95 0.0625
92 148 0.0625
94 97 0.820312
94 98 0.117188
94 149 0.0625
95 98 0.742188
95 99 0.0390625
96 99 0.742188
96 100 0.078125
96 141 0.0625
96 144 0.0625
96 145 0.1875
96 148 0.0625
97 100 0.117188
97 145 0.0625
97 149 0.25
98 102 0.0625
99 102 0.625
100 145 0.0625
104 108 0.25
104 109 0.0625
105 108 1.375
105 109 0.375
106 109 0.6875
108 111 0.78125
108 112 0.117188
109 112 0.742188
109 113 0.078125
110 113 0.78125
110 114 0.15625
111 114 0.78125
111 115 0.15625
112 115 0.820312
112 116 0.15625
113 116 0.820312
113 117 0.078125
114 117 0.9375
114 118 0.078125
115 118 0.78125
115 119 0.078125
116 119 0.78125
116 120 0.117188
116 133 0.0625
117 120 0.898438
117 121 0.273438
118 121 0.78125
118 122 0.3125
119 122 0.78125
119 123 0.664062
119 124 0.351562
119 132 0.0625
119 133 0.0625
120 123 0.0390625
120 124 0.15625
120 125 0.0390625
120 126 0.0390625
122 200 0.125
123 200 0.1875
123 204 0.0625
124 128 0.0390625
124 129 0.0390625
124 200 0.125
125 128 0.976562
125 129 0.0390625
126 129 0.742188
126 130 0.078125
127 130 0.820312
127 131 0.46875
128 131 0.78125
128 132 0.078125
128 203 0.0625
129 132 0.78125
129 133 0.15625
130 133 0.820312
130 134 0.195312
131 134 0.820312
131 135 0.078125
132 135 0.78125
132 136 0.117188
132 196 0.5625
133 136 0.78125
133 137 0.117188
134 137 0.78125
134 138 0.234375
135 138 0.742188
135 139 0.078125
135 192 0.0625
136 139 0.78125
136 140 0.15625
136 192 0.0625
136 196 0.0625
137 140 0.78125
137 141 0.15625
138 141 0.78125
138 142 0.0390625
139 142 0.742188
139 143 0.078125
139 185 0.375
139 188 0.3125
139 192 0.0625
140 143 0.78125
140 144 0.117188
140 185 0.1875
141 144 0.78125
141 145 0.15625
142 145 0.742188
142 146 0.117188
143 146 0.703125
143 147 0.078125
144 147 0.78125
144 148 0.195312
145 148 0.78125
145 149 0.117188
146 149 0.703125
146 150 0.078125
147 150 0.78125
147 151 0.117188
147 180 0.3125
148 151 0.78125
148 152 0.078125
149 152 0.78125
149 153 0.078125
150 153 0.78125
150 154 0.078125
150 157 0.0625
151 154 0.15625
152 155 0.0390625
153 156 0.742188
153 157 0.195312
154 157 0.0390625
162 165 0.3125
162 170 0.1875
164 170 0.0390625
165 169 0.078125
165 170 0.117188
165 173 0.0625
166 169 0.78125
166 170 0.078125
167 170 0.78125
167 171 0.078125
168 171 0.820312
168 172 0.078125
169 172 0.78125
169 173 0.15625
170 173 0.742188
170 174 0.078125
171 174 0.78125
171 175 0.15625
172 175 0.78125
172 176 0.15625
173 176 0.78125
173 177 0.195312
174 177 0.742188
174 178 0.078125
175 178 0.15625
176 179 0.078125
179 182 0.1875
179 183 0.125
181 184 0.78125
181 185 0.078125
182 185 0.78125
182 186 0.15625
183 186 0.78125
183 187 0.078125
184 187 0.78125
184 188 0.0390625
185 188 0.742188
185 189 0.078125
186 189 0.78125
186 190 0.234375
187 190 0.78125
187 191 0.15625
188 191 0.78125
188 192 0.117188
189 192 0.78125
189 193 0.15625
190 193 0.78125
190 194 0.117188
191 194 0.78125
191 195 0.0390625
192 195 0.742188
192 196 0.429688
193 196 0.820312
193 197 0.117188
194 197 1.17188
194 198 0.078125
195 198 0.78125
195 199 0.234375
196 199 0.898438
196 200 0.078125
197 200 0.820312
197 201 0.15625
198 201 0.78125
198 202 0.078125
199 202 0.742188
199 203 0.078125
200 203 0.78125
200 204 0.273438
201 204 0.0390625
