L	Ls	nvertices	F_L	F_L_constrained	rho_sum	nloops	regions
  5	  0	  0	           0	           0	           0	 0	[(0, 5)]
  6	  0	  0	           0	           0	           0	 0	[(0, 6)]
  7	  0	  0	           0	           0	           0	 0	[(0, 7)]
  8	  0	  2	           0	     3.71174	    0.306744	 1	[(0, 8)]
  9	  0	  4	           0	     2.24854	    0.296626	 1	[(0, 9)]
 10	  0	  6	           0	     4.37591	     5.19613	 0	[(0, 10)]
 11	  0	  7	           0	     4.01648	      5.6395	 0	[(0, 11)]
 12	  0	  8	           0	     3.74375	      6.7156	 0	[(0, 12)]
 13	  0	  9	           0	     3.36542	     7.92079	 0	[(0, 13)]
 14	  0	 10	           0	     2.93555	     8.94858	 0	[(0, 14)]
 15	  0	 11	           0	     2.50291	     9.95264	 0	[(0, 15)]
 16	  0	 12	           0	     2.30703	     10.8612	 0	[(0, 16)]
 17	  0	 13	           0	     2.13351	     11.7711	 0	[(0, 17)]
 18	  0	 14	           0	     1.49882	     12.9038	 0	[(0, 18)]
 19	  0	 15	           0	    0.821197	          14	 0	[(0, 19)]
 20	  0	 16	           0	      1.4814	      14.184	 0	[(0, 20)]
 21	  0	 16	           0	      1.4814	      14.184	 0	[(0, 21)]
 22	  0	 17	           0	    0.449307	     15.1936	 0	[(0, 22)]
 23	  0	 18	   -0.564128	   -0.564128	     16.8643	 0	[(0, 23)]
 24	  0	 20	   -0.564128	      1.5095	     17.9801	 0	[(0, 24)]
 25	  0	 21	   -0.564128	     7.42939	     17.7064	 1	[(0, 25)]
 26	  0	 21	   -0.564128	     7.42939	     17.7064	 1	[(0, 26)]
 27	  0	 21	   -0.564128	     7.42939	     17.7064	 1	[(0, 27)]
 28	 25	 20	   -0.564128	     3.12751	     17.2203	 1	[(0, 23), (25, 28)]
 29	 25	 22	   -0.564128	     1.67682	     17.1703	 1	[(0, 23), (25, 29)]
 30	 25	 24	   -0.564128	     3.22309	     21.9121	 0	[(0, 23), (25, 30)]
 31	 25	 25	   -0.564128	     2.81353	     22.3743	 0	[(0, 23), (25, 31)]
 32	 25	 26	   -0.564128	     2.54327	     23.9602	 0	[(0, 23), (25, 32)]
 33	 25	 27	   -0.564128	     1.88415	     25.1139	 0	[(0, 23), (25, 33)]
 34	 25	 28	   -0.564128	     1.62892	     25.9714	 0	[(0, 23), (25, 34)]
 35	 25	 29	   -0.564128	     2.15353	     26.1532	 0	[(0, 23), (25, 35)]
 36	 25	 29	   -0.564128	     2.15353	     26.1532	 0	[(0, 23), (25, 36)]
 37	 25	 30	   -0.564128	     4.05612	     26.6155	 1	[(0, 23), (25, 37)]
 38	 25	 30	   -0.564128	     4.05612	     26.6155	 1	[(0, 23), (25, 38)]
 39	 35	 21	   -0.564128	     3.32757	     17.1672	 1	[(0, 23), (35, 39)]
 40	 35	 23	   -0.812505	   -0.812505	      17.134	 0	[(0, 23), (35, 40)]
 41	 25	 35	   -0.812505	     2.04586	      32.648	 0	[(0, 23), (25, 41)]
 42	 25	 36	   -0.812505	     1.70343	      33.596	 0	[(0, 23), (25, 42)]
 43	 25	 37	   -0.812505	     1.03115	     34.5457	 0	[(0, 23), (25, 43)]
 44	 25	 38	   -0.812505	     1.50276	     34.9143	 0	[(0, 23), (25, 44)]
 45	 25	 38	   -0.812505	     1.50276	     34.9143	 0	[(0, 23), (25, 45)]
 46	 25	 38	   -0.812505	     1.50276	     34.9143	 0	[(0, 23), (25, 46)]
 47	 25	 38	   -0.812505	     1.50276	     34.9143	 0	[(0, 23), (25, 47)]
 48	 25	 38	   -0.812505	     1.50276	     34.9143	 0	[(0, 23), (25, 48)]
 49	 46	 20	   -0.812505	     3.13686	     17.1963	 1	[(0, 23), (46, 49)]
 50	 46	 22	   -0.812505	     1.67605	     17.1653	 1	[(0, 23), (46, 50)]
 51	 46	 24	   -0.812505	     2.93683	     21.8415	 0	[(0, 23), (46, 51)]
 52	 46	 25	   -0.812505	     2.15502	     23.1092	 0	[(0, 23), (46, 52)]
 53	 46	 26	   -0.812505	      1.7925	     24.1494	 0	[(0, 23), (46, 53)]
 54	 46	 27	   -0.812505	     1.06566	     25.1746	 0	[(0, 23), (46, 54)]
 55	 46	 28	   -0.812505	    0.663807	     26.0954	 0	[(0, 23), (46, 55)]
 56	 46	 29	   -0.812505	    0.311928	     27.0559	 0	[(0, 23), (46, 56)]
 57	 46	 30	   -0.812505	  -0.0468045	     28.0083	 0	[(0, 23), (46, 57)]
 58	 46	 31	   -0.812505	   -0.304648	     28.9568	 0	[(0, 23), (46, 58)]
 59	 46	 32	   -0.812505	   -0.546957	     29.9227	 0	[(0, 23), (46, 59)]
 60	 46	 33	   -0.861792	   -0.861792	     30.9305	 0	[(0, 23), (46, 60)]
 61	 46	 34	    -1.96795	    -1.96795	     32.1434	 0	[(0, 23), (46, 61)]
 62	 46	 35	    -2.35319	    -2.35319	     33.0939	 0	[(0, 23), (46, 62)]
 63	 46	 36	    -2.35319	    -1.87929	     33.4612	 0	[(0, 23), (46, 63)]
 64	 46	 36	    -2.35319	    -1.87929	     33.4612	 0	[(0, 23), (46, 64)]
 65	 46	 36	    -2.35319	    -1.87929	     33.4612	 0	[(0, 23), (46, 65)]
 66	 46	 36	    -2.35319	    -1.87929	     33.4612	 0	[(0, 23), (46, 66)]
 67	 46	 36	    -2.35319	    -1.87929	     33.4612	 0	[(0, 23), (46, 67)]
 68	 46	 38	    -2.35319	    -2.13559	      33.704	 0	[(0, 23), (46, 68)]
 69	 46	 39	    -2.35319	    -2.13265	     33.7115	 0	[(0, 23), (46, 69)]
 70	 46	 39	    -2.35319	    -2.13265	     33.7115	 0	[(0, 23), (46, 70)]
 71	 46	 39	    -2.35319	    -2.13265	     33.7115	 0	[(0, 23), (46, 71)]
 72	 46	 40	    -2.35319	    -2.29249	     33.8968	 0	[(0, 23), (46, 72)]
 73	 46	 40	    -2.35319	    -2.29249	     33.8968	 0	[(0, 23), (46, 73)]
 74	 46	 40	    -2.35319	    -2.29249	     33.8968	 0	[(0, 23), (46, 74)]
 75	 46	 40	    -2.35319	    -2.29249	     33.8968	 0	[(0, 23), (46, 75)]
 76	 46	 42	    -2.35319	     1.76969	     34.0847	 1	[(0, 23), (46, 76)]
 77	 46	 46	    -2.35319	    0.369843	     33.8965	 1	[(0, 23), (46, 77)]
 78	 46	 48	    -2.35319	     2.09432	     39.4188	 0	[(0, 23), (46, 78)]
 79	 46	 49	    -2.35319	     1.64239	     40.3194	 0	[(0, 23), (46, 79)]
 80	 46	 50	    -2.35319	    0.471071	     42.2585	 0	[(0, 23), (46, 80)]
 81	 72	 28	    -2.35319	     1.61401	     25.9351	 0	[(0, 23), (72, 81)]
 82	 72	 29	    -2.35319	     1.21172	     26.8628	 0	[(0, 23), (72, 82)]
 83	 72	 30	    -2.35319	    0.656505	     27.8344	 0	[(0, 23), (72, 83)]
 84	 72	 31	    -2.35319	    0.279528	     28.7746	 0	[(0, 23), (72, 84)]
 85	 72	 32	    -2.35319	  -0.0642229	     29.7454	 0	[(0, 23), (72, 85)]
 86	 72	 33	    -2.35319	   -0.410858	     30.7143	 0	[(0, 23), (72, 86)]
 87	 72	 34	    -2.35319	    -1.07977	     31.8052	 0	[(0, 23), (72, 87)]
 88	 72	 35	    -2.35319	    -1.44333	     32.7725	 0	[(0, 23), (72, 88)]
 89	 72	 36	    -2.35319	    -2.21977	     33.8543	 0	[(0, 23), (72, 89)]
 90	 72	 37	    -3.23186	    -3.23186	     34.9179	 0	[(0, 23), (72, 90)]
 91	 72	 38	    -3.23186	    -2.58153	     35.2057	 0	[(0, 23), (72, 91)]
 92	 72	 39	    -3.23186	     -2.1756	      35.017	 0	[(0, 23), (72, 92)]
 93	 72	 39	    -3.23186	     -2.1756	      35.017	 0	[(0, 23), (72, 93)]
 94	 72	 39	    -3.23186	     -2.1756	      35.017	 0	[(0, 23), (72, 94)]
 95	 46	 64	    -3.23186	    0.784013	     56.9036	 2	[(0, 23), (46, 95)]
 96	 46	 65	    -3.23186	      1.1986	     56.9723	 2	[(0, 23), (46, 96)]
 97	 72	 43	    -3.23186	    -2.65064	     35.6974	 0	[(0, 23), (72, 97)]
 98	 46	 68	    -3.23186	    0.301309	     57.1269	 2	[(0, 23), (46, 98)]
 99	 46	 69	    -3.23186	    0.198915	     61.0864	 2	[(0, 23), (46, 99)]
100	 46	 70	    -3.23186	     0.77853	     61.0209	 2	[(0, 23), (46, 100)]
101	 46	 70	    -3.23186	     0.77853	     61.0209	 2	[(0, 23), (46, 101)]
102	 46	 71	    -3.23186	    0.189682	      62.249	 2	[(0, 23), (46, 102)]
103	 46	 71	    -3.23186	    0.189682	      62.249	 2	[(0, 23), (46, 103)]
104	 46	 71	    -3.23186	    0.189682	      62.249	 2	[(0, 23), (46, 104)]
105	 46	 72	    -3.23186	   0.0411992	     62.3871	 2	[(0, 23), (46, 105)]
106	 46	 72	    -3.23186	   0.0411992	     62.3871	 2	[(0, 23), (46, 106)]
107	 46	 72	    -3.23186	   0.0411992	     62.3871	 2	[(0, 23), (46, 107)]
108	 72	 50	    -3.23186	     1.33876	     41.0866	 1	[(0, 23), (72, 108)]
109	 72	 52	    -3.23186	     2.47161	     44.0214	 1	[(0, 23), (72, 109)]
110	 72	 52	    -3.23186	     2.47161	     44.0214	 1	[(0, 23), (72, 110)]
111	108	 45	    -3.23186	     1.05594	      36.016	 1	[(0, 23), (72, 97), (108, 111)]
112	108	 47	    -3.23186	   -0.403643	     35.9969	 1	[(0, 23), (72, 97), (108, 112)]
113	108	 49	    -3.23186	     1.44957	     40.8353	 0	[(0, 23), (72, 97), (108, 113)]
114	108	 50	    -3.23186	     1.10469	     41.2866	 0	[(0, 23), (72, 97), (108, 114)]
115	108	 51	    -3.23186	    0.632173	     42.7293	 0	[(0, 23), (72, 97), (108, 115)]
116	108	 52	    -3.23186	   0.0397194	     43.8579	 0	[(0, 23), (72, 97), (108, 116)]
117	108	 53	    -3.23186	   -0.679309	     44.9045	 0	[(0, 23), (72, 97), (108, 117)]
118	108	 54	    -3.23186	    -1.07398	     45.8348	 0	[(0, 23), (72, 97), (108, 118)]
119	108	 55	    -3.23186	     -1.4436	     46.7745	 0	[(0, 23), (72, 97), (108, 119)]
120	108	 56	    -3.23186	     -2.1407	     47.8248	 0	[(0, 23), (72, 97), (108, 120)]
121	108	 57	    -3.23186	    -2.94008	     48.8912	 0	[(0, 23), (72, 97), (108, 121)]
122	108	 58	    -3.85188	    -3.85188	     49.9467	 0	[(0, 23), (72, 97), (108, 122)]
123	108	 59	     -3.9785	     -3.9785	     50.7259	 0	[(0, 23), (72, 97), (108, 123)]
124	 46	 91	     -3.9785	    -1.80987	     82.9122	 3	[(0, 23), (46, 124)]
125	108	 36	     -3.9785	    -1.22366	     32.0426	 0	[(0, 23), (108, 125)]
126	108	 37	     -3.9785	    -1.13882	     31.8396	 0	[(0, 23), (108, 126)]
127	108	 37	     -3.9785	    -1.13882	     31.8396	 0	[(0, 23), (108, 127)]
128	 94	 49	     -3.9785	    -1.19656	     34.6634	 1	[(0, 23), (94, 128)]
129	108	 39	     -3.9785	     1.64471	     32.0248	 1	[(0, 23), (108, 129)]
130	 46	 97	     -3.9785	     2.05999	     88.2295	 3	[(0, 23), (46, 130)]
131	 46	 98	     -3.9785	     1.03025	     89.6605	 3	[(0, 23), (46, 131)]
132	 46	 99	     -3.9785	    0.521762	     90.6971	 3	[(0, 23), (46, 132)]
133	 46	100	     -3.9785	   -0.398316	     91.7664	 3	[(0, 23), (46, 133)]
134	 46	101	     -3.9785	    -1.17244	     92.7415	 3	[(0, 23), (46, 134)]
135	 46	102	     -3.9785	    -1.56981	     93.6653	 3	[(0, 23), (46, 135)]
136	 46	103	     -3.9785	    -2.17257	     94.6476	 3	[(0, 23), (46, 136)]
137	 46	104	     -3.9785	    -2.63691	     95.6088	 3	[(0, 23), (46, 137)]
138	 46	105	     -3.9785	     -3.2449	     96.6426	 3	[(0, 23), (46, 138)]
139	 46	106	     -3.9785	    -3.62328	     97.5867	 3	[(0, 23), (46, 139)]
140	 46	107	     -4.7203	     -4.7203	      98.712	 3	[(0, 23), (46, 140)]
141	 46	108	    -5.56837	    -5.56837	     99.7803	 3	[(0, 23), (46, 141)]
142	 46	109	    -5.80371	    -5.80371	      100.66	 3	[(0, 23), (46, 142)]
143	 46	110	    -6.18152	    -6.18152	     101.576	 3	[(0, 23), (46, 143)]
144	 46	111	    -7.01691	    -7.01691	     102.716	 3	[(0, 23), (46, 144)]
145	  0	135	    -7.48414	    -7.48414	     126.909	 5	[(0, 145)]
146	  0	136	    -7.80536	    -7.80536	     127.817	 5	[(0, 146)]
147	  0	137	    -8.89203	    -8.89203	     128.895	 5	[(0, 147)]
148	  0	138	    -10.3074	    -10.3074	     129.984	 5	[(0, 148)]
149	  0	139	    -11.3345	    -11.3345	     131.035	 5	[(0, 149)]
150	  0	140	    -11.7773	    -11.7773	     131.919	 5	[(0, 150)]
151	  0	141	     -12.268	     -12.268	     132.837	 5	[(0, 151)]
152	  0	142	    -12.6515	    -12.6515	     133.762	 5	[(0, 152)]
153	  0	143	    -12.9924	    -12.9924	     134.734	 5	[(0, 153)]
154	  0	144	    -12.9924	    -12.4536	     134.918	 5	[(0, 154)]
155	  0	145	    -12.9924	    -12.1448	      134.48	 5	[(0, 155)]
156	  0	146	    -12.9924	    -12.1846	     134.634	 5	[(0, 156)]
157	  0	147	    -12.9924	    -12.1739	     134.527	 5	[(0, 157)]
158	  0	147	    -12.9924	    -12.1739	     134.527	 5	[(0, 158)]
159	  0	147	    -12.9924	    -12.1739	     134.527	 5	[(0, 159)]
160	  0	147	    -12.9924	    -12.1739	     134.527	 5	[(0, 160)]
161	  0	147	    -12.9924	    -12.1739	     134.527	 5	[(0, 161)]
162	  0	147	    -12.9924	    -12.1739	     134.527	 5	[(0, 162)]
163	  0	147	    -12.9924	    -12.1739	     134.527	 5	[(0, 163)]
164	  0	147	    -12.9924	    -12.1739	     134.527	 5	[(0, 164)]
165	  0	149	    -12.9924	     -12.441	      134.79	 5	[(0, 165)]
166	  0	149	    -12.9924	     -12.441	      134.79	 5	[(0, 166)]
167	  0	149	    -12.9924	     -12.441	      134.79	 5	[(0, 167)]
168	  0	149	    -12.9924	     -12.441	      134.79	 5	[(0, 168)]
169	  0	151	    -12.9924	    -8.39564	     134.953	 6	[(0, 169)]
170	  0	154	    -12.9924	    -10.0515	     134.934	 6	[(0, 170)]
171	  0	156	    -12.9924	    -7.37973	     140.854	 5	[(0, 171)]
172	  0	157	    -12.9924	    -7.73548	     140.806	 5	[(0, 172)]
173	  0	158	    -12.9924	    -8.09436	      141.01	 5	[(0, 173)]
174	  0	159	    -12.9924	    -8.37668	      142.49	 5	[(0, 174)]
175	  0	160	    -12.9924	    -8.86657	     143.617	 5	[(0, 175)]
176	  0	161	    -12.9924	     -9.3872	     144.661	 5	[(0, 176)]
177	  0	162	    -12.9924	    -9.91187	     145.681	 5	[(0, 177)]
178	  0	163	    -12.9924	    -9.35458	     145.949	 5	[(0, 178)]
179	  0	164	    -12.9924	    -9.00017	     145.629	 5	[(0, 179)]
180	  0	165	    -12.9924	     -9.0048	     145.546	 5	[(0, 180)]
181	  0	165	    -12.9924	     -9.0048	     145.546	 5	[(0, 181)]
182	108	 69	    -12.9924	     1.16557	     55.2044	 1	[(108, 182)]
183	108	 70	    -12.9924	     1.35123	     55.2105	 1	[(108, 183)]
184	108	 72	    -12.9924	    -3.83831	     55.0537	 0	[(108, 184)]
185	181	  4	    -12.9924	     2.24395	    0.299522	 1	[(181, 185)]
186	  0	171	    -12.9924	     3.67523	     150.651	 7	[(0, 186)]
187	  0	172	    -12.9924	      3.5322	     151.565	 7	[(0, 187)]
188	  0	173	    -12.9924	     2.56799	     152.738	 7	[(0, 188)]
189	  0	174	    -12.9924	     1.60419	     153.888	 7	[(0, 189)]
190	  0	175	    -12.9924	   -0.381975	     155.043	 7	[(0, 190)]
191	  0	176	    -12.9924	    -1.01534	     155.953	 7	[(0, 191)]
192	  0	177	    -12.9924	    -1.94701	     156.947	 7	[(0, 192)]
193	  0	178	    -12.9924	    -3.58541	     158.028	 7	[(0, 193)]
194	  0	179	    -12.9924	    -4.24206	     158.975	 7	[(0, 194)]
195	  0	180	    -12.9924	    -4.49839	     159.822	 7	[(0, 195)]
196	  0	181	    -12.9924	    -8.21583	     161.031	 7	[(0, 196)]
197	  0	182	    -12.9924	     -10.951	     162.142	 7	[(0, 197)]
198	  0	183	    -12.9924	    -11.3984	     163.028	 7	[(0, 198)]
199	  0	184	    -12.9924	    -12.4591	      164.01	 7	[(0, 199)]
200	  0	185	    -14.4478	    -14.4478	     165.154	 7	[(0, 200)]
201	  0	186	     -15.057	     -15.057	     166.088	 7	[(0, 201)]
202	  0	187	    -15.3966	    -15.3966	     166.954	 7	[(0, 202)]
203	  0	188	    -15.9267	    -15.9267	     167.889	 7	[(0, 203)]
204	  0	189	    -15.9267	    -15.5251	     168.292	 7	[(0, 204)]
205	  0	189	    -15.9267	    -15.5251	     168.292	 7	[(0, 205)]
206	  0	189	    -15.9267	    -15.5251	     168.292	 7	[(0, 206)]
207	  0	189	    -15.9267	    -15.5251	     168.292	 7	[(0, 207)]
