nresidues = 201
1 87 0.146705
1 88 3.22751
1 89 0.29341
1 146 0.58682
1 195 0.29341
1 199 0.146705
2 89 2.9341
2 91 0.29341
2 140 0.146705
2 142 0.146705
2 144 0.146705
2 145 3.22751
2 146 0.58682
3 84 0.146705
3 88 0.146705
3 89 0.58682
3 90 2.78739
3 91 0.58682
3 146 2.9341
3 196 0.146705
4 91 2.9341
4 136 0.29341
4 146 0.440115
4 147 3.0808
4 148 0.440115
4 163 0.146705
5 81 0.440115
5 90 0.29341
5 91 0.440115
5 92 3.0808
5 93 2.9341
5 148 3.22751
5 189 0.58682
5 192 0.29341
6 10 2.29226
6 11 0.0916906
6 93 0.146705
6 127 0.58682
6 148 0.29341
6 149 0.733524
6 151 0.440115
6 154 0.58682
7 10 1.83381
7 11 1.9255
7 12 0.458452
7 92 0.146705
7 94 0.440115
7 101 0.146705
8 12 1.9255
8 14 0.146705
8 22 0.733524
8 41 0.146705
8 69 0.880229
8 72 0.29341
8 94 0.29341
8 100 0.146705
8 104 0.58682
8 151 0.146705
9 12 1.74212
9 75 0.146705
9 150 0.29341
10 75 0.146705
10 148 0.146705
10 149 1.02693
10 150 0.733524
10 170 0.440115
10 189 0.29341
11 74 2.9341
11 75 0.146705
11 78 0.29341
11 110 0.146705
11 189 0.146705
12 73 2.9341
12 75 0.440115
12 104 0.440115
12 108 0.146705
13 16 0.146705
13 72 0.146705
13 73 0.440115
13 75 1.76046
14 17 0.29341
14 19 0.29341
15 19 0.440115
16 68 0.146705
16 72 0.146705
17 21 0.0916906
17 68 0.146705
17 72 0.146705
18 21 2.01719
18 53 0.146705
18 56 0.440115
18 65 0.58682
19 22 1.83381
19 23 0.458452
20 23 1.83381
20 24 0.183381
20 52 0.29341
20 56 0.58682
21 24 1.83381
21 25 0.183381
21 45 0.440115
21 48 0.58682
21 49 0.58682
21 52 0.146705
21 69 0.29341
22 25 2.29226
22 26 0.183381
23 26 1.83381
23 27 0.458452
24 27 1.83381
24 28 0.183381
24 48 0.733524
24 51 0.29341
25 28 1.83381
25 29 0.0916906
25 41 0.440115
25 44 0.146705
25 45 0.58682
25 48 0.58682
25 69 0.58682
26 29 2.20057
26 30 1.0086
26 153 0.440115
27 30 1.83381
27 31 0.366762
28 31 1.83381
28 32 1.0086
28 44 0.440115
28 48 0.146705
29 32 1.65043
29 33 0.366762
29 44 0.146705
29 126 0.733524
30 33 1.83381
30 34 0.366762
30 127 0.29341
30 153 0.58682
31 34 1.83381
31 35 0.458452
32 35 1.83381
32 36 1.74212
32 37 0.641835
32 39 0.440115
32 44 0.29341
33 36 0.0916906
33 125 0.146705
33 126 0.58682
38 121 0.880229
38 124 1.76046
38 126 0.29341
39 43 0.275073
39 44 0.366762
39 126 0.58682
40 43 1.9255
40 44 0.275073
40 121 0.58682
40 126 0.440115
41 44 1.83381
41 45 0.550143
41 95 0.733524
41 96 0.29341
41 100 0.146705
41 121 0.29341
41 126 0.29341
42 45 1.83381
42 46 0.641835
43 46 1.83381
43 47 0.733524
44 47 1.83381
44 48 0.458452
44 126 0.440115
45 48 1.9255
45 49 0.183381
45 66 0.146705
46 49 1.74212
46 50 0.183381
46 62 0.440115
47 50 1.83381
47 51 0.183381
48 51 1.83381
48 52 0.275073
49 52 1.83381
49 53 0.550143
49 62 0.58682
49 65 0.29341
49 66 0.29341
50 53 1.83381
50 54 0.183381
50 59 0.880229
50 62 1.46705
51 54 1.83381
51 55 0.458452
52 55 1.74212
52 56 0.183381
53 56 1.83381
53 57 1.83381
53 58 2.29226
53 59 0.0916906
53 61 0.29341
53 62 0.146705
54 57 0.0916906
54 59 0.183381
58 61 0.880229
59 62 0.29341
61 64 1.9255
61 65 0.275073
62 65 1.83381
62 66 0.275073
63 66 1.83381
63 67 0.183381
64 67 1.74212
64 68 0.0916906
65 68 2.20057
66 69 1.83381
66 70 0.366762
67 70 1.83381
67 71 0.183381
68 71 1.83381
68 72 0.0916906
69 72 0.550143
69 100 0.440115
69 104 0.29341
70 104 0.29341
70 107 0.733524
72 108 0.440115
73 108 0.58682
74 78 0.183381
74 108 0.29341
74 110 0.146705
75 78 0.458452
75 170 2.78739
76 79 0.641835
77 80 0.275073
77 170 1.17364
77 188 1.02693
77 189 0.880229
78 81 0.366762
78 110 0.29341
78 189 0.29341
79 82 0.183381
79 83 0.0916906
80 83 2.20057
80 84 0.458452
80 189 0.146705
80 190 1.61375
80 193 0.440115
81 84 1.74212
81 85 0.275073
81 113 0.58682
81 114 0.29341
81 189 0.29341
82 85 1.9255
82 86 0.733524
82 113 1.02693
83 86 1.74212
83 87 0.0916906
83 193 0.880229
84 87 1.83381
84 88 0.275073
84 90 0.146705
84 189 0.146705
84 192 0.146705
84 193 0.146705
84 196 0.29341
85 88 0.275073
85 90 0.29341
85 113 0.58682
87 193 0.146705
87 196 0.146705
87 197 0.146705
87 200 0.440115
89 115 0.58682
90 113 0.29341
90 114 3.22751
90 115 2.78739
91 114 0.880229
91 115 1.02693
91 116 3.37421
91 118 0.146705
91 136 0.880229
91 140 0.440115
92 114 0.29341
92 117 3.0808
92 118 0.880229
93 118 3.0808
93 127 0.440115
93 132 0.146705
93 133 0.146705
93 136 0.146705
93 147 0.146705
94 101 0.29341
94 118 0.146705
94 119 2.9341
94 120 0.29341
94 127 0.146705
95 119 0.146705
95 120 0.29341
95 121 0.146705
95 126 1.32034
95 127 0.58682
96 119 0.733524
97 100 2.01719
97 101 0.275073
97 119 0.29341
97 121 0.733524
98 101 1.83381
98 102 0.550143
98 117 0.440115
98 119 0.146705
99 102 1.83381
99 103 0.366762
100 103 1.9255
100 104 0.916906
101 104 1.83381
101 105 0.458452
101 117 0.146705
102 105 1.83381
102 106 0.183381
102 117 0.146705
103 106 1.83381
103 107 0.641835
104 107 2.20057
104 108 0.458452
105 108 1.83381
105 109 1.83381
105 110 2.01719
105 111 0.183381
105 114 0.29341
105 117 0.146705
106 109 0.0916906
106 111 0.0916906
109 113 0.146705
110 113 1.02693
110 114 0.29341
111 114 0.58682
114 117 0.440115
118 136 0.440115
118 139 0.29341
118 140 0.29341
119 122 0.440115
120 123 2.9341
120 124 2.49398
120 125 0.58682
120 126 0.146705
120 132 0.29341
121 124 0.29341
122 135 0.733524
123 131 0.440115
123 132 0.146705
123 135 0.440115
125 129 0.733524
125 131 0.825214
125 132 0.0916906
126 129 0.29341
126 132 0.183381
127 133 0.183381
127 153 0.29341
127 154 1.46705
128 133 0.366762
128 153 0.29341
128 157 0.146705
129 132 0.275073
129 133 0.183381
130 133 1.74212
130 134 0.458452
131 134 1.65043
131 135 0.183381
132 135 1.74212
133 136 1.83381
133 137 0.183381
133 147 0.146705
133 154 1.17364
133 157 1.61375
133 158 0.29341
133 161 0.29341
133 163 0.146705
134 137 1.9255
134 138 0.458452
135 138 1.9255
135 139 0.641835
136 139 1.83381
136 140 0.366762
136 163 0.29341
137 140 1.74212
137 141 1.74212
137 142 0.458452
137 145 0.146705
138 141 0.0916906
144 164 0.440115
145 163 2.64069
145 164 0.58682
146 163 0.146705
146 164 3.66762
146 166 0.58682
146 195 0.29341
146 199 0.146705
147 154 0.440115
147 158 0.29341
147 164 0.29341
147 165 3.22751
147 166 0.29341
148 166 2.78739
148 168 0.146705
148 192 0.146705
149 154 0.733524
149 155 0.146705
149 166 0.146705
149 167 3.0808
149 168 0.146705
150 167 0.29341
150 168 0.880229
150 170 0.440115
151 154 1.83381
151 155 0.0916906
152 155 1.83381
152 156 0.366762
152 175 0.146705
152 176 0.146705
153 156 1.9255
153 157 0.0916906
154 157 1.74212
154 158 0.183381
155 158 1.83381
155 159 0.183381
155 165 1.02693
155 167 0.29341
155 182 0.146705
156 159 1.83381
156 160 0.183381
156 175 0.29341
156 176 0.146705
156 180 0.146705
157 160 1.83381
157 161 0.183381
158 161 1.83381
158 162 1.74212
158 163 2.10888
159 162 0.0916906
159 163 0.183381
159 164 0.0916906
159 181 0.440115
159 183 0.733524
164 183 1.46705
165 182 3.0808
165 183 3.22751
165 184 0.146705
166 184 3.0808
166 192 0.29341
166 195 0.29341
167 173 0.29341
167 175 0.440115
167 182 0.29341
167 184 0.29341
167 185 2.9341
167 186 0.440115
168 186 2.9341
168 187 0.440115
168 188 0.146705
169 172 1.17364
169 173 0.733524
169 186 0.29341
169 187 0.58682
170 189 0.29341
182 185 0.29341
184 195 0.733524
186 191 0.641835
187 191 0.275073
188 191 2.10888
188 192 0.183381
189 192 2.10888
189 193 0.183381
190 193 1.83381
190 194 0.916906
191 194 1.9255
191 195 0.183381
192 195 1.9255
192 196 0.366762
193 196 1.83381
193 197 0.550143
194 197 1.83381
194 198 0.275073
195 198 1.9255
195 199 0.916906
196 199 1.83381
196 200 0.366762
197 200 0.0916906
