L	Ls	nvertices	F_L	F_L_constrained	rho_sum	nloops	regions
  1	  0	  0	           0	           0	           0	 0	[(0, 1)]
  2	  0	  0	           0	           0	           0	 0	[(0, 2)]
  3	  0	  0	           0	           0	           0	 0	[(0, 3)]
  4	  0	  0	           0	           0	           0	 0	[(0, 4)]
  5	  0	  0	           0	           0	           0	 0	[(0, 5)]
  6	  0	  0	           0	           0	           0	 0	[(0, 6)]
  7	  0	  0	           0	           0	           0	 0	[(0, 7)]
  8	  0	  0	           0	           0	           0	 0	[(0, 8)]
  9	  0	  0	           0	           0	           0	 0	[(0, 9)]
 10	  0	  3	           0	     3.91688	     0.34332	 1	[(0, 10)]
 11	  0	  4	           0	     4.79003	      2.9082	 1	[(0, 11)]
 12	  0	  7	           0	     3.01446	     6.06441	 0	[(0, 12)]
 13	  0	  7	           0	     3.01446	     6.06441	 0	[(0, 13)]
 14	  0	  8	           0	     2.87223	     6.20477	 0	[(0, 14)]
 15	  0	  8	           0	     2.87223	     6.20477	 0	[(0, 15)]
 16	  0	 10	           0	     3.96144	     6.01245	 0	[(0, 16)]
 17	  0	 11	           0	     9.94476	     6.02096	 1	[(0, 17)]
 18	  0	 11	           0	     9.94476	     6.02096	 1	[(0, 18)]
 19	  0	 13	           0	     12.3671	     5.99127	 2	[(0, 19)]
 20	  0	 13	           0	     12.3671	     5.99127	 2	[(0, 20)]
 21	 17	  3	           0	     3.90373	    0.285985	 1	[(17, 21)]
 22	 17	  5	   -0.245739	   -0.245739	     0.26351	 0	[(17, 22)]
 23	 17	  7	   -0.245739	     5.26373	     5.65635	 0	[(17, 23)]
 24	 17	  8	   -0.245739	     5.13687	     6.07304	 0	[(17, 24)]
 25	 17	  9	   -0.245739	     4.76996	     6.45404	 0	[(17, 25)]
 26	 17	 10	   -0.245739	     4.72785	     6.88228	 0	[(17, 26)]
 27	 17	 11	   -0.245739	     4.52974	     8.16554	 0	[(17, 27)]
 28	 17	 12	   -0.245739	     4.43903	     9.15828	 0	[(17, 28)]
 29	 17	 13	   -0.245739	      4.2007	     10.2513	 0	[(17, 29)]
 30	 17	 14	   -0.245739	     3.48633	     11.4359	 0	[(17, 30)]
 31	 17	 15	   -0.245739	     3.23645	     12.4017	 0	[(17, 31)]
 32	 17	 16	   -0.245739	     2.63594	     13.4623	 0	[(17, 32)]
 33	 17	 17	   -0.245739	     2.34969	     14.3732	 0	[(17, 33)]
 34	 17	 18	   -0.245739	     2.11203	     15.3179	 0	[(17, 34)]
 35	 17	 19	   -0.245739	     1.80163	     16.2862	 0	[(17, 35)]
 36	 17	 20	   -0.245739	     1.77042	     17.0461	 0	[(17, 36)]
 37	 17	 21	   -0.245739	      2.2302	     16.9563	 0	[(17, 37)]
 38	 17	 21	   -0.245739	      2.2302	     16.9563	 0	[(17, 38)]
 39	 17	 22	   -0.245739	     4.52166	     17.1323	 1	[(17, 39)]
 40	 17	 22	   -0.245739	     4.52166	     17.1323	 1	[(17, 40)]
 41	 17	 23	   -0.245739	      6.5918	     17.3064	 2	[(17, 41)]
 42	 17	 23	   -0.245739	      6.5918	     17.3064	 2	[(17, 42)]
 43	 39	  3	   -0.245739	      3.9071	    0.287212	 1	[(39, 43)]
 44	 39	  5	   -0.245739	     2.37666	    0.268414	 1	[(39, 44)]
 45	 39	  7	   -0.245739	      4.9665	     5.70015	 0	[(39, 45)]
 46	 39	  8	   -0.245739	     4.58586	     6.06386	 0	[(39, 46)]
 47	 39	  9	   -0.245739	     4.18702	     6.84999	 0	[(39, 47)]
 48	 39	 10	   -0.245739	     3.82674	     8.14283	 0	[(39, 48)]
 49	 39	 11	   -0.245739	     3.76435	     9.01986	 0	[(39, 49)]
 50	 39	 12	   -0.245739	     3.66865	     9.89858	 0	[(39, 50)]
 51	 17	 34	   -0.245739	     3.35217	     28.6779	 1	[(17, 51)]
 52	 17	 35	   -0.245739	     2.88063	     29.7981	 1	[(17, 52)]
 53	 17	 36	   -0.245739	     2.44797	     30.9326	 1	[(17, 53)]
 54	 17	 37	   -0.245739	     2.32305	     31.8255	 1	[(17, 54)]
 55	 17	 38	   -0.245739	      2.0912	     32.7739	 1	[(17, 55)]
 56	 17	 39	   -0.245739	     1.36842	      34.227	 1	[(17, 56)]
 57	 17	 40	   -0.245739	      1.2508	     35.0485	 1	[(17, 57)]
 58	 17	 41	   -0.245739	    0.892276	     35.9467	 1	[(17, 58)]
 59	 17	 42	   -0.245739	     1.22526	     36.3227	 1	[(17, 59)]
 60	 17	 42	   -0.245739	     1.22526	     36.3227	 1	[(17, 60)]
 61	 17	 43	   -0.245739	      3.1753	     36.7119	 2	[(17, 61)]
 62	 17	 44	   -0.245739	     2.79881	     37.4911	 2	[(17, 62)]
 63	 17	 44	   -0.245739	     2.79881	     37.4911	 2	[(17, 63)]
 64	 61	  2	   -0.245739	     3.71116	    0.308033	 1	[(61, 64)]
 65	 61	  4	   -0.245739	      2.2487	    0.294041	 1	[(61, 65)]
 66	 17	 48	   -0.245739	     3.61335	      41.698	 2	[(17, 66)]
 67	 17	 49	   -0.245739	     3.64203	     43.0622	 2	[(17, 67)]
 68	 17	 50	   -0.245739	     3.32453	     44.1582	 2	[(17, 68)]
 69	 17	 51	   -0.245739	     2.70296	      45.318	 2	[(17, 69)]
 70	 17	 52	   -0.245739	     2.47061	     46.3111	 2	[(17, 70)]
 71	 17	 53	   -0.245739	     2.35786	     47.1977	 2	[(17, 71)]
 72	 17	 54	   -0.245739	     2.84784	     47.2787	 2	[(17, 72)]
 73	 17	 54	   -0.245739	     2.84784	     47.2787	 2	[(17, 73)]
 74	 17	 54	   -0.245739	     2.84784	     47.2787	 2	[(17, 74)]
 75	 17	 54	   -0.245739	     2.84784	     47.2787	 2	[(17, 75)]
 76	 17	 54	   -0.245739	     2.84784	     47.2787	 2	[(17, 76)]
 77	 17	 54	   -0.245739	     2.84784	     47.2787	 2	[(17, 77)]
 78	 74	  3	   -0.245739	     3.94519	    0.255078	 1	[(74, 78)]
 79	 74	  5	   -0.245739	   -0.238903	    0.247934	 0	[(74, 79)]
 80	 74	  7	   -0.245739	   -0.158367	    0.162018	 0	[(74, 80)]
 81	 74	  8	   -0.245739	   -0.171004	    0.175031	 0	[(74, 81)]
 82	 74	  9	   -0.245739	   -0.183549	    0.187854	 0	[(74, 82)]
 83	 17	 64	   -0.245739	     2.65051	      47.482	 2	[(17, 83)]
 84	 17	 65	   -0.245739	     2.63739	     47.4961	 2	[(17, 84)]
 85	 74	 12	   -0.245739	   -0.223409	    0.231107	 0	[(74, 85)]
 86	 74	 13	   -0.245739	     4.83219	     6.02109	 0	[(74, 86)]
 87	 74	 14	   -0.245739	     4.82883	     6.43988	 0	[(74, 87)]
 88	 74	 15	   -0.245739	     5.36413	     6.75798	 0	[(74, 88)]
 89	 74	 15	   -0.245739	     5.36413	     6.75798	 0	[(74, 89)]
 90	 74	 16	   -0.245739	     5.18096	     6.91251	 0	[(74, 90)]
 91	 74	 16	   -0.245739	     5.18096	     6.91251	 0	[(74, 91)]
 92	 74	 16	   -0.245739	     5.18096	     6.91251	 0	[(74, 92)]
 93	 74	 16	   -0.245739	     5.18096	     6.91251	 0	[(74, 93)]
 94	 74	 16	   -0.245739	     5.18096	     6.91251	 0	[(74, 94)]
 95	 74	 16	   -0.245739	     5.18096	     6.91251	 0	[(74, 95)]
 96	 74	 16	   -0.245739	     5.18096	     6.91251	 0	[(74, 96)]
 97	 74	 16	   -0.245739	     5.18096	     6.91251	 0	[(74, 97)]
 98	 74	 16	   -0.245739	     5.18096	     6.91251	 0	[(74, 98)]
 99	 74	 16	   -0.245739	     5.18096	     6.91251	 0	[(74, 99)]
100	 97	  2	   -0.245739	     3.70895	     0.31307	 1	[(97, 100)]
101	 97	  4	   -0.245739	     2.24806	    0.295285	 1	[(97, 101)]
102	 97	  6	   -0.245739	     4.28105	      5.1938	 0	[(97, 102)]
103	 97	  7	   -0.245739	     4.09258	     5.67679	 0	[(97, 103)]
104	 97	  8	   -0.245739	     3.59834	     6.88254	 0	[(97, 104)]
105	 97	  9	   -0.245739	     3.29395	     7.99249	 0	[(97, 105)]
106	 97	 10	   -0.245739	     3.17992	     8.89579	 0	[(97, 106)]
107	 97	 11	   -0.245739	     2.44768	     10.0224	 0	[(97, 107)]
108	 97	 12	   -0.245739	     2.11611	     10.9953	 0	[(97, 108)]
109	 97	 13	   -0.245739	     2.01483	     11.7961	 0	[(97, 109)]
110	 97	 14	   -0.245739	     1.86565	     12.5891	 0	[(97, 110)]
111	 97	 15	   -0.245739	     2.39417	     12.2894	 0	[(97, 111)]
112	 97	 15	   -0.245739	     2.39417	     12.2894	 0	[(97, 112)]
113	 97	 16	   -0.245739	     4.82448	     12.7203	 1	[(97, 113)]
114	 97	 17	   -0.245739	     5.11641	     12.7217	 1	[(97, 114)]
115	 97	 17	   -0.245739	     5.11641	     12.7217	 1	[(97, 115)]
116	 97	 17	   -0.245739	     5.11641	     12.7217	 1	[(97, 116)]
117	  0	114	   -0.245739	     8.02684	     94.2578	 4	[(0, 117)]
118	  0	115	   -0.245739	       6.025	     95.6128	 4	[(0, 118)]
119	  0	116	   -0.245739	     5.04358	     98.6832	 4	[(0, 119)]
120	  0	117	   -0.245739	     5.69194	     99.1351	 4	[(0, 120)]
121	 89	 32	   -0.245739	     6.27997	     25.2738	 1	[(89, 121)]
122	 89	 33	   -0.245739	     6.33344	     24.7933	 1	[(89, 122)]
123	 89	 34	   -0.245739	     7.17424	     28.8421	 1	[(89, 123)]
124	  0	122	   -0.245739	     6.46188	      104.38	 4	[(0, 124)]
125	  0	123	   -0.245739	     12.1259	     104.709	 5	[(0, 125)]
126	  0	124	   -0.245739	      9.8198	     107.595	 5	[(0, 126)]
127	  0	125	   -0.245739	     9.63156	     108.444	 5	[(0, 127)]
128	  0	125	   -0.245739	     9.63156	     108.444	 5	[(0, 128)]
129	  0	126	   -0.245739	     11.4569	     108.739	 6	[(0, 129)]
130	  0	126	   -0.245739	     11.4569	     108.739	 6	[(0, 130)]
131	125	  4	   -0.245739	     6.08626	    0.395989	 2	[(125, 131)]
132	125	  5	   -0.245739	     6.19977	    0.403389	 2	[(125, 132)]
133	125	  9	   -0.245739	      9.5996	     8.33732	 0	[(125, 133)]
134	125	 10	   -0.245739	     5.92905	     5.74637	 0	[(125, 134)]
135	125	 11	   -0.245739	     5.84845	     6.04357	 0	[(125, 135)]
136	125	 12	   -0.245739	     5.74148	     6.36125	 0	[(125, 136)]
137	125	 13	   -0.245739	     5.52164	     6.71453	 0	[(125, 137)]
138	125	 14	   -0.245739	     5.14141	     6.99175	 0	[(125, 138)]
139	125	 15	   -0.245739	     4.67728	      6.9911	 0	[(125, 139)]
140	125	 16	   -0.245739	     4.52875	     6.97696	 0	[(125, 140)]
141	125	 17	   -0.245739	     4.53872	     8.07081	 0	[(125, 141)]
142	125	 18	   -0.245739	     5.00287	     7.53756	 0	[(125, 142)]
143	125	 18	   -0.245739	     5.00287	     7.53756	 0	[(125, 143)]
144	125	 18	   -0.245739	     5.00287	     7.53756	 0	[(125, 144)]
145	125	 19	   -0.245739	     4.85808	     7.67686	 0	[(125, 145)]
146	125	 19	   -0.245739	     4.85808	     7.67686	 0	[(125, 146)]
147	125	 20	   -0.245739	     4.72128	     7.80136	 0	[(125, 147)]
148	125	 20	   -0.245739	     4.72128	     7.80136	 0	[(125, 148)]
149	125	 20	   -0.245739	     4.72128	     7.80136	 0	[(125, 149)]
150	125	 20	   -0.245739	     4.72128	     7.80136	 0	[(125, 150)]
151	125	 20	   -0.245739	     4.72128	     7.80136	 0	[(125, 151)]
152	125	 20	   -0.245739	     4.72128	     7.80136	 0	[(125, 152)]
153	125	 21	   -0.245739	     11.7051	     7.91953	 1	[(125, 153)]
154	151	  2	   -0.245739	     3.71331	    0.303238	 1	[(151, 154)]
155	151	  4	   -0.245739	     2.24542	    0.290419	 1	[(151, 155)]
156	151	  6	   -0.245739	     4.57637	     5.24921	 0	[(151, 156)]
157	151	  7	   -0.245739	     4.65886	     5.77796	 0	[(151, 157)]
158	151	  8	   -0.245739	     4.66784	      6.2868	 0	[(151, 158)]
159	151	  9	   -0.245739	     4.69684	     6.80133	 0	[(151, 159)]
160	151	 10	   -0.245739	     4.73763	     8.17022	 0	[(151, 160)]
161	151	 11	   -0.245739	     4.72166	     9.25726	 0	[(151, 161)]
162	151	 12	   -0.245739	     4.73507	      10.049	 0	[(151, 162)]
163	  0	160	   -0.245739	    0.626848	     140.386	 6	[(0, 163)]
164	  0	161	    -2.27708	    -2.27708	     141.576	 6	[(0, 164)]
165	  0	162	    -4.53457	    -4.53457	     142.582	 6	[(0, 165)]
166	  0	163	    -6.35436	    -6.35436	     143.588	 6	[(0, 166)]
167	  0	164	    -7.92755	    -7.92755	     144.712	 6	[(0, 167)]
168	  0	165	    -7.92755	    -7.54166	     145.337	 6	[(0, 168)]
169	  0	165	    -7.92755	    -7.54166	     145.337	 6	[(0, 169)]
170	  0	166	    -8.87166	    -8.87166	     147.698	 6	[(0, 170)]
171	  0	166	    -8.87166	    -8.87166	     147.698	 6	[(0, 171)]
172	  0	168	    -8.87166	    -7.68784	     147.848	 6	[(0, 172)]
173	  0	169	    -8.87166	    -7.70315	     147.883	 6	[(0, 173)]
174	  0	169	    -8.87166	    -7.70315	     147.883	 6	[(0, 174)]
175	  0	170	    -8.87166	    -7.97494	     148.148	 6	[(0, 175)]
176	  0	171	    -8.87166	    -7.92895	     148.132	 6	[(0, 176)]
177	  0	171	    -8.87166	    -7.92895	     148.132	 6	[(0, 177)]
178	  0	171	    -8.87166	    -7.92895	     148.132	 6	[(0, 178)]
179	  0	171	    -8.87166	    -7.92895	     148.132	 6	[(0, 179)]
180	  0	172	    -8.87166	    -8.07433	     148.267	 6	[(0, 180)]
181	  0	173	    -8.87166	    -8.09426	     148.305	 6	[(0, 181)]
182	  0	174	    -8.87166	    -2.03231	     149.021	 7	[(0, 182)]
183	  0	175	    -8.87166	    -4.86196	     150.371	 7	[(0, 183)]
184	  0	176	    -8.87166	    -6.35742	     151.475	 7	[(0, 184)]
185	  0	177	    -8.87166	    -7.57618	     152.579	 7	[(0, 185)]
186	  0	178	    -8.87166	    -8.63797	     154.632	 7	[(0, 186)]
187	  0	179	    -8.87166	    -8.12577	     155.226	 7	[(0, 187)]
188	  0	180	    -8.87166	    -7.64607	      155.18	 7	[(0, 188)]
189	  0	181	    -8.87166	    -7.68083	     158.272	 7	[(0, 189)]
190	  0	182	    -8.87166	    -7.77936	     155.598	 7	[(0, 190)]
191	  0	183	    -8.87166	    -7.78545	     162.057	 7	[(0, 191)]
192	  0	184	    -8.87166	     -8.8401	     163.319	 7	[(0, 192)]
193	  0	185	    -10.3033	    -10.3033	     164.541	 7	[(0, 193)]
194	  0	186	    -11.1776	    -11.1776	     165.524	 7	[(0, 194)]
195	  0	187	    -12.8306	    -12.8306	     166.596	 7	[(0, 195)]
196	  0	188	    -13.6753	    -13.6753	     167.543	 7	[(0, 196)]
197	  0	189	    -14.2621	    -14.2621	      168.48	 7	[(0, 197)]
198	  0	190	    -14.5862	    -14.5862	     169.341	 7	[(0, 198)]
199	  0	191	    -15.5417	    -15.5417	     170.426	 7	[(0, 199)]
200	  0	192	    -15.5417	    -15.0749	     170.852	 7	[(0, 200)]
201	  0	192	    -15.5417	    -15.0749	     170.852	 7	[(0, 201)]
