L	Ls	nvertices	F_L	F_L_constrained	rho_sum	nloops	regions
 22	  0	  0	           0	           0	           0	 0	[(0, 22)]
 23	  0	  0	           0	           0	           0	 0	[(0, 23)]
 24	  0	  0	           0	           0	           0	 0	[(0, 24)]
 25	  0	  0	           0	           0	           0	 0	[(0, 25)]
 26	  0	  0	           0	           0	           0	 0	[(0, 26)]
 27	  0	  0	           0	           0	           0	 0	[(0, 27)]
 28	  0	  0	           0	           0	           0	 0	[(0, 28)]
 29	  0	  0	           0	           0	           0	 0	[(0, 29)]
 30	  0	  0	           0	           0	           0	 0	[(0, 30)]
 31	  0	  0	           0	           0	           0	 0	[(0, 31)]
 32	  0	  0	           0	           0	           0	 0	[(0, 32)]
 33	  0	  2	   -0.258927	   -0.258927	    0.247487	 0	[(0, 33)]
 34	  0	  3	   -0.258927	   -0.256152	    0.255779	 0	[(0, 34)]
 35	  0	  3	   -0.258927	   -0.256152	    0.255779	 0	[(0, 35)]
 36	  0	  5	   -0.373202	   -0.373202	    0.368679	 0	[(0, 36)]
 37	  0	  5	   -0.373202	   -0.373202	    0.368679	 0	[(0, 37)]
 38	  0	  8	   -0.373202	     5.57692	     3.16343	 1	[(0, 38)]
 39	  0	  9	   -0.373202	     4.29326	     5.26634	 1	[(0, 39)]
 40	  0	 12	   -0.373202	     4.40448	     7.57839	 1	[(0, 40)]
 41	  0	 13	   -0.373202	     3.94232	     9.16817	 1	[(0, 41)]
 42	  0	 15	   -0.373202	     3.49304	     11.2008	 1	[(0, 42)]
 43	 26	 15	   -0.373202	     3.49304	     11.2008	 1	[(26, 43)]
 44	 26	 16	   -0.373202	     5.35355	     11.3395	 2	[(26, 44)]
 45	 26	 16	   -0.373202	     5.35355	     11.3395	 2	[(26, 45)]
 46	 42	  2	   -0.373202	     3.69356	    0.350892	 1	[(42, 46)]
 47	 42	  5	   -0.373202	     2.34428	    0.270281	 1	[(42, 47)]
 48	 42	  7	   -0.373202	     4.51264	     5.44061	 0	[(42, 48)]
 49	 42	  8	   -0.373202	     4.19805	     5.84457	 0	[(42, 49)]
 50	 42	  9	   -0.373202	     3.87941	      7.0238	 0	[(42, 50)]
 51	 42	 10	   -0.373202	     3.27755	     8.25749	 0	[(42, 51)]
 52	 42	 11	   -0.373202	     2.53249	     9.33936	 0	[(42, 52)]
 53	 42	 12	   -0.373202	     2.11277	     10.2899	 0	[(42, 53)]
 54	 42	 13	   -0.373202	     1.44659	      11.306	 0	[(42, 54)]
 55	 42	 14	   -0.373202	     1.10815	     12.2201	 0	[(42, 55)]
 56	 42	 15	   -0.373202	     1.54614	     12.6076	 0	[(42, 56)]
 57	 42	 16	   -0.373202	     1.92248	     12.2316	 0	[(42, 57)]
 58	 42	 16	   -0.373202	     1.92248	     12.2316	 0	[(42, 58)]
 59	 42	 16	   -0.373202	     1.92248	     12.2316	 0	[(42, 59)]
 60	 42	 16	   -0.373202	     1.92248	     12.2316	 0	[(42, 60)]
 61	 42	 16	   -0.373202	     1.92248	     12.2316	 0	[(42, 61)]
 62	 42	 16	   -0.373202	     1.92248	     12.2316	 0	[(42, 62)]
 63	 42	 16	   -0.373202	     1.92248	     12.2316	 0	[(42, 63)]
 64	 42	 16	   -0.373202	     1.92248	     12.2316	 0	[(42, 64)]
 65	 42	 16	   -0.373202	     1.92248	     12.2316	 0	[(42, 65)]
 66	 42	 16	   -0.373202	     1.92248	     12.2316	 0	[(42, 66)]
 67	 42	 16	   -0.373202	     1.92248	     12.2316	 0	[(42, 67)]
 68	 42	 16	   -0.373202	     1.92248	     12.2316	 0	[(42, 68)]
 69	 42	 16	   -0.373202	     1.92248	     12.2316	 0	[(42, 69)]
 70	 42	 16	   -0.373202	     1.92248	     12.2316	 0	[(42, 70)]
 71	 42	 16	   -0.373202	     1.92248	     12.2316	 0	[(42, 71)]
 72	 42	 16	   -0.373202	     1.92248	     12.2316	 0	[(42, 72)]
 73	 69	  3	   -0.373202	     3.87897	    0.310711	 1	[(69, 73)]
 74	 69	  5	   -0.373202	     2.36312	    0.273377	 1	[(69, 74)]
 75	 69	  7	   -0.373202	     4.84077	     5.29729	 0	[(69, 75)]
 76	 69	  7	   -0.373202	     4.84077	     5.29729	 0	[(69, 76)]
 77	 69	  7	   -0.373202	     4.84077	     5.29729	 0	[(69, 77)]
 78	 69	  8	   -0.373202	     4.68211	      5.4474	 0	[(69, 78)]
 79	 69	  8	   -0.373202	     4.68211	      5.4474	 0	[(69, 79)]
 80	 69	  8	   -0.373202	     4.68211	      5.4474	 0	[(69, 80)]
 81	 69	  9	   -0.373202	     4.52044	     5.59988	 0	[(69, 81)]
 82	 69	 10	   -0.373202	  -0.0893468	     6.12792	 0	[(69, 82)]
 83	 69	 10	   -0.373202	  -0.0893468	     6.12792	 0	[(69, 83)]
 84	 69	 11	   -0.373202	     4.13168	     7.16048	 1	[(69, 84)]
 85	 69	 12	   -0.373202	     4.47335	     7.43322	 1	[(69, 85)]
 86	 69	 13	   -0.373202	     4.81704	     7.43681	 1	[(69, 86)]
 87	 69	 13	   -0.373202	     4.81704	     7.43681	 1	[(69, 87)]
 88	 84	 13	   -0.373202	     3.78649	     6.45399	 1	[(69, 83), (84, 88)]
 89	 84	 15	   -0.373202	      2.2755	     6.40505	 1	[(69, 83), (84, 89)]
 90	 84	 17	   -0.373202	     3.96099	     11.5241	 0	[(69, 83), (84, 90)]
 91	 84	 18	   -0.373202	     3.68398	     11.9946	 0	[(69, 83), (84, 91)]
 92	 84	 19	   -0.373202	     3.25152	     13.6856	 0	[(69, 83), (84, 92)]
 93	 84	 20	   -0.373202	     2.54212	     14.8567	 0	[(69, 83), (84, 93)]
 94	 84	 21	   -0.373202	     1.96244	     15.8741	 0	[(69, 83), (84, 94)]
 95	 84	 22	   -0.373202	      1.5482	     16.8252	 0	[(69, 83), (84, 95)]
 96	 84	 23	   -0.373202	    0.883768	     17.8438	 0	[(69, 83), (84, 96)]
 97	 84	 24	   -0.373202	    0.300755	     18.8439	 0	[(69, 83), (84, 97)]
 98	 84	 25	   -0.373202	   -0.100933	     19.8041	 0	[(69, 83), (84, 98)]
 99	 84	 26	     -1.1279	     -1.1279	     20.9011	 0	[(69, 83), (84, 99)]
100	 84	 27	    -1.56297	    -1.56297	     21.8355	 0	[(69, 83), (84, 100)]
101	 84	 28	    -1.93044	    -1.93044	     22.7072	 0	[(69, 83), (84, 101)]
102	 84	 29	    -1.93044	    -1.39834	     22.9102	 0	[(69, 83), (84, 102)]
103	 84	 29	    -1.93044	    -1.39834	     22.9102	 0	[(69, 83), (84, 103)]
104	 84	 30	    -2.76008	    -2.76008	      24.199	 0	[(69, 83), (84, 104)]
105	 84	 31	    -2.76008	    -2.54009	     24.4673	 0	[(69, 83), (84, 105)]
106	 84	 31	    -2.76008	    -2.54009	     24.4673	 0	[(69, 83), (84, 106)]
107	 84	 32	    -2.76008	    -2.68327	     24.6083	 0	[(69, 83), (84, 107)]
108	 84	 33	    -2.86623	    -2.86623	     24.8993	 0	[(69, 83), (84, 108)]
109	 84	 35	    -2.86623	  0.00222522	      28.276	 0	[(69, 83), (84, 109)]
110	 84	 36	    -2.86623	     0.46762	     28.9315	 0	[(69, 83), (84, 110)]
111	 84	 36	    -2.86623	     0.46762	     28.9315	 0	[(69, 83), (84, 111)]
112	 84	 37	    -2.86623	    0.301695	     29.0956	 0	[(69, 83), (84, 112)]
113	 84	 37	    -2.86623	    0.301695	     29.0956	 0	[(69, 83), (84, 113)]
114	 84	 39	    -2.86623	      1.3795	     31.0276	 0	[(69, 83), (84, 114)]
115	 84	 40	    -2.86623	     1.62083	     31.4599	 0	[(69, 83), (84, 115)]
116	 84	 40	    -2.86623	     1.62083	     31.4599	 0	[(69, 83), (84, 116)]
117	 84	 41	    -2.86623	     1.41102	     31.6116	 0	[(69, 83), (84, 117)]
118	 84	 41	    -2.86623	     1.41102	     31.6116	 0	[(69, 83), (84, 118)]
119	 84	 41	    -2.86623	     1.41102	     31.6116	 0	[(69, 83), (84, 119)]
120	107	 20	    -2.86623	     5.55859	     6.68856	 1	[(69, 83), (107, 120)]
121	107	 21	    -2.86623	     5.69021	     6.68835	 1	[(69, 83), (107, 121)]
122	107	 22	    -2.86623	     5.79195	     6.67622	 1	[(69, 83), (107, 122)]
123	120	 35	    -2.86623	    0.842123	     25.2138	 1	[(69, 83), (84, 108), (120, 123)]
124	120	 37	    -3.13457	    -3.13457	     25.1985	 0	[(69, 83), (84, 108), (120, 124)]
125	120	 39	    -3.13457	      1.1101	     29.9735	 0	[(69, 83), (84, 108), (120, 125)]
126	120	 40	    -3.13457	    0.894018	     30.4476	 0	[(69, 83), (84, 108), (120, 126)]
127	120	 41	    -3.13457	    0.289463	     31.9312	 0	[(69, 83), (84, 108), (120, 127)]
128	120	 42	    -3.13457	  -0.0159407	     32.9413	 0	[(69, 83), (84, 108), (120, 128)]
129	120	 43	    -3.13457	   -0.827568	     34.0505	 0	[(69, 83), (84, 108), (120, 129)]
130	120	 44	    -3.13457	    -1.42905	     35.0362	 0	[(69, 83), (84, 108), (120, 130)]
131	120	 45	    -3.13457	    -2.45998	     36.1319	 0	[(69, 83), (84, 108), (120, 131)]
132	120	 46	    -3.13457	    -3.09041	     37.0838	 0	[(69, 83), (84, 108), (120, 132)]
133	120	 47	    -3.69048	    -3.69048	     38.0563	 0	[(69, 83), (84, 108), (120, 133)]
134	120	 48	     -4.2973	     -4.2973	     39.0217	 0	[(69, 83), (84, 108), (120, 134)]
135	120	 49	    -4.71008	    -4.71008	     39.9673	 0	[(69, 83), (84, 108), (120, 135)]
136	120	 50	     -5.2762	     -5.2762	     40.9749	 0	[(69, 83), (84, 108), (120, 136)]
137	120	 51	    -5.85135	    -5.85135	     41.9809	 0	[(69, 83), (84, 108), (120, 137)]
138	120	 52	     -6.4207	     -6.4207	     42.9941	 0	[(69, 83), (84, 108), (120, 138)]
139	120	 53	    -8.66915	    -8.66915	     44.1756	 0	[(69, 83), (84, 108), (120, 139)]
140	120	 54	    -9.18387	    -9.18387	     45.0344	 0	[(69, 83), (84, 108), (120, 140)]
141	120	 55	    -9.18387	    -8.48935	     45.2263	 0	[(69, 83), (84, 108), (120, 141)]
142	120	 56	    -9.18387	    -8.16956	     45.0523	 0	[(69, 83), (84, 108), (120, 142)]
143	120	 57	    -9.18387	    -8.25348	     45.2678	 0	[(69, 83), (84, 108), (120, 143)]
144	120	 58	    -9.18387	    -7.51894	     47.8701	 0	[(69, 83), (84, 108), (120, 144)]
145	120	 59	    -9.18387	    -6.78658	     48.4994	 0	[(69, 83), (84, 108), (120, 145)]
146	120	 59	    -9.18387	    -6.78658	     48.4994	 0	[(69, 83), (84, 108), (120, 146)]
147	120	 60	    -9.18387	    -7.95963	     49.0124	 0	[(69, 83), (84, 108), (120, 147)]
148	120	 61	    -9.18387	    -7.85205	     49.3874	 0	[(69, 83), (84, 108), (120, 148)]
149	120	 62	    -9.18387	    -7.69386	     49.2048	 0	[(69, 83), (84, 108), (120, 149)]
150	120	 62	    -9.18387	    -7.69386	     49.2048	 0	[(69, 83), (84, 108), (120, 150)]
151	120	 62	    -9.18387	    -7.69386	     49.2048	 0	[(69, 83), (84, 108), (120, 151)]
152	120	 62	    -9.18387	    -7.69386	     49.2048	 0	[(69, 83), (84, 108), (120, 152)]
153	120	 64	    -9.18387	    -7.66248	     49.2154	 0	[(69, 83), (84, 108), (120, 153)]
154	120	 66	    -9.18387	    -7.63105	     49.1854	 0	[(69, 83), (84, 108), (120, 154)]
155	120	 68	    -9.18387	    -4.32956	     54.4675	 0	[(69, 83), (84, 108), (120, 155)]
156	120	 69	    -9.18387	     -5.1534	     55.8812	 0	[(69, 83), (84, 108), (120, 156)]
157	120	 69	    -9.18387	     -5.1534	     55.8812	 0	[(69, 83), (84, 108), (120, 157)]
158	120	 70	    -9.18387	    -5.51622	      56.213	 0	[(69, 83), (84, 108), (120, 158)]
159	120	 71	    -9.18387	    -5.47991	     56.2445	 0	[(69, 83), (84, 108), (120, 159)]
160	120	 71	    -9.18387	    -5.47991	     56.2445	 0	[(69, 83), (84, 108), (120, 160)]
161	120	 72	    -9.18387	    -5.84177	     56.5854	 0	[(69, 83), (84, 108), (120, 161)]
162	120	 73	    -9.18387	    -5.76496	     56.5631	 0	[(69, 83), (84, 108), (120, 162)]
163	120	 73	    -9.18387	    -5.76496	     56.5631	 0	[(69, 83), (84, 108), (120, 163)]
164	120	 74	    -9.18387	    -5.89996	     56.6984	 0	[(69, 83), (84, 108), (120, 164)]
165	120	 74	    -9.18387	    -5.89996	     56.6984	 0	[(69, 83), (84, 108), (120, 165)]
166	120	 74	    -9.18387	    -5.89996	     56.6984	 0	[(69, 83), (84, 108), (120, 166)]
167	120	 74	    -9.18387	    -5.89996	     56.6984	 0	[(69, 83), (84, 108), (120, 167)]
168	120	 74	    -9.18387	    -5.89996	     56.6984	 0	[(69, 83), (84, 108), (120, 168)]
169	120	 76	    -9.18387	    -6.02549	     56.8284	 0	[(69, 83), (84, 108), (120, 169)]
170	120	 78	    -9.18387	    -6.00766	     56.8195	 0	[(69, 83), (84, 108), (120, 170)]
171	120	 78	    -9.18387	    -6.00766	     56.8195	 0	[(69, 83), (84, 108), (120, 171)]
172	120	 78	    -9.18387	    -6.00766	     56.8195	 0	[(69, 83), (84, 108), (120, 172)]
173	160	 42	    -9.18387	    -3.26837	     25.3054	 0	[(69, 83), (84, 108), (160, 173)]
174	160	 43	    -9.18387	     -3.2707	     25.3256	 0	[(69, 83), (84, 108), (160, 174)]
175	160	 45	    -9.18387	     5.89774	     29.2004	 1	[(69, 83), (84, 108), (160, 175)]
176	160	 46	    -9.18387	     6.52851	     29.6865	 1	[(69, 83), (84, 108), (160, 176)]
177	160	 48	    -9.18387	     3.11855	     25.3502	 1	[(69, 83), (84, 108), (160, 177)]
178	160	 49	    -9.18387	     3.10532	     25.3614	 1	[(69, 83), (84, 108), (160, 178)]
179	160	 51	    -9.18387	     3.20263	     25.2814	 1	[(69, 83), (84, 108), (160, 179)]
180	160	 51	    -9.18387	     3.20263	     25.2814	 1	[(69, 83), (84, 108), (160, 180)]
181	160	 51	    -9.18387	     3.20263	     25.2814	 1	[(69, 83), (84, 108), (160, 181)]
182	160	 51	    -9.18387	     3.20263	     25.2814	 1	[(69, 83), (84, 108), (160, 182)]
183	160	 53	    -9.18387	     3.02337	     25.5134	 1	[(69, 83), (84, 108), (160, 183)]
184	160	 55	    -9.18387	      4.3174	      27.747	 1	[(69, 83), (84, 108), (160, 184)]
185	160	 57	    -9.18387	     3.04586	     25.4514	 1	[(69, 83), (84, 108), (160, 185)]
186	160	 57	    -9.18387	     3.04586	     25.4514	 1	[(69, 83), (84, 108), (160, 186)]
187	160	 59	    -9.18387	     11.0658	     34.1279	 1	[(69, 83), (84, 108), (160, 187)]
188	160	 59	    -9.18387	     11.0658	     34.1279	 1	[(69, 83), (84, 108), (160, 188)]
189	160	 59	    -9.18387	     11.0658	     34.1279	 1	[(69, 83), (84, 108), (160, 189)]
190	160	 60	    -9.18387	       18.57	     34.5345	 2	[(69, 83), (84, 108), (160, 190)]
191	160	 62	    -9.18387	     18.5894	     34.3223	 2	[(69, 83), (84, 108), (160, 191)]
192	160	 62	    -9.18387	     18.5894	     34.3223	 2	[(69, 83), (84, 108), (160, 192)]
193	190	 80	    -9.18387	    -2.30202	     57.1403	 1	[(69, 83), (84, 108), (120, 172), (190, 193)]
194	190	 82	    -9.18387	     -3.7453	     57.1437	 1	[(69, 83), (84, 108), (120, 172), (190, 194)]
195	190	 84	    -9.18387	      -3.355	     62.0203	 0	[(69, 83), (84, 108), (120, 172), (190, 195)]
196	190	 85	    -9.18387	    -3.69895	     63.2237	 0	[(69, 83), (84, 108), (120, 172), (190, 196)]
197	190	 86	    -9.18387	    -4.04233	     64.1413	 0	[(69, 83), (84, 108), (120, 172), (190, 197)]
198	190	 87	    -9.18387	    -4.34638	     65.0893	 0	[(69, 83), (84, 108), (120, 172), (190, 198)]
199	190	 88	    -9.18387	    -4.95658	     66.1801	 0	[(69, 83), (84, 108), (120, 172), (190, 199)]
200	190	 89	    -9.18387	     -5.1625	     67.0074	 0	[(69, 83), (84, 108), (120, 172), (190, 200)]
201	190	 90	    -9.18387	    -5.64844	     67.9631	 0	[(69, 83), (84, 108), (120, 172), (190, 201)]
202	190	 91	    -9.18387	    -5.41503	     68.5758	 0	[(69, 83), (84, 108), (120, 172), (190, 202)]
203	190	 91	    -9.18387	    -5.41503	     68.5758	 0	[(69, 83), (84, 108), (120, 172), (190, 203)]
204	190	 92	    -9.18387	    -5.56395	     68.7144	 0	[(69, 83), (84, 108), (120, 172), (190, 204)]
205	190	 93	    -9.18387	    -5.56246	     68.7265	 0	[(69, 83), (84, 108), (120, 172), (190, 205)]
206	190	 94	    -9.18387	    -5.56901	     68.7358	 0	[(69, 83), (84, 108), (120, 172), (190, 206)]
207	190	 94	    -9.18387	    -5.56901	     68.7358	 0	[(69, 83), (84, 108), (120, 172), (190, 207)]
208	190	 95	    -9.18387	    -5.79572	     68.9558	 0	[(69, 83), (84, 108), (120, 172), (190, 208)]
209	190	 96	    -9.18387	    -5.77188	     68.9578	 0	[(69, 83), (84, 108), (120, 172), (190, 209)]
210	190	 98	    -9.18387	    -5.61493	     68.7887	 0	[(69, 83), (84, 108), (120, 172), (190, 210)]
211	190	 99	    -9.18387	    -3.57931	     73.2545	 0	[(69, 83), (84, 108), (120, 172), (190, 211)]
212	190	100	    -9.18387	    -8.09178	     74.9425	 0	[(69, 83), (84, 108), (120, 172), (190, 212)]
213	190	101	    -9.73316	    -9.73316	      75.916	 0	[(69, 83), (84, 108), (120, 172), (190, 213)]
214	190	102	    -9.73316	    -8.97827	     76.2186	 0	[(69, 83), (84, 108), (120, 172), (190, 214)]
215	190	103	    -9.73316	     -8.5747	     76.1912	 0	[(69, 83), (84, 108), (120, 172), (190, 215)]
216	190	103	    -9.73316	     -8.5747	     76.1912	 0	[(69, 83), (84, 108), (120, 172), (190, 216)]
217	190	103	    -9.73316	     -8.5747	     76.1912	 0	[(69, 83), (84, 108), (120, 172), (190, 217)]
218	190	104	    -9.73316	    -9.05978	     76.5856	 0	[(69, 83), (84, 108), (120, 172), (190, 218)]
219	190	105	    -9.73316	    -8.92123	     76.5413	 0	[(69, 83), (84, 108), (120, 172), (190, 219)]
220	190	106	    -9.73316	    -8.84554	     76.4716	 0	[(69, 83), (84, 108), (120, 172), (190, 220)]
221	190	106	    -9.73316	    -8.84554	     76.4716	 0	[(69, 83), (84, 108), (120, 172), (190, 221)]
222	190	106	    -9.73316	    -8.84554	     76.4716	 0	[(69, 83), (84, 108), (120, 172), (190, 222)]
223	190	106	    -9.73316	    -8.84554	     76.4716	 0	[(69, 83), (84, 108), (120, 172), (190, 223)]
224	190	106	    -9.73316	    -8.84554	     76.4716	 0	[(69, 83), (84, 108), (120, 172), (190, 224)]
225	190	106	    -9.73316	    -8.84554	     76.4716	 0	[(69, 83), (84, 108), (120, 172), (190, 225)]
226	190	106	    -9.73316	    -8.84554	     76.4716	 0	[(69, 83), (84, 108), (120, 172), (190, 226)]
227	190	106	    -9.73316	    -8.84554	     76.4716	 0	[(69, 83), (84, 108), (120, 172), (190, 227)]
228	190	106	    -9.73316	    -8.84554	     76.4716	 0	[(69, 83), (84, 108), (120, 172), (190, 228)]
229	190	106	    -9.73316	    -8.84554	     76.4716	 0	[(69, 83), (84, 108), (120, 172), (190, 229)]
230	190	106	    -9.73316	    -8.84554	     76.4716	 0	[(69, 83), (84, 108), (120, 172), (190, 230)]
231	190	106	    -9.73316	    -8.84554	     76.4716	 0	[(69, 83), (84, 108), (120, 172), (190, 231)]
232	190	106	    -9.73316	    -8.84554	     76.4716	 0	[(69, 83), (84, 108), (120, 172), (190, 232)]
233	190	108	    -9.73316	    -9.19588	     76.9731	 0	[(69, 83), (84, 108), (120, 172), (190, 233)]
234	190	110	    -9.73316	    -9.11893	      76.786	 0	[(69, 83), (84, 108), (120, 172), (190, 234)]
235	190	110	    -9.73316	    -9.11893	      76.786	 0	[(69, 83), (84, 108), (120, 172), (190, 235)]
236	190	110	    -9.73316	    -9.11893	      76.786	 0	[(69, 83), (84, 108), (120, 172), (190, 236)]
237	190	110	    -9.73316	    -9.11893	      76.786	 0	[(69, 83), (84, 108), (120, 172), (190, 237)]
238	190	114	    -9.73316	     -4.9435	     76.7735	 1	[(69, 83), (84, 108), (120, 172), (190, 238)]
239	231	 86	    -9.73316	    -3.82496	     57.1094	 1	[(69, 83), (84, 108), (120, 172), (231, 239)]
240	190	119	    -9.73316	    -6.60829	     76.7746	 1	[(69, 83), (84, 108), (120, 172), (190, 240)]
241	190	119	    -9.73316	    -6.60829	     76.7746	 1	[(69, 83), (84, 108), (120, 172), (190, 241)]
242	190	119	    -9.73316	    -6.60829	     76.7746	 1	[(69, 83), (84, 108), (120, 172), (190, 242)]
243	231	 86	    -9.73316	    -3.82496	     57.1094	 1	[(69, 83), (84, 108), (120, 172), (231, 243)]
244	190	122	    -9.73316	    -4.45316	     76.9552	 2	[(69, 83), (84, 108), (120, 172), (190, 244)]
245	190	124	    -9.73316	    -6.82434	     76.8428	 1	[(69, 83), (84, 108), (120, 172), (190, 245)]
246	190	125	    -9.73316	    -6.84514	     76.8734	 1	[(69, 83), (84, 108), (120, 172), (190, 246)]
247	190	126	    -9.73316	    -3.84448	      82.564	 1	[(69, 83), (84, 108), (120, 172), (190, 247)]
248	240	 87	    -9.73316	    -1.76411	     62.8189	 0	[(69, 83), (84, 108), (120, 172), (240, 248)]
249	240	 88	    -9.73316	    -2.05732	     63.9691	 0	[(69, 83), (84, 108), (120, 172), (240, 249)]
250	240	 89	    -9.73316	     -2.4079	     65.1093	 0	[(69, 83), (84, 108), (120, 172), (240, 250)]
251	240	 90	    -9.73316	    -2.78028	     66.1248	 0	[(69, 83), (84, 108), (120, 172), (240, 251)]
252	240	 91	    -9.73316	    -3.23356	     67.1535	 0	[(69, 83), (84, 108), (120, 172), (240, 252)]
253	240	 92	    -9.73316	    -3.87061	     68.2172	 0	[(69, 83), (84, 108), (120, 172), (240, 253)]
254	190	133	    -9.73316	    -4.80991	     99.2545	 1	[(69, 83), (84, 108), (120, 172), (190, 254)]
255	190	134	    -9.73316	    -5.54507	     100.211	 1	[(69, 83), (84, 108), (120, 172), (190, 255)]
256	190	135	    -9.73316	    -6.18407	     101.144	 1	[(69, 83), (84, 108), (120, 172), (190, 256)]
257	190	136	    -9.73316	    -6.64284	     102.027	 1	[(69, 83), (84, 108), (120, 172), (190, 257)]
258	190	137	    -9.73316	    -7.21804	     103.021	 1	[(69, 83), (84, 108), (120, 172), (190, 258)]
259	190	138	    -9.73316	    -7.62308	     103.975	 1	[(69, 83), (84, 108), (120, 172), (190, 259)]
260	190	139	    -9.73316	    -7.97254	     104.863	 1	[(69, 83), (84, 108), (120, 172), (190, 260)]
261	190	140	    -9.73316	    -7.44688	     105.083	 1	[(69, 83), (84, 108), (120, 172), (190, 261)]
262	190	140	    -9.73316	    -7.44688	     105.083	 1	[(69, 83), (84, 108), (120, 172), (190, 262)]
263	190	140	    -9.73316	    -7.44688	     105.083	 1	[(69, 83), (84, 108), (120, 172), (190, 263)]
264	190	140	    -9.73316	    -7.44688	     105.083	 1	[(69, 83), (84, 108), (120, 172), (190, 264)]
265	190	142	    -9.73316	    -7.27113	     104.926	 1	[(69, 83), (84, 108), (120, 172), (190, 265)]
266	190	144	    -9.73316	     -7.2243	     104.899	 1	[(69, 83), (84, 108), (120, 172), (190, 266)]
267	240	106	    -9.73316	    -6.51225	     74.7062	 0	[(69, 83), (84, 108), (120, 172), (240, 267)]
268	240	106	    -9.73316	    -6.51225	     74.7062	 0	[(69, 83), (84, 108), (120, 172), (240, 268)]
269	240	106	    -9.73316	    -6.51225	     74.7062	 0	[(69, 83), (84, 108), (120, 172), (240, 269)]
270	240	106	    -9.73316	    -6.51225	     74.7062	 0	[(69, 83), (84, 108), (120, 172), (240, 270)]
271	190	148	    -9.73316	    -2.58838	     111.654	 1	[(69, 83), (84, 108), (120, 172), (190, 271)]
272	231	118	    -9.73316	    -4.17327	     74.7206	 1	[(69, 83), (84, 108), (120, 172), (231, 272)]
273	231	118	    -9.73316	    -4.17327	     74.7206	 1	[(69, 83), (84, 108), (120, 172), (231, 273)]
274	231	119	    -9.73316	    -4.31491	     74.8719	 1	[(69, 83), (84, 108), (120, 172), (231, 274)]
275	231	119	    -9.73316	    -4.31491	     74.8719	 1	[(69, 83), (84, 108), (120, 172), (231, 275)]
276	231	119	    -9.73316	    -4.31491	     74.8719	 1	[(69, 83), (84, 108), (120, 172), (231, 276)]
277	231	119	    -9.73316	    -4.31491	     74.8719	 1	[(69, 83), (84, 108), (120, 172), (231, 277)]
278	240	114	    -9.73316	     -4.5833	     84.8938	 0	[(69, 83), (84, 108), (120, 172), (240, 278)]
279	240	116	    -9.73316	    -6.52911	     84.3681	 0	[(69, 83), (84, 108), (120, 172), (240, 279)]
280	240	117	    -9.73316	     1.56081	     85.2756	 1	[(69, 83), (84, 108), (120, 172), (240, 280)]
281	240	117	    -9.73316	     1.56081	     85.2756	 1	[(69, 83), (84, 108), (120, 172), (240, 281)]
282	240	118	    -9.73316	     3.58591	     85.6315	 2	[(69, 83), (84, 108), (120, 172), (240, 282)]
283	279	147	    -9.73316	    -3.31974	     105.195	 2	[(69, 83), (84, 108), (120, 172), (190, 266), (279, 283)]
284	279	149	    -9.73316	    -7.47252	     105.168	 1	[(69, 83), (84, 108), (120, 172), (190, 266), (279, 284)]
285	240	122	    -9.73316	    -2.10636	      92.716	 1	[(69, 83), (84, 108), (120, 172), (240, 285)]
286	240	123	    -9.73316	    -2.52368	     93.6877	 1	[(69, 83), (84, 108), (120, 172), (240, 286)]
287	240	124	    -9.73316	    -2.87563	      94.743	 1	[(69, 83), (84, 108), (120, 172), (240, 287)]
288	240	125	    -9.73316	    -3.40832	      95.815	 1	[(69, 83), (84, 108), (120, 172), (240, 288)]
289	240	126	    -9.73316	    -3.63453	     96.7371	 1	[(69, 83), (84, 108), (120, 172), (240, 289)]
290	240	127	    -9.73316	     -3.8366	     97.6622	 1	[(69, 83), (84, 108), (120, 172), (240, 290)]
291	240	128	    -9.73316	    -5.48918	     98.9269	 1	[(69, 83), (84, 108), (120, 172), (240, 291)]
292	240	129	    -9.73316	     -5.9144	     99.8793	 1	[(69, 83), (84, 108), (120, 172), (240, 292)]
293	240	130	    -9.73316	     -6.3934	     100.858	 1	[(69, 83), (84, 108), (120, 172), (240, 293)]
294	190	175	    -9.73316	    -7.91055	      133.62	 2	[(69, 83), (84, 108), (120, 172), (190, 294)]
295	190	176	    -9.73316	    -8.37922	     134.535	 2	[(69, 83), (84, 108), (120, 172), (190, 295)]
296	190	177	    -9.73316	    -8.89964	     135.473	 2	[(69, 83), (84, 108), (120, 172), (190, 296)]
297	190	178	    -10.6305	    -10.6305	     137.001	 2	[(69, 83), (84, 108), (120, 172), (190, 297)]
298	190	179	    -11.5847	    -11.5847	     138.494	 2	[(69, 83), (84, 108), (120, 172), (190, 298)]
299	190	180	    -14.2359	    -14.2359	     139.611	 2	[(69, 83), (84, 108), (120, 172), (190, 299)]
300	190	181	    -16.6244	    -16.6244	     140.633	 2	[(69, 83), (84, 108), (120, 172), (190, 300)]
301	190	182	    -17.2267	    -17.2267	     141.656	 2	[(69, 83), (84, 108), (120, 172), (190, 301)]
302	190	183	    -17.2267	    -16.5324	     141.934	 2	[(69, 83), (84, 108), (120, 172), (190, 302)]
303	190	184	    -17.2267	    -16.2657	     141.521	 2	[(69, 83), (84, 108), (120, 172), (190, 303)]
304	 84	216	    -17.2267	    -10.3189	     152.335	 7	[(69, 83), (84, 304)]
305	190	118	    -17.2267	    -16.4136	      81.399	 2	[(69, 83), (190, 305)]
306	190	119	    -17.2267	    -16.4204	     81.4005	 2	[(69, 83), (190, 306)]
307	190	120	    -17.2267	    -16.4343	     81.4164	 2	[(69, 83), (190, 307)]
308	190	121	    -17.2267	    -16.4461	     81.4272	 2	[(69, 83), (190, 308)]
309	190	121	    -17.2267	    -16.4461	     81.4272	 2	[(69, 83), (190, 309)]
310	190	121	    -17.2267	    -16.4461	     81.4272	 2	[(69, 83), (190, 310)]
311	190	121	    -17.2267	    -16.4461	     81.4272	 2	[(69, 83), (190, 311)]
312	190	123	    -17.2267	    -16.6081	     81.6097	 2	[(69, 83), (190, 312)]
313	190	125	    -17.2267	    -16.6019	     81.5943	 2	[(69, 83), (190, 313)]
314	190	125	    -17.2267	    -16.6019	     81.5943	 2	[(69, 83), (190, 314)]
315	190	125	    -17.2267	    -16.6019	     81.5943	 2	[(69, 83), (190, 315)]
316	190	125	    -17.2267	    -16.6019	     81.5943	 2	[(69, 83), (190, 316)]
317	190	127	    -17.2267	     -16.717	     81.7021	 2	[(69, 83), (190, 317)]
318	190	129	    -17.2267	     -15.599	     84.4768	 2	[(69, 83), (190, 318)]
319	190	130	    -17.2267	    -16.7184	     81.7218	 2	[(69, 83), (190, 319)]
320	190	131	    -17.2267	     -16.723	      81.722	 2	[(69, 83), (190, 320)]
321	190	132	    -17.2267	    -14.9726	     85.7275	 2	[(69, 83), (190, 321)]
322	190	133	    -17.2267	    -14.9901	     85.9845	 2	[(69, 83), (190, 322)]
323	190	134	    -17.2267	    -14.8853	     85.8363	 2	[(69, 83), (190, 323)]
324	190	135	    -17.2267	    -14.8611	     85.7077	 2	[(69, 83), (190, 324)]
325	190	136	    -17.2267	    -15.1045	     86.0845	 2	[(69, 83), (190, 325)]
326	240	 93	    -17.2267	    -8.65869	     59.1094	 1	[(69, 83), (240, 326)]
327	190	138	    -17.2267	    -13.2929	     91.2744	 2	[(69, 83), (190, 327)]
328	190	139	    -17.2267	    -10.6137	     93.0597	 3	[(69, 83), (190, 328)]
329	190	140	    -17.2267	    -12.8398	     94.1856	 3	[(69, 83), (190, 329)]
330	190	141	    -18.9786	    -18.9786	       95.49	 3	[(69, 83), (190, 330)]
331	190	142	    -22.8249	    -22.8249	      96.491	 3	[(69, 83), (190, 331)]
332	190	143	    -23.0331	    -23.0331	     97.5221	 3	[(69, 83), (190, 332)]
333	190	144	    -23.0331	    -22.4478	     97.7515	 3	[(69, 83), (190, 333)]
334	190	145	    -23.0331	    -22.4852	     98.1147	 3	[(69, 83), (190, 334)]
335	190	145	    -23.0331	    -22.4852	     98.1147	 3	[(69, 83), (190, 335)]
336	  0	294	    -23.0331	    -22.9303	     204.631	11	[(0, 336)]
337	190	137	    -23.0331	    -22.7172	     92.3784	 3	[(190, 337)]
338	190	139	    -24.3211	    -24.3211	     87.6552	 3	[(190, 338)]
339	120	209	    -24.5054	    -24.5054	     133.652	 6	[(120, 339)]
340	190	139	    -24.5054	    -24.3211	     87.6552	 3	[(190, 340)]
341	190	139	    -24.5054	    -24.3211	     87.6552	 3	[(190, 341)]
342	190	139	    -24.5054	    -24.3211	     87.6552	 3	[(190, 342)]
343	190	141	    -24.9975	    -24.9975	     89.3897	 3	[(190, 343)]
344	190	143	    -25.0151	    -25.0151	     91.3301	 3	[(190, 344)]
345	190	145	    -25.0151	    -22.7337	     92.2339	 3	[(190, 345)]
346	190	145	    -25.0151	    -22.7337	     92.2339	 3	[(190, 346)]
347	 26	305	    -25.0151	    -24.8673	     211.778	11	[(26, 347)]
348	 26	306	    -26.7726	    -26.7726	     213.025	11	[(26, 348)]
349	 26	307	    -26.7726	    -26.4635	     213.627	11	[(26, 349)]
350	 26	308	    -26.7726	    -26.6955	     214.464	11	[(26, 350)]
351	 26	308	    -26.7726	    -26.6955	     214.464	11	[(26, 351)]
352	 26	308	    -26.7726	    -26.6955	     214.464	11	[(26, 352)]
353	 26	308	    -26.7726	    -26.6955	     214.464	11	[(26, 353)]
354	 26	308	    -26.7726	    -26.6955	     214.464	11	[(26, 354)]
355	 26	308	    -26.7726	    -26.6955	     214.464	11	[(26, 355)]
356	 26	308	    -26.7726	    -26.6955	     214.464	11	[(26, 356)]
