nresidues = 248
1 4 0.0625
1 56 0.3125
2 7 0.0625
2 42 0.25
2 43 1.3125
2 56 0.125
3 7 0.25
3 9 0.125
3 22 0.0625
3 40 0.1875
3 41 1.3125
3 42 0.0625
3 43 0.25
3 44 0.25
3 45 0.1875
3 54 0.375
3 55 0.25
3 56 0.125
4 7 0.375
4 22 0.125
5 22 1.3125
5 24 0.4375
6 21 0.25
6 22 0.0625
7 20 0.0625
7 21 1.25
7 22 0.1875
7 56 0.625
8 19 0.0625
8 20 1.375
8 21 0.0625
8 57 0.1875
8 134 0.3125
8 135 0.1875
9 18 0.0625
9 19 1.375
9 20 0.1875
9 22 0.125
9 54 0.0625
9 55 1.3125
9 57 0.0625
10 18 1.3125
10 53 0.0625
10 54 1.1875
10 55 0.5
10 57 0.0625
10 61 0.375
10 65 0.0625
11 16 0.0625
11 17 1.25
11 18 0.4375
11 20 0.125
11 28 0.125
11 35 0.0625
11 37 0.0625
11 52 0.125
11 53 1.3125
12 15 0.1875
12 16 1.3125
12 51 0.0625
12 52 1.1875
12 53 0.25
13 16 0.375
13 30 0.3125
13 33 0.125
13 51 0.125
13 52 0.8125
15 220 0.3125
17 61 0.3125
17 65 0.0625
18 28 0.125
18 30 0.125
19 57 0.125
19 65 0.1875
19 66 0.0625
20 28 0.1875
20 37 0.125
21 37 0.125
22 37 0.25
22 40 0.1875
22 41 0.0625
23 26 0.5625
23 37 0.1875
24 38 0.375
25 38 0.0625
26 36 1.1875
26 37 0.5625
27 35 1.25
27 37 0.375
28 33 0.0625
28 34 1.25
28 35 0.25
29 33 1.3125
30 33 0.4375
33 50 0.0625
33 52 0.125
34 50 0.25
34 52 0.25
35 40 0.0625
35 49 0.125
35 52 0.25
36 39 1.4375
36 40 0.0625
37 40 1.25
37 41 0.1875
38 41 0.0625
39 43 0.25
39 49 0.1875
40 43 0.25
40 54 0.0625
43 47 0.125
44 47 0.25
45 54 1.25
45 55 0.5
45 56 0.6875
46 54 1.1875
46 55 0.125
47 52 0.0625
47 53 1.1875
48 51 0.0625
48 52 1.3125
48 53 0.3125
49 52 0.5
57 61 0.234375
57 62 0.117188
58 61 1.05469
58 62 0.195312
59 62 0.78125
59 63 0.195312
59 80 0.125
60 63 0.78125
60 64 0.195312
60 76 0.1875
60 80 0.125
61 64 0.742188
61 65 0.78125
62 65 0.703125
62 66 0.742188
62 67 0.117188
62 135 0.3125
63 66 0.664062
63 67 0.0390625
63 103 0.125
63 107 0.0625
64 69 0.25
64 75 0.0625
64 76 0.125
66 135 0.1875
67 101 0.0625
67 102 0.1875
67 103 0.125
67 106 0.125
67 131 1.0625
67 132 0.125
68 101 0.125
68 127 0.125
68 131 0.375
69 73 0.25
69 75 0.125
69 101 0.1875
70 101 0.1875
70 123 0.25
70 124 0.375
70 127 0.25
71 100 0.25
71 101 0.125
71 124 0.1875
72 75 0.1875
73 101 0.0625
73 103 0.125
74 78 0.078125
74 79 0.0390625
74 103 0.0625
74 104 0.125
74 162 0.0625
74 164 0.1875
74 188 0.1875
75 78 0.820312
75 79 0.195312
75 236 0.0625
76 79 0.859375
76 80 0.273438
77 214 0.4375
77 215 0.0625
77 216 0.625
77 236 0.3125
78 81 0.78125
78 82 0.234375
78 214 0.125
78 236 0.25
78 239 0.0625
79 82 0.78125
79 83 0.078125
79 104 0.125
79 107 0.1875
80 83 0.664062
80 107 0.1875
81 84 0.742188
81 85 0.273438
81 214 0.1875
81 241 0.0625
82 85 0.78125
82 86 0.195312
82 162 0.3125
82 241 0.0625
83 86 0.703125
83 87 0.664062
83 88 0.15625
83 107 0.0625
84 87 0.0390625
85 210 0.375
85 241 0.3125
86 160 0.0625
86 161 0.0625
86 184 0.0625
86 185 0.125
87 92 0.25
88 92 0.1875
88 94 0.0625
88 108 0.0625
88 111 1.25
88 160 0.0625
89 92 0.5
89 111 1.25
89 112 1.3125
90 109 0.0625
90 110 0.1875
90 111 0.1875
90 112 1.5
90 113 0.25
90 140 0.0625
91 159 0.125
92 112 1.25
92 113 1.1875
92 114 0.0625
92 159 0.6875
93 114 1.6875
93 116 0.0625
93 157 0.3125
93 158 1.625
93 159 1.375
93 160 0.0625
94 112 0.0625
94 114 0.125
94 115 1.375
94 116 0.125
94 158 0.4375
94 160 1.375
95 116 1.25
95 118 0.125
95 148 0.1875
95 158 0.25
95 160 0.125
95 161 1.25
95 162 0.125
96 99 0.0625
96 104 0.25
96 105 0.1875
96 108 0.125
96 116 0.125
96 117 1.5
96 118 0.0625
96 162 1.25
97 118 0.1875
97 148 0.8125
97 162 0.0625
97 163 1.5
97 164 1.375
97 165 0.25
97 171 0.1875
97 175 0.0625
98 117 0.0625
98 118 1.25
98 119 0.1875
99 102 0.0625
99 105 0.0625
99 117 0.5625
99 118 0.25
99 119 0.3125
99 128 0.0625
100 119 0.0625
100 124 0.1875
100 128 0.0625
101 128 0.3125
101 131 0.25
102 105 0.859375
102 106 0.078125
102 132 0.0625
103 106 0.703125
103 107 0.0390625
104 107 0.820312
104 108 0.195312
104 162 0.1875
105 108 0.820312
105 109 0.078125
105 115 0.0625
105 132 0.125
105 141 0.125
105 143 0.125
106 109 0.742188
106 110 0.078125
107 110 0.78125
107 111 0.078125
108 111 0.703125
108 112 0.078125
108 115 0.1875
109 112 0.0390625
109 115 0.0625
109 137 0.0625
109 138 0.0625
109 140 0.5625
109 141 0.125
110 137 0.125
112 140 0.125
113 140 0.25
114 140 1.25
115 140 0.0625
115 141 1.25
115 142 0.1875
116 142 1.4375
116 144 0.0625
116 154 0.125
116 158 0.4375
117 141 0.0625
117 142 0.1875
117 143 1.3125
117 144 0.3125
118 144 1.5625
118 146 1.125
118 151 0.125
118 153 0.0625
119 124 0.25
119 125 0.125
119 144 0.125
119 145 1.375
119 146 1.1875
120 145 0.125
120 146 0.0625
121 124 0.9375
121 125 0.078125
121 145 0.125
122 125 0.898438
122 126 0.351562
122 145 0.375
123 126 0.742188
123 127 0.15625
124 127 0.78125
124 128 0.078125
125 128 0.703125
125 129 0.46875
125 143 0.125
125 144 0.3125
125 145 0.625
126 129 0.820312
126 130 0.078125
127 130 0.78125
127 131 0.234375
128 131 0.742188
128 132 0.117188
129 132 0.664062
129 133 0.078125
129 143 0.375
130 133 0.664062
130 134 0.078125
131 134 0.742188
131 135 0.0390625
132 135 0.742188
132 136 0.78125
132 137 0.9375
132 138 0.0390625
133 136 0.0390625
136 139 0.375
138 141 0.3125
147 150 1.3125
147 151 0.125
148 151 0.0625
148 171 0.0625
148 174 0.625
148 175 0.125
149 174 0.1875
150 174 0.0625
151 174 0.1875
153 158 0.0625
153 178 0.125
154 157 0.1875
155 177 1.5
155 178 1.1875
156 177 0.0625
156 178 1.25
156 179 0.125
156 180 0.125
157 178 1.0625
158 178 0.3125
158 179 1.3125
158 180 0.25
158 183 0.0625
159 179 0.0625
159 180 0.1875
159 183 0.125
159 184 0.0625
160 179 0.25
160 184 1.25
161 175 0.0625
161 179 0.0625
161 185 1.25
161 186 0.0625
162 186 1.6875
162 187 0.1875
162 188 0.125
163 168 0.0625
163 186 0.0625
163 187 1.375
164 188 0.25
165 168 0.125
166 169 0.0625
166 194 0.375
167 170 0.5
167 171 0.125
168 171 1.25
168 172 0.0625
168 187 0.125
168 189 0.125
169 172 0.1875
169 194 0.0625
169 197 0.4375
169 198 0.0625
169 201 0.0625
171 174 0.78125
171 175 0.117188
172 175 0.78125
172 176 0.078125
172 187 0.125
172 201 0.125
172 205 0.1875
173 176 0.820312
173 177 0.195312
173 205 0.1875
174 177 0.78125
174 178 0.15625
175 178 0.78125
175 179 0.117188
176 179 0.117188
176 205 0.5
176 206 0.0625
176 244 0.5625
176 245 0.125
176 247 0.1875
179 183 0.0625
179 206 0.125
179 244 0.3125
180 183 0.125
180 244 0.0625
181 244 1.5625
181 246 0.0625
182 243 0.4375
182 244 0.1875
183 243 1.3125
183 244 0.125
184 242 1.1875
184 243 0.25
185 206 0.1875
185 240 0.0625
185 241 1.3125
185 242 0.125
186 240 1.25
186 241 0.0625
187 198 0.25
187 202 0.0625
187 238 0.0625
187 239 1.1875
187 240 0.3125
188 237 0.1875
188 238 1.1875
188 239 0.0625
189 194 0.234375
189 195 0.078125
189 198 0.0625
189 237 1.4375
189 238 0.375
190 194 0.117188
190 235 0.25
190 237 0.0625
190 238 0.125
191 194 1.01562
191 195 0.0390625
191 238 0.25
192 195 0.78125
192 196 0.15625
192 238 0.0625
193 196 0.78125
193 197 0.15625
194 197 0.78125
194 198 0.078125
195 198 0.78125
195 199 0.195312
195 238 0.1875
196 199 0.742188
196 200 0.234375
197 200 0.820312
197 201 0.078125
198 201 0.898438
198 202 0.117188
199 202 0.078125
201 205 0.125
202 205 1.25
202 206 0.25
202 209 0.0625
203 245 0.0625
204 247 0.0625
205 244 1.25
205 245 0.3125
206 209 0.125
206 243 1.5
206 244 0.125
206 245 0.3125
207 242 1.25
207 243 0.3125
207 245 0.125
208 241 0.0625
208 242 0.0625
208 243 0.125
209 241 1.3125
210 239 0.0625
210 240 1.3125
210 241 0.1875
211 239 1.3125
212 238 1.1875
212 239 0.25
214 239 0.0625
216 232 0.1875
217 228 0.4375
217 232 0.0625
218 228 1.3125
218 229 0.25
219 226 0.4375
219 227 1.6875
219 228 0.5625
219 229 0.125
220 225 0.0625
220 226 0.125
220 227 0.375
220 229 0.375
222 225 1.375
222 226 0.0625
227 230 0.3125
233 236 0.0625
235 238 0.125
