L	Ls	nvertices	F_L	F_L_constrained	rho_sum	nloops	regions
  1	  0	  0	           0	           0	           0	 0	[(0, 1)]
  2	  0	  0	           0	           0	           0	 0	[(0, 2)]
  3	  0	  0	           0	           0	           0	 0	[(0, 3)]
  4	  0	  2	   -0.255987	   -0.255987	    0.242185	 0	[(0, 4)]
  5	  0	  2	   -0.255987	   -0.255987	    0.242185	 0	[(0, 5)]
  6	  0	  2	   -0.255987	   -0.255987	    0.242185	 0	[(0, 6)]
  7	  0	  5	   -0.255987	    -0.25429	    0.255966	 0	[(0, 7)]
  8	  0	  5	   -0.255987	    -0.25429	    0.255966	 0	[(0, 8)]
  9	  0	  6	   -0.382015	   -0.382015	     0.37684	 0	[(0, 9)]
 10	  0	  6	   -0.382015	   -0.382015	     0.37684	 0	[(0, 10)]
 11	  0	  6	   -0.382015	   -0.382015	     0.37684	 0	[(0, 11)]
 12	  0	  6	   -0.382015	   -0.382015	     0.37684	 0	[(0, 12)]
 13	  0	  6	   -0.382015	   -0.382015	     0.37684	 0	[(0, 13)]
 14	  0	  6	   -0.382015	   -0.382015	     0.37684	 0	[(0, 14)]
 15	  3	  6	   -0.382015	     9.79418	    0.644264	 3	[(3, 15)]
 16	  3	  9	   -0.382015	     8.51506	    0.661574	 3	[(3, 16)]
 17	  0	 12	   -0.382015	     8.70064	    0.633713	 3	[(0, 17)]
 18	  3	 12	   -0.382015	     12.8771	     6.13541	 3	[(3, 18)]
 19	  3	 14	   -0.382015	     11.6945	     7.99054	 2	[(3, 19)]
 20	  3	 15	   -0.382015	     10.8118	     10.6498	 2	[(3, 20)]
 21	  3	 17	   -0.382015	     9.17736	     12.7039	 2	[(3, 21)]
 22	  3	 19	   -0.382015	     7.66254	     13.1399	 1	[(3, 22)]
 23	  3	 19	   -0.382015	     7.66254	     13.1399	 1	[(3, 23)]
 24	  3	 20	   -0.382015	     7.48423	      14.687	 1	[(3, 24)]
 25	  3	 20	   -0.382015	     7.48423	      14.687	 1	[(3, 25)]
 26	  3	 22	   -0.382015	     8.65321	     15.4699	 1	[(3, 26)]
 27	  3	 22	   -0.382015	     8.65321	     15.4699	 1	[(3, 27)]
 28	  3	 23	   -0.382015	     8.33387	     15.7466	 1	[(3, 28)]
 29	  3	 23	   -0.382015	     8.33387	     15.7466	 1	[(3, 29)]
 30	  3	 24	   -0.382015	     8.05057	     16.0302	 1	[(3, 30)]
 31	  3	 24	   -0.382015	     8.05057	     16.0302	 1	[(3, 31)]
 32	  3	 24	   -0.382015	     8.05057	     16.0302	 1	[(3, 32)]
 33	 20	  7	   -0.382015	     7.75287	    0.688846	 2	[(20, 33)]
 34	 20	  8	   -0.382015	     9.98639	      4.1338	 2	[(20, 34)]
 35	 20	 10	   -0.382015	     11.3072	     5.88524	 2	[(20, 35)]
 36	 20	 11	   -0.382015	     10.9301	     8.05839	 2	[(20, 36)]
 37	 20	 14	   -0.382015	      11.002	     9.03971	 2	[(20, 37)]
 38	 20	 17	   -0.382015	     8.92224	      8.5651	 1	[(20, 38)]
 39	 20	 18	   -0.382015	     8.21078	     10.1799	 1	[(20, 39)]
 40	 20	 19	   -0.382015	     7.30653	      11.759	 1	[(20, 40)]
 41	 20	 20	   -0.382015	     7.91121	     12.0786	 1	[(20, 41)]
 42	 20	 20	   -0.382015	     7.91121	     12.0786	 1	[(20, 42)]
 43	 20	 21	   -0.382015	     7.58421	     12.4407	 1	[(20, 43)]
 44	 20	 21	   -0.382015	     7.58421	     12.4407	 1	[(20, 44)]
 45	 20	 21	   -0.382015	     7.58421	     12.4407	 1	[(20, 45)]
 46	 20	 21	   -0.382015	     7.58421	     12.4407	 1	[(20, 46)]
 47	 20	 23	   -0.382015	     7.53812	     12.5098	 1	[(20, 47)]
 48	 20	 23	   -0.382015	     7.53812	     12.5098	 1	[(20, 48)]
 49	 20	 24	   -0.382015	     7.29741	      12.744	 1	[(20, 49)]
 50	 20	 25	   -0.382015	     7.28422	     12.7942	 1	[(20, 50)]
 51	 45	  2	   -0.382015	     3.74401	    0.242185	 1	[(45, 51)]
 52	 45	  5	   -0.382015	     2.41341	    0.268187	 1	[(45, 52)]
 53	 45	  7	   -0.382015	     4.53819	     4.02241	 1	[(45, 53)]
 54	  2	 50	   -0.382015	     4.18575	     44.6208	 4	[(2, 54)]
 55	  2	 51	   -0.382015	   -0.119217	     45.6826	 4	[(2, 55)]
 56	  2	 52	    -1.83034	    -1.83034	      46.678	 4	[(2, 56)]
 57	  2	 53	    -1.83034	     -1.4341	     47.2249	 4	[(2, 57)]
 58	  2	 53	    -1.83034	     -1.4341	     47.2249	 4	[(2, 58)]
 59	  2	 53	    -1.83034	     -1.4341	     47.2249	 4	[(2, 59)]
 60	  2	 53	    -1.83034	     -1.4341	     47.2249	 4	[(2, 60)]
 61	  2	 55	    -1.83034	     2.09694	     49.0254	 5	[(2, 61)]
 62	  2	 57	    -1.83034	     1.32311	     49.3664	 5	[(2, 62)]
 63	  2	 59	    -1.83034	    0.861054	     52.4938	 4	[(2, 63)]
 64	  2	 60	    -1.83034	    0.645833	     53.7269	 4	[(2, 64)]
 65	  2	 61	    -1.83034	    -1.34481	     55.1494	 4	[(2, 65)]
 66	  2	 62	    -2.74024	    -2.74024	     56.2643	 4	[(2, 66)]
 67	  2	 63	    -2.74024	     -2.0581	     56.5974	 4	[(2, 67)]
 68	  2	 63	    -2.74024	     -2.0581	     56.5974	 4	[(2, 68)]
 69	  2	 64	    -2.74024	    -2.26792	     56.7971	 4	[(2, 69)]
 70	  2	 64	    -2.74024	    -2.26792	     56.7971	 4	[(2, 70)]
 71	  2	 64	    -2.74024	    -2.26792	     56.7971	 4	[(2, 71)]
 72	  2	 64	    -2.74024	    -2.26792	     56.7971	 4	[(2, 72)]
 73	  2	 65	    -2.74024	    -2.40935	     56.9423	 4	[(2, 73)]
 74	  2	 65	    -2.74024	    -2.40935	     56.9423	 4	[(2, 74)]
 75	  2	 67	    -2.74024	    -2.55591	      57.097	 4	[(2, 75)]
 76	  2	 68	    -2.74024	    -2.60047	     57.1603	 4	[(2, 76)]
 77	  2	 68	    -2.74024	    -2.60047	     57.1603	 4	[(2, 77)]
 78	 74	  3	    -2.74024	     3.90642	    0.285708	 1	[(74, 78)]
 79	 74	  5	    -2.74024	     2.37229	     0.26869	 1	[(74, 79)]
 80	 74	  6	    -2.74024	     2.49549	    0.247884	 1	[(74, 80)]
 81	 74	  7	    -2.74024	     2.33216	    0.259322	 1	[(74, 81)]
 82	 78	 72	    -2.74024	   -0.345086	     57.4573	 5	[(2, 77), (78, 82)]
 83	 78	 74	    -2.74024	     1.99241	     62.4094	 4	[(2, 77), (78, 83)]
 84	 78	 75	    -2.74024	     2.12264	     62.9469	 4	[(2, 77), (78, 84)]
 85	 78	 76	    -2.74024	     1.80888	      63.412	 4	[(2, 77), (78, 85)]
 86	 78	 77	    -2.74024	     1.82909	      64.334	 4	[(2, 77), (78, 86)]
 87	 78	 78	    -2.74024	     1.96152	     65.2588	 4	[(2, 77), (78, 87)]
 88	 78	 79	    -2.74024	     2.36243	     64.5421	 4	[(2, 77), (78, 88)]
 89	 78	 79	    -2.74024	     2.36243	     64.5421	 4	[(2, 77), (78, 89)]
 90	 78	 79	    -2.74024	     2.36243	     64.5421	 4	[(2, 77), (78, 90)]
 91	 78	 79	    -2.74024	     2.36243	     64.5421	 4	[(2, 77), (78, 91)]
 92	 78	 81	    -2.74024	     2.29639	      64.576	 4	[(2, 77), (78, 92)]
 93	 78	 81	    -2.74024	     2.29639	      64.576	 4	[(2, 77), (78, 93)]
 94	 78	 82	    -2.74024	     2.16888	     64.7008	 4	[(2, 77), (78, 94)]
 95	 78	 82	    -2.74024	     2.16888	     64.7008	 4	[(2, 77), (78, 95)]
 96	 78	 82	    -2.74024	     2.16888	     64.7008	 4	[(2, 77), (78, 96)]
 97	 78	 82	    -2.74024	     2.16888	     64.7008	 4	[(2, 77), (78, 97)]
 98	 78	 82	    -2.74024	     2.16888	     64.7008	 4	[(2, 77), (78, 98)]
 99	 78	 84	    -2.74024	     1.91282	     64.9399	 4	[(2, 77), (78, 99)]
100	 78	 84	    -2.74024	     1.91282	     64.9399	 4	[(2, 77), (78, 100)]
101	 78	 84	    -2.74024	     1.91282	     64.9399	 4	[(2, 77), (78, 101)]
102	 78	 85	    -2.74024	     1.78385	     65.0663	 4	[(2, 77), (78, 102)]
103	 78	 85	    -2.74024	     1.78385	     65.0663	 4	[(2, 77), (78, 103)]
104	 74	 22	    -2.74024	      13.133	     8.92054	 2	[(74, 104)]
105	102	 70	    -2.74024	     1.10818	     57.4741	 5	[(2, 77), (102, 105)]
106	102	 72	    -2.74024	   -0.353174	     57.4523	 5	[(2, 77), (102, 106)]
107	102	 74	    -2.74024	     2.08427	     62.4426	 4	[(2, 77), (102, 107)]
108	102	 75	    -2.74024	     1.77277	     62.8848	 4	[(2, 77), (102, 108)]
109	102	 76	    -2.74024	     1.84805	     63.4036	 4	[(2, 77), (102, 109)]
110	102	 77	    -2.74024	     1.88352	     64.3275	 4	[(2, 77), (102, 110)]
111	102	 78	    -2.74024	     1.94622	     65.3423	 4	[(2, 77), (102, 111)]
112	102	 79	    -2.74024	     2.35526	     64.4644	 4	[(2, 77), (102, 112)]
113	102	 79	    -2.74024	     2.35526	     64.4644	 4	[(2, 77), (102, 113)]
114	102	 79	    -2.74024	     2.35526	     64.4644	 4	[(2, 77), (102, 114)]
115	102	 80	    -2.74024	     2.13078	     64.6274	 4	[(2, 77), (102, 115)]
116	102	 80	    -2.74024	     2.13078	     64.6274	 4	[(2, 77), (102, 116)]
117	 88	 94	    -2.74024	   -0.601419	     80.4542	 7	[(2, 77), (88, 117)]
118	 88	 96	    -2.74024	    -1.69927	     83.2722	 6	[(2, 77), (88, 118)]
119	 88	 98	    -2.74024	    -2.08111	     83.9263	 6	[(2, 77), (88, 119)]
120	 88	 98	    -2.74024	    -2.08111	     83.9263	 6	[(2, 77), (88, 120)]
121	 88	 98	    -2.74024	    -2.08111	     83.9263	 6	[(2, 77), (88, 121)]
122	 88	 98	    -2.74024	    -2.08111	     83.9263	 6	[(2, 77), (88, 122)]
123	 88	 98	    -2.74024	    -2.08111	     83.9263	 6	[(2, 77), (88, 123)]
124	121	 70	    -2.74024	     1.10348	     57.4851	 5	[(2, 77), (121, 124)]
125	121	 72	    -2.74024	   -0.357914	      57.461	 5	[(2, 77), (121, 125)]
126	121	 74	    -2.74024	     1.24617	     62.2335	 4	[(2, 77), (121, 126)]
127	121	 75	    -2.74024	     1.14253	     62.7355	 4	[(2, 77), (121, 127)]
128	121	 76	    -2.74024	     1.22832	     63.8025	 4	[(2, 77), (121, 128)]
129	121	 77	    -2.74024	    0.411874	     65.2469	 4	[(2, 77), (121, 129)]
130	121	 78	    -2.74024	    0.285321	     66.1774	 4	[(2, 77), (121, 130)]
131	121	 79	    -2.74024	  0.00842157	     67.1944	 4	[(2, 77), (121, 131)]
132	121	 80	    -2.74024	 -0.00792024	     67.9835	 4	[(2, 77), (121, 132)]
133	121	 81	    -2.74024	    0.098311	     68.7404	 4	[(2, 77), (121, 133)]
134	121	 82	    -2.74024	    0.120642	     69.6009	 4	[(2, 77), (121, 134)]
135	121	 83	    -2.74024	    0.236519	     70.4887	 4	[(2, 77), (121, 135)]
136	121	 84	    -2.74024	     0.22612	     71.3727	 4	[(2, 77), (121, 136)]
137	121	 85	    -2.74024	-0.000832302	     72.3854	 4	[(2, 77), (121, 137)]
138	121	 86	    -2.74024	    0.420492	     69.0731	 4	[(2, 77), (121, 138)]
139	121	 87	    -2.74024	    0.430198	     68.6689	 4	[(2, 77), (121, 139)]
140	121	 87	    -2.74024	    0.430198	     68.6689	 4	[(2, 77), (121, 140)]
141	 88	120	    -2.74024	    0.544804	     104.519	 8	[(2, 77), (88, 141)]
142	 88	121	    -2.74024	    -1.72592	     105.593	 8	[(2, 77), (88, 142)]
143	 88	122	    -4.29457	    -4.29457	     106.624	 8	[(2, 77), (88, 143)]
144	 88	123	    -7.84116	    -7.84116	     107.784	 8	[(2, 77), (88, 144)]
145	 88	125	    -12.2213	    -12.2213	     109.874	 7	[(2, 77), (88, 145)]
146	 88	126	    -15.7787	    -15.7787	     110.921	 7	[(2, 77), (88, 146)]
147	 88	126	    -15.7787	    -15.7787	     110.921	 7	[(2, 77), (88, 147)]
148	 88	127	    -16.4232	    -16.4232	     111.701	 7	[(2, 77), (88, 148)]
149	 88	127	    -16.4232	    -16.4232	     111.701	 7	[(2, 77), (88, 149)]
150	 88	129	    -16.4232	    -15.5586	      113.47	 7	[(2, 77), (88, 150)]
151	 88	130	    -16.4232	     -15.365	     113.269	 7	[(2, 77), (88, 151)]
152	 88	130	    -16.4232	     -15.365	     113.269	 7	[(2, 77), (88, 152)]
153	 88	131	    -16.4232	    -15.5107	     113.405	 7	[(2, 77), (88, 153)]
154	 88	132	    -16.4232	    -15.5206	     113.428	 7	[(2, 77), (88, 154)]
155	 88	132	    -16.4232	    -15.5206	     113.428	 7	[(2, 77), (88, 155)]
156	 88	132	    -16.4232	    -15.5206	     113.428	 7	[(2, 77), (88, 156)]
157	 88	133	    -16.4232	    -8.76153	     113.666	 8	[(2, 77), (88, 157)]
158	 88	134	    -16.4232	    -12.7936	     114.876	 8	[(2, 77), (88, 158)]
159	 88	136	    -16.4232	    -16.1379	     116.637	 7	[(2, 77), (88, 159)]
160	 88	137	    -17.9965	    -17.9965	     117.621	 7	[(2, 77), (88, 160)]
161	 88	138	    -19.0257	    -19.0257	     118.551	 7	[(2, 77), (88, 161)]
162	 88	139	    -20.8139	    -20.8139	     119.644	 7	[(2, 77), (88, 162)]
163	 88	140	    -22.2891	    -22.2891	      120.85	 7	[(2, 77), (88, 163)]
164	 88	141	    -23.5774	    -23.5774	     121.814	 7	[(2, 77), (88, 164)]
165	 88	142	    -23.5774	    -22.9841	     122.199	 7	[(2, 77), (88, 165)]
166	 88	142	    -23.5774	    -22.9841	     122.199	 7	[(2, 77), (88, 166)]
167	 88	142	    -23.5774	    -22.9841	     122.199	 7	[(2, 77), (88, 167)]
168	 88	143	    -23.5774	    -23.1462	     122.364	 7	[(2, 77), (88, 168)]
169	 88	145	    -23.5774	    -22.6469	     122.219	 7	[(2, 77), (88, 169)]
170	 88	147	    -23.5774	    -22.4508	     121.962	 7	[(2, 77), (88, 170)]
171	 88	148	    -23.5774	    -16.6171	     122.018	 8	[(2, 77), (88, 171)]
172	 88	149	    -23.5774	    -16.4536	      122.01	 8	[(2, 77), (88, 172)]
173	 88	149	    -23.5774	    -16.4536	      122.01	 8	[(2, 77), (88, 173)]
174	 88	151	    -23.5774	    -13.1061	     123.301	 9	[(2, 77), (88, 174)]
175	 88	152	    -23.5774	    -11.6365	     128.194	 9	[(2, 77), (88, 175)]
176	 88	154	    -23.5774	    -11.8481	     128.829	 8	[(2, 77), (88, 176)]
177	 88	157	    -23.5774	    -11.5298	     128.952	 8	[(2, 77), (88, 177)]
178	 88	158	    -23.5774	    -18.7752	     133.341	 8	[(2, 77), (88, 178)]
179	 88	159	    -23.5774	    -21.5751	     134.415	 8	[(2, 77), (88, 179)]
180	 88	160	    -23.5774	    -21.3564	     135.049	 8	[(2, 77), (88, 180)]
181	 88	160	    -23.5774	    -21.3564	     135.049	 8	[(2, 77), (88, 181)]
182	 88	160	    -23.5774	    -21.3564	     135.049	 8	[(2, 77), (88, 182)]
183	 88	161	    -23.5774	    -17.4692	     135.293	 9	[(2, 77), (88, 183)]
184	 88	162	    -23.5774	    -17.9633	     136.038	 9	[(2, 77), (88, 184)]
185	 88	163	    -23.5774	    -18.6957	      137.07	 9	[(2, 77), (88, 185)]
186	 88	164	    -23.5774	    -20.8663	     138.327	 9	[(2, 77), (88, 186)]
187	 88	165	    -23.5774	    -22.8313	     139.793	 9	[(2, 77), (88, 187)]
188	 88	166	    -23.5774	    -22.3303	     140.326	 9	[(2, 77), (88, 188)]
189	 88	167	    -23.5774	    -21.7916	     140.273	 9	[(2, 77), (88, 189)]
190	 88	167	    -23.5774	    -21.7916	     140.273	 9	[(2, 77), (88, 190)]
191	 88	167	    -23.5774	    -21.7916	     140.273	 9	[(2, 77), (88, 191)]
192	 88	167	    -23.5774	    -21.7916	     140.273	 9	[(2, 77), (88, 192)]
193	 88	167	    -23.5774	    -21.7916	     140.273	 9	[(2, 77), (88, 193)]
194	 88	170	    -23.5774	    -17.5468	     140.251	10	[(2, 77), (88, 194)]
195	 88	172	    -23.5774	    -19.3577	     140.236	10	[(2, 77), (88, 195)]
196	 88	174	    -23.5774	    -15.6696	     150.988	 9	[(2, 77), (88, 196)]
197	 88	175	    -23.5774	    -16.7092	      148.68	 9	[(2, 77), (88, 197)]
198	 88	176	    -23.5774	    -17.2613	      148.91	 9	[(2, 77), (88, 198)]
199	 88	177	    -23.5774	    -17.4652	     148.571	 9	[(2, 77), (88, 199)]
200	 88	178	    -23.5774	    -17.9273	     150.003	 9	[(2, 77), (88, 200)]
201	 88	179	    -23.5774	    -18.5476	     151.649	 9	[(2, 77), (88, 201)]
202	 88	180	    -23.5774	    -17.9806	     151.879	 9	[(2, 77), (88, 202)]
203	 88	180	    -23.5774	    -17.9806	     151.879	 9	[(2, 77), (88, 203)]
204	 88	180	    -23.5774	    -17.9806	     151.879	 9	[(2, 77), (88, 204)]
205	 88	181	    -23.5774	    -20.3279	     154.081	 9	[(2, 77), (88, 205)]
206	 88	182	    -23.5774	    -20.3285	     154.679	 9	[(2, 77), (88, 206)]
207	 88	182	    -23.5774	    -20.3285	     154.679	 9	[(2, 77), (88, 207)]
208	 88	182	    -23.5774	    -20.3285	     154.679	 9	[(2, 77), (88, 208)]
209	 88	183	    -23.5774	    -20.4962	      154.85	 9	[(2, 77), (88, 209)]
210	 88	183	    -23.5774	    -20.4962	      154.85	 9	[(2, 77), (88, 210)]
211	 88	183	    -23.5774	    -20.4962	      154.85	 9	[(2, 77), (88, 211)]
212	 88	183	    -23.5774	    -20.4962	      154.85	 9	[(2, 77), (88, 212)]
213	 88	183	    -23.5774	    -20.4962	      154.85	 9	[(2, 77), (88, 213)]
214	 88	183	    -23.5774	    -20.4962	      154.85	 9	[(2, 77), (88, 214)]
215	 88	183	    -23.5774	    -20.4962	      154.85	 9	[(2, 77), (88, 215)]
216	 88	183	    -23.5774	    -20.4962	      154.85	 9	[(2, 77), (88, 216)]
217	 88	183	    -23.5774	    -20.4962	      154.85	 9	[(2, 77), (88, 217)]
218	 88	183	    -23.5774	    -20.4962	      154.85	 9	[(2, 77), (88, 218)]
219	 88	183	    -23.5774	    -20.4962	      154.85	 9	[(2, 77), (88, 219)]
220	 88	183	    -23.5774	    -20.4962	      154.85	 9	[(2, 77), (88, 220)]
221	 88	183	    -23.5774	    -20.4962	      154.85	 9	[(2, 77), (88, 221)]
222	 88	183	    -23.5774	    -20.4962	      154.85	 9	[(2, 77), (88, 222)]
223	 88	183	    -23.5774	    -20.4962	      154.85	 9	[(2, 77), (88, 223)]
224	 88	183	    -23.5774	    -20.4962	      154.85	 9	[(2, 77), (88, 224)]
225	 88	186	    -23.5774	    -15.9184	     155.404	10	[(2, 77), (88, 225)]
226	 88	188	    -23.5774	    -15.5788	     155.324	10	[(2, 77), (88, 226)]
227	 88	189	    -23.5774	    -14.6059	     158.512	10	[(2, 77), (88, 227)]
228	 88	192	    -23.5774	    -14.2829	     161.099	10	[(2, 77), (88, 228)]
229	 88	193	    -23.5774	    -14.1935	     162.266	10	[(2, 77), (88, 229)]
230	 88	194	    -23.5774	    -13.7039	     162.455	10	[(2, 77), (88, 230)]
231	 88	194	    -23.5774	    -13.7039	     162.455	10	[(2, 77), (88, 231)]
232	 88	196	    -23.5774	    -13.2864	     162.324	10	[(2, 77), (88, 232)]
233	 88	196	    -23.5774	    -13.2864	     162.324	10	[(2, 77), (88, 233)]
234	 88	196	    -23.5774	    -13.2864	     162.324	10	[(2, 77), (88, 234)]
235	 88	197	    -23.5774	    -13.4209	     162.489	10	[(2, 77), (88, 235)]
236	 88	199	    -23.5774	     -13.405	     162.464	10	[(2, 77), (88, 236)]
237	 88	200	    -23.5774	     -13.544	     166.118	10	[(2, 77), (88, 237)]
238	 78	214	    -23.5774	    -5.16582	     178.912	13	[(2, 77), (78, 238)]
239	 88	206	    -23.5774	    -9.44373	     171.097	12	[(2, 77), (88, 239)]
240	 88	207	    -23.5774	    -13.2313	     173.499	12	[(2, 77), (88, 240)]
241	 78	219	    -23.5774	    -18.8792	     185.415	12	[(2, 77), (78, 241)]
242	 78	221	    -23.5774	    -22.7884	     187.928	11	[(2, 77), (78, 242)]
243	 78	223	    -29.7067	    -29.7067	     190.447	11	[(2, 77), (78, 243)]
244	 78	225	    -37.2257	    -37.2257	     192.993	10	[(2, 77), (78, 244)]
245	 78	227	    -37.2257	    -36.7561	     194.067	10	[(2, 77), (78, 245)]
246	 78	228	    -37.2257	    -36.0545	     194.234	10	[(2, 77), (78, 246)]
247	 78	230	    -37.2257	    -34.0702	     194.469	10	[(2, 77), (78, 247)]
248	 78	230	    -37.2257	    -34.0702	     194.469	10	[(2, 77), (78, 248)]
