nresidues = 169
0 17 0.3125
0 18 0.125
0 118 0.0625
0 132 0.0625
0 134 0.1875
0 145 0.0625
0 147 0.1875
1 13 0.0625
1 17 0.125
1 147 0.125
2 12 1.25
2 13 0.25
2 16 0.0625
2 17 0.4375
3 10 0.0625
3 11 1.375
3 12 0.0625
3 147 0.0625
4 9 0.0625
4 10 1.1875
4 11 0.4375
4 147 0.1875
4 148 0.0625
4 149 1.3125
5 8 0.0625
5 9 1.5625
5 10 0.25
5 149 0.1875
5 150 1.6875
5 151 0.1875
6 9 0.25
6 125 0.1875
6 150 0.4375
6 151 0.1875
7 150 0.375
8 150 0.0625
10 122 0.0625
11 122 0.75
12 120 1.1875
12 121 1.1875
12 122 0.375
13 117 0.125
13 119 1.3125
13 120 0.0625
13 147 0.0625
14 114 0.1875
14 117 0.1875
14 119 0.1875
14 121 0.0625
15 114 0.0625
16 114 0.0625
16 115 0.0625
16 116 1.125
16 117 0.0625
18 22 0.25
18 25 0.0625
18 115 0.125
18 116 0.375
19 22 0.75
19 142 0.0625
20 142 1.375
20 143 0.125
21 141 0.0625
21 142 0.0625
22 141 1.3125
22 142 0.1875
23 140 1.25
23 141 0.125
24 40 1.1875
24 41 0.0625
24 116 0.25
24 136 0.1875
24 140 0.125
25 39 0.0625
25 40 1.125
25 115 0.125
25 116 0.5625
26 38 0.125
26 39 1.1875
26 40 0.0625
26 41 0.0625
27 37 0.0625
27 38 1.1875
27 39 0.25
27 112 0.4375
27 113 0.0625
28 36 0.125
28 37 1.1875
28 38 0.25
28 110 0.25
28 112 0.25
29 35 0.0625
29 36 1.3125
29 37 0.375
29 105 0.1875
29 106 1.375
30 34 0.1875
30 35 1.25
30 87 0.0625
30 105 1.3125
30 106 0.25
30 109 0.0625
31 34 1.1875
31 35 0.375
31 87 0.0625
32 91 0.1875
34 87 0.125
36 109 0.3125
36 110 0.0625
37 78 0.25
37 80 0.1875
37 103 0.0625
38 43 0.1875
39 47 0.3125
39 49 0.0625
39 80 0.0625
40 47 0.4375
40 116 0.0625
41 47 0.125
41 136 0.0625
41 140 0.1875
42 138 1.125
42 139 0.25
42 140 0.125
43 47 0.375
43 138 0.3125
44 138 0.25
45 76 1.25
45 77 0.125
46 76 0.0625
46 77 1.3125
46 78 0.125
46 135 0.0625
46 136 1.25
46 168 0.0625
47 78 1.1875
47 134 0.0625
47 135 1.3125
47 136 0.3125
48 77 0.0625
48 78 0.125
48 79 1.3125
48 80 0.125
48 134 1.25
48 164 0.0625
49 80 1.1875
49 113 0.0625
49 116 0.0625
49 133 1.1875
49 134 0.3125
50 63 0.0625
50 67 0.25
50 79 0.0625
50 80 0.1875
50 81 1.3125
50 82 0.125
50 132 1.3125
51 82 1.25
51 113 0.0625
51 130 0.3125
51 131 1.3125
51 132 0.375
52 60 0.117188
52 63 0.125
52 82 0.0625
52 83 0.1875
52 129 1.25
52 131 0.125
53 60 0.078125
53 128 0.25
53 129 0.25
53 131 0.25
53 151 0.0625
54 57 0.375
54 60 0.15625
54 85 0.75
55 61 0.15625
55 64 0.0625
55 85 0.1875
55 90 0.125
55 93 0.125
56 61 0.0390625
56 89 0.0625
57 60 0.859375
57 61 0.15625
58 61 0.78125
58 62 0.117188
59 62 0.78125
59 63 0.078125
59 131 0.3125
59 152 0.125
60 63 0.78125
60 64 0.15625
60 131 0.25
61 64 0.78125
61 65 0.117188
61 93 0.1875
61 97 0.3125
62 65 0.78125
62 66 0.078125
62 154 0.1875
62 157 0.0625
63 66 0.78125
63 67 0.273438
63 131 0.3125
63 155 0.4375
63 157 0.3125
64 67 0.78125
64 68 0.078125
64 81 0.0625
64 93 0.1875
65 68 0.78125
65 69 0.234375
65 97 0.8125
65 99 0.125
66 69 0.78125
66 70 0.15625
66 154 0.125
66 157 0.6875
67 70 0.820312
67 71 0.117188
67 157 0.3125
67 160 0.0625
68 71 0.664062
68 72 0.078125
68 98 0.0625
68 99 0.375
68 100 0.1875
68 101 0.8125
68 102 0.125
69 72 0.078125
70 74 0.0625
70 161 0.0625
71 74 0.1875
71 79 0.0625
72 101 0.25
74 77 0.0625
74 164 0.0625
74 165 0.0625
77 164 0.0625
79 102 1.375
79 103 0.1875
80 103 1.375
80 105 0.0625
81 103 0.1875
81 104 1.1875
81 105 0.125
82 105 1.25
82 107 0.0625
82 113 0.0625
82 129 0.0625
83 90 0.0625
83 105 0.0625
83 106 1.25
83 107 0.125
84 107 0.25
84 111 0.125
84 127 0.0625
84 129 0.0625
85 90 0.0390625
85 106 0.25
86 89 0.742188
86 90 0.0390625
86 108 0.1875
87 90 0.78125
87 91 0.078125
87 106 0.0625
87 108 0.125
88 91 0.703125
88 92 0.15625
89 92 0.78125
89 93 0.078125
90 93 0.78125
90 94 0.117188
90 104 0.5
90 105 0.625
90 106 0.125
91 94 0.78125
91 95 0.351562
92 95 0.78125
92 96 0.117188
93 96 0.78125
93 97 0.390625
93 99 0.0390625
94 97 0.742188
94 98 0.742188
94 104 0.125
99 102 0.125
107 110 1.3125
107 111 0.75
107 112 0.4375
107 113 0.25
111 114 0.1875
111 119 0.375
112 115 0.4375
113 116 1.5
113 117 1.0625
113 118 0.0625
113 129 0.1875
114 117 0.0625
114 119 0.125
116 134 0.5
118 128 0.0625
118 129 1.25
118 130 0.125
118 132 0.0625
118 134 0.125
119 127 0.1875
119 128 1.25
120 125 0.3125
120 126 1.25
120 127 0.0625
120 128 0.25
120 151 0.0625
121 126 0.375
122 125 1.0625
122 126 0.0625
123 126 0.125
125 128 0.1875
125 151 0.0625
131 147 1.25
131 148 0.3125
131 151 0.1875
131 153 0.125
131 155 0.0625
132 146 1.3125
133 145 1.1875
133 146 0.1875
133 160 0.0625
134 144 1.1875
134 145 0.0625
135 142 1.25
135 143 1.25
135 144 0.375
135 160 0.0625
135 163 0.125
135 164 0.0625
135 167 0.0625
136 140 0.1875
136 141 1.25
136 142 0.0625
137 140 0.3125
137 141 0.5
142 145 0.0625
143 163 0.0625
143 167 0.0625
144 159 0.5625
144 160 0.0625
144 163 0.0625
146 155 0.375
146 156 0.25
146 160 0.0625
148 153 0.125
148 154 0.0625
148 155 0.125
149 153 0.0625
150 153 0.625
154 157 0.375
156 159 0.859375
156 160 0.0390625
157 160 0.820312
157 161 0.0390625
158 161 0.78125
158 162 0.234375
159 162 0.703125
159 163 0.0390625
160 163 0.78125
160 164 0.117188
161 164 0.78125
161 165 0.15625
162 165 0.78125
162 166 0.078125
163 166 0.976562
163 167 0.117188
164 167 0.78125
164 168 0.117188
165 168 0.0390625
