nresidues = 169
0 17 0.78385
0 18 0.31354
0 118 0.15677
0 132 0.15677
0 134 0.47031
0 145 0.15677
0 147 0.47031
1 13 0.15677
1 17 0.31354
1 147 0.31354
2 12 3.1354
2 13 0.62708
2 16 0.15677
2 17 1.09739
3 10 0.15677
3 11 3.44894
3 12 0.15677
3 147 0.15677
4 9 0.15677
4 10 2.97863
4 11 1.09739
4 147 0.47031
4 148 0.15677
4 149 3.29217
5 8 0.15677
5 9 3.91925
5 10 0.62708
5 149 0.47031
5 150 4.23279
5 151 0.47031
6 9 0.62708
6 125 0.47031
6 150 1.09739
6 151 0.47031
7 150 0.94062
8 150 0.15677
10 122 0.15677
11 122 1.88124
12 120 2.97863
12 121 2.97863
12 122 0.94062
13 117 0.31354
13 119 3.29217
13 120 0.15677
13 147 0.15677
14 114 0.47031
14 117 0.47031
14 119 0.47031
14 121 0.15677
15 114 0.15677
16 114 0.15677
16 115 0.15677
16 116 2.82186
16 117 0.15677
18 22 0.62708
18 25 0.15677
18 115 0.31354
18 116 0.94062
19 22 1.88124
19 142 0.15677
20 142 3.44894
20 143 0.31354
21 141 0.15677
21 142 0.15677
22 141 3.29217
22 142 0.47031
23 140 3.1354
23 141 0.31354
24 40 2.97863
24 41 0.15677
24 116 0.62708
24 136 0.47031
24 140 0.31354
25 39 0.15677
25 40 2.82186
25 115 0.31354
25 116 1.41093
26 38 0.31354
26 39 2.97863
26 40 0.15677
26 41 0.15677
27 37 0.15677
27 38 2.97863
27 39 0.62708
27 112 1.09739
27 113 0.15677
28 36 0.31354
28 37 2.97863
28 38 0.62708
28 110 0.62708
28 112 0.62708
29 35 0.15677
29 36 3.29217
29 37 0.94062
29 105 0.47031
29 106 3.44894
30 34 0.47031
30 35 3.1354
30 87 0.15677
30 105 3.29217
30 106 0.62708
30 109 0.15677
31 34 2.97863
31 35 0.94062
31 87 0.15677
32 91 0.47031
34 87 0.31354
36 109 0.78385
36 110 0.15677
37 78 0.62708
37 80 0.47031
37 103 0.15677
38 43 0.47031
39 47 0.78385
39 49 0.15677
39 80 0.15677
40 47 1.09739
40 116 0.15677
41 47 0.31354
41 136 0.15677
41 140 0.47031
42 138 2.82186
42 139 0.62708
42 140 0.31354
43 47 0.94062
43 138 0.78385
44 138 0.62708
45 76 3.1354
45 77 0.31354
46 76 0.15677
46 77 3.29217
46 78 0.31354
46 135 0.15677
46 136 3.1354
46 168 0.15677
47 78 2.97863
47 134 0.15677
47 135 3.29217
47 136 0.78385
48 77 0.15677
48 78 0.31354
48 79 3.29217
48 80 0.31354
48 134 3.1354
48 164 0.15677
49 80 2.97863
49 113 0.15677
49 116 0.15677
49 133 2.97863
49 134 0.78385
50 63 0.15677
50 67 0.62708
50 79 0.15677
50 80 0.47031
50 81 3.29217
50 82 0.31354
50 132 3.29217
51 82 3.1354
51 113 0.15677
51 130 0.78385
51 131 3.29217
51 132 0.94062
52 60 0.293945
52 63 0.31354
52 82 0.15677
52 83 0.47031
52 129 3.1354
52 131 0.31354
53 60 0.195963
53 128 0.62708
53 129 0.62708
53 131 0.62708
53 151 0.15677
54 57 0.94062
54 60 0.391925
54 85 1.88124
55 61 0.391925
55 64 0.15677
55 85 0.47031
55 90 0.31354
55 93 0.31354
56 61 0.0979813
56 89 0.15677
57 60 2.15559
57 61 0.391925
58 61 1.95963
58 62 0.293945
59 62 1.95963
59 63 0.195963
59 131 0.78385
59 152 0.31354
60 63 1.95963
60 64 0.391925
60 131 0.62708
61 64 1.95963
61 65 0.293945
61 93 0.47031
61 97 0.78385
62 65 1.95963
62 66 0.195963
62 154 0.47031
62 157 0.15677
63 66 1.95963
63 67 0.68587
63 131 0.78385
63 155 1.09739
63 157 0.78385
64 67 1.95963
64 68 0.195963
64 81 0.15677
64 93 0.47031
65 68 1.95963
65 69 0.587888
65 97 2.03801
65 99 0.31354
66 69 1.95963
66 70 0.391925
66 154 0.31354
66 157 1.72447
67 70 2.05761
67 71 0.293945
67 157 0.78385
67 160 0.15677
68 71 1.66568
68 72 0.195963
68 98 0.15677
68 99 0.94062
68 100 0.47031
68 101 2.03801
68 102 0.31354
69 72 0.195963
70 74 0.15677
70 161 0.15677
71 74 0.47031
71 79 0.15677
72 101 0.62708
74 77 0.15677
74 164 0.15677
74 165 0.15677
77 164 0.15677
79 102 3.44894
79 103 0.47031
80 103 3.44894
80 105 0.15677
81 103 0.47031
81 104 2.97863
81 105 0.31354
82 105 3.1354
82 107 0.15677
82 113 0.15677
82 129 0.15677
83 90 0.15677
83 105 0.15677
83 106 3.1354
83 107 0.31354
84 107 0.62708
84 111 0.31354
84 127 0.15677
84 129 0.15677
85 90 0.0979813
85 106 0.62708
86 89 1.86165
86 90 0.0979813
86 108 0.47031
87 90 1.95963
87 91 0.195963
87 106 0.15677
87 108 0.31354
88 91 1.76366
88 92 0.391925
89 92 1.95963
89 93 0.195963
90 93 1.95963
90 94 0.293945
90 104 1.25416
90 105 1.5677
90 106 0.31354
91 94 1.95963
91 95 0.88183
92 95 1.95963
92 96 0.293945
93 96 1.95963
93 97 0.979813
93 99 0.0979813
94 97 1.86165
94 98 1.86165
94 104 0.31354
99 102 0.31354
107 110 3.29217
107 111 1.88124
107 112 1.09739
107 113 0.62708
111 114 0.47031
111 119 0.94062
112 115 1.09739
113 116 3.76248
113 117 2.66509
113 118 0.15677
113 129 0.47031
114 117 0.15677
114 119 0.31354
116 134 1.25416
118 128 0.15677
118 129 3.1354
118 130 0.31354
118 132 0.15677
118 134 0.31354
119 127 0.47031
119 128 3.1354
120 125 0.78385
120 126 3.1354
120 127 0.15677
120 128 0.62708
120 151 0.15677
121 126 0.94062
122 125 2.66509
122 126 0.15677
123 126 0.31354
125 128 0.47031
125 151 0.15677
131 147 3.1354
131 148 0.78385
131 151 0.47031
131 153 0.31354
131 155 0.15677
132 146 3.29217
133 145 2.97863
133 146 0.47031
133 160 0.15677
134 144 2.97863
134 145 0.15677
135 142 3.1354
135 143 3.1354
135 144 0.94062
135 160 0.15677
135 163 0.31354
135 164 0.15677
135 167 0.15677
136 140 0.47031
136 141 3.1354
136 142 0.15677
137 140 0.78385
137 141 1.25416
142 145 0.15677
143 163 0.15677
143 167 0.15677
144 159 1.41093
144 160 0.15677
144 163 0.15677
146 155 0.94062
146 156 0.62708
146 160 0.15677
148 153 0.31354
148 154 0.15677
148 155 0.31354
149 153 0.15677
150 153 1.5677
154 157 0.94062
156 159 2.15559
156 160 0.0979813
157 160 2.05761
157 161 0.0979813
158 161 1.95963
158 162 0.587888
159 162 1.76366
159 163 0.0979813
160 163 1.95963
160 164 0.293945
161 164 1.95963
161 165 0.391925
162 165 1.95963
162 166 0.195963
163 166 2.44953
163 167 0.293945
164 167 1.95963
164 168 0.293945
165 168 0.0979813
