nresidues = 246
0 16 1.25
0 17 0.25
0 49 0.125
0 52 0.375
0 53 1.25
0 54 1.1875
1 14 0.0625
1 15 1.3125
1 16 0.125
1 54 0.0625
1 55 1.3125
1 243 0.9375
2 14 1.3125
2 15 0.0625
2 53 0.0625
2 55 0.125
2 56 1.1875
2 57 0.125
3 12 0.0625
3 13 1.1875
3 14 0.3125
3 16 0.0625
3 22 0.125
3 57 1.1875
3 235 0.375
3 238 0.0625
3 239 0.1875
3 243 0.0625
4 12 1.25
4 13 0.3125
4 57 0.25
4 58 1.375
4 59 0.125
4 235 0.0625
4 238 0.0625
5 10 0.0625
5 11 1.3125
5 12 0.1875
5 59 1.25
5 234 0.25
5 235 0.0625
6 10 1.125
6 11 0.1875
6 59 0.125
6 60 1.4375
6 61 0.0625
6 65 0.0625
7 10 0.1875
7 29 0.25
7 62 0.1875
8 61 0.0625
8 62 0.125
8 127 0.125
9 28 1.25
9 29 0.3125
9 127 0.25
10 26 0.3125
10 27 1.4375
10 28 0.125
10 29 0.25
11 26 1.1875
11 27 0.25
11 29 0.375
12 24 0.3125
12 25 1.375
12 26 0.0625
12 235 0.0625
13 24 1.1875
13 25 0.375
13 27 0.0625
13 38 0.125
13 42 0.0625
14 22 0.125
14 23 1.375
14 235 0.125
15 22 1.1875
15 23 0.1875
15 25 0.1875
15 49 0.0625
16 19 0.125
16 21 0.25
16 22 0.1875
16 239 0.0625
17 52 0.0625
18 21 0.3125
18 239 0.125
19 22 0.375
19 239 0.375
22 235 0.125
22 236 0.125
23 45 0.0625
24 231 0.1875
24 232 0.25
24 235 0.0625
25 45 0.4375
25 46 0.25
27 41 0.0625
27 42 0.0625
29 33 0.0625
29 65 0.125
30 33 0.0625
30 65 0.0625
33 37 0.351562
33 38 0.117188
33 41 0.125
33 65 0.125
33 68 0.125
34 37 0.859375
34 38 0.078125
34 68 0.25
35 38 0.78125
35 39 0.078125
35 68 0.0625
35 71 0.5
35 72 0.1875
35 76 0.0625
36 39 0.820312
36 40 0.078125
36 75 0.3125
36 76 0.3125
37 40 0.78125
37 41 0.351562
38 41 0.78125
38 42 0.234375
38 69 0.0625
38 72 0.1875
39 42 0.78125
39 43 0.15625
39 72 0.125
39 76 0.6875
40 43 0.0390625
40 44 0.0390625
41 44 0.117188
41 45 0.078125
42 45 0.78125
42 46 0.15625
42 50 0.1875
42 72 0.0625
43 46 0.664062
43 47 0.0390625
43 50 0.0625
46 49 1.1875
47 50 0.125
48 51 0.4375
49 52 1.25
50 53 0.1875
50 77 0.1875
53 56 0.0625
53 77 0.1875
54 79 0.0625
55 79 0.0625
55 243 0.1875
56 73 0.25
56 77 0.0625
56 81 1.25
56 82 0.0625
56 243 0.25
57 82 1.1875
57 238 0.25
57 242 0.0625
58 69 0.0625
58 81 0.0625
58 82 0.125
58 83 1.375
58 84 0.25
58 238 0.0625
59 103 0.3125
59 238 0.0625
60 66 0.25
60 83 0.0625
60 103 0.0625
61 102 0.0625
61 103 0.0625
61 104 0.125
62 65 0.742188
62 66 0.078125
63 66 0.273438
64 67 0.0390625
65 68 0.820312
65 69 0.0390625
66 69 0.78125
66 70 0.078125
66 83 0.625
67 70 0.78125
67 71 0.46875
68 71 0.859375
68 72 0.078125
69 72 0.78125
69 73 0.15625
70 73 0.78125
70 74 0.117188
70 80 0.0625
70 81 0.3125
70 83 0.1875
71 74 0.78125
71 75 0.078125
72 75 0.703125
72 76 0.15625
72 77 0.078125
73 76 0.703125
73 77 0.78125
73 78 0.664062
73 79 0.820312
73 81 0.15625
74 77 0.703125
74 78 0.234375
74 79 0.273438
74 80 0.078125
75 78 0.078125
82 242 0.3125
82 243 0.0625
83 241 0.125
84 103 0.125
84 106 0.0625
84 241 0.25
85 106 0.25
85 241 0.125
86 93 0.1875
86 98 0.0625
87 91 0.0625
87 93 0.25
87 241 0.0625
88 91 1.0625
90 113 0.0625
90 114 0.125
91 109 0.125
91 137 1.25
92 138 1.3125
92 139 0.1875
93 98 0.1875
93 106 0.25
93 139 1.5
94 138 0.0625
94 139 0.25
94 140 0.3125
95 98 0.125
95 139 0.125
95 140 0.1875
95 141 0.0625
97 100 1.3125
98 101 0.1875
101 105 0.0390625
101 106 0.0390625
101 139 0.0625
102 105 0.820312
102 106 0.078125
103 106 0.78125
103 107 0.078125
104 107 0.78125
104 108 0.195312
105 108 0.78125
105 109 0.117188
105 130 0.1875
105 131 0.0625
105 132 0.5625
105 139 0.1875
105 142 0.0625
105 143 0.0625
105 144 0.125
106 109 0.78125
106 110 0.117188
107 110 0.78125
107 111 0.078125
107 234 0.0625
107 237 0.25
108 111 0.78125
108 112 0.078125
108 122 0.125
108 124 0.25
108 233 0.375
108 234 0.375
109 112 0.78125
109 113 0.117188
109 122 0.0625
109 134 0.0625
109 139 0.125
110 113 0.742188
110 114 0.117188
110 237 0.0625
110 240 0.0625
111 114 0.78125
111 115 0.117188
111 233 0.125
111 236 0.0625
111 237 0.0625
112 115 0.742188
112 116 0.898438
112 117 0.859375
112 118 0.0390625
112 119 0.234375
112 120 0.078125
112 122 0.0625
112 211 0.0625
113 117 0.078125
113 134 0.0625
114 240 0.0625
115 236 0.5625
115 240 0.3125
116 228 0.3125
116 230 0.3125
116 233 0.0625
116 236 0.0625
118 134 1.25
118 135 1.25
118 136 1.5625
118 137 0.125
119 134 1.25
119 135 0.3125
119 136 0.0625
119 208 0.0625
119 209 0.125
120 132 0.0625
120 133 1.25
120 134 0.25
120 209 1.1875
121 131 0.0625
121 132 1.25
121 133 0.0625
121 198 0.0625
121 201 0.0625
121 208 0.0625
121 209 0.125
121 210 1.25
121 211 0.1875
122 130 0.0625
122 131 1.25
122 132 0.25
122 211 1.4375
122 233 0.0625
123 130 1.25
123 131 0.125
123 198 0.0625
123 210 0.0625
123 211 0.1875
123 212 1.375
123 213 0.25
124 128 0.0625
124 129 1.375
124 130 0.1875
124 213 1.6875
124 214 0.125
124 234 0.0625
125 128 1.125
125 129 0.25
125 148 0.0625
125 194 0.0625
125 212 0.0625
125 213 0.125
125 214 1.1875
125 215 1.125
125 216 0.1875
125 217 0.0625
125 220 0.125
126 147 0.0625
126 216 0.1875
127 146 1.125
127 147 0.125
127 150 0.25
128 145 1.3125
128 146 0.125
129 144 1.25
129 145 0.5
129 147 0.0625
129 194 0.0625
130 143 1.3125
131 142 1.3125
131 143 0.125
131 194 0.0625
132 139 0.375
132 141 1.1875
133 138 0.0625
133 139 1.3125
133 140 1.3125
133 141 0.1875
133 201 0.125
133 205 0.1875
133 208 0.0625
134 137 0.0625
134 138 1.3125
135 138 0.3125
135 205 0.125
140 205 0.0625
145 193 0.0625
146 150 0.117188
146 151 0.117188
147 150 0.78125
147 151 0.117188
147 216 0.0625
148 151 0.78125
148 152 0.078125
148 167 0.125
148 186 0.125
148 187 0.25
148 190 0.0625
148 216 0.4375
148 220 0.1875
149 152 0.898438
149 153 0.117188
149 216 0.125
150 153 0.820312
150 154 0.117188
151 154 0.898438
151 155 0.117188
151 186 0.1875
151 190 0.125
152 155 0.78125
152 156 0.078125
152 164 0.1875
152 165 0.1875
152 182 0.0625
152 186 0.0625
153 156 0.78125
153 157 0.351562
153 164 0.0625
154 157 0.742188
154 158 0.0390625
155 158 0.664062
155 159 0.195312
155 162 0.25
155 182 0.0625
155 186 0.0625
156 159 0.0390625
156 162 0.1875
156 163 0.3125
156 164 0.125
159 162 0.3125
162 178 0.0625
163 178 0.0625
163 179 0.0625
165 179 0.0625
165 182 0.0625
165 183 0.0625
167 187 0.0625
167 219 0.0625
168 183 0.4375
168 187 0.125
169 183 0.25
169 187 0.0625
169 188 0.3125
169 219 0.0625
169 223 0.125
170 183 0.0625
170 184 0.125
170 188 0.5
172 175 0.125
172 180 0.6875
172 183 0.1875
172 184 0.0625
173 184 0.125
174 184 0.125
175 180 0.234375
175 181 0.117188
176 180 0.117188
176 181 0.0390625
177 180 0.976562
177 181 0.195312
178 181 0.78125
178 182 0.15625
179 182 0.78125
179 183 0.15625
180 183 0.78125
180 184 0.078125
181 184 0.78125
181 185 0.0390625
182 185 0.78125
182 186 0.117188
183 186 0.742188
183 187 0.78125
183 188 0.0390625
184 187 0.664062
184 188 0.898438
184 189 0.0390625
185 188 0.703125
185 189 0.078125
186 189 0.703125
186 190 0.15625
187 190 0.78125
187 191 0.078125
187 220 0.0625
188 191 0.78125
188 192 0.234375
188 223 0.125
189 192 0.78125
189 193 0.078125
190 193 0.78125
190 194 0.15625
191 194 0.78125
191 195 0.234375
191 223 0.0625
192 195 0.859375
192 196 0.0390625
193 196 0.742188
193 197 0.15625
194 197 0.78125
194 198 0.195312
194 224 0.0625
195 198 0.78125
195 199 0.0390625
195 223 0.0625
196 199 0.703125
196 200 0.078125
197 200 0.78125
197 201 0.15625
198 201 0.78125
198 202 0.15625
198 224 0.0625
199 202 0.78125
199 203 0.078125
200 203 0.78125
200 204 0.078125
201 204 0.78125
201 205 0.195312
202 205 0.742188
202 206 0.3125
202 207 0.117188
202 208 0.078125
202 225 0.0625
209 227 0.25
210 225 0.125
210 226 1.3125
210 227 1.4375
210 228 0.0625
211 228 1.4375
212 217 0.125
212 224 0.0625
212 228 0.125
212 229 1.3125
212 230 0.125
213 217 0.375
213 230 0.25
213 231 0.1875
213 233 0.0625
214 217 0.25
216 219 0.125
217 220 1.25
217 221 0.125
217 229 0.125
218 221 0.125
220 223 1.375
221 224 0.0625
221 226 0.1875
221 229 0.4375
226 229 0.125
230 233 0.0625
230 236 0.375
232 235 0.78125
232 236 0.15625
233 236 0.78125
233 237 0.0390625
234 237 0.742188
234 238 0.117188
235 238 0.78125
235 239 0.078125
236 239 0.78125
236 240 0.234375
237 240 0.78125
237 241 0.078125
238 241 0.78125
238 242 0.117188
239 242 0.78125
239 243 0.859375
240 243 0.703125
240 244 0.0390625
