nresidues = 446
250 253 0.703125
250 254 0.078125
251 254 0.78125
251 255 0.15625
252 255 0.820312
252 256 0.0390625
252 278 0.0625
253 256 0.820312
253 257 0.078125
253 284 0.125
254 257 0.78125
254 258 0.078125
254 288 0.125
255 258 0.820312
255 259 0.078125
256 259 0.78125
256 260 0.078125
256 275 0.125
256 278 0.0625
256 279 0.1875
256 282 0.0625
257 260 0.78125
257 261 0.078125
257 279 0.125
257 288 0.125
258 261 0.78125
258 262 0.273438
259 262 0.78125
259 263 0.15625
259 275 0.5
260 263 0.78125
260 264 0.117188
260 272 0.0625
260 275 0.0625
260 279 0.0625
260 289 0.0625
261 264 0.78125
261 265 0.078125
261 296 0.1875
261 300 0.3125
262 265 0.859375
262 266 0.0390625
263 266 0.742188
263 267 0.742188
263 268 0.195312
263 271 0.125
263 272 0.125
263 275 0.125
264 267 0.0390625
264 272 0.0625
264 296 0.0625
264 338 0.25
264 339 0.3125
264 343 0.125
265 300 0.25
265 343 0.0625
267 339 0.25
267 343 0.25
268 271 0.78125
268 272 0.078125
268 339 0.0625
269 272 0.820312
269 273 0.117188
269 339 0.1875
269 340 0.0625
270 273 0.78125
270 274 0.0390625
271 274 0.78125
271 275 0.234375
272 275 0.742188
272 276 0.078125
272 335 0.0625
272 339 0.0625
273 276 0.78125
273 277 0.078125
273 332 0.0625
273 336 0.0625
274 277 0.78125
274 278 0.390625
275 278 0.859375
275 279 0.195312
276 279 0.78125
276 280 0.351562
276 328 0.4375
276 331 0.3125
276 332 0.125
276 335 0.25
277 280 0.78125
277 281 0.15625
278 281 0.859375
278 282 0.078125
279 282 0.78125
279 283 0.664062
279 284 0.0390625
279 289 0.0625
280 283 0.703125
280 284 0.0390625
280 328 0.125
285 288 0.78125
285 289 0.0390625
286 289 0.820312
286 290 0.078125
286 319 0.0625
286 328 0.1875
286 331 0.0625
287 290 0.859375
287 291 0.351562
287 316 0.5
287 319 0.25
288 291 0.898438
288 292 0.820312
289 292 0.78125
289 293 0.117188
290 293 0.78125
290 294 0.0390625
290 316 0.0625
291 294 0.742188
291 295 0.0390625
291 316 0.125
292 295 0.78125
292 296 0.15625
293 296 0.820312
293 297 0.078125
293 331 0.0625
293 335 0.125
293 338 0.0625
294 297 0.78125
294 298 0.078125
294 309 0.0625
294 312 0.0625
294 313 0.0625
294 316 0.125
295 298 0.820312
295 299 0.078125
296 299 0.78125
296 300 1.01562
297 300 0.664062
297 301 0.820312
297 302 0.0390625
298 301 0.664062
298 302 0.0390625
299 344 0.0625
299 345 0.375
299 348 0.9375
300 343 1.375
300 344 1.4375
301 304 0.1875
301 305 0.125
301 308 0.0625
301 338 0.0625
301 342 0.0625
301 343 1.125
301 344 1.375
302 305 1.1875
303 306 0.1875
303 347 0.125
303 414 0.0625
303 421 1.125
303 422 0.3125
304 342 0.1875
304 344 0.0625
304 419 0.125
304 420 1.3125
304 421 0.1875
305 308 0.078125
305 337 0.3125
306 309 0.0390625
306 421 0.0625
307 310 0.78125
307 311 0.0390625
307 337 0.0625
308 311 0.78125
308 312 0.0390625
308 337 0.0625
308 338 0.0625
309 312 0.78125
309 313 0.15625
310 313 0.820312
310 314 0.078125
311 314 0.78125
311 315 0.078125
311 337 0.25
312 315 0.78125
312 316 0.0390625
313 316 0.78125
313 317 0.195312
314 317 0.78125
314 318 0.078125
315 318 0.78125
315 319 0.0390625
315 330 0.3125
316 319 0.78125
316 320 0.195312
317 320 0.78125
317 321 0.117188
318 321 0.742188
318 322 0.820312
318 323 0.0390625
318 327 0.0625
318 330 0.0625
319 322 0.703125
319 323 0.234375
319 324 0.078125
319 327 0.1875
322 326 0.15625
323 326 0.742188
323 327 0.0390625
324 327 0.78125
324 328 0.15625
325 328 0.78125
325 329 0.3125
326 329 0.859375
326 330 0.078125
327 330 0.78125
327 331 0.15625
328 331 0.78125
328 332 0.078125
329 332 0.78125
329 333 0.0390625
330 333 0.78125
330 334 0.078125
331 334 0.820312
331 335 0.195312
332 335 0.78125
332 336 0.15625
333 336 0.820312
333 337 0.078125
334 337 0.78125
334 338 0.15625
335 338 0.78125
335 339 0.15625
336 339 0.78125
336 340 0.15625
337 340 0.78125
337 341 0.078125
338 341 0.0390625
338 343 0.125
339 343 0.125
342 419 0.0625
342 420 0.125
343 419 0.3125
344 417 0.25
344 422 0.3125
345 348 0.898438
345 349 0.195312
346 349 0.78125
346 350 0.078125
346 414 0.1875
346 415 0.125
346 422 0.0625
347 350 0.78125
347 351 0.078125
347 414 0.0625
348 351 0.78125
348 352 0.234375
349 352 0.78125
349 353 0.195312
350 353 0.78125
350 354 0.078125
350 413 0.5
350 414 0.125
351 354 0.78125
351 355 0.507812
352 355 0.898438
352 356 0.0390625
353 356 0.742188
353 357 0.078125
353 413 0.125
354 357 0.78125
354 358 0.078125
354 413 0.375
355 358 0.78125
355 359 0.078125
356 359 0.9375
356 360 0.3125
357 360 0.703125
357 361 0.273438
357 408 0.0625
357 411 0.0625
357 413 0.375
358 363 0.0625
361 408 0.0625
364 405 0.25
364 407 0.75
364 408 0.1875
365 371 0.0390625
366 370 0.117188
366 371 0.273438
367 370 0.859375
367 371 0.15625
367 402 0.125
367 404 0.0625
368 371 0.273438
368 374 1.25
368 375 0.125
368 377 0.1875
369 377 0.125
369 400 0.8125
369 402 0.375
370 402 0.0625
370 403 0.125
371 374 0.0625
371 375 0.0625
404 408 0.5
404 411 0.375
404 413 0.125
405 408 1.25
406 409 0.0625
408 411 0.4375
412 415 0.625
414 422 0.3125
414 425 0.125
414 429 0.125
416 422 0.351562
416 425 0.0625
416 426 0.25
416 429 0.0625
417 422 1.05469
418 423 0.15625
418 426 0.3125
419 422 0.742188
419 423 0.117188
420 423 0.15625
420 424 0.0390625
421 424 0.78125
421 425 0.117188
422 425 0.820312
422 426 0.078125
423 426 0.78125
423 427 0.0390625
424 427 0.78125
424 428 0.078125
425 428 0.78125
425 429 0.15625
426 429 0.664062
426 430 0.3125
427 430 0.78125
427 431 0.117188
428 431 0.820312
428 432 0.117188
429 432 0.820312
429 433 0.078125
430 433 0.15625
