nresidues = 257
1 30 0.149688
1 249 0.598754
1 252 0.149688
1 253 0.748442
2 28 0.299377
2 29 1.04782
2 30 0.748442
3 30 3.29315
3 31 0.299377
3 74 0.149688
3 252 0.149688
4 31 3.74221
4 33 0.598754
4 63 0.299377
4 73 3.44283
4 74 0.299377
5 30 0.898131
5 31 0.299377
5 32 2.99377
5 33 0.299377
5 74 3.59252
5 76 0.149688
5 248 0.748442
6 33 2.84408
6 35 0.149688
6 60 0.149688
6 63 0.299377
6 73 0.299377
6 74 0.299377
6 75 2.99377
6 76 0.299377
7 18 1.94595
7 32 0.299377
7 33 0.598754
7 34 2.69439
7 76 3.14346
8 18 0.598754
8 37 0.149688
8 60 0.149688
8 76 0.598754
8 77 2.84408
8 78 0.149688
8 84 0.299377
8 85 0.149688
9 13 1.49688
9 14 1.64657
9 17 0.149688
9 18 0.149688
9 35 0.299377
9 36 0.748442
9 37 1.19751
9 40 0.598754
9 56 0.299377
9 78 3.74221
10 13 1.19751
10 56 0.449065
10 78 1.19751
10 79 0.898131
10 80 0.449065
10 235 0.149688
11 56 0.449065
11 145 0.149688
11 176 0.149688
11 177 0.299377
12 145 0.299377
12 147 0.299377
12 172 3.29315
12 173 0.598754
12 174 0.149688
12 175 0.149688
13 16 1.04782
13 40 2.99377
13 147 0.149688
13 157 0.598754
13 172 0.299377
13 235 0.748442
14 17 0.299377
14 35 2.5447
14 36 0.598754
15 18 0.598754
15 34 0.299377
15 35 0.449065
15 36 0.299377
16 19 0.598754
16 157 0.299377
16 168 0.149688
16 171 0.898131
16 172 0.299377
17 78 0.149688
17 157 0.149688
17 235 0.149688
17 237 0.449065
17 238 0.299377
18 21 1.96466
18 22 0.187111
18 76 0.149688
18 78 0.299377
18 237 1.04782
19 23 0.280667
19 164 1.04782
19 167 0.149688
20 23 1.87111
20 24 0.0935553
20 164 0.149688
20 237 0.149688
20 238 0.598754
20 241 0.898131
21 24 1.87111
21 25 0.374221
21 241 0.299377
21 244 0.449065
22 25 1.87111
22 26 1.02911
22 32 0.598754
23 26 1.96466
23 27 0.187111
24 27 1.87111
24 28 0.0935553
24 241 0.299377
24 242 0.149688
24 245 0.149688
25 28 1.87111
25 29 1.59044
25 30 0.374221
25 32 0.149688
25 248 0.149688
26 29 0.0935553
26 30 0.187111
26 32 0.149688
28 249 0.149688
30 249 0.748442
33 63 0.748442
35 59 0.149688
35 60 0.299377
36 40 0.467775
36 41 0.561332
36 42 0.280667
36 59 0.299377
37 40 0.561332
37 43 0.187111
37 56 3.44283
37 59 0.598754
37 84 0.449065
38 43 0.561332
38 45 0.898131
38 50 0.149688
38 55 0.149688
38 56 0.748442
39 43 0.187111
39 45 0.748442
39 46 0.449065
39 47 0.149688
39 173 1.3472
40 43 0.187111
40 56 0.149688
40 173 0.598754
41 173 0.598754
43 173 0.149688
45 49 0.898131
45 58 0.598754
45 59 0.299377
45 173 0.449065
46 49 0.898131
46 50 0.149688
46 173 0.449065
47 50 0.748442
47 133 0.149688
47 135 0.748442
47 174 0.149688
47 175 0.598754
47 178 0.149688
48 133 0.149688
48 135 1.19751
48 137 0.149688
48 174 0.598754
49 55 0.280667
49 137 0.449065
50 55 0.654888
50 56 0.187111
50 135 0.598754
50 137 0.149688
50 142 0.149688
50 178 0.449065
51 55 0.0935553
51 137 0.149688
51 142 0.449065
51 178 0.598754
51 181 0.299377
52 55 2.05822
52 56 0.187111
52 178 1.64657
52 181 0.149688
53 56 2.43242
53 57 0.374221
53 80 0.149688
53 83 0.898131
53 84 0.598754
53 87 0.748442
53 177 0.299377
53 178 0.299377
53 182 0.149688
54 57 1.87111
54 87 0.449065
54 185 1.3472
55 58 0.187111
56 59 0.0935553
56 84 0.299377
56 178 0.149688
57 60 1.87111
57 61 0.0935553
57 84 0.898131
57 87 0.149688
58 61 1.87111
58 62 0.748442
59 62 1.87111
59 63 0.187111
60 63 1.87111
60 64 0.374221
60 84 0.149688
60 88 0.149688
61 64 1.87111
61 65 0.187111
61 88 0.149688
61 92 0.449065
62 65 1.87111
62 66 0.0935553
63 66 1.87111
63 67 0.0935553
64 67 0.467775
64 73 0.149688
64 88 0.149688
64 92 0.598754
64 95 0.598754
65 92 1.04782
65 95 0.449065
67 71 0.149688
67 73 0.149688
67 95 0.449065
68 71 1.04782
71 95 0.149688
72 94 0.449065
72 95 3.14346
72 256 0.149688
73 95 0.449065
73 96 2.99377
73 97 2.84408
73 98 0.149688
74 98 2.99377
74 100 0.149688
74 252 0.149688
75 96 0.149688
75 98 0.149688
75 99 2.99377
75 100 0.449065
76 85 0.149688
76 100 2.84408
76 248 0.149688
77 85 0.149688
77 100 0.299377
77 101 2.84408
77 102 0.449065
77 104 0.299377
78 81 0.149688
78 102 3.14346
78 103 2.69439
78 104 0.299377
78 235 0.748442
78 237 0.748442
79 103 0.299377
79 104 3.59252
79 105 0.598754
79 209 0.898131
79 234 0.598754
80 83 0.187111
80 84 0.0935553
80 105 0.449065
80 177 0.149688
81 84 2.15177
81 85 0.187111
81 104 0.149688
81 105 0.149688
82 85 1.87111
82 86 0.0935553
82 101 0.149688
82 104 0.149688
82 105 0.449065
82 107 0.299377
83 86 1.87111
83 87 0.374221
83 105 0.149688
83 107 0.149688
83 113 0.149688
83 117 0.149688
83 182 0.149688
84 87 1.87111
84 88 0.187111
85 88 1.87111
85 89 0.187111
85 99 0.149688
85 100 0.149688
85 101 0.149688
86 89 1.87111
86 90 0.187111
86 188 1.49688
86 193 1.19751
87 90 1.87111
87 185 0.149688
87 188 0.149688
88 91 1.87111
88 92 0.280667
88 96 0.149688
89 92 1.59044
89 93 0.187111
89 96 0.299377
89 192 2.99377
89 193 0.149688
89 196 0.149688
90 188 1.04782
90 189 1.64657
90 192 0.598754
90 193 0.299377
92 95 2.99377
92 96 0.299377
93 96 0.449065
97 255 0.149688
97 256 0.449065
98 197 2.99377
98 199 0.149688
98 255 0.149688
99 196 0.149688
99 197 0.449065
99 198 2.84408
99 199 0.598754
100 199 2.99377
100 201 0.149688
100 248 0.299377
101 104 0.598754
101 105 0.299377
101 106 0.449065
101 193 0.149688
101 198 0.299377
101 199 0.598754
101 200 2.99377
101 201 0.748442
102 201 2.84408
102 235 0.149688
102 236 0.748442
102 237 0.898131
102 244 0.299377
103 201 0.149688
103 202 0.598754
103 203 0.149688
103 206 0.598754
103 209 0.598754
103 214 0.898131
103 233 0.149688
103 234 1.04782
103 236 0.299377
104 200 0.299377
104 209 0.299377
104 217 0.449065
105 116 0.149688
105 209 0.149688
105 217 1.04782
106 116 0.149688
106 193 0.299377
106 200 0.149688
106 217 0.598754
106 221 0.149688
107 188 0.299377
107 193 0.898131
107 221 0.299377
108 111 1.49688
108 188 0.299377
108 220 0.748442
108 221 0.449065
109 187 0.149688
109 188 0.598754
109 189 0.299377
109 190 0.299377
110 187 0.748442
111 115 3.29315
111 187 1.49688
111 220 0.149688
112 115 0.299377
112 183 0.299377
112 187 0.748442
113 182 3.14346
113 185 0.299377
113 186 0.149688
113 187 0.299377
113 188 0.149688
114 117 1.87111
114 118 1.12266
114 179 0.149688
114 182 0.598754
114 183 0.449065
115 118 1.96466
115 119 0.0935553
115 216 0.748442
115 220 0.598754
116 119 1.96466
116 120 0.187111
116 213 0.299377
116 216 0.149688
116 217 0.449065
117 120 1.87111
117 121 0.187111
117 179 0.299377
118 121 1.77755
118 122 0.0935553
118 179 0.748442
119 122 2.24533
119 123 0.187111
119 213 0.299377
119 216 2.09564
120 123 1.87111
120 124 0.374221
120 209 0.449065
120 213 0.598754
121 124 1.96466
121 125 0.280667
121 127 0.898131
122 125 0.0935553
123 210 0.299377
123 213 0.149688
124 127 0.748442
124 151 0.299377
124 155 0.299377
124 207 0.149688
124 208 1.19751
127 130 0.898131
127 132 0.299377
127 147 0.149688
127 151 0.598754
128 154 0.748442
128 155 0.748442
129 147 0.149688
129 148 1.94595
129 149 0.748442
129 150 1.49688
129 151 0.149688
130 146 3.14346
130 147 0.748442
130 148 0.299377
130 151 0.149688
131 145 2.99377
131 146 0.449065
132 144 3.29315
132 145 0.299377
133 142 0.149688
133 143 3.14346
133 144 1.79626
133 174 0.449065
134 142 2.99377
135 140 0.149688
135 141 2.99377
135 142 1.64657
135 178 0.299377
136 140 3.14346
137 140 0.449065
140 181 0.299377
141 180 0.449065
142 176 0.149688
142 178 0.149688
143 176 0.598754
144 175 2.99377
145 174 2.84408
145 175 1.04782
145 176 0.149688
146 149 0.149688
147 152 0.187111
148 151 1.96466
148 152 0.374221
149 152 1.96466
149 153 0.187111
149 165 0.898131
149 169 1.49688
150 153 1.87111
150 154 0.561332
151 154 1.77755
151 155 2.24533
151 156 0.187111
152 155 1.59044
152 156 1.96466
152 157 0.467775
152 165 0.299377
152 172 0.149688
153 157 2.05822
153 158 0.187111
153 160 0.299377
153 165 1.49688
154 158 0.467775
155 158 0.280667
155 207 3.74221
155 208 0.149688
155 234 0.149688
156 208 0.149688
156 233 2.69439
156 234 2.84408
156 235 0.299377
157 160 1.04782
157 168 0.598754
157 233 0.598754
157 235 0.598754
157 238 0.299377
158 207 0.299377
158 233 0.748442
159 232 0.149688
159 233 0.598754
159 239 0.449065
160 233 0.149688
160 238 0.299377
160 239 0.149688
161 164 1.87111
161 165 0.0935553
162 165 1.87111
162 166 0.187111
163 166 1.68399
163 167 0.187111
164 167 1.96466
164 168 0.0935553
164 238 0.299377
165 168 1.87111
165 169 0.935553
166 169 2.05822
166 170 0.467775
167 170 1.96466
167 171 0.374221
168 171 1.68399
168 172 0.467775
177 182 0.0935553
178 181 1.96466
178 182 0.280667
179 182 1.87111
179 183 0.187111
180 183 1.77755
181 184 1.87111
181 185 0.187111
182 185 0.187111
185 188 0.598754
188 193 0.0935553
189 192 1.77755
189 193 1.87111
189 194 0.0935553
190 193 1.68399
190 194 1.77755
191 195 0.280667
192 195 1.96466
192 196 0.0935553
193 196 0.0935553
193 198 1.3472
193 221 0.299377
194 198 0.449065
194 221 0.149688
195 198 0.149688
196 224 0.149688
197 224 1.04782
197 255 0.598754
198 221 0.598754
198 223 3.14346
198 224 3.29315
198 225 0.149688
199 225 2.99377
199 227 0.299377
199 255 0.449065
200 214 1.19751
200 217 0.449065
200 218 0.598754
200 223 0.299377
200 225 0.299377
200 226 3.14346
200 227 0.299377
201 227 2.99377
201 229 0.149688
201 244 0.149688
202 214 0.598754
202 215 0.449065
202 218 0.149688
202 226 0.149688
202 227 0.299377
202 228 3.8919
202 229 0.449065
203 206 0.149688
203 214 0.149688
203 229 0.449065
203 231 0.598754
203 233 0.149688
203 236 0.149688
204 211 0.149688
204 228 0.449065
205 232 0.149688
206 209 1.79626
206 210 0.299377
206 214 0.449065
206 234 1.94595
207 210 0.449065
208 234 0.748442
209 213 0.0935553
209 214 0.561332
209 234 0.299377
210 213 1.87111
210 214 0.187111
211 214 1.77755
211 215 0.374221
212 215 1.59044
212 216 0.187111
213 216 1.96466
213 217 1.02911
214 217 1.87111
214 218 0.280667
215 218 1.87111
215 219 0.0935553
216 219 1.87111
216 220 0.187111
217 220 1.87111
217 221 0.187111
218 221 1.77755
218 222 0.0935553
218 223 0.0935553
223 226 0.299377
227 247 0.748442
227 250 0.898131
229 240 0.149688
229 247 0.149688
230 240 0.299377
231 240 0.149688
232 239 0.449065
233 236 0.299377
233 239 0.898131
235 238 1.87111
235 239 0.374221
236 239 1.87111
236 240 2.15177
236 241 0.0935553
236 244 0.449065
237 241 0.467775
238 241 0.280667
240 243 2.43242
240 244 0.280667
241 244 1.87111
241 245 0.187111
242 245 1.87111
242 246 0.654888
243 246 1.87111
243 247 0.374221
244 247 1.87111
244 248 0.467775
245 248 1.87111
245 249 0.187111
246 249 1.87111
246 250 0.0935553
247 250 1.87111
247 251 0.280667
248 251 1.87111
248 252 0.187111
249 252 1.87111
249 253 0.841996
250 253 1.87111
250 254 0.374221
251 254 1.87111
251 255 0.374221
252 255 0.0935553
