nresidues = 85
1 24 0.6875
1 25 0.0625
1 26 1.375
1 78 0.0625
1 79 1.5
1 80 1.25
1 81 0.0625
1 82 0.0625
1 84 0.25
2 23 0.0625
2 24 1.375
2 25 0.1875
2 26 0.125
2 28 0.0625
2 77 0.0625
2 78 1.25
2 79 0.0625
3 22 0.375
3 23 0.0625
3 24 0.1875
3 76 0.0625
3 77 1.1875
3 78 0.1875
3 84 1.0625
4 20 0.0625
4 21 1.25
4 22 0.4375
4 31 0.0625
4 62 0.0625
4 76 1.1875
4 77 0.125
5 19 0.3125
5 20 1.125
5 21 0.5625
5 74 0.0625
5 75 1.25
5 76 0.4375
5 78 0.1875
6 19 1.3125
6 20 0.1875
6 62 0.125
6 73 0.0625
6 74 1.25
6 75 0.0625
7 16 0.125
7 18 1.25
7 19 0.25
7 72 0.0625
7 73 1.25
7 74 0.25
8 16 1.0625
8 17 1.5625
8 18 1
8 19 0.375
8 64 0.875
8 72 1.3125
8 73 0.3125
9 15 1.3125
9 16 0.375
9 17 0.125
9 71 1.375
9 72 0.3125
9 74 0.0625
10 13 1.5625
10 14 0.3125
10 15 0.0625
10 17 0.125
10 70 1.125
10 71 0.0625
11 14 0.0625
11 68 0.25
11 69 0.125
11 70 0.3125
11 71 0.25
11 72 0.3125
16 19 0.0625
17 71 0.3125
20 62 0.5625
20 63 0.1875
20 64 0.125
21 62 0.125
21 78 0.125
21 84 0.0625
22 25 0.1875
24 84 0.125
25 28 0.125
25 31 0.1875
25 61 0.1875
26 79 0.0625
27 79 0.1875
29 32 0.78125
29 33 0.117188
29 39 0.0625
30 33 0.820312
30 34 0.117188
31 34 0.859375
31 35 0.117188
32 35 0.78125
32 36 0.664062
32 37 0.976562
32 38 0.0390625
32 39 0.078125
32 77 0.5625
33 36 0.0390625
33 37 0.0390625
33 38 0.0390625
35 54 0.625
35 77 0.125
37 42 0.25
37 48 0.125
38 41 1.0625
38 42 0.4375
39 42 1.125
39 43 0.3125
40 43 0.0625
41 45 0.0625
42 45 0.1875
42 48 0.0625
43 77 1.3125
44 77 0.0625
44 78 0.3125
44 79 0.3125
46 76 0.125
47 74 0.0625
47 75 1.1875
48 74 1.375
48 75 0.25
48 77 0.125
49 54 0.0390625
49 73 1.25
49 74 0.0625
50 54 0.0390625
50 58 0.0625
50 73 0.3125
50 75 0.0625
51 54 0.820312
52 55 0.117188
52 56 0.0390625
52 68 0.0625
53 56 0.078125
53 57 0.078125
54 57 0.78125
54 58 0.15625
55 58 0.78125
55 59 0.078125
55 68 0.0625
56 60 0.078125
57 60 0.117188
57 61 0.078125
58 61 0.820312
58 62 0.078125
59 62 0.15625
59 64 0.25
59 65 0.25
59 66 0.1875
64 73 0.4375
65 73 0.0625
66 73 0.5
67 70 1.375
67 71 0.1875
67 73 0.1875
68 71 0.1875
78 84 0.0625
80 84 0.5
