L	Ls	nvertices	F_L	F_L_constrained	rho_sum	nloops	regions
  1	  0	  0	           0	           0	           0	 0	[(0, 1)]
  2	  0	  0	           0	           0	           0	 0	[(0, 2)]
  3	  0	  0	           0	           0	           0	 0	[(0, 3)]
  4	  0	  0	           0	           0	           0	 0	[(0, 4)]
  5	  0	  0	           0	           0	           0	 0	[(0, 5)]
  6	  0	  0	           0	           0	           0	 0	[(0, 6)]
  7	  0	  0	           0	           0	           0	 0	[(0, 7)]
  8	  0	  0	           0	           0	           0	 0	[(0, 8)]
  9	  0	  0	           0	           0	           0	 0	[(0, 9)]
 10	  0	  0	           0	           0	           0	 0	[(0, 10)]
 11	  0	  0	           0	           0	           0	 0	[(0, 11)]
 12	  0	  0	           0	           0	           0	 0	[(0, 12)]
 13	  0	  2	           0	     3.59521	      1.3516	 1	[(0, 13)]
 14	  0	  4	           0	     2.26701	    0.322141	 1	[(0, 14)]
 15	  0	  6	           0	     3.91676	     3.92957	 1	[(0, 15)]
 16	  0	  9	           0	     5.01915	     6.49419	 1	[(0, 16)]
 17	  0	 10	           0	     2.58479	     8.13504	 1	[(0, 17)]
 18	  0	 11	   -0.318529	   -0.318529	     9.73745	 1	[(0, 18)]
 19	  0	 14	    -1.02449	    -1.02449	     12.1716	 1	[(0, 19)]
 20	  0	 16	    -1.05171	    -1.05171	     13.8984	 1	[(0, 20)]
 21	  0	 17	    -2.64902	    -2.64902	     15.6445	 1	[(0, 21)]
 22	  0	 19	    -2.64902	    -1.67969	     16.7985	 1	[(0, 22)]
 23	  0	 21	    -2.64902	   -0.537706	     16.5932	 1	[(0, 23)]
 24	  0	 23	    -2.64902	   -0.132648	     20.2982	 1	[(0, 24)]
 25	  0	 24	    -2.64902	    0.281968	     20.7976	 1	[(0, 25)]
 26	  0	 25	    -2.64902	   -0.956536	     22.5045	 1	[(0, 26)]
 27	  0	 25	    -2.64902	   -0.956536	     22.5045	 1	[(0, 27)]
 28	  0	 26	    -2.64902	    -1.13479	     22.6905	 1	[(0, 28)]
 29	  0	 26	    -2.64902	    -1.13479	     22.6905	 1	[(0, 29)]
 30	  0	 26	    -2.64902	    -1.13479	     22.6905	 1	[(0, 30)]
 31	  0	 27	    -2.64902	     4.08764	     22.9066	 2	[(0, 31)]
 32	  0	 29	    -2.64902	    -1.27937	     22.8795	 1	[(0, 32)]
 33	  0	 31	    -2.64902	    -1.13002	     22.6968	 1	[(0, 33)]
 34	 29	  6	    -2.64902	     3.94316	     5.09455	 0	[(29, 34)]
 35	 29	  7	    -2.64902	     3.75389	     5.57441	 0	[(29, 35)]
 36	 29	  8	    -2.64902	     3.79043	     6.48844	 0	[(29, 36)]
 37	 29	  9	    -2.64902	     3.23196	     7.69131	 0	[(29, 37)]
 38	 29	 10	    -2.64902	     3.85342	     7.51282	 0	[(29, 38)]
 39	 29	 11	    -2.64902	      4.0665	     6.81227	 0	[(29, 39)]
 40	 29	 11	    -2.64902	      4.0665	     6.81227	 0	[(29, 40)]
 41	 29	 12	    -2.64902	     3.90754	     7.21786	 0	[(29, 41)]
 42	 29	 13	    -2.64902	     3.13828	     11.6898	 0	[(29, 42)]
 43	 29	 15	    -2.64902	     5.22319	     12.8174	 0	[(29, 43)]
 44	 29	 15	    -2.64902	     5.22319	     12.8174	 0	[(29, 44)]
 45	 29	 16	    -2.64902	     5.00225	     13.0396	 0	[(29, 45)]
 46	 29	 16	    -2.64902	     5.00225	     13.0396	 0	[(29, 46)]
 47	 29	 16	    -2.64902	     5.00225	     13.0396	 0	[(29, 47)]
 48	 29	 17	    -2.64902	     4.80671	     13.2245	 0	[(29, 48)]
 49	 29	 17	    -2.64902	     4.80671	     13.2245	 0	[(29, 49)]
 50	 29	 17	    -2.64902	     4.80671	     13.2245	 0	[(29, 50)]
 51	 29	 17	    -2.64902	     4.80671	     13.2245	 0	[(29, 51)]
 52	 29	 17	    -2.64902	     4.80671	     13.2245	 0	[(29, 52)]
 53	 29	 17	    -2.64902	     4.80671	     13.2245	 0	[(29, 53)]
 54	 49	 35	    -2.64902	     2.90205	     22.9603	 2	[(0, 33), (49, 54)]
 55	 49	 37	    -2.64902	    -1.37857	     22.9552	 1	[(0, 33), (49, 55)]
 56	 49	 39	    -2.64902	    -1.30114	     22.8721	 1	[(0, 33), (49, 56)]
 57	 49	 40	    -2.64902	    -1.31488	     22.8875	 1	[(0, 33), (49, 57)]
 58	 49	 41	    -2.64902	    -1.32826	     22.9021	 1	[(0, 33), (49, 58)]
 59	 49	 42	    -2.64902	     5.16559	     28.8723	 1	[(0, 33), (49, 59)]
 60	 49	 43	    -2.64902	     -1.3525	     22.9259	 1	[(0, 33), (49, 60)]
 61	 49	 44	    -2.64902	    -1.36625	     22.9414	 1	[(0, 33), (49, 61)]
 62	 49	 45	    -2.64902	     -1.3784	     22.9533	 1	[(0, 33), (49, 62)]
 63	 49	 45	    -2.64902	     -1.3784	     22.9533	 1	[(0, 33), (49, 63)]
 64	 49	 46	    -2.64902	     -1.5064	     23.0747	 1	[(0, 33), (49, 64)]
 65	 49	 47	    -2.64902	    -1.50337	     23.0818	 1	[(0, 33), (49, 65)]
 66	 49	 48	    -2.64902	    -1.49122	     23.0705	 1	[(0, 33), (49, 66)]
 67	 49	 48	    -2.64902	    -1.49122	     23.0705	 1	[(0, 33), (49, 67)]
 68	 49	 49	    -2.64902	    -1.61867	     23.1907	 1	[(0, 33), (49, 68)]
 69	 49	 49	    -2.64902	    -1.61867	     23.1907	 1	[(0, 33), (49, 69)]
 70	 49	 51	    -2.64902	    -1.64999	     23.2345	 1	[(0, 33), (49, 70)]
 71	 49	 52	    -2.64902	    -1.64313	     23.2332	 1	[(0, 33), (49, 71)]
 72	 49	 52	    -2.64902	    -1.64313	     23.2332	 1	[(0, 33), (49, 72)]
 73	  0	 68	    -2.64902	     14.6489	     54.0526	 4	[(0, 73)]
 74	  0	 70	    -2.64902	     10.8944	     56.8372	 4	[(0, 74)]
 75	  0	 72	    -2.64902	     6.88557	     58.8184	 4	[(0, 75)]
 76	  0	 73	    -2.64902	     5.74085	     59.7799	 4	[(0, 76)]
 77	  0	 75	    -2.64902	     1.00305	     61.6111	 4	[(0, 77)]
 78	  0	 76	    -2.64902	    -1.88698	     62.8749	 4	[(0, 78)]
 79	  0	 78	     -2.9739	     -2.9739	     64.7676	 4	[(0, 79)]
 80	  0	 79	    -4.28478	    -4.28478	     65.7072	 4	[(0, 80)]
 81	  0	 80	    -4.28478	    -3.53036	     66.0403	 4	[(0, 81)]
 82	  0	 81	    -4.28478	     -3.1224	     65.6187	 4	[(0, 82)]
 83	  0	 81	    -4.28478	     -3.1224	     65.6187	 4	[(0, 83)]
 84	  0	 82	    -6.37495	    -6.37495	      67.011	 4	[(0, 84)]
 85	  0	 82	    -6.37495	    -6.37495	      67.011	 4	[(0, 85)]
