L	Ls	nvertices	F_L	F_L_constrained	rho_sum	nloops	regions
  1	  0	  0	           0	           0	           0	 0	[(0, 1)]
  2	  0	  0	           0	           0	           0	 0	[(0, 2)]
  3	  0	  0	           0	           0	           0	 0	[(0, 3)]
  4	  0	  0	           0	           0	           0	 0	[(0, 4)]
  5	  0	  0	           0	           0	           0	 0	[(0, 5)]
  6	  0	  0	           0	           0	           0	 0	[(0, 6)]
  7	  0	  0	           0	           0	           0	 0	[(0, 7)]
  8	  0	  0	           0	           0	           0	 0	[(0, 8)]
  9	  0	  0	           0	           0	           0	 0	[(0, 9)]
 10	  0	  0	           0	           0	           0	 0	[(0, 10)]
 11	  0	  3	   -0.269728	   -0.269728	    0.284431	 0	[(0, 11)]
 12	  0	  3	   -0.269728	   -0.269728	    0.284431	 0	[(0, 12)]
 13	  0	  3	   -0.269728	   -0.269728	    0.284431	 0	[(0, 13)]
 14	  0	  3	   -0.269728	   -0.269728	    0.284431	 0	[(0, 14)]
 15	  0	  5	   -0.269728	     3.75336	    0.491282	 1	[(0, 15)]
 16	  0	  7	   -0.269728	     2.25447	    0.423895	 1	[(0, 16)]
 17	  0	  9	   -0.269728	     3.33852	     5.56679	 0	[(0, 17)]
 18	  0	 10	   -0.269728	      2.8638	     7.06394	 0	[(0, 18)]
 19	  0	 11	   -0.269728	     2.36628	     8.13342	 0	[(0, 19)]
 20	  0	 12	   -0.269728	     1.57809	     9.21465	 0	[(0, 20)]
 21	  0	 13	   -0.269728	     1.05002	     10.1929	 0	[(0, 21)]
 22	  0	 14	   -0.269728	    0.711979	     11.1192	 0	[(0, 22)]
 23	  0	 15	   -0.269728	  -0.0722387	     12.1732	 0	[(0, 23)]
 24	  0	 16	   -0.779869	   -0.779869	     13.2023	 0	[(0, 24)]
 25	  0	 17	    -1.38978	    -1.38978	     14.2094	 0	[(0, 25)]
 26	  0	 18	    -2.02026	    -2.02026	     15.1895	 0	[(0, 26)]
 27	  0	 21	    -2.95821	    -2.95821	     16.4837	 0	[(0, 27)]
 28	  0	 22	    -3.48818	    -3.48818	     17.4575	 0	[(0, 28)]
 29	  0	 23	    -4.48795	    -4.48795	     18.5327	 0	[(0, 29)]
 30	  0	 24	    -5.03954	    -5.03954	     19.4881	 0	[(0, 30)]
 31	  0	 25	    -5.94519	    -5.94519	     20.5355	 0	[(0, 31)]
 32	  0	 26	    -6.26192	    -6.26192	     21.3749	 0	[(0, 32)]
 33	  0	 27	    -6.26192	    -5.73534	     21.6926	 0	[(0, 33)]
 34	  0	 27	    -6.26192	    -5.73534	     21.6926	 0	[(0, 34)]
 35	  0	 27	    -6.26192	    -5.73534	     21.6926	 0	[(0, 35)]
 36	  0	 27	    -6.26192	    -5.73534	     21.6926	 0	[(0, 36)]
 37	 11	 25	    -6.26192	    -5.02977	     23.1656	 0	[(11, 37)]
 38	 11	 27	    -6.26192	    -4.15496	     23.7363	 0	[(11, 38)]
 39	 11	 27	    -6.26192	    -4.15496	     23.7363	 0	[(11, 39)]
 40	 11	 28	    -6.26192	    -4.54834	     24.0601	 0	[(11, 40)]
 41	 11	 28	    -6.26192	    -4.54834	     24.0601	 0	[(11, 41)]
 42	 11	 29	    -6.26192	    -4.72644	     24.2201	 0	[(11, 42)]
 43	 11	 29	    -6.26192	    -4.72644	     24.2201	 0	[(11, 43)]
 44	  0	 42	     -8.9384	     -8.9384	     39.4816	 2	[(0, 44)]
 45	  0	 43	     -11.583	     -11.583	     41.4054	 2	[(0, 45)]
 46	  0	 43	     -11.583	     -11.583	     41.4054	 2	[(0, 46)]
 47	  0	 44	    -11.7603	    -11.7603	     41.5686	 2	[(0, 47)]
 48	  0	 44	    -11.7603	    -11.7603	     41.5686	 2	[(0, 48)]
 49	  0	 46	    -11.7603	    -10.5092	     41.9051	 2	[(0, 49)]
 50	  0	 47	    -11.7603	    -11.6316	     42.9048	 2	[(0, 50)]
 51	  0	 47	    -11.7603	    -11.6316	     42.9048	 2	[(0, 51)]
 52	  0	 47	    -11.7603	    -11.6316	     42.9048	 2	[(0, 52)]
 53	  0	 47	    -11.7603	    -11.6316	     42.9048	 2	[(0, 53)]
 54	  0	 49	    -11.7603	    -1.50258	      42.795	 4	[(0, 54)]
 55	  0	 51	    -11.7603	    -2.69504	     42.6476	 4	[(0, 55)]
 56	  0	 53	    -11.7603	    -1.82951	     46.9024	 4	[(0, 56)]
 57	  0	 54	    -11.7603	    -5.11924	     48.9715	 4	[(0, 57)]
 58	  0	 55	    -11.7603	    -4.76672	     49.5432	 4	[(0, 58)]
 59	  0	 56	    -11.7603	    -4.34683	     49.7893	 4	[(0, 59)]
 60	  0	 58	    -11.7603	    -3.20342	      51.318	 4	[(0, 60)]
 61	  0	 58	    -11.7603	    -3.20342	      51.318	 4	[(0, 61)]
 62	  0	 59	    -11.7603	    -4.25751	     52.5047	 4	[(0, 62)]
 63	  0	 60	    -11.7603	    -6.30803	     53.6516	 4	[(0, 63)]
 64	  0	 61	    -11.7603	    -5.69999	     54.0019	 4	[(0, 64)]
 65	  0	 61	    -11.7603	    -5.69999	     54.0019	 4	[(0, 65)]
 66	  0	 61	    -11.7603	    -5.69999	     54.0019	 4	[(0, 66)]
 67	  0	 61	    -11.7603	    -5.69999	     54.0019	 4	[(0, 67)]
 68	  0	 61	    -11.7603	    -5.69999	     54.0019	 4	[(0, 68)]
 69	  0	 61	    -11.7603	    -5.69999	     54.0019	 4	[(0, 69)]
 70	  0	 61	    -11.7603	    -5.69999	     54.0019	 4	[(0, 70)]
 71	  0	 61	    -11.7603	    -5.69999	     54.0019	 4	[(0, 71)]
 72	  0	 61	    -11.7603	    -5.69999	     54.0019	 4	[(0, 72)]
 73	  0	 61	    -11.7603	    -5.69999	     54.0019	 4	[(0, 73)]
 74	  0	 61	    -11.7603	    -5.69999	     54.0019	 4	[(0, 74)]
 75	  0	 61	    -11.7603	    -5.69999	     54.0019	 4	[(0, 75)]
 76	  0	 61	    -11.7603	    -5.69999	     54.0019	 4	[(0, 76)]
