nresidues = 211
0 176 0.1875
0 179 0.0625
0 180 0.25
0 181 1.3125
0 206 0.3125
1 26 0.4375
1 27 0.0625
1 54 0.125
1 79 0.0625
1 160 0.375
1 181 0.0625
1 182 1.25
1 183 0.125
1 206 0.125
2 24 0.0625
2 25 1.1875
2 26 1.4375
2 27 0.0625
2 183 1.25
2 206 0.125
3 27 1.6875
3 29 0.3125
3 56 0.1875
3 182 0.125
3 183 0.1875
3 184 1.5625
3 185 0.1875
4 18 0.0625
4 21 0.0625
4 25 0.0625
4 27 0.0625
4 28 1.1875
4 29 0.3125
4 185 1.3125
4 189 0.1875
5 29 1.5625
5 185 0.125
5 186 0.125
5 190 0.0625
6 14 0.0625
6 18 0.0625
6 28 0.0625
6 29 0.25
6 30 1.1875
6 31 0.0625
6 34 0.25
7 31 0.0625
7 33 1.25
7 34 0.125
8 37 0.0625
9 13 0.234375
9 14 0.0390625
9 17 0.0625
9 34 0.1875
10 13 1.13281
10 14 0.078125
10 34 0.1875
10 37 0.125
11 14 0.78125
11 15 0.15625
11 34 0.1875
11 38 0.1875
11 41 0.0625
11 45 0.0625
12 15 0.703125
12 16 0.078125
13 16 0.78125
13 17 0.078125
14 17 0.78125
14 18 0.117188
14 34 0.125
15 18 0.664062
15 19 0.078125
15 45 0.0625
15 49 0.25
15 50 0.0625
16 19 0.078125
17 20 0.78125
17 21 0.0390625
17 189 0.25
17 190 0.1875
17 195 0.1875
18 21 0.78125
18 22 0.234375
18 28 0.125
18 50 0.3125
19 49 0.3125
19 50 0.25
20 196 0.125
21 24 1.25
21 25 0.0625
21 195 0.25
21 199 0.0625
22 25 0.1875
22 50 0.0625
22 53 0.25
24 199 0.0625
24 200 0.125
24 203 0.1875
25 53 0.25
26 53 1.0625
26 54 0.0625
27 54 1.3125
27 56 0.0625
28 46 0.0625
28 53 0.0625
28 54 0.1875
28 55 1.3125
28 56 0.1875
29 56 1.25
29 58 0.1875
29 184 0.0625
30 34 0.15625
30 35 0.0390625
30 43 0.125
30 46 0.0625
30 56 0.1875
30 57 1.125
30 58 0.125
31 34 0.820312
31 35 0.078125
31 58 1.1875
32 35 0.78125
32 36 0.117188
32 58 0.5
32 60 0.1875
33 36 0.820312
33 37 0.078125
34 37 0.78125
34 38 0.078125
34 42 0.0625
35 38 0.742188
35 39 0.078125
35 58 0.125
35 59 0.0625
38 41 0.195312
38 42 0.117188
39 42 0.078125
40 43 0.78125
40 44 0.195312
40 71 0.0625
40 72 0.0625
40 75 0.0625
41 44 0.78125
41 45 0.078125
42 45 0.703125
42 46 0.15625
43 46 0.742188
43 47 0.078125
43 55 0.0625
43 57 0.0625
43 75 1.1875
43 76 0.125
43 77 0.0625
44 47 0.703125
44 48 0.078125
44 75 0.125
45 48 0.78125
45 49 0.078125
46 49 0.78125
46 50 0.117188
47 50 0.742188
47 51 0.195312
47 53 0.25
47 55 0.0625
47 76 0.1875
47 78 0.25
48 51 0.078125
50 53 0.3125
53 78 0.0625
54 78 0.375
54 79 0.5
55 77 1.25
55 78 1.375
55 79 0.0625
56 79 1.375
56 81 0.0625
57 72 0.0625
57 77 0.0625
57 79 0.1875
57 80 1.1875
57 81 0.0625
58 81 0.4375
59 68 0.0625
59 72 0.0625
59 81 1.1875
60 81 1.3125
60 82 0.0625
60 83 0.3125
60 108 0.0625
61 65 0.0625
61 68 0.3125
61 69 0.0625
61 81 0.1875
61 82 1.25
61 83 0.125
61 94 0.125
62 83 0.0625
62 86 0.5
62 90 0.25
64 67 0.78125
64 68 0.078125
65 68 0.664062
65 69 0.15625
65 90 0.0625
65 93 0.0625
65 94 0.1875
66 69 0.78125
66 70 0.117188
66 93 0.25
66 96 0.125
66 97 0.4375
66 100 0.4375
67 70 0.703125
67 71 0.078125
68 71 0.78125
68 72 0.195312
69 72 0.78125
69 73 0.234375
69 80 0.0625
69 94 0.1875
69 97 0.0625
70 73 0.820312
70 74 0.234375
71 74 0.703125
71 75 0.078125
72 75 0.78125
72 76 0.664062
72 77 0.117188
72 80 0.125
73 76 0.742188
73 77 0.117188
73 78 0.0390625
73 80 0.25
73 97 0.0625
73 98 0.25
73 103 0.5
73 104 0.125
76 103 0.0625
77 103 0.1875
78 103 1.125
78 104 0.0625
79 104 1.5
79 106 0.0625
79 160 0.125
80 104 0.0625
80 105 1.25
80 106 0.1875
81 106 1.3125
82 86 0.0625
82 94 0.0625
82 105 0.0625
82 106 0.125
82 107 1.4375
82 108 0.1875
83 86 0.1875
83 91 0.0625
83 107 0.0625
83 108 1.25
84 107 0.0625
84 108 0.0625
84 118 0.25
85 110 0.0625
85 111 0.125
85 112 0.125
86 90 0.15625
86 91 0.0390625
86 118 0.1875
87 90 0.78125
87 91 0.0390625
88 91 0.78125
88 92 0.195312
88 121 0.0625
89 92 0.78125
89 93 0.117188
90 93 0.78125
90 94 0.117188
91 94 0.78125
91 95 0.195312
91 122 0.0625
92 95 0.78125
92 96 0.078125
92 125 0.0625
93 96 0.78125
93 97 0.078125
94 97 0.78125
94 98 0.078125
94 105 0.25
95 98 0.78125
95 99 0.117188
95 105 0.0625
95 126 0.1875
95 127 0.0625
96 99 0.859375
96 100 0.273438
97 100 0.742188
97 101 0.0390625
98 101 0.78125
98 102 0.78125
98 103 0.273438
98 105 0.0625
99 102 0.0390625
104 128 0.0625
104 129 0.0625
105 129 0.125
106 129 1.3125
106 131 0.0625
107 122 0.0625
107 127 0.0625
107 129 0.1875
107 130 1.375
107 131 0.1875
108 131 1.25
108 133 0.5
109 112 0.375
109 115 0.0625
109 118 0.0625
109 122 0.0625
109 131 0.1875
109 152 0.0625
110 133 0.1875
110 134 0.0625
110 135 0.0625
111 138 0.0625
112 115 0.0625
112 118 0.125
114 117 0.898438
114 118 0.078125
115 118 0.78125
115 119 0.117188
115 148 0.125
116 119 0.78125
116 120 0.46875
116 151 0.0625
116 155 0.1875
117 120 0.859375
117 121 0.078125
118 121 0.820312
118 122 0.195312
119 122 0.742188
119 123 0.15625
119 152 0.125
120 123 0.664062
120 124 0.195312
121 124 0.859375
121 125 0.078125
122 125 0.78125
122 126 0.742188
122 127 0.15625
123 126 0.0390625
123 127 0.0390625
123 156 0.3125
123 157 0.3125
123 158 0.25
123 159 0.1875
127 130 0.0625
128 159 1.25
128 160 0.125
129 160 1.5625
129 182 0.0625
130 152 0.1875
130 159 0.125
130 160 0.125
130 161 1.3125
130 162 0.125
131 162 1.3125
132 145 0.125
132 148 0.0625
132 149 0.0625
132 152 0.125
132 162 0.1875
132 163 1.25
132 164 0.0625
133 164 1.375
134 138 0.195312
134 139 0.15625
134 143 0.1875
134 144 0.25
134 145 0.1875
134 164 0.0625
134 165 0.0625
135 138 0.820312
135 139 0.3125
136 139 0.898438
136 140 0.078125
137 140 0.742188
138 141 0.78125
138 142 0.664062
138 143 0.117188
139 142 0.703125
139 143 0.0390625
139 165 0.5
139 166 0.125
144 175 0.125
145 148 0.78125
145 149 0.078125
145 163 0.0625
145 164 0.25
145 165 0.25
145 175 0.25
146 149 0.78125
146 150 0.15625
146 174 0.0625
146 175 0.375
146 178 0.0625
147 150 0.78125
147 151 0.0390625
148 151 0.78125
148 152 0.078125
149 152 0.78125
149 153 0.195312
149 161 0.0625
149 175 0.0625
149 178 0.0625
150 153 0.78125
150 154 0.117188
151 154 0.78125
151 155 0.117188
152 155 0.742188
152 156 0.117188
152 161 0.1875
153 178 0.125
156 159 0.1875
156 161 0.0625
160 181 0.5625
160 182 0.0625
161 180 1.3125
161 181 1.375
161 182 0.0625
162 182 1.3125
162 184 0.0625
163 167 0.0625
163 180 0.0625
163 182 0.0625
163 183 1.1875
163 184 0.3125
164 184 0.1875
167 171 0.125
167 172 0.125
167 175 0.1875
167 185 0.125
167 188 0.0625
168 171 1.375
168 172 0.1875
168 188 0.125
168 198 0.3125
168 202 0.125
169 172 0.1875
169 198 0.4375
169 201 0.0625
169 202 0.125
171 174 0.820312
171 175 0.078125
172 175 0.78125
172 176 0.078125
172 205 0.125
172 206 0.0625
173 176 0.78125
173 177 0.15625
173 205 0.0625
173 209 0.0625
174 177 0.0390625
174 178 0.078125
175 178 0.742188
175 180 0.078125
176 179 0.0390625
176 180 0.0390625
176 205 0.0625
176 209 0.0625
177 209 0.1875
183 206 0.0625
185 188 0.0390625
185 189 0.078125
185 202 0.0625
186 189 0.78125
186 190 0.234375
187 190 0.820312
187 191 0.234375
188 191 0.664062
188 192 0.078125
188 198 0.3125
189 192 0.117188
189 195 0.1875
189 198 0.0625
192 195 0.1875
194 197 0.859375
194 198 0.078125
195 198 0.820312
195 199 0.078125
196 199 0.820312
196 200 0.078125
197 200 0.859375
197 201 0.117188
198 201 0.820312
198 202 0.273438
199 202 0.703125
199 203 0.15625
200 203 0.820312
200 204 0.078125
201 204 0.703125
201 205 0.078125
202 205 0.78125
202 206 0.078125
203 206 0.78125
203 207 0.15625
204 207 0.78125
204 208 0.351562
205 208 0.820312
205 209 0.15625
206 209 0.117188
