nresidues = 211
0 176 0.451156
0 179 0.150385
0 180 0.601541
0 181 3.15809
0 206 0.751926
1 26 1.0527
1 27 0.150385
1 54 0.300771
1 79 0.150385
1 160 0.902312
1 181 0.150385
1 182 3.00771
1 183 0.300771
1 206 0.300771
2 24 0.150385
2 25 2.85732
2 26 3.45886
2 27 0.150385
2 183 3.00771
2 206 0.300771
3 27 4.0604
3 29 0.751926
3 56 0.451156
3 182 0.300771
3 183 0.451156
3 184 3.75963
3 185 0.451156
4 18 0.150385
4 21 0.150385
4 25 0.150385
4 27 0.150385
4 28 2.85732
4 29 0.751926
4 185 3.15809
4 189 0.451156
5 29 3.75963
5 185 0.300771
5 186 0.300771
5 190 0.150385
6 14 0.150385
6 18 0.150385
6 28 0.150385
6 29 0.601541
6 30 2.85732
6 31 0.150385
6 34 0.601541
7 31 0.150385
7 33 3.00771
7 34 0.300771
8 37 0.150385
9 13 0.563945
9 14 0.0939908
9 17 0.150385
9 34 0.451156
10 13 2.72573
10 14 0.187982
10 34 0.451156
10 37 0.300771
11 14 1.87982
11 15 0.375963
11 34 0.451156
11 38 0.451156
11 41 0.150385
11 45 0.150385
12 15 1.69183
12 16 0.187982
13 16 1.87982
13 17 0.187982
14 17 1.87982
14 18 0.281974
14 34 0.300771
15 18 1.59784
15 19 0.187982
15 45 0.150385
15 49 0.601541
15 50 0.150385
16 19 0.187982
17 20 1.87982
17 21 0.0939908
17 189 0.601541
17 190 0.451156
17 195 0.451156
18 21 1.87982
18 22 0.563945
18 28 0.300771
18 50 0.751926
19 49 0.751926
19 50 0.601541
20 196 0.300771
21 24 3.00771
21 25 0.150385
21 195 0.601541
21 199 0.150385
22 25 0.451156
22 50 0.150385
22 53 0.601541
24 199 0.150385
24 200 0.300771
24 203 0.451156
25 53 0.601541
26 53 2.55655
26 54 0.150385
27 54 3.15809
27 56 0.150385
28 46 0.150385
28 53 0.150385
28 54 0.451156
28 55 3.15809
28 56 0.451156
29 56 3.00771
29 58 0.451156
29 184 0.150385
30 34 0.375963
30 35 0.0939908
30 43 0.300771
30 46 0.150385
30 56 0.451156
30 57 2.70694
30 58 0.300771
31 34 1.97381
31 35 0.187982
31 58 2.85732
32 35 1.87982
32 36 0.281974
32 58 1.20308
32 60 0.451156
33 36 1.97381
33 37 0.187982
34 37 1.87982
34 38 0.187982
34 42 0.150385
35 38 1.78583
35 39 0.187982
35 58 0.300771
35 59 0.150385
38 41 0.469953
38 42 0.281974
39 42 0.187982
40 43 1.87982
40 44 0.469953
40 71 0.150385
40 72 0.150385
40 75 0.150385
41 44 1.87982
41 45 0.187982
42 45 1.69183
42 46 0.375963
43 46 1.78583
43 47 0.187982
43 55 0.150385
43 57 0.150385
43 75 2.85732
43 76 0.300771
43 77 0.150385
44 47 1.69183
44 48 0.187982
44 75 0.300771
45 48 1.87982
45 49 0.187982
46 49 1.87982
46 50 0.281974
47 50 1.78583
47 51 0.469953
47 53 0.601541
47 55 0.150385
47 76 0.451156
47 78 0.601541
48 51 0.187982
50 53 0.751926
53 78 0.150385
54 78 0.902312
54 79 1.20308
55 77 3.00771
55 78 3.30848
55 79 0.150385
56 79 3.30848
56 81 0.150385
57 72 0.150385
57 77 0.150385
57 79 0.451156
57 80 2.85732
57 81 0.150385
58 81 1.0527
59 68 0.150385
59 72 0.150385
59 81 2.85732
60 81 3.15809
60 82 0.150385
60 83 0.751926
60 108 0.150385
61 65 0.150385
61 68 0.751926
61 69 0.150385
61 81 0.451156
61 82 3.00771
61 83 0.300771
61 94 0.300771
62 83 0.150385
62 86 1.20308
62 90 0.601541
64 67 1.87982
64 68 0.187982
65 68 1.59784
65 69 0.375963
65 90 0.150385
65 93 0.150385
65 94 0.451156
66 69 1.87982
66 70 0.281974
66 93 0.601541
66 96 0.300771
66 97 1.0527
66 100 1.0527
67 70 1.69183
67 71 0.187982
68 71 1.87982
68 72 0.469953
69 72 1.87982
69 73 0.563945
69 80 0.150385
69 94 0.451156
69 97 0.150385
70 73 1.97381
70 74 0.563945
71 74 1.69183
71 75 0.187982
72 75 1.87982
72 76 1.59784
72 77 0.281974
72 80 0.300771
73 76 1.78583
73 77 0.281974
73 78 0.0939908
73 80 0.601541
73 97 0.150385
73 98 0.601541
73 103 1.20308
73 104 0.300771
76 103 0.150385
77 103 0.451156
78 103 2.70694
78 104 0.150385
79 104 3.60925
79 106 0.150385
79 160 0.300771
80 104 0.150385
80 105 3.00771
80 106 0.451156
81 106 3.15809
82 86 0.150385
82 94 0.150385
82 105 0.150385
82 106 0.300771
82 107 3.45886
82 108 0.451156
83 86 0.451156
83 91 0.150385
83 107 0.150385
83 108 3.00771
84 107 0.150385
84 108 0.150385
84 118 0.601541
85 110 0.150385
85 111 0.300771
85 112 0.300771
86 90 0.375963
86 91 0.0939908
86 118 0.451156
87 90 1.87982
87 91 0.0939908
88 91 1.87982
88 92 0.469953
88 121 0.150385
89 92 1.87982
89 93 0.281974
90 93 1.87982
90 94 0.281974
91 94 1.87982
91 95 0.469953
91 122 0.150385
92 95 1.87982
92 96 0.187982
92 125 0.150385
93 96 1.87982
93 97 0.187982
94 97 1.87982
94 98 0.187982
94 105 0.601541
95 98 1.87982
95 99 0.281974
95 105 0.150385
95 126 0.451156
95 127 0.150385
96 99 2.0678
96 100 0.657937
97 100 1.78583
97 101 0.0939908
98 101 1.87982
98 102 1.87982
98 103 0.657937
98 105 0.150385
99 102 0.0939908
104 128 0.150385
104 129 0.150385
105 129 0.300771
106 129 3.15809
106 131 0.150385
107 122 0.150385
107 127 0.150385
107 129 0.451156
107 130 3.30848
107 131 0.451156
108 131 3.00771
108 133 1.20308
109 112 0.902312
109 115 0.150385
109 118 0.150385
109 122 0.150385
109 131 0.451156
109 152 0.150385
110 133 0.451156
110 134 0.150385
110 135 0.150385
111 138 0.150385
112 115 0.150385
112 118 0.300771
114 117 2.16179
114 118 0.187982
115 118 1.87982
115 119 0.281974
115 148 0.300771
116 119 1.87982
116 120 1.12789
116 151 0.150385
116 155 0.451156
117 120 2.0678
117 121 0.187982
118 121 1.97381
118 122 0.469953
119 122 1.78583
119 123 0.375963
119 152 0.300771
120 123 1.59784
120 124 0.469953
121 124 2.0678
121 125 0.187982
122 125 1.87982
122 126 1.78583
122 127 0.375963
123 126 0.0939908
123 127 0.0939908
123 156 0.751926
123 157 0.751926
123 158 0.601541
123 159 0.451156
127 130 0.150385
128 159 3.00771
128 160 0.300771
129 160 3.75963
129 182 0.150385
130 152 0.451156
130 159 0.300771
130 160 0.300771
130 161 3.15809
130 162 0.300771
131 162 3.15809
132 145 0.300771
132 148 0.150385
132 149 0.150385
132 152 0.300771
132 162 0.451156
132 163 3.00771
132 164 0.150385
133 164 3.30848
134 138 0.469953
134 139 0.375963
134 143 0.451156
134 144 0.601541
134 145 0.451156
134 164 0.150385
134 165 0.150385
135 138 1.97381
135 139 0.751926
136 139 2.16179
136 140 0.187982
137 140 1.78583
138 141 1.87982
138 142 1.59784
138 143 0.281974
139 142 1.69183
139 143 0.0939908
139 165 1.20308
139 166 0.300771
144 175 0.300771
145 148 1.87982
145 149 0.187982
145 163 0.150385
145 164 0.601541
145 165 0.601541
145 175 0.601541
146 149 1.87982
146 150 0.375963
146 174 0.150385
146 175 0.902312
146 178 0.150385
147 150 1.87982
147 151 0.0939908
148 151 1.87982
148 152 0.187982
149 152 1.87982
149 153 0.469953
149 161 0.150385
149 175 0.150385
149 178 0.150385
150 153 1.87982
150 154 0.281974
151 154 1.87982
151 155 0.281974
152 155 1.78583
152 156 0.281974
152 161 0.451156
153 178 0.300771
156 159 0.451156
156 161 0.150385
160 181 1.35347
160 182 0.150385
161 180 3.15809
161 181 3.30848
161 182 0.150385
162 182 3.15809
162 184 0.150385
163 167 0.150385
163 180 0.150385
163 182 0.150385
163 183 2.85732
163 184 0.751926
164 184 0.451156
167 171 0.300771
167 172 0.300771
167 175 0.451156
167 185 0.300771
167 188 0.150385
168 171 3.30848
168 172 0.451156
168 188 0.300771
168 198 0.751926
168 202 0.300771
169 172 0.451156
169 198 1.0527
169 201 0.150385
169 202 0.300771
171 174 1.97381
171 175 0.187982
172 175 1.87982
172 176 0.187982
172 205 0.300771
172 206 0.150385
173 176 1.87982
173 177 0.375963
173 205 0.150385
173 209 0.150385
174 177 0.0939908
174 178 0.187982
175 178 1.78583
175 180 0.187982
176 179 0.0939908
176 180 0.0939908
176 205 0.150385
176 209 0.150385
177 209 0.451156
183 206 0.150385
185 188 0.0939908
185 189 0.187982
185 202 0.150385
186 189 1.87982
186 190 0.563945
187 190 1.97381
187 191 0.563945
188 191 1.59784
188 192 0.187982
188 198 0.751926
189 192 0.281974
189 195 0.451156
189 198 0.150385
192 195 0.451156
194 197 2.0678
194 198 0.187982
195 198 1.97381
195 199 0.187982
196 199 1.97381
196 200 0.187982
197 200 2.0678
197 201 0.281974
198 201 1.97381
198 202 0.657937
199 202 1.69183
199 203 0.375963
200 203 1.97381
200 204 0.187982
201 204 1.69183
201 205 0.187982
202 205 1.87982
202 206 0.187982
203 206 1.87982
203 207 0.375963
204 207 1.87982
204 208 0.845916
205 208 1.97381
205 209 0.375963
206 209 0.281974
