L	Ls	nvertices	F_L	F_L_constrained	rho_sum	nloops	regions
  0	  0	  0	           0	           0	           0	 0	[(0, 0)]
  1	  0	  0	           0	           0	           0	 0	[(0, 1)]
  2	  0	  0	           0	           0	           0	 0	[(0, 2)]
  3	  0	  0	           0	           0	           0	 0	[(0, 3)]
  4	  0	  0	           0	           0	           0	 0	[(0, 4)]
  5	  0	  0	           0	           0	           0	 0	[(0, 5)]
  6	  0	  0	           0	           0	           0	 0	[(0, 6)]
  7	  0	  0	           0	           0	           0	 0	[(0, 7)]
  8	  0	  0	           0	           0	           0	 0	[(0, 8)]
  9	  0	  0	           0	           0	           0	 0	[(0, 9)]
 10	  0	  0	           0	           0	           0	 0	[(0, 10)]
 11	  0	  0	           0	           0	           0	 0	[(0, 11)]
 12	  0	  0	           0	           0	           0	 0	[(0, 12)]
 13	  0	  3	           0	     3.88222	    0.319606	 1	[(0, 13)]
 14	  0	  6	           0	     2.24374	    0.395362	 1	[(0, 14)]
 15	  0	  8	           0	     4.41769	     5.66956	 0	[(0, 15)]
 16	  0	  9	           0	     4.31276	     6.16341	 0	[(0, 16)]
 17	  0	 10	           0	     4.28483	     6.68602	 0	[(0, 17)]
 18	  0	 12	           0	     4.23583	     8.16165	 0	[(0, 18)]
 19	  0	 13	           0	     4.68317	     7.55912	 0	[(0, 19)]
 20	  0	 14	           0	     4.73342	     7.77267	 0	[(0, 20)]
 21	  0	 15	           0	     4.75029	     7.74371	 0	[(0, 21)]
 22	  0	 16	           0	     4.74668	     7.56594	 0	[(0, 22)]
 23	  0	 16	           0	     4.74668	     7.56594	 0	[(0, 23)]
 24	  9	 15	           0	     5.36846	     11.2067	 0	[(9, 24)]
 25	  9	 16	           0	     5.62611	     11.5201	 0	[(9, 25)]
 26	  9	 16	           0	     5.62611	     11.5201	 0	[(9, 26)]
 27	  9	 16	           0	     5.62611	     11.5201	 0	[(9, 27)]
 28	  9	 17	           0	     5.46128	     11.6758	 0	[(9, 28)]
 29	  9	 17	           0	     5.46128	     11.6758	 0	[(9, 29)]
 30	  9	 17	           0	     5.46128	     11.6758	 0	[(9, 30)]
 31	  9	 17	           0	     5.46128	     11.6758	 0	[(9, 31)]
 32	  9	 17	           0	     5.46128	     11.6758	 0	[(9, 32)]
 33	  9	 17	           0	     5.46128	     11.6758	 0	[(9, 33)]
 34	 30	  3	           0	     3.90604	    0.290599	 1	[(30, 34)]
 35	 30	  5	           0	     2.37008	    0.267289	 1	[(30, 35)]
 36	 30	  7	           0	     5.08529	     5.68509	 0	[(30, 36)]
 37	 30	  8	           0	     4.93757	     6.10046	 0	[(30, 37)]
 38	 30	  9	           0	     4.92484	     6.54727	 0	[(30, 38)]
 39	 30	 10	           0	     5.49631	     6.79627	 0	[(30, 39)]
 40	 30	 10	           0	     5.49631	     6.79627	 0	[(30, 40)]
 41	 38	  2	           0	     3.73911	    0.251075	 1	[(38, 41)]
 42	 38	  4	           0	     2.26805	    0.260253	 1	[(38, 42)]
 43	 38	  6	   -0.146903	   -0.146903	    0.151516	 0	[(38, 43)]
 44	 38	  7	    -0.16015	    -0.16015	    0.165872	 0	[(38, 44)]
 45	 38	  8	    -0.16015	     5.60821	     5.91548	 0	[(38, 45)]
 46	 38	  9	    -0.16015	     5.35036	     6.23236	 0	[(38, 46)]
 47	 38	 10	    -0.16015	     5.33063	     6.63434	 0	[(38, 47)]
 48	 38	 11	    -0.16015	     5.28174	     7.08073	 0	[(38, 48)]
 49	 38	 12	    -0.16015	     5.22901	     7.58341	 0	[(38, 49)]
 50	 38	 13	    -0.16015	     5.19618	     8.19206	 0	[(38, 50)]
 51	 38	 14	    -0.16015	      5.6508	     8.23416	 0	[(38, 51)]
 52	 38	 14	    -0.16015	      5.6508	     8.23416	 0	[(38, 52)]
 53	 38	 15	    -0.16015	     5.35329	     8.58654	 0	[(38, 53)]
 54	 38	 15	    -0.16015	     5.35329	     8.58654	 0	[(38, 54)]
 55	 38	 16	    -0.16015	     5.19057	     8.73043	 0	[(38, 55)]
 56	 38	 16	    -0.16015	     5.19057	     8.73043	 0	[(38, 56)]
 57	 38	 17	    -0.16015	     5.04758	      8.8257	 0	[(38, 57)]
 58	  0	 56	    -0.16015	     2.23397	      51.624	 3	[(0, 58)]
 59	  0	 57	    -0.16015	     3.00156	     51.9343	 3	[(0, 59)]
 60	  0	 58	    -0.16015	     3.41321	     51.9691	 3	[(0, 60)]
 61	  0	 58	    -0.16015	     3.41321	     51.9691	 3	[(0, 61)]
 62	  0	 58	    -0.16015	     3.41321	     51.9691	 3	[(0, 62)]
 63	  0	 58	    -0.16015	     3.41321	     51.9691	 3	[(0, 63)]
 64	  0	 58	    -0.16015	     3.41321	     51.9691	 3	[(0, 64)]
 65	  0	 60	    -0.16015	     3.39181	     51.9668	 3	[(0, 65)]
 66	  0	 60	    -0.16015	     3.39181	     51.9668	 3	[(0, 66)]
 67	  0	 62	    -0.16015	     3.25146	     52.1275	 3	[(0, 67)]
 68	 64	  4	    -0.16015	     2.24882	    0.289293	 1	[(64, 68)]
 69	 38	 25	    -0.16015	     4.64157	     9.25386	 0	[(38, 69)]
 70	 64	  7	    -0.16015	     4.67476	     5.80069	 0	[(64, 70)]
 71	 64	  8	    -0.16015	      4.6676	     6.31821	 0	[(64, 71)]
 72	 64	  9	    -0.16015	     4.49278	     7.21936	 0	[(64, 72)]
 73	 64	 10	    -0.16015	     4.08535	     8.64429	 0	[(64, 73)]
 74	 64	 11	    -0.16015	     3.81592	     9.67217	 0	[(64, 74)]
 75	 64	 12	    -0.16015	     3.67117	     10.5876	 0	[(64, 75)]
 76	 64	 13	    -0.16015	     2.47408	     11.8172	 0	[(64, 76)]
 77	 64	 14	    -0.16015	     3.06534	     12.1279	 0	[(64, 77)]
 78	  0	 74	    -0.16015	     1.31189	      66.275	 4	[(0, 78)]
 79	  0	 75	    -1.86545	    -1.86545	     67.3499	 4	[(0, 79)]
 80	  0	 76	    -3.76868	    -3.76868	     68.3635	 4	[(0, 80)]
 81	  0	 77	    -7.39374	    -7.39374	     71.5918	 4	[(0, 81)]
 82	  0	 78	    -8.38827	    -8.38827	     72.8882	 4	[(0, 82)]
 83	  0	 80	    -8.72277	    -8.72277	     73.7329	 4	[(0, 83)]
 84	  0	 80	    -8.72277	    -8.72277	     73.7329	 4	[(0, 84)]
 85	  0	 80	    -8.72277	    -8.72277	     73.7329	 4	[(0, 85)]
 86	  0	 81	    -8.72277	    -4.90903	      74.091	 5	[(0, 86)]
 87	  0	 81	    -8.72277	    -4.90903	      74.091	 5	[(0, 87)]
 88	  0	 81	    -8.72277	    -4.90903	      74.091	 5	[(0, 88)]
 89	  0	 81	    -8.72277	    -4.90903	      74.091	 5	[(0, 89)]
 90	  0	 83	    -8.72277	   -0.615575	     74.3007	 6	[(0, 90)]
 91	  0	 85	    -8.72277	    -1.97501	     74.1681	 6	[(0, 91)]
 92	  0	 87	    -8.72277	   -0.511924	     80.1335	 5	[(0, 92)]
 93	  0	 88	    -8.72277	     -1.0848	     80.5696	 5	[(0, 93)]
 94	  0	 89	    -8.72277	     -2.3034	     82.0991	 5	[(0, 94)]
 95	  0	 90	    -8.72277	    -2.72324	     83.1564	 5	[(0, 95)]
 96	  0	 91	    -8.72277	    -3.14189	     84.1139	 5	[(0, 96)]
 97	  0	 92	    -8.72277	    -4.44127	     85.2646	 5	[(0, 97)]
 98	  0	 93	    -8.72277	    -5.12797	     86.2607	 5	[(0, 98)]
 99	  0	 94	    -8.72277	    -5.53905	     87.1966	 5	[(0, 99)]
100	  0	 95	    -8.72277	    -6.93351	     88.3057	 5	[(0, 100)]
101	  0	 96	    -8.72277	    -7.09011	     89.1345	 5	[(0, 101)]
102	  0	 97	    -8.72277	    -7.22582	     89.9225	 5	[(0, 102)]
103	  0	 98	    -10.1617	    -10.1617	     91.1836	 5	[(0, 103)]
104	  0	 99	    -12.3428	    -12.3428	     92.2198	 5	[(0, 104)]
105	  0	100	     -14.401	     -14.401	     93.2328	 5	[(0, 105)]
106	  0	101	    -16.4647	    -16.4647	     94.2426	 5	[(0, 106)]
107	  0	103	    -18.8448	    -18.8448	     95.3784	 5	[(0, 107)]
108	  0	104	    -20.4286	    -20.4286	      97.017	 5	[(0, 108)]
109	  0	104	    -20.4286	    -20.4286	      97.017	 5	[(0, 109)]
110	  0	106	    -20.4286	    -18.3141	     95.8778	 5	[(0, 110)]
111	  0	107	    -20.4286	    -18.3139	     95.8885	 5	[(0, 111)]
112	  0	109	    -20.4286	    -16.8841	     95.7369	 5	[(0, 112)]
113	  0	109	    -20.4286	    -16.8841	     95.7369	 5	[(0, 113)]
114	  0	109	    -20.4286	    -16.8841	     95.7369	 5	[(0, 114)]
115	  0	110	    -20.4286	    -17.0141	     95.8624	 5	[(0, 115)]
116	  0	110	    -20.4286	    -17.0141	     95.8624	 5	[(0, 116)]
117	  0	112	    -20.4286	    -17.1566	     96.0288	 5	[(0, 117)]
118	  0	113	    -20.4286	    -8.68602	     96.1319	 7	[(0, 118)]
119	  0	115	    -20.4286	    -10.9785	     95.9188	 6	[(0, 119)]
120	  0	116	    -20.4286	     -8.3544	     102.535	 6	[(0, 120)]
121	  0	117	    -20.4286	    -8.80197	     104.041	 6	[(0, 121)]
122	  0	118	    -20.4286	    -9.34778	     105.194	 6	[(0, 122)]
123	  0	119	    -20.4286	    -9.48032	      106.04	 6	[(0, 123)]
124	  0	120	    -20.4286	    -9.95712	      107.11	 6	[(0, 124)]
125	  0	121	    -20.4286	     -10.227	     108.063	 6	[(0, 125)]
126	  0	122	    -20.4286	    -10.6096	     108.998	 6	[(0, 126)]
127	  0	123	    -20.4286	    -10.1277	     109.211	 6	[(0, 127)]
128	  0	124	    -20.4286	     -9.9726	     108.729	 6	[(0, 128)]
129	  0	125	    -20.4286	    -11.2352	      109.76	 6	[(0, 129)]
130	  0	126	    -20.4286	    -12.2858	     111.152	 6	[(0, 130)]
131	  0	127	    -20.4286	     -13.957	     112.714	 6	[(0, 131)]
132	  0	127	    -20.4286	     -13.957	     112.714	 6	[(0, 132)]
133	  0	128	    -20.4286	    -14.3374	     113.046	 6	[(0, 133)]
134	  0	129	    -20.4286	    -10.2124	      112.99	 7	[(0, 134)]
135	  0	130	    -20.4286	     -9.8321	     112.935	 7	[(0, 135)]
136	  0	130	    -20.4286	     -9.8321	     112.935	 7	[(0, 136)]
137	  0	130	    -20.4286	     -9.8321	     112.935	 7	[(0, 137)]
138	  0	131	    -20.4286	    -5.43621	     113.089	 8	[(0, 138)]
139	  0	133	    -20.4286	    -7.25533	     113.091	 8	[(0, 139)]
140	  0	135	    -20.4286	    -4.87537	      118.85	 7	[(0, 140)]
141	  0	136	    -20.4286	    -4.88074	     119.636	 7	[(0, 141)]
142	  0	137	    -20.4286	    -5.60959	     119.785	 7	[(0, 142)]
143	  0	138	    -20.4286	    -5.07882	     119.979	 7	[(0, 143)]
144	  0	139	    -20.4286	    -4.75239	     119.803	 7	[(0, 144)]
145	  0	141	    -20.4286	  -0.0960634	     119.591	 8	[(0, 145)]
146	  0	141	    -20.4286	  -0.0960634	     119.591	 8	[(0, 146)]
147	  0	141	    -20.4286	  -0.0960634	     119.591	 8	[(0, 147)]
148	145	  2	    -20.4286	     3.71224	    0.305615	 1	[(145, 148)]
149	145	  4	    -20.4286	     2.24682	     0.29287	 1	[(145, 149)]
150	  0	146	    -20.4286	      3.8024	     129.578	 8	[(0, 150)]
151	  0	147	    -20.4286	     3.96662	     128.112	 8	[(0, 151)]
152	  0	148	    -20.4286	     3.38811	     128.375	 8	[(0, 152)]
153	  0	149	    -20.4286	     3.59977	      127.53	 8	[(0, 153)]
154	  0	150	    -20.4286	     3.38413	     128.598	 8	[(0, 154)]
155	  0	151	    -20.4286	     2.85446	     129.753	 8	[(0, 155)]
156	  0	152	    -20.4286	     3.29921	     130.091	 8	[(0, 156)]
157	  0	153	    -20.4286	     3.60005	     129.846	 8	[(0, 157)]
158	  0	154	    -20.4286	      3.6654	     129.567	 8	[(0, 158)]
159	  0	155	    -20.4286	      3.5096	     131.793	 8	[(0, 159)]
160	  0	156	    -20.4286	    0.622903	     133.927	 8	[(0, 160)]
161	  0	157	    -20.4286	    -1.26894	     135.206	 8	[(0, 161)]
162	  0	158	    -20.4286	     -3.1153	     137.544	 8	[(0, 162)]
163	  0	159	    -20.4286	    -4.25879	     140.243	 8	[(0, 163)]
164	  0	160	    -20.4286	    -6.25709	     142.263	 8	[(0, 164)]
165	  0	161	    -20.4286	    -6.44786	     143.228	 8	[(0, 165)]
166	  0	162	    -20.4286	    -5.81046	     143.355	 8	[(0, 166)]
167	  0	163	    -20.4286	    -5.52549	     143.104	 8	[(0, 167)]
168	  0	163	    -20.4286	    -5.52549	     143.104	 8	[(0, 168)]
169	  0	163	    -20.4286	    -5.52549	     143.104	 8	[(0, 169)]
170	  0	163	    -20.4286	    -5.52549	     143.104	 8	[(0, 170)]
171	  0	165	    -20.4286	    0.482259	     143.203	 9	[(0, 171)]
172	  0	167	    -20.4286	    0.565236	     143.166	 9	[(0, 172)]
173	  0	167	    -20.4286	    0.565236	     143.166	 9	[(0, 173)]
174	  0	168	    -20.4286	     2.68037	     143.359	10	[(0, 174)]
175	171	167	    -20.4286	    -3.27933	     143.398	 9	[(0, 170), (171, 175)]
176	  1	171	    -20.4286	     2.92077	      149.15	 9	[(1, 176)]
177	  1	172	    -20.4286	     3.44045	     149.737	 9	[(1, 177)]
178	  1	173	    -20.4286	     3.17953	     150.128	 9	[(1, 178)]
179	  1	174	    -20.4286	     3.47368	     149.923	 9	[(1, 179)]
180	  1	175	    -20.4286	     2.52676	     150.896	 9	[(1, 180)]
181	  0	177	    -20.4286	     -1.6653	     153.853	 9	[(0, 181)]
182	  0	178	    -20.4286	    -6.63093	     155.061	 9	[(0, 182)]
183	  0	179	    -20.4286	    -11.2179	     156.123	 9	[(0, 183)]
184	  0	180	    -20.4286	    -14.4742	     157.158	 9	[(0, 184)]
185	  0	181	    -20.4286	    -16.4691	     158.434	 9	[(0, 185)]
186	  0	182	    -20.4286	    -15.7523	     158.778	 9	[(0, 186)]
187	  0	182	    -20.4286	    -15.7523	     158.778	 9	[(0, 187)]
188	  0	183	    -20.4286	    -13.5375	     159.043	10	[(0, 188)]
189	  0	184	    -20.4286	    -13.4679	     159.678	10	[(0, 189)]
190	  0	186	    -20.4286	    -14.4286	     163.019	 9	[(0, 190)]
191	  0	187	    -20.4286	    -14.1278	     164.142	 9	[(0, 191)]
192	  0	188	    -20.4286	     -13.594	      163.88	 9	[(0, 192)]
193	  0	188	    -20.4286	     -13.594	      163.88	 9	[(0, 193)]
194	  0	188	    -20.4286	     -13.594	      163.88	 9	[(0, 194)]
195	  0	189	    -20.4286	    -9.50594	     164.221	10	[(0, 195)]
196	  0	190	    -20.4286	    -9.24433	     164.197	10	[(0, 196)]
197	  0	192	    -20.4286	    -13.7871	     164.036	 9	[(0, 197)]
198	  0	193	    -20.4286	    -10.7798	     165.014	10	[(0, 198)]
199	  0	194	    -20.4286	    -10.2872	      170.75	10	[(0, 199)]
200	  0	195	    -20.4286	    -10.7851	     172.406	10	[(0, 200)]
201	  0	196	    -20.4286	    -11.2091	      173.42	10	[(0, 201)]
202	  0	197	    -20.4286	    -12.1034	     174.719	10	[(0, 202)]
203	  0	198	    -20.4286	    -12.8749	     175.784	10	[(0, 203)]
204	  0	199	    -20.4286	    -12.9403	     176.606	10	[(0, 204)]
205	  0	200	    -20.4286	    -13.5081	     177.797	10	[(0, 205)]
206	  0	201	    -20.4286	    -15.0609	     179.034	10	[(0, 206)]
207	  0	202	    -20.4286	    -15.3924	     179.977	10	[(0, 207)]
208	  0	203	    -20.4286	    -16.1704	     181.017	10	[(0, 208)]
209	  0	204	    -20.4286	    -15.8244	     181.812	10	[(0, 209)]
210	  0	204	    -20.4286	    -15.8244	     181.812	10	[(0, 210)]
211	  0	204	    -20.4286	    -15.8244	     181.812	10	[(0, 211)]
