nresidues = 418
1 7 0.25
2 52 0.0625
3 6 1.1875
3 7 0.625
3 22 0.125
3 48 0.125
3 52 0.75
4 7 1.125
4 8 0.0625
4 52 0.4375
5 8 0.1875
5 52 0.5625
5 55 0.0625
5 56 0.1875
6 9 1.25
6 18 0.1875
6 48 0.125
6 51 0.3125
6 52 0.3125
6 55 0.25
7 10 1.3125
7 22 0.1875
8 11 0.5
9 16 0.25
9 17 0.0625
9 18 0.0625
9 55 0.125
10 16 0.0625
10 18 0.125
10 19 0.0625
10 22 0.3125
16 19 0.742188
16 20 0.0390625
17 20 0.78125
17 21 0.15625
17 51 0.0625
17 55 0.0625
18 21 0.78125
18 22 0.117188
19 22 0.78125
19 23 0.117188
20 23 0.742188
20 24 0.15625
21 24 0.820312
21 25 0.078125
21 44 0.0625
21 47 0.0625
21 48 0.125
22 25 0.78125
22 26 0.273438
23 26 0.78125
23 27 0.195312
24 27 0.742188
24 28 0.15625
24 44 0.1875
24 124 0.0625
24 125 0.25
24 126 0.1875
25 28 0.664062
25 29 0.273438
25 44 0.125
25 45 0.125
26 29 0.78125
26 30 0.078125
27 30 0.820312
27 31 0.078125
28 31 0.78125
28 32 0.078125
28 38 0.0625
28 40 0.0625
28 41 1.1875
28 120 0.125
28 123 0.0625
28 124 0.1875
29 32 0.703125
29 33 0.078125
29 41 0.0625
29 45 0.5
30 33 0.78125
30 34 0.429688
31 34 0.78125
31 35 0.664062
31 36 0.15625
32 35 0.0390625
32 41 0.0625
37 121 0.3125
38 41 0.125
38 120 0.0625
38 121 1.25
39 121 0.1875
39 122 0.25
39 145 0.25
40 43 0.125
40 94 0.0625
40 123 0.0625
40 140 0.125
40 141 0.1875
40 145 0.0625
42 45 0.78125
42 46 0.0390625
42 90 0.0625
43 46 0.742188
43 47 0.078125
43 91 0.0625
43 94 0.125
44 47 0.78125
44 48 0.078125
44 124 0.0625
45 48 0.78125
45 49 0.15625
46 49 0.78125
46 50 0.078125
46 88 0.125
46 90 0.0625
46 91 0.25
47 50 0.78125
47 51 0.078125
47 62 0.0625
47 94 0.0625
48 51 0.78125
48 52 0.078125
49 52 0.742188
49 53 0.117188
49 88 0.125
49 90 0.1875
50 53 0.820312
50 54 0.117188
50 61 0.4375
50 62 0.5
50 82 0.25
50 84 0.0625
50 88 0.125
50 91 0.0625
51 54 0.859375
51 55 0.234375
52 55 0.78125
52 56 0.078125
53 56 0.820312
53 57 0.234375
53 61 0.078125
54 57 0.78125
54 58 0.742188
54 59 0.15625
54 60 0.0390625
54 61 0.0390625
55 58 0.0390625
57 61 0.25
61 82 1.3125
61 83 1
61 84 0.4375
62 80 0.1875
62 81 1.4375
62 82 0.25
62 91 0.0625
62 94 0.25
63 80 0.125
63 81 0.1875
63 82 0.125
63 83 0.0625
64 80 0.0625
65 79 0.0625
65 81 0.1875
66 79 0.0625
66 81 0.0625
68 77 0.1875
68 78 0.0625
68 79 0.0625
68 143 0.0625
68 146 0.125
69 73 0.125
70 73 0.3125
70 146 0.0625
70 147 0.3125
70 150 0.0625
71 147 0.3125
72 205 0.1875
73 150 0.25
73 161 0.3125
73 162 0.125
73 204 2.625
73 205 0.125
74 204 1.1875
74 206 0.375
75 163 1.0625
75 164 0.0625
75 165 0.3125
76 97 1.1875
76 98 0.25
76 162 0.1875
76 163 0.0625
76 165 0.1875
77 96 1.3125
77 146 0.125
78 95 1.25
78 96 0.1875
78 98 0.25
78 165 0.125
79 95 0.375
80 93 1.1875
80 94 0.25
80 95 0.125
81 91 1.0625
81 92 1.375
81 93 0.25
81 95 0.3125
81 143 0.0625
82 91 0.25
84 87 1.3125
84 88 0.3125
85 88 1.3125
85 89 0.1875
88 91 1.1875
89 92 0.125
91 94 0.1875
93 141 1.25
93 142 0.3125
93 143 0.125
94 124 0.1875
94 139 0.125
94 140 0.5625
94 141 1.25
95 138 0.0625
95 139 1.0625
95 140 1.25
95 141 0.25
95 142 0.1875
95 143 0.25
96 137 0.125
96 138 1.25
96 139 0.0625
97 136 0.0625
97 137 1.1875
97 138 0.25
97 146 0.1875
97 149 0.0625
98 135 0.125
98 136 1.1875
98 137 0.0625
98 162 1.375
98 163 0.0625
98 164 0.125
98 165 0.125
98 170 0.0625
99 135 1.4375
99 136 0.5
99 138 0.125
99 153 0.0625
99 160 0.0625
99 161 1.25
99 162 0.1875
99 163 0.0625
100 135 0.0625
100 160 0.0625
100 161 0.125
100 171 0.1875
100 196 0.0625
101 105 0.117188
101 107 0.0390625
101 134 0.6875
101 135 0.125
101 171 0.1875
101 172 0.0625
101 173 0.125
102 105 0.0390625
102 106 0.078125
102 107 0.15625
103 106 0.0390625
103 189 0.4375
103 192 0.1875
103 193 0.125
104 174 0.0625
104 189 0.0625
105 130 0.625
105 134 0.25
105 174 0.0625
105 224 0.0625
106 179 0.0625
106 189 0.0625
107 112 0.273438
107 130 0.375
107 136 0.125
108 111 0.820312
108 112 0.0390625
108 158 0.0625
109 112 0.820312
109 113 0.234375
110 113 0.78125
110 157 0.3125
110 158 0.1875
111 114 0.742188
111 115 0.0390625
111 158 0.1875
111 160 0.0625
112 115 0.78125
112 116 0.117188
112 129 0.125
113 116 0.78125
113 117 0.195312
114 117 0.78125
114 118 0.117188
114 156 0.25
115 118 0.78125
115 119 0.078125
115 136 0.0625
115 138 0.0625
115 160 0.625
116 119 0.703125
116 120 0.078125
117 120 0.703125
117 121 0.0390625
118 121 0.78125
118 122 0.15625
118 149 0.125
118 152 0.125
118 153 0.0625
118 156 0.125
119 122 0.742188
119 123 0.3125
119 124 0.078125
119 125 0.234375
119 126 0.15625
119 127 0.0390625
119 138 1.5625
119 139 0.25
119 140 0.25
119 141 0.1875
120 123 0.0390625
121 152 0.125
122 141 0.1875
122 145 0.4375
122 148 0.3125
122 149 0.375
122 152 0.3125
123 140 1.1875
123 141 0.0625
124 139 0.1875
124 140 0.1875
126 138 1.0625
126 139 0.25
127 137 1.4375
128 136 1.1875
128 137 0.375
129 136 0.0625
130 134 0.25
130 135 1.5
130 136 0.1875
130 137 0.0625
131 134 1.1875
131 135 0.0625
131 137 0.0625
132 229 0.1875
133 171 0.0625
133 173 0.125
133 215 0.1875
135 163 0.0625
135 171 0.4375
136 160 0.0625
141 145 0.1875
141 146 0.0625
142 145 1.3125
142 146 0.0625
143 146 0.1875
144 148 0.078125
145 148 0.820312
145 149 0.078125
146 149 0.78125
146 150 0.078125
147 150 0.78125
147 151 0.234375
148 151 0.78125
148 152 0.195312
149 152 0.78125
149 153 0.117188
150 153 0.78125
150 154 0.0390625
150 161 0.125
150 162 0.1875
151 154 0.742188
151 155 0.117188
152 155 0.78125
152 156 0.0390625
153 156 0.117188
153 159 1.25
153 160 0.1875
154 159 0.0625
156 159 0.125
161 200 0.0625
161 204 0.375
162 203 0.0625
162 204 0.125
163 171 0.1875
163 203 0.1875
164 168 0.3125
164 170 0.25
165 168 0.4375
165 170 0.4375
165 206 0.0625
166 170 0.3125
166 206 0.0625
166 211 0.125
167 206 1.375
167 207 1.0625
167 208 0.25
167 209 0.1875
167 210 1.75
168 202 1.3125
168 203 0.3125
168 206 0.125
168 208 0.3125
168 211 1.1875
168 212 0.125
169 199 0.0625
169 203 0.25
169 208 0.125
169 212 1.25
169 214 0.125
169 348 0.0625
170 203 0.0625
170 211 0.375
170 212 0.1875
170 213 0.25
171 203 0.0625
172 192 0.1875
172 196 0.125
172 214 1.25
173 192 0.125
173 215 1.4375
173 216 0.1875
174 188 0.1875
174 192 0.0625
174 216 1.25
174 224 0.1875
175 188 0.3125
175 189 0.0625
175 217 0.0625
175 224 0.0625
176 179 0.078125
176 180 0.0390625
176 181 0.0390625
176 188 0.0625
176 189 0.25
177 180 0.742188
177 181 0.117188
177 184 0.1875
177 188 0.0625
178 181 0.0390625
178 184 0.125
178 186 0.0625
178 187 0.25
179 189 0.0625
181 184 0.0625
182 296 0.0625
183 219 0.125
183 221 0.0625
183 289 0.1875
183 292 0.1875
183 293 0.1875
183 301 0.0625
184 218 1.25
184 305 0.0625
185 218 0.1875
185 236 0.1875
185 237 0.125
185 301 0.0625
185 305 0.1875
186 191 0.0390625
186 216 0.25
186 217 0.25
186 234 0.375
186 235 0.0625
186 236 0.125
186 306 0.0625
186 333 0.3125
187 190 0.9375
187 191 0.078125
188 191 0.78125
188 192 0.078125
188 216 0.0625
188 217 0.125
188 218 0.0625
189 192 0.78125
189 193 0.078125
190 193 0.78125
190 194 0.078125
190 335 0.125
190 337 0.25
191 194 0.78125
191 195 0.3125
191 216 0.0625
191 234 0.0625
191 337 0.375
192 195 0.78125
192 196 0.15625
193 196 0.78125
193 197 0.390625
194 197 0.820312
194 198 0.195312
194 335 0.25
194 337 0.375
194 341 0.25
195 198 0.78125
195 199 0.15625
195 214 0.0625
196 199 0.703125
196 200 0.234375
197 200 0.078125
198 341 0.25
199 202 1.625
199 203 0.125
199 341 0.3125
199 345 0.3125
199 348 0.5
200 203 1.25
200 204 0.5625
201 204 1.0625
201 205 0.5625
202 208 0.25
207 352 0.0625
208 212 0.0625
208 348 0.625
208 351 0.3125
208 352 0.125
209 351 0.4375
209 352 0.0625
209 356 0.0625
209 357 1.1875
209 358 0.0625
210 351 0.25
210 358 1
210 359 0.0625
210 360 0.3125
211 351 0.125
211 360 0.375
212 231 0.3125
212 232 0.1875
212 344 0.0625
212 348 0.375
212 361 0.0625
213 229 0.0625
213 230 1.4375
213 231 1.4375
213 232 0.1875
214 230 0.1875
214 232 1.25
214 234 0.0625
215 224 0.0625
215 226 0.1875
215 229 0.25
215 230 0.1875
215 232 0.0625
215 233 1.1875
215 234 0.1875
216 224 0.125
216 234 1.1875
217 222 0.125
217 234 0.3125
217 235 1.25
217 236 0.0625
218 235 1.1875
218 236 0.25
219 222 0.0625
219 235 0.1875
219 236 1.25
219 289 0.0625
220 235 0.0625
220 236 0.125
220 287 0.125
220 289 0.1875
221 289 0.125
221 293 0.5
222 225 0.5625
222 226 0.5
222 227 0.4375
225 228 1.0625
225 229 0.25
226 229 1.125
226 230 0.5
226 233 0.3125
226 235 0.125
227 233 0.0625
227 235 0.0625
227 310 0.125
227 313 0.0625
227 322 0.0625
227 323 1.3125
227 324 0.0625
228 313 1.0625
228 322 0.0625
230 233 0.125
230 312 1.0625
230 313 1.3125
231 310 0.0625
231 311 1.3125
231 312 0.125
231 313 0.1875
231 360 0.5
231 361 0.125
232 309 0.1875
232 310 1.1875
232 343 0.125
232 344 0.375
232 347 0.0625
233 308 0.0625
233 309 1.25
233 310 0.25
234 307 0.125
234 308 1.1875
235 307 1.3125
235 308 0.25
235 310 0.0625
236 306 1.25
237 287 0.125
237 305 1.25
237 306 0.25
237 308 0.0625
237 330 0.0625
238 242 0.0625
238 287 0.6875
238 289 0.125
238 292 0.0625
238 301 0.375
238 302 0.125
238 304 1.3125
239 304 0.1875
239 330 0.3125
240 302 0.5625
240 303 0.5
240 304 0.3125
241 282 0.9375
241 301 1.0625
241 302 0.125
242 280 0.1875
242 282 0.125
242 285 0.0625
242 299 0.0625
242 300 1.375
243 298 0.0625
243 299 1.25
243 300 0.4375
243 301 0.125
243 303 0.1875
243 305 0.0625
244 280 0.0625
244 298 1.25
244 299 0.125
245 248 0.898438
245 249 0.078125
245 298 0.1875
246 249 0.742188
246 250 0.117188
246 277 1
246 278 0.0625
247 250 0.703125
247 251 0.0390625
248 251 0.78125
248 252 0.15625
248 297 0.0625
248 298 0.1875
249 252 0.820312
249 253 0.078125
249 258 0.0625
249 273 0.1875
249 298 0.0625
250 253 0.820312
250 254 0.0390625
250 276 0.125
250 277 0.0625
251 254 0.15625
251 255 0.078125
252 255 0.9375
252 256 0.15625
252 258 0.0625
252 295 1
252 296 0.25
252 297 0.25
252 298 0.125
253 256 0.0390625
253 258 0.0625
253 273 0.0625
256 261 0.0390625
256 294 0.125
257 260 0.976562
257 261 0.117188
258 261 0.742188
258 262 0.859375
258 263 0.0390625
258 295 0.0625
259 262 0.703125
259 263 1.01562
259 264 0.3125
260 264 0.078125
260 265 0.078125
261 265 0.117188
261 290 0.25
261 294 0.5
262 265 0.78125
262 271 0.0625
262 294 0.125
263 266 0.0390625
263 271 0.0625
263 273 0.0625
265 290 0.1875
266 269 0.125
266 271 0.125
267 288 0.1875
268 284 0.25
268 286 0.0625
269 272 0.0625
270 279 0.0625
270 280 1.3125
270 281 0.1875
270 284 0.1875
270 285 0.0625
271 279 1.25
271 280 0.0625
271 291 0.0625
272 278 1.3125
272 279 0.125
273 276 0.3125
273 277 1.5
273 278 0.25
274 277 0.25
278 299 0.0625
281 284 1.4375
282 285 0.125
289 292 0.820312
289 293 0.273438
290 293 0.78125
290 294 0.117188
291 294 0.820312
291 295 0.078125
291 299 0.25
292 295 0.78125
292 296 0.078125
292 299 0.125
292 300 0.0625
293 296 0.0390625
295 298 1.25
295 299 0.1875
296 299 0.0625
301 305 0.125
302 305 0.375
304 330 0.0625
305 330 0.3125
306 330 0.125
306 331 1.1875
307 329 0.0625
307 330 1.25
307 331 0.25
307 333 0.0625
308 328 1.3125
308 329 0.25
309 325 0.0625
309 326 1.1875
309 327 1.25
309 328 0.1875
309 331 0.0625
310 324 0.25
310 325 1.5
310 326 0.125
311 324 1.3125
311 325 0.5625
311 327 0.125
311 365 0.0625
311 373 0.0625
312 322 0.1875
312 323 0.0625
312 324 0.0625
312 362 0.0625
313 322 1.4375
313 323 0.0625
313 360 0.0625
314 317 0.1875
314 320 0.125
314 321 1.25
314 322 0.3125
314 360 0.375
314 363 0.25
315 320 0.0625
315 321 0.25
316 319 1.1875
316 320 1.5
316 321 0.1875
317 363 0.1875
318 363 0.25
319 363 0.1875
319 366 0.1875
322 325 0.125
322 366 0.125
325 362 0.0625
325 365 0.0625
325 366 0.1875
325 370 0.125
326 329 0.0625
326 384 0.1875
326 385 0.1875
327 373 0.0625
327 385 0.0625
331 339 0.25
331 340 0.0625
332 339 0.25
332 340 0.0625
333 337 0.1875
334 337 0.4375
336 341 0.117188
337 340 0.78125
337 341 0.15625
338 341 0.820312
338 342 0.195312
339 342 0.742188
339 343 0.117188
339 379 0.25
340 343 0.78125
340 344 0.195312
341 344 0.78125
341 345 0.234375
342 345 0.742188
342 346 0.078125
343 346 0.78125
343 347 0.195312
343 379 0.125
344 347 0.78125
344 348 0.3125
345 348 0.703125
345 349 0.195312
346 349 0.742188
346 350 0.078125
346 376 0.1875
347 350 0.78125
347 351 0.078125
347 361 0.125
347 373 0.125
347 377 0.125
348 351 0.78125
348 352 0.078125
349 352 0.78125
349 353 0.078125
350 353 0.78125
350 354 0.195312
350 361 0.0625
350 364 0.3125
350 368 0.125
350 372 0.375
350 373 0.0625
350 376 0.4375
351 354 0.742188
351 355 0.0390625
351 359 0.25
351 360 0.125
351 364 0.1875
354 367 0.125
354 368 0.125
355 359 0.3125
355 367 0.0625
356 359 0.3125
356 367 0.0625
358 363 0.0390625
359 363 0.351562
359 364 0.15625
359 367 0.5625
360 363 0.898438
360 364 0.078125
361 364 0.78125
361 365 0.195312
362 365 0.78125
362 366 0.195312
363 366 0.78125
363 367 0.078125
364 367 0.898438
364 368 0.15625
365 368 0.742188
365 369 0.117188
365 370 0.0390625
365 373 0.3125
368 372 0.273438
369 372 0.703125
369 373 0.0390625
370 373 0.78125
370 374 0.15625
371 374 0.78125
371 375 0.351562
371 398 0.1875
372 375 0.78125
372 376 0.117188
373 376 0.78125
373 377 0.078125
374 377 0.78125
374 378 0.742188
374 379 0.117188
374 380 0.0390625
374 381 0.078125
374 385 0.125
375 378 0.0390625
380 385 0.0625
381 385 0.125
382 385 0.3125
383 386 0.25
390 393 0.0625
390 394 0.375
390 395 0.3125
397 401 0.375
398 401 1.3125
399 402 0.1875
399 417 0.4375
403 408 0.0390625
404 408 0.117188
405 408 1.05469
405 409 0.117188
406 409 0.78125
406 410 0.117188
407 410 0.78125
407 411 0.15625
408 411 0.78125
408 412 0.117188
409 412 0.898438
409 413 0.078125
410 413 0.820312
410 414 0.234375
411 414 0.78125
411 415 0.742188
411 416 0.234375
411 417 0.15625
412 415 0.0390625
412 417 0.195312
