L	Ls	nvertices	F_L	F_L_constrained	rho_sum	nloops	regions
 33	  0	  0	           0	           0	           0	 0	[(0, 33)]
 34	  0	  0	           0	           0	           0	 0	[(0, 34)]
 35	  0	  0	           0	           0	           0	 0	[(0, 35)]
 36	  0	  0	           0	           0	           0	 0	[(0, 36)]
 37	  0	  0	           0	           0	           0	 0	[(0, 37)]
 38	  0	  0	           0	           0	           0	 0	[(0, 38)]
 39	  0	  0	           0	           0	           0	 0	[(0, 39)]
 40	  0	  0	           0	           0	           0	 0	[(0, 40)]
 41	  0	  0	           0	           0	           0	 0	[(0, 41)]
 42	  0	  0	           0	           0	           0	 0	[(0, 42)]
 43	  0	  0	           0	           0	           0	 0	[(0, 43)]
 44	  0	  0	           0	           0	           0	 0	[(0, 44)]
 45	  0	  0	           0	           0	           0	 0	[(0, 45)]
 46	  0	  0	           0	           0	           0	 0	[(0, 46)]
 47	  0	  2	   -0.258123	   -0.258123	    0.246027	 0	[(0, 47)]
 48	  0	  4	   -0.258123	   -0.249436	    0.255766	 0	[(0, 48)]
 49	  0	  6	   -0.364468	   -0.364468	    0.364068	 0	[(0, 49)]
 50	  0	  7	   -0.373283	   -0.373283	    0.372354	 0	[(0, 50)]
 51	  0	 11	   -0.373283	     6.28739	    0.516926	 1	[(0, 51)]
 52	  0	 13	   -0.373283	     6.35424	    0.533697	 1	[(0, 52)]
 53	  0	 15	   -0.373283	     9.81202	      5.9086	 1	[(0, 53)]
 54	  0	 17	   -0.373283	     10.2153	     8.17458	 1	[(0, 54)]
 55	  0	 18	   -0.373283	     10.4043	     9.80359	 1	[(0, 55)]
 56	  0	 19	   -0.373283	      10.818	     10.4214	 1	[(0, 56)]
 57	  0	 19	   -0.373283	      10.818	     10.4214	 1	[(0, 57)]
 58	  0	 20	   -0.373283	     10.6595	     10.5875	 1	[(0, 58)]
 59	  0	 20	   -0.373283	     10.6595	     10.5875	 1	[(0, 59)]
 60	  0	 20	   -0.373283	     10.6595	     10.5875	 1	[(0, 60)]
 61	  0	 20	   -0.373283	     10.6595	     10.5875	 1	[(0, 61)]
 62	  0	 23	   -0.373283	     11.0941	     8.51705	 1	[(0, 62)]
 63	  0	 23	   -0.373283	     11.0941	     8.51705	 1	[(0, 63)]
 64	  0	 24	   -0.373283	     10.9506	     8.65137	 1	[(0, 64)]
 65	  0	 24	   -0.373283	     10.9506	     8.65137	 1	[(0, 65)]
 66	  0	 25	   -0.373283	     10.8056	     8.77371	 1	[(0, 66)]
 67	  0	 25	   -0.373283	     10.8056	     8.77371	 1	[(0, 67)]
 68	  0	 25	   -0.373283	     10.8056	     8.77371	 1	[(0, 68)]
 69	  0	 25	   -0.373283	     10.8056	     8.77371	 1	[(0, 69)]
 70	  0	 25	   -0.373283	     10.8056	     8.77371	 1	[(0, 70)]
 71	  0	 25	   -0.373283	     10.8056	     8.77371	 1	[(0, 71)]
 72	  0	 25	   -0.373283	     10.8056	     8.77371	 1	[(0, 72)]
 73	 63	  3	   -0.373283	     3.95067	    0.256443	 1	[(63, 73)]
 74	 63	  5	   -0.373283	     4.31072	    0.266815	 1	[(63, 74)]
 75	 63	  7	   -0.373283	     7.58601	     4.93202	 1	[(63, 75)]
 76	 63	  8	   -0.373283	     7.15799	     5.68921	 1	[(63, 76)]
 77	 63	 11	   -0.373283	     8.27364	     8.25763	 1	[(63, 77)]
 78	 63	 12	   -0.373283	     6.52433	     9.72784	 1	[(63, 78)]
 79	 63	 13	   -0.373283	     5.87296	     11.1716	 1	[(63, 79)]
 80	 63	 15	   -0.373283	     6.28882	     13.0566	 1	[(63, 80)]
 81	 63	 17	   -0.373283	     6.59058	     14.9908	 1	[(63, 81)]
 82	 63	 18	   -0.373283	     7.34036	     15.2086	 1	[(63, 82)]
 83	 63	 18	   -0.373283	     7.34036	     15.2086	 1	[(63, 83)]
 84	 77	  4	   -0.373283	     8.13279	    0.389168	 2	[(77, 84)]
 85	 63	 20	   -0.373283	     8.23132	     16.8901	 2	[(63, 85)]
 86	 63	 21	   -0.373283	     7.48728	      17.911	 2	[(63, 86)]
 87	 77	 10	   -0.373283	     5.32044	     5.82496	 1	[(77, 87)]
 88	 63	 23	   -0.373283	     5.36413	     19.9751	 2	[(63, 88)]
 89	 63	 24	   -0.373283	     5.52522	     20.6175	 2	[(63, 89)]
 90	 63	 24	   -0.373283	     5.52522	     20.6175	 2	[(63, 90)]
 91	 63	 25	   -0.373283	     5.36326	      20.774	 2	[(63, 91)]
 92	 63	 26	   -0.373283	     5.37369	     20.7778	 2	[(63, 92)]
 93	 63	 26	   -0.373283	     5.37369	     20.7778	 2	[(63, 93)]
 94	 63	 27	   -0.373283	     4.89069	     21.2079	 2	[(63, 94)]
 95	 63	 28	   -0.373283	     4.93885	     21.2733	 2	[(63, 95)]
 96	 63	 29	   -0.373283	     4.61358	     21.6813	 2	[(63, 96)]
 97	 63	 29	   -0.373283	     4.61358	     21.6813	 2	[(63, 97)]
 98	 63	 30	   -0.373283	     4.42348	     21.8547	 2	[(63, 98)]
 99	 63	 30	   -0.373283	     4.42348	     21.8547	 2	[(63, 99)]
100	 63	 30	   -0.373283	     4.42348	     21.8547	 2	[(63, 100)]
101	 63	 30	   -0.373283	     4.42348	     21.8547	 2	[(63, 101)]
102	 63	 32	   -0.373283	     4.31874	     21.9813	 2	[(63, 102)]
103	 63	 32	   -0.373283	     4.31874	     21.9813	 2	[(63, 103)]
104	 93	  5	   -0.373283	     4.76835	    0.504888	 1	[(93, 104)]
105	 93	  7	   -0.373283	      5.6995	     4.13337	 1	[(93, 105)]
106	 93	 10	   -0.373283	     6.18269	     7.00913	 1	[(93, 106)]
107	 93	 11	   -0.373283	     6.19136	     8.55934	 1	[(93, 107)]
108	 93	 14	   -0.373283	     6.88206	     10.8279	 1	[(93, 108)]
109	 93	 15	   -0.373283	     6.36572	     12.6388	 1	[(93, 109)]
110	 93	 16	   -0.373283	     6.16586	     13.5057	 1	[(93, 110)]
111	 93	 17	   -0.373283	     6.77001	     13.6813	 1	[(93, 111)]
112	 43	 62	   -0.373283	     5.19222	     49.6471	 5	[(43, 112)]
113	 43	 63	   -0.373283	     4.38846	     50.9824	 5	[(43, 113)]
114	 43	 64	   -0.373283	     5.09393	     51.2591	 5	[(43, 114)]
115	 43	 65	   -0.373283	     5.42243	     51.1602	 5	[(43, 115)]
116	 43	 66	   -0.373283	      4.6327	     52.2097	 5	[(43, 116)]
117	 43	 67	   -0.373283	     4.97822	      51.923	 5	[(43, 117)]
118	 43	 67	   -0.373283	     4.97822	      51.923	 5	[(43, 118)]
119	 93	 22	   -0.373283	     6.66204	     13.9298	 1	[(93, 119)]
120	 43	 69	   -0.373283	     5.07728	     54.5945	 6	[(43, 120)]
121	 43	 70	   -0.373283	     3.42473	      55.605	 6	[(43, 121)]
122	  0	 79	   -0.373283	     1.55644	     62.9582	 7	[(0, 122)]
123	  0	 80	   -0.373283	   -0.230463	     63.9808	 7	[(0, 123)]
124	  0	 81	    -1.27769	    -1.27769	     65.1118	 7	[(0, 124)]
125	  0	 82	    -2.46541	    -2.46541	     67.1732	 7	[(0, 125)]
126	  0	 84	    -2.46541	    -2.21485	     69.1747	 7	[(0, 126)]
127	  0	 85	    -2.46541	    -1.66603	      69.619	 7	[(0, 127)]
128	  0	 86	    -2.46541	    -1.29256	     69.7239	 7	[(0, 128)]
129	  0	 86	    -2.46541	    -1.29256	     69.7239	 7	[(0, 129)]
130	  0	 86	    -2.46541	    -1.29256	     69.7239	 7	[(0, 130)]
131	  0	 87	    -2.46541	     2.01993	     69.9967	 9	[(0, 131)]
132	  0	 88	    -2.46541	     2.26438	     69.9911	 9	[(0, 132)]
133	  0	 89	    -2.46541	     2.20751	     70.5127	 9	[(0, 133)]
134	  0	 90	    -2.46541	    0.857089	     71.7882	 9	[(0, 134)]
135	  0	 91	    -2.46541	   -0.281226	     72.9385	 9	[(0, 135)]
136	  0	 92	    -2.46541	    -1.10024	     73.9156	 9	[(0, 136)]
137	  0	 93	    -2.46541	     -0.4647	     74.1854	 9	[(0, 137)]
138	  0	 94	    -2.46541	    -1.02667	     75.0761	 9	[(0, 138)]
139	  0	 97	    -6.12506	    -6.12506	     77.7351	 9	[(0, 139)]
140	  0	 99	     -10.549	     -10.549	     82.0076	 8	[(0, 140)]
141	  0	100	    -15.5127	    -15.5127	     84.3757	 8	[(0, 141)]
142	  0	102	    -17.2825	    -17.2825	     86.8629	 7	[(0, 142)]
143	  0	103	     -19.627	     -19.627	     89.0393	 7	[(0, 143)]
144	  0	104	       -21.6	       -21.6	     90.4672	 7	[(0, 144)]
145	  0	104	       -21.6	       -21.6	     90.4672	 7	[(0, 145)]
146	  0	104	       -21.6	       -21.6	     90.4672	 7	[(0, 146)]
147	  0	104	       -21.6	       -21.6	     90.4672	 7	[(0, 147)]
148	  0	104	       -21.6	       -21.6	     90.4672	 7	[(0, 148)]
149	  0	104	       -21.6	       -21.6	     90.4672	 7	[(0, 149)]
150	  0	104	       -21.6	       -21.6	     90.4672	 7	[(0, 150)]
151	  0	104	       -21.6	       -21.6	     90.4672	 7	[(0, 151)]
152	  0	104	       -21.6	       -21.6	     90.4672	 7	[(0, 152)]
153	  0	104	       -21.6	       -21.6	     90.4672	 7	[(0, 153)]
154	  0	104	       -21.6	       -21.6	     90.4672	 7	[(0, 154)]
155	  0	104	       -21.6	       -21.6	     90.4672	 7	[(0, 155)]
156	  0	104	       -21.6	       -21.6	     90.4672	 7	[(0, 156)]
157	  0	104	       -21.6	       -21.6	     90.4672	 7	[(0, 157)]
158	  0	104	       -21.6	       -21.6	     90.4672	 7	[(0, 158)]
159	  0	104	       -21.6	       -21.6	     90.4672	 7	[(0, 159)]
160	  0	104	       -21.6	       -21.6	     90.4672	 7	[(0, 160)]
161	  0	104	       -21.6	       -21.6	     90.4672	 7	[(0, 161)]
162	  0	104	       -21.6	       -21.6	     90.4672	 7	[(0, 162)]
163	  0	104	       -21.6	       -21.6	     90.4672	 7	[(0, 163)]
164	  0	104	       -21.6	       -21.6	     90.4672	 7	[(0, 164)]
165	  0	104	       -21.6	       -21.6	     90.4672	 7	[(0, 165)]
166	  0	104	       -21.6	       -21.6	     90.4672	 7	[(0, 166)]
167	  0	104	       -21.6	       -21.6	     90.4672	 7	[(0, 167)]
168	  0	104	       -21.6	       -21.6	     90.4672	 7	[(0, 168)]
169	  0	104	       -21.6	       -21.6	     90.4672	 7	[(0, 169)]
170	  0	104	       -21.6	       -21.6	     90.4672	 7	[(0, 170)]
171	  0	104	       -21.6	       -21.6	     90.4672	 7	[(0, 171)]
172	  0	104	       -21.6	       -21.6	     90.4672	 7	[(0, 172)]
173	  0	104	       -21.6	       -21.6	     90.4672	 7	[(0, 173)]
174	  0	104	       -21.6	       -21.6	     90.4672	 7	[(0, 174)]
175	  0	104	       -21.6	       -21.6	     90.4672	 7	[(0, 175)]
176	  0	104	       -21.6	       -21.6	     90.4672	 7	[(0, 176)]
177	  0	104	       -21.6	       -21.6	     90.4672	 7	[(0, 177)]
178	  0	104	       -21.6	       -21.6	     90.4672	 7	[(0, 178)]
179	  0	104	       -21.6	       -21.6	     90.4672	 7	[(0, 179)]
180	  0	104	       -21.6	       -21.6	     90.4672	 7	[(0, 180)]
181	  0	104	       -21.6	       -21.6	     90.4672	 7	[(0, 181)]
182	  0	104	       -21.6	       -21.6	     90.4672	 7	[(0, 182)]
183	  0	104	       -21.6	       -21.6	     90.4672	 7	[(0, 183)]
184	  0	104	       -21.6	       -21.6	     90.4672	 7	[(0, 184)]
185	  0	104	       -21.6	       -21.6	     90.4672	 7	[(0, 185)]
186	  0	104	       -21.6	       -21.6	     90.4672	 7	[(0, 186)]
187	  0	104	       -21.6	       -21.6	     90.4672	 7	[(0, 187)]
188	  0	104	       -21.6	       -21.6	     90.4672	 7	[(0, 188)]
189	  0	104	       -21.6	       -21.6	     90.4672	 7	[(0, 189)]
190	  0	104	       -21.6	       -21.6	     90.4672	 7	[(0, 190)]
191	  0	104	       -21.6	       -21.6	     90.4672	 7	[(0, 191)]
192	  0	104	       -21.6	       -21.6	     90.4672	 7	[(0, 192)]
193	  0	104	       -21.6	       -21.6	     90.4672	 7	[(0, 193)]
194	  0	104	       -21.6	       -21.6	     90.4672	 7	[(0, 194)]
195	  0	104	       -21.6	       -21.6	     90.4672	 7	[(0, 195)]
196	  0	104	       -21.6	       -21.6	     90.4672	 7	[(0, 196)]
197	  0	104	       -21.6	       -21.6	     90.4672	 7	[(0, 197)]
198	  0	104	       -21.6	       -21.6	     90.4672	 7	[(0, 198)]
199	  0	104	       -21.6	       -21.6	     90.4672	 7	[(0, 199)]
200	  0	104	       -21.6	       -21.6	     90.4672	 7	[(0, 200)]
201	  0	104	       -21.6	       -21.6	     90.4672	 7	[(0, 201)]
202	  0	104	       -21.6	       -21.6	     90.4672	 7	[(0, 202)]
203	  0	104	       -21.6	       -21.6	     90.4672	 7	[(0, 203)]
204	  0	104	       -21.6	       -21.6	     90.4672	 7	[(0, 204)]
205	  0	104	       -21.6	       -21.6	     90.4672	 7	[(0, 205)]
206	  0	104	       -21.6	       -21.6	     90.4672	 7	[(0, 206)]
207	  0	104	       -21.6	       -21.6	     90.4672	 7	[(0, 207)]
208	  0	104	       -21.6	       -21.6	     90.4672	 7	[(0, 208)]
209	  0	104	       -21.6	       -21.6	     90.4672	 7	[(0, 209)]
210	  0	104	       -21.6	       -21.6	     90.4672	 7	[(0, 210)]
211	  0	104	       -21.6	       -21.6	     90.4672	 7	[(0, 211)]
212	  0	104	       -21.6	       -21.6	     90.4672	 7	[(0, 212)]
213	  0	104	       -21.6	       -21.6	     90.4672	 7	[(0, 213)]
214	  0	104	       -21.6	       -21.6	     90.4672	 7	[(0, 214)]
215	  0	104	       -21.6	       -21.6	     90.4672	 7	[(0, 215)]
216	  0	104	       -21.6	       -21.6	     90.4672	 7	[(0, 216)]
217	  0	104	       -21.6	       -21.6	     90.4672	 7	[(0, 217)]
218	  0	104	       -21.6	       -21.6	     90.4672	 7	[(0, 218)]
219	  0	104	       -21.6	       -21.6	     90.4672	 7	[(0, 219)]
220	  0	104	       -21.6	       -21.6	     90.4672	 7	[(0, 220)]
221	  0	104	       -21.6	       -21.6	     90.4672	 7	[(0, 221)]
222	  0	104	       -21.6	       -21.6	     90.4672	 7	[(0, 222)]
223	  0	104	       -21.6	       -21.6	     90.4672	 7	[(0, 223)]
224	  0	104	       -21.6	       -21.6	     90.4672	 7	[(0, 224)]
225	  0	104	       -21.6	       -21.6	     90.4672	 7	[(0, 225)]
226	  0	104	       -21.6	       -21.6	     90.4672	 7	[(0, 226)]
227	  0	104	       -21.6	       -21.6	     90.4672	 7	[(0, 227)]
228	  0	104	       -21.6	       -21.6	     90.4672	 7	[(0, 228)]
229	  0	104	       -21.6	       -21.6	     90.4672	 7	[(0, 229)]
230	  0	104	       -21.6	       -21.6	     90.4672	 7	[(0, 230)]
231	  0	104	       -21.6	       -21.6	     90.4672	 7	[(0, 231)]
232	  0	104	       -21.6	       -21.6	     90.4672	 7	[(0, 232)]
233	  0	104	       -21.6	       -21.6	     90.4672	 7	[(0, 233)]
234	  0	104	       -21.6	       -21.6	     90.4672	 7	[(0, 234)]
235	  0	104	       -21.6	       -21.6	     90.4672	 7	[(0, 235)]
236	  0	104	       -21.6	       -21.6	     90.4672	 7	[(0, 236)]
237	  0	104	       -21.6	       -21.6	     90.4672	 7	[(0, 237)]
238	  0	104	       -21.6	       -21.6	     90.4672	 7	[(0, 238)]
239	  0	104	       -21.6	       -21.6	     90.4672	 7	[(0, 239)]
240	  0	104	       -21.6	       -21.6	     90.4672	 7	[(0, 240)]
241	  0	104	       -21.6	       -21.6	     90.4672	 7	[(0, 241)]
242	  0	104	       -21.6	       -21.6	     90.4672	 7	[(0, 242)]
243	  0	104	       -21.6	       -21.6	     90.4672	 7	[(0, 243)]
244	  0	104	       -21.6	       -21.6	     90.4672	 7	[(0, 244)]
245	  0	104	       -21.6	       -21.6	     90.4672	 7	[(0, 245)]
246	  0	104	       -21.6	       -21.6	     90.4672	 7	[(0, 246)]
247	  0	104	       -21.6	       -21.6	     90.4672	 7	[(0, 247)]
248	  0	104	       -21.6	       -21.6	     90.4672	 7	[(0, 248)]
249	  0	104	       -21.6	       -21.6	     90.4672	 7	[(0, 249)]
250	  0	104	       -21.6	       -21.6	     90.4672	 7	[(0, 250)]
251	  0	104	       -21.6	       -21.6	     90.4672	 7	[(0, 251)]
252	  0	104	       -21.6	       -21.6	     90.4672	 7	[(0, 252)]
253	  0	104	       -21.6	       -21.6	     90.4672	 7	[(0, 253)]
254	  0	104	       -21.6	       -21.6	     90.4672	 7	[(0, 254)]
255	  0	104	       -21.6	       -21.6	     90.4672	 7	[(0, 255)]
256	  0	104	       -21.6	       -21.6	     90.4672	 7	[(0, 256)]
257	  0	104	       -21.6	       -21.6	     90.4672	 7	[(0, 257)]
258	  0	104	       -21.6	       -21.6	     90.4672	 7	[(0, 258)]
259	  0	104	       -21.6	       -21.6	     90.4672	 7	[(0, 259)]
260	  0	104	       -21.6	       -21.6	     90.4672	 7	[(0, 260)]
261	  0	104	       -21.6	       -21.6	     90.4672	 7	[(0, 261)]
262	  0	104	       -21.6	       -21.6	     90.4672	 7	[(0, 262)]
263	  0	104	       -21.6	       -21.6	     90.4672	 7	[(0, 263)]
264	  0	104	       -21.6	       -21.6	     90.4672	 7	[(0, 264)]
265	  0	104	       -21.6	       -21.6	     90.4672	 7	[(0, 265)]
266	  0	104	       -21.6	       -21.6	     90.4672	 7	[(0, 266)]
267	  0	104	       -21.6	       -21.6	     90.4672	 7	[(0, 267)]
268	  0	104	       -21.6	       -21.6	     90.4672	 7	[(0, 268)]
269	  0	104	       -21.6	       -21.6	     90.4672	 7	[(0, 269)]
270	  0	104	       -21.6	       -21.6	     90.4672	 7	[(0, 270)]
271	  0	104	       -21.6	       -21.6	     90.4672	 7	[(0, 271)]
272	  0	104	       -21.6	       -21.6	     90.4672	 7	[(0, 272)]
273	  0	104	       -21.6	       -21.6	     90.4672	 7	[(0, 273)]
274	  0	104	       -21.6	       -21.6	     90.4672	 7	[(0, 274)]
275	  0	104	       -21.6	       -21.6	     90.4672	 7	[(0, 275)]
276	  0	104	       -21.6	       -21.6	     90.4672	 7	[(0, 276)]
277	  0	104	       -21.6	       -21.6	     90.4672	 7	[(0, 277)]
278	  0	104	       -21.6	       -21.6	     90.4672	 7	[(0, 278)]
279	  0	104	       -21.6	       -21.6	     90.4672	 7	[(0, 279)]
280	  0	104	       -21.6	       -21.6	     90.4672	 7	[(0, 280)]
281	  0	104	       -21.6	       -21.6	     90.4672	 7	[(0, 281)]
282	  0	104	       -21.6	       -21.6	     90.4672	 7	[(0, 282)]
283	  0	104	       -21.6	       -21.6	     90.4672	 7	[(0, 283)]
284	  0	104	       -21.6	       -21.6	     90.4672	 7	[(0, 284)]
285	  0	104	       -21.6	       -21.6	     90.4672	 7	[(0, 285)]
286	  0	104	       -21.6	       -21.6	     90.4672	 7	[(0, 286)]
287	  0	104	       -21.6	       -21.6	     90.4672	 7	[(0, 287)]
288	  0	104	       -21.6	       -21.6	     90.4672	 7	[(0, 288)]
