nresidues = 288
33 54 0.145514
33 55 2.76477
33 56 1.16411
33 134 0.291029
34 53 0.145514
34 54 2.76477
34 122 0.145514
34 134 0.436543
34 136 0.436543
34 137 0.145514
35 52 0.145514
35 53 2.91029
35 54 0.727572
35 122 0.145514
36 51 0.727572
36 52 3.20131
36 53 0.291029
36 66 0.145514
36 120 0.873086
36 121 0.436543
36 122 0.145514
36 136 0.436543
36 137 0.145514
36 139 0.291029
37 51 3.20131
37 52 0.436543
38 51 0.291029
38 139 0.145514
39 139 3.20131
39 140 0.436543
40 140 3.0558
40 142 0.145514
41 49 0.145514
41 50 0.145514
41 51 0.291029
41 140 0.436543
41 141 3.20131
41 142 0.291029
42 142 3.34683
42 144 0.145514
43 48 0.145514
43 112 0.291029
43 142 0.145514
43 143 2.76477
43 144 0.727572
44 47 0.291029
44 112 0.145514
44 143 0.145514
44 144 3.20131
45 112 3.34683
45 113 0.873086
45 114 0.291029
45 143 0.291029
45 144 0.291029
46 111 0.582057
46 112 0.291029
47 110 2.47374
47 111 2.76477
47 112 0.727572
48 109 2.91029
48 110 0.436543
48 111 0.145514
48 112 0.145514
49 107 0.145514
49 108 2.91029
49 109 0.291029
49 112 0.145514
49 141 0.145514
50 106 0.582057
50 107 2.91029
50 108 0.727572
51 105 0.145514
51 106 2.91029
51 107 0.727572
51 139 0.291029
51 140 0.436543
51 141 0.436543
52 104 0.145514
52 105 3.20131
52 106 0.291029
53 64 0.145514
53 103 0.145514
53 104 2.91029
53 105 0.727572
53 107 0.291029
53 122 0.727572
54 103 2.91029
54 104 0.727572
55 58 0.291029
55 62 0.145514
55 103 0.727572
57 62 0.145514
57 103 0.727572
58 62 0.436543
58 98 0.873086
58 102 0.873086
58 103 0.582057
58 105 0.582057
59 62 0.582057
61 126 3.49234
61 127 0.291029
61 128 0.873086
62 125 3.0558
62 126 0.291029
63 81 2.76477
63 82 0.145514
63 123 0.145514
63 124 2.91029
63 125 0.727572
63 127 0.436543
64 80 3.0558
64 81 0.873086
64 105 0.727572
64 107 0.145514
64 123 3.0558
64 124 0.145514
65 77 0.582057
65 79 2.91029
65 80 0.291029
65 122 2.91029
65 123 0.582057
66 77 2.91029
66 78 3.0558
66 79 0.436543
66 94 0.873086
66 95 0.145514
66 96 0.145514
66 107 2.61926
66 108 0.727572
66 109 0.291029
66 120 0.436543
66 121 2.91029
67 75 0.436543
67 76 3.20131
67 77 0.436543
67 78 0.436543
67 120 3.34683
67 121 0.582057
68 74 0.145514
68 75 2.76477
68 76 0.582057
68 78 0.436543
68 115 0.582057
68 116 0.582057
68 117 0.436543
68 119 3.0558
68 120 1.74617
69 73 0.436543
69 74 2.91029
69 119 0.291029
69 121 0.145514
70 73 0.291029
70 74 0.727572
70 76 0.145514
77 80 0.145514
77 89 0.873086
78 88 2.91029
78 89 0.582057
78 94 0.436543
79 87 2.91029
79 96 0.582057
80 85 0.145514
80 86 2.76477
80 87 0.291029
80 96 0.436543
81 84 1.30963
81 85 3.34683
81 96 0.727572
81 98 0.436543
81 105 0.291029
82 85 0.582057
86 95 0.727572
86 96 0.582057
88 91 0.291029
88 92 0.145514
88 94 0.145514
91 94 0.873086
92 95 0.145514
93 108 0.145514
93 109 3.0558
93 110 0.873086
93 111 0.436543
93 112 0.291029
93 113 2.0372
93 116 1.16411
94 108 2.76477
94 109 0.436543
94 120 0.291029
95 106 0.145514
95 107 2.76477
95 108 1.16411
95 109 0.145514
95 110 1.16411
96 106 3.20131
96 107 0.145514
97 105 3.0558
97 106 0.436543
97 108 0.145514
98 102 0.727572
98 104 2.76477
98 105 1.45514
99 102 0.145514
99 104 0.727572
99 106 1.0186
101 104 1.30963
102 105 0.291029
109 112 0.291029
109 116 0.145514
109 141 0.145514
112 116 0.727572
112 143 0.291029
113 116 0.873086
113 143 0.727572
114 117 0.582057
114 143 0.291029
116 120 0.727572
116 141 0.145514
117 141 3.0558
117 142 0.436543
117 143 0.582057
118 139 0.145514
118 140 2.91029
118 141 0.436543
119 139 2.91029
119 140 0.582057
120 138 2.76477
120 139 0.436543
121 135 0.436543
121 136 1.0186
121 137 0.145514
122 135 2.76477
122 136 0.873086
123 134 2.76477
124 133 2.76477
124 134 0.436543
125 131 0.436543
125 132 0.436543
125 133 0.145514
126 131 0.291029
128 131 0.291029
