nresidues = 148
1 4 0.140403
1 5 0.140403
2 5 0.140403
2 50 1.54443
2 71 0.280806
3 6 0.561611
3 48 2.80806
3 49 1.12322
3 50 0.842417
3 69 0.140403
3 70 1.82524
3 71 0.561611
4 48 0.702014
6 10 0.140403
6 48 0.702014
6 49 0.280806
6 70 0.702014
7 10 0.280806
7 70 0.280806
8 72 0.140403
8 77 0.140403
8 80 1.96564
8 81 0.561611
8 84 0.842417
9 84 1.68483
10 68 0.280806
10 84 0.140403
11 48 0.140403
11 84 0.280806
11 125 0.140403
12 46 0.702014
12 48 0.140403
12 53 0.280806
12 55 0.140403
12 66 0.140403
12 68 0.140403
13 46 0.421208
13 48 0.140403
14 17 0.140403
14 44 0.702014
14 45 0.421208
14 55 0.421208
15 45 0.140403
16 19 2.52725
17 20 0.140403
17 57 1.82524
18 41 2.80806
18 42 0.140403
18 57 0.842417
18 58 0.702014
18 59 0.702014
18 60 0.702014
18 61 0.140403
20 42 2.66765
20 43 2.80806
21 43 2.38685
22 43 0.421208
22 44 0.140403
23 29 0.561611
23 43 0.702014
23 45 0.140403
24 27 0.421208
24 54 0.702014
24 56 0.140403
25 54 0.140403
25 144 0.140403
26 51 0.140403
26 52 0.561611
26 53 0.140403
26 54 0.421208
26 67 0.421208
26 141 0.280806
26 144 0.98282
26 145 0.98282
27 67 0.140403
27 140 0.421208
28 31 2.01829
28 32 0.263256
29 32 1.75503
29 33 0.175503
29 40 0.140403
29 43 0.561611
30 33 1.75503
30 34 0.263256
31 34 1.75503
31 35 0.877517
31 136 0.421208
31 137 0.280806
31 140 0.561611
32 35 1.84279
32 36 0.175503
33 36 1.66728
33 37 1.66728
33 38 0.263256
35 133 0.561611
35 136 0.140403
36 64 1.40403
36 126 0.561611
36 127 0.140403
36 128 0.98282
36 133 0.561611
36 137 0.140403
37 64 0.140403
38 58 0.561611
38 64 1.12322
38 127 0.702014
38 128 0.421208
39 58 0.561611
39 64 0.140403
40 56 0.280806
40 57 3.08886
40 58 0.140403
40 64 0.140403
41 57 2.66765
41 58 0.842417
42 56 2.66765
42 57 0.702014
43 55 2.80806
43 56 0.421208
43 57 0.140403
44 53 0.140403
44 54 2.66765
44 55 0.280806
45 53 2.94846
46 49 0.702014
46 52 2.80806
46 53 0.140403
49 53 0.140403
49 68 0.280806
49 69 0.140403
49 70 0.702014
50 71 0.140403
51 69 0.561611
51 71 0.140403
51 145 0.280806
53 67 2.80806
54 66 2.66765
54 67 0.702014
55 63 0.280806
55 65 2.80806
55 66 0.140403
56 63 2.94846
56 64 3.08886
56 65 0.702014
57 61 0.280806
57 62 0.280806
57 63 0.702014
58 64 0.140403
63 66 0.280806
63 127 0.140403
64 126 2.94846
64 127 1.40403
65 125 2.80806
65 137 0.280806
66 123 0.140403
66 124 2.94846
66 125 0.98282
67 123 2.66765
67 124 0.140403
68 121 0.140403
68 122 2.66765
68 123 0.421208
68 125 0.140403
69 121 2.80806
69 145 0.140403
69 147 0.140403
70 119 0.140403
70 120 3.08886
70 121 0.561611
71 119 2.66765
71 120 0.140403
72 77 0.842417
72 78 0.140403
72 81 0.280806
72 119 0.702014
74 77 2.01829
74 78 0.175503
74 119 0.842417
75 78 1.84279
75 79 0.438758
75 116 0.280806
75 118 1.12322
75 119 0.140403
76 79 1.75503
76 80 0.175503
77 80 2.28153
77 81 0.175503
78 81 1.75503
78 82 0.175503
78 116 0.140403
78 118 0.140403
78 119 0.421208
78 121 0.140403
79 82 1.75503
79 83 0.52651
79 116 0.421208
80 83 1.84279
80 84 0.175503
81 84 1.84279
81 85 0.175503
81 123 0.140403
82 85 1.84279
82 86 0.351007
82 102 0.140403
82 114 0.421208
82 115 0.561611
82 116 0.280806
83 86 1.75503
83 87 0.351007
83 88 0.0877517
84 87 0.175503
84 125 0.280806
85 112 0.280806
85 114 0.140403
85 123 0.140403
86 90 0.140403
86 91 0.98282
86 103 0.421208
87 90 3.36967
87 91 0.702014
88 91 0.140403
90 105 0.140403
91 103 0.280806
91 104 2.94846
91 105 0.140403
92 103 2.66765
92 104 1.82524
93 102 2.94846
93 103 0.140403
93 104 0.702014
94 101 2.66765
94 102 0.842417
94 103 0.421208
94 104 0.140403
94 113 0.421208
94 115 0.280806
95 100 0.561611
95 101 1.26363
95 113 0.140403
96 100 0.140403
96 113 0.842417
96 115 0.140403
96 135 0.140403
97 100 1.26363
97 142 0.280806
99 117 0.421208
100 115 1.26363
100 116 3.36967
100 117 1.54443
100 120 0.280806
100 122 0.280806
100 142 0.561611
100 147 0.421208
101 114 2.38685
101 115 3.51007
101 116 0.842417
102 114 2.80806
103 113 2.66765
103 114 0.421208
104 112 2.80806
104 113 0.140403
104 135 0.280806
105 111 2.80806
105 112 0.280806
105 131 0.421208
106 110 2.66765
106 111 0.140403
106 129 2.80806
107 110 0.702014
107 129 0.98282
108 129 0.280806
110 126 2.80806
110 127 0.140403
110 128 2.80806
111 125 2.80806
111 126 0.421208
111 128 0.280806
111 131 0.140403
112 124 2.80806
112 125 0.280806
113 122 0.140403
113 123 2.66765
113 124 0.561611
113 134 0.561611
113 135 1.26363
113 138 0.280806
114 122 2.66765
114 123 0.140403
115 121 2.80806
115 122 0.421208
116 120 2.80806
117 120 0.561611
117 147 0.561611
122 142 0.140403
124 134 0.421208
124 137 0.421208
124 138 0.280806
128 133 0.702014
130 133 0.52651
131 134 1.75503
131 135 0.175503
132 135 1.75503
132 136 0.351007
133 136 1.75503
133 137 0.52651
134 137 1.84279
134 138 0.175503
135 138 1.75503
135 139 0.351007
136 139 1.75503
136 140 0.175503
137 140 1.75503
137 141 0.175503
138 141 1.75503
138 142 0.351007
139 142 1.75503
139 143 0.175503
140 143 1.75503
140 144 0.614263
141 144 1.75503
141 145 0.351007
142 145 1.57953
142 146 1.66728
142 147 0.0877517
143 146 0.0877517
