L	Ls	nvertices	F_L	F_L_constrained	rho_sum	nloops	regions
  1	  0	  0	           0	           0	           0	 0	[(0, 1)]
  2	  0	  0	           0	           0	           0	 0	[(0, 2)]
  3	  0	  0	           0	           0	           0	 0	[(0, 3)]
  4	  0	  0	           0	           0	           0	 0	[(0, 4)]
  5	  0	  0	           0	           0	           0	 0	[(0, 5)]
  6	  0	  4	           0	     3.98793	     0.29437	 1	[(0, 6)]
  7	  0	  6	           0	     2.23266	     0.27917	 1	[(0, 7)]
  8	  0	  8	           0	     4.07984	     5.36842	 0	[(0, 8)]
  9	  0	  9	           0	      3.7271	     6.10135	 0	[(0, 9)]
 10	  0	 10	           0	     3.48255	     7.43056	 0	[(0, 10)]
 11	  0	 11	           0	     3.21835	     8.46786	 0	[(0, 11)]
 12	  0	 12	           0	     2.94122	     9.44854	 0	[(0, 12)]
 13	  0	 13	           0	     2.75521	     10.4046	 0	[(0, 13)]
 14	  0	 14	           0	     2.34175	     11.4718	 0	[(0, 14)]
 15	  0	 15	           0	     1.98435	     12.4889	 0	[(0, 15)]
 16	  0	 16	           0	     1.62895	     13.5011	 0	[(0, 16)]
 17	  0	 17	           0	    0.632095	     14.6428	 0	[(0, 17)]
 18	  0	 18	           0	    0.127694	     15.6192	 0	[(0, 18)]
 19	  0	 19	    -1.59482	    -1.59482	     16.7761	 0	[(0, 19)]
 20	  0	 20	     -2.4372	     -2.4372	     17.7301	 0	[(0, 20)]
 21	  0	 21	    -2.96641	    -2.96641	     18.6654	 0	[(0, 21)]
 22	  0	 22	    -4.43693	    -4.43693	     19.7364	 0	[(0, 22)]
 23	  0	 23	     -4.9014	     -4.9014	       20.64	 0	[(0, 23)]
 24	  0	 24	    -5.31377	    -5.31377	     21.5723	 0	[(0, 24)]
 25	  0	 25	    -6.36324	    -6.36324	     22.6344	 0	[(0, 25)]
 26	  0	 26	    -6.51315	    -6.51315	     23.4192	 0	[(0, 26)]
 27	  0	 27	    -6.51315	    -5.99302	     23.6107	 0	[(0, 27)]
 28	  0	 27	    -6.51315	    -5.99302	     23.6107	 0	[(0, 28)]
 29	  0	 28	    -6.51315	    -3.76333	      23.771	 1	[(0, 29)]
 30	  0	 28	    -6.51315	    -3.76333	      23.771	 1	[(0, 30)]
 31	  0	 28	    -6.51315	    -3.76333	      23.771	 1	[(0, 31)]
 32	  0	 29	    -6.51315	    0.455439	     23.9095	 2	[(0, 32)]
 33	  0	 31	    -6.51315	    -3.91656	      26.103	 2	[(0, 33)]
 34	  0	 33	    -6.51315	    -4.44718	     26.0402	 1	[(0, 34)]
 35	  0	 34	    -6.51315	    -4.36864	     29.3663	 1	[(0, 35)]
 36	  0	 35	    -6.51315	    -6.30239	     30.6649	 1	[(0, 36)]
 37	  0	 36	    -8.78992	    -8.78992	     31.8894	 1	[(0, 37)]
 38	  0	 37	    -9.27697	    -9.27697	     32.7887	 1	[(0, 38)]
 39	  0	 38	    -10.6077	    -10.6077	     33.8161	 1	[(0, 39)]
 40	  0	 39	    -11.9952	    -11.9952	     34.8225	 1	[(0, 40)]
 41	  0	 40	    -12.4519	    -12.4519	     35.7333	 1	[(0, 41)]
 42	  0	 41	    -13.0667	    -13.0667	     36.6776	 1	[(0, 42)]
 43	  0	 42	    -14.2681	    -14.2681	     37.7418	 1	[(0, 43)]
 44	  0	 43	    -14.8782	    -14.8782	     38.7158	 1	[(0, 44)]
 45	  0	 44	    -15.1401	    -15.1401	     39.5922	 1	[(0, 45)]
 46	  0	 45	    -15.5452	    -15.5452	     40.5201	 1	[(0, 46)]
 47	  0	 46	    -15.9217	    -15.9217	     41.4983	 1	[(0, 47)]
 48	  0	 47	    -16.5319	    -16.5319	     42.5867	 1	[(0, 48)]
 49	  0	 48	    -16.6542	    -16.6542	     43.3891	 1	[(0, 49)]
 50	  0	 49	    -16.6542	    -16.0722	     43.3684	 1	[(0, 50)]
 51	  0	 49	    -16.6542	    -16.0722	     43.3684	 1	[(0, 51)]
 52	  0	 49	    -16.6542	    -16.0722	     43.3684	 1	[(0, 52)]
 53	  0	 49	    -16.6542	    -16.0722	     43.3684	 1	[(0, 53)]
 54	  0	 51	    -16.6542	     -11.337	      43.205	 2	[(0, 54)]
 55	  0	 53	    -16.6542	    -12.1661	     47.5845	 2	[(0, 55)]
 56	  0	 55	    -16.6542	      -12.37	     48.9752	 1	[(0, 56)]
 57	  0	 56	    -16.6542	    -12.9144	     50.5123	 1	[(0, 57)]
 58	  0	 57	    -16.6542	     -14.843	     52.1368	 1	[(0, 58)]
 59	  0	 58	    -16.6542	    -14.0745	     52.3966	 1	[(0, 59)]
 60	  0	 59	    -16.6542	    -13.6678	      52.355	 1	[(0, 60)]
 61	  0	 60	    -16.6542	    -13.9175	     52.7347	 1	[(0, 61)]
 62	  0	 61	    -16.6542	    -13.8546	     52.6527	 1	[(0, 62)]
 63	  0	 62	    -16.6542	    -13.7999	     52.5495	 1	[(0, 63)]
 64	  0	 62	    -16.6542	    -13.7999	     52.5495	 1	[(0, 64)]
 65	  0	 62	    -16.6542	    -13.7999	     52.5495	 1	[(0, 65)]
 66	  0	 64	    -16.6542	     -15.323	     51.9555	 0	[(0, 66)]
 67	  0	 66	    -16.6542	    -11.1238	     57.1218	 1	[(0, 67)]
 68	  0	 68	    -16.6542	    -11.8212	     58.4844	 1	[(0, 68)]
 69	  0	 69	    -16.6542	    -11.4285	     59.0413	 1	[(0, 69)]
 70	  0	 69	    -16.6542	    -11.4285	     59.0413	 1	[(0, 70)]
 71	  0	 69	    -16.6542	    -11.4285	     59.0413	 1	[(0, 71)]
 72	  0	 70	    -16.6542	    -7.49442	     59.2935	 2	[(0, 72)]
 73	  0	 72	    -16.6542	    -7.91193	     59.3243	 2	[(0, 73)]
 74	  0	 74	    -16.6542	    -10.7432	     58.9088	 1	[(0, 74)]
 75	  0	 75	    -16.6542	    -8.49085	     64.8845	 1	[(0, 75)]
 76	  0	 76	    -16.6542	    -8.17599	     65.3652	 1	[(0, 76)]
 77	  0	 77	    -16.6542	    -7.62961	     65.5893	 1	[(0, 77)]
 78	  0	 77	    -16.6542	    -7.62961	     65.5893	 1	[(0, 78)]
 79	  0	 78	    -16.6542	    -7.94121	      65.896	 1	[(0, 79)]
 80	  0	 78	    -16.6542	    -7.94121	      65.896	 1	[(0, 80)]
 81	  0	 79	    -16.6542	    -8.14437	     66.0889	 1	[(0, 81)]
 82	  0	 80	    -16.6542	    -8.19339	     66.1285	 1	[(0, 82)]
 83	  0	 81	    -16.6542	    -8.13134	     66.0571	 1	[(0, 83)]
 84	  0	 82	    -16.6542	    -8.12865	     66.0926	 1	[(0, 84)]
 85	  0	 83	    -16.6542	    -8.44308	     66.4623	 1	[(0, 85)]
 86	  0	 84	    -16.6542	    -8.32191	     66.4182	 1	[(0, 86)]
 87	  0	 84	    -16.6542	    -8.32191	     66.4182	 1	[(0, 87)]
 88	  0	 85	    -16.6542	     1.35749	     69.0091	 4	[(0, 88)]
 89	  0	 86	    -16.6542	      1.5159	     71.5854	 4	[(0, 89)]
 90	  0	 88	    -16.6542	     1.09359	      74.361	 4	[(0, 90)]
 91	  0	 89	    -16.6542	   -0.177789	     75.8801	 4	[(0, 91)]
 92	  0	 91	    -16.6542	    -2.46158	     78.1589	 3	[(0, 92)]
 93	  0	 93	    -16.6542	    -5.29837	     79.7362	 2	[(0, 93)]
 94	  0	 94	    -16.6542	    -6.52023	     82.2568	 2	[(0, 94)]
 95	  0	 95	    -16.6542	    -7.80468	     86.1627	 2	[(0, 95)]
 96	  0	 96	    -16.6542	    -7.40272	     87.2811	 2	[(0, 96)]
 97	  0	 97	    -16.6542	    -7.49939	     88.4563	 2	[(0, 97)]
 98	  0	 98	    -16.6542	    -7.60767	     89.5606	 2	[(0, 98)]
 99	  0	 99	    -16.6542	    -7.46346	     90.1971	 2	[(0, 99)]
100	  0	 99	    -16.6542	    -7.46346	     90.1971	 2	[(0, 100)]
