nresidues = 728
5 8 0.0625
5 9 0.0625
6 9 0.3125
16 20 0.0625
17 20 0.125
19 22 0.859375
19 23 0.15625
20 23 0.78125
20 24 0.078125
21 24 0.78125
21 25 0.117188
22 25 0.742188
23 26 0.742188
23 27 0.117188
24 27 0.78125
24 28 0.078125
24 48 0.125
25 28 0.78125
25 29 0.078125
26 29 0.78125
26 30 0.117188
27 30 0.78125
27 31 0.078125
28 31 0.78125
28 32 0.664062
28 33 0.234375
29 32 0.0390625
33 47 0.0625
36 44 0.0625
36 45 1.3125
37 43 0.0625
37 44 1.25
37 45 0.4375
37 292 0.0625
37 407 0.0625
38 42 0.1875
38 43 1.0625
38 44 0.0625
39 42 0.125
39 43 0.375
39 45 0.0625
39 295 0.1875
40 250 0.125
41 250 0.375
41 251 0.1875
41 252 0.1875
41 295 0.0625
41 418 0.1875
42 418 0.0625
43 414 0.1875
43 415 0.0625
43 418 0.0625
45 49 0.125
45 407 0.1875
46 49 0.0625
49 52 0.0625
49 406 0.4375
49 407 0.5625
49 410 0.0625
50 53 0.1875
50 406 0.125
51 54 0.5
52 55 0.0625
53 57 0.3125
53 406 0.0625
53 410 0.125
54 57 0.25
54 60 0.1875
54 404 0.25
54 405 0.0625
54 406 0.0625
56 413 0.1875
57 60 0.0625
57 409 0.25
57 410 0.125
57 413 0.0625
59 62 0.4375
59 70 0.125
59 305 0.4375
59 409 0.3125
59 413 0.25
60 409 0.25
62 70 0.0625
62 71 0.4375
63 66 0.1875
63 71 0.25
64 71 0.1875
64 72 1.25
64 74 1.3125
64 75 0.25
64 399 0.0625
65 69 0.375
65 72 0.0625
65 73 0.125
65 74 0.1875
65 75 0.0625
66 69 0.5
68 304 1.1875
68 305 0.125
68 308 0.0625
69 72 0.375
69 73 0.1875
69 304 0.25
69 319 0.125
69 322 0.25
69 323 0.25
70 301 0.1875
70 304 0.25
70 305 0.3125
70 400 0.0625
71 77 0.0625
71 304 0.0625
71 358 0.125
71 399 0.0625
71 400 0.6875
71 403 0.1875
72 77 0.125
72 304 0.125
73 77 0.125
73 360 0.25
74 77 0.3125
74 325 0.125
74 360 0.125
75 399 0.0625
76 79 1.1875
76 80 0.1875
76 399 0.3125
77 80 1.125
77 81 1.25
77 358 0.1875
77 360 0.0625
77 399 0.0625
78 81 0.25
78 82 0.1875
78 83 0.25
78 355 0.3125
78 358 0.375
78 359 0.3125
78 396 1.4375
79 396 0.0625
79 397 0.0625
82 390 0.25
83 355 0.5
83 359 0.0625
83 360 1.375
83 361 0.0625
83 362 0.1875
83 386 0.3125
83 389 0.1875
83 390 0.375
83 396 0.0625
84 110 0.125
84 360 0.125
84 361 1.3125
84 362 0.0625
85 109 1.25
85 110 1.25
85 111 0.0625
85 362 1.0625
85 386 0.3125
85 387 0.0625
85 390 0.25
86 109 0.125
86 111 0.3125
86 112 0.1875
86 113 0.0625
86 161 0.375
86 162 0.0625
86 163 0.0625
86 327 0.0625
86 362 1.3125
86 363 0.1875
87 109 0.4375
87 112 1.0625
87 113 0.3125
87 362 0.0625
87 363 0.6875
87 364 0.375
87 382 0.125
87 386 0.125
88 113 1.5
88 114 0.1875
88 115 0.4375
88 165 0.4375
88 363 0.3125
89 100 0.0625
89 101 0.375
89 113 0.125
89 114 1.25
89 115 0.1875
90 97 0.117188
90 101 0.0625
90 115 0.0625
90 139 0.375
90 373 0.0625
91 96 0.078125
91 97 0.117188
91 100 0.125
91 136 1.125
91 139 1.375
91 373 0.0625
92 96 0.234375
92 136 0.0625
92 140 1.25
92 141 0.0625
92 487 0.125
93 96 1.01562
93 97 0.117188
93 140 0.1875
93 490 0.0625
94 97 0.78125
94 98 0.078125
94 140 0.0625
94 147 0.0625
94 150 0.1875
94 151 0.0625
95 98 0.78125
95 99 0.078125
96 99 0.703125
96 100 0.078125
97 100 0.78125
97 101 0.234375
97 140 0.125
97 151 0.0625
98 101 0.78125
98 102 0.273438
98 150 0.1875
98 151 0.4375
98 152 0.1875
98 153 0.3125
98 155 0.0625
99 102 0.664062
99 103 0.3125
100 103 0.859375
100 104 0.46875
100 376 0.125
100 379 0.0625
101 104 0.78125
101 105 0.15625
101 112 0.0625
101 114 0.25
101 151 0.125
102 105 0.78125
102 106 0.078125
102 153 0.125
102 154 0.0625
103 106 0.78125
103 107 0.078125
103 376 0.0625
104 107 0.78125
104 108 0.664062
104 109 0.234375
104 383 0.3125
105 108 0.703125
105 109 0.117188
105 112 0.1875
105 160 0.0625
107 383 0.4375
107 387 0.0625
108 383 0.0625
108 387 0.0625
109 112 0.125
110 160 0.125
111 160 0.0625
111 161 1.1875
112 155 0.0625
112 161 0.0625
112 162 1.25
112 163 0.1875
113 163 1.1875
114 140 0.0625
114 151 0.0625
114 152 0.0625
114 163 0.1875
114 164 1.0625
114 165 0.125
115 139 1.25
115 140 0.1875
116 121 0.15625
116 139 1.5625
116 140 1.25
116 142 0.125
116 164 0.25
116 165 0.125
116 166 0.1875
116 173 0.125
117 120 0.9375
117 121 0.117188
117 134 0.0625
117 135 0.3125
117 136 0.125
117 138 0.125
117 139 0.3125
117 140 0.25
117 141 0.25
118 121 0.78125
118 122 0.078125
118 606 0.25
118 607 0.0625
118 657 0.0625
119 122 0.742188
119 123 0.742188
119 124 0.898438
119 131 0.125
119 134 0.3125
120 123 0.0390625
120 140 0.0625
120 141 0.0625
120 142 0.125
120 166 0.0625
120 169 0.0625
120 173 0.0625
121 165 0.125
121 166 0.375
121 168 1.1875
121 169 0.125
121 206 0.3125
121 208 0.25
122 207 0.0625
122 209 0.1875
122 210 0.3125
122 557 0.25
122 606 0.375
122 633 0.75
123 210 0.0625
123 545 0.0625
123 548 0.1875
123 557 0.0625
124 128 0.0625
124 131 0.1875
124 557 0.5
124 606 0.1875
125 128 0.125
125 131 0.0625
125 143 0.5625
125 543 0.5
125 544 0.25
125 545 0.1875
126 135 0.25
126 143 0.4375
126 488 0.0625
126 491 0.25
126 495 0.0625
127 492 0.0625
127 495 0.25
127 499 0.0625
128 131 1.125
129 132 0.0625
131 134 1.25
131 135 0.0625
131 606 0.0625
132 135 0.125
132 484 0.1875
133 137 0.0625
133 484 0.1875
133 662 0.0625
134 137 0.25
134 484 0.0625
134 605 0.25
134 606 0.1875
135 484 0.125
135 487 0.0625
135 488 0.125
136 139 0.1875
136 482 0.0625
137 373 0.0625
137 482 0.125
137 484 0.1875
137 657 0.0625
137 658 0.0625
141 147 0.0390625
141 491 0.1875
142 147 0.195312
142 173 0.0625
142 544 0.0625
143 147 0.195312
143 491 0.3125
143 495 0.1875
143 543 1.25
143 544 0.25
144 147 0.78125
144 176 0.3125
144 498 0.1875
145 148 0.742188
145 149 0.117188
145 176 0.125
145 179 0.125
145 180 0.0625
145 183 0.0625
146 149 0.78125
146 150 0.15625
146 494 0.125
146 497 0.25
146 498 0.4375
146 501 0.125
147 150 0.78125
147 151 0.078125
147 491 0.3125
147 494 0.25
148 151 0.742188
148 152 0.0390625
148 164 0.0625
148 173 0.0625
148 176 0.125
148 177 0.125
148 180 0.375
149 152 0.703125
149 153 0.078125
149 180 0.0625
149 183 0.6875
150 153 0.078125
150 494 0.25
152 155 0.25
152 157 0.1875
152 162 0.1875
152 177 0.1875
152 184 0.0625
155 160 0.0625
155 184 0.25
156 159 1.3125
156 160 0.0625
156 184 0.25
157 160 0.0625
157 177 0.25
157 180 0.0625
157 181 0.0625
157 184 0.375
157 186 0.0625
157 191 0.0625
158 186 0.25
158 190 0.0625
160 192 0.0625
161 192 1.25
161 193 0.125
162 177 0.125
162 193 1.3125
162 194 0.0625
162 234 0.0625
163 193 0.0625
163 194 1.375
164 177 0.25
164 194 0.125
164 195 1.3125
164 196 0.0625
164 234 0.125
165 196 0.25
165 206 0.0625
166 169 0.25
166 170 0.125
166 173 0.125
166 195 1.0625
166 196 1.25
166 197 0.0625
167 170 0.125
167 196 0.625
167 197 0.25
167 198 0.1875
167 199 0.0625
167 201 0.1875
167 202 0.4375
167 206 0.0625
167 208 1.0625
168 208 0.0625
168 210 0.25
169 172 0.859375
169 173 0.117188
169 210 0.0625
169 548 0.0625
170 173 0.703125
170 174 0.078125
170 195 0.0625
170 197 0.1875
170 219 0.0625
170 223 0.125
171 174 0.703125
171 175 0.078125
171 219 0.1875
171 223 0.125
171 530 0.125
171 531 0.125
171 534 0.125
171 551 0.0625
172 175 0.859375
172 176 0.15625
172 547 0.1875
172 548 0.0625
173 176 0.78125
173 177 0.0390625
174 177 0.78125
174 178 0.078125
174 234 0.1875
174 531 0.125
175 178 0.78125
175 179 0.117188
175 534 0.25
175 535 0.125
176 179 0.820312
176 180 0.15625
176 538 0.0625
176 544 0.0625
177 180 0.78125
177 181 0.078125
177 191 0.0625
177 234 0.1875
178 181 0.78125
178 182 0.078125
178 535 0.0625
179 182 0.78125
179 183 0.078125
179 535 0.0625
179 538 0.0625
180 183 0.78125
180 184 0.0390625
181 184 0.78125
181 185 0.742188
181 186 0.9375
181 191 0.125
182 185 0.0390625
182 186 0.0390625
182 539 0.625
186 190 0.4375
186 191 0.0625
187 190 1.5
187 191 0.0625
188 191 0.125
188 230 1.25
188 231 0.3125
189 230 0.125
189 232 0.0625
189 233 0.1875
191 233 1.25
191 234 0.125
192 233 1.125
192 234 0.3125
193 234 2.0625
193 235 0.3125
194 234 0.3125
194 235 1.4375
194 284 0.0625
195 234 0.125
195 236 1.3125
195 237 1.1875
196 201 0.3125
196 206 0.125
196 237 1.3125
196 238 0.375
196 243 0.25
197 220 0.3125
197 223 0.3125
197 236 0.1875
197 237 0.1875
198 201 1.01562
198 202 0.0390625
198 220 0.0625
198 238 0.125
198 239 0.25
198 240 0.25
198 265 0.5625
199 202 0.859375
199 203 0.117188
199 216 0.1875
199 217 0.0625
199 220 0.125
199 265 0.1875
200 203 0.742188
200 204 0.0390625
200 217 0.0625
200 261 0.375
200 264 0.0625
200 265 0.375
200 436 0.0625
201 204 0.78125
201 205 0.78125
201 206 0.117188
201 243 0.3125
202 205 0.664062
202 206 1.28906
202 207 0.15625
202 208 0.273438
202 209 0.117188
203 209 0.195312
203 211 0.125
203 212 0.125
203 213 0.3125
203 216 0.0625
203 436 0.0625
203 558 0.3125
204 244 0.0625
204 257 0.0625
204 432 0.0625
204 436 0.125
204 441 0.1875
204 442 0.3125
204 445 0.0625
205 243 0.1875
205 247 0.0625
206 243 0.25
207 608 0.3125
207 610 0.125
207 632 0.25
207 633 0.125
209 558 0.125
209 560 0.0625
209 632 0.0625
209 633 0.0625
210 557 1.5625
210 558 0.125
211 216 0.117188
211 219 0.125
211 548 0.375
211 551 0.3125
211 552 0.0625
211 555 0.0625
211 556 0.1875
211 558 0.1875
212 215 0.859375
212 216 0.15625
212 555 0.125
212 556 0.0625
212 558 0.125
213 216 0.78125
213 217 0.117188
213 558 0.125
214 217 0.78125
214 218 0.0390625
215 218 0.78125
215 219 0.15625
215 555 0.25
216 219 0.78125
216 220 0.078125
217 220 0.78125
217 221 0.117188
217 265 0.1875
217 268 0.0625
218 221 0.898438
218 222 0.351562
218 517 0.1875
218 518 0.3125
218 521 0.25
218 530 0.0625
218 555 0.0625
219 222 0.78125
219 223 0.117188
219 555 0.0625
220 223 0.78125
220 224 0.195312
220 265 0.0625
221 224 0.78125
221 225 0.078125
221 268 0.0625
221 272 0.1875
222 225 0.78125
222 226 0.078125
222 529 0.5625
222 530 0.3125
223 226 0.742188
223 227 0.234375
224 227 0.820312
224 228 0.117188
224 236 0.1875
224 265 0.0625
224 268 0.0625
224 269 0.0625
224 274 0.1875
224 279 0.0625
224 283 0.125
225 228 0.664062
225 229 0.0390625
225 529 0.0625
226 229 0.78125
226 230 0.546875
226 231 0.0390625
226 529 0.125
226 531 0.1875
226 532 0.0625
226 535 0.125
227 230 0.742188
227 231 0.15625
227 236 0.0625
228 274 0.0625
228 278 0.125
231 234 0.4375
232 282 0.375
233 282 0.4375
234 282 0.25
235 282 1.5625
235 325 0.3125
236 282 0.0625
237 265 0.375
237 283 1.1875
237 284 1.5625
238 284 1.375
238 286 0.0625
239 258 0.25
239 261 0.0625
239 262 0.0625
239 265 0.0625
239 284 0.25
239 285 1.6875
239 286 0.0625
240 243 0.117188
240 244 0.0390625
240 258 0.3125
240 286 1.375
241 244 0.78125
241 254 0.5625
241 258 0.0625
241 286 1.1875
241 287 0.0625
242 245 0.78125
242 246 0.390625
242 286 0.5625
242 287 0.1875
242 288 0.125
242 329 0.875
242 330 0.125
242 331 0.0625
243 246 0.78125
243 247 0.078125
243 286 0.1875
244 247 0.78125
244 248 0.78125
244 249 0.117188
244 257 0.1875
244 258 0.125
244 261 0.0625
244 445 0.0625
245 248 0.742188
245 249 0.0390625
245 254 0.4375
245 288 0.1875
245 289 0.125
245 290 0.0625
245 296 0.1875
245 299 0.0625
245 331 0.0625
246 331 0.5625
246 332 0.3125
246 333 0.1875
246 611 0.25
247 445 0.25
247 449 0.0625
247 611 0.3125
248 445 0.0625
248 448 0.0625
248 611 0.0625
249 253 0.0390625
249 445 0.0625
250 253 0.820312
250 254 0.078125
251 254 0.78125
251 255 0.15625
251 299 0.0625
252 255 0.742188
252 256 0.078125
252 418 0.0625
252 419 0.125
252 422 0.3125
253 256 0.78125
253 257 0.273438
253 422 0.25
253 444 0.125
254 257 0.664062
254 258 0.15625
254 287 0.375
254 288 0.125
254 299 0.375
255 258 0.78125
255 259 0.15625
255 299 0.125
255 302 0.1875
255 303 0.0625
255 306 0.0625
255 415 0.0625
255 419 0.125
256 259 0.703125
256 260 0.078125
256 419 0.0625
256 422 0.0625
256 423 0.125
257 260 0.703125
257 261 0.195312
257 432 0.25
257 441 0.3125
257 444 0.125
258 261 0.78125
258 262 0.0390625
258 285 0.125
258 287 0.3125
259 262 0.742188
259 263 0.078125
259 285 0.0625
259 306 0.0625
259 307 0.0625
259 310 0.0625
259 324 0.0625
259 423 0.0625
260 263 0.78125
260 426 0.0625
260 432 0.1875
261 264 0.78125
261 265 0.234375
261 432 0.1875
261 436 0.0625
262 265 0.78125
262 266 0.117188
262 307 0.3125
263 266 0.78125
263 267 0.195312
264 267 0.78125
264 268 0.0390625
264 431 0.0625
264 432 0.25
264 433 0.125
265 268 0.78125
266 269 0.742188
266 270 0.117188
266 276 0.0625
266 279 0.1875
266 283 0.0625
266 307 0.125
266 311 0.0625
266 314 0.25
267 270 0.78125
267 271 0.117188
267 427 0.3125
268 271 0.898438
269 272 0.742188
269 273 0.664062
269 274 0.15625
269 279 0.1875
270 273 0.742188
270 274 0.078125
270 314 0.25
271 523 0.0625
272 523 0.4375
274 278 0.25
274 279 0.125
275 278 1.3125
275 279 0.125
276 279 1.25
276 280 0.125
276 314 0.0625
276 316 0.125
277 281 0.125
277 316 0.5625
277 317 0.375
277 318 0.25
277 321 0.25
279 282 1.25
279 283 0.125
280 283 0.375
280 321 0.3125
281 318 0.0625
281 320 0.0625
281 321 0.125
281 325 0.25
282 325 0.3125
283 325 0.25
284 325 1.25
285 307 0.625
285 324 0.375
285 325 0.125
285 326 1.5
285 327 0.1875
286 326 0.125
286 327 1.375
286 328 0.0625
286 329 0.1875
287 300 0.1875
287 303 0.0625
287 324 0.125
287 326 0.4375
287 327 0.0625
287 328 1.25
287 329 0.0625
288 296 0.1875
288 299 0.1875
288 329 1.1875
289 296 0.375
289 300 0.0625
289 328 0.125
289 329 0.125
289 330 1.25
289 331 0.1875
289 350 0.5625
289 353 0.0625
289 354 0.125
290 296 0.125
290 331 0.0625
290 350 0.375
291 334 0.0625
291 346 0.1875
291 350 0.25
292 295 0.9375
292 296 0.117188
293 296 0.78125
293 297 0.078125
293 349 0.0625
293 352 0.25
293 353 0.3125
293 356 0.125
293 402 0.0625
294 297 0.78125
294 298 0.078125
294 402 0.125
294 407 0.1875
294 408 0.0625
294 411 0.25
295 298 0.820312
295 299 0.078125
295 415 0.25
296 299 0.9375
296 300 0.0390625
297 300 0.664062
297 301 0.117188
297 353 0.0625
297 408 0.0625
298 301 0.78125
298 302 0.078125
298 408 0.0625
298 411 0.1875
298 412 0.25
298 415 0.0625
299 302 0.78125
299 303 0.078125
299 415 0.0625
300 303 0.664062
300 304 0.195312
300 354 0.0625
300 357 0.1875
301 304 0.820312
301 305 0.0390625
301 400 0.375
301 403 0.0625
301 409 0.5625
301 412 0.25
302 305 0.78125
302 306 0.078125
302 412 0.125
302 415 0.0625
303 306 0.78125
303 307 0.078125
303 324 0.125
304 307 0.664062
304 308 0.078125
304 357 0.1875
304 358 0.1875
305 308 0.78125
305 309 0.078125
305 412 0.0625
306 309 0.78125
306 310 0.15625
306 416 0.0625
306 419 0.0625
306 420 0.0625
307 310 0.78125
307 311 0.3125
307 321 0.0625
307 322 1.125
307 323 0.25
307 324 0.25
308 311 0.664062
308 312 0.078125
308 322 0.3125
309 312 0.78125
309 313 0.117188
309 420 0.4375
310 313 0.117188
310 314 0.078125
310 420 0.1875
311 314 0.117188
311 316 0.078125
311 321 0.1875
311 322 0.125
312 315 0.0390625
312 316 0.0390625
312 322 0.1875
313 420 0.0625
316 321 0.125
316 322 0.0625
318 321 0.25
319 322 1.1875
320 323 0.375
324 360 0.0625
325 360 0.25
326 359 1.375
326 360 1.4375
326 361 0.0625
327 359 0.1875
327 361 1.8125
327 362 0.1875
327 363 0.0625
328 354 0.0625
328 359 0.25
328 361 0.0625
328 362 1.25
328 363 0.0625
329 363 1.5
329 365 0.0625
330 347 0.125
330 350 0.625
330 363 0.125
330 364 0.25
330 365 0.375
331 334 0.25
331 335 0.0625
331 350 0.0625
331 365 0.1875
332 335 0.25
332 365 0.0625
332 369 0.375
333 452 0.125
333 456 0.125
333 611 0.8125
334 346 0.125
334 350 0.25
335 343 0.625
335 346 0.0625
335 347 0.125
335 365 0.0625
335 366 0.0625
335 369 0.1875
336 340 0.0625
336 343 0.3125
336 346 0.125
336 370 0.1875
336 463 0.125
336 466 0.125
337 340 0.125
337 370 0.125
337 371 0.0625
338 465 0.125
338 466 0.0625
338 470 0.1875
338 474 0.6875
338 706 0.25
339 342 0.351562
339 471 0.125
339 474 0.0625
340 343 0.195312
340 367 0.25
341 344 0.117188
341 367 0.0625
341 377 0.0625
342 345 0.78125
342 346 0.195312
342 464 0.0625
343 346 0.859375
343 347 0.117188
343 367 0.25
344 347 0.664062
344 348 0.078125
344 381 0.0625
345 348 0.78125
345 349 0.078125
346 349 0.78125
346 350 0.15625
346 463 0.125
346 464 0.125
347 350 0.820312
347 351 0.078125
347 364 0.1875
347 365 0.125
348 351 0.78125
348 352 0.15625
348 385 0.0625
349 352 0.820312
349 353 0.0390625
350 353 0.78125
350 354 0.0390625
351 354 0.78125
351 355 0.195312
351 364 0.0625
351 389 0.1875
352 355 0.859375
352 356 0.234375
352 389 0.0625
353 356 0.742188
353 357 0.0390625
354 357 0.742188
354 358 0.742188
354 359 0.15625
354 362 0.0625
355 358 0.078125
355 362 0.0625
356 395 0.0625
356 402 0.375
358 399 0.3125
358 400 0.0625
362 386 0.8125
363 386 0.1875
364 382 0.375
364 386 0.3125
365 369 0.25
365 382 0.125
366 369 0.125
366 374 0.125
366 378 0.5
366 379 0.0625
366 382 0.0625
367 378 0.0625
368 371 1.25
368 372 0.25
368 373 0.0625
368 374 0.125
368 375 0.0625
368 378 0.375
370 686 0.125
370 706 0.0625
371 477 0.0625
371 479 0.0625
371 686 0.1875
371 688 0.0625
372 479 0.0625
372 480 0.0625
373 480 0.125
374 378 0.15625
374 480 0.0625
375 378 0.820312
375 379 0.078125
375 478 0.0625
375 479 0.0625
376 379 0.78125
376 380 0.078125
377 380 0.78125
377 381 0.15625
378 381 0.78125
378 382 0.078125
379 382 0.78125
379 383 0.117188
380 383 1.01562
380 384 0.351562
381 384 0.78125
381 385 0.15625
382 385 0.78125
383 386 0.78125
383 387 0.195312
384 387 0.820312
384 388 0.078125
385 388 0.703125
385 389 0.117188
386 389 0.78125
386 390 0.078125
387 390 0.78125
387 391 0.3125
388 391 0.742188
388 392 1.01562
389 392 0.664062
389 393 0.195312
389 395 0.0625
394 397 0.5
398 401 0.0625
400 403 0.1875
402 405 0.125
403 409 0.195312
404 409 0.117188
405 408 0.898438
405 409 0.117188
406 409 0.664062
406 410 0.078125
407 410 0.78125
407 411 0.273438
408 411 0.78125
408 412 0.15625
409 412 0.859375
409 413 0.078125
410 413 0.78125
410 414 0.46875
411 414 0.820312
411 415 0.15625
412 415 0.78125
412 416 0.078125
413 416 0.78125
413 417 0.820312
414 417 0.859375
414 418 0.117188
415 418 0.742188
415 419 0.078125
416 419 0.703125
416 420 0.078125
417 420 0.78125
417 421 0.0390625
418 421 0.742188
418 422 0.117188
419 422 0.78125
419 423 0.15625
420 423 0.78125
420 424 0.429688
421 424 0.820312
421 425 0.0390625
422 425 0.78125
422 426 0.117188
422 444 0.0625
423 426 0.78125
423 427 0.078125
424 427 0.78125
424 428 0.117188
425 428 0.78125
425 429 0.0390625
426 429 0.820312
426 430 0.703125
426 431 0.15625
426 432 0.117188
427 430 0.0390625
431 434 0.78125
431 435 0.078125
432 435 0.820312
432 436 0.273438
433 436 0.742188
433 437 0.0390625
434 437 0.742188
434 438 0.0390625
435 438 0.703125
435 441 0.1875
436 439 0.0390625
436 441 0.0625
438 563 0.4375
439 442 0.664062
439 443 0.15625
440 443 0.78125
440 444 0.078125
441 444 0.78125
441 445 0.15625
442 445 0.78125
442 446 0.234375
442 610 0.25
443 446 0.78125
443 447 0.234375
443 563 0.125
443 565 0.0625
444 447 0.742188
444 448 0.0390625
445 448 0.78125
445 449 0.078125
446 449 0.820312
446 450 0.078125
446 563 0.0625
446 565 0.1875
446 614 0.375
447 450 0.78125
447 451 0.234375
447 565 0.125
447 568 0.0625
448 451 0.820312
448 452 0.117188
449 452 0.78125
449 453 0.078125
449 611 0.0625
450 453 0.78125
450 454 0.0390625
450 568 0.0625
450 569 0.0625
450 615 0.0625
451 454 0.78125
451 455 0.273438
451 568 0.0625
451 572 0.375
452 455 0.78125
452 456 0.15625
453 456 0.78125
453 457 0.351562
453 569 0.1875
453 615 0.125
453 710 0.0625
454 457 0.742188
454 458 0.117188
454 569 0.1875
454 572 0.125
455 458 0.78125
455 459 0.742188
455 460 0.820312
455 461 0.117188
455 572 0.4375
456 459 0.0390625
456 461 0.078125
456 467 0.375
457 569 0.3125
457 708 0.0625
457 709 0.4375
457 710 0.25
458 573 0.375
458 576 0.0625
459 467 0.0625
460 573 0.125
461 467 0.0625
462 467 0.3125
463 466 1.5
463 467 1.3125
464 468 1.1875
465 468 0.0625
465 469 0.0625
465 470 0.1875
466 470 0.5
466 707 0.125
471 474 0.1875
477 690 0.0625
481 661 0.0625
483 486 0.78125
483 487 0.078125
484 487 0.78125
484 488 0.078125
485 488 0.78125
485 489 0.078125
486 489 0.78125
486 490 0.117188
487 490 0.78125
487 491 0.117188
488 491 0.78125
488 492 0.273438
489 492 0.78125
489 493 0.078125
490 493 0.742188
490 494 0.117188
491 494 0.859375
491 495 0.117188
492 495 0.78125
492 496 0.117188
493 496 0.742188
493 497 0.078125
494 497 0.78125
494 498 0.078125
495 498 0.78125
495 499 0.117188
495 543 0.0625
496 499 0.78125
496 500 0.078125
497 500 0.78125
497 501 0.390625
498 501 0.742188
498 502 0.15625
498 541 0.25
498 543 0.0625
499 502 0.117188
499 543 0.0625
499 546 0.25
502 507 0.234375
502 541 0.3125
502 542 0.0625
502 546 0.5
503 506 0.976562
503 507 0.078125
504 507 0.78125
504 508 0.078125
505 508 0.78125
505 509 0.078125
506 509 0.664062
506 510 0.078125
507 510 0.78125
507 511 0.195312
507 540 0.0625
508 511 0.78125
508 512 0.273438
509 512 0.742188
509 513 0.078125
510 513 0.742188
510 514 0.078125
510 537 0.125
511 514 0.78125
511 515 0.0390625
511 542 0.0625
511 546 0.1875
511 550 0.0625
512 515 0.78125
512 516 0.078125
513 516 0.820312
513 517 0.078125
513 533 0.1875
514 517 0.78125
514 518 0.078125
514 533 0.1875
514 534 0.0625
514 537 0.0625
514 550 0.0625
514 551 0.125
515 518 0.78125
515 519 0.0390625
515 550 0.4375
515 553 0.0625
515 554 0.0625
516 519 0.742188
516 520 0.351562
516 528 0.375
517 520 0.78125
517 528 0.125
517 530 0.0625
517 533 0.0625
518 554 0.3125
518 555 0.1875
519 554 0.125
520 528 0.375
521 528 0.0625
522 525 0.3125
522 528 0.25
525 528 1.625
526 529 0.0625
527 532 0.078125
527 533 0.078125
528 533 0.117188
529 532 0.820312
529 533 0.15625
530 533 0.78125
530 534 0.117188
531 534 0.78125
531 535 0.15625
532 535 0.742188
532 536 0.3125
533 536 0.78125
533 537 0.078125
534 537 0.820312
534 538 0.0390625
534 547 0.0625
535 538 0.742188
535 539 0.117188
536 539 0.898438
536 540 0.078125
537 540 0.78125
537 541 0.664062
537 542 0.078125
537 547 0.0625
538 541 0.0390625
542 546 0.234375
542 547 0.0390625
543 546 1.13281
543 547 0.195312
544 547 0.742188
544 548 0.15625
545 548 0.820312
545 549 0.195312
546 549 0.78125
546 550 0.078125
547 550 0.78125
547 551 0.078125
548 551 0.78125
548 552 0.078125
549 552 0.859375
549 553 0.078125
550 553 0.078125
551 554 0.742188
551 555 0.195312
552 555 0.742188
552 556 0.078125
552 557 0.429688
562 629 0.0625
563 614 0.125
564 614 0.0625
564 629 0.0625
565 618 0.3125
566 618 0.0625
566 622 0.0625
567 570 1.0625
567 571 0.0625
567 622 0.0625
568 571 1.125
568 572 0.0625
568 622 0.0625
569 572 0.0625
569 619 0.1875
569 622 0.3125
569 710 0.0625
569 711 0.0625
570 574 0.0625
570 583 0.125
570 622 0.5
571 574 0.125
576 579 0.78125
576 580 0.078125
577 580 0.78125
577 581 0.078125
578 581 0.78125
578 582 0.078125
578 711 0.25
578 715 0.0625
579 582 0.78125
579 583 0.273438
579 623 0.0625
579 711 0.0625
580 583 0.78125
580 584 0.15625
581 584 0.78125
581 585 0.234375
581 715 0.4375
582 585 0.78125
582 586 0.117188
582 711 0.0625
582 715 0.125
583 586 0.78125
583 587 0.15625
583 622 0.25
583 623 0.0625
584 587 0.78125
584 588 0.117188
585 588 0.78125
585 589 0.078125
585 715 0.0625
585 718 0.0625
586 589 0.78125
586 590 0.0390625
586 623 0.1875
586 624 0.1875
586 625 0.0625
587 590 0.78125
587 591 0.078125
588 591 0.78125
588 592 0.078125
588 722 0.0625
589 592 0.78125
589 593 0.273438
589 595 0.742188
589 596 0.078125
589 597 0.15625
589 649 0.25
589 721 0.125
589 722 0.0625
589 725 0.125
590 593 0.703125
590 594 0.742188
590 595 0.117188
590 596 0.078125
592 722 0.1875
593 722 0.125
593 725 0.0625
593 726 0.3125
595 647 0.4375
595 649 0.5
596 624 0.75
596 626 0.0625
596 649 0.125
597 625 1.5625
597 626 0.125
597 649 0.3125
598 626 1.5
598 628 0.125
598 646 0.1875
598 647 0.125
598 648 1.625
598 649 1.25
598 650 0.125
599 626 0.125
599 627 1.1875
599 628 0.1875
599 650 1.5
599 651 0.0625
599 652 0.0625
599 717 0.0625
600 628 1.3125
600 639 0.125
600 642 0.1875
600 643 0.125
600 648 0.0625
600 651 1.3125
600 652 0.1875
601 613 0.375
601 616 0.25
601 617 0.125
601 627 0.0625
601 628 0.125
601 629 1.0625
601 630 0.0625
601 652 1.25
602 639 0.0625
602 651 0.0625
602 653 1.1875
602 654 0.125
603 607 0.375
603 609 0.1875
603 613 0.1875
603 631 0.125
603 632 1.0625
603 633 1.0625
603 634 0.1875
603 654 0.25
604 607 0.0625
604 634 1.3125
604 636 0.0625
604 639 0.125
604 653 0.125
604 663 0.3125
604 667 0.0625
605 632 1.0625
605 633 0.25
606 633 0.125
607 632 0.0625
607 654 0.0625
607 655 0.25
607 656 0.3125
607 657 0.1875
609 656 0.1875
610 613 0.78125
610 614 0.117188
611 614 0.703125
611 615 0.117188
612 615 0.820312
612 616 0.117188
612 654 0.0625
613 616 0.78125
613 617 0.078125
613 629 0.125
613 630 0.125
614 617 0.742188
614 618 0.078125
615 618 0.703125
615 619 0.078125
616 619 0.78125
616 620 0.15625
616 710 0.125
617 620 0.78125
617 621 0.078125
617 627 0.1875
617 629 0.0625
618 621 0.78125
618 622 0.195312
619 622 0.78125
619 623 0.117188
619 710 0.0625
620 623 0.78125
620 624 0.664062
620 625 0.429688
620 627 0.125
620 710 0.1875
620 713 0.4375
620 714 0.3125
620 717 0.0625
621 624 0.0390625
621 625 0.0390625
623 714 0.0625
625 714 0.0625
625 718 0.0625
628 646 0.0625
628 648 0.0625
631 634 0.3125
631 642 0.0625
634 638 0.390625
634 639 0.273438
634 642 0.25
635 638 1.05469
635 639 0.078125
636 639 0.78125
636 640 0.078125
636 666 0.25
636 667 0.0625
637 640 0.742188
637 641 0.0390625
637 670 0.5625
638 641 0.820312
638 642 0.078125
639 642 0.78125
639 643 0.078125
639 651 0.0625
639 667 0.0625
640 643 0.78125
640 644 0.117188
640 670 0.3125
640 671 0.0625
640 674 0.25
641 644 0.820312
641 645 0.195312
641 674 0.0625
642 645 0.78125
642 646 0.078125
643 646 0.703125
643 647 0.742188
643 648 0.117188
643 651 0.0625
643 671 0.0625
644 647 0.0390625
644 674 0.0625
644 676 0.0625
647 676 0.1875
648 679 0.1875
649 678 0.0625
649 679 1.1875
649 721 0.125
649 725 0.0625
650 680 1.375
651 667 0.0625
651 679 0.0625
651 680 0.125
651 681 1.1875
651 682 0.0625
652 682 1.25
653 667 0.0625
653 682 0.25
653 683 1.1875
653 684 0.125
654 684 1.25
655 659 0.0625
655 660 0.0625
655 684 0.25
655 685 1.1875
655 686 0.0625
656 685 0.0625
659 662 0.703125
659 663 0.15625
660 663 0.664062
660 664 0.117188
660 665 0.0390625
660 687 0.0625
660 691 0.3125
660 695 0.0625
661 665 0.117188
661 691 0.0625
661 694 0.25
661 698 0.0625
662 665 0.78125
662 666 0.0390625
663 666 0.78125
663 667 0.0390625
664 667 0.78125
664 668 0.078125
664 683 0.125
664 695 0.0625
665 668 0.78125
665 669 0.195312
665 698 0.5625
666 669 0.78125
666 670 0.078125
667 670 0.78125
667 671 0.195312
667 681 0.1875
668 671 0.898438
668 672 0.351562
668 676 0.125
668 677 0.1875
668 679 0.25
668 680 0.0625
668 681 0.1875
668 698 0.125
669 672 0.78125
669 673 0.078125
670 673 0.78125
670 674 0.117188
671 674 0.78125
671 675 0.664062
671 676 0.195312
671 679 0.0625
671 681 0.0625
672 675 0.703125
672 677 0.078125
676 679 0.5
680 724 0.0625
681 699 0.125
681 700 1.1875
681 701 0.1875
682 702 1.375
682 704 0.0625
682 717 0.0625
683 687 0.0625
683 700 0.0625
683 702 0.0625
683 703 1.1875
683 704 0.0625
684 687 0.125
684 704 1.1875
685 704 0.0625
685 705 1.25
685 706 0.125
687 691 0.0625
687 692 0.25
687 695 0.0625
687 705 0.0625
688 691 0.1875
688 692 0.25
689 692 0.625
691 694 0.78125
691 695 0.117188
692 695 0.78125
692 696 0.273438
692 703 0.3125
692 705 0.125
693 696 0.859375
693 697 0.078125
694 697 0.859375
694 698 0.234375
695 698 0.78125
695 699 0.664062
695 700 0.117188
695 703 0.0625
696 699 0.703125
696 700 0.117188
696 703 0.0625
701 720 0.1875
702 716 0.375
702 720 0.375
704 708 0.25
704 713 0.25
704 716 0.1875
704 717 0.125
705 708 0.25
708 713 0.0390625
709 712 1.17188
709 713 0.078125
710 713 0.898438
710 714 0.078125
711 714 0.78125
711 715 0.117188
712 715 0.742188
712 716 0.0390625
713 716 0.820312
713 717 0.078125
714 717 0.78125
714 718 0.117188
715 718 0.664062
715 719 0.234375
716 719 0.78125
716 720 0.117188
717 720 0.78125
717 721 0.117188
718 721 0.78125
718 722 0.117188
719 722 0.78125
719 723 0.078125
720 723 0.78125
720 724 0.0390625
721 724 0.78125
721 725 0.15625
722 725 0.742188
722 726 0.429688
723 726 0.664062
723 727 0.0390625
724 727 0.0390625
