>ENA|CAA49469|CAA49469.1 Saccharomyces cerevisiae (baker's yeast) glutamine amidotransferase
1, 5.17
2, 13.6
3, 17.54
4, 18.02
5, 9.97
6, 14.67
7, 16.05
8, 28.97
9, 23.05
10, 23.05
11, 22.17
12, 20.53
13, 20.43
14, 20.27
15, 30.28
16, 30.28
17, 38.02
18, 34.91
19, 36.26
20, 38.1
21, 27.92
22, 36.46
23, 35.79
24, 25.83
25, 13.62
26, 17.79
27, 18.13
28, 26.71
29, 27.27
30, 38.66
31, 43.08
32, 44.7
33, 40.14
34, 33.62
35, 42.12
36, 39.35
37, 34.57
38, 41.93
39, 42.78
40, 37.9
41, 33.54
42, 43.01
43, 47.2
44, 43.16
45, 41.01
46, 43.5
47, 34.16
48, 29.3
49, 30.94
50, 28.42
51, 25.63
52, 17.33
53, 24.37
54, 33.74
55, 30.07
56, 37.93
57, 47.12
58, 58.89
59, 52.53
60, 51.08
61, 51.96
62, 44.94
63, 39.55
64, 39.55
65, 47.11
66, 40.15
67, 42.37
68, 40.71
69, 40.89
70, 38.08
71, 23.72
72, 16.3
73, 13.6
74, 2.48
75, 3.9
76, 4.19
77, -4.33
78, 1.58
79, 0.45
80, 2.34
81, -1.57
82, -9.39
83, -13.33
84, -2.19
85, -1.17
86, -4.31
87, -12.93
88, 0.87
89, 15.41
90, 15.41
91, 11.95
92, 12.2
93, 12.2
94, 15.44
95, 3.14
96, 13.84
97, 18.34
98, 25.76
99, 34.59
100, 34.7
101, 33.09
102, 36.45
103, 45.85
104, 53.08
105, 44.83
106, 45.35
107, 43.74
108, 52.43
109, 51.71
110, 53.91
111, 61.14
112, 59.97
113, 48.5
114, 50.13
115, 43.32
116, 32.13
117, 34.26
118, 32.82
119, 32.56
120, 34.47
121, 32.27
122, 41
123, 33.06
124, 26.35
125, 21.78
126, 14.27
127, 17.25
128, 7.48
129, 8.55
130, 16.95
131, 13.44
132, 22.92
133, 32.23
134, 33.89
135, 36.38
136, 32.7
137, 29.87
138, 25.6
139, 29.67
140, 25.37
141, 35.89
142, 42.08
143, 37.45
144, 31.11
145, 42.13
146, 49.32
147, 38.41
148, 39.23
149, 37.34
150, 37.16
151, 44.06
152, 40.28
153, 50.56
154, 50.78
155, 43.52
156, 34.3
157, 46.83
158, 44.3
159, 26.97
160, 39.6
161, 46.6
162, 44.59
163, 33.59
164, 43.48
165, 33.74
166, 27.4
167, 17.6
168, 16.02
169, 18.88
170, 10.83
171, 2.34
172, 12.65
173, 18.45
174, 4.73
175, -2.15
176, 12.54
177, 3.2
178, 10.9
179, 9.13
180, 19.39
181, 25.4
182, 33.46
183, 44.24
184, 56.55
185, 58.11
186, 48.4
187, 49.41
188, 57.64
189, 40.1
190, 40.34
191, 50.09
192, 58.44
193, 50.55
194, 53.69
195, 51.72
196, 46.14
197, 45.58
198, 34.88
199, 35.93
200, 36.07
201, 24.84
202, 19.76
203, 23.92
204, 20.18
205, 23.1
206, 23.1
207, 13.59
208, 19.2
209, 4.02
210, 15.8
211, 11.22
212, 10.34
213, 3.95
214, 3.8
215, 11.11
216, 9.46
217, 6.12
218, 18.57
219, 14.06
220, 17.18
221, 18.3
222, 18.62
223, 34.98
224, 44.92
225, 42.21
226, 54.96
227, 43.35
228, 47.16
229, 40.79
230, 44.97
231, 46.2
232, 48.35
233, 36.91
234, 39.07
235, 39.07
236, 47.27
237, 50.38
238, 53.6
239, 51.57
240, 50.52
241, 49.71
242, 51.05
243, 53.53
244, 62.56
245, 57.32
246, 64.61
247, 67.15
248, 58.37
249, 60.41
250, 72.15
251, 66.25
252, 65.93
253, 66.25
254, 65.23
255, 73.49
256, 73.49
257, 74.95
258, 66.87
259, 57.43
260, 57.81
261, 49.23
262, 50.98
263, 50.57
264, 47.01
265, 55.75
266, 50.94
267, 41.19
268, 46.41
269, 43.82
270, 36.76
271, 37.32
272, 24.27
273, 25.82
274, 9.92
275, 21.62
276, 34.34
277, 25.44
278, 33.37
279, 35.36
280, 36.9
281, 48.16
282, 37.37
283, 40.15
284, 52.86
285, 52.04
286, 56.25
287, 61.72
288, 60.02
289, 67.92
290, 67.96
291, 69.18
292, 69.18
293, 67.27
294, 64.58
295, 64.67
296, 55.95
297, 35.96
298, 36.76
299, 34.81
300, 35.17
301, 34.64
302, 29.62
303, 22.38
304, 10.48
305, 11.65
306, 7.37
307, 2.37
308, 13.74
309, 12.29
310, 15.91
311, 23.36
312, 19.96
313, 29.69
314, 35.67
315, 24.19
316, 24.87
317, 15.15
318, 16.16
319, 23.56
320, 19.42
321, 30.24
322, 32.81
323, 40.88
324, 35.42
325, 28.98
326, 28.64
327, 18.94
328, 18.2
329, 24.98
330, 25.25
331, 38.39
332, 49.09
333, 55.11
334, 58.43
335, 49.79
336, 44.17
337, 44.19
338, 46.14
339, 46.45
340, 46.97
341, 53.96
342, 60.65
343, 60.65
344, 62.28
345, 55.24
346, 46.46
347, 46.27
348, 34.17
349, 34.79
350, 34.79
351, 33.27
352, 39.16
353, 41.6
354, 42.78
355, 42.54
356, 41.57
357, 34
358, 27.69
359, 8.68
360, 11.87
361, 20.92
362, 21.5
363, 34.71
364, 26.03
365, 36.82
366, 29.07
367, 22.54
368, 27.39
369, 29.75
370, 25.11
371, 16.3
372, 10.34
373, 2.48
374, -0.32
375, 5.27
376, 16.14
377, 7.82
378, 7.82
379, 16.82
380, 1.83
381, 4.8
382, 3.85
383, 10.95
384, 22.39
385, 25.71
386, 18.18
387, 13.98
388, 27.48
389, 19.55
390, 33.09
391, 36.79
392, 34.81
393, 31.09
394, 36.62
395, 32.36
396, 32.76
397, 40.71
398, 44.85
399, 34.48
400, 23.94
401, 12.78
402, 11.21
403, 11.21
404, 15.68
405, 2.09
406, 9.97
407, 9.56
408, 13.46
409, 6.52
410, 5.65
411, -2.62
412, -0.98
413, -8.52
414, -21.26
415, -24.04
416, -21.12
417, -17.71
418, -12.84
419, -22.05
420, -11.33
421, -5.87
422, 10.62
423, 2.31
424, -5.35
425, 3.27
426, 7.14
427, 21.54
428, 34.93
429, 36.22
430, 47.25
431, 52.47
432, 42.67
433, 49.59
434, 46.25
435, 46.25
436, 53.24
437, 54.29
438, 54.13
439, 50.59
440, 55.73
441, 54.43
442, 55.24
443, 61.49
444, 52.29
445, 51.38
446, 50.79
447, 38.27
448, 34.37
449, 43
450, 43.2
451, 51.4
452, 45.63
453, 39.2
454, 29.92
455, 20.86
456, 16.06
457, 20.25
458, 16.29
459, 13.59
460, 13.25
461, 20.95
462, 20.95
463, 18.51
464, 29.79
465, 36.19
466, 38.35
467, 38.26
468, 28.62
469, 40.45
470, 43.2
471, 51.09
472, 62.63
473, 71.86
474, 61.52
475, 62.67
476, 53.09
477, 53.89
478, 45.54
479, 36.95
480, 39.66
481, 35.8
482, 39.5
483, 30.79
484, 20.88
485, 22.65
486, 20.9
487, 16.54
488, 7.8
489, 12.4
490, 8.58
491, 11.33
492, 22.49
493, 16.56
494, 9.69
495, 9.77
496, 9.8
497, -0.59
498, -4.54
499, -7.71
500, -5.28
501, 3.56
502, 9.39
503, 1.05
504, 10.22
505, 20.31
506, 13.29
507, 17.76
508, 21.41
509, 9.17
510, 18.65
511, 30.03
512, 39.81
513, 50.86
514, 53.25
515, 59.27
516, 72.26
517, 65.59
518, 65.59
519, 58.29
520, 52.53
521, 33.36
522, 29.04
523, 34.55
524, 24.54
525, 12.89
526, 13.77
527, 14.37
528, 12.62
529, 1.18
530, -3.31
531, 9.75
532, 6.16
533, 7.03
534, 19.77
535, 4.59

