nresidues = 226
0 24 0.142802
0 25 0.571208
0 26 0.571208
1 25 3.57005
1 26 0.142802
2 26 2.85604
2 28 0.142802
2 42 0.142802
3 20 0.428406
3 25 0.428406
3 26 0.428406
3 27 2.71324
3 28 0.285604
3 43 2.99884
3 45 0.285604
3 208 0.142802
4 28 3.14165
4 30 0.285604
4 36 0.142802
4 40 0.142802
4 41 1.14242
4 43 0.428406
4 44 2.99884
4 45 0.428406
5 16 0.142802
5 20 0.142802
5 27 0.142802
5 28 0.285604
5 29 2.85604
5 30 0.428406
5 45 2.71324
5 47 0.285604
6 30 2.85604
6 44 0.142802
6 45 0.428406
6 46 0.428406
6 47 0.285604
6 59 0.142802
6 68 0.285604
7 13 0.571208
7 30 0.428406
7 31 1.14242
7 62 0.142802
8 55 0.428406
8 58 0.856813
8 62 0.856813
9 31 0.714011
9 62 1.14242
10 49 0.142802
10 54 0.142802
11 49 0.142802
12 15 0.357005
12 195 0.285604
13 16 1.51727
13 17 0.446255
13 29 0.142802
13 47 0.285604
14 17 2.14203
14 18 0.535508
15 18 1.87428
15 19 0.178503
15 194 0.571208
15 195 0.571208
16 19 1.78503
16 20 0.446255
16 45 0.142802
16 47 0.285604
16 81 0.142802
16 194 0.142802
17 20 1.78503
17 21 0.357005
17 27 0.285604
18 21 1.87428
18 22 0.178503
19 22 1.78503
19 23 0.267755
19 201 0.142802
20 23 1.78503
20 24 1.51727
20 25 1.96353
20 27 0.285604
20 45 0.142802
21 24 1.60652
21 25 0.267755
22 201 0.142802
23 201 0.142802
23 204 0.428406
23 205 0.428406
25 208 1.28522
25 209 0.285604
30 35 0.571208
30 36 0.428406
30 64 0.428406
31 35 0.714011
31 62 0.714011
31 64 0.714011
32 35 0.999615
32 64 0.714011
33 36 0.285604
33 62 0.285604
33 63 0.285604
33 64 0.428406
36 41 0.285604
36 67 0.285604
37 40 2.85604
37 41 0.428406
38 41 0.571208
38 67 0.142802
38 70 0.285604
38 71 0.285604
38 74 0.142802
38 76 0.571208
39 76 0.428406
41 71 0.714011
41 76 0.571208
42 71 0.428406
42 77 0.285604
43 71 0.428406
43 77 2.85604
43 208 0.856813
43 210 0.285604
44 71 0.571208
44 77 0.142802
44 78 3.14165
44 79 0.285604
44 207 0.285604
45 79 3.14165
46 55 0.142802
46 59 0.142802
46 79 0.285604
46 80 2.57044
46 81 0.142802
46 84 0.285604
47 55 0.285604
47 81 2.42764
48 55 0.285604
48 81 2.71324
48 83 0.999615
48 192 0.142802
49 83 0.571208
49 192 0.142802
50 83 0.142802
51 54 2.05278
51 55 0.0892513
51 94 1.14242
51 95 0.571208
52 55 1.78503
52 56 0.446255
52 86 1.14242
52 87 0.142802
52 89 0.142802
52 90 0.142802
52 91 0.856813
52 92 0.571208
52 94 0.285604
52 95 0.571208
52 98 0.428406
52 99 0.714011
52 100 0.142802
53 56 1.69578
53 57 0.714011
53 95 0.285604
53 98 0.285604
54 57 1.51727
54 58 0.0892513
55 58 1.78503
55 59 0.267755
55 83 0.714011
56 59 1.78503
56 60 0.357005
56 99 0.142802
57 60 1.69578
57 61 0.446255
57 98 0.428406
58 61 1.78503
58 62 0.892513
59 62 1.69578
59 63 1.51727
59 64 0.535508
60 63 0.0892513
60 65 0.267755
60 99 0.142802
60 101 0.285604
63 67 0.178503
64 67 2.40979
64 68 0.446255
65 68 1.78503
65 69 0.714011
66 69 1.87428
66 70 0.267755
67 70 1.51727
67 71 0.178503
68 71 1.78503
68 72 0.446255
69 72 1.78503
69 73 0.446255
69 101 0.714011
69 103 0.714011
70 73 1.87428
70 74 0.178503
71 74 1.96353
71 75 1.51727
71 76 0.892513
71 77 0.535508
71 78 0.0892513
72 75 0.0892513
72 103 0.714011
72 185 0.714011
72 186 0.285604
74 185 0.142802
75 185 1.28522
76 185 0.714011
77 185 2.71324
77 207 0.999615
77 210 0.856813
78 185 0.285604
78 186 2.99884
78 187 3.14165
78 207 0.999615
79 187 3.71285
79 188 0.285604
79 193 0.142802
79 207 1.28522
80 84 0.714011
80 188 2.99884
80 189 0.285604
81 189 0.285604
81 191 0.142802
81 192 0.142802
81 193 0.285604
81 194 0.142802
83 86 2.05278
83 87 0.178503
84 87 0.0892513
84 88 0.0892513
85 88 0.357005
85 89 0.267755
85 188 0.999615
85 189 0.714011
85 190 0.285604
86 89 0.535508
86 108 1.14242
86 148 0.285604
86 190 0.714011
87 100 2.85604
87 101 0.571208
88 101 2.57044
88 102 2.85604
88 103 2.99884
88 186 0.142802
88 188 0.142802
89 99 2.42764
89 100 2.71324
89 101 2.57044
89 102 0.285604
89 104 3.71285
89 106 3.14165
89 108 0.142802
89 150 0.285604
89 178 0.285604
90 99 2.85604
90 100 0.142802
90 102 0.285604
90 105 0.142802
90 106 0.285604
90 107 0.285604
91 107 3.28445
91 108 0.142802
92 95 2.85604
92 96 0.142802
92 107 0.142802
92 108 2.99884
93 96 0.285604
93 108 0.428406
93 148 0.285604
94 148 2.14203
95 98 0.714011
96 107 0.142802
102 105 0.142802
103 165 0.428406
104 160 0.142802
104 165 0.285604
106 150 0.428406
106 156 0.428406
108 149 3.42725
109 148 3.28445
109 149 0.856813
109 151 0.571208
110 113 0.714011
110 118 0.571208
110 147 2.85604
110 148 0.571208
110 151 0.285604
111 116 0.142802
111 118 0.285604
111 120 0.428406
111 146 0.714011
111 147 0.571208
111 149 0.142802
111 175 0.999615
111 177 0.571208
112 115 2.71324
112 116 0.999615
112 118 0.142802
112 175 0.571208
113 116 0.571208
113 118 0.428406
115 172 0.142802
115 173 0.714011
115 174 0.999615
116 172 2.14203
116 173 0.142802
116 175 0.571208
117 172 0.856813
118 147 0.571208
119 146 3.42725
119 147 0.714011
120 124 0.571208
120 144 2.85604
120 145 2.71324
120 146 1.28522
120 172 1.57082
120 177 0.285604
121 143 0.285604
121 144 2.71324
122 142 0.142802
122 143 2.99884
122 144 0.856813
123 141 0.999615
123 142 3.57005
123 143 0.856813
123 144 0.142802
123 195 0.428406
123 196 0.856813
124 141 3.14165
124 142 0.142802
124 144 0.571208
124 171 0.571208
125 138 0.142802
125 140 0.142802
125 169 0.142802
125 170 0.285604
126 138 0.428406
126 169 2.99884
127 169 0.428406
128 138 0.285604
129 132 0.428406
132 136 0.142802
132 138 0.285604
133 136 0.856813
133 166 0.714011
133 167 0.285604
133 168 0.142802
133 180 0.571208
133 181 0.856813
133 182 1.14242
133 187 0.571208
133 212 0.856813
134 182 0.428406
134 187 0.999615
134 206 1.42802
134 207 0.285604
134 210 0.285604
134 211 0.285604
134 212 0.285604
134 213 0.285604
135 206 0.142802
135 213 0.428406
136 142 0.428406
136 168 0.142802
136 180 0.142802
136 191 0.285604
136 203 0.142802
136 215 0.142802
137 140 1.28522
137 142 0.142802
137 216 0.285604
137 218 1.14242
139 218 0.571208
139 223 1.28522
140 218 0.142802
141 199 0.142802
142 191 0.999615
142 196 0.856813
142 199 0.285604
142 203 0.285604
143 191 2.99884
143 192 0.142802
143 195 0.285604
143 196 0.285604
144 177 0.428406
144 191 0.999615
145 192 0.285604
146 149 0.285604
146 177 0.142802
146 190 0.999615
148 190 0.142802
149 177 0.285604
150 177 2.85604
150 178 0.714011
151 156 0.142802
151 175 0.285604
151 176 2.99884
152 160 0.142802
152 176 0.428406
152 177 0.142802
152 178 0.571208
153 156 2.14203
153 157 0.178503
154 157 1.60652
154 158 0.535508
155 158 1.78503
155 159 0.535508
156 159 1.78503
156 160 0.357005
157 160 1.78503
157 161 0.178503
157 176 0.714011
158 161 1.78503
158 162 0.446255
159 162 1.78503
159 163 0.357005
160 163 1.87428
160 164 1.60652
160 165 0.62476
160 167 0.285604
160 178 0.142802
161 164 0.0892513
161 165 0.0892513
163 183 0.571208
164 183 0.142802
165 181 0.428406
165 182 3.14165
165 183 1.14242
166 181 2.71324
166 182 0.856813
167 178 0.142802
167 180 2.99884
167 181 0.142802
168 178 2.85604
168 179 2.99884
168 180 0.714011
169 176 0.285604
169 177 2.85604
170 176 2.85604
170 177 1.85643
170 179 0.142802
171 175 2.99884
171 177 0.142802
172 175 0.856813
172 177 0.142802
178 181 0.142802
178 190 0.285604
179 189 2.85604
179 190 0.428406
179 191 0.285604
180 188 2.85604
181 186 0.142802
181 187 2.85604
181 188 0.285604
182 186 3.14165
183 186 0.428406
187 203 0.285604
187 207 0.285604
189 193 0.142802
192 195 3.14165
192 196 0.714011
193 196 0.714011
193 197 0.142802
193 199 2.42764
193 200 3.85566
193 204 0.714011
196 199 1.96353
196 200 0.178503
197 200 1.69578
197 201 0.267755
198 201 1.78503
198 202 0.714011
199 202 1.69578
199 203 0.0892513
200 203 1.78503
200 204 0.178503
201 204 1.78503
201 205 0.178503
202 205 1.87428
202 206 0.535508
203 206 1.78503
203 207 0.178503
204 207 1.78503
204 208 0.446255
205 208 1.78503
205 209 0.803261
206 209 1.60652
206 210 1.69578
206 211 0.981766
206 213 0.856813
207 210 0.62476
218 222 0.62476
218 223 0.178503
219 222 2.40979
219 223 0.267755
220 223 1.60652
220 224 0.178503
221 224 1.78503
221 225 0.178503
222 225 1.87428
