nresidues = 226
0 24 0.0625
0 25 0.25
0 26 0.25
1 25 1.5625
1 26 0.0625
2 26 1.25
2 28 0.0625
2 42 0.0625
3 20 0.1875
3 25 0.1875
3 26 0.1875
3 27 1.1875
3 28 0.125
3 43 1.3125
3 45 0.125
3 208 0.0625
4 28 1.375
4 30 0.125
4 36 0.0625
4 40 0.0625
4 41 0.5
4 43 0.1875
4 44 1.3125
4 45 0.1875
5 16 0.0625
5 20 0.0625
5 27 0.0625
5 28 0.125
5 29 1.25
5 30 0.1875
5 45 1.1875
5 47 0.125
6 30 1.25
6 44 0.0625
6 45 0.1875
6 46 0.1875
6 47 0.125
6 59 0.0625
6 68 0.125
7 13 0.25
7 30 0.1875
7 31 0.5
7 62 0.0625
8 55 0.1875
8 58 0.375
8 62 0.375
9 31 0.3125
9 62 0.5
10 49 0.0625
10 54 0.0625
11 49 0.0625
12 15 0.15625
12 195 0.125
13 16 0.664062
13 17 0.195312
13 29 0.0625
13 47 0.125
14 17 0.9375
14 18 0.234375
15 18 0.820312
15 19 0.078125
15 194 0.25
15 195 0.25
16 19 0.78125
16 20 0.195312
16 45 0.0625
16 47 0.125
16 81 0.0625
16 194 0.0625
17 20 0.78125
17 21 0.15625
17 27 0.125
18 21 0.820312
18 22 0.078125
19 22 0.78125
19 23 0.117188
19 201 0.0625
20 23 0.78125
20 24 0.664062
20 25 0.859375
20 27 0.125
20 45 0.0625
21 24 0.703125
21 25 0.117188
22 201 0.0625
23 201 0.0625
23 204 0.1875
23 205 0.1875
25 208 0.5625
25 209 0.125
30 35 0.25
30 36 0.1875
30 64 0.1875
31 35 0.3125
31 62 0.3125
31 64 0.3125
32 35 0.4375
32 64 0.3125
33 36 0.125
33 62 0.125
33 63 0.125
33 64 0.1875
36 41 0.125
36 67 0.125
37 40 1.25
37 41 0.1875
38 41 0.25
38 67 0.0625
38 70 0.125
38 71 0.125
38 74 0.0625
38 76 0.25
39 76 0.1875
41 71 0.3125
41 76 0.25
42 71 0.1875
42 77 0.125
43 71 0.1875
43 77 1.25
43 208 0.375
43 210 0.125
44 71 0.25
44 77 0.0625
44 78 1.375
44 79 0.125
44 207 0.125
45 79 1.375
46 55 0.0625
46 59 0.0625
46 79 0.125
46 80 1.125
46 81 0.0625
46 84 0.125
47 55 0.125
47 81 1.0625
48 55 0.125
48 81 1.1875
48 83 0.4375
48 192 0.0625
49 83 0.25
49 192 0.0625
50 83 0.0625
51 54 0.898438
51 55 0.0390625
51 94 0.5
51 95 0.25
52 55 0.78125
52 56 0.195312
52 86 0.5
52 87 0.0625
52 89 0.0625
52 90 0.0625
52 91 0.375
52 92 0.25
52 94 0.125
52 95 0.25
52 98 0.1875
52 99 0.3125
52 100 0.0625
53 56 0.742188
53 57 0.3125
53 95 0.125
53 98 0.125
54 57 0.664062
54 58 0.0390625
55 58 0.78125
55 59 0.117188
55 83 0.3125
56 59 0.78125
56 60 0.15625
56 99 0.0625
57 60 0.742188
57 61 0.195312
57 98 0.1875
58 61 0.78125
58 62 0.390625
59 62 0.742188
59 63 0.664062
59 64 0.234375
60 63 0.0390625
60 65 0.117188
60 99 0.0625
60 101 0.125
63 67 0.078125
64 67 1.05469
64 68 0.195312
65 68 0.78125
65 69 0.3125
66 69 0.820312
66 70 0.117188
67 70 0.664062
67 71 0.078125
68 71 0.78125
68 72 0.195312
69 72 0.78125
69 73 0.195312
69 101 0.3125
69 103 0.3125
70 73 0.820312
70 74 0.078125
71 74 0.859375
71 75 0.664062
71 76 0.390625
71 77 0.234375
71 78 0.0390625
72 75 0.0390625
72 103 0.3125
72 185 0.3125
72 186 0.125
74 185 0.0625
75 185 0.5625
76 185 0.3125
77 185 1.1875
77 207 0.4375
77 210 0.375
78 185 0.125
78 186 1.3125
78 187 1.375
78 207 0.4375
79 187 1.625
79 188 0.125
79 193 0.0625
79 207 0.5625
80 84 0.3125
80 188 1.3125
80 189 0.125
81 189 0.125
81 191 0.0625
81 192 0.0625
81 193 0.125
81 194 0.0625
83 86 0.898438
83 87 0.078125
84 87 0.0390625
84 88 0.0390625
85 88 0.15625
85 89 0.117188
85 188 0.4375
85 189 0.3125
85 190 0.125
86 89 0.234375
86 108 0.5
86 148 0.125
86 190 0.3125
87 100 1.25
87 101 0.25
88 101 1.125
88 102 1.25
88 103 1.3125
88 186 0.0625
88 188 0.0625
89 99 1.0625
89 100 1.1875
89 101 1.125
89 102 0.125
89 104 1.625
89 106 1.375
89 108 0.0625
89 150 0.125
89 178 0.125
90 99 1.25
90 100 0.0625
90 102 0.125
90 105 0.0625
90 106 0.125
90 107 0.125
91 107 1.4375
91 108 0.0625
92 95 1.25
92 96 0.0625
92 107 0.0625
92 108 1.3125
93 96 0.125
93 108 0.1875
93 148 0.125
94 148 0.9375
95 98 0.3125
96 107 0.0625
102 105 0.0625
103 165 0.1875
104 160 0.0625
104 165 0.125
106 150 0.1875
106 156 0.1875
108 149 1.5
109 148 1.4375
109 149 0.375
109 151 0.25
110 113 0.3125
110 118 0.25
110 147 1.25
110 148 0.25
110 151 0.125
111 116 0.0625
111 118 0.125
111 120 0.1875
111 146 0.3125
111 147 0.25
111 149 0.0625
111 175 0.4375
111 177 0.25
112 115 1.1875
112 116 0.4375
112 118 0.0625
112 175 0.25
113 116 0.25
113 118 0.1875
115 172 0.0625
115 173 0.3125
115 174 0.4375
116 172 0.9375
116 173 0.0625
116 175 0.25
117 172 0.375
118 147 0.25
119 146 1.5
119 147 0.3125
120 124 0.25
120 144 1.25
120 145 1.1875
120 146 0.5625
120 172 0.6875
120 177 0.125
121 143 0.125
121 144 1.1875
122 142 0.0625
122 143 1.3125
122 144 0.375
123 141 0.4375
123 142 1.5625
123 143 0.375
123 144 0.0625
123 195 0.1875
123 196 0.375
124 141 1.375
124 142 0.0625
124 144 0.25
124 171 0.25
125 138 0.0625
125 140 0.0625
125 169 0.0625
125 170 0.125
126 138 0.1875
126 169 1.3125
127 169 0.1875
128 138 0.125
129 132 0.1875
132 136 0.0625
132 138 0.125
133 136 0.375
133 166 0.3125
133 167 0.125
133 168 0.0625
133 180 0.25
133 181 0.375
133 182 0.5
133 187 0.25
133 212 0.375
134 182 0.1875
134 187 0.4375
134 206 0.625
134 207 0.125
134 210 0.125
134 211 0.125
134 212 0.125
134 213 0.125
135 206 0.0625
135 213 0.1875
136 142 0.1875
136 168 0.0625
136 180 0.0625
136 191 0.125
136 203 0.0625
136 215 0.0625
137 140 0.5625
137 142 0.0625
137 216 0.125
137 218 0.5
139 218 0.25
139 223 0.5625
140 218 0.0625
141 199 0.0625
142 191 0.4375
142 196 0.375
142 199 0.125
142 203 0.125
143 191 1.3125
143 192 0.0625
143 195 0.125
143 196 0.125
144 177 0.1875
144 191 0.4375
145 192 0.125
146 149 0.125
146 177 0.0625
146 190 0.4375
148 190 0.0625
149 177 0.125
150 177 1.25
150 178 0.3125
151 156 0.0625
151 175 0.125
151 176 1.3125
152 160 0.0625
152 176 0.1875
152 177 0.0625
152 178 0.25
153 156 0.9375
153 157 0.078125
154 157 0.703125
154 158 0.234375
155 158 0.78125
155 159 0.234375
156 159 0.78125
156 160 0.15625
157 160 0.78125
157 161 0.078125
157 176 0.3125
158 161 0.78125
158 162 0.195312
159 162 0.78125
159 163 0.15625
160 163 0.820312
160 164 0.703125
160 165 0.273438
160 167 0.125
160 178 0.0625
161 164 0.0390625
161 165 0.0390625
163 183 0.25
164 183 0.0625
165 181 0.1875
165 182 1.375
165 183 0.5
166 181 1.1875
166 182 0.375
167 178 0.0625
167 180 1.3125
167 181 0.0625
168 178 1.25
168 179 1.3125
168 180 0.3125
169 176 0.125
169 177 1.25
170 176 1.25
170 177 0.8125
170 179 0.0625
171 175 1.3125
171 177 0.0625
172 175 0.375
172 177 0.0625
178 181 0.0625
178 190 0.125
179 189 1.25
179 190 0.1875
179 191 0.125
180 188 1.25
181 186 0.0625
181 187 1.25
181 188 0.125
182 186 1.375
183 186 0.1875
187 203 0.125
187 207 0.125
189 193 0.0625
192 195 1.375
192 196 0.3125
193 196 0.3125
193 197 0.0625
193 199 1.0625
193 200 1.6875
193 204 0.3125
196 199 0.859375
196 200 0.078125
197 200 0.742188
197 201 0.117188
198 201 0.78125
198 202 0.3125
199 202 0.742188
199 203 0.0390625
200 203 0.78125
200 204 0.078125
201 204 0.78125
201 205 0.078125
202 205 0.820312
202 206 0.234375
203 206 0.78125
203 207 0.078125
204 207 0.78125
204 208 0.195312
205 208 0.78125
205 209 0.351562
206 209 0.703125
206 210 0.742188
206 211 0.429688
206 213 0.375
207 210 0.273438
218 222 0.273438
218 223 0.078125
219 222 1.05469
219 223 0.117188
220 223 0.703125
220 224 0.078125
221 224 0.78125
221 225 0.078125
222 225 0.820312
